/*--------------------------------*- C++ -*----------------------------------*\
  =========                 |
  \\      /  F ield         | OpenFOAM: The Open Source CFD Toolbox
   \\    /   O peration     | Website:  https://openfoam.org
    \\  /    A nd           | Version:  11
     \\/     M anipulation  |
\*---------------------------------------------------------------------------*/
FoamFile
{
    format      ascii;
    class       volScalarField;
    location    "0.05";
    object      CH4;
}
// * * * * * * * * * * * * * * * * * * * * * * * * * * * * * * * * * * * * * //

dimensions      [0 0 0 0 0 0 0];

internalField   nonuniform List<scalar> 
4000
(
1
1
1
1
1
1
1
1
0.999999
0.999998
0.999997
0.999993
0.999987
0.999974
0.999951
0.999909
0.999829
0.999685
0.999424
0.998958
0.998132
0.996688
0.994201
0.989997
0.983061
0.971982
0.955038
0.930603
0.898717
0.859836
0.815098
0.766022
0.714213
0.661158
0.608119
0.556095
0.505831
0.457845
0.412469
0.369887
0.330176
0.29333
0.259288
0.227946
0.199177
0.172834
0.148767
0.126824
0.106855
0.0887173
0.0722809
0.0574307
0.0440771
0.0322233
0.0222279
0.0137657
0.00690071
0.0029986
0.00125267
0.000502396
0.000196083
6.92234e-05
2.2574e-05
6.85536e-06
2.28615e-06
1.18832e-06
7.58027e-07
4.70512e-07
2.73539e-07
1.46793e-07
7.17493e-08
3.21142e-08
1.34122e-08
5.28455e-09
1.9847e-09
7.16402e-10
2.50144e-10
8.49216e-11
2.81369e-11
9.12373e-12
2.90239e-12
9.07628e-13
2.79489e-13
8.48685e-14
2.5445e-14
7.5417e-15
2.21215e-15
6.42732e-16
1.85143e-16
5.29237e-17
1.50281e-17
4.24002e-18
1.18652e-18
3.29278e-19
9.08683e-20
2.49032e-20
6.74042e-21
1.76687e-21
4.15377e-22
5.14572e-23
1
1
1
1
1
1
1
1
0.999999
0.999998
0.999996
0.999993
0.999986
0.999972
0.999946
0.999898
0.999809
0.999646
0.999351
0.998825
0.997896
0.99628
0.993515
0.988878
0.981308
0.96937
0.951371
0.926124
0.893685
0.854565
0.809879
0.761077
0.709678
0.657096
0.604536
0.552963
0.503101
0.455461
0.410375
0.368031
0.328511
0.291818
0.257895
0.226647
0.19795
0.171664
0.147642
0.125737
0.105801
0.087694
0.0712882
0.0564703
0.043154
0.031387
0.0214635
0.0130994
0.00640296
0.00277195
0.00115166
0.000460398
0.000179142
6.26916e-05
2.02476e-05
6.11711e-06
2.10899e-06
1.12311e-06
7.13276e-07
4.40145e-07
2.55581e-07
1.38067e-07
6.81456e-08
3.0804e-08
1.30448e-08
5.22369e-09
1.99504e-09
7.32254e-10
2.59947e-10
8.96483e-11
3.01357e-11
9.89726e-12
3.18342e-12
1.00471e-12
3.11644e-13
9.51415e-14
2.86243e-14
8.49659e-15
2.49092e-15
7.22102e-16
2.07241e-16
5.89194e-17
1.65905e-17
4.62687e-18
1.282e-18
3.54103e-19
9.72447e-20
2.6514e-20
7.13982e-21
1.86364e-21
4.37074e-22
5.41068e-23
1
1
1
1
1
1
1
1
0.999999
0.999998
0.999996
0.999992
0.999985
0.999971
0.999944
0.999893
0.999799
0.999627
0.999316
0.998762
0.997785
0.996088
0.993191
0.988347
0.980467
0.968095
0.949532
0.923722
0.890752
0.851204
0.806241
0.757321
0.705946
0.653495
0.601138
0.549806
0.500196
0.452802
0.407942
0.3658
0.326455
0.28991
0.256112
0.224966
0.196352
0.170135
0.146172
0.124317
0.104426
0.0863628
0.0700012
0.055231
0.0419699
0.0303293
0.0205056
0.01232
0.00581173
0.00250463
0.00103393
0.000412193
0.000159952
5.54744e-05
1.7758e-05
5.34625e-06
1.90045e-06
1.04299e-06
6.66617e-07
4.1315e-07
2.4152e-07
1.31565e-07
6.60242e-08
3.01519e-08
1.28496e-08
5.18358e-09
1.994e-09
7.36241e-10
2.62965e-10
9.11835e-11
3.08144e-11
1.01825e-11
3.29496e-12
1.04581e-12
3.26051e-13
9.9979e-14
3.0188e-14
8.98527e-15
2.63915e-15
7.65708e-16
2.19657e-16
6.23508e-17
1.75214e-17
4.89148e-18
1.35778e-18
3.74236e-19
1.02459e-19
2.78396e-20
7.47205e-21
1.94553e-21
4.55802e-22
5.64223e-23
1
1
1
1
1
1
1
1
0.999999
0.999998
0.999996
0.999992
0.999984
0.999969
0.999941
0.999887
0.999788
0.999606
0.999276
0.998689
0.997654
0.995861
0.992808
0.987726
0.9795
0.966664
0.947535
0.921241
0.887869
0.848033
0.802901
0.753921
0.702574
0.650217
0.597998
0.546829
0.497395
0.450176
0.405485
0.363499
0.324296
0.287879
0.254194
0.223149
0.194624
0.168488
0.144598
0.122811
0.102985
0.0849865
0.0686913
0.053993
0.0408144
0.0293404
0.0196555
0.0115803
0.00528616
0.00226915
0.000931245
0.00037024
0.00014243
4.90447e-05
1.55869e-05
4.68808e-06
1.72638e-06
9.71433e-07
6.23551e-07
3.87357e-07
2.2702e-07
1.2388e-07
6.20729e-08
2.84977e-08
1.22815e-08
4.99146e-09
1.93445e-09
7.20977e-10
2.59469e-10
9.06709e-11
3.08607e-11
1.0255e-11
3.33493e-12
1.06315e-12
3.32727e-13
1.0236e-13
3.09912e-14
9.24494e-15
2.72006e-15
7.90079e-16
2.26762e-16
6.43892e-17
1.81305e-17
5.06097e-18
1.40175e-18
3.85498e-19
1.05303e-19
2.85498e-20
7.64866e-21
1.98949e-21
4.66085e-22
5.77148e-23
1
1
1
1
1
1
1
1
0.999999
0.999998
0.999996
0.999992
0.999984
0.999968
0.999938
0.999882
0.999778
0.999587
0.999242
0.998626
0.997541
0.995664
0.992472
0.987169
0.978614
0.965319
0.945611
0.918787
0.884948
0.844761
0.799414
0.75035
0.699027
0.646774
0.59471
0.543724
0.494484
0.447458
0.402951
0.361135
0.322089
0.285813
0.252254
0.221323
0.192902
0.16686
0.143057
0.121352
0.101606
0.0836854
0.0674694
0.0528537
0.0397621
0.0284538
0.0188614
0.0109151
0.00485734
0.00207802
0.000848599
0.000336996
0.000129015
4.41486e-05
1.39462e-05
4.19839e-06
1.60026e-06
9.15164e-07
5.88814e-07
3.66821e-07
2.15841e-07
1.18352e-07
5.966e-08
2.75092e-08
1.19105e-08
4.87658e-09
1.90152e-09
7.10661e-10
2.56794e-10
9.01066e-11
3.07864e-11
1.02662e-11
3.34729e-12
1.06961e-12
3.35426e-13
1.03364e-13
3.13384e-14
9.3586e-15
2.75585e-15
8.01088e-16
2.30098e-16
6.53834e-17
1.8397e-17
5.13073e-18
1.41957e-18
3.89951e-19
1.06396e-19
2.88153e-20
7.71367e-21
2.00585e-21
4.70061e-22
5.82302e-23
1
1
1
1
1
1
1
1
0.999999
0.999998
0.999996
0.999992
0.999983
0.999967
0.999936
0.999878
0.99977
0.999572
0.999213
0.998574
0.997448
0.9955
0.992193
0.986709
0.977883
0.964215
0.944037
0.916772
0.882527
0.842006
0.796422
0.747221
0.695853
0.64363
0.591652
0.540791
0.491699
0.444831
0.400483
0.358824
0.319926
0.283789
0.250361
0.219549
0.19124
0.165301
0.141596
0.119983
0.100327
0.0824945
0.0663676
0.0518463
0.0388618
0.0277626
0.0183476
0.0102313
0.00451427
0.00192742
0.000784267
0.000311513
0.000118801
4.04571e-05
1.27214e-05
3.83858e-06
1.51174e-06
8.72511e-07
5.61357e-07
3.49947e-07
2.06184e-07
1.13241e-07
5.71952e-08
2.64146e-08
1.1441e-08
4.68825e-09
1.83393e-09
6.89947e-10
2.50443e-10
8.81564e-11
3.02099e-11
1.01063e-11
3.30785e-12
1.06034e-12
3.33408e-13
1.02973e-13
3.12773e-14
9.35443e-15
2.75781e-15
8.02291e-16
2.30564e-16
6.55257e-17
1.84346e-17
5.1393e-18
1.42112e-18
3.90079e-19
1.06332e-19
2.87711e-20
7.69576e-21
2.00047e-21
4.68861e-22
5.80957e-23
1
1
1
1
1
1
1
1
0.999999
0.999998
0.999996
0.999991
0.999983
0.999966
0.999934
0.999874
0.999763
0.999557
0.999186
0.998522
0.997355
0.995336
0.991911
0.986241
0.977138
0.96309
0.942449
0.914759
0.880132
0.83931
0.793521
0.74421
0.692814
0.640628
0.588737
0.537995
0.489042
0.442323
0.398127
0.356617
0.317863
0.281864
0.248564
0.217874
0.189678
0.163847
0.140242
0.118726
0.099161
0.0814176
0.0653773
0.0509408
0.0380393
0.0271195
0.0177881
0.00978424
0.00430224
0.00182979
0.000741375
0.000294401
0.000111716
3.78229e-05
1.18336e-05
3.57857e-06
1.44574e-06
8.41258e-07
5.40823e-07
3.36749e-07
1.98357e-07
1.0902e-07
5.51545e-08
2.55238e-08
1.10821e-08
4.55205e-09
1.78373e-09
6.72172e-10
2.44793e-10
8.64478e-11
2.96786e-11
9.94647e-12
3.25982e-12
1.04645e-12
3.29492e-13
1.01885e-13
3.09762e-14
9.27071e-15
2.73458e-15
7.95909e-16
2.28826e-16
6.5054e-17
1.83067e-17
5.10192e-18
1.4097e-18
3.86552e-19
1.0526e-19
2.84513e-20
7.60578e-21
1.97708e-21
4.63617e-22
5.74726e-23
1
1
1
1
1
1
1
1
0.999999
0.999998
0.999996
0.999991
0.999983
0.999966
0.999933
0.999871
0.999756
0.999545
0.999163
0.99848
0.997278
0.9952
0.991678
0.985852
0.976514
0.96214
0.941097
0.913022
0.878036
0.836916
0.790913
0.741474
0.690028
0.637857
0.586029
0.535386
0.486554
0.439969
0.395913
0.354543
0.315927
0.280059
0.246886
0.216315
0.188232
0.162506
0.139002
0.11758
0.0981048
0.0804465
0.0644875
0.0501291
0.0373044
0.0265388
0.0172951
0.00941282
0.00413026
0.00175178
0.000707183
0.000281129
0.000106076
3.56994e-05
1.11111e-05
3.36422e-06
1.38613e-06
8.17111e-07
5.25269e-07
3.26322e-07
1.91881e-07
1.05383e-07
5.33224e-08
2.46934e-08
1.07331e-08
4.41434e-09
1.73192e-09
6.52783e-10
2.37714e-10
8.40204e-11
2.89409e-11
9.72255e-12
3.19258e-12
1.02594e-12
3.23393e-13
1.0011e-13
3.04709e-14
9.13002e-15
2.69549e-15
7.84665e-16
2.25516e-16
6.40617e-17
1.80062e-17
5.01543e-18
1.38554e-18
3.79921e-19
1.03455e-19
2.79657e-20
7.47653e-21
1.94394e-21
4.56044e-22
5.65531e-23
1
1
1
1
1
1
1
1
0.999999
0.999998
0.999996
0.999991
0.999982
0.999965
0.999931
0.999868
0.999751
0.999534
0.999141
0.99844
0.997205
0.995071
0.991454
0.985478
0.975915
0.961233
0.939825
0.911402
0.876092
0.834709
0.788517
0.738963
0.687472
0.635312
0.583539
0.532983
0.484259
0.437796
0.393867
0.352627
0.314138
0.278395
0.245341
0.214884
0.186908
0.161285
0.137877
0.116546
0.0971567
0.0795804
0.0637003
0.04942
0.0366763
0.026002
0.0168516
0.00908702
0.00398129
0.00168536
0.000679306
0.000272275
9.86005e-05
3.31589e-05
1.03125e-05
3.1417e-06
1.32613e-06
7.95371e-07
5.1243e-07
3.17832e-07
1.86514e-07
1.02302e-07
5.17414e-08
2.3969e-08
1.04259e-08
4.29221e-09
1.68584e-09
6.36129e-10
2.31897e-10
8.20198e-11
2.82368e-11
9.48563e-12
3.11572e-12
1.00276e-12
3.16377e-13
9.79976e-14
2.98367e-14
8.93862e-15
2.63827e-15
7.68319e-16
2.20948e-16
6.28067e-17
1.76664e-17
4.92233e-18
1.3599e-18
3.72857e-19
1.01516e-19
2.74381e-20
7.33498e-21
1.90739e-21
4.47632e-22
5.55262e-23
1
1
1
1
1
1
1
1
0.999999
0.999998
0.999996
0.999991
0.999982
0.999964
0.99993
0.999866
0.999746
0.999524
0.999123
0.998405
0.997142
0.994958
0.991259
0.985151
0.975389
0.960428
0.938706
0.90996
0.874353
0.832724
0.786353
0.73669
0.685151
0.632996
0.58127
0.53079
0.482163
0.435809
0.391997
0.350875
0.312505
0.276877
0.243935
0.213584
0.18571
0.160182
0.136865
0.11562
0.0963115
0.0788121
0.0630057
0.0487971
0.0361255
0.0255271
0.0164597
0.00880086
0.00385107
0.00162743
0.000654582
0.000261724
9.44208e-05
3.16365e-05
9.80877e-06
2.99491e-06
1.28507e-06
7.78717e-07
5.01989e-07
3.10817e-07
1.8201e-07
9.96647e-08
5.03594e-08
2.3325e-08
1.01482e-08
4.18e-09
1.6428e-09
6.20314e-10
2.26285e-10
8.00874e-11
2.75888e-11
9.27337e-12
3.04742e-12
9.80666e-13
3.09469e-13
9.5889e-14
2.92071e-14
8.7552e-15
2.58571e-15
7.53182e-16
2.16618e-16
6.15786e-17
1.73208e-17
4.8258e-18
1.33311e-18
3.65469e-19
9.94917e-20
2.68881e-20
7.18818e-21
1.86965e-21
4.38952e-22
5.44659e-23
1
1
1
1
1
1
1
1
0.999999
0.999998
0.999996
0.999991
0.999982
0.999964
0.999929
0.999864
0.999741
0.999515
0.999106
0.998374
0.997085
0.994856
0.991082
0.984854
0.974911
0.959696
0.937694
0.90866
0.872789
0.830942
0.784411
0.734649
0.683066
0.630914
0.579227
0.528814
0.480273
0.434017
0.390309
0.349295
0.311032
0.27551
0.24267
0.212417
0.184636
0.159197
0.135963
0.114796
0.0955626
0.0781336
0.0623942
0.0482502
0.0356426
0.0251107
0.0161163
0.00855076
0.00373762
0.00157716
0.000633212
0.000252696
9.0946e-05
3.03925e-05
9.40149e-06
2.87865e-06
1.25211e-06
7.64699e-07
4.93158e-07
3.04922e-07
1.78212e-07
9.74151e-08
4.91632e-08
2.27618e-08
9.90301e-09
4.08001e-09
1.60415e-09
6.05991e-10
2.2116e-10
7.83067e-11
2.69859e-11
9.07393e-12
2.98283e-12
9.60161e-13
3.03076e-13
9.3929e-14
2.86156e-14
8.57923e-15
2.53405e-15
7.38195e-16
2.12318e-16
6.03569e-17
1.69769e-17
4.72976e-18
1.3065e-18
3.58149e-19
9.7493e-20
2.63475e-20
7.04426e-21
1.8327e-21
4.30454e-22
5.34273e-23
1
1
1
1
1
1
1
1
0.999999
0.999998
0.999996
0.999991
0.999982
0.999963
0.999928
0.999862
0.999737
0.999508
0.999091
0.998346
0.997035
0.994766
0.990926
0.984591
0.974488
0.959049
0.936798
0.907509
0.871401
0.82936
0.782686
0.732834
0.681211
0.629059
0.577406
0.527052
0.478586
0.432417
0.388803
0.347885
0.309719
0.274292
0.241544
0.211379
0.183683
0.158324
0.135165
0.11407
0.0949037
0.077538
0.0618587
0.0477722
0.0352212
0.0247477
0.0158171
0.00833332
0.00363924
0.00153369
0.000614805
0.000244947
8.79787e-05
2.9336e-05
9.05808e-06
2.78275e-06
1.22473e-06
7.52673e-07
4.85573e-07
2.99905e-07
1.74984e-07
9.54905e-08
4.81282e-08
2.22698e-08
9.68683e-09
3.99112e-09
1.56951e-09
5.93066e-10
2.16504e-10
7.6679e-11
2.64315e-11
8.88952e-12
2.9228e-12
9.41001e-13
2.97074e-13
9.20816e-14
2.8056e-14
8.41224e-15
2.4849e-15
7.23913e-16
2.08216e-16
5.91911e-17
1.66488e-17
4.63825e-18
1.28119e-18
3.51197e-19
9.55985e-20
2.58356e-20
6.90835e-21
1.79787e-21
4.22446e-22
5.24483e-23
1
1
1
1
1
1
1
1
0.999999
0.999998
0.999996
0.999991
0.999981
0.999963
0.999927
0.99986
0.999734
0.999501
0.999079
0.998322
0.99699
0.994687
0.990788
0.98436
0.974115
0.958478
0.93601
0.906496
0.870182
0.82797
0.781171
0.731239
0.67958
0.627428
0.575804
0.5255
0.477101
0.431008
0.387475
0.346643
0.308562
0.273219
0.240553
0.210468
0.182846
0.157559
0.134468
0.113436
0.0943294
0.0770198
0.0613935
0.0473576
0.0348562
0.0244335
0.0155584
0.00814555
0.00355445
0.00149633
0.00059902
0.000238321
8.54504e-05
2.84391e-05
8.76824e-06
2.70385e-06
1.20204e-06
7.42395e-07
4.79054e-07
2.95631e-07
1.72252e-07
9.38566e-08
4.7242e-08
2.18453e-08
9.49892e-09
3.91334e-09
1.53902e-09
5.81627e-10
2.12364e-10
7.5225e-11
2.59342e-11
8.72342e-12
2.86851e-12
9.23618e-13
2.91611e-13
9.03949e-14
2.75437e-14
8.25904e-15
2.43973e-15
7.10772e-16
2.04438e-16
5.81175e-17
1.63467e-17
4.55405e-18
1.25791e-18
3.44816e-19
9.38637e-20
2.53691e-20
6.78473e-21
1.76628e-21
4.15207e-22
5.15646e-23
1
1
1
1
1
1
1
1
0.999999
0.999998
0.999995
0.999991
0.999981
0.999963
0.999927
0.999858
0.999731
0.999495
0.999067
0.998301
0.996952
0.994618
0.990668
0.984159
0.973791
0.957983
0.935327
0.905619
0.869127
0.826767
0.779859
0.729859
0.678167
0.626015
0.574415
0.524155
0.475812
0.429785
0.386324
0.345566
0.307559
0.27229
0.239696
0.209679
0.182124
0.156898
0.133866
0.11289
0.0938351
0.0765744
0.0609941
0.0470021
0.0345439
0.0241649
0.0153373
0.0079853
0.0034822
0.00146456
0.000585598
0.000232707
8.3315e-05
2.76839e-05
8.52483e-06
2.63737e-06
1.18302e-06
7.33697e-07
4.73527e-07
2.92016e-07
1.69945e-07
9.24758e-08
4.64895e-08
2.14831e-08
9.33773e-09
3.84624e-09
1.51259e-09
5.71665e-10
2.08743e-10
7.3949e-11
2.54965e-11
8.57679e-12
2.82048e-12
9.08199e-13
2.86756e-13
8.88931e-14
2.70869e-14
8.12227e-15
2.39937e-15
6.99022e-16
2.0106e-16
5.71572e-17
1.60766e-17
4.47881e-18
1.23714e-18
3.39126e-19
9.23186e-20
2.49545e-20
6.67558e-21
1.73872e-21
4.08985e-22
5.08119e-23
1
1
1
1
1
1
1
1
0.999999
0.999998
0.999995
0.999991
0.999981
0.999962
0.999926
0.999857
0.999728
0.99949
0.999058
0.998284
0.99692
0.99456
0.990566
0.983988
0.973516
0.957562
0.934746
0.904874
0.86823
0.825746
0.778745
0.728686
0.676967
0.624815
0.573235
0.523012
0.474718
0.428747
0.385346
0.34465
0.306707
0.271501
0.238967
0.20901
0.18151
0.156338
0.133357
0.112428
0.0934171
0.0761978
0.0606563
0.0467006
0.0342828
0.0239396
0.0151518
0.00785085
0.00342167
0.00143801
0.000574465
0.000228047
8.15438e-05
2.70579e-05
8.32291e-06
2.58046e-06
1.16687e-06
7.26343e-07
4.68868e-07
2.88981e-07
1.68017e-07
9.13227e-08
4.58596e-08
2.1179e-08
9.20179e-09
3.78943e-09
1.49012e-09
5.63169e-10
2.05647e-10
7.28548e-11
2.51202e-11
8.4505e-12
2.77903e-12
8.94872e-13
2.82553e-13
8.75916e-14
2.66907e-14
8.00351e-15
2.3643e-15
6.88808e-16
1.98123e-16
5.63225e-17
1.58419e-17
4.41346e-18
1.2191e-18
3.3419e-19
9.09773e-20
2.45931e-20
6.57996e-21
1.71447e-21
4.03514e-22
5.01526e-23
1
1
1
1
1
1
1
1
0.999999
0.999998
0.999995
0.999991
0.999981
0.999962
0.999926
0.999856
0.999726
0.999486
0.99905
0.998269
0.996893
0.994511
0.990482
0.983846
0.973287
0.957213
0.934264
0.904257
0.867488
0.8249
0.777824
0.727717
0.675975
0.623821
0.572259
0.522066
0.473811
0.427887
0.384536
0.343892
0.306002
0.270848
0.238365
0.208457
0.181004
0.155876
0.132936
0.112046
0.0930724
0.0758872
0.0603775
0.0464513
0.0340699
0.0237556
0.0150001
0.00774089
0.00337221
0.00141635
0.000565362
0.000224247
8.01023e-05
2.65496e-05
8.15924e-06
2.53464e-06
1.15379e-06
7.20346e-07
4.65084e-07
2.86532e-07
1.66464e-07
9.03912e-08
4.53473e-08
2.09302e-08
9.09009e-09
3.74257e-09
1.47153e-09
5.56118e-10
2.03071e-10
7.19427e-11
2.4806e-11
8.34489e-12
2.74431e-12
8.83699e-13
2.79026e-13
8.64981e-14
2.63574e-14
7.90359e-15
2.33479e-15
6.80209e-16
1.9565e-16
5.56197e-17
1.56444e-17
4.35848e-18
1.20394e-18
3.30042e-19
8.98513e-20
2.42899e-20
6.49945e-21
1.69378e-21
3.98737e-22
4.95668e-23
1
1
1
1
1
1
1
1
0.999999
0.999998
0.999995
0.999991
0.999981
0.999962
0.999925
0.999855
0.999725
0.999483
0.999044
0.998257
0.996871
0.994473
0.990415
0.983732
0.973104
0.956935
0.933881
0.903765
0.866898
0.824228
0.77709
0.726945
0.675185
0.623031
0.571482
0.521313
0.47309
0.427202
0.383892
0.343289
0.305441
0.270328
0.237886
0.208017
0.180601
0.155509
0.132602
0.111744
0.0927986
0.0756406
0.0601561
0.0462535
0.0339017
0.0236103
0.0148803
0.00765414
0.00333322
0.00139928
0.00055821
0.00022126
7.89705e-05
2.61509e-05
8.03095e-06
2.49899e-06
1.14346e-06
7.15562e-07
4.62085e-07
2.84606e-07
1.65249e-07
8.96616e-08
4.49442e-08
2.07338e-08
9.00157e-09
3.70531e-09
1.4567e-09
5.50484e-10
2.01008e-10
7.12113e-11
2.45536e-11
8.25997e-12
2.71637e-12
8.74695e-13
2.76181e-13
8.56156e-14
2.60883e-14
7.82285e-15
2.31093e-15
6.73257e-16
1.93651e-16
5.50516e-17
1.54847e-17
4.31406e-18
1.1917e-18
3.26695e-19
8.89438e-20
2.40459e-20
6.43465e-21
1.67708e-21
3.94866e-22
4.90904e-23
1
1
1
1
1
1
1
1
0.999999
0.999998
0.999995
0.999991
0.999981
0.999962
0.999925
0.999855
0.999723
0.999481
0.999039
0.998249
0.996855
0.994444
0.990364
0.983647
0.972967
0.956726
0.933593
0.903396
0.866455
0.823723
0.776541
0.726367
0.674594
0.622439
0.5709
0.520749
0.47255
0.42669
0.383409
0.342838
0.305021
0.26994
0.237528
0.207688
0.1803
0.155234
0.132353
0.111517
0.0925942
0.0754565
0.0599909
0.0461061
0.0337765
0.0235023
0.0147913
0.00758965
0.00330425
0.0013866
0.000552864
0.000219034
7.81287e-05
2.58549e-05
7.93591e-06
2.47275e-06
1.13585e-06
7.12027e-07
4.59866e-07
2.83179e-07
1.64346e-07
8.9117e-08
4.46421e-08
2.05864e-08
8.93504e-09
3.67723e-09
1.44551e-09
5.46221e-10
1.99445e-10
7.06565e-11
2.43621e-11
8.19545e-12
2.69514e-12
8.6785e-13
2.74018e-13
8.49446e-14
2.58837e-14
7.76148e-15
2.29279e-15
6.67974e-16
1.92132e-16
5.46201e-17
1.53635e-17
4.28035e-18
1.18241e-18
3.24157e-19
8.82556e-20
2.38609e-20
6.38555e-21
1.66443e-21
3.9193e-22
4.8729e-23
1
1
1
1
1
1
1
1
0.999999
0.999998
0.999995
0.99999
0.999981
0.999962
0.999925
0.999854
0.999723
0.999479
0.999036
0.998243
0.996844
0.994425
0.99033
0.98359
0.972876
0.956587
0.933401
0.903152
0.866161
0.823389
0.776176
0.725983
0.6742
0.622045
0.570513
0.520374
0.472191
0.426349
0.383088
0.342538
0.304742
0.269681
0.23729
0.207469
0.1801
0.155051
0.132187
0.111367
0.0924582
0.075334
0.0598809
0.046008
0.0336933
0.0234305
0.0147322
0.00754679
0.003285
0.00137818
0.000549329
0.000217562
7.75718e-05
2.56591e-05
7.87306e-06
2.45547e-06
1.13083e-06
7.09687e-07
4.58394e-07
2.8223e-07
1.63743e-07
8.875e-08
4.44362e-08
2.04852e-08
8.88909e-09
3.65778e-09
1.43774e-09
5.43264e-10
1.98362e-10
7.02725e-11
2.42298e-11
8.15103e-12
2.68055e-12
8.63163e-13
2.7254e-13
8.44871e-14
2.57445e-14
7.71977e-15
2.28048e-15
6.64392e-16
1.91102e-16
5.43278e-17
1.52814e-17
4.25753e-18
1.17612e-18
3.22439e-19
8.779e-20
2.37358e-20
6.35233e-21
1.65588e-21
3.89943e-22
4.84844e-23
1
1
1
1
1
1
1
1
0.999999
0.999998
0.999995
0.99999
0.999981
0.999962
0.999925
0.999854
0.999722
0.999478
0.999035
0.99824
0.996839
0.994415
0.990315
0.983564
0.972833
0.956521
0.933311
0.903036
0.866021
0.823229
0.776001
0.725798
0.67401
0.621855
0.570325
0.520191
0.472015
0.426182
0.382931
0.34239
0.304605
0.269554
0.237172
0.207361
0.180001
0.154961
0.132105
0.111292
0.092391
0.0752734
0.0598265
0.0459594
0.033652
0.0233949
0.0147028
0.00752548
0.00327543
0.00137399
0.000547572
0.00021683
7.72946e-05
2.55616e-05
7.84178e-06
2.44687e-06
1.12831e-06
7.08506e-07
4.57663e-07
2.81767e-07
1.63452e-07
8.85729e-08
4.43333e-08
2.04323e-08
8.86442e-09
3.64728e-09
1.43358e-09
5.41698e-10
1.97798e-10
7.00755e-11
2.41628e-11
8.12879e-12
2.67332e-12
8.60854e-13
2.71816e-13
8.42636e-14
2.56766e-14
7.69945e-15
2.27449e-15
6.62644e-16
1.90599e-16
5.41847e-17
1.52411e-17
4.24629e-18
1.17301e-18
3.21587e-19
8.75581e-20
2.36732e-20
6.33566e-21
1.65156e-21
3.88938e-22
4.83603e-23
1
1
1
1
1
1
1
1
0.999999
0.999998
0.999995
0.99999
0.999981
0.999962
0.999925
0.999854
0.999722
0.999478
0.999035
0.99824
0.996839
0.994415
0.990314
0.983563
0.972832
0.956519
0.933307
0.903031
0.866014
0.823221
0.775993
0.725789
0.674002
0.621846
0.570317
0.520183
0.472008
0.426175
0.382925
0.342385
0.3046
0.269549
0.237168
0.207357
0.179998
0.154959
0.132102
0.11129
0.092389
0.0752716
0.0598249
0.0459579
0.0336507
0.0233937
0.0147018
0.00752473
0.00327508
0.00137383
0.000547502
0.000216799
7.72826e-05
2.55572e-05
7.8403e-06
2.44645e-06
1.12817e-06
7.08433e-07
4.57613e-07
2.81733e-07
1.6343e-07
8.85591e-08
4.43256e-08
2.04284e-08
8.86269e-09
3.64655e-09
1.43329e-09
5.4159e-10
1.97758e-10
7.00617e-11
2.41582e-11
8.12723e-12
2.67281e-12
8.6069e-13
2.71764e-13
8.42475e-14
2.56717e-14
7.69796e-15
2.27404e-15
6.62514e-16
1.90561e-16
5.41738e-17
1.5238e-17
4.24542e-18
1.17277e-18
3.2152e-19
8.75398e-20
2.36682e-20
6.33432e-21
1.65121e-21
3.88856e-22
4.835e-23
1
1
1
1
1
1
1
1
0.999999
0.999998
0.999995
0.99999
0.999981
0.999962
0.999925
0.999854
0.999722
0.999479
0.999036
0.998242
0.996844
0.994423
0.990328
0.983587
0.972871
0.956579
0.93339
0.903136
0.866142
0.823367
0.776152
0.725957
0.674175
0.62202
0.570488
0.52035
0.472169
0.426329
0.38307
0.342521
0.304727
0.269668
0.237278
0.207458
0.180091
0.155043
0.132179
0.11136
0.0924523
0.0753287
0.0598761
0.0460036
0.0336894
0.023427
0.0147292
0.00754454
0.00328396
0.0013777
0.000549118
0.000217469
7.75344e-05
2.56451e-05
7.86829e-06
2.45405e-06
1.13035e-06
7.09431e-07
4.58228e-07
2.82122e-07
1.63674e-07
8.87082e-08
4.44129e-08
2.04738e-08
8.88392e-09
3.65561e-09
1.43688e-09
5.42941e-10
1.98246e-10
7.0232e-11
2.4216e-11
8.14646e-12
2.67906e-12
8.62685e-13
2.7239e-13
8.44403e-14
2.57302e-14
7.71545e-15
2.2792e-15
6.64013e-16
1.90992e-16
5.42962e-17
1.52724e-17
4.25499e-18
1.17541e-18
3.22243e-19
8.77363e-20
2.37211e-20
6.3484e-21
1.65485e-21
3.897e-22
4.84539e-23
1
1
1
1
1
1
1
1
0.999999
0.999998
0.999995
0.999991
0.999981
0.999962
0.999925
0.999855
0.999723
0.999481
0.999039
0.998248
0.996854
0.994442
0.990361
0.983641
0.972958
0.956711
0.933572
0.90337
0.866422
0.823686
0.776499
0.726323
0.674549
0.622395
0.570858
0.520709
0.472513
0.426656
0.383378
0.34281
0.304996
0.269917
0.237508
0.20767
0.180284
0.15522
0.13234
0.111506
0.0925842
0.0754474
0.0599826
0.0460985
0.0337698
0.0234963
0.0147862
0.00758576
0.00330244
0.00138577
0.000552495
0.000218872
7.80635e-05
2.58305e-05
7.9276e-06
2.47028e-06
1.13503e-06
7.11594e-07
4.59582e-07
2.82992e-07
1.64226e-07
8.90436e-08
4.46009e-08
2.05663e-08
8.92593e-09
3.6734e-09
1.44399e-09
5.45649e-10
1.99238e-10
7.05834e-11
2.43371e-11
8.1871e-12
2.6924e-12
8.66975e-13
2.73742e-13
8.4859e-14
2.58576e-14
7.75361e-15
2.29046e-15
6.67289e-16
1.91933e-16
5.45633e-17
1.53474e-17
4.27584e-18
1.18115e-18
3.23811e-19
8.8161e-20
2.38353e-20
6.37871e-21
1.66266e-21
3.91512e-22
4.8677e-23
1
1
1
1
1
1
1
1
0.999999
0.999998
0.999995
0.999991
0.999981
0.999962
0.999925
0.999855
0.999724
0.999483
0.999044
0.998257
0.99687
0.99447
0.99041
0.983725
0.973092
0.956915
0.933853
0.903729
0.866854
0.824177
0.777034
0.726886
0.675125
0.622971
0.571424
0.521258
0.473039
0.427155
0.383849
0.34325
0.305406
0.270297
0.237859
0.207992
0.180579
0.155489
0.132585
0.111728
0.0927846
0.0756279
0.0601445
0.0462429
0.0338923
0.0236019
0.0148731
0.00764869
0.0033307
0.00139812
0.000557671
0.000221026
7.88775e-05
2.61164e-05
8.01924e-06
2.49551e-06
1.14231e-06
7.14964e-07
4.61693e-07
2.84348e-07
1.65083e-07
8.95596e-08
4.48867e-08
2.07056e-08
8.98879e-09
3.69992e-09
1.45457e-09
5.49678e-10
2.00716e-10
7.11086e-11
2.45185e-11
8.24826e-12
2.71255e-12
8.73471e-13
2.75796e-13
8.54962e-14
2.60519e-14
7.8119e-15
2.30768e-15
6.72306e-16
1.93375e-16
5.49729e-17
1.54625e-17
4.30782e-18
1.18996e-18
3.26218e-19
8.88132e-20
2.40105e-20
6.4252e-21
1.67463e-21
3.94289e-22
4.90187e-23
1
1
1
1
1
1
1
1
0.999999
0.999998
0.999995
0.999991
0.999981
0.999962
0.999925
0.999856
0.999726
0.999486
0.99905
0.998268
0.996891
0.994508
0.990477
0.983836
0.973272
0.95719
0.934231
0.904213
0.867435
0.824838
0.777755
0.727644
0.6759
0.623747
0.572187
0.521997
0.473747
0.427827
0.384482
0.343843
0.305958
0.270808
0.23833
0.208425
0.180976
0.155851
0.132914
0.112027
0.0930544
0.0758709
0.0603626
0.0464377
0.0340579
0.0237448
0.0149908
0.0077339
0.00336897
0.00141486
0.0005647
0.000223956
7.99866e-05
2.65065e-05
8.14458e-06
2.53025e-06
1.15234e-06
7.19583e-07
4.64582e-07
2.862e-07
1.6625e-07
9.02594e-08
4.52729e-08
2.08936e-08
9.07351e-09
3.73558e-09
1.46876e-09
5.55073e-10
2.02691e-10
7.18096e-11
2.47605e-11
8.32974e-12
2.73937e-12
8.82116e-13
2.78528e-13
8.63441e-14
2.63105e-14
7.88949e-15
2.33061e-15
6.78987e-16
1.95297e-16
5.55189e-17
1.56159e-17
4.35051e-18
1.20173e-18
3.29434e-19
8.96851e-20
2.42448e-20
6.48741e-21
1.69066e-21
3.98009e-22
4.94765e-23
1
1
1
1
1
1
1
1
0.999999
0.999998
0.999995
0.999991
0.999981
0.999962
0.999926
0.999857
0.999728
0.99949
0.999057
0.998283
0.996918
0.994556
0.99056
0.983977
0.973498
0.957535
0.934707
0.904823
0.868168
0.825673
0.778665
0.728601
0.676879
0.624726
0.573149
0.52293
0.47464
0.428675
0.38528
0.34459
0.306653
0.271453
0.238925
0.208972
0.181476
0.156308
0.13333
0.112404
0.0933954
0.0761781
0.0606383
0.0466841
0.0342682
0.0239265
0.0151406
0.00784236
0.00341774
0.00143625
0.000573763
0.000227732
8.14142e-05
2.70086e-05
8.30584e-06
2.57526e-06
1.16515e-06
7.25434e-07
4.68263e-07
2.88579e-07
1.67754e-07
9.11602e-08
4.57677e-08
2.11337e-08
9.18125e-09
3.78078e-09
1.48669e-09
5.61874e-10
2.05177e-10
7.26899e-11
2.50639e-11
8.43178e-12
2.77292e-12
8.92921e-13
2.8194e-13
8.74021e-14
2.6633e-14
7.98621e-15
2.35918e-15
6.87313e-16
1.97691e-16
5.61993e-17
1.58072e-17
4.40374e-18
1.21641e-18
3.33448e-19
9.0774e-20
2.45378e-20
6.56522e-21
1.71071e-21
4.02656e-22
5.00482e-23
1
1
1
1
1
1
1
1
0.999999
0.999998
0.999995
0.999991
0.999981
0.999963
0.999927
0.999858
0.999731
0.999495
0.999067
0.9983
0.99695
0.994614
0.990661
0.984147
0.973772
0.957953
0.935283
0.905562
0.869056
0.826685
0.779767
0.729761
0.678066
0.625914
0.574316
0.52406
0.475723
0.429702
0.386248
0.345496
0.307496
0.272234
0.239645
0.209635
0.182084
0.156863
0.133835
0.112862
0.0938096
0.0765513
0.0609731
0.0469829
0.0345265
0.0241494
0.0153241
0.00797534
0.00347757
0.00146244
0.000584686
0.000232301
8.31504e-05
2.76219e-05
8.50353e-06
2.63089e-06
1.1809e-06
7.32607e-07
4.72811e-07
2.91539e-07
1.69632e-07
9.22811e-08
4.63791e-08
2.14287e-08
9.31306e-09
3.83586e-09
1.50847e-09
5.70112e-10
2.0818e-10
7.37516e-11
2.54291e-11
8.55438e-12
2.81317e-12
9.05865e-13
2.86023e-13
8.86667e-14
2.70181e-14
8.10163e-15
2.39327e-15
6.9724e-16
2.00546e-16
5.70106e-17
1.60353e-17
4.46724e-18
1.23393e-18
3.38243e-19
9.20766e-20
2.48889e-20
6.65821e-21
1.73451e-21
4.08134e-22
5.07185e-23
1
1
1
1
1
1
1
1
0.999999
0.999998
0.999996
0.999991
0.999981
0.999963
0.999927
0.99986
0.999734
0.999501
0.999078
0.998321
0.996988
0.994683
0.99078
0.984347
0.974094
0.958445
0.935962
0.906433
0.870104
0.827878
0.781068
0.731129
0.679466
0.627314
0.575692
0.525392
0.476999
0.430913
0.387389
0.346564
0.30849
0.273155
0.240496
0.210417
0.182801
0.157518
0.134432
0.113404
0.0943001
0.0769933
0.0613695
0.0473357
0.0348364
0.0244158
0.0155433
0.00813419
0.00354915
0.00149387
0.000597857
0.000237815
8.5249e-05
2.83642e-05
8.74279e-06
2.69651e-06
1.19966e-06
7.41167e-07
4.78238e-07
2.9508e-07
1.71886e-07
9.36279e-08
4.71121e-08
2.17813e-08
9.46996e-09
3.90116e-09
1.5342e-09
5.7981e-10
2.11706e-10
7.49942e-11
2.58555e-11
8.69723e-12
2.85998e-12
9.2089e-13
2.90755e-13
9.01303e-14
2.74632e-14
8.23491e-15
2.4326e-15
7.08689e-16
2.03838e-16
5.79462e-17
1.62984e-17
4.54054e-18
1.25417e-18
3.43788e-19
9.35823e-20
2.52927e-20
6.76434e-21
1.76105e-21
4.14008e-22
5.14181e-23
1
1
1
1
1
1
1
1
0.999999
0.999998
0.999996
0.999991
0.999982
0.999963
0.999928
0.999861
0.999737
0.999507
0.999091
0.998345
0.997032
0.994762
0.990918
0.984578
0.974465
0.959013
0.936747
0.90744
0.871315
0.829259
0.782573
0.732712
0.681085
0.628932
0.577281
0.526931
0.478472
0.432311
0.388706
0.347797
0.309639
0.27422
0.241479
0.211322
0.183632
0.158278
0.135125
0.114034
0.0948707
0.0775082
0.0618317
0.0477476
0.0351989
0.0247278
0.0158001
0.00832053
0.00363328
0.00153093
0.000613567
0.000244394
8.77544e-05
2.92514e-05
9.029e-06
2.77413e-06
1.22193e-06
7.51265e-07
4.8464e-07
2.99271e-07
1.74561e-07
9.52247e-08
4.79776e-08
2.21957e-08
9.65337e-09
3.97709e-09
1.56397e-09
5.90978e-10
2.15748e-10
7.6414e-11
2.63412e-11
8.85943e-12
2.91298e-12
9.37864e-13
2.96089e-13
9.17771e-14
2.79633e-14
8.38447e-15
2.47669e-15
7.21518e-16
2.07525e-16
5.89944e-17
1.65934e-17
4.62277e-18
1.2769e-18
3.5002e-19
9.52775e-20
2.57488e-20
6.88516e-21
1.79185e-21
4.21036e-22
5.22733e-23
1
1
1
1
1
1
1
1
0.999999
0.999998
0.999996
0.999991
0.999982
0.999964
0.999929
0.999863
0.999741
0.999515
0.999105
0.998372
0.997082
0.994851
0.991074
0.984839
0.974887
0.959658
0.937639
0.908586
0.872696
0.830833
0.784288
0.734516
0.682928
0.630774
0.579089
0.528681
0.480147
0.4339
0.390201
0.349197
0.310943
0.27543
0.242598
0.212353
0.184579
0.159146
0.135918
0.114756
0.095526
0.0781004
0.0623642
0.0482228
0.0356178
0.0250887
0.0160974
0.00853654
0.00373098
0.00157407
0.000631829
0.000252076
9.0693e-05
3.02966e-05
9.36828e-06
2.86858e-06
1.24887e-06
7.63117e-07
4.92112e-07
3.04203e-07
1.77727e-07
9.71102e-08
4.89908e-08
2.26772e-08
9.86494e-09
4.06408e-09
1.59786e-09
6.03627e-10
2.20304e-10
7.80067e-11
2.68835e-11
9.03983e-12
2.97171e-12
9.56602e-13
3.01957e-13
9.35834e-14
2.85104e-14
8.54771e-15
2.52473e-15
7.35478e-16
2.11535e-16
6.01341e-17
1.69141e-17
4.71225e-18
1.30166e-18
3.5682e-19
9.7131e-20
2.62497e-20
7.01817e-21
1.82594e-21
4.28868e-22
5.32305e-23
1
1
1
1
1
1
1
1
0.999999
0.999998
0.999996
0.999991
0.999982
0.999964
0.99993
0.999866
0.999745
0.999524
0.999122
0.998404
0.99714
0.994953
0.99125
0.985136
0.975364
0.960387
0.938647
0.909881
0.874253
0.832606
0.78622
0.736546
0.685001
0.632844
0.58112
0.530645
0.482026
0.435681
0.391878
0.350767
0.312407
0.27679
0.243856
0.213514
0.185648
0.160127
0.136815
0.115575
0.0962712
0.0787756
0.0629726
0.048767
0.0360982
0.0255028
0.0164389
0.00878513
0.00384368
0.00162398
0.00065302
0.000261015
9.41304e-05
3.15266e-05
9.77029e-06
2.98296e-06
1.28127e-06
7.76931e-07
5.00816e-07
3.09998e-07
1.81452e-07
9.9314e-08
5.01626e-08
2.32291e-08
1.01053e-08
4.16206e-09
1.63574e-09
6.1766e-10
2.25325e-10
7.97506e-11
2.74738e-11
9.23505e-12
3.03492e-12
9.76667e-13
3.08212e-13
9.55008e-14
2.90891e-14
8.71987e-15
2.57527e-15
7.50142e-16
2.15743e-16
6.13298e-17
1.72508e-17
4.80628e-18
1.32772e-18
3.63991e-19
9.90898e-20
2.67797e-20
7.15931e-21
1.86218e-21
4.37204e-22
5.42491e-23
1
1
1
1
1
1
1
1
0.999999
0.999998
0.999996
0.999991
0.999982
0.999965
0.999931
0.999868
0.99975
0.999534
0.999141
0.998438
0.997203
0.995066
0.991445
0.985462
0.975889
0.961191
0.939763
0.911317
0.875986
0.834582
0.788373
0.738808
0.687309
0.635147
0.583376
0.532825
0.484109
0.437656
0.393738
0.352509
0.314031
0.278299
0.245255
0.214807
0.18684
0.161224
0.137822
0.116497
0.0971127
0.0795405
0.063664
0.049387
0.0366464
0.0259755
0.016829
0.00906984
0.00397317
0.00168152
0.000677514
0.000271332
9.82311e-05
3.30269e-05
1.02679e-05
3.12802e-06
1.32196e-06
7.93475e-07
5.11126e-07
3.16881e-07
1.85856e-07
1.01891e-07
5.15147e-08
2.38597e-08
1.03774e-08
4.27209e-09
1.67794e-09
6.33166e-10
2.30826e-10
8.16442e-11
2.81086e-11
9.4429e-12
3.10177e-12
9.98294e-13
3.14984e-13
9.75731e-14
2.97083e-14
8.90097e-15
2.6269e-15
7.64967e-16
2.19982e-16
6.25323e-17
1.75892e-17
4.90085e-18
1.35398e-18
3.71234e-19
1.01075e-19
2.73193e-20
7.30335e-21
1.89922e-21
4.4572e-22
5.52893e-23
1
1
1
1
1
1
1
1
0.999999
0.999998
0.999996
0.999991
0.999983
0.999965
0.999933
0.999871
0.999756
0.999545
0.999162
0.998478
0.997275
0.995195
0.991668
0.985835
0.976486
0.962096
0.941031
0.912933
0.877922
0.83678
0.790759
0.741306
0.689852
0.637678
0.585852
0.535215
0.486391
0.439817
0.395772
0.354415
0.31581
0.279955
0.246792
0.216232
0.188157
0.16244
0.138943
0.117527
0.0980569
0.0804031
0.0644479
0.050093
0.0372718
0.0265106
0.0172711
0.00939459
0.00412158
0.00174766
0.000705246
0.000280717
0.000105853
3.56045e-05
1.10754e-05
3.3528e-06
1.3826e-06
8.15355e-07
5.23884e-07
3.2525e-07
1.91128e-07
1.04915e-07
5.30663e-08
2.45707e-08
1.06789e-08
4.39193e-09
1.72314e-09
6.49493e-10
2.36525e-10
8.36033e-11
2.87978e-11
9.67468e-12
3.17696e-12
1.02094e-12
3.21848e-13
9.96249e-14
3.03235e-14
9.08547e-15
2.6827e-15
7.80995e-16
2.2447e-16
6.37676e-17
1.79235e-17
4.99226e-18
1.37913e-18
3.78163e-19
1.02977e-19
2.78371e-20
7.44232e-21
1.9351e-21
4.53979e-22
5.62974e-23
1
1
1
1
1
1
1
1
0.999999
0.999998
0.999996
0.999991
0.999983
0.999966
0.999934
0.999874
0.999762
0.999557
0.999185
0.998521
0.997352
0.99533
0.991901
0.986224
0.977109
0.963044
0.942379
0.914663
0.880011
0.839164
0.793355
0.744029
0.692625
0.640436
0.588546
0.53781
0.488865
0.442158
0.397974
0.356478
0.317737
0.28175
0.248463
0.217784
0.189598
0.163775
0.140178
0.118668
0.0991093
0.0813706
0.0653344
0.0509014
0.038003
0.0270908
0.0177633
0.00976522
0.00429305
0.00182532
0.000739139
0.000293582
0.000111375
3.76869e-05
1.17845e-05
3.56321e-06
1.44153e-06
8.39366e-07
5.39273e-07
3.35521e-07
1.97494e-07
1.08487e-07
5.48655e-08
2.53862e-08
1.10215e-08
4.52708e-09
1.77395e-09
6.68501e-10
2.43458e-10
8.59776e-11
2.95182e-11
9.89312e-12
3.24245e-12
1.04092e-12
3.27733e-13
1.01349e-13
3.08141e-14
9.2224e-15
2.72041e-15
7.91799e-16
2.27644e-16
6.47165e-17
1.82125e-17
5.07597e-18
1.4026e-18
3.84625e-19
1.0474e-19
2.8312e-20
7.56891e-21
1.96758e-21
4.61402e-22
5.71987e-23
1
1
1
1
1
1
1
1
0.999999
0.999998
0.999996
0.999992
0.999983
0.999967
0.999936
0.999878
0.99977
0.999572
0.999213
0.998572
0.997445
0.995494
0.992183
0.986691
0.977853
0.964166
0.943964
0.916671
0.882398
0.84185
0.796245
0.747027
0.695649
0.643421
0.591445
0.540591
0.491508
0.444652
0.400318
0.358673
0.319789
0.283667
0.250251
0.219452
0.191153
0.165224
0.141527
0.119922
0.100271
0.0824442
0.0663217
0.0518042
0.0388233
0.0277315
0.0183203
0.0102103
0.00450397
0.00192236
0.000781791
0.000310761
0.000118459
4.031e-05
1.26676e-05
3.82231e-06
1.50846e-06
8.70577e-07
5.59578e-07
3.48533e-07
2.05207e-07
1.12645e-07
5.68741e-08
2.62622e-08
1.13742e-08
4.66098e-09
1.8247e-09
6.85975e-10
2.48988e-10
8.76429e-11
3.00356e-11
1.00503e-11
3.28905e-12
1.05433e-12
3.31523e-13
1.02393e-13
3.11026e-14
9.30247e-15
2.74257e-15
7.97893e-16
2.29312e-16
6.51728e-17
1.8336e-17
5.11201e-18
1.41362e-18
3.88035e-19
1.05779e-19
2.86227e-20
7.65645e-21
1.99036e-21
4.66511e-22
5.78055e-23
1
1
1
1
1
1
1
1
0.999999
0.999998
0.999996
0.999992
0.999984
0.999968
0.999938
0.999882
0.999778
0.999587
0.999241
0.998624
0.997538
0.995657
0.992461
0.98715
0.978582
0.965267
0.945533
0.918679
0.884811
0.844595
0.799224
0.750141
0.698807
0.646549
0.594486
0.543508
0.494278
0.447265
0.402772
0.360972
0.321941
0.28568
0.252136
0.221217
0.192808
0.166776
0.142982
0.121285
0.101546
0.0836314
0.0674203
0.0528087
0.0397209
0.0284193
0.0188307
0.0108901
0.0048427
0.00207113
0.000845338
0.000335896
0.000128537
4.39586e-05
1.38793e-05
4.17799e-06
1.59542e-06
9.12389e-07
5.86518e-07
3.65128e-07
2.14725e-07
1.17688e-07
5.93052e-08
2.73407e-08
1.18361e-08
4.84541e-09
1.88794e-09
7.06067e-10
2.55163e-10
8.95435e-11
3.05952e-11
1.02011e-11
3.32682e-12
1.06315e-12
3.33421e-13
1.02753e-13
3.11546e-14
9.30416e-15
2.73998e-15
7.96518e-16
2.28796e-16
6.50171e-17
1.82949e-17
5.10246e-18
1.4118e-18
3.87832e-19
1.05822e-19
2.86612e-20
7.67282e-21
1.99534e-21
4.6762e-22
5.79292e-23
1
1
1
1
1
1
1
1
0.999999
0.999998
0.999996
0.999992
0.999984
0.999969
0.999941
0.999887
0.999787
0.999605
0.999275
0.998687
0.99765
0.995854
0.992796
0.987706
0.979467
0.966611
0.947453
0.921128
0.887723
0.847855
0.802697
0.753696
0.702336
0.649974
0.597756
0.546595
0.497172
0.449967
0.405291
0.363322
0.324136
0.287736
0.254066
0.223035
0.194523
0.168398
0.144518
0.122739
0.102921
0.0849284
0.0686385
0.0539448
0.0407705
0.0293032
0.0196223
0.0115525
0.00526717
0.00226043
0.000927248
0.000368791
0.000141806
4.88007e-05
1.54994e-05
4.66002e-06
1.71868e-06
9.67614e-07
6.20758e-07
3.85382e-07
2.25742e-07
1.23129e-07
6.16766e-08
2.83107e-08
1.22019e-08
4.95657e-09
1.92087e-09
7.15983e-10
2.57684e-10
9.00567e-11
3.06549e-11
1.01878e-11
3.31349e-12
1.05643e-12
3.30658e-13
1.01732e-13
3.08037e-14
9.18965e-15
2.70395e-15
7.85446e-16
2.25446e-16
6.40179e-17
1.80267e-17
5.03227e-18
1.39388e-18
3.83357e-19
1.04725e-19
2.83947e-20
7.60759e-21
1.97893e-21
4.63635e-22
5.74128e-23
1
1
1
1
1
1
1
1
0.999999
0.999998
0.999996
0.999992
0.999985
0.999971
0.999943
0.999893
0.999798
0.999626
0.999315
0.99876
0.997781
0.996081
0.993178
0.988326
0.980432
0.968038
0.949445
0.9236
0.890595
0.851013
0.806021
0.757079
0.70569
0.653233
0.600878
0.549552
0.499955
0.452576
0.407733
0.365609
0.326282
0.289755
0.255974
0.224843
0.196243
0.170039
0.146086
0.12424
0.104357
0.086301
0.0699451
0.0551799
0.0419231
0.0302889
0.0204691
0.0122884
0.00578815
0.00249379
0.00102893
0.000410235
0.000159051
5.51203e-05
1.76287e-05
5.30398e-06
1.88787e-06
1.03744e-06
6.63115e-07
4.10813e-07
2.40032e-07
1.30691e-07
6.55563e-08
2.99311e-08
1.27515e-08
5.14575e-09
1.97939e-09
7.3085e-10
2.61055e-10
9.05268e-11
3.05961e-11
1.01116e-11
3.27247e-12
1.03881e-12
3.2391e-13
9.93339e-14
2.99961e-14
8.92897e-15
2.62283e-15
7.61034e-16
2.18333e-16
6.19795e-17
1.7418e-17
4.86282e-18
1.3499e-18
3.72093e-19
1.01879e-19
2.76841e-20
7.43086e-21
1.93495e-21
4.53357e-22
5.61222e-23
1
1
1
1
1
1
1
1
0.999999
0.999998
0.999996
0.999993
0.999986
0.999972
0.999946
0.999898
0.999809
0.999645
0.99935
0.998823
0.997892
0.996273
0.993502
0.988856
0.981272
0.969311
0.95128
0.925997
0.89352
0.854363
0.809645
0.760818
0.709403
0.656814
0.604255
0.552689
0.50284
0.455216
0.410149
0.367825
0.328325
0.291651
0.257747
0.226515
0.197833
0.171561
0.147551
0.125656
0.105728
0.0876292
0.0712295
0.0564168
0.0431051
0.0313443
0.0214249
0.0130658
0.00637708
0.00275962
0.0011457
0.000457894
0.000177616
6.21225e-05
2.00504e-05
6.05454e-06
2.09129e-06
1.11633e-06
7.08789e-07
4.37146e-07
2.53776e-07
1.37116e-07
6.76355e-08
3.05662e-08
1.2942e-08
5.18301e-09
1.9795e-09
7.26618e-10
2.57977e-10
8.89787e-11
2.99134e-11
9.82535e-12
3.16067e-12
9.97659e-13
3.09498e-13
9.44989e-14
2.84347e-14
8.44125e-15
2.47496e-15
7.17546e-16
2.05953e-16
5.8559e-17
1.64905e-17
4.59927e-18
1.27445e-18
3.52046e-19
9.66878e-20
2.63644e-20
7.10012e-21
1.85343e-21
4.34715e-22
5.38174e-23
1
1
1
1
1
1
1
1
0.999999
0.999998
0.999997
0.999993
0.999987
0.999974
0.999951
0.999908
0.999829
0.999685
0.999423
0.998955
0.998128
0.996681
0.994189
0.989975
0.983023
0.971919
0.954941
0.930465
0.898536
0.859613
0.81484
0.765737
0.713912
0.66085
0.607812
0.555797
0.505548
0.45758
0.412225
0.369665
0.329975
0.293151
0.259129
0.227806
0.199053
0.172725
0.148671
0.126739
0.106779
0.0886499
0.0722202
0.0573756
0.0440269
0.0321791
0.0221879
0.0137311
0.00687416
0.00298599
0.00124664
0.000500084
0.000195455
6.88933e-05
2.24332e-05
6.80426e-06
2.27157e-06
1.18145e-06
7.52815e-07
4.66917e-07
2.71366e-07
1.45555e-07
7.11471e-08
3.18424e-08
1.32988e-08
5.23951e-09
1.96795e-09
7.10404e-10
2.48077e-10
8.42323e-11
2.79131e-11
9.0526e-12
2.88023e-12
9.00853e-13
2.77449e-13
8.42626e-14
2.52674e-14
7.49024e-15
2.19737e-15
6.38521e-16
1.83952e-16
5.25892e-17
1.4935e-17
4.21433e-18
1.17945e-18
3.27348e-19
9.03441e-20
2.47619e-20
6.70281e-21
1.75718e-21
4.13131e-22
5.11814e-23
)
;

boundaryField
{
    fuel
    {
        type            fixedValue;
        value           uniform 1;
    }
    air
    {
        type            fixedValue;
        value           uniform 0;
    }
    outlet
    {
        type            inletOutlet;
        inletValue      uniform 0;
        value           nonuniform List<scalar> 
200
(
1
1
1
1
1
1
1
1
0.999999
0.999998
0.999997
0.999993
0.999987
0.999974
0.999951
0.999909
0.999829
0.999685
0.999424
0.998958
0.998132
0.996688
0.994201
0.989997
0.983061
0.971982
0.955038
0.930603
0.898717
0.859836
0.815098
0.766022
0.714213
0.661158
0.608119
0.556095
0.505831
0.457845
0.412469
0.369887
0.330176
0.29333
0.259288
0.227946
0.199177
0.172834
0.148767
0.126824
0.106855
0.0887173
0.0722809
0.0574307
0.0440771
0.0322233
0.0222279
0.0137657
0.00690071
0.0029986
0.00125267
0.000502396
0.000196083
6.92234e-05
2.2574e-05
6.85536e-06
2.28615e-06
1.18832e-06
7.58027e-07
4.70512e-07
2.73539e-07
1.46793e-07
7.17493e-08
3.21142e-08
1.34122e-08
5.28455e-09
1.9847e-09
7.16402e-10
2.50144e-10
8.49216e-11
2.81369e-11
9.12373e-12
2.90239e-12
9.07628e-13
2.79489e-13
8.48685e-14
2.5445e-14
7.5417e-15
2.21215e-15
6.42732e-16
1.85143e-16
5.29237e-17
1.50281e-17
4.24002e-18
1.18652e-18
3.29278e-19
9.08683e-20
2.49032e-20
6.74042e-21
1.76687e-21
4.15377e-22
5.14572e-23
1
1
1
1
1
1
1
1
0.999999
0.999998
0.999997
0.999993
0.999987
0.999974
0.999951
0.999908
0.999829
0.999685
0.999423
0.998955
0.998128
0.996681
0.994189
0.989975
0.983023
0.971919
0.954941
0.930465
0.898536
0.859613
0.81484
0.765737
0.713912
0.66085
0.607812
0.555797
0.505548
0.45758
0.412225
0.369665
0.329975
0.293151
0.259129
0.227806
0.199053
0.172725
0.148671
0.126739
0.106779
0.0886499
0.0722202
0.0573756
0.0440269
0.0321791
0.0221879
0.0137311
0.00687416
0.00298599
0.00124664
0.000500084
0.000195455
6.88933e-05
2.24332e-05
6.80426e-06
2.27157e-06
1.18145e-06
7.52815e-07
4.66917e-07
2.71366e-07
1.45555e-07
7.11471e-08
3.18424e-08
1.32988e-08
5.23951e-09
1.96795e-09
7.10404e-10
2.48077e-10
8.42323e-11
2.79131e-11
9.0526e-12
2.88023e-12
9.00853e-13
2.77449e-13
8.42626e-14
2.52674e-14
7.49024e-15
2.19737e-15
6.38521e-16
1.83952e-16
5.25892e-17
1.4935e-17
4.21433e-18
1.17945e-18
3.27348e-19
9.03441e-20
2.47619e-20
6.70281e-21
1.75718e-21
4.13131e-22
5.11814e-23
)
;
    }
    frontAndBack
    {
        type            empty;
    }
}


// ************************************************************************* //
