/*--------------------------------*- C++ -*----------------------------------*\
  =========                 |
  \\      /  F ield         | OpenFOAM: The Open Source CFD Toolbox
   \\    /   O peration     | Website:  https://openfoam.org
    \\  /    A nd           | Version:  11
     \\/     M anipulation  |
\*---------------------------------------------------------------------------*/
FoamFile
{
    format      ascii;
    class       volScalarField;
    location    "0.05";
    object      CO2;
}
// * * * * * * * * * * * * * * * * * * * * * * * * * * * * * * * * * * * * * //

dimensions      [0 0 0 0 0 0 0];

internalField   nonuniform List<scalar> 
4000
(
2.15102e-17
1.65594e-16
6.65e-16
2.37114e-15
8.13361e-15
2.7417e-14
9.17465e-14
3.0626e-13
1.01951e-12
3.38105e-12
1.11576e-11
3.65958e-11
1.19157e-10
3.8467e-10
1.22966e-09
3.88715e-09
1.21296e-08
3.7277e-08
1.12586e-07
3.33403e-07
9.65516e-07
2.72572e-06
7.47148e-06
1.97831e-05
5.02591e-05
0.000121461
0.000276396
0.000585345
0.00112561
0.00198292
0.00323292
0.00493036
0.00710464
0.00976057
0.0128821
0.0164375
0.0203838
0.0246719
0.0292493
0.0340631
0.0390614
0.0441943
0.0494149
0.05468
0.0599501
0.0651896
0.0703662
0.0754503
0.0804142
0.0852251
0.089842
0.094202
0.0981973
0.101613
0.103999
0.10483
0.102729
0.0949207
0.0832962
0.0710447
0.0596137
0.0486281
0.0388827
0.0304574
0.0233438
0.0172053
0.0120289
0.00797371
0.00495167
0.00284179
0.00148923
0.000717063
0.000324118
0.000139147
5.7402e-05
2.28739e-05
8.8728e-06
3.36854e-06
1.25647e-06
4.61644e-07
1.67415e-07
6.00145e-08
2.12876e-08
7.47615e-09
2.60073e-09
8.96476e-10
3.06268e-10
1.037e-10
3.47978e-11
1.15719e-11
3.81352e-12
1.2445e-12
4.01298e-13
1.27774e-13
4.02049e-14
1.24554e-14
3.76439e-15
1.08237e-15
2.72131e-16
3.48786e-17
2.40608e-17
1.85619e-16
7.49016e-16
2.6912e-15
9.35541e-15
3.21273e-14
1.09836e-13
3.73292e-13
1.26171e-12
4.23942e-12
1.4149e-11
4.68506e-11
1.53708e-10
4.98907e-10
1.59944e-09
5.05561e-09
1.57314e-08
4.81212e-08
1.44423e-07
4.24296e-07
1.21691e-06
3.39622e-06
9.18564e-06
2.39518e-05
5.98103e-05
0.000141832
0.000316293
0.000651584
0.00122432
0.00211702
0.00340169
0.00513027
0.00733062
0.0100072
0.0131446
0.0167118
0.020667
0.024962
0.0295452
0.0343644
0.0393679
0.0445063
0.0497328
0.0550042
0.0602811
0.0655275
0.0707109
0.0758013
0.08077
0.0855837
0.0901995
0.0945516
0.098525
0.101883
0.104179
0.104842
0.102409
0.0939805
0.0821386
0.0699133
0.0585718
0.0476417
0.0379963
0.0297001
0.0227103
0.016669
0.0116239
0.00769156
0.00477771
0.00275619
0.00145753
0.000709259
0.000325096
0.000141752
5.91952e-05
2.39325e-05
9.41963e-06
3.62485e-06
1.36849e-06
5.07932e-07
1.85747e-07
6.70202e-08
2.38818e-08
8.40961e-09
2.92768e-09
1.00792e-09
3.43225e-10
1.15653e-10
3.85741e-11
1.2731e-11
4.15397e-12
1.33949e-12
4.27809e-13
1.35532e-13
4.24178e-14
1.30693e-14
3.93005e-15
1.12579e-15
2.82602e-16
3.62268e-17
2.69732e-17
2.08617e-16
8.46273e-16
3.06134e-15
1.06859e-14
3.67852e-14
1.25819e-13
4.28225e-13
1.44954e-12
4.87583e-12
1.62799e-11
5.38911e-11
1.76635e-10
5.72448e-10
1.83175e-09
5.77821e-09
1.7939e-08
5.47137e-08
1.6362e-07
4.78672e-07
1.36626e-06
3.79223e-06
1.01938e-05
2.63989e-05
6.54228e-05
0.000153875
0.000340231
0.000693525
0.00129109
0.00221434
0.00353308
0.00529672
0.00753096
0.0102388
0.013404
0.0169955
0.020972
0.0252856
0.0298853
0.0347194
0.0397369
0.0448884
0.0501276
0.0554115
0.0607004
0.0659585
0.0711526
0.0762525
0.0812283
0.0860458
0.0906596
0.0950002
0.098944
0.102225
0.104407
0.104853
0.102
0.0928339
0.0807561
0.0685995
0.0573909
0.0465677
0.0370768
0.028956
0.0221251
0.0162067
0.0113063
0.00749253
0.00466785
0.00270479
0.00144329
0.000706449
0.000325571
0.000142812
6.00806e-05
2.44344e-05
9.66286e-06
3.73348e-06
1.41584e-06
5.28801e-07
1.94426e-07
7.04846e-08
2.52164e-08
8.90744e-09
3.1078e-09
1.07122e-09
3.64862e-10
1.2283e-10
4.08806e-11
1.34506e-11
4.37411e-12
1.41003e-12
4.5025e-13
1.42081e-13
4.42692e-14
1.35795e-14
4.06778e-15
1.16226e-15
2.91532e-16
3.73861e-17
2.96043e-17
2.29184e-16
9.3166e-16
3.37888e-15
1.18293e-14
4.09924e-14
1.40948e-13
4.81854e-13
1.6376e-12
5.52784e-12
1.85128e-11
6.14347e-11
2.0174e-10
6.54617e-10
2.09578e-09
6.60958e-09
2.0499e-08
6.24052e-08
1.861e-07
5.42375e-07
1.54061e-06
4.25105e-06
1.13482e-05
2.91562e-05
7.16206e-05
0.000166853
0.000365296
0.00073563
0.00135569
0.00230601
0.00365493
0.00545031
0.00771645
0.0104553
0.0136499
0.0172689
0.0212708
0.0256077
0.0302289
0.0350829
0.0401187
0.0452872
0.050542
0.05584
0.0611417
0.0664108
0.0716141
0.0767208
0.0816999
0.0865162
0.091122
0.0954427
0.0993463
0.102535
0.104586
0.104819
0.10156
0.0917535
0.0794724
0.0673718
0.0562294
0.0455631
0.0362356
0.0282791
0.0215871
0.0157685
0.0109883
0.00727429
0.00452818
0.0026226
0.00139917
0.000688295
0.000319493
0.00014111
5.98202e-05
2.4506e-05
9.76114e-06
3.7988e-06
1.44817e-06
5.4205e-07
1.99914e-07
7.26848e-08
2.6067e-08
9.22534e-09
3.22305e-09
1.11188e-09
3.78829e-10
1.27486e-10
4.23828e-11
1.39295e-11
4.53332e-12
1.45853e-12
4.63974e-13
1.45895e-13
4.53032e-14
1.38533e-14
4.13945e-15
1.18111e-15
2.96219e-16
3.80014e-17
3.21103e-17
2.48791e-16
1.01335e-15
3.6872e-15
1.29693e-14
4.50564e-14
1.5545e-13
5.33208e-13
1.81773e-12
6.15296e-12
2.06558e-11
6.86799e-11
2.2586e-10
7.33555e-10
2.34931e-09
7.4073e-09
2.29532e-08
6.97728e-08
2.07637e-07
6.03524e-07
1.70876e-06
4.69701e-06
1.24826e-05
3.19022e-05
7.78826e-05
0.000180148
0.000391265
0.000779859
0.00142424
0.00240377
0.00378493
0.00561361
0.00791253
0.0106825
0.0139061
0.0175516
0.0215775
0.0259363
0.0305773
0.0354493
0.0405013
0.0456844
0.0509521
0.0562615
0.0615727
0.0668494
0.0720579
0.0771672
0.0821451
0.0869556
0.0915486
0.0958442
0.0997039
0.102797
0.104723
0.104728
0.101035
0.090752
0.0783446
0.0663314
0.0552665
0.0447155
0.0355265
0.0277136
0.0211386
0.0154086
0.0107317
0.00710322
0.00442368
0.00256578
0.00137277
0.00067679
0.000315467
0.000139965
5.95805e-05
2.44969e-05
9.79252e-06
3.82312e-06
1.46228e-06
5.49285e-07
2.03055e-07
7.39435e-08
2.65479e-08
9.40256e-09
3.28637e-09
1.13394e-09
3.86378e-10
1.30035e-10
4.32324e-11
1.42059e-11
4.61388e-12
1.48144e-12
4.70273e-13
1.47559e-13
4.5723e-14
1.39541e-14
4.1631e-15
1.18692e-15
2.97682e-16
3.81988e-17
3.44103e-17
2.66828e-16
1.08879e-15
3.96734e-15
1.40007e-14
4.87711e-14
1.68719e-13
5.80251e-13
1.98295e-12
6.72672e-12
2.26227e-11
7.53252e-11
2.47951e-10
8.05698e-10
2.58039e-09
8.13205e-09
2.51751e-08
7.64185e-08
2.26988e-07
6.58243e-07
1.85853e-06
5.09215e-06
1.34819e-05
3.43057e-05
8.33284e-05
0.000191642
0.000413635
0.000818096
0.00148405
0.00249019
0.00390163
0.00576258
0.00809417
0.010896
0.0141495
0.0178227
0.0218737
0.0262548
0.0309158
0.0358051
0.0408722
0.0460682
0.0513466
0.0566645
0.061982
0.0672626
0.0724725
0.0775803
0.0825529
0.0873534
0.0919294
0.0961958
0.100006
0.102994
0.104781
0.104536
0.100314
0.0897693
0.0773267
0.0654218
0.0544162
0.0439751
0.0349165
0.0272324
0.0207539
0.0150955
0.0105043
0.00694639
0.00432243
0.00250563
0.00134056
0.000661032
0.000308239
0.00013706
5.85623e-05
2.41843e-05
9.70584e-06
3.80156e-06
1.45866e-06
5.49626e-07
2.03664e-07
7.43226e-08
2.67311e-08
9.48074e-09
3.31717e-09
1.14526e-09
3.90276e-10
1.31322e-10
4.3641e-11
1.43271e-11
4.64772e-12
1.49016e-12
4.72264e-13
1.47914e-13
4.57441e-14
1.39345e-14
4.15073e-15
1.18234e-15
2.96481e-16
3.80471e-17
3.65507e-17
2.83552e-16
1.15783e-15
4.2307e-15
1.49613e-14
5.22579e-14
1.81269e-13
6.25039e-13
2.14124e-12
7.27994e-12
2.45317e-11
8.18194e-11
2.69697e-10
8.77256e-10
2.81141e-09
8.86244e-09
2.74321e-08
8.32213e-08
2.46938e-07
7.15005e-07
2.01468e-06
5.50567e-06
1.45298e-05
3.68261e-05
8.90204e-05
0.000203566
0.000436568
0.000856771
0.00154378
0.00257552
0.00401573
0.00590713
0.00826946
0.0111012
0.014383
0.0180822
0.0221567
0.0265589
0.0312382
0.0361433
0.0412237
0.0464304
0.0517172
0.0570411
0.0623622
0.067644
0.0728526
0.0779563
0.0829216
0.0877104
0.0922678
0.0965057
0.100271
0.103157
0.104815
0.104316
0.099584
0.0888865
0.0764614
0.0646781
0.0536614
0.0433298
0.034395
0.0268251
0.0204247
0.0148257
0.0103084
0.00681096
0.00423494
0.00245386
0.00131315
0.000647952
0.000302553
0.000134758
5.76739e-05
2.38805e-05
9.60879e-06
3.77309e-06
1.45021e-06
5.4732e-07
2.03139e-07
7.42313e-08
2.67276e-08
9.48722e-09
3.32119e-09
1.14701e-09
3.90898e-10
1.31493e-10
4.36756e-11
1.43281e-11
4.64416e-12
1.48726e-12
4.70635e-13
1.47145e-13
4.5421e-14
1.38101e-14
4.10796e-15
1.1694e-15
2.93266e-16
3.76451e-17
3.84356e-17
2.98308e-16
1.22042e-15
4.46895e-15
1.584e-14
5.54541e-14
1.92789e-13
6.66174e-13
2.2866e-12
7.7876e-12
2.62813e-11
8.77601e-11
2.89542e-10
9.42365e-10
3.02087e-09
9.52205e-09
2.94618e-08
8.93118e-08
2.64723e-07
7.6542e-07
2.15298e-06
5.87135e-06
1.54566e-05
3.90602e-05
9.40856e-05
0.000214218
0.000457104
0.000891703
0.00159822
0.00265392
0.00412131
0.00604165
0.00843329
0.0112935
0.0146023
0.0183263
0.0224231
0.0268449
0.031541
0.0364604
0.0415523
0.0467679
0.0520612
0.0573891
0.0627118
0.0679927
0.0731982
0.0782966
0.0832537
0.0880306
0.0925708
0.096783
0.100508
0.103307
0.10485
0.10413
0.0989719
0.0881407
0.0757154
0.0640369
0.0530541
0.0428071
0.0339639
0.0264812
0.0201413
0.0145942
0.0101377
0.00669132
0.0041562
0.00240598
0.0012867
0.000634743
0.000296474
0.000132158
5.66227e-05
2.3462e-05
9.45118e-06
3.71743e-06
1.43252e-06
5.41682e-07
2.01358e-07
7.36546e-08
2.65444e-08
9.42912e-09
3.30275e-09
1.14106e-09
3.88941e-10
1.30803e-10
4.34196e-11
1.4231e-11
4.60634e-12
1.47325e-12
4.65645e-13
1.4542e-13
4.48392e-14
1.36197e-14
4.04781e-15
1.15168e-15
2.88797e-16
3.70744e-17
4.0229e-17
3.12428e-16
1.27952e-15
4.69182e-15
1.66583e-14
5.84281e-14
2.03515e-13
7.04537e-13
2.42249e-12
8.26363e-12
2.79277e-11
9.33732e-11
3.08374e-10
1.00444e-09
3.22154e-09
1.01572e-08
3.14258e-08
9.52339e-08
2.82092e-07
8.14832e-07
2.28886e-06
6.23099e-06
1.63675e-05
4.12506e-05
9.90334e-05
0.000224555
0.000476725
0.000924798
0.00164943
0.00272725
0.00421968
0.0061667
0.00858542
0.0114721
0.0148058
0.0185528
0.0226701
0.0271099
0.0318214
0.0367533
0.0418552
0.0470783
0.0523765
0.0577069
0.0630298
0.0683088
0.0735101
0.0786021
0.0835505
0.0883153
0.0928385
0.097026
0.100712
0.103448
0.10489
0.103979
0.0984622
0.0875313
0.0751425
0.0636404
0.0523583
0.0423112
0.0335816
0.0261799
0.0198934
0.0143953
0.00998864
0.00658586
0.00408628
0.00236313
0.00126282
0.000622767
0.000290918
0.000129754
5.56436e-05
2.30822e-05
9.30907e-06
3.66488e-06
1.41283e-06
5.34575e-07
1.9886e-07
7.28254e-08
2.62637e-08
9.33363e-09
3.26977e-09
1.12953e-09
3.84865e-10
1.29411e-10
4.29489e-11
1.40726e-11
4.55369e-12
1.45561e-12
4.59722e-13
1.4344e-13
4.41854e-14
1.34082e-14
3.98159e-15
1.13224e-15
2.83885e-16
3.64458e-17
4.18827e-17
3.25373e-16
1.33353e-15
4.89543e-15
1.74061e-14
6.1147e-14
2.13329e-13
7.3967e-13
2.54705e-12
8.70025e-12
2.94385e-11
9.85248e-11
3.25656e-10
1.06138e-09
3.40551e-09
1.07389e-08
3.32227e-08
1.00645e-07
2.97942e-07
8.5987e-07
2.41261e-06
6.55836e-06
1.71966e-05
4.32463e-05
0.000103553
0.000234064
0.00049458
0.000955075
0.00169637
0.00279455
0.00431004
0.00628161
0.00872525
0.0116362
0.0149929
0.0187608
0.0228969
0.0273529
0.0320781
0.0370212
0.0421317
0.0473609
0.0526628
0.0579946
0.0633168
0.068593
0.0737896
0.0788749
0.0838144
0.0885674
0.0930747
0.09724
0.100892
0.103574
0.104926
0.103848
0.0980151
0.0869877
0.0746002
0.0631372
0.0519082
0.0419281
0.0332637
0.0259208
0.0196779
0.014223
0.00985833
0.00649286
0.00402407
0.00232458
0.00124101
0.000611673
0.000285677
0.000127439
5.46779e-05
2.26978e-05
9.16161e-06
3.60991e-06
1.39279e-06
5.27384e-07
1.96303e-07
7.19069e-08
2.59412e-08
9.2216e-09
3.23134e-09
1.11647e-09
3.80469e-10
1.27914e-10
4.24395e-11
1.38998e-11
4.49541e-12
1.43607e-12
4.53223e-13
1.41299e-13
4.34889e-14
1.31857e-14
3.91285e-15
1.11226e-15
2.78858e-16
3.58027e-17
4.33798e-17
3.37097e-16
1.38252e-15
5.08045e-15
1.80866e-14
6.36251e-14
2.22286e-13
7.7178e-13
2.66107e-12
9.10058e-12
3.08261e-11
1.03265e-10
3.4159e-10
1.11399e-09
3.57581e-09
1.12784e-08
3.48926e-08
1.05683e-07
3.12722e-07
9.01919e-07
2.52821e-06
6.86418e-06
1.79705e-05
4.51052e-05
0.000107749
0.000242867
0.000510998
0.000982813
0.00173923
0.00285586
0.00439221
0.00638602
0.00885223
0.0117852
0.0151626
0.0189495
0.0231025
0.0275731
0.0323105
0.0372634
0.0423812
0.0476155
0.0529202
0.0582527
0.0635736
0.0688467
0.0740383
0.0791169
0.0840478
0.0887897
0.0932825
0.0974278
0.101049
0.103685
0.104959
0.103735
0.0976265
0.0865159
0.0741307
0.0627048
0.0515267
0.041601
0.0329897
0.0256962
0.0194899
0.0140733
0.00974447
0.00641105
0.00396899
0.00229023
0.00122141
0.000601659
0.000280911
0.000125314
5.37816e-05
2.23365e-05
9.02105e-06
3.55671e-06
1.37308e-06
5.20202e-07
1.93719e-07
7.09873e-08
2.56168e-08
9.10811e-09
3.19191e-09
1.10286e-09
3.75798e-10
1.26321e-10
4.18993e-11
1.37178e-11
4.43452e-12
1.41586e-12
4.4657e-13
1.39132e-13
4.27915e-14
1.29654e-14
3.84531e-15
1.09272e-15
2.73955e-16
3.51757e-17
4.47277e-17
3.47655e-16
1.42664e-15
5.24715e-15
1.87001e-14
6.58608e-14
2.30372e-13
8.00791e-13
2.76416e-12
9.46279e-12
3.20825e-11
1.0756e-10
3.56033e-10
1.1617e-09
3.7303e-09
1.1768e-08
3.64082e-08
1.10256e-07
3.26136e-07
9.40078e-07
2.63311e-06
7.1416e-06
1.86723e-05
4.67899e-05
0.00011155
0.000250828
0.000525828
0.00100783
0.00177785
0.00291104
0.00446613
0.00647988
0.0089663
0.011919
0.0153149
0.0191188
0.0232868
0.0277703
0.0325183
0.0374797
0.0426039
0.0478423
0.0531492
0.058482
0.0638013
0.0690711
0.0742578
0.0793301
0.084253
0.0889848
0.0934644
0.097592
0.101187
0.103782
0.104988
0.103637
0.0972901
0.0861081
0.0737255
0.0623324
0.0511984
0.0413191
0.0327531
0.0255016
0.0193266
0.0139431
0.00964514
0.00633936
0.00392049
0.0022598
0.00120393
0.000592678
0.000276605
0.000123377
5.29564e-05
2.20003e-05
8.88886e-06
3.50616e-06
1.35416e-06
5.13238e-07
1.91192e-07
7.00809e-08
2.5295e-08
8.99493e-09
3.15244e-09
1.08921e-09
3.71114e-10
1.24726e-10
4.13602e-11
1.3537e-11
4.3744e-12
1.39604e-12
4.40093e-13
1.37037e-13
4.21223e-14
1.27551e-14
3.78127e-15
1.07429e-15
2.69339e-16
3.45857e-17
4.59263e-17
3.57043e-16
1.46588e-15
5.3955e-15
1.92466e-14
6.78543e-14
2.37589e-13
8.26707e-13
2.85632e-12
9.78691e-12
3.32077e-11
1.1141e-10
3.68991e-10
1.20454e-09
3.86916e-09
1.22085e-08
3.77728e-08
1.14376e-07
3.3823e-07
9.74491e-07
2.72771e-06
7.39173e-06
1.93046e-05
4.83061e-05
0.000114964
0.000257964
0.000539081
0.00103014
0.00181222
0.00296007
0.00453172
0.00656309
0.00906739
0.0120375
0.0154498
0.0192686
0.0234498
0.0279446
0.0327021
0.0376708
0.0428004
0.0480422
0.0533507
0.0586834
0.064001
0.0692676
0.0744498
0.0795162
0.0844318
0.0891544
0.0936225
0.0977346
0.101307
0.103866
0.105014
0.103553
0.0970004
0.0857576
0.0733781
0.0620129
0.0509165
0.0410769
0.0325496
0.0253337
0.0191854
0.0138306
0.00955904
0.00627699
0.00387813
0.00223312
0.00118852
0.000584742
0.000272786
0.000121649
5.22152e-05
2.16961e-05
8.7683e-06
3.45969e-06
1.33664e-06
5.06747e-07
1.88821e-07
6.92258e-08
2.499e-08
8.88724e-09
3.11479e-09
1.07617e-09
3.66637e-10
1.23202e-10
4.08465e-11
1.33653e-11
4.31751e-12
1.37736e-12
4.34022e-13
1.35085e-13
4.15024e-14
1.25621e-14
3.72278e-15
1.05755e-15
2.6517e-16
3.40536e-17
4.69811e-17
3.65302e-16
1.50038e-15
5.52592e-15
1.97271e-14
6.96074e-14
2.43939e-13
8.49517e-13
2.93748e-12
1.00724e-11
3.41994e-11
1.14804e-10
3.80424e-10
1.24235e-09
3.99178e-09
1.25976e-08
3.89785e-08
1.18017e-07
3.48919e-07
1.00491e-06
2.81132e-06
7.61272e-06
1.98629e-05
4.96437e-05
0.000117972
0.000264241
0.000550718
0.00104969
0.00184229
0.00300293
0.004589
0.00663572
0.00915556
0.0121408
0.0155673
0.0193991
0.0235917
0.0280963
0.0328618
0.0378368
0.0429709
0.0482156
0.0535253
0.0588577
0.0641737
0.0694373
0.0746153
0.0796765
0.0845856
0.0893003
0.0937583
0.0978569
0.101409
0.103939
0.105036
0.103481
0.0967533
0.0854592
0.0730827
0.0617416
0.050677
0.0408707
0.0323761
0.0251902
0.0190644
0.0137342
0.00948527
0.0062234
0.0038416
0.00221004
0.00117514
0.000577833
0.00026945
0.000120133
5.15618e-05
2.14263e-05
8.66075e-06
3.41799e-06
1.32083e-06
5.00858e-07
1.86661e-07
6.84436e-08
2.47101e-08
8.7882e-09
3.08011e-09
1.06414e-09
3.6251e-10
1.218e-10
4.03741e-11
1.32078e-11
4.26547e-12
1.36034e-12
4.28508e-13
1.33318e-13
4.0944e-14
1.23891e-14
3.67097e-15
1.04299e-15
2.6161e-16
3.36025e-17
4.78902e-17
3.72419e-16
1.53011e-15
5.63826e-15
2.0141e-14
7.11177e-14
2.4941e-13
8.69178e-13
3.00746e-12
1.03187e-11
3.50552e-11
1.17735e-10
3.90299e-10
1.27503e-09
4.09779e-09
1.29341e-08
4.00217e-08
1.21168e-07
3.58172e-07
1.03124e-06
2.88369e-06
7.80396e-06
2.03458e-05
5.07997e-05
0.000120569
0.000269649
0.000560727
0.00106648
0.00186808
0.00303963
0.00463801
0.0066978
0.00923089
0.012229
0.0156677
0.0195104
0.0237127
0.0282256
0.0329978
0.0379781
0.043116
0.048363
0.0536737
0.0590057
0.0643202
0.0695812
0.0747556
0.0798122
0.0847158
0.0894236
0.0938731
0.0979606
0.101495
0.103999
0.105055
0.103421
0.0965453
0.0852079
0.0728349
0.0615137
0.0504759
0.0406976
0.0322304
0.0250693
0.0189623
0.0136529
0.00942289
0.006178
0.00381061
0.0021904
0.00116372
0.000571933
0.000266595
0.000118833
5.09989e-05
2.11929e-05
8.56728e-06
3.38159e-06
1.30696e-06
4.95675e-07
1.84753e-07
6.77509e-08
2.44617e-08
8.70011e-09
3.04922e-09
1.05343e-09
3.58833e-10
1.2055e-10
3.9954e-11
1.30679e-11
4.21936e-12
1.34529e-12
4.23649e-13
1.31765e-13
4.04532e-14
1.22363e-14
3.62481e-15
1.02991e-15
2.58424e-16
3.32041e-17
4.86518e-17
3.78381e-16
1.55501e-15
5.73234e-15
2.04876e-14
7.2383e-14
2.53995e-13
8.85657e-13
3.06612e-12
1.05253e-11
3.57732e-11
1.20195e-10
3.98589e-10
1.30247e-09
4.18685e-09
1.32169e-08
4.08986e-08
1.23817e-07
3.65952e-07
1.05338e-06
2.94454e-06
7.96469e-06
2.07515e-05
5.17701e-05
0.000122746
0.000274179
0.000569095
0.0010805
0.00188957
0.00307019
0.00467879
0.00674944
0.0092935
0.0123023
0.015751
0.0196028
0.0238132
0.0283328
0.0331107
0.0380952
0.0432361
0.048485
0.0537964
0.0591281
0.0644412
0.0697
0.0748713
0.0799242
0.0848231
0.0895254
0.0939679
0.0980463
0.101565
0.104049
0.10507
0.103371
0.0963751
0.0850025
0.0726324
0.0613277
0.0503116
0.040556
0.0321111
0.0249704
0.0188785
0.0135861
0.00937161
0.00614058
0.00378499
0.00217413
0.00115424
0.000567029
0.000264219
0.000117747
5.05276e-05
2.09968e-05
8.48845e-06
3.35078e-06
1.29519e-06
4.91262e-07
1.83124e-07
6.71582e-08
2.42487e-08
8.6245e-09
3.02268e-09
1.04422e-09
3.55671e-10
1.19476e-10
3.95931e-11
1.29479e-11
4.17987e-12
1.33243e-12
4.19504e-13
1.30443e-13
4.00369e-14
1.21071e-14
3.58573e-15
1.01869e-15
2.5561e-16
3.28442e-17
4.92651e-17
3.83181e-16
1.57505e-15
5.80808e-15
2.07667e-14
7.34016e-14
2.57687e-13
8.98927e-13
3.11338e-12
1.06917e-11
3.63517e-11
1.22177e-10
4.05273e-10
1.3246e-09
4.25869e-09
1.34451e-08
4.16063e-08
1.25956e-07
3.72231e-07
1.07125e-06
2.99364e-06
8.09436e-06
2.10786e-05
5.2552e-05
0.000124499
0.000277821
0.000575813
0.00109174
0.00190679
0.00309465
0.0047114
0.00679069
0.00934351
0.0123608
0.0158175
0.0196765
0.0238933
0.0284183
0.0332006
0.0381886
0.0433318
0.0485822
0.0538941
0.0592255
0.0645375
0.0697944
0.0749633
0.0800131
0.0849083
0.0896062
0.0940432
0.0981143
0.101621
0.104089
0.105082
0.103332
0.0962407
0.0848404
0.0724729
0.061181
0.0501821
0.0404444
0.032017
0.0248923
0.0188122
0.0135332
0.00933088
0.00611078
0.00376454
0.00216113
0.00114665
0.000563101
0.000262314
0.000116875
5.01481e-05
2.08384e-05
8.42461e-06
3.32575e-06
1.28561e-06
4.87659e-07
1.81792e-07
6.66724e-08
2.40739e-08
8.56236e-09
3.00085e-09
1.03664e-09
3.53069e-10
1.18593e-10
3.92964e-11
1.28493e-11
4.14746e-12
1.32189e-12
4.16112e-13
1.29364e-13
3.96978e-14
1.20022e-14
3.55403e-15
1.00956e-15
2.53311e-16
3.2549e-17
4.97294e-17
3.86815e-16
1.59022e-15
5.86541e-15
2.09779e-14
7.41727e-14
2.60481e-13
9.08973e-13
3.14915e-12
1.08177e-11
3.67899e-11
1.23679e-10
4.10337e-10
1.34137e-09
4.31313e-09
1.3618e-08
4.21426e-08
1.27576e-07
3.76991e-07
1.08479e-06
3.03085e-06
8.19261e-06
2.13263e-05
5.31439e-05
0.000125825
0.000280573
0.000580883
0.00110021
0.00191976
0.00311305
0.00473591
0.00682167
0.00938104
0.0124047
0.0158673
0.0197318
0.0239533
0.0284824
0.0332679
0.0382584
0.0434035
0.0486548
0.0539671
0.0592982
0.0646094
0.0698649
0.075032
0.0800794
0.0849719
0.0896664
0.0940993
0.098165
0.101662
0.104118
0.105091
0.103303
0.0961403
0.0847194
0.0723533
0.0610715
0.0500856
0.0403613
0.0319468
0.0248342
0.0187627
0.0134936
0.0093003
0.00608834
0.00374909
0.00215126
0.00114089
0.000560125
0.00026087
0.000116213
4.9859e-05
2.07175e-05
8.37574e-06
3.30656e-06
1.27824e-06
4.84887e-07
1.80766e-07
6.62979e-08
2.3939e-08
8.51439e-09
2.984e-09
1.03079e-09
3.51059e-10
1.17911e-10
3.90674e-11
1.27733e-11
4.12248e-12
1.31377e-12
4.13503e-13
1.28535e-13
3.94376e-14
1.19218e-14
3.52977e-15
1.00258e-15
2.51551e-16
3.2323e-17
5.00431e-17
3.8927e-16
1.60046e-15
5.90407e-15
2.11202e-14
7.46916e-14
2.6236e-13
9.15721e-13
3.17317e-12
1.09022e-11
3.70835e-11
1.24685e-10
4.13726e-10
1.35259e-09
4.34953e-09
1.37336e-08
4.2501e-08
1.28659e-07
3.80169e-07
1.09384e-06
3.05569e-06
8.25817e-06
2.14916e-05
5.35387e-05
0.000126709
0.000282407
0.00058426
0.00110585
0.00192839
0.00312529
0.00475222
0.0068423
0.00940602
0.0124339
0.0159005
0.0197686
0.0239932
0.028525
0.0333127
0.0383049
0.0434511
0.0487032
0.0540157
0.0593466
0.0646572
0.0699118
0.0750776
0.0801235
0.0850142
0.0897064
0.0941365
0.0981985
0.101689
0.104137
0.105097
0.103283
0.0960736
0.084639
0.0722742
0.060999
0.0500215
0.040306
0.0319002
0.0247955
0.0187297
0.0134672
0.00927988
0.0060733
0.00373867
0.00214456
0.00113692
0.000558059
0.000259863
0.00011575
4.96568e-05
2.06329e-05
8.34159e-06
3.29317e-06
1.27311e-06
4.82959e-07
1.80053e-07
6.60384e-08
2.38457e-08
8.48126e-09
2.97237e-09
1.02675e-09
3.49674e-10
1.17441e-10
3.89097e-11
1.27209e-11
4.1053e-12
1.30819e-12
4.1171e-13
1.27965e-13
3.92588e-14
1.18666e-14
3.51311e-15
9.9779e-16
2.50344e-16
3.21679e-17
5.02002e-17
3.90495e-16
1.60555e-15
5.92316e-15
2.11901e-14
7.49448e-14
2.63272e-13
9.18981e-13
3.18471e-12
1.09427e-11
3.72236e-11
1.25163e-10
4.15332e-10
1.35789e-09
4.36668e-09
1.37879e-08
4.26692e-08
1.29166e-07
3.81656e-07
1.09806e-06
3.06729e-06
8.28878e-06
2.15688e-05
5.37231e-05
0.000127122
0.000283266
0.000585846
0.0011085
0.00193247
0.00313111
0.00476
0.00685217
0.00941802
0.012448
0.0159165
0.0197864
0.0240126
0.0285458
0.0333346
0.0383276
0.0434744
0.0487269
0.0540395
0.0593704
0.0646807
0.0699349
0.0751
0.0801452
0.085035
0.0897261
0.0941548
0.098215
0.101702
0.104146
0.1051
0.103273
0.0960402
0.0845988
0.0722348
0.0609629
0.0499897
0.0402787
0.0318772
0.0247765
0.0187136
0.0134544
0.00927005
0.00606614
0.00373375
0.00214134
0.00113493
0.000556958
0.000259308
0.000115494
4.95458e-05
2.05872e-05
8.32344e-06
3.28616e-06
1.27046e-06
4.81975e-07
1.79693e-07
6.59077e-08
2.37989e-08
8.46463e-09
2.96653e-09
1.02472e-09
3.48977e-10
1.17204e-10
3.88299e-11
1.26944e-11
4.09655e-12
1.30534e-12
4.10789e-13
1.27672e-13
3.91664e-14
1.18379e-14
3.50443e-15
9.95285e-16
2.49711e-16
3.20864e-17
5.02113e-17
3.90581e-16
1.6059e-15
5.92442e-15
2.11945e-14
7.49601e-14
2.63324e-13
9.1916e-13
3.18532e-12
1.09447e-11
3.72304e-11
1.25185e-10
4.15405e-10
1.35813e-09
4.36743e-09
1.37902e-08
4.26761e-08
1.29187e-07
3.81715e-07
1.09823e-06
3.06774e-06
8.28994e-06
2.15717e-05
5.373e-05
0.000127138
0.000283298
0.000585905
0.0011086
0.00193262
0.00313132
0.00476027
0.00685251
0.00941843
0.0124485
0.0159171
0.019787
0.0240132
0.0285464
0.0333352
0.0383283
0.0434751
0.0487275
0.0540402
0.059371
0.0646813
0.0699354
0.0751005
0.0801457
0.0850354
0.0897265
0.0941551
0.0982152
0.101703
0.104146
0.105099
0.103273
0.0960386
0.084597
0.0722331
0.0609613
0.0499883
0.0402774
0.0318762
0.0247756
0.0187127
0.0134537
0.00926952
0.00606574
0.00373346
0.00214116
0.00113481
0.000556898
0.000259278
0.000115479
4.95389e-05
2.05841e-05
8.32213e-06
3.28562e-06
1.27024e-06
4.81889e-07
1.79659e-07
6.58949e-08
2.37941e-08
8.46287e-09
2.96589e-09
1.02449e-09
3.48897e-10
1.17176e-10
3.88203e-11
1.26911e-11
4.09546e-12
1.30498e-12
4.10672e-13
1.27634e-13
3.91543e-14
1.18341e-14
3.50328e-15
9.94947e-16
2.49624e-16
3.2075e-17
5.00758e-17
3.89522e-16
1.60149e-15
5.90777e-15
2.11333e-14
7.47368e-14
2.62516e-13
9.16256e-13
3.17498e-12
1.09083e-11
3.71039e-11
1.24752e-10
4.13943e-10
1.35328e-09
4.3517e-09
1.37403e-08
4.25212e-08
1.28718e-07
3.8034e-07
1.09431e-06
3.05698e-06
8.26154e-06
2.15e-05
5.35587e-05
0.000126753
0.000282499
0.00058443
0.00110613
0.00192882
0.0031259
0.00475302
0.0068433
0.00940722
0.0124353
0.015902
0.0197703
0.023995
0.0285269
0.0333146
0.0383068
0.0434531
0.0487051
0.0540176
0.0593485
0.0646589
0.0699134
0.0750791
0.0801249
0.0850154
0.0897075
0.0941374
0.0981991
0.101689
0.104137
0.105096
0.103281
0.0960689
0.0846336
0.072269
0.0609942
0.0500172
0.0403023
0.031897
0.0247927
0.0187273
0.0134652
0.0092783
0.00607211
0.00373782
0.002144
0.00113658
0.000557876
0.000259769
0.000115704
4.96356e-05
2.06235e-05
8.33759e-06
3.29152e-06
1.27245e-06
4.827e-07
1.79953e-07
6.60005e-08
2.38316e-08
8.47606e-09
2.97048e-09
1.02608e-09
3.49437e-10
1.17358e-10
3.88814e-11
1.27113e-11
4.10209e-12
1.30713e-12
4.11363e-13
1.27853e-13
3.92231e-14
1.18554e-14
3.50969e-15
9.96788e-16
2.50087e-16
3.21343e-17
4.9787e-17
3.87261e-16
1.59204e-15
5.87201e-15
2.10012e-14
7.42533e-14
2.60759e-13
9.09924e-13
3.15238e-12
1.08286e-11
3.68261e-11
1.23798e-10
4.10723e-10
1.34261e-09
4.31701e-09
1.363e-08
4.21788e-08
1.27683e-07
3.77298e-07
1.08565e-06
3.03317e-06
8.19866e-06
2.13415e-05
5.31798e-05
0.000125905
0.000280739
0.000581187
0.00110071
0.00192052
0.00311412
0.00473731
0.00682343
0.00938312
0.0124071
0.01587
0.0197347
0.0239563
0.0284856
0.0332712
0.0382617
0.0434068
0.0486581
0.0539703
0.0593013
0.0646123
0.0698677
0.0750345
0.0800817
0.084974
0.0896682
0.0941008
0.0981661
0.101662
0.104118
0.10509
0.103299
0.0961323
0.0847101
0.0723444
0.0610633
0.0500781
0.0403547
0.0319411
0.0248293
0.0187584
0.01349
0.00929746
0.00608619
0.00374756
0.00215025
0.00114027
0.000559795
0.000260702
0.000116132
4.98216e-05
2.0701e-05
8.36868e-06
3.30364e-06
1.27707e-06
4.84426e-07
1.80588e-07
6.62307e-08
2.3914e-08
8.50524e-09
2.98069e-09
1.02961e-09
3.50646e-10
1.17767e-10
3.90184e-11
1.27567e-11
4.11697e-12
1.31195e-12
4.12911e-13
1.28344e-13
3.93769e-14
1.19028e-14
3.52399e-15
1.0009e-15
2.51121e-16
3.22669e-17
4.93382e-17
3.83747e-16
1.57736e-15
5.8165e-15
2.07964e-14
7.35052e-14
2.58045e-13
9.00158e-13
3.11757e-12
1.07059e-11
3.63991e-11
1.22333e-10
4.05781e-10
1.32623e-09
4.26381e-09
1.34609e-08
4.1654e-08
1.26096e-07
3.72636e-07
1.07238e-06
2.9967e-06
8.10235e-06
2.10985e-05
5.25994e-05
0.000124605
0.00027804
0.000576216
0.00109241
0.00190781
0.00309609
0.00471329
0.00679305
0.00934633
0.0123641
0.0158211
0.0196805
0.0238975
0.0284228
0.0332051
0.0381932
0.0433365
0.0485867
0.0538986
0.0592298
0.0645416
0.0697982
0.0749668
0.0800163
0.0849112
0.0896087
0.0940453
0.0981159
0.101621
0.104088
0.105081
0.103327
0.0962294
0.0848272
0.0724598
0.0611692
0.0501715
0.0404351
0.0320089
0.0248855
0.0188062
0.0135283
0.00932692
0.00610778
0.00376241
0.00215971
0.00114579
0.00056264
0.00026208
0.000116762
5.00958e-05
2.08153e-05
8.41475e-06
3.32169e-06
1.28397e-06
4.87019e-07
1.81546e-07
6.65795e-08
2.40394e-08
8.54973e-09
2.9963e-09
1.03502e-09
3.525e-10
1.18396e-10
3.92291e-11
1.28266e-11
4.13989e-12
1.31939e-12
4.153e-13
1.29103e-13
3.96147e-14
1.19762e-14
3.54611e-15
1.00725e-15
2.52721e-16
3.24722e-17
4.87352e-17
3.79028e-16
1.55765e-15
5.74202e-15
2.05219e-14
7.2503e-14
2.54412e-13
8.87093e-13
3.07103e-12
1.05419e-11
3.58289e-11
1.20379e-10
3.9919e-10
1.3044e-09
4.19293e-09
1.32357e-08
4.09556e-08
1.23986e-07
3.66437e-07
1.05474e-06
2.94822e-06
7.97428e-06
2.07755e-05
5.1827e-05
0.000122873
0.000274443
0.000569581
0.00108131
0.00189081
0.00307194
0.00468111
0.00675234
0.009297
0.0123063
0.0157555
0.0196078
0.0238185
0.0283384
0.0331165
0.0381011
0.0432421
0.0484909
0.0538021
0.0591336
0.0644465
0.0697049
0.0748759
0.0799283
0.0848268
0.0895286
0.0939706
0.0980483
0.101566
0.104049
0.105068
0.103365
0.0963608
0.0849859
0.0726163
0.0613128
0.0502982
0.0405442
0.0321009
0.0249616
0.0188709
0.0135798
0.00936653
0.00613673
0.00378225
0.00217232
0.00115314
0.000566437
0.000263918
0.000117602
5.04607e-05
2.09673e-05
8.47587e-06
3.34559e-06
1.29311e-06
4.90446e-07
1.82811e-07
6.70401e-08
2.42049e-08
8.60848e-09
3.01691e-09
1.04217e-09
3.54952e-10
1.19228e-10
3.95083e-11
1.29193e-11
4.17034e-12
1.32929e-12
4.18483e-13
1.30115e-13
3.99326e-14
1.20745e-14
3.57578e-15
1.01579e-15
2.54872e-16
3.27484e-17
4.79814e-17
3.73127e-16
1.53301e-15
5.64888e-15
2.01787e-14
7.12502e-14
2.49872e-13
8.70772e-13
3.01292e-12
1.03373e-11
3.51174e-11
1.17941e-10
3.90973e-10
1.2772e-09
4.10464e-09
1.29553e-08
4.0086e-08
1.21358e-07
3.58721e-07
1.03278e-06
2.88787e-06
7.81487e-06
2.03731e-05
5.08648e-05
0.000120714
0.000269953
0.000561287
0.00106742
0.00186952
0.00304167
0.00464073
0.00670123
0.00923502
0.0122338
0.0156731
0.0195164
0.0237191
0.0282323
0.0330048
0.0379852
0.0431231
0.0483701
0.0536806
0.0590124
0.0643265
0.0695871
0.0747611
0.0798172
0.0847202
0.0894275
0.0938763
0.097963
0.101496
0.103999
0.105052
0.103413
0.0965283
0.0851885
0.0728175
0.0614963
0.0504598
0.0406833
0.0322179
0.0250586
0.018953
0.0136452
0.0094167
0.0061733
0.00380726
0.00218819
0.00116238
0.000571212
0.000266229
0.000118656
5.09174e-05
2.11569e-05
8.55197e-06
3.37528e-06
1.30444e-06
4.94686e-07
1.84374e-07
6.76081e-08
2.44088e-08
8.68079e-09
3.04227e-09
1.05096e-09
3.57969e-10
1.20252e-10
3.98522e-11
1.30336e-11
4.20795e-12
1.34154e-12
4.22427e-13
1.31372e-13
4.03281e-14
1.2197e-14
3.61284e-15
1.02647e-15
2.5756e-16
3.30935e-17
4.70801e-17
3.6607e-16
1.50352e-15
5.53744e-15
1.9768e-14
6.97507e-14
2.44438e-13
8.5124e-13
2.94338e-12
1.00925e-11
3.42667e-11
1.15028e-10
3.81154e-10
1.2447e-09
3.99921e-09
1.26206e-08
3.90484e-08
1.18224e-07
3.49517e-07
1.00659e-06
2.81588e-06
7.62467e-06
1.98929e-05
4.97153e-05
0.000118133
0.000264577
0.000551344
0.00105075
0.00184391
0.00300524
0.0045921
0.00663963
0.0091603
0.0121463
0.0155736
0.019406
0.0235992
0.0281042
0.0328699
0.0378451
0.0429793
0.0482239
0.0535334
0.0588656
0.0641811
0.0694443
0.0746218
0.0796824
0.0845908
0.0893048
0.0937619
0.0978596
0.101411
0.103938
0.105033
0.103472
0.0967328
0.0854352
0.0730594
0.06172
0.0506577
0.0408537
0.0323614
0.0251776
0.0190534
0.0137251
0.00947797
0.00621785
0.00383765
0.00220742
0.00117354
0.00057698
0.000269016
0.000119924
5.14655e-05
2.13838e-05
8.6427e-06
3.41057e-06
1.31785e-06
4.99696e-07
1.86216e-07
6.82761e-08
2.46481e-08
8.76558e-09
3.07197e-09
1.06126e-09
3.61502e-10
1.21452e-10
4.02555e-11
1.31679e-11
4.25219e-12
1.35597e-12
4.27089e-13
1.32861e-13
4.07981e-14
1.23431e-14
3.65694e-15
1.03909e-15
2.60713e-16
3.34962e-17
4.6032e-17
3.57863e-16
1.46923e-15
5.40777e-15
1.92901e-14
6.80066e-14
2.38119e-13
8.28536e-13
2.86259e-12
9.80817e-12
3.3279e-11
1.11646e-10
3.69766e-10
1.20703e-09
3.87705e-09
1.2233e-08
3.78472e-08
1.14596e-07
3.38868e-07
9.76284e-07
2.73259e-06
7.40454e-06
1.93368e-05
4.83832e-05
0.000115138
0.000258328
0.000539763
0.0010313
0.00181401
0.00296264
0.00453517
0.00656747
0.00907272
0.0120437
0.0154569
0.0192764
0.0234583
0.0279536
0.0327114
0.0376803
0.04281
0.0480517
0.05336
0.0586924
0.0640096
0.0692756
0.0744571
0.0795229
0.0844377
0.0891595
0.0936266
0.0977376
0.101308
0.103866
0.10501
0.103542
0.0969776
0.0857313
0.0733516
0.0619889
0.050895
0.0410577
0.0325328
0.0253193
0.0191728
0.0138201
0.00955063
0.0062706
0.00387357
0.0022301
0.00118668
0.000583754
0.000272283
0.000121407
5.21038e-05
2.1647e-05
8.74747e-06
3.45114e-06
1.33322e-06
5.05411e-07
1.8831e-07
6.90336e-08
2.49189e-08
8.86131e-09
3.10547e-09
1.07287e-09
3.65484e-10
1.22805e-10
4.0711e-11
1.33197e-11
4.30236e-12
1.37239e-12
4.32405e-13
1.34565e-13
4.1337e-14
1.25102e-14
3.70694e-15
1.05298e-15
2.6402e-16
3.3906e-17
4.48402e-17
3.48527e-16
1.4302e-15
5.26017e-15
1.87462e-14
6.60217e-14
2.3093e-13
8.02715e-13
2.77073e-12
9.48508e-12
3.21572e-11
1.07808e-10
3.56843e-10
1.1643e-09
3.73854e-09
1.17936e-08
3.6486e-08
1.10487e-07
3.26805e-07
9.4196e-07
2.63824e-06
7.15509e-06
1.87063e-05
4.68716e-05
0.000111734
0.000251218
0.000526561
0.00100908
0.0017798
0.00291385
0.00446991
0.00648471
0.0089722
0.0119259
0.0153228
0.0191275
0.0232962
0.0277803
0.0325288
0.0374904
0.0426147
0.047853
0.0531597
0.0584921
0.0638109
0.0690801
0.0742661
0.0793376
0.0842596
0.0889904
0.0934689
0.0975953
0.101189
0.103781
0.104984
0.103625
0.0972643
0.0860783
0.0736963
0.0623052
0.0511737
0.0412972
0.032734
0.0254853
0.0193123
0.0139312
0.00963557
0.00633209
0.0039153
0.00225637
0.00120184
0.000591552
0.000276032
0.000123101
5.28295e-05
2.19445e-05
8.86521e-06
3.49646e-06
1.35029e-06
5.11727e-07
1.90614e-07
6.98638e-08
2.52147e-08
8.96568e-09
3.14194e-09
1.08549e-09
3.69816e-10
1.24279e-10
4.12081e-11
1.34859e-11
4.35743e-12
1.39047e-12
4.38284e-13
1.36456e-13
4.19379e-14
1.26975e-14
3.76365e-15
1.06915e-15
2.68027e-16
3.44152e-17
4.35001e-17
3.3803e-16
1.38632e-15
5.0943e-15
1.81355e-14
6.37955e-14
2.22875e-13
7.73805e-13
2.66797e-12
9.12392e-12
3.09042e-11
1.03524e-10
3.42433e-10
1.1167e-09
3.58438e-09
1.1305e-08
3.49734e-08
1.05923e-07
3.13417e-07
9.03875e-07
2.53355e-06
6.87825e-06
1.80061e-05
4.51907e-05
0.000107943
0.000243278
0.000511776
0.000984146
0.00174132
0.00285888
0.00439631
0.00639128
0.00885866
0.0117928
0.0151713
0.0189591
0.0231129
0.0275842
0.032322
0.0372752
0.0423932
0.0476273
0.0529318
0.0582639
0.0635843
0.0688566
0.0740474
0.0791251
0.084055
0.0887958
0.0932874
0.0974313
0.101051
0.103684
0.104954
0.103721
0.0975975
0.0864822
0.0740973
0.0626738
0.0514987
0.0415762
0.0329682
0.0256778
0.0194739
0.0140599
0.00973369
0.00640289
0.00396319
0.00228639
0.00121907
0.000600396
0.000280267
0.000125004
5.36391e-05
2.22739e-05
8.99459e-06
3.54587e-06
1.36876e-06
5.18515e-07
1.93074e-07
7.07452e-08
2.55273e-08
9.07553e-09
3.18022e-09
1.09873e-09
3.74357e-10
1.25825e-10
4.17307e-11
1.36612e-11
4.41575e-12
1.4097e-12
4.44572e-13
1.38491e-13
4.2588e-14
1.29018e-14
3.82587e-15
1.08706e-15
2.72506e-16
3.49872e-17
4.20115e-17
3.26369e-16
1.33758e-15
4.91018e-15
1.7458e-14
6.13274e-14
2.13951e-13
7.418e-13
2.5543e-12
8.72467e-12
2.952e-11
9.87939e-11
3.26533e-10
1.0642e-09
3.41439e-09
1.07664e-08
3.33062e-08
1.00893e-07
2.98659e-07
8.6189e-07
2.41812e-06
6.57291e-06
1.72335e-05
4.33353e-05
0.000103755
0.000234494
0.0004954
0.00095649
0.0016986
0.00279779
0.00431445
0.00628729
0.00873223
0.0116445
0.0150023
0.0187713
0.0229083
0.0273651
0.0320908
0.0370342
0.0421448
0.0473739
0.0526755
0.0580069
0.0633285
0.0686039
0.0737995
0.0788839
0.0838223
0.088574
0.09308
0.0972437
0.100893
0.103573
0.10492
0.103833
0.0979822
0.086949
0.0745615
0.063101
0.0518758
0.0418997
0.0332392
0.0259
0.0196598
0.0142079
0.00984627
0.00648375
0.0040176
0.00232031
0.0012384
0.000610266
0.000284959
0.000127093
5.45195e-05
2.26284e-05
9.13228e-06
3.5979e-06
1.388e-06
5.2552e-07
1.95591e-07
7.16396e-08
2.58425e-08
9.18572e-09
3.21849e-09
1.11193e-09
3.78888e-10
1.27371e-10
4.2255e-11
1.3838e-11
4.47491e-12
1.42935e-12
4.51043e-13
1.406e-13
4.32669e-14
1.31163e-14
3.89166e-15
1.10608e-15
2.77279e-16
3.55973e-17
4.03678e-17
3.13499e-16
1.28386e-15
4.70757e-15
1.67135e-14
5.86186e-14
2.04169e-13
7.06766e-13
2.43005e-12
8.28902e-12
2.80122e-11
9.36513e-11
3.09277e-10
1.00733e-09
3.23066e-09
1.01854e-08
3.15114e-08
9.54879e-08
2.82827e-07
8.16904e-07
2.29453e-06
6.24596e-06
1.64054e-05
4.13425e-05
9.92433e-05
0.000225001
0.000477586
0.000926288
0.00165179
0.0027307
0.0042244
0.00617279
0.00859293
0.011481
0.0148161
0.0185642
0.0226825
0.0271231
0.0318351
0.0367675
0.0418695
0.0470925
0.0523903
0.0577202
0.0630424
0.0683206
0.0735209
0.0786118
0.083559
0.0883224
0.0928441
0.0970299
0.100714
0.103447
0.104883
0.103962
0.0984252
0.0874872
0.0750966
0.0635932
0.0523201
0.0422786
0.0335538
0.0261564
0.019873
0.0143783
0.00997511
0.0065757
0.0040791
0.0023584
0.00125995
0.000621206
0.000290121
0.000129371
5.54686e-05
2.30057e-05
9.27682e-06
3.65169e-06
1.40759e-06
5.32531e-07
1.9808e-07
7.25325e-08
2.61563e-08
9.29465e-09
3.25595e-09
1.12468e-09
3.83164e-10
1.28822e-10
4.2749e-11
1.40056e-11
4.53151e-12
1.44834e-12
4.57364e-13
1.42684e-13
4.39453e-14
1.33331e-14
3.95864e-15
1.12555e-15
2.82174e-16
3.62233e-17
3.8579e-17
2.99409e-16
1.22467e-15
4.48502e-15
1.58963e-14
5.56488e-14
1.93459e-13
6.68461e-13
2.29434e-12
7.81355e-12
2.63674e-11
8.80432e-11
2.9046e-10
9.45301e-10
3.03011e-09
9.55062e-09
2.95484e-08
8.95688e-08
2.65468e-07
7.6752e-07
2.15873e-06
5.88657e-06
1.54953e-05
3.91543e-05
9.43011e-05
0.000214677
0.000458003
0.000893266
0.00160071
0.00265757
0.00412633
0.00604816
0.00844134
0.0113031
0.0146133
0.0183386
0.0224365
0.0268591
0.0315559
0.0364757
0.0415677
0.0467833
0.0520762
0.0574035
0.0627254
0.0680055
0.0732098
0.0783069
0.0832627
0.0880381
0.0925767
0.096787
0.100509
0.103305
0.104842
0.104111
0.0989326
0.0880946
0.0756693
0.0640108
0.0530206
0.0427739
0.0339342
0.0264557
0.020119
0.0145753
0.0101228
0.00668014
0.00414832
0.00240078
0.00128354
0.000633027
0.000295598
0.000131737
5.6431e-05
2.33784e-05
9.41597e-06
3.70304e-06
1.42677e-06
5.39444e-07
2.00505e-07
7.33354e-08
2.64273e-08
9.38654e-09
3.28745e-09
1.13566e-09
3.87081e-10
1.30171e-10
4.32066e-11
1.41598e-11
4.58279e-12
1.4655e-12
4.63125e-13
1.4461e-13
4.45819e-14
1.35391e-14
4.02319e-15
1.1445e-15
2.86959e-16
3.68355e-17
3.6702e-17
2.84738e-16
1.16288e-15
4.24781e-15
1.50202e-14
5.24591e-14
1.81953e-13
6.27356e-13
2.14905e-12
7.30605e-12
2.46183e-11
8.21033e-11
2.70617e-10
8.80195e-10
2.82066e-09
8.89104e-09
2.75189e-08
8.34791e-08
2.47686e-07
7.1712e-07
2.02048e-06
5.52108e-06
1.45691e-05
3.69219e-05
8.92407e-05
0.000204038
0.000437502
0.000858406
0.0015464
0.00257938
0.00402106
0.00591407
0.00827806
0.0111114
0.0143948
0.0180954
0.0221711
0.0265743
0.0312542
0.0361598
0.0412404
0.046447
0.0517334
0.0570567
0.0623769
0.0676576
0.072865
0.0779674
0.0829312
0.0877183
0.092274
0.0965099
0.100273
0.103154
0.104806
0.104295
0.0995413
0.0888352
0.0764065
0.0646333
0.0536212
0.0432935
0.034363
0.0267979
0.0204005
0.0148049
0.010292
0.00679877
0.00422634
0.00244819
0.0013097
0.00064607
0.000301591
0.000134297
5.7464e-05
2.37888e-05
9.57008e-06
3.75731e-06
1.44396e-06
5.44896e-07
2.02216e-07
7.38866e-08
2.65999e-08
9.44122e-09
3.30479e-09
1.14125e-09
3.88893e-10
1.30809e-10
4.34437e-11
1.42504e-11
4.61845e-12
1.47888e-12
4.67927e-13
1.46278e-13
4.51458e-14
1.37241e-14
4.08167e-15
1.16174e-15
2.91306e-16
3.73903e-17
3.45657e-17
2.6802e-16
1.09357e-15
3.98484e-15
1.4061e-14
4.89759e-14
1.69411e-13
5.82581e-13
1.99075e-12
6.7527e-12
2.27085e-11
7.56057e-11
2.48858e-10
8.08591e-10
2.58948e-09
8.16016e-09
2.52604e-08
7.66722e-08
2.27726e-07
6.60333e-07
1.86428e-06
5.10748e-06
1.35212e-05
3.44019e-05
8.35508e-05
0.000192123
0.000414597
0.000819795
0.00148679
0.00249427
0.00390728
0.00576996
0.00810334
0.0109069
0.0141622
0.0178368
0.0218891
0.0262714
0.030933
0.0358229
0.0408902
0.046086
0.051364
0.0566812
0.0619978
0.0672772
0.0724858
0.0775921
0.0825631
0.0873618
0.0919358
0.0962
0.100008
0.102991
0.104771
0.104514
0.100268
0.0897135
0.0772681
0.0653804
0.0543744
0.0439362
0.034882
0.0272028
0.020728
0.0150731
0.0104867
0.0069332
0.00431309
0.00249946
0.0013368
0.000658983
0.000307197
0.000136565
5.8359e-05
2.40867e-05
9.66455e-06
3.78478e-06
1.45202e-06
5.47047e-07
2.02682e-07
7.39558e-08
2.65963e-08
9.4321e-09
3.29986e-09
1.13919e-09
3.8817e-10
1.30601e-10
4.33975e-11
1.42459e-11
4.62092e-12
1.4814e-12
4.69421e-13
1.47001e-13
4.54542e-14
1.38436e-14
4.12292e-15
1.17423e-15
2.94408e-16
3.7778e-17
3.2273e-17
2.50046e-16
1.01841e-15
3.70539e-15
1.30313e-14
4.52661e-14
1.56153e-13
5.35555e-13
1.82554e-12
6.17882e-12
2.07408e-11
6.89572e-11
2.26754e-10
7.36403e-10
2.35826e-09
7.43495e-09
2.30372e-08
7.00228e-08
2.08365e-07
6.05592e-07
1.71447e-06
4.71228e-06
1.25219e-05
3.19989e-05
7.81077e-05
0.000180639
0.000392255
0.000781622
0.00142711
0.00240805
0.0037909
0.00562143
0.00792229
0.0106942
0.0139196
0.0175668
0.0215941
0.025954
0.0305959
0.0354683
0.0405205
0.0457035
0.0509708
0.0562794
0.0615897
0.0668651
0.0720722
0.0771799
0.0821559
0.0869645
0.0915554
0.0958486
0.0997054
0.102794
0.104714
0.104708
0.100993
0.0906921
0.0782782
0.0662805
0.0552175
0.0446711
0.0354877
0.0276809
0.0211105
0.0153843
0.0107126
0.00708892
0.00441354
0.00255907
0.00136868
0.000674559
0.000314325
0.000139415
5.93128e-05
2.43897e-05
9.74816e-06
3.80513e-06
1.45516e-06
5.46538e-07
2.02016e-07
7.35577e-08
2.64069e-08
9.35169e-09
3.26829e-09
1.1276e-09
3.84203e-10
1.29294e-10
4.29816e-11
1.41223e-11
4.58625e-12
1.47238e-12
4.6733e-13
1.46612e-13
4.54211e-14
1.38593e-14
4.13406e-15
1.17845e-15
2.95521e-16
3.79184e-17
2.97645e-17
2.30414e-16
9.36575e-16
3.39635e-15
1.18902e-14
4.11989e-14
1.41643e-13
4.84175e-13
1.64532e-12
5.55333e-12
1.85964e-11
6.17062e-11
2.02613e-10
6.5739e-10
2.10447e-09
6.63639e-09
2.05803e-08
6.26472e-08
1.86805e-07
5.4438e-07
1.54616e-06
4.26592e-06
1.13867e-05
2.92513e-05
7.18436e-05
0.000167344
0.000366298
0.000737438
0.00135866
0.00231048
0.0036612
0.00545858
0.0077268
0.0104677
0.0136643
0.0172851
0.0212884
0.0256266
0.0302487
0.0351033
0.0401393
0.0453076
0.0505619
0.0558592
0.0611598
0.0664276
0.0716294
0.0767344
0.0817116
0.0865259
0.0911294
0.0954475
0.0993482
0.102532
0.104578
0.104802
0.101526
0.0916959
0.079408
0.0673217
0.05618
0.0455174
0.0361949
0.0282443
0.0215573
0.0157421
0.0109676
0.00725875
0.00451715
0.00261531
0.00139475
0.000685879
0.000318294
0.000140525
5.95564e-05
2.43929e-05
9.71483e-06
3.78009e-06
1.44077e-06
5.39205e-07
1.98855e-07
7.22944e-08
2.59246e-08
9.1741e-09
3.20487e-09
1.10552e-09
3.76623e-10
1.26731e-10
4.21285e-11
1.38441e-11
4.5051e-12
1.44926e-12
4.60958e-13
1.44923e-13
4.49934e-14
1.37559e-14
4.10954e-15
1.17237e-15
2.93987e-16
3.77119e-17
2.7132e-17
2.09834e-16
8.51121e-16
3.07849e-15
1.07461e-14
3.69856e-14
1.26493e-13
4.30473e-13
1.457e-12
4.90038e-12
1.63602e-11
5.41515e-11
1.77471e-10
5.75103e-10
1.84007e-09
5.8039e-09
1.8017e-08
5.49465e-08
1.643e-07
4.80614e-07
1.37166e-06
3.8068e-06
1.02318e-05
2.64935e-05
6.5647e-05
0.000154373
0.000341259
0.000695401
0.00129419
0.00221904
0.0035397
0.00530547
0.00754195
0.010252
0.0134193
0.0170128
0.0209909
0.0253057
0.0299064
0.0347412
0.0397588
0.0449102
0.0501489
0.0554319
0.0607198
0.0659764
0.071169
0.0762671
0.0812408
0.0860561
0.0906676
0.0950056
0.0989465
0.102223
0.1044
0.104838
0.101969
0.0927724
0.0806831
0.068533
0.0573199
0.0465075
0.0370274
0.0289157
0.0220918
0.0161772
0.0112835
0.00747541
0.00465568
0.0026967
0.00143832
0.000703771
0.000324203
0.000142188
5.98027e-05
2.43157e-05
9.61336e-06
3.71365e-06
1.40818e-06
5.25889e-07
1.93329e-07
7.00799e-08
2.50697e-08
8.85501e-09
3.08926e-09
1.06474e-09
3.62628e-10
1.22067e-10
4.06233e-11
1.33646e-11
4.34557e-12
1.40066e-12
4.47196e-13
1.41093e-13
4.39529e-14
1.34797e-14
4.03703e-15
1.15326e-15
2.89236e-16
3.70891e-17
2.42162e-17
1.86806e-16
7.53713e-16
2.70764e-15
9.41008e-15
3.23144e-14
1.1047e-13
3.75417e-13
1.26876e-12
4.26265e-12
1.42248e-11
4.70965e-11
1.54498e-10
5.01416e-10
1.60732e-09
5.07999e-09
1.58057e-08
4.83439e-08
1.45076e-07
4.26168e-07
1.22214e-06
3.41037e-06
9.22263e-06
2.40446e-05
6.00312e-05
0.000142327
0.000317321
0.000653479
0.00122749
0.00212187
0.00340858
0.00513944
0.00734221
0.0100212
0.0131609
0.0167301
0.0206871
0.0249835
0.0295678
0.0343876
0.0393913
0.0445295
0.0497554
0.055026
0.0603017
0.0655466
0.0707282
0.0758167
0.0807832
0.0855945
0.0902077
0.0945571
0.0985274
0.101881
0.104172
0.104827
0.102377
0.0939162
0.0820615
0.0698431
0.0584871
0.0475779
0.0379417
0.0296538
0.0226711
0.0166361
0.0115985
0.00767262
0.00476448
0.00274806
0.00145234
0.000706447
0.00032365
0.000141105
5.8911e-05
2.38149e-05
9.37094e-06
3.60521e-06
1.36075e-06
5.04967e-07
1.84633e-07
6.66107e-08
2.37339e-08
8.35701e-09
2.90922e-09
1.00151e-09
3.4102e-10
1.14902e-10
3.83206e-11
1.26463e-11
4.12582e-12
1.33019e-12
4.2478e-13
1.3455e-13
4.21021e-14
1.29692e-14
3.8991e-15
1.11671e-15
2.80281e-16
3.59266e-17
2.16707e-17
1.6682e-16
6.69851e-16
2.38809e-15
8.19048e-15
2.76052e-14
9.23568e-14
3.08238e-13
1.02592e-12
3.40179e-12
1.12244e-11
3.68102e-11
1.19839e-10
3.86828e-10
1.23642e-09
3.90809e-09
1.21936e-08
3.74695e-08
1.13155e-07
3.3505e-07
9.70172e-07
2.73852e-06
7.50553e-06
1.98702e-05
5.04714e-05
0.000121948
0.000277439
0.000587322
0.00112897
0.00198814
0.00324037
0.00494031
0.00711721
0.00977572
0.0128997
0.0164572
0.0204054
0.0246949
0.0292734
0.0340878
0.0390862
0.0442188
0.0494388
0.0547028
0.0599716
0.0652095
0.0703842
0.0754662
0.0804277
0.0852362
0.0898504
0.0942076
0.0981998
0.101611
0.103992
0.104815
0.102699
0.0948601
0.0832271
0.0709919
0.0595814
0.0485751
0.0388271
0.0304073
0.0233011
0.0171693
0.0120011
0.007953
0.00493694
0.00283164
0.00148344
0.000714037
0.000322678
0.000138468
5.71043e-05
2.27467e-05
8.8215e-06
3.34846e-06
1.24878e-06
4.58748e-07
1.66343e-07
5.96245e-08
2.11476e-08
7.42654e-09
2.58334e-09
8.90451e-10
3.04196e-10
1.02991e-10
3.45575e-11
1.1491e-11
3.78649e-12
1.23554e-12
3.98341e-13
1.26807e-13
3.98926e-14
1.2356e-14
3.73351e-15
1.07327e-15
2.698e-16
3.45766e-17
)
;

boundaryField
{
    fuel
    {
        type            fixedValue;
        value           uniform 0;
    }
    air
    {
        type            fixedValue;
        value           uniform 0;
    }
    outlet
    {
        type            inletOutlet;
        inletValue      uniform 0;
        value           nonuniform List<scalar> 
200
(
2.15102e-17
1.65594e-16
6.65e-16
2.37114e-15
8.13361e-15
2.7417e-14
9.17465e-14
3.0626e-13
1.01951e-12
3.38105e-12
1.11576e-11
3.65958e-11
1.19157e-10
3.8467e-10
1.22966e-09
3.88715e-09
1.21296e-08
3.7277e-08
1.12586e-07
3.33403e-07
9.65516e-07
2.72572e-06
7.47148e-06
1.97831e-05
5.02591e-05
0.000121461
0.000276396
0.000585345
0.00112561
0.00198292
0.00323292
0.00493036
0.00710464
0.00976057
0.0128821
0.0164375
0.0203838
0.0246719
0.0292493
0.0340631
0.0390614
0.0441943
0.0494149
0.05468
0.0599501
0.0651896
0.0703662
0.0754503
0.0804142
0.0852251
0.089842
0.094202
0.0981973
0.101613
0.103999
0.10483
0.102729
0.0949207
0.0832962
0.0710447
0.0596137
0.0486281
0.0388827
0.0304574
0.0233438
0.0172053
0.0120289
0.00797371
0.00495167
0.00284179
0.00148923
0.000717063
0.000324118
0.000139147
5.7402e-05
2.28739e-05
8.8728e-06
3.36854e-06
1.25647e-06
4.61644e-07
1.67415e-07
6.00145e-08
2.12876e-08
7.47615e-09
2.60073e-09
8.96476e-10
3.06268e-10
1.037e-10
3.47978e-11
1.15719e-11
3.81352e-12
1.2445e-12
4.01298e-13
1.27774e-13
4.02049e-14
1.24554e-14
3.76439e-15
1.08237e-15
2.72131e-16
3.48786e-17
2.16707e-17
1.6682e-16
6.69851e-16
2.38809e-15
8.19048e-15
2.76052e-14
9.23568e-14
3.08238e-13
1.02592e-12
3.40179e-12
1.12244e-11
3.68102e-11
1.19839e-10
3.86828e-10
1.23642e-09
3.90809e-09
1.21936e-08
3.74695e-08
1.13155e-07
3.3505e-07
9.70172e-07
2.73852e-06
7.50553e-06
1.98702e-05
5.04714e-05
0.000121948
0.000277439
0.000587322
0.00112897
0.00198814
0.00324037
0.00494031
0.00711721
0.00977572
0.0128997
0.0164572
0.0204054
0.0246949
0.0292734
0.0340878
0.0390862
0.0442188
0.0494388
0.0547028
0.0599716
0.0652095
0.0703842
0.0754662
0.0804277
0.0852362
0.0898504
0.0942076
0.0981998
0.101611
0.103992
0.104815
0.102699
0.0948601
0.0832271
0.0709919
0.0595814
0.0485751
0.0388271
0.0304073
0.0233011
0.0171693
0.0120011
0.007953
0.00493694
0.00283164
0.00148344
0.000714037
0.000322678
0.000138468
5.71043e-05
2.27467e-05
8.8215e-06
3.34846e-06
1.24878e-06
4.58748e-07
1.66343e-07
5.96245e-08
2.11476e-08
7.42654e-09
2.58334e-09
8.90451e-10
3.04196e-10
1.02991e-10
3.45575e-11
1.1491e-11
3.78649e-12
1.23554e-12
3.98341e-13
1.26807e-13
3.98926e-14
1.2356e-14
3.73351e-15
1.07327e-15
2.698e-16
3.45766e-17
)
;
    }
    frontAndBack
    {
        type            empty;
    }
}


// ************************************************************************* //
