/*--------------------------------*- C++ -*----------------------------------*\
  =========                 |
  \\      /  F ield         | OpenFOAM: The Open Source CFD Toolbox
   \\    /   O peration     | Website:  https://openfoam.org
    \\  /    A nd           | Version:  11
     \\/     M anipulation  |
\*---------------------------------------------------------------------------*/
FoamFile
{
    format      ascii;
    class       volScalarField;
    location    "0.05";
    object      H2O;
}
// * * * * * * * * * * * * * * * * * * * * * * * * * * * * * * * * * * * * * //

dimensions      [0 0 0 0 0 0 0];

internalField   nonuniform List<scalar> 
4000
(
1.76102e-17
1.35571e-16
5.4443e-16
1.94123e-15
6.65891e-15
2.2446e-14
7.5112e-14
2.50733e-13
8.34662e-13
2.76804e-12
9.1346e-12
2.99607e-11
9.75524e-11
3.14926e-10
1.00671e-09
3.18237e-09
9.93039e-09
3.05183e-08
9.21728e-08
2.72954e-07
7.9046e-07
2.23152e-06
6.11684e-06
1.61963e-05
4.11467e-05
9.94388e-05
0.000226283
0.000479217
0.000921525
0.0016234
0.00264677
0.00403644
0.00581651
0.00799089
0.0105465
0.0134572
0.0166881
0.0201987
0.0239462
0.0278872
0.0319792
0.0361815
0.0404555
0.044766
0.0490806
0.0533701
0.0576082
0.0617705
0.0658344
0.0697731
0.0735529
0.0771224
0.0803933
0.0831893
0.0851429
0.085823
0.084103
0.0777108
0.0681939
0.0581637
0.0488052
0.0398114
0.0318329
0.0249352
0.0191113
0.0140859
0.00984797
0.006528
0.00405389
0.00232655
0.00121922
0.000587053
0.000265352
0.000113918
4.69945e-05
1.87267e-05
7.26409e-06
2.75779e-06
1.02866e-06
3.77944e-07
1.37061e-07
4.91333e-08
1.7428e-08
6.12066e-09
2.12919e-09
7.33937e-10
2.50739e-10
8.48979e-11
2.84886e-11
9.47383e-12
3.1221e-12
1.01886e-12
3.28539e-13
1.04608e-13
3.29154e-14
1.01972e-14
3.08188e-15
8.86128e-16
2.22791e-16
2.85548e-17
1.96984e-17
1.51965e-16
6.13213e-16
2.20326e-15
7.6592e-15
2.63024e-14
8.9922e-14
3.05611e-13
1.03295e-12
3.47078e-12
1.15836e-11
3.83562e-11
1.2584e-10
4.08451e-10
1.30945e-09
4.13898e-09
1.28792e-08
3.93964e-08
1.18238e-07
3.47367e-07
9.96278e-07
2.78046e-06
7.5202e-06
1.96092e-05
4.89661e-05
0.000116116
0.000258946
0.000533446
0.00100234
0.00173319
0.00278494
0.0042001
0.00600151
0.00819284
0.0107614
0.0136818
0.0169199
0.0204362
0.0241884
0.0281338
0.0322302
0.0364369
0.0407158
0.0450314
0.0493516
0.0536468
0.0578904
0.0620579
0.0661257
0.0700666
0.0738455
0.0774085
0.0806616
0.0834104
0.0852907
0.0858335
0.0838412
0.076941
0.0672461
0.0572374
0.0479522
0.0390038
0.0311072
0.0243152
0.0185927
0.0136468
0.00951642
0.00629701
0.00391147
0.00225647
0.00119326
0.000580664
0.000266153
0.000116051
4.84626e-05
1.95934e-05
7.71177e-06
2.96763e-06
1.12037e-06
4.15839e-07
1.52069e-07
5.48689e-08
1.95518e-08
6.88488e-09
2.39686e-09
8.25176e-10
2.80995e-10
9.46838e-11
3.15803e-11
1.04228e-11
3.40081e-12
1.09663e-12
3.50244e-13
1.10959e-13
3.4727e-14
1.06997e-14
3.2175e-15
9.21677e-16
2.31364e-16
2.96586e-17
2.20827e-17
1.70793e-16
6.92836e-16
2.50629e-15
8.74846e-15
3.01157e-14
1.03007e-13
3.50584e-13
1.18673e-12
3.9918e-12
1.33282e-11
4.41201e-11
1.4461e-10
4.68659e-10
1.49964e-09
4.73057e-09
1.46865e-08
4.47937e-08
1.33954e-07
3.91884e-07
1.11854e-06
3.10466e-06
8.3456e-06
2.16125e-05
5.35611e-05
0.000125976
0.000278544
0.000567782
0.001057
0.00181286
0.0028925
0.00433638
0.00616553
0.00838241
0.0109737
0.0139141
0.0171696
0.0207011
0.0244668
0.0284245
0.0325322
0.0367497
0.041039
0.0453649
0.0496949
0.0539996
0.058252
0.0624273
0.0665009
0.0704449
0.0742222
0.0777758
0.0810046
0.0836905
0.0854771
0.0858421
0.0835068
0.0760023
0.0661143
0.0561618
0.0469855
0.0381245
0.0303545
0.0237061
0.0181136
0.0132683
0.00925637
0.00613407
0.00382152
0.00221439
0.00118161
0.000578364
0.000266542
0.000116919
4.91875e-05
2.00042e-05
7.9109e-06
3.05657e-06
1.15913e-06
4.32924e-07
1.59175e-07
5.77051e-08
2.06444e-08
7.29244e-09
2.54433e-09
8.76995e-10
2.98709e-10
1.00559e-10
3.34686e-11
1.10119e-11
3.58105e-12
1.15438e-12
3.68616e-13
1.16321e-13
3.62428e-14
1.11174e-14
3.33025e-15
9.51531e-16
2.38674e-16
3.06077e-17
2.42368e-17
1.87631e-16
7.62742e-16
2.76626e-15
9.68457e-15
3.35601e-14
1.15393e-13
3.94489e-13
1.34069e-12
4.52559e-12
1.51563e-11
5.0296e-11
1.65163e-10
5.35929e-10
1.7158e-09
5.41121e-09
1.67824e-08
5.10906e-08
1.52359e-07
4.44038e-07
1.26129e-06
3.4803e-06
9.29071e-06
2.38699e-05
5.86351e-05
0.000136601
0.000299065
0.000602254
0.00110989
0.00188791
0.00299226
0.00446212
0.00631739
0.00855966
0.0111751
0.0141379
0.0174142
0.0209648
0.0247482
0.0287221
0.0328448
0.0370762
0.0413783
0.0457157
0.0500562
0.0543699
0.0586298
0.0628106
0.066887
0.0708301
0.0746008
0.0781381
0.081334
0.0839444
0.0856237
0.0858143
0.0831463
0.0751178
0.0650633
0.0551567
0.0460345
0.0373021
0.0296658
0.0231519
0.0176732
0.0129095
0.00899603
0.0059554
0.00370718
0.0021471
0.00114549
0.000563501
0.000261566
0.000115525
4.89743e-05
2.00628e-05
7.99136e-06
3.11005e-06
1.18561e-06
4.43772e-07
1.63668e-07
5.95064e-08
2.13408e-08
7.55271e-09
2.63868e-09
9.1029e-10
3.10144e-10
1.04371e-10
3.46984e-11
1.14039e-11
3.71139e-12
1.19409e-12
3.79851e-13
1.19443e-13
3.70893e-14
1.13416e-14
3.38893e-15
9.66964e-16
2.42512e-16
3.11114e-17
2.62885e-17
2.03683e-16
8.29622e-16
3.01867e-15
1.06178e-14
3.68873e-14
1.27266e-13
4.36533e-13
1.48816e-12
5.03737e-12
1.69107e-11
5.62277e-11
1.8491e-10
6.00555e-10
1.92336e-09
6.06429e-09
1.87916e-08
5.71224e-08
1.6999e-07
4.941e-07
1.39894e-06
3.8454e-06
1.02194e-05
2.6118e-05
6.37618e-05
0.000147486
0.000320326
0.000638463
0.00116601
0.00196795
0.00309869
0.00459582
0.00647792
0.0087457
0.0113848
0.0143694
0.0176653
0.0212338
0.0250334
0.029022
0.0331581
0.0374014
0.0417141
0.0460608
0.050409
0.054729
0.0589932
0.0631761
0.0672515
0.0711898
0.07495
0.0784668
0.0816267
0.0841589
0.0857354
0.0857396
0.0827163
0.0742979
0.0641401
0.0543049
0.0452462
0.0366082
0.0290852
0.0226889
0.017306
0.0126149
0.00878596
0.00581534
0.00362163
0.00210058
0.00112387
0.000554082
0.00025827
0.000114588
4.87781e-05
2.00554e-05
8.01705e-06
3.12995e-06
1.19716e-06
4.49694e-07
1.66239e-07
6.05369e-08
2.17346e-08
7.69779e-09
2.69052e-09
9.28343e-10
3.16325e-10
1.06459e-10
3.5394e-11
1.16302e-11
3.77734e-12
1.21284e-12
3.85008e-13
1.20805e-13
3.7433e-14
1.14241e-14
3.4083e-15
9.71721e-16
2.4371e-16
3.12731e-17
2.81714e-17
2.1845e-16
8.91384e-16
3.24802e-15
1.14623e-14
3.99285e-14
1.38129e-13
4.75046e-13
1.62342e-12
5.5071e-12
1.8521e-11
6.16681e-11
2.02995e-10
6.59618e-10
2.11254e-09
6.65764e-09
2.06106e-08
6.25631e-08
1.85833e-07
5.38898e-07
1.52156e-06
4.1689e-06
1.10375e-05
2.80858e-05
6.82202e-05
0.000156896
0.000338639
0.000669768
0.00121498
0.0020387
0.00319423
0.00471778
0.00662663
0.00892044
0.0115841
0.0145913
0.0179078
0.0214946
0.0253105
0.0293133
0.0334617
0.0377156
0.042037
0.0463907
0.0507441
0.0550673
0.0593326
0.0635143
0.0675853
0.0715155
0.0752618
0.0787546
0.0818744
0.0843207
0.0857831
0.0855824
0.0821261
0.0734933
0.0633067
0.0535602
0.0445501
0.036002
0.0285859
0.0222949
0.016991
0.0123585
0.00859975
0.00568695
0.00353873
0.00205134
0.0010975
0.000541181
0.000252353
0.00011221
4.79444e-05
1.97994e-05
7.94609e-06
3.1123e-06
1.19419e-06
4.49974e-07
1.66738e-07
6.08472e-08
2.18845e-08
7.7618e-09
2.71574e-09
9.37617e-10
3.19515e-10
1.07512e-10
3.57285e-11
1.17295e-11
3.80505e-12
1.21998e-12
3.86638e-13
1.21096e-13
3.74503e-14
1.1408e-14
3.39817e-15
9.67973e-16
2.42726e-16
3.11488e-17
2.99237e-17
2.32141e-16
9.47904e-16
3.46364e-15
1.22487e-14
4.27831e-14
1.48403e-13
5.11714e-13
1.75301e-12
5.96002e-12
2.00839e-11
6.69848e-11
2.20798e-10
7.18202e-10
2.30168e-09
7.2556e-09
2.24585e-08
6.81325e-08
2.02166e-07
5.85368e-07
1.6494e-06
4.50745e-06
1.18954e-05
3.01492e-05
7.28802e-05
0.000166658
0.000357415
0.000701431
0.00126388
0.00210855
0.00328765
0.00483612
0.00677013
0.00908842
0.0117752
0.0148037
0.0181395
0.0217435
0.0255744
0.0295902
0.0337495
0.0380122
0.0423405
0.0466991
0.0510554
0.0553795
0.0596438
0.0638222
0.0678872
0.0718077
0.0755389
0.0790084
0.0820911
0.0844541
0.0858111
0.0854024
0.0815286
0.0727706
0.0625982
0.0529514
0.0439321
0.0354737
0.0281589
0.0219615
0.0167215
0.0121376
0.00843936
0.00557607
0.00346711
0.00200896
0.00107506
0.000530472
0.000247697
0.000110325
4.72171e-05
1.95508e-05
7.86663e-06
3.08899e-06
1.18727e-06
4.48086e-07
1.66308e-07
6.07725e-08
2.18816e-08
7.76711e-09
2.71903e-09
9.39047e-10
3.20024e-10
1.07652e-10
3.57569e-11
1.17303e-11
3.80213e-12
1.21761e-12
3.85304e-13
1.20467e-13
3.71858e-14
1.13062e-14
3.36315e-15
9.5738e-16
2.40095e-16
3.08197e-17
3.14669e-17
2.44223e-16
9.99146e-16
3.65869e-15
1.29681e-14
4.53998e-14
1.57835e-13
5.45391e-13
1.87202e-12
6.37564e-12
2.15162e-11
7.18485e-11
2.37045e-10
7.71506e-10
2.47316e-09
7.79562e-09
2.41201e-08
7.31188e-08
2.16726e-07
6.26642e-07
1.76262e-06
4.80682e-06
1.26542e-05
3.19783e-05
7.7027e-05
0.000175378
0.000374227
0.000730029
0.00130845
0.00217274
0.00337408
0.00494624
0.00690426
0.00924593
0.0119548
0.0150036
0.0183576
0.0219777
0.0258224
0.0298498
0.0340185
0.0382885
0.042622
0.0469839
0.0513416
0.0556651
0.0599268
0.0641007
0.0681591
0.0720699
0.0757869
0.0792354
0.0822849
0.0845765
0.08584
0.0852503
0.0810274
0.07216
0.0619875
0.0524264
0.0434349
0.0350458
0.027806
0.0216799
0.0164895
0.0119482
0.00829966
0.00547812
0.00340265
0.00196975
0.00105341
0.000519659
0.000242721
0.000108196
4.63565e-05
1.92081e-05
7.7376e-06
3.04343e-06
1.17279e-06
4.4347e-07
1.6485e-07
6.03004e-08
2.17317e-08
7.71954e-09
2.70393e-09
9.34174e-10
3.18422e-10
1.07087e-10
3.55472e-11
1.16508e-11
3.77117e-12
1.20614e-12
3.8122e-13
1.19054e-13
3.67095e-14
1.11503e-14
3.31391e-15
9.42871e-16
2.36435e-16
3.03525e-17
3.29351e-17
2.55782e-16
1.04753e-15
3.84115e-15
1.3638e-14
4.78346e-14
1.66616e-13
5.76798e-13
1.98328e-12
6.76536e-12
2.28641e-11
7.64438e-11
2.52463e-10
8.22325e-10
2.63745e-09
8.31558e-09
2.57281e-08
7.79671e-08
2.30946e-07
6.67096e-07
1.87387e-06
5.10126e-06
1.33999e-05
3.37715e-05
8.10778e-05
0.000183841
0.000390291
0.000757124
0.00135038
0.00223278
0.00345462
0.00504862
0.00702881
0.00939211
0.0121214
0.015189
0.0185598
0.0221946
0.0260519
0.0300896
0.0342665
0.0385426
0.0428802
0.0472441
0.0516019
0.0559238
0.0601821
0.0643509
0.0684021
0.072303
0.0760061
0.0794344
0.0824522
0.0846923
0.0858723
0.0851269
0.0806101
0.0716611
0.0615185
0.0521018
0.0428653
0.0346398
0.0274929
0.0214332
0.0162866
0.0117853
0.00817761
0.00539178
0.0033454
0.00193467
0.00103386
0.000509854
0.000238172
0.000106229
4.55549e-05
1.88972e-05
7.62126e-06
3.0004e-06
1.15667e-06
4.37652e-07
1.62805e-07
5.96215e-08
2.15019e-08
7.64136e-09
2.67693e-09
9.24737e-10
3.15086e-10
1.05947e-10
3.51619e-11
1.15211e-11
3.72807e-12
1.1917e-12
3.7637e-13
1.17433e-13
3.61742e-14
1.09772e-14
3.25969e-15
9.26955e-16
2.32415e-16
2.98378e-17
3.4289e-17
2.6638e-16
1.09175e-15
4.00785e-15
1.42502e-14
5.00605e-14
1.74651e-13
6.05561e-13
2.08525e-12
7.12282e-12
2.4101e-11
8.06614e-11
2.66612e-10
8.68946e-10
2.78806e-09
8.79183e-09
2.71991e-08
8.23972e-08
2.43922e-07
7.03968e-07
1.97518e-06
5.36927e-06
1.40787e-05
3.54054e-05
8.47776e-05
0.000191626
0.000404908
0.000781912
0.00138881
0.00228788
0.00352859
0.0051427
0.00714329
0.00952648
0.0122745
0.0153593
0.0187455
0.0223936
0.0262621
0.030309
0.0344929
0.038774
0.0431146
0.0474797
0.0518369
0.0561565
0.0604109
0.0645742
0.0686181
0.0725093
0.0761994
0.0796095
0.0825992
0.0847953
0.0859021
0.0850196
0.0802441
0.0712161
0.0610745
0.0516899
0.0424968
0.0343261
0.0272327
0.0212212
0.0161101
0.0116443
0.00807093
0.00531565
0.00329447
0.00190311
0.001016
0.000500772
0.000233881
0.000104333
4.47643e-05
1.85825e-05
7.50053e-06
2.9554e-06
1.14026e-06
4.31765e-07
1.60711e-07
5.88696e-08
2.12378e-08
7.54964e-09
2.64547e-09
9.14045e-10
3.11487e-10
1.04722e-10
3.47448e-11
1.13796e-11
3.68035e-12
1.1757e-12
3.7105e-13
1.15681e-13
3.5604e-14
1.07951e-14
3.20342e-15
9.10595e-16
2.28299e-16
2.93114e-17
3.55146e-17
2.75979e-16
1.13185e-15
4.15932e-15
1.48073e-14
5.20893e-14
1.81983e-13
6.3185e-13
2.17859e-12
7.45057e-12
2.52371e-11
8.45424e-11
2.79657e-10
9.12014e-10
2.92748e-09
9.23356e-09
2.85663e-08
8.65217e-08
2.56023e-07
7.38393e-07
2.06983e-06
5.61965e-06
1.47123e-05
3.69272e-05
8.82133e-05
0.000198833
0.00041835
0.00080462
0.0014239
0.00233806
0.00359587
0.00522818
0.00724724
0.00964845
0.0124135
0.0155138
0.0189138
0.0225738
0.0264523
0.0305072
0.0346971
0.0389824
0.0433253
0.047691
0.0520472
0.0563642
0.0606145
0.0647723
0.0688092
0.0726914
0.0763695
0.0797633
0.0827283
0.084886
0.0859289
0.0849266
0.079926
0.0708298
0.0606901
0.0513359
0.0421845
0.0340583
0.0270084
0.0210373
0.0159562
0.0115217
0.00797771
0.00524867
0.00324938
0.00187499
0.000999962
0.000492573
0.000229979
0.000102594
4.40305e-05
1.82867e-05
7.38545e-06
2.91185e-06
1.12413e-06
4.25884e-07
1.58596e-07
5.81167e-08
2.09723e-08
7.45673e-09
2.61318e-09
9.029e-10
3.07663e-10
1.03418e-10
3.43025e-11
1.12306e-11
3.6305e-12
1.15915e-12
3.65603e-13
1.13906e-13
3.50331e-14
1.06147e-14
3.14812e-15
8.94601e-16
2.24285e-16
2.8798e-17
3.66182e-17
2.84622e-16
1.16798e-15
4.2958e-15
1.53096e-14
5.39196e-14
1.88604e-13
6.55601e-13
2.26299e-12
7.7471e-12
2.62656e-11
8.80583e-11
2.91481e-10
9.5107e-10
3.05396e-09
9.63439e-09
2.98071e-08
9.02652e-08
2.67005e-07
7.69633e-07
2.1557e-06
5.84676e-06
1.52868e-05
3.83065e-05
9.13247e-05
0.000205351
0.000430491
0.000825105
0.00145551
0.00238325
0.00365638
0.00530502
0.00734063
0.00975798
0.0125382
0.0156524
0.0190647
0.0227353
0.0266225
0.0306843
0.0348794
0.0391681
0.0435128
0.0478787
0.0522336
0.0565479
0.0607942
0.0649469
0.0689772
0.072851
0.0765185
0.0798977
0.0828411
0.0849654
0.0859528
0.0848465
0.0796505
0.070496
0.0603585
0.051031
0.0419157
0.0338276
0.0268147
0.0208779
0.0158225
0.0114151
0.00789639
0.00518998
0.00320967
0.00185008
0.000985647
0.00048522
0.000226454
0.000101008
4.3355e-05
1.80115e-05
7.27723e-06
2.87046e-06
1.10864e-06
4.20184e-07
1.56527e-07
5.73746e-08
2.07088e-08
7.36407e-09
2.58088e-09
8.91726e-10
3.03828e-10
1.02112e-10
3.38612e-11
1.10826e-11
3.58128e-12
1.14292e-12
3.603e-13
1.12191e-13
3.44852e-14
1.04425e-14
3.09569e-15
8.79509e-16
2.20506e-16
2.8315e-17
3.75994e-17
2.92308e-16
1.2001e-15
4.41725e-15
1.5757e-14
5.55517e-14
1.94512e-13
6.76818e-13
2.33845e-12
8.01246e-12
2.71868e-11
9.12101e-11
3.0209e-10
9.86145e-10
3.16765e-09
9.99501e-09
3.09243e-08
9.36382e-08
2.76906e-07
7.97807e-07
2.23315e-06
6.05155e-06
1.58045e-05
3.95478e-05
9.41197e-05
0.000211193
0.000441341
0.000843368
0.00148365
0.00242338
0.00371008
0.00537315
0.00742339
0.00985499
0.0126486
0.015775
0.0191981
0.022878
0.0267729
0.0308408
0.0350403
0.0393318
0.0436778
0.0480436
0.0523971
0.0567088
0.0609514
0.0650992
0.0691236
0.07299
0.0766479
0.0800145
0.082939
0.0850345
0.085974
0.0847777
0.0794134
0.070209
0.060074
0.0507694
0.0416849
0.0336293
0.026648
0.0207405
0.0157069
0.011323
0.0078259
0.00513892
0.00317499
0.00182824
0.000973032
0.000478723
0.000223327
9.95931e-05
4.27482e-05
1.77624e-05
7.17853e-06
2.83242e-06
1.09429e-06
4.14869e-07
1.54586e-07
5.66745e-08
2.04591e-08
7.2759e-09
2.55005e-09
8.81048e-10
3.00163e-10
1.00865e-10
3.34407e-11
1.09421e-11
3.5347e-12
1.12763e-12
3.5533e-13
1.10593e-13
3.39777e-14
1.02845e-14
3.04781e-15
8.6581e-16
2.17093e-16
2.78794e-17
3.8463e-17
2.99069e-16
1.22835e-15
4.52402e-15
1.61504e-14
5.6987e-14
1.99711e-13
6.95492e-13
2.40489e-12
8.24621e-12
2.79987e-11
9.39892e-11
3.1145e-10
1.0171e-09
3.26804e-09
1.03135e-08
3.19114e-08
9.66191e-08
2.85657e-07
8.22709e-07
2.3016e-06
6.23247e-06
1.62616e-05
4.06429e-05
9.65827e-05
0.000216331
0.000450868
0.000859376
0.00150827
0.00245847
0.00375698
0.0054326
0.00749557
0.00993956
0.0127448
0.0158818
0.0193143
0.0230022
0.0269037
0.0309767
0.0351799
0.0394737
0.0438207
0.0481863
0.0525384
0.0568477
0.0610869
0.0652305
0.0692495
0.0731094
0.0767591
0.0801146
0.0830228
0.0850936
0.0859922
0.084719
0.0792111
0.0699647
0.0598321
0.0505473
0.0414889
0.0334605
0.026506
0.020623
0.0156078
0.0112441
0.00776551
0.00509504
0.00314509
0.00180934
0.000962074
0.000473067
0.000220596
9.83522e-05
4.22132e-05
1.75415e-05
7.09048e-06
2.79828e-06
1.08135e-06
4.10048e-07
1.52818e-07
5.60342e-08
2.023e-08
7.19482e-09
2.52166e-09
8.71205e-10
2.96784e-10
9.97163e-11
3.3054e-11
1.08131e-11
3.4921e-12
1.1137e-12
3.50816e-13
1.09146e-13
3.35205e-14
1.01429e-14
3.00539e-15
8.5389e-16
2.14178e-16
2.751e-17
3.92073e-17
3.04896e-16
1.25269e-15
4.61599e-15
1.64892e-14
5.82234e-14
2.0419e-13
7.11588e-13
2.46218e-12
8.44786e-12
2.86994e-11
9.63887e-11
3.19534e-10
1.04385e-09
3.35483e-09
1.05891e-08
3.27655e-08
9.91991e-08
2.93232e-07
8.44267e-07
2.36086e-06
6.38903e-06
1.66569e-05
4.15893e-05
9.87085e-05
0.00022076
0.000459062
0.000873119
0.00152938
0.00248852
0.0037971
0.00548343
0.00755725
0.0100118
0.012827
0.015973
0.0194134
0.023108
0.027015
0.0310924
0.0352987
0.0395944
0.0439422
0.0483075
0.0526584
0.0569655
0.0612017
0.0653415
0.069356
0.0732104
0.0768531
0.0801995
0.0830931
0.0851434
0.0860076
0.0846697
0.0790408
0.0697589
0.0596293
0.0503607
0.0413242
0.0333187
0.0263867
0.020524
0.0155243
0.0111775
0.00771444
0.00505787
0.00311971
0.00179326
0.000952731
0.000468236
0.000218259
9.72873e-05
4.17523e-05
1.73505e-05
7.01396e-06
2.76848e-06
1.07e-06
4.05805e-07
1.51256e-07
5.5467e-08
2.00266e-08
7.1227e-09
2.49637e-09
8.62434e-10
2.93773e-10
9.86934e-11
3.271e-11
1.06986e-11
3.45435e-12
1.10138e-12
3.46837e-13
1.07875e-13
3.31187e-14
1.00178e-14
2.9676e-15
8.43182e-16
2.1157e-16
2.71839e-17
3.98308e-17
3.09777e-16
1.27307e-15
4.69302e-15
1.67731e-14
5.92593e-14
2.07944e-13
7.25079e-13
2.51021e-12
8.61696e-12
2.92872e-11
9.84024e-11
3.26321e-10
1.06632e-09
3.42774e-09
1.08206e-08
3.34833e-08
1.01368e-07
2.99601e-07
8.62394e-07
2.41067e-06
6.52062e-06
1.69891e-05
4.23837e-05
0.000100491
0.000224468
0.000465913
0.000884594
0.00154698
0.00251354
0.00383049
0.0055257
0.00760851
0.0100718
0.0128952
0.0160486
0.0194956
0.0231958
0.0271074
0.0311882
0.035397
0.0396943
0.0440426
0.0484077
0.0527575
0.0570628
0.0612965
0.0654332
0.0694439
0.0732937
0.0769307
0.0802697
0.0831506
0.0851842
0.0860202
0.0846292
0.0789015
0.0695908
0.0594635
0.0502084
0.0411897
0.0332029
0.0262891
0.020443
0.0154557
0.0111228
0.00767245
0.00502724
0.00309874
0.00177995
0.00094497
0.000464221
0.000216313
9.63985e-05
4.13665e-05
1.71899e-05
6.94942e-06
2.74325e-06
1.06036e-06
4.02192e-07
1.49922e-07
5.49818e-08
1.98522e-08
7.0608e-09
2.47464e-09
8.54893e-10
2.91185e-10
9.78143e-11
3.24146e-11
1.06003e-11
3.42202e-12
1.09085e-12
3.43444e-13
1.06793e-13
3.27778e-14
9.91199e-15
2.93561e-15
8.3399e-16
2.09265e-16
2.68893e-17
4.03329e-17
3.13707e-16
1.28948e-15
4.75502e-15
1.70015e-14
6.00932e-14
2.10966e-13
7.35944e-13
2.54889e-12
8.7532e-12
2.97609e-11
1.00026e-10
3.31794e-10
1.08444e-09
3.48655e-09
1.10074e-08
3.40627e-08
1.03119e-07
3.04742e-07
8.77023e-07
2.45087e-06
6.62678e-06
1.72569e-05
4.30239e-05
0.000101926
0.00022745
0.000471413
0.000893794
0.00156107
0.00253357
0.00385718
0.00555948
0.00764945
0.0101197
0.0129496
0.016109
0.0195612
0.0232658
0.027181
0.0312646
0.0354754
0.0397738
0.0441226
0.0484874
0.0528363
0.0571401
0.0613718
0.065506
0.0695137
0.0733598
0.0769923
0.0803253
0.0831959
0.0852164
0.0860301
0.0845972
0.0787914
0.0694581
0.0593329
0.0500883
0.0410836
0.0331115
0.026212
0.0203791
0.0154014
0.0110795
0.00763911
0.00500284
0.003082
0.0017693
0.000938754
0.000461006
0.000214754
9.56847e-05
4.10558e-05
1.70602e-05
6.89715e-06
2.72277e-06
1.05251e-06
3.99242e-07
1.48831e-07
5.45841e-08
1.97091e-08
7.00993e-09
2.45677e-09
8.48688e-10
2.89054e-10
9.70909e-11
3.21716e-11
1.05196e-11
3.39549e-12
1.08222e-12
3.40667e-13
1.05909e-13
3.25002e-14
9.82609e-15
2.90966e-15
8.26519e-16
2.07383e-16
2.66476e-17
4.07131e-17
3.16682e-16
1.3019e-15
4.80196e-15
1.71745e-14
6.07245e-14
2.13254e-13
7.44168e-13
2.57818e-12
8.85636e-12
3.01196e-11
1.01255e-10
3.35939e-10
1.09817e-09
3.53112e-09
1.11489e-08
3.45018e-08
1.04446e-07
3.08639e-07
8.88112e-07
2.48133e-06
6.70722e-06
1.74597e-05
4.35085e-05
0.000103012
0.000229703
0.000475564
0.000900729
0.00157169
0.00254863
0.00387724
0.00558484
0.00768017
0.0101556
0.0129904
0.0161542
0.0196103
0.0233183
0.0272361
0.0313218
0.035534
0.0398333
0.0441824
0.048547
0.0528951
0.0571978
0.061428
0.0655603
0.0695658
0.0734091
0.0770383
0.0803668
0.0832297
0.0852403
0.0860373
0.0845733
0.0787092
0.069359
0.059235
0.0499987
0.0410046
0.0330434
0.0261546
0.0203315
0.0153609
0.0110471
0.00761408
0.00498447
0.00306935
0.00176122
0.000934037
0.00045857
0.000213572
9.51425e-05
4.08191e-05
1.69612e-05
6.85715e-06
2.70706e-06
1.04649e-06
3.96973e-07
1.47991e-07
5.42775e-08
1.95987e-08
6.97066e-09
2.44297e-09
8.43895e-10
2.87409e-10
9.65323e-11
3.19841e-11
1.04574e-11
3.37504e-12
1.07557e-12
3.38531e-13
1.05231e-13
3.22872e-14
9.76026e-15
2.88979e-15
8.20803e-16
2.05943e-16
2.64626e-17
4.09699e-17
3.18692e-16
1.31029e-15
4.83361e-15
1.7291e-14
6.11493e-14
2.14792e-13
7.49693e-13
2.59784e-12
8.92554e-12
3.036e-11
1.02078e-10
3.38714e-10
1.10735e-09
3.56092e-09
1.12436e-08
3.47952e-08
1.05332e-07
3.11241e-07
8.95515e-07
2.50167e-06
6.76089e-06
1.7595e-05
4.38316e-05
0.000103735
0.000231204
0.000478328
0.000905346
0.00157875
0.00255865
0.0038906
0.00560173
0.00770063
0.0101795
0.0130176
0.0161844
0.019643
0.0233532
0.0272728
0.0313599
0.035573
0.0398729
0.0442222
0.0485866
0.0529343
0.0572362
0.0614654
0.0655964
0.0696004
0.0734419
0.0770687
0.0803943
0.083252
0.085256
0.086042
0.0845572
0.0786546
0.0692932
0.0591703
0.0499394
0.0409522
0.0329982
0.0261164
0.0202999
0.0153338
0.0110255
0.00759736
0.00497216
0.00306082
0.00175573
0.000930787
0.000456878
0.000212748
9.47636e-05
4.06536e-05
1.6892e-05
6.82918e-06
2.69609e-06
1.04228e-06
3.95395e-07
1.47408e-07
5.40651e-08
1.95223e-08
6.94353e-09
2.43345e-09
8.40591e-10
2.86275e-10
9.61477e-11
3.1855e-11
1.04145e-11
3.36097e-12
1.071e-12
3.37063e-13
1.04764e-13
3.21408e-14
9.71506e-15
2.87615e-15
8.16882e-16
2.04955e-16
2.63356e-17
4.10985e-17
3.19695e-16
1.31445e-15
4.84924e-15
1.73481e-14
6.13567e-14
2.15538e-13
7.52361e-13
2.60729e-12
8.95866e-12
3.04746e-11
1.0247e-10
3.40028e-10
1.11169e-09
3.57497e-09
1.12881e-08
3.49329e-08
1.05747e-07
3.12459e-07
8.98975e-07
2.51116e-06
6.78595e-06
1.76582e-05
4.39826e-05
0.000104074
0.000231907
0.000479627
0.000907522
0.0015821
0.00256341
0.00389697
0.00560981
0.00771045
0.0101911
0.0130307
0.0161989
0.0196589
0.0233702
0.0272907
0.0313785
0.0355921
0.0398922
0.0442417
0.048606
0.0529535
0.0572551
0.0614837
0.0656142
0.0696174
0.073458
0.0770837
0.0804078
0.0832629
0.0852637
0.0860442
0.0845491
0.0786272
0.0692603
0.059138
0.0499098
0.0409261
0.0329758
0.0260976
0.0202843
0.0153206
0.011015
0.00758931
0.0049663
0.00305679
0.0017531
0.000929154
0.000455977
0.000212294
9.45536e-05
4.05627e-05
1.68546e-05
6.81433e-06
2.69035e-06
1.04012e-06
3.94589e-07
1.47113e-07
5.3958e-08
1.94839e-08
6.92992e-09
2.42867e-09
8.38931e-10
2.85705e-10
9.59536e-11
3.17897e-11
1.03928e-11
3.35381e-12
1.06867e-12
3.3631e-13
1.04524e-13
3.20652e-14
9.6916e-15
2.86905e-15
8.14831e-16
2.04436e-16
2.62688e-17
4.11076e-17
3.19765e-16
1.31474e-15
4.85027e-15
1.73517e-14
6.13692e-14
2.15581e-13
7.52508e-13
2.60779e-12
8.96035e-12
3.04802e-11
1.02488e-10
3.40089e-10
1.11189e-09
3.57557e-09
1.12899e-08
3.49386e-08
1.05764e-07
3.12507e-07
8.9911e-07
2.51153e-06
6.7869e-06
1.76606e-05
4.39883e-05
0.000104087
0.000231933
0.000479675
0.000907602
0.00158222
0.00256358
0.00389719
0.00561009
0.00771079
0.0101914
0.0130311
0.0161994
0.0196594
0.0233707
0.0272913
0.031379
0.0355927
0.0398928
0.0442422
0.0486065
0.052954
0.0572555
0.0614842
0.0656146
0.0696177
0.0734583
0.077084
0.0804079
0.083263
0.0852636
0.0860439
0.0845485
0.078626
0.0692589
0.0591366
0.0499085
0.040925
0.0329748
0.0260967
0.0202835
0.01532
0.0110144
0.00758888
0.00496597
0.00305655
0.00175295
0.000929061
0.000455927
0.000212268
9.45414e-05
4.05571e-05
1.6852e-05
6.81325e-06
2.68991e-06
1.03994e-06
3.94518e-07
1.47085e-07
5.39476e-08
1.948e-08
6.92848e-09
2.42815e-09
8.38744e-10
2.85639e-10
9.59307e-11
3.17819e-11
1.03901e-11
3.35292e-12
1.06837e-12
3.36214e-13
1.04493e-13
3.20553e-14
9.6885e-15
2.8681e-15
8.14554e-16
2.04365e-16
2.62595e-17
4.09966e-17
3.18898e-16
1.31112e-15
4.83664e-15
1.73016e-14
6.11864e-14
2.14919e-13
7.50131e-13
2.59933e-12
8.93055e-12
3.03766e-11
1.02133e-10
3.38891e-10
1.10792e-09
3.5627e-09
1.12491e-08
3.48117e-08
1.05381e-07
3.11381e-07
8.95906e-07
2.50272e-06
6.76365e-06
1.76019e-05
4.3848e-05
0.000103772
0.00023128
0.000478468
0.000905578
0.00157911
0.00255915
0.00389125
0.00560255
0.00770161
0.0101807
0.0130188
0.0161857
0.0196445
0.0233547
0.0272744
0.0313615
0.0355747
0.0398744
0.0442237
0.0485881
0.0529357
0.0572375
0.0614666
0.0655975
0.0696013
0.0734427
0.0770694
0.0803948
0.0832522
0.0852559
0.0860413
0.0845555
0.0786508
0.0692888
0.059166
0.0499354
0.0409487
0.0329951
0.0261138
0.0202976
0.0153319
0.0110238
0.00759606
0.00497118
0.00306012
0.00175527
0.000930509
0.000456728
0.000212671
9.47261e-05
4.06362e-05
1.68843e-05
6.82591e-06
2.69474e-06
1.04174e-06
3.95182e-07
1.47326e-07
5.4034e-08
1.95107e-08
6.93927e-09
2.43191e-09
8.4004e-10
2.86081e-10
9.60801e-11
3.18318e-11
1.04067e-11
3.35834e-12
1.07014e-12
3.36779e-13
1.04672e-13
3.21116e-14
9.7059e-15
2.87335e-15
8.16062e-16
2.04744e-16
2.63081e-17
4.07601e-17
3.17047e-16
1.30339e-15
4.80737e-15
1.71935e-14
6.07905e-14
2.13481e-13
7.44947e-13
2.58083e-12
8.86525e-12
3.01492e-11
1.01352e-10
3.36256e-10
1.09918e-09
3.5343e-09
1.11588e-08
3.45314e-08
1.04533e-07
3.0889e-07
8.88815e-07
2.48323e-06
6.71217e-06
1.74721e-05
4.35378e-05
0.000103077
0.000229838
0.000475812
0.000901141
0.00157231
0.0025495
0.0038784
0.00558628
0.00768188
0.0101576
0.0129926
0.0161566
0.0196129
0.0233209
0.0272388
0.0313246
0.0355368
0.039836
0.044185
0.0485495
0.0528975
0.0572001
0.0614301
0.0655622
0.0695675
0.0734106
0.0770395
0.0803677
0.0832301
0.0852401
0.0860362
0.0845703
0.0787027
0.0693514
0.0592277
0.049992
0.0409985
0.033038
0.0261499
0.0203275
0.0153573
0.0110442
0.00761175
0.00498271
0.00306809
0.00176039
0.00093353
0.000458299
0.000213435
9.50762e-05
4.07885e-05
1.69477e-05
6.85136e-06
2.70466e-06
1.04552e-06
3.96595e-07
1.47846e-07
5.42225e-08
1.95782e-08
6.96316e-09
2.44027e-09
8.42931e-10
2.8707e-10
9.64151e-11
3.1944e-11
1.04438e-11
3.37053e-12
1.07409e-12
3.38046e-13
1.05074e-13
3.22375e-14
9.74475e-15
2.88506e-15
8.19425e-16
2.0559e-16
2.64166e-17
4.03928e-17
3.14171e-16
1.29137e-15
4.76192e-15
1.70259e-14
6.01781e-14
2.11259e-13
7.36952e-13
2.55233e-12
8.7648e-12
2.97996e-11
1.00153e-10
3.32209e-10
1.08577e-09
3.49074e-09
1.10203e-08
3.41018e-08
1.03234e-07
3.05074e-07
8.7795e-07
2.45338e-06
6.63332e-06
1.72732e-05
4.30627e-05
0.000102013
0.000227629
0.000471743
0.000894343
0.00156191
0.00253474
0.00385873
0.00556141
0.00765176
0.0101223
0.0129526
0.0161123
0.0195647
0.0232695
0.0271848
0.0312684
0.0354792
0.0397775
0.0441263
0.0484909
0.0528396
0.0571432
0.0613747
0.0655086
0.0695161
0.0733618
0.076994
0.0803266
0.0831966
0.0852162
0.0860286
0.0845931
0.0787821
0.0694473
0.0593222
0.0500787
0.041075
0.0331039
0.0262054
0.0203735
0.0153965
0.0110755
0.00763587
0.00500039
0.00308025
0.00176814
0.000938049
0.000460629
0.000214562
9.55919e-05
4.1013e-05
1.70413e-05
6.88908e-06
2.71944e-06
1.05118e-06
3.98718e-07
1.4863e-07
5.4508e-08
1.96808e-08
6.99959e-09
2.45304e-09
8.47361e-10
2.88589e-10
9.69296e-11
3.21165e-11
1.0501e-11
3.38929e-12
1.08018e-12
3.40002e-13
1.05695e-13
3.24322e-14
9.80485e-15
2.90317e-15
8.24631e-16
2.069e-16
2.65847e-17
3.98991e-17
3.10307e-16
1.27523e-15
4.70094e-15
1.68011e-14
5.93576e-14
2.08285e-13
7.26255e-13
2.51423e-12
8.63058e-12
2.93328e-11
9.85533e-11
3.26813e-10
1.0679e-09
3.43272e-09
1.0836e-08
3.353e-08
1.01506e-07
2.99999e-07
8.63505e-07
2.41368e-06
6.52848e-06
1.70087e-05
4.24303e-05
0.000100595
0.000224684
0.000466311
0.000885258
0.00154799
0.00251497
0.00383238
0.00552808
0.00761137
0.0100751
0.0128989
0.0160527
0.0195
0.0232004
0.0271122
0.0311931
0.0354019
0.039699
0.0440473
0.0484122
0.0527618
0.0570668
0.0613002
0.0654366
0.0694469
0.0732963
0.0769329
0.0802713
0.0831514
0.085184
0.0860183
0.084624
0.0788897
0.0695772
0.0594503
0.0501962
0.0411787
0.0331932
0.0262807
0.0204358
0.0154494
0.0111176
0.0076683
0.00502408
0.00309649
0.00177846
0.000944066
0.000463737
0.000216068
9.62797e-05
4.13117e-05
1.71657e-05
6.93912e-06
2.73901e-06
1.05866e-06
4.01524e-07
1.49666e-07
5.48851e-08
1.98163e-08
7.04768e-09
2.46992e-09
8.53214e-10
2.90596e-10
9.76107e-11
3.23451e-11
1.05769e-11
3.41422e-12
1.08828e-12
3.42609e-13
1.06524e-13
3.26925e-14
9.88529e-15
2.92746e-15
8.31621e-16
2.08661e-16
2.68108e-17
3.92819e-17
3.05476e-16
1.25506e-15
4.62469e-15
1.65202e-14
5.83319e-14
2.04568e-13
7.12894e-13
2.46665e-12
8.46304e-12
2.87503e-11
9.65576e-11
3.20086e-10
1.04563e-09
3.36043e-09
1.06064e-08
3.28181e-08
9.9355e-08
2.93682e-07
8.45527e-07
2.36427e-06
6.39797e-06
1.66793e-05
4.16425e-05
9.88278e-05
0.000221008
0.000459521
0.000873889
0.00153056
0.00249019
0.00379932
0.00548624
0.00756063
0.0100157
0.0128314
0.0159779
0.0194187
0.0231136
0.0270208
0.0310982
0.0353045
0.0396002
0.0439478
0.0483129
0.0526636
0.0569704
0.0612062
0.0653456
0.0693597
0.0732135
0.0768557
0.0802015
0.0830941
0.0851432
0.0860053
0.0846635
0.0790268
0.0697431
0.059615
0.0503465
0.041311
0.033307
0.0263765
0.0205153
0.0155166
0.0111712
0.00770937
0.00505402
0.00311697
0.00179145
0.000951629
0.000467646
0.000217959
9.71426e-05
4.16856e-05
1.7321e-05
7.00142e-06
2.76331e-06
1.06793e-06
4.04995e-07
1.50945e-07
5.53501e-08
1.99832e-08
7.10689e-09
2.49068e-09
8.60414e-10
2.93066e-10
9.8449e-11
3.26266e-11
1.06705e-11
3.44501e-12
1.0983e-12
3.45838e-13
1.07553e-13
3.30162e-14
9.9856e-15
2.9578e-15
8.40359e-16
2.10862e-16
2.70934e-17
3.8544e-17
2.99698e-16
1.23092e-15
4.53345e-15
1.61839e-14
5.71043e-14
2.00119e-13
6.96903e-13
2.40972e-12
8.26263e-12
2.80538e-11
9.4172e-11
3.12047e-10
1.01903e-09
3.27412e-09
1.03324e-08
3.19686e-08
9.67888e-08
2.86147e-07
8.24084e-07
2.30534e-06
6.24225e-06
1.62861e-05
4.07015e-05
9.67144e-05
0.000216607
0.00045138
0.000860238
0.0015096
0.00246037
0.00375951
0.00543581
0.00749946
0.00994409
0.01275
0.0158875
0.0193204
0.0230086
0.0269103
0.0309835
0.0351867
0.0394805
0.0438274
0.0481927
0.0525445
0.0568534
0.0610922
0.0652352
0.0692538
0.073113
0.0767621
0.0801168
0.083024
0.0850933
0.0859895
0.0847116
0.0791943
0.069945
0.0598131
0.0505296
0.041473
0.0334466
0.026494
0.0206127
0.0155989
0.0112366
0.00775953
0.0050905
0.00314185
0.0018072
0.00096077
0.000472369
0.000220241
9.8181e-05
4.21343e-05
1.75068e-05
7.0757e-06
2.7922e-06
1.07891e-06
4.09097e-07
1.52453e-07
5.58971e-08
2.01792e-08
7.1763e-09
2.515e-09
8.68845e-10
2.95959e-10
9.94313e-11
3.29568e-11
1.07804e-11
3.48123e-12
1.11012e-12
3.49654e-13
1.08772e-13
3.3401e-14
1.01052e-14
2.99391e-15
8.50694e-16
2.13444e-16
2.7423e-17
3.7686e-17
2.92979e-16
1.20284e-15
4.42729e-15
1.57927e-14
5.56764e-14
1.94946e-13
6.78315e-13
2.34357e-12
8.02986e-12
2.72453e-11
9.14039e-11
3.02724e-10
9.88186e-10
3.17411e-09
1.00151e-08
3.09851e-08
9.38189e-08
2.77428e-07
7.99276e-07
2.23715e-06
6.06203e-06
1.58309e-05
3.96109e-05
9.42621e-05
0.000211491
0.0004419
0.000844314
0.00148511
0.00242548
0.0037129
0.00537673
0.00742775
0.0098601
0.0126544
0.0157814
0.0192051
0.0228853
0.0267805
0.0308486
0.0350481
0.0393395
0.0436854
0.0480509
0.0524041
0.0567153
0.0609574
0.0651047
0.0691284
0.0729941
0.0766513
0.0800169
0.0829402
0.0850341
0.0859709
0.0847693
0.0793947
0.0701875
0.0600523
0.0507498
0.0416672
0.0336136
0.0266343
0.0207287
0.0156966
0.0113144
0.00781902
0.00513368
0.00317126
0.00182576
0.000971524
0.000477915
0.000222916
9.93946e-05
4.26569e-05
1.77222e-05
7.16148e-06
2.82541e-06
1.09149e-06
4.13775e-07
1.54168e-07
5.65172e-08
2.04009e-08
7.25468e-09
2.54242e-09
8.78346e-10
2.99218e-10
1.00539e-10
3.33297e-11
1.09048e-11
3.52231e-12
1.12356e-12
3.54006e-13
1.10167e-13
3.38423e-14
1.0242e-14
3.03484e-15
8.62065e-16
2.16151e-16
2.77585e-17
3.67103e-17
2.85336e-16
1.17089e-15
4.30645e-15
1.53473e-14
5.40514e-14
1.89061e-13
6.57176e-13
2.26838e-12
7.76535e-12
2.63268e-11
8.82612e-11
2.92144e-10
9.53204e-10
3.06071e-09
9.65535e-09
2.98708e-08
9.04544e-08
2.67553e-07
7.71174e-07
2.1599e-06
5.85781e-06
1.53147e-05
3.83733e-05
9.14759e-05
0.00020567
0.000431091
0.000826128
0.00145711
0.00238554
0.00365948
0.00530897
0.00734546
0.00976365
0.0125447
0.0156595
0.0190724
0.0227435
0.026631
0.0306931
0.0348883
0.0391769
0.0435214
0.047887
0.0522414
0.0565552
0.060801
0.064953
0.0689826
0.0728556
0.0765222
0.0799004
0.0828424
0.0849649
0.0859492
0.084837
0.0796295
0.0704716
0.0603345
0.0510087
0.0418955
0.0338097
0.0267991
0.0208646
0.0158108
0.0114054
0.00788856
0.00518403
0.00320543
0.00184727
0.000983933
0.000484298
0.000225985
0.000100782
4.3251e-05
1.79658e-05
7.25787e-06
2.86252e-06
1.10547e-06
4.18947e-07
1.56054e-07
5.71968e-08
2.06431e-08
7.34012e-09
2.57228e-09
8.88683e-10
3.02766e-10
1.01746e-10
3.37367e-11
1.10408e-11
3.56739e-12
1.13836e-12
3.58819e-13
1.11716e-13
3.43342e-14
1.03953e-14
3.08127e-15
8.75307e-16
2.19432e-16
2.81754e-17
3.56131e-17
2.76742e-16
1.13496e-15
4.17066e-15
1.48474e-14
5.22288e-14
1.82466e-13
6.33507e-13
2.18425e-12
7.46968e-12
2.5301e-11
8.47539e-11
2.80347e-10
9.14233e-10
2.9345e-09
9.25531e-09
2.86324e-08
8.6718e-08
2.56591e-07
7.39994e-07
2.0742e-06
5.63116e-06
1.47414e-05
3.69972e-05
8.83723e-05
0.000199169
0.000418987
0.000805711
0.0014256
0.00234054
0.00359922
0.00523248
0.00725251
0.00965467
0.0124206
0.0155217
0.0189224
0.0225829
0.0264618
0.0305169
0.0347069
0.0389921
0.0433348
0.0477002
0.0520559
0.0563723
0.0606219
0.0647791
0.0688151
0.0726964
0.0763736
0.0797662
0.0827297
0.0848852
0.0859247
0.0849158
0.0799022
0.0708022
0.0606628
0.0513105
0.0421616
0.0340381
0.0269908
0.0210222
0.0159431
0.0115107
0.00796889
0.00524199
0.00324462
0.00187184
0.000998041
0.000491539
0.000229452
0.000102339
4.39139e-05
1.82355e-05
7.36379e-06
2.90297e-06
1.12059e-06
4.24504e-07
1.58068e-07
5.79184e-08
2.0899e-08
7.43006e-09
2.60362e-09
8.99518e-10
3.06483e-10
1.03012e-10
3.41646e-11
1.11843e-11
3.61514e-12
1.15411e-12
3.63967e-13
1.13381e-13
3.48664e-14
1.05626e-14
3.1322e-15
8.89963e-16
2.23098e-16
2.86438e-17
3.43944e-17
2.67195e-16
1.09507e-15
4.01992e-15
1.42927e-14
5.02082e-14
1.7516e-13
6.07305e-13
2.09118e-12
7.14281e-12
2.41678e-11
8.08817e-11
2.67329e-10
8.71249e-10
2.79533e-09
8.81434e-09
2.72675e-08
8.26e-08
2.4451e-07
7.05622e-07
1.9797e-06
5.38119e-06
1.41089e-05
3.54782e-05
8.49434e-05
0.000191979
0.00040558
0.00078307
0.00139063
0.00229053
0.0035322
0.00514735
0.007149
0.00953323
0.0122823
0.0153679
0.0187548
0.0224035
0.0262724
0.0303196
0.0345036
0.0387846
0.043125
0.0474897
0.0518464
0.0561654
0.060419
0.0645815
0.0686245
0.0725148
0.0762038
0.0796125
0.0826006
0.0847943
0.0858972
0.0850073
0.0802172
0.0711844
0.0610428
0.0516602
0.0424703
0.0343029
0.0272126
0.0212041
0.0160953
0.0116319
0.00806106
0.00530819
0.00328918
0.00189962
0.00101387
0.00049962
0.000233294
0.00010405
4.46346e-05
1.85257e-05
7.47651e-06
2.94557e-06
1.13635e-06
4.30238e-07
1.60128e-07
5.86508e-08
2.1157e-08
7.52027e-09
2.63495e-09
9.10329e-10
3.10192e-10
1.04277e-10
3.45938e-11
1.1329e-11
3.66357e-12
1.1702e-12
3.69265e-13
1.15108e-13
3.54222e-14
1.07382e-14
3.18607e-15
9.0554e-16
2.27006e-16
2.91432e-17
3.30487e-17
2.56659e-16
1.05108e-15
3.85405e-15
1.36832e-14
4.79905e-14
1.67151e-13
5.78623e-13
1.98946e-12
6.78615e-12
2.29333e-11
7.66715e-11
2.53203e-10
8.24695e-10
2.64491e-09
8.33868e-09
2.57981e-08
7.81751e-08
2.31548e-07
6.68793e-07
1.87851e-06
5.11351e-06
1.3431e-05
3.38467e-05
8.12496e-05
0.000184206
0.000390996
0.000758344
0.00135231
0.0022356
0.00345848
0.00505361
0.00703495
0.0093994
0.0121298
0.0151983
0.01857
0.0222054
0.0260631
0.0301012
0.0342782
0.0385542
0.0428915
0.047255
0.0516123
0.0559334
0.0601909
0.0643588
0.068409
0.0723088
0.0760107
0.0794375
0.0824535
0.0846909
0.0858666
0.085113
0.0805798
0.071625
0.0614809
0.0520632
0.042834
0.0346131
0.0274702
0.021414
0.0162699
0.0117714
0.00816654
0.00538347
0.00333952
0.0019308
0.00103151
0.000508576
0.00023752
0.000105915
4.54116e-05
1.88346e-05
7.59485e-06
2.98961e-06
1.15238e-06
4.35979e-07
1.62166e-07
5.93817e-08
2.1414e-08
7.60945e-09
2.66562e-09
9.20766e-10
3.13693e-10
1.05466e-10
3.49982e-11
1.14662e-11
3.70991e-12
1.18575e-12
3.7444e-13
1.16814e-13
3.59776e-14
1.09157e-14
3.2409e-15
9.21478e-16
2.31014e-16
2.96557e-17
3.15843e-17
2.45124e-16
1.00263e-15
3.67185e-15
1.30141e-14
4.55592e-14
1.58383e-13
5.47263e-13
1.87836e-12
6.39688e-12
2.15868e-11
7.20802e-11
2.37797e-10
7.73909e-10
2.48072e-09
7.81901e-09
2.4191e-08
7.33292e-08
2.17336e-07
6.28362e-07
1.76733e-06
4.81929e-06
1.26859e-05
3.20553e-05
7.72035e-05
0.000175754
0.000374963
0.000731309
0.00131049
0.00217573
0.00337819
0.00495157
0.00691085
0.00925376
0.0119638
0.0150136
0.0183686
0.0219893
0.0258346
0.0298623
0.0340311
0.0383011
0.0426343
0.0469957
0.0513527
0.0556755
0.0599363
0.0641092
0.0681665
0.072076
0.0757917
0.0792386
0.0822861
0.0845747
0.0858335
0.0852352
0.0809953
0.0721222
0.0619498
0.052405
0.0434075
0.0350186
0.0277816
0.0216591
0.0164712
0.0119327
0.00828742
0.00546897
0.00339619
0.0019655
0.00105082
0.000518254
0.000242004
0.000107852
4.61995e-05
1.91397e-05
7.70877e-06
3.03164e-06
1.16808e-06
4.41638e-07
1.64152e-07
6.00391e-08
2.16358e-08
7.68468e-09
2.69141e-09
9.29752e-10
3.169e-10
1.0657e-10
3.53729e-11
1.15925e-11
3.75189e-12
1.19979e-12
3.79157e-13
1.18391e-13
3.64988e-14
1.10844e-14
3.29375e-15
9.3699e-16
2.34931e-16
3.01569e-17
3.00476e-17
2.33112e-16
9.5204e-16
3.47764e-15
1.22969e-14
4.29478e-14
1.48963e-13
5.13611e-13
1.75941e-12
5.9814e-12
2.01548e-11
6.72172e-11
2.21551e-10
7.20608e-10
2.30925e-09
7.27901e-09
2.25295e-08
6.83436e-08
2.02778e-07
5.87099e-07
1.65415e-06
4.52006e-06
1.19276e-05
3.02277e-05
7.30605e-05
0.000167044
0.000358179
0.000702769
0.00126602
0.00211172
0.00329201
0.0048418
0.00677717
0.00909681
0.0117849
0.0148145
0.0181513
0.0217561
0.0255876
0.0296037
0.0337631
0.0380257
0.0423537
0.0467118
0.0510674
0.0553907
0.0596539
0.0638312
0.0678951
0.0718142
0.0755439
0.0790118
0.0820924
0.0844515
0.0858037
0.0853857
0.0814936
0.0727286
0.0625534
0.0529147
0.0438992
0.035444
0.0281327
0.0219392
0.0167017
0.0121206
0.008426
0.00556609
0.00346006
0.00200431
0.00107224
0.000528932
0.00024691
0.000109948
4.70453e-05
1.94757e-05
7.83494e-06
3.07608e-06
1.18216e-06
4.46101e-07
1.65553e-07
6.04903e-08
2.17771e-08
7.72944e-09
2.7056e-09
9.3433e-10
3.18383e-10
1.07092e-10
3.5567e-11
1.16667e-11
3.78109e-12
1.21075e-12
3.83087e-13
1.19756e-13
3.69605e-14
1.12358e-14
3.34163e-15
9.51103e-16
2.3849e-16
3.06111e-17
2.82986e-17
2.19425e-16
8.95298e-16
3.26235e-15
1.15116e-14
4.00961e-14
1.38696e-13
4.76954e-13
1.62981e-12
5.52838e-12
1.85912e-11
6.18977e-11
2.03738e-10
6.61986e-10
2.11999e-09
6.68065e-09
2.06805e-08
6.27709e-08
1.86437e-07
5.40609e-07
1.52627e-06
4.18145e-06
1.10697e-05
2.81645e-05
6.84023e-05
0.00015729
0.000339427
0.000671159
0.00121722
0.00204203
0.00319885
0.00472381
0.00663414
0.0089294
0.0115944
0.0146029
0.0179204
0.0215081
0.0253246
0.0293279
0.0334764
0.0377302
0.0420513
0.0464044
0.050757
0.0550793
0.0593435
0.063524
0.0675937
0.0715224
0.0752671
0.0787581
0.0818756
0.0843179
0.0857753
0.0855648
0.0820888
0.0734476
0.0632587
0.0535263
0.0445158
0.0359702
0.0285576
0.0222707
0.0169699
0.0123402
0.00858534
0.00567615
0.00353109
0.00204628
0.00109443
0.000539504
0.000251499
0.000111805
4.7778e-05
1.97196e-05
7.91228e-06
3.09856e-06
1.18876e-06
4.47863e-07
1.65934e-07
6.05469e-08
2.17741e-08
7.72197e-09
2.70157e-09
9.32642e-10
3.17792e-10
1.06922e-10
3.55291e-11
1.1663e-11
3.7831e-12
1.21281e-12
3.84311e-13
1.20348e-13
3.72129e-14
1.13337e-14
3.3754e-15
9.61332e-16
2.41029e-16
3.09285e-17
2.64216e-17
2.0471e-16
8.33761e-16
3.03357e-15
1.06686e-14
3.70589e-14
1.27841e-13
4.38454e-13
1.49455e-12
5.05855e-12
1.69803e-11
5.64546e-11
1.85642e-10
6.02886e-10
1.93068e-09
6.08693e-09
1.88603e-08
5.7327e-08
1.70586e-07
4.95793e-07
1.40362e-06
3.8579e-06
1.02516e-05
2.61972e-05
6.39461e-05
0.000147887
0.000321136
0.000639907
0.00116836
0.00197145
0.00310357
0.00460222
0.00648591
0.00875526
0.0113959
0.0143817
0.0176789
0.0212483
0.0250486
0.0290376
0.0331738
0.037417
0.0417293
0.0460755
0.0504229
0.0547419
0.0590049
0.0631865
0.0672604
0.0711971
0.0749556
0.0784704
0.081628
0.0841564
0.0857281
0.0857237
0.0826823
0.0742489
0.0640856
0.0542633
0.0452061
0.0365718
0.0290535
0.0226621
0.017283
0.012595
0.00877035
0.00580363
0.00361333
0.00209509
0.00112052
0.000552255
0.000257335
0.000114138
4.85588e-05
1.99677e-05
7.98074e-06
3.11522e-06
1.19133e-06
4.47446e-07
1.65389e-07
6.0221e-08
2.16191e-08
7.65614e-09
2.67572e-09
9.2316e-10
3.14544e-10
1.05852e-10
3.51887e-11
1.15618e-11
3.75472e-12
1.20543e-12
3.82599e-13
1.2003e-13
3.71859e-14
1.13465e-14
3.38452e-15
9.64787e-16
2.4194e-16
3.10435e-17
2.4368e-17
1.88638e-16
7.66766e-16
2.78056e-15
9.73437e-15
3.37292e-14
1.15962e-13
3.9639e-13
1.34701e-12
4.54646e-12
1.52247e-11
5.05183e-11
1.65877e-10
5.382e-10
1.72291e-09
5.43315e-09
1.68489e-08
5.12887e-08
1.52936e-07
4.45679e-07
1.26583e-06
3.49247e-06
9.32218e-06
2.39478e-05
5.88177e-05
0.000137003
0.000299885
0.000603734
0.00111232
0.00189157
0.0029974
0.00446889
0.00632586
0.00856984
0.0111869
0.0141512
0.0174287
0.0209803
0.0247644
0.0287387
0.0328617
0.0370929
0.0413946
0.0457314
0.050071
0.0543837
0.0586424
0.0628218
0.0668966
0.070838
0.0746068
0.078142
0.0813355
0.0839422
0.0856172
0.0858008
0.0831187
0.0750706
0.0650106
0.0551157
0.0459941
0.0372647
0.0296325
0.0231233
0.0176487
0.0128879
0.0089791
0.00594267
0.00369815
0.00214113
0.00114187
0.000561523
0.000260584
0.000115047
4.87583e-05
1.99702e-05
7.95345e-06
3.09473e-06
1.17954e-06
4.41442e-07
1.62801e-07
5.91868e-08
2.12243e-08
7.51076e-09
2.6238e-09
9.05076e-10
3.08338e-10
1.03754e-10
3.44902e-11
1.13341e-11
3.68828e-12
1.1865e-12
3.77382e-13
1.18647e-13
3.68357e-14
1.12618e-14
3.36445e-15
9.5981e-16
2.40685e-16
3.08744e-17
2.22128e-17
1.7179e-16
6.96805e-16
2.52034e-15
8.79771e-15
3.02798e-14
1.03559e-13
3.52424e-13
1.19283e-12
4.0119e-12
1.3394e-11
4.43334e-11
1.45294e-10
4.70832e-10
1.50645e-09
4.75161e-09
1.47504e-08
4.49842e-08
1.34511e-07
3.93474e-07
1.12297e-06
3.1166e-06
8.37667e-06
2.169e-05
5.37446e-05
0.000126384
0.000279386
0.000569318
0.00105954
0.00181671
0.00289792
0.00434355
0.00617453
0.00839323
0.0109863
0.0139282
0.017185
0.0207176
0.0244841
0.0284423
0.0325502
0.0367676
0.0410565
0.0453816
0.0497108
0.0540143
0.0582654
0.0624392
0.0665111
0.0704534
0.0742288
0.0777803
0.0810066
0.083689
0.0854716
0.0858299
0.0834813
0.075952
0.0660545
0.0561074
0.0469273
0.0380753
0.030314
0.023673
0.0180863
0.0132442
0.00923767
0.00612005
0.00381156
0.00220776
0.00117754
0.000576171
0.000265422
0.000116408
4.89599e-05
1.99071e-05
7.87038e-06
3.04033e-06
1.15287e-06
4.30541e-07
1.58277e-07
5.73738e-08
2.05243e-08
7.24952e-09
2.52915e-09
8.71696e-10
2.96881e-10
9.99354e-11
3.3258e-11
1.09415e-11
3.55768e-12
1.14671e-12
3.66115e-13
1.15512e-13
3.59839e-14
1.10357e-14
3.30508e-15
9.44163e-16
2.36795e-16
3.03645e-17
1.98256e-17
1.52936e-16
6.17058e-16
2.21672e-15
7.70395e-15
2.64555e-14
9.04407e-14
3.07351e-13
1.03872e-12
3.48979e-12
1.16457e-11
3.85575e-11
1.26486e-10
4.10505e-10
1.3159e-09
4.15894e-09
1.294e-08
3.95787e-08
1.18773e-07
3.489e-07
1.00056e-06
2.79204e-06
7.55049e-06
1.96851e-05
4.9147e-05
0.000116522
0.000259788
0.000534998
0.00100493
0.00173716
0.00279058
0.00420762
0.006011
0.0082043
0.0107747
0.0136968
0.0169364
0.0204538
0.0242069
0.0281528
0.0322493
0.0364559
0.0407343
0.0450493
0.0493684
0.0536624
0.0579046
0.0620704
0.0661365
0.0700754
0.0738523
0.077413
0.0806635
0.0834087
0.0852848
0.0858206
0.0838148
0.0768883
0.067183
0.0571799
0.0478829
0.0389516
0.0310626
0.0242773
0.0185606
0.0136198
0.00949557
0.00628151
0.00390064
0.00224981
0.00118901
0.000578362
0.00026497
0.000115521
4.82299e-05
1.9497e-05
7.6719e-06
2.95156e-06
1.11403e-06
4.13412e-07
1.51157e-07
5.45336e-08
1.94308e-08
6.84181e-09
2.38176e-09
8.19924e-10
2.7919e-10
9.4069e-11
3.13727e-11
1.03534e-11
3.37778e-12
1.08902e-12
3.47763e-13
1.10155e-13
3.44686e-14
1.06178e-14
3.19216e-15
9.14237e-16
2.29464e-16
2.94128e-17
1.77416e-17
1.36574e-16
5.48401e-16
1.95511e-15
6.70548e-15
2.26001e-14
7.56117e-14
2.52352e-13
8.3991e-13
2.78502e-12
9.18933e-12
3.01362e-11
9.81114e-11
3.16693e-10
1.01224e-09
3.19952e-09
9.98277e-09
3.06759e-08
9.26386e-08
2.74303e-07
7.94272e-07
2.242e-06
6.14471e-06
1.62675e-05
4.13205e-05
9.9838e-05
0.000227137
0.000480835
0.000924279
0.00162767
0.00265286
0.00404459
0.0058268
0.00800329
0.0105609
0.0134734
0.0167057
0.0202175
0.0239658
0.0279074
0.0319995
0.0362016
0.0404751
0.0447847
0.0490982
0.0533864
0.0576229
0.0617835
0.0658455
0.0697821
0.0735597
0.0771269
0.0803953
0.0831879
0.0851377
0.0858114
0.0840788
0.0776612
0.0681373
0.0581205
0.0487787
0.039768
0.0317874
0.0248942
0.0190764
0.0140564
0.00982521
0.00651105
0.00404183
0.00231823
0.00121448
0.000584576
0.000264173
0.000113362
4.67508e-05
1.86225e-05
7.22208e-06
2.74136e-06
1.02236e-06
3.75573e-07
1.36183e-07
4.8814e-08
1.73134e-08
6.08004e-09
2.11496e-09
7.29004e-10
2.49042e-10
8.43182e-11
2.82919e-11
9.40756e-12
3.09997e-12
1.01153e-12
3.26118e-13
1.03816e-13
3.26597e-14
1.01158e-14
3.05659e-15
8.7868e-16
2.20883e-16
2.83075e-17
)
;

boundaryField
{
    fuel
    {
        type            fixedValue;
        value           uniform 0;
    }
    air
    {
        type            fixedValue;
        value           uniform 0;
    }
    outlet
    {
        type            inletOutlet;
        inletValue      uniform 0;
        value           nonuniform List<scalar> 
200
(
1.76102e-17
1.35571e-16
5.4443e-16
1.94123e-15
6.65891e-15
2.2446e-14
7.5112e-14
2.50733e-13
8.34662e-13
2.76804e-12
9.1346e-12
2.99607e-11
9.75524e-11
3.14926e-10
1.00671e-09
3.18237e-09
9.93039e-09
3.05183e-08
9.21728e-08
2.72954e-07
7.9046e-07
2.23152e-06
6.11684e-06
1.61963e-05
4.11467e-05
9.94388e-05
0.000226283
0.000479217
0.000921525
0.0016234
0.00264677
0.00403644
0.00581651
0.00799089
0.0105465
0.0134572
0.0166881
0.0201987
0.0239462
0.0278872
0.0319792
0.0361815
0.0404555
0.044766
0.0490806
0.0533701
0.0576082
0.0617705
0.0658344
0.0697731
0.0735529
0.0771224
0.0803933
0.0831893
0.0851429
0.085823
0.084103
0.0777108
0.0681939
0.0581637
0.0488052
0.0398114
0.0318329
0.0249352
0.0191113
0.0140859
0.00984797
0.006528
0.00405389
0.00232655
0.00121922
0.000587053
0.000265352
0.000113918
4.69945e-05
1.87267e-05
7.26409e-06
2.75779e-06
1.02866e-06
3.77944e-07
1.37061e-07
4.91333e-08
1.7428e-08
6.12066e-09
2.12919e-09
7.33937e-10
2.50739e-10
8.48979e-11
2.84886e-11
9.47383e-12
3.1221e-12
1.01886e-12
3.28539e-13
1.04608e-13
3.29154e-14
1.01972e-14
3.08188e-15
8.86128e-16
2.22791e-16
2.85548e-17
1.77416e-17
1.36574e-16
5.48401e-16
1.95511e-15
6.70548e-15
2.26001e-14
7.56117e-14
2.52352e-13
8.3991e-13
2.78502e-12
9.18933e-12
3.01362e-11
9.81114e-11
3.16693e-10
1.01224e-09
3.19952e-09
9.98277e-09
3.06759e-08
9.26386e-08
2.74303e-07
7.94272e-07
2.242e-06
6.14471e-06
1.62675e-05
4.13205e-05
9.9838e-05
0.000227137
0.000480835
0.000924279
0.00162767
0.00265286
0.00404459
0.0058268
0.00800329
0.0105609
0.0134734
0.0167057
0.0202175
0.0239658
0.0279074
0.0319995
0.0362016
0.0404751
0.0447847
0.0490982
0.0533864
0.0576229
0.0617835
0.0658455
0.0697821
0.0735597
0.0771269
0.0803953
0.0831879
0.0851377
0.0858114
0.0840788
0.0776612
0.0681373
0.0581205
0.0487787
0.039768
0.0317874
0.0248942
0.0190764
0.0140564
0.00982521
0.00651105
0.00404183
0.00231823
0.00121448
0.000584576
0.000264173
0.000113362
4.67508e-05
1.86225e-05
7.22208e-06
2.74136e-06
1.02236e-06
3.75573e-07
1.36183e-07
4.8814e-08
1.73134e-08
6.08004e-09
2.11496e-09
7.29004e-10
2.49042e-10
8.43182e-11
2.82919e-11
9.40756e-12
3.09997e-12
1.01153e-12
3.26118e-13
1.03816e-13
3.26597e-14
1.01158e-14
3.05659e-15
8.7868e-16
2.20883e-16
2.83075e-17
)
;
    }
    frontAndBack
    {
        type            empty;
    }
}


// ************************************************************************* //
