/*--------------------------------*- C++ -*----------------------------------*\
  =========                 |
  \\      /  F ield         | OpenFOAM: The Open Source CFD Toolbox
   \\    /   O peration     | Website:  https://openfoam.org
    \\  /    A nd           | Version:  11
     \\/     M anipulation  |
\*---------------------------------------------------------------------------*/
FoamFile
{
    format      ascii;
    class       volScalarField;
    location    "0.05";
    object      N2;
}
// * * * * * * * * * * * * * * * * * * * * * * * * * * * * * * * * * * * * * //

dimensions      [0 0 0 0 0 0 0];

internalField   nonuniform List<scalar> 
4000
(
2.07155e-10
1.46764e-09
4.96297e-09
1.37809e-08
3.45725e-08
8.12951e-08
1.82517e-07
3.95132e-07
8.30863e-07
1.70601e-06
3.434e-06
6.79622e-06
1.32547e-05
2.55186e-05
4.85624e-05
9.14414e-05
0.000170478
0.000314751
0.000575494
0.00104185
0.00186667
0.00330713
0.005785
0.00996659
0.0168479
0.0277974
0.0444586
0.0683316
0.0992345
0.136556
0.17902
0.225008
0.272862
0.321085
0.368446
0.414002
0.457088
0.497273
0.534323
0.568148
0.598767
0.626276
0.650821
0.672584
0.691764
0.70857
0.723209
0.735884
0.746789
0.756105
0.764003
0.770641
0.776162
0.78068
0.784199
0.786997
0.789268
0.79094
0.792083
0.792734
0.792934
0.79272
0.792101
0.791102
0.789757
0.788031
0.785937
0.783605
0.781139
0.77868
0.776396
0.774473
0.773009
0.77196
0.771246
0.770775
0.770473
0.770285
0.770169
0.770099
0.770057
0.770033
0.770018
0.77001
0.770006
0.770003
0.770002
0.770001
0.77
0.77
0.77
0.77
0.77
0.77
0.77
0.77
0.77
0.77
0.77
0.77
2.07714e-10
1.47016e-09
4.97151e-09
1.38461e-08
3.49204e-08
8.25974e-08
1.86596e-07
4.07099e-07
8.63951e-07
1.79223e-06
3.64704e-06
7.29842e-06
1.43897e-05
2.79877e-05
5.3746e-05
0.000101951
0.000191091
0.000354049
0.000648546
0.00117447
0.00210183
0.00371379
0.00646865
0.0110782
0.0185829
0.0303723
0.0480539
0.0726907
0.104087
0.141583
0.183932
0.229589
0.276985
0.324698
0.371551
0.416635
0.459302
0.499129
0.535878
0.569456
0.599874
0.627221
0.651635
0.673293
0.692388
0.709125
0.723706
0.736331
0.747191
0.756468
0.764329
0.770933
0.776421
0.780893
0.784378
0.787146
0.789385
0.791028
0.792143
0.792763
0.792937
0.7927
0.79206
0.791045
0.789688
0.787947
0.785855
0.783538
0.781098
0.778675
0.776428
0.774529
0.773072
0.772018
0.771289
0.770807
0.770497
0.770301
0.770179
0.770105
0.770061
0.770035
0.77002
0.770011
0.770006
0.770003
0.770002
0.770001
0.77
0.77
0.77
0.77
0.77
0.77
0.77
0.77
0.77
0.77
0.77
0.77
2.06406e-10
1.46123e-09
4.94804e-09
1.3808e-08
3.49213e-08
8.3055e-08
1.88756e-07
4.14482e-07
8.85287e-07
1.84771e-06
3.78063e-06
7.60123e-06
1.50429e-05
2.93398e-05
5.64512e-05
0.000107225
0.000201169
0.000372929
0.000683242
0.00123703
0.00221241
0.00390499
0.00679092
0.0116052
0.0194137
0.0316248
0.0498492
0.0750164
0.106899
0.144767
0.187331
0.233043
0.280353
0.327878
0.374477
0.419276
0.461652
0.5012
0.537692
0.571041
0.60126
0.628433
0.6527
0.674233
0.693223
0.709869
0.724371
0.736928
0.747727
0.756948
0.764758
0.771313
0.776757
0.781163
0.784606
0.787324
0.78953
0.791139
0.792219
0.792803
0.792947
0.792683
0.792022
0.790993
0.789627
0.787875
0.785792
0.783491
0.781074
0.778676
0.776449
0.774553
0.773099
0.772042
0.771311
0.770824
0.770508
0.770308
0.770184
0.770108
0.770063
0.770036
0.77002
0.770011
0.770006
0.770003
0.770002
0.770001
0.77
0.77
0.77
0.77
0.77
0.77
0.77
0.77
0.77
0.77
0.77
0.77
2.04415e-10
1.44812e-09
4.91236e-09
1.37514e-08
3.49524e-08
8.34787e-08
1.90711e-07
4.21023e-07
9.04143e-07
1.89707e-06
3.90121e-06
7.88063e-06
1.56635e-05
3.06707e-05
5.92198e-05
0.000112829
0.000212227
0.000394222
0.000723249
0.00131032
0.00234312
0.00413155
0.00717138
0.0122213
0.0203692
0.0330319
0.0518006
0.0774203
0.109664
0.147771
0.190449
0.236163
0.283388
0.330762
0.37717
0.421755
0.46391
0.503239
0.539525
0.572681
0.602724
0.629739
0.653864
0.675271
0.694147
0.710692
0.725104
0.737579
0.748304
0.757457
0.765204
0.7717
0.777089
0.781419
0.784809
0.787494
0.789661
0.791236
0.792284
0.792835
0.792953
0.792662
0.791979
0.790934
0.789553
0.787783
0.785698
0.783401
0.780997
0.778619
0.776419
0.77455
0.773105
0.772055
0.771325
0.770835
0.770517
0.770314
0.770188
0.770111
0.770064
0.770037
0.770021
0.770011
0.770006
0.770003
0.770002
0.770001
0.77
0.77
0.77
0.77
0.77
0.77
0.77
0.77
0.77
0.77
0.77
0.77
2.03269e-10
1.44083e-09
4.89496e-09
1.37365e-08
3.50221e-08
8.39566e-08
1.92618e-07
4.27135e-07
9.21372e-07
1.94167e-06
4.00956e-06
8.13091e-06
1.6218e-05
3.18558e-05
6.16736e-05
0.000117766
0.000221899
0.000412707
0.000757758
0.00137331
0.0024556
0.00432786
0.00750541
0.0127725
0.0212443
0.0343534
0.0536774
0.0797944
0.11246
0.150866
0.193699
0.239437
0.286578
0.333792
0.379992
0.424346
0.466262
0.50536
0.541425
0.574378
0.604235
0.631083
0.655058
0.676329
0.695085
0.711522
0.725837
0.738223
0.748868
0.757947
0.765627
0.772062
0.777395
0.781648
0.784999
0.787651
0.789779
0.79132
0.792336
0.792857
0.792951
0.79264
0.791938
0.790879
0.789487
0.787702
0.785618
0.783328
0.780937
0.778577
0.776396
0.774539
0.773107
0.77206
0.77133
0.770841
0.770521
0.770317
0.77019
0.770112
0.770065
0.770037
0.770021
0.770012
0.770006
0.770003
0.770002
0.770001
0.77
0.77
0.77
0.77
0.77
0.77
0.77
0.77
0.77
0.77
0.77
0.77
2.02733e-10
1.43753e-09
4.88799e-09
1.374e-08
3.51105e-08
8.44235e-08
1.94326e-07
4.32398e-07
9.35912e-07
1.97886e-06
4.09923e-06
8.33705e-06
1.66732e-05
3.28265e-05
6.36804e-05
0.000121801
0.000229808
0.000427848
0.000786102
0.00142523
0.00254859
0.00449047
0.00778208
0.0132281
0.0219649
0.0354367
0.05521
0.0817394
0.114773
0.153463
0.196479
0.242295
0.289421
0.336548
0.382607
0.426786
0.468509
0.507408
0.543277
0.576042
0.605723
0.632408
0.656234
0.67737
0.696003
0.712328
0.726542
0.738837
0.749399
0.758403
0.766014
0.772386
0.777659
0.781825
0.785115
0.787837
0.789904
0.791402
0.792385
0.792876
0.792947
0.792616
0.791896
0.790824
0.78942
0.787621
0.785533
0.783247
0.780863
0.778515
0.77635
0.774508
0.773088
0.772053
0.771329
0.770841
0.770522
0.770319
0.770191
0.770113
0.770066
0.770038
0.770021
0.770012
0.770006
0.770003
0.770002
0.770001
0.77
0.77
0.77
0.77
0.77
0.77
0.77
0.77
0.77
0.77
0.77
0.77
2.02395e-10
1.43536e-09
4.88471e-09
1.37535e-08
3.52115e-08
8.4877e-08
1.95901e-07
4.3715e-07
9.48944e-07
2.01218e-06
4.17984e-06
8.52346e-06
1.7088e-05
3.37194e-05
6.55462e-05
0.000125596
0.000237339
0.000442444
0.000813759
0.00147646
0.00264128
0.00465398
0.00806228
0.0136919
0.0226998
0.0365391
0.0567569
0.0836824
0.117059
0.156004
0.199173
0.245043
0.292142
0.339176
0.385097
0.42911
0.470652
0.509363
0.545047
0.577634
0.607146
0.633674
0.657356
0.678359
0.696872
0.713088
0.727203
0.739408
0.749889
0.75882
0.766366
0.77268
0.777903
0.781992
0.785252
0.787954
0.789995
0.791466
0.792423
0.79289
0.792939
0.79259
0.791856
0.790772
0.789356
0.787543
0.785455
0.783171
0.780795
0.778459
0.776309
0.774481
0.773072
0.772044
0.771325
0.770841
0.770523
0.770319
0.770192
0.770113
0.770066
0.770038
0.770021
0.770012
0.770006
0.770003
0.770002
0.770001
0.77
0.77
0.77
0.77
0.77
0.77
0.77
0.77
0.77
0.77
0.77
0.77
2.02217e-10
1.43474e-09
4.88665e-09
1.37721e-08
3.5317e-08
8.53014e-08
1.97314e-07
4.41316e-07
9.60227e-07
2.0408e-06
4.24875e-06
8.68224e-06
1.74403e-05
3.44753e-05
6.71206e-05
0.000128787
0.000243644
0.000454613
0.000836724
0.00151886
0.00271784
0.00478897
0.00829406
0.0140773
0.023315
0.0374698
0.0580715
0.0853553
0.119056
0.158255
0.201589
0.247535
0.29463
0.341598
0.387406
0.431275
0.472655
0.511196
0.54671
0.579131
0.608485
0.634865
0.658408
0.679286
0.697682
0.713793
0.727813
0.739933
0.750337
0.759199
0.766684
0.772945
0.778122
0.782145
0.785374
0.78805
0.790066
0.791514
0.79245
0.792897
0.79293
0.792563
0.791816
0.790722
0.789295
0.787471
0.78538
0.783097
0.780726
0.7784
0.776262
0.774448
0.773051
0.772031
0.771318
0.770837
0.770521
0.770318
0.770191
0.770113
0.770066
0.770038
0.770021
0.770012
0.770006
0.770003
0.770002
0.770001
0.77
0.77
0.77
0.77
0.77
0.77
0.77
0.77
0.77
0.77
0.77
0.77
2.02368e-10
1.43596e-09
4.89228e-09
1.37996e-08
3.54328e-08
8.57181e-08
1.98636e-07
4.45121e-07
9.70396e-07
2.06643e-06
4.31027e-06
8.82398e-06
1.77554e-05
3.51541e-05
6.85419e-05
0.000131687
0.00024942
0.000465858
0.000858137
0.00155874
0.00279042
0.00491777
0.00851608
0.0144469
0.0239045
0.0383581
0.0593071
0.0869157
0.120907
0.160329
0.203806
0.249818
0.296909
0.343818
0.389526
0.433266
0.4745
0.512887
0.548246
0.580515
0.609723
0.635964
0.65938
0.680138
0.698427
0.714439
0.72837
0.740409
0.750741
0.759539
0.766967
0.773176
0.778307
0.782288
0.785484
0.788132
0.790125
0.791551
0.792468
0.792897
0.79292
0.792537
0.791778
0.790675
0.789237
0.787404
0.78531
0.783028
0.780662
0.778345
0.776218
0.774416
0.77303
0.772018
0.77131
0.770832
0.770518
0.770317
0.770191
0.770113
0.770066
0.770038
0.770021
0.770012
0.770006
0.770003
0.770002
0.770001
0.77
0.77
0.77
0.77
0.77
0.77
0.77
0.77
0.77
0.77
0.77
0.77
2.02644e-10
1.43799e-09
4.90077e-09
1.38326e-08
3.55535e-08
8.61201e-08
1.99857e-07
4.48553e-07
9.79434e-07
2.089e-06
4.36413e-06
8.94764e-06
1.80298e-05
3.57445e-05
6.97774e-05
0.000134206
0.000254437
0.000475622
0.000876722
0.00159335
0.00285343
0.00502973
0.00870947
0.01477
0.0244223
0.0391465
0.0603945
0.0883026
0.122561
0.162191
0.205805
0.251882
0.298975
0.345835
0.391455
0.435081
0.476184
0.514432
0.549649
0.581779
0.610853
0.636968
0.660265
0.680914
0.699103
0.715024
0.728872
0.740837
0.751103
0.759842
0.767217
0.773379
0.778469
0.782415
0.785581
0.788203
0.790174
0.791583
0.792482
0.792896
0.792905
0.792511
0.791741
0.79063
0.789182
0.787342
0.785245
0.782964
0.780602
0.778292
0.776176
0.774384
0.773008
0.772004
0.771302
0.770828
0.770516
0.770316
0.77019
0.770112
0.770065
0.770037
0.770021
0.770012
0.770006
0.770003
0.770002
0.770001
0.77
0.77
0.77
0.77
0.77
0.77
0.77
0.77
0.77
0.77
0.77
0.77
2.03028e-10
1.44073e-09
4.911e-09
1.38682e-08
3.56737e-08
8.65009e-08
2.00979e-07
4.51643e-07
9.87478e-07
2.10895e-06
4.41159e-06
9.05649e-06
1.82714e-05
3.62653e-05
7.087e-05
0.000136442
0.000258904
0.00048435
0.000893409
0.00162455
0.00291046
0.00513135
0.00888536
0.0150639
0.024893
0.0398621
0.0613761
0.0895514
0.124047
0.163862
0.207598
0.253733
0.300829
0.347646
0.393189
0.436714
0.4777
0.515824
0.550914
0.582919
0.611872
0.637872
0.661062
0.681612
0.699709
0.715548
0.729321
0.741219
0.751424
0.760109
0.767437
0.773558
0.778611
0.782525
0.785665
0.788264
0.790216
0.791607
0.792492
0.792893
0.792891
0.792486
0.791707
0.790588
0.789132
0.787286
0.785186
0.782904
0.780546
0.778242
0.776136
0.774355
0.772988
0.771991
0.771294
0.770823
0.770513
0.770314
0.770189
0.770112
0.770065
0.770037
0.770021
0.770012
0.770006
0.770003
0.770002
0.770001
0.77
0.77
0.77
0.77
0.77
0.77
0.77
0.77
0.77
0.77
0.77
0.77
2.0347e-10
1.44383e-09
4.92203e-09
1.39043e-08
3.57893e-08
8.68545e-08
2.01997e-07
4.54404e-07
9.94592e-07
2.12648e-06
4.45314e-06
9.15158e-06
1.84823e-05
3.67198e-05
7.18239e-05
0.000138395
0.000262811
0.000491994
0.000908039
0.00165195
0.00296059
0.00522081
0.00904042
0.0153234
0.025309
0.040495
0.0622448
0.0906575
0.125364
0.165344
0.209189
0.255377
0.302477
0.349258
0.394733
0.438168
0.479052
0.517065
0.552042
0.583935
0.61278
0.638678
0.661771
0.682233
0.700248
0.716012
0.729718
0.741556
0.751707
0.760344
0.767629
0.773713
0.778734
0.782621
0.785737
0.788317
0.790251
0.791628
0.7925
0.792889
0.792876
0.792463
0.791675
0.790549
0.789087
0.787235
0.785132
0.782851
0.780495
0.778197
0.776099
0.774327
0.772969
0.771979
0.771286
0.770818
0.77051
0.770313
0.770188
0.770112
0.770065
0.770037
0.770021
0.770012
0.770006
0.770003
0.770002
0.770001
0.77
0.77
0.77
0.77
0.77
0.77
0.77
0.77
0.77
0.77
0.77
0.77
2.0394e-10
1.44712e-09
4.93342e-09
1.39399e-08
3.58986e-08
8.71791e-08
2.02911e-07
4.56852e-07
1.00085e-06
2.1418e-06
4.48934e-06
9.23428e-06
1.86657e-05
3.7115e-05
7.26541e-05
0.000140097
0.000266222
0.000498679
0.000920859
0.001676
0.00300469
0.00529961
0.00917717
0.0155524
0.025676
0.0410527
0.0630092
0.0916295
0.126521
0.166644
0.210585
0.25682
0.303924
0.350673
0.39609
0.439447
0.480241
0.518157
0.553035
0.58483
0.61358
0.639387
0.662395
0.682778
0.700721
0.716419
0.730066
0.74185
0.751953
0.760549
0.767797
0.773848
0.778841
0.782704
0.785799
0.788361
0.790281
0.791644
0.792505
0.792885
0.792863
0.792441
0.791647
0.790515
0.789046
0.78719
0.785084
0.782803
0.780449
0.778157
0.776065
0.774303
0.772951
0.771967
0.771279
0.770814
0.770508
0.770311
0.770187
0.770111
0.770065
0.770037
0.770021
0.770012
0.770006
0.770003
0.770002
0.770001
0.77
0.77
0.77
0.77
0.77
0.77
0.77
0.77
0.77
0.77
0.77
0.77
2.04406e-10
1.45036e-09
4.94449e-09
1.39737e-08
3.59995e-08
8.74715e-08
2.03722e-07
4.58998e-07
1.00628e-06
2.15506e-06
4.52055e-06
9.30547e-06
1.88233e-05
3.74548e-05
7.33679e-05
0.000141562
0.000269159
0.00050444
0.000931919
0.00169677
0.00304281
0.00536782
0.00929563
0.0157509
0.0259941
0.0415358
0.0636711
0.0924707
0.127521
0.167769
0.211792
0.258069
0.305177
0.351898
0.397265
0.440555
0.481271
0.519103
0.553896
0.585605
0.614272
0.64
0.662935
0.683249
0.70113
0.716771
0.730366
0.742103
0.752166
0.760724
0.76794
0.773963
0.778932
0.782774
0.785852
0.788399
0.790305
0.791658
0.792508
0.79288
0.79285
0.792421
0.791621
0.790484
0.78901
0.78715
0.785042
0.78276
0.780409
0.778121
0.776035
0.77428
0.772936
0.771957
0.771272
0.77081
0.770505
0.77031
0.770187
0.770111
0.770064
0.770037
0.770021
0.770012
0.770006
0.770003
0.770002
0.770001
0.77
0.77
0.77
0.77
0.77
0.77
0.77
0.77
0.77
0.77
0.77
0.77
2.04843e-10
1.4534e-09
4.95477e-09
1.40046e-08
3.609e-08
8.77294e-08
2.04428e-07
4.60846e-07
1.01094e-06
2.16635e-06
4.54705e-06
9.36577e-06
1.89567e-05
3.77422e-05
7.39719e-05
0.000142801
0.000271647
0.000509325
0.000941306
0.00171442
0.00307523
0.00542587
0.0093965
0.0159199
0.026265
0.041947
0.0642339
0.0931855
0.128371
0.168724
0.212817
0.259128
0.306239
0.352938
0.398262
0.441495
0.482145
0.519907
0.554627
0.586264
0.61486
0.640522
0.663394
0.683649
0.701476
0.717068
0.730619
0.742318
0.752345
0.760873
0.768061
0.774061
0.779007
0.782832
0.785896
0.78843
0.790326
0.791668
0.792511
0.792875
0.792839
0.792404
0.791599
0.790457
0.788978
0.787115
0.785006
0.782724
0.780374
0.77809
0.77601
0.774261
0.772922
0.771948
0.771266
0.770806
0.770503
0.770308
0.770186
0.77011
0.770064
0.770037
0.770021
0.770011
0.770006
0.770003
0.770002
0.770001
0.77
0.77
0.77
0.77
0.77
0.77
0.77
0.77
0.77
0.77
0.77
0.77
2.0524e-10
1.45614e-09
4.964e-09
1.40319e-08
3.61689e-08
8.79508e-08
2.05026e-07
4.62402e-07
1.01483e-06
2.17575e-06
4.56904e-06
9.41572e-06
1.90671e-05
3.79798e-05
7.44712e-05
0.000143826
0.000273704
0.000513366
0.000949076
0.00172904
0.0031021
0.00547401
0.00948018
0.0160602
0.0264897
0.0422879
0.0647001
0.0937771
0.129074
0.169514
0.213664
0.260004
0.307118
0.353798
0.399087
0.442273
0.482869
0.520572
0.555231
0.586808
0.615347
0.640952
0.663772
0.68398
0.701762
0.717314
0.730829
0.742495
0.752493
0.760995
0.768162
0.774142
0.779069
0.78288
0.785932
0.788455
0.790342
0.791677
0.792512
0.792871
0.792829
0.792389
0.79158
0.790435
0.788952
0.787086
0.784975
0.782693
0.780345
0.778064
0.775988
0.774245
0.772911
0.77194
0.771261
0.770803
0.770501
0.770307
0.770185
0.77011
0.770064
0.770037
0.770021
0.770011
0.770006
0.770003
0.770002
0.770001
0.77
0.77
0.77
0.77
0.77
0.77
0.77
0.77
0.77
0.77
0.77
0.77
2.05581e-10
1.4585e-09
4.9719e-09
1.40551e-08
3.62348e-08
8.81335e-08
2.05516e-07
4.63662e-07
1.01796e-06
2.18329e-06
4.58664e-06
9.45563e-06
1.91552e-05
3.81693e-05
7.48691e-05
0.000144643
0.000275343
0.000516587
0.000955271
0.0017407
0.00312354
0.00551243
0.00954698
0.0161721
0.026669
0.0425597
0.0650716
0.0942484
0.129633
0.170142
0.214338
0.260701
0.307817
0.354482
0.399743
0.442892
0.483444
0.521101
0.555712
0.587241
0.615734
0.641295
0.664074
0.684243
0.70199
0.71751
0.730995
0.742635
0.75261
0.761092
0.768241
0.774206
0.779117
0.782918
0.78596
0.788475
0.790355
0.791683
0.792513
0.792867
0.792821
0.792377
0.791564
0.790416
0.78893
0.787062
0.78495
0.782668
0.780321
0.778043
0.77597
0.774232
0.772902
0.771934
0.771257
0.7708
0.7705
0.770306
0.770185
0.77011
0.770064
0.770037
0.770021
0.770011
0.770006
0.770003
0.770002
0.770001
0.77
0.77
0.77
0.77
0.77
0.77
0.77
0.77
0.77
0.77
0.77
0.77
2.05853e-10
1.46039e-09
4.9782e-09
1.40734e-08
3.62865e-08
8.82754e-08
2.05892e-07
4.64626e-07
1.02034e-06
2.189e-06
4.59993e-06
9.48569e-06
1.92214e-05
3.83116e-05
7.51678e-05
0.000145256
0.000276573
0.000519005
0.000959923
0.00174945
0.00313965
0.0055413
0.00959719
0.0162563
0.0268038
0.0427639
0.0653505
0.0946018
0.130053
0.170613
0.214843
0.261223
0.30834
0.354994
0.400234
0.443355
0.483875
0.521497
0.556072
0.587566
0.616023
0.641552
0.664299
0.684439
0.70216
0.717656
0.73112
0.74274
0.752698
0.761165
0.7683
0.774254
0.779153
0.782946
0.785981
0.78849
0.790364
0.791688
0.792514
0.792864
0.792814
0.792368
0.791552
0.790402
0.788914
0.787044
0.784931
0.782649
0.780303
0.778026
0.775957
0.774222
0.772894
0.771929
0.771254
0.770798
0.770499
0.770306
0.770184
0.770109
0.770064
0.770037
0.770021
0.770011
0.770006
0.770003
0.770002
0.770001
0.77
0.77
0.77
0.77
0.77
0.77
0.77
0.77
0.77
0.77
0.77
0.77
2.06045e-10
1.46171e-09
4.98259e-09
1.40862e-08
3.63221e-08
8.83724e-08
2.06148e-07
4.65276e-07
1.02195e-06
2.19283e-06
4.6088e-06
9.50572e-06
1.92655e-05
3.84062e-05
7.53663e-05
0.000145663
0.00027739
0.00052061
0.00096301
0.00175526
0.00315034
0.00556047
0.00963052
0.0163122
0.0268932
0.0428994
0.0655355
0.0948363
0.130331
0.170925
0.215178
0.261569
0.308688
0.355335
0.400561
0.443664
0.484162
0.52176
0.556312
0.587781
0.616216
0.641722
0.664449
0.68457
0.702273
0.717753
0.731203
0.74281
0.752757
0.761213
0.76834
0.774286
0.779178
0.782964
0.785995
0.7885
0.790371
0.791691
0.792514
0.792862
0.79281
0.792362
0.791544
0.790393
0.788903
0.787032
0.784918
0.782636
0.780291
0.778015
0.775947
0.774214
0.772889
0.771925
0.771252
0.770797
0.770498
0.770305
0.770184
0.770109
0.770064
0.770036
0.770021
0.770011
0.770006
0.770003
0.770002
0.770001
0.77
0.77
0.77
0.77
0.77
0.77
0.77
0.77
0.77
0.77
0.77
0.77
2.06139e-10
1.46236e-09
4.98479e-09
1.40925e-08
3.63398e-08
8.84205e-08
2.06274e-07
4.65596e-07
1.02273e-06
2.19469e-06
4.6131e-06
9.51539e-06
1.92867e-05
3.84516e-05
7.54612e-05
0.000145857
0.000277779
0.000521372
0.000964472
0.00175801
0.00315538
0.00556949
0.0096462
0.0163384
0.0269353
0.0429632
0.0656228
0.0949474
0.130463
0.171075
0.215339
0.261736
0.308856
0.3555
0.40072
0.443814
0.484302
0.52189
0.55643
0.587888
0.616311
0.641807
0.664523
0.684635
0.702329
0.717801
0.731244
0.742845
0.752786
0.761237
0.76836
0.774303
0.77919
0.782974
0.786003
0.788505
0.790374
0.791693
0.792515
0.792861
0.792808
0.792359
0.79154
0.790388
0.788897
0.787026
0.784912
0.782629
0.780284
0.778009
0.775942
0.77421
0.772886
0.771923
0.771251
0.770796
0.770497
0.770305
0.770184
0.770109
0.770064
0.770036
0.770021
0.770011
0.770006
0.770003
0.770002
0.770001
0.77
0.77
0.77
0.77
0.77
0.77
0.77
0.77
0.77
0.77
0.77
0.77
2.06147e-10
1.46242e-09
4.98498e-09
1.40931e-08
3.63412e-08
8.84239e-08
2.06282e-07
4.65614e-07
1.02277e-06
2.19478e-06
4.61329e-06
9.51581e-06
1.92876e-05
3.84535e-05
7.5465e-05
0.000145864
0.000277794
0.000521401
0.000964529
0.00175812
0.00315558
0.00556985
0.00964684
0.0163395
0.0269371
0.0429659
0.0656267
0.0949524
0.130469
0.171082
0.215347
0.261744
0.308864
0.355508
0.400727
0.443821
0.484309
0.521895
0.556435
0.587892
0.616315
0.64181
0.664526
0.684637
0.702331
0.717803
0.731245
0.742846
0.752787
0.761239
0.768361
0.774304
0.779191
0.782975
0.786003
0.788506
0.790375
0.791694
0.792515
0.792861
0.792808
0.792359
0.79154
0.790387
0.788897
0.787025
0.784911
0.782629
0.780284
0.778009
0.775942
0.77421
0.772886
0.771923
0.771251
0.770796
0.770497
0.770305
0.770184
0.770109
0.770064
0.770036
0.770021
0.770011
0.770006
0.770003
0.770002
0.770001
0.77
0.77
0.77
0.77
0.77
0.77
0.77
0.77
0.77
0.77
0.77
0.77
2.06065e-10
1.46185e-09
4.98309e-09
1.40876e-08
3.63258e-08
8.83816e-08
2.0617e-07
4.65327e-07
1.02206e-06
2.19308e-06
4.60936e-06
9.50693e-06
1.9268e-05
3.84116e-05
7.53773e-05
0.000145685
0.000277434
0.000520696
0.000963176
0.00175558
0.00315092
0.00556152
0.00963238
0.0163153
0.0268984
0.0429074
0.0655468
0.094851
0.130349
0.170946
0.215201
0.261593
0.308711
0.355358
0.400583
0.443684
0.484181
0.521777
0.556327
0.587795
0.616227
0.641732
0.664457
0.684577
0.70228
0.717758
0.731207
0.742814
0.75276
0.761217
0.768343
0.77429
0.779181
0.782967
0.785998
0.788502
0.790372
0.791693
0.792515
0.792862
0.79281
0.792361
0.791543
0.790391
0.788901
0.78703
0.784917
0.782634
0.780289
0.778014
0.775946
0.774214
0.772889
0.771925
0.771252
0.770797
0.770498
0.770305
0.770184
0.770109
0.770064
0.770036
0.770021
0.770011
0.770006
0.770003
0.770002
0.770001
0.77
0.77
0.77
0.77
0.77
0.77
0.77
0.77
0.77
0.77
0.77
0.77
2.05892e-10
1.46065e-09
4.9791e-09
1.4076e-08
3.62931e-08
8.82919e-08
2.05932e-07
4.64718e-07
1.02055e-06
2.18947e-06
4.60094e-06
9.48788e-06
1.9226e-05
3.83213e-05
7.51877e-05
0.000145296
0.000276653
0.000519161
0.000960222
0.00175002
0.0031407
0.0055432
0.00960053
0.016262
0.026813
0.0427782
0.0653705
0.0946277
0.130084
0.170649
0.214882
0.261263
0.308381
0.355034
0.400272
0.44339
0.483907
0.521525
0.556097
0.587588
0.616042
0.641568
0.664313
0.684451
0.70217
0.717665
0.731128
0.742747
0.752704
0.761171
0.768306
0.77426
0.779158
0.78295
0.785985
0.788494
0.790367
0.79169
0.792515
0.792865
0.792814
0.792367
0.791551
0.7904
0.788912
0.787042
0.784929
0.782647
0.780301
0.778024
0.775955
0.77422
0.772893
0.771928
0.771254
0.770798
0.770498
0.770306
0.770184
0.770109
0.770064
0.770037
0.770021
0.770011
0.770006
0.770003
0.770002
0.770001
0.77
0.77
0.77
0.77
0.77
0.77
0.77
0.77
0.77
0.77
0.77
0.77
2.05628e-10
1.45883e-09
4.97304e-09
1.40584e-08
3.62434e-08
8.8155e-08
2.05567e-07
4.63783e-07
1.01824e-06
2.18391e-06
4.588e-06
9.45856e-06
1.91614e-05
3.81823e-05
7.48957e-05
0.000144696
0.00027545
0.000516796
0.000955672
0.00174145
0.00312494
0.00551496
0.00955143
0.0161797
0.0266814
0.0425788
0.0650983
0.094283
0.129675
0.17019
0.214391
0.260756
0.307872
0.354536
0.399794
0.44294
0.483488
0.52114
0.555747
0.587272
0.61576
0.641318
0.664093
0.684259
0.702004
0.717522
0.731006
0.742645
0.752619
0.7611
0.768249
0.774214
0.779124
0.782924
0.785966
0.78848
0.790359
0.791686
0.792515
0.792868
0.79282
0.792376
0.791562
0.790413
0.788927
0.787059
0.784947
0.782665
0.780319
0.77804
0.775968
0.77423
0.7729
0.771933
0.771257
0.7708
0.7705
0.770306
0.770185
0.770109
0.770064
0.770037
0.770021
0.770011
0.770006
0.770003
0.770002
0.770001
0.77
0.77
0.77
0.77
0.77
0.77
0.77
0.77
0.77
0.77
0.77
0.77
2.0529e-10
1.4565e-09
4.96522e-09
1.40354e-08
3.61782e-08
8.79744e-08
2.05084e-07
4.62537e-07
1.01514e-06
2.17646e-06
4.57061e-06
9.41915e-06
1.90744e-05
3.79952e-05
7.45029e-05
0.000143891
0.000273832
0.000513617
0.00094956
0.00172995
0.0031038
0.00547707
0.00948558
0.0160694
0.0265046
0.042311
0.0647325
0.0938194
0.129125
0.169573
0.213728
0.260072
0.307186
0.353865
0.399151
0.442333
0.482924
0.520622
0.555275
0.586847
0.61538
0.640982
0.663797
0.684001
0.701781
0.71733
0.730843
0.742507
0.752504
0.761005
0.768171
0.774152
0.779078
0.782889
0.78594
0.788462
0.790347
0.791681
0.792514
0.792872
0.792828
0.792388
0.791577
0.790431
0.788948
0.787082
0.784971
0.782689
0.780341
0.778061
0.775985
0.774243
0.772909
0.771939
0.771261
0.770802
0.770501
0.770307
0.770185
0.77011
0.770064
0.770037
0.770021
0.770011
0.770006
0.770003
0.770002
0.770001
0.77
0.77
0.77
0.77
0.77
0.77
0.77
0.77
0.77
0.77
0.77
0.77
2.04892e-10
1.45374e-09
4.95596e-09
1.4008e-08
3.60993e-08
8.77531e-08
2.04486e-07
4.60987e-07
1.01126e-06
2.1671e-06
4.54873e-06
9.36948e-06
1.89647e-05
3.77591e-05
7.40072e-05
0.000142873
0.000271791
0.000509609
0.000941855
0.00171546
0.00307717
0.00542939
0.0094027
0.0159305
0.0262822
0.0419738
0.0642716
0.0932347
0.128431
0.168793
0.212892
0.259208
0.30632
0.353018
0.398338
0.441567
0.482211
0.519967
0.55468
0.58631
0.614901
0.640557
0.663424
0.683675
0.701499
0.717088
0.730636
0.742333
0.752359
0.760885
0.768073
0.774073
0.779018
0.782843
0.785906
0.788438
0.790332
0.791673
0.792514
0.792876
0.792838
0.792402
0.791595
0.790453
0.788973
0.78711
0.785001
0.782719
0.78037
0.778086
0.776006
0.774259
0.772921
0.771946
0.771266
0.770805
0.770503
0.770308
0.770186
0.77011
0.770064
0.770037
0.770021
0.770011
0.770006
0.770003
0.770002
0.770001
0.77
0.77
0.77
0.77
0.77
0.77
0.77
0.77
0.77
0.77
0.77
0.77
2.0445e-10
1.45067e-09
4.94557e-09
1.39769e-08
3.60082e-08
8.74941e-08
2.03779e-07
4.59136e-07
1.00661e-06
2.15582e-06
4.52228e-06
9.30929e-06
1.88316e-05
3.74726e-05
7.34053e-05
0.000141638
0.000269314
0.000504747
0.000932516
0.00169791
0.00304494
0.00537169
0.00930248
0.0157626
0.0260133
0.0415657
0.0637133
0.0925262
0.127589
0.167848
0.211878
0.25816
0.305269
0.35199
0.397353
0.440637
0.481347
0.519172
0.553957
0.585659
0.61432
0.640041
0.662971
0.68328
0.701156
0.716793
0.730385
0.742121
0.752182
0.760739
0.767954
0.773977
0.778945
0.782786
0.785864
0.788409
0.790314
0.791664
0.792512
0.792881
0.792849
0.792419
0.791617
0.790479
0.789004
0.787144
0.785036
0.782755
0.780404
0.778117
0.776032
0.774278
0.772934
0.771955
0.771271
0.770809
0.770505
0.770309
0.770186
0.77011
0.770064
0.770037
0.770021
0.770011
0.770006
0.770003
0.770002
0.770001
0.77
0.77
0.77
0.77
0.77
0.77
0.77
0.77
0.77
0.77
0.77
0.77
2.03981e-10
1.44742e-09
4.93448e-09
1.3943e-08
3.59072e-08
8.72014e-08
2.02968e-07
4.56991e-07
1.00118e-06
2.14257e-06
4.4911e-06
9.23821e-06
1.86743e-05
3.71335e-05
7.26931e-05
0.000140178
0.000266386
0.000499004
0.000921495
0.00167722
0.00300697
0.00530378
0.00918458
0.0155651
0.0256969
0.0410853
0.0630556
0.0916907
0.126596
0.166732
0.210681
0.256922
0.304029
0.350776
0.396189
0.439541
0.480327
0.518235
0.553105
0.584892
0.613634
0.639433
0.662436
0.682812
0.700751
0.716445
0.730089
0.74187
0.751972
0.760566
0.767813
0.773864
0.778856
0.782718
0.785813
0.788373
0.79029
0.791651
0.792509
0.792887
0.792862
0.792438
0.791642
0.790509
0.78904
0.787183
0.785078
0.782796
0.780444
0.778152
0.776061
0.774299
0.772949
0.771965
0.771278
0.770813
0.770507
0.770311
0.770187
0.770111
0.770065
0.770037
0.770021
0.770012
0.770006
0.770003
0.770002
0.770001
0.77
0.77
0.77
0.77
0.77
0.77
0.77
0.77
0.77
0.77
0.77
0.77
2.03514e-10
1.44416e-09
4.92319e-09
1.39077e-08
3.57985e-08
8.68784e-08
2.02056e-07
4.54549e-07
9.94936e-07
2.12728e-06
4.45496e-06
9.15564e-06
1.84912e-05
3.6739e-05
7.18643e-05
0.000138479
0.000262982
0.000492334
0.000908706
0.00165323
0.002963
0.00522522
0.00904829
0.015337
0.0253314
0.0405301
0.062295
0.090724
0.125446
0.16544
0.209295
0.25549
0.302593
0.349372
0.394844
0.438272
0.479148
0.517152
0.55212
0.584004
0.612841
0.63873
0.661817
0.682272
0.700282
0.716041
0.729744
0.741579
0.751728
0.760364
0.767648
0.773731
0.778752
0.782638
0.785753
0.78833
0.790262
0.791636
0.792505
0.792892
0.792876
0.79246
0.791671
0.790543
0.78908
0.787228
0.785125
0.782844
0.780489
0.778192
0.776094
0.774324
0.772966
0.771977
0.771285
0.770817
0.77051
0.770312
0.770188
0.770111
0.770065
0.770037
0.770021
0.770012
0.770006
0.770003
0.770002
0.770001
0.77
0.77
0.77
0.77
0.77
0.77
0.77
0.77
0.77
0.77
0.77
0.77
2.03088e-10
1.44116e-09
4.91248e-09
1.38725e-08
3.5685e-08
8.65292e-08
2.01048e-07
4.51807e-07
9.8786e-07
2.10982e-06
4.41355e-06
9.06083e-06
1.82809e-05
3.62855e-05
7.09123e-05
0.000136529
0.000259082
0.000484706
0.000894107
0.0016259
0.00291299
0.00513599
0.00889366
0.0150783
0.0249167
0.0398995
0.0614298
0.0896229
0.124136
0.163966
0.207713
0.253856
0.300956
0.347772
0.393311
0.436829
0.477807
0.515921
0.551001
0.582996
0.611939
0.637931
0.661112
0.681656
0.699747
0.71558
0.72935
0.741245
0.751447
0.760131
0.767457
0.773578
0.77863
0.782544
0.785682
0.788279
0.790229
0.791617
0.792498
0.792896
0.79289
0.792483
0.791702
0.790581
0.789125
0.787278
0.785178
0.782897
0.780539
0.778236
0.77613
0.774351
0.772985
0.771989
0.771293
0.770822
0.770512
0.770314
0.770189
0.770112
0.770065
0.770037
0.770021
0.770012
0.770006
0.770003
0.770002
0.770001
0.77
0.77
0.77
0.77
0.77
0.77
0.77
0.77
0.77
0.77
0.77
0.77
2.02725e-10
1.43856e-09
4.90274e-09
1.38382e-08
3.55679e-08
8.61557e-08
1.99942e-07
4.48748e-07
9.79877e-07
2.08998e-06
4.36631e-06
8.95239e-06
1.804e-05
3.57661e-05
6.98224e-05
0.000134299
0.000254624
0.000475994
0.000877452
0.00159475
0.00285608
0.00503459
0.00871817
0.014785
0.0244473
0.0391861
0.0604517
0.0883791
0.122657
0.162304
0.205931
0.252016
0.299113
0.345972
0.391588
0.435206
0.476301
0.514538
0.549744
0.581863
0.610927
0.637032
0.66032
0.680962
0.699144
0.71506
0.728904
0.740866
0.751129
0.759866
0.76724
0.773402
0.778491
0.782435
0.7856
0.78822
0.790188
0.791593
0.792489
0.792899
0.792905
0.792508
0.791735
0.790622
0.789174
0.787333
0.785236
0.782955
0.780594
0.778285
0.77617
0.77438
0.773005
0.772002
0.771301
0.770827
0.770515
0.770315
0.77019
0.770112
0.770065
0.770037
0.770021
0.770012
0.770006
0.770003
0.770002
0.770001
0.77
0.77
0.77
0.77
0.77
0.77
0.77
0.77
0.77
0.77
0.77
0.77
2.02474e-10
1.4367e-09
4.89478e-09
1.38064e-08
3.54507e-08
8.57622e-08
1.98739e-07
4.45356e-07
9.7092e-07
2.06758e-06
4.31275e-06
8.82928e-06
1.77666e-05
3.51776e-05
6.85904e-05
0.000131785
0.000249619
0.000466253
0.000858906
0.00156021
0.00279319
0.00492287
0.00852521
0.0144628
0.0239309
0.0383997
0.059368
0.0869973
0.121009
0.16045
0.203941
0.249962
0.297058
0.343967
0.389671
0.433403
0.474627
0.513004
0.54835
0.580607
0.609804
0.636035
0.65944
0.680191
0.698472
0.714479
0.728405
0.740441
0.75077
0.759566
0.766992
0.773201
0.778331
0.782311
0.785506
0.788151
0.79014
0.791564
0.792476
0.7929
0.792918
0.792534
0.791772
0.790667
0.789228
0.787394
0.7853
0.783019
0.780654
0.778337
0.776212
0.774411
0.773026
0.772016
0.771309
0.770831
0.770518
0.770317
0.770191
0.770113
0.770066
0.770038
0.770021
0.770012
0.770006
0.770003
0.770002
0.770001
0.77
0.77
0.77
0.77
0.77
0.77
0.77
0.77
0.77
0.77
0.77
0.77
2.02343e-10
1.43561e-09
4.88956e-09
1.37808e-08
3.53396e-08
8.53545e-08
1.97436e-07
4.41591e-07
9.60838e-07
2.04214e-06
4.25162e-06
8.68832e-06
1.7453e-05
3.45015e-05
6.71738e-05
0.000128894
0.000243857
0.000455033
0.000837537
0.0015204
0.00272074
0.0047943
0.0083036
0.0140938
0.0233426
0.0375135
0.058136
0.0854421
0.119166
0.158384
0.201734
0.24769
0.294791
0.341759
0.387563
0.431424
0.472793
0.511322
0.546823
0.579232
0.608573
0.634941
0.658475
0.679343
0.697732
0.713836
0.727851
0.739967
0.750368
0.759229
0.766713
0.772972
0.778148
0.78217
0.785398
0.788071
0.790084
0.791528
0.792459
0.792899
0.792928
0.79256
0.791809
0.790714
0.789285
0.78746
0.785369
0.783087
0.780717
0.778392
0.776256
0.774442
0.773047
0.772028
0.771316
0.770835
0.77052
0.770318
0.770191
0.770113
0.770066
0.770038
0.770021
0.770012
0.770006
0.770003
0.770002
0.770001
0.77
0.77
0.77
0.77
0.77
0.77
0.77
0.77
0.77
0.77
0.77
0.77
2.02552e-10
1.43648e-09
4.88843e-09
1.37638e-08
3.52377e-08
8.49415e-08
1.96051e-07
4.37485e-07
9.4968e-07
2.01376e-06
4.18319e-06
8.53045e-06
1.71025e-05
3.37487e-05
6.56052e-05
0.000125713
0.00023757
0.000442894
0.000814624
0.0014781
0.00264434
0.00465958
0.00807228
0.0137092
0.0227287
0.036585
0.0568252
0.0837746
0.117176
0.156143
0.199329
0.245211
0.292315
0.33935
0.385267
0.429271
0.470802
0.5095
0.54517
0.577743
0.607242
0.633758
0.657428
0.678421
0.696926
0.713135
0.727244
0.739446
0.749923
0.758853
0.766397
0.772711
0.777933
0.78202
0.785279
0.787978
0.790014
0.791481
0.792432
0.792897
0.792941
0.792586
0.791849
0.790764
0.789346
0.787532
0.785444
0.78316
0.780785
0.77845
0.776301
0.774475
0.773068
0.772041
0.771323
0.770839
0.770522
0.770319
0.770191
0.770113
0.770066
0.770038
0.770021
0.770012
0.770006
0.770003
0.770002
0.770001
0.77
0.77
0.77
0.77
0.77
0.77
0.77
0.77
0.77
0.77
0.77
0.77
2.02915e-10
1.43884e-09
4.89254e-09
1.37523e-08
3.51418e-08
8.44992e-08
1.945e-07
4.32788e-07
9.36764e-07
1.98069e-06
4.10307e-06
8.34499e-06
1.66894e-05
3.28592e-05
6.37456e-05
0.000121929
0.000230059
0.000428331
0.000787024
0.00142696
0.00255181
0.00449632
0.00779251
0.0132462
0.021995
0.0354847
0.055282
0.0818373
0.114897
0.153612
0.196647
0.242476
0.289609
0.336736
0.382791
0.426961
0.468672
0.507557
0.543411
0.576161
0.605827
0.632498
0.656312
0.677437
0.696061
0.712379
0.726587
0.738877
0.749436
0.758438
0.766048
0.772419
0.777691
0.781855
0.785144
0.787863
0.789926
0.791419
0.792395
0.792883
0.792949
0.792611
0.791889
0.790815
0.789409
0.787609
0.785522
0.783235
0.780853
0.778506
0.776342
0.774502
0.773084
0.77205
0.771327
0.77084
0.770522
0.770318
0.770191
0.770113
0.770066
0.770037
0.770021
0.770012
0.770006
0.770003
0.770002
0.770001
0.77
0.77
0.77
0.77
0.77
0.77
0.77
0.77
0.77
0.77
0.77
0.77
2.03465e-10
1.44223e-09
4.89977e-09
1.37501e-08
3.50563e-08
8.40394e-08
1.92814e-07
4.27579e-07
9.22344e-07
1.94375e-06
4.01391e-06
8.13988e-06
1.62362e-05
3.18924e-05
6.17461e-05
0.000117908
0.000222174
0.000413232
0.000758751
0.00137517
0.00245901
0.00433405
0.0075164
0.0127915
0.021276
0.0344039
0.0537536
0.0798985
0.112593
0.151024
0.193879
0.239632
0.28678
0.333996
0.380191
0.424535
0.466439
0.505521
0.54157
0.574507
0.604348
0.631181
0.655142
0.676402
0.695148
0.711577
0.725885
0.738267
0.748908
0.757985
0.765664
0.772098
0.77743
0.781682
0.785031
0.787679
0.789803
0.791339
0.792348
0.792865
0.792953
0.792635
0.79193
0.790869
0.789475
0.78769
0.785605
0.783316
0.780926
0.778567
0.776388
0.774533
0.773102
0.772057
0.771328
0.770839
0.77052
0.770317
0.77019
0.770112
0.770065
0.770037
0.770021
0.770012
0.770006
0.770003
0.770002
0.770001
0.77
0.77
0.77
0.77
0.77
0.77
0.77
0.77
0.77
0.77
0.77
0.77
2.04605e-10
1.44949e-09
4.91727e-09
1.37659e-08
3.49903e-08
8.35704e-08
1.90927e-07
4.21513e-07
9.05215e-07
1.89936e-06
3.906e-06
7.89048e-06
1.56835e-05
3.07105e-05
5.92984e-05
0.000112982
0.000212522
0.000394783
0.000724306
0.00131228
0.00234672
0.00413804
0.00718285
0.012241
0.0204022
0.0330846
0.0518806
0.0775303
0.109805
0.147941
0.190642
0.236373
0.283606
0.330983
0.377385
0.42196
0.464101
0.503415
0.539682
0.572821
0.602846
0.629845
0.653956
0.67535
0.694216
0.710751
0.725157
0.737626
0.748347
0.757497
0.765243
0.771739
0.777128
0.781456
0.784845
0.787526
0.789688
0.791256
0.792297
0.792842
0.792955
0.792659
0.791972
0.790924
0.789541
0.78777
0.785684
0.783389
0.780985
0.778609
0.776411
0.774543
0.7731
0.772052
0.771323
0.770834
0.770516
0.770314
0.770188
0.770111
0.770064
0.770037
0.770021
0.770011
0.770006
0.770003
0.770002
0.770001
0.77
0.77
0.77
0.77
0.77
0.77
0.77
0.77
0.77
0.77
0.77
0.77
2.06586e-10
1.46255e-09
4.95279e-09
1.38224e-08
3.49606e-08
8.31516e-08
1.88984e-07
4.14999e-07
8.86423e-07
1.85015e-06
3.78575e-06
7.61177e-06
1.50642e-05
2.93823e-05
5.6535e-05
0.000107388
0.000201482
0.000373524
0.000684359
0.00123911
0.0022162
0.00391182
0.006803
0.011626
0.0194486
0.0316807
0.0499345
0.0751343
0.107051
0.14495
0.187539
0.233269
0.28059
0.328116
0.37471
0.419498
0.461859
0.501389
0.537863
0.571193
0.601392
0.628548
0.6528
0.674319
0.693297
0.709932
0.724427
0.736978
0.747773
0.756991
0.764799
0.771354
0.776797
0.781203
0.784644
0.787359
0.78956
0.791162
0.792234
0.792812
0.79295
0.79268
0.792014
0.790983
0.789614
0.787861
0.785778
0.783478
0.781062
0.778665
0.77644
0.774546
0.773094
0.772039
0.771308
0.770822
0.770507
0.770307
0.770184
0.770108
0.770063
0.770036
0.77002
0.770011
0.770006
0.770003
0.770002
0.770001
0.77
0.77
0.77
0.77
0.77
0.77
0.77
0.77
0.77
0.77
0.77
0.77
2.07881e-10
1.47141e-09
4.97612e-09
1.38604e-08
3.49599e-08
8.26984e-08
1.86829e-07
4.07626e-07
8.65116e-07
1.79474e-06
3.65232e-06
7.30933e-06
1.44119e-05
2.8032e-05
5.38334e-05
0.000102121
0.000191418
0.00035467
0.000649711
0.00117663
0.00210577
0.00372088
0.00648117
0.0110997
0.0186191
0.0304304
0.0481426
0.0728141
0.104247
0.141777
0.184154
0.229832
0.277239
0.324955
0.371803
0.416876
0.459527
0.499335
0.536063
0.56962
0.600018
0.627345
0.651742
0.673385
0.692468
0.709193
0.723765
0.736384
0.74724
0.756513
0.764373
0.770976
0.776465
0.780935
0.784421
0.787186
0.789419
0.791056
0.792163
0.792775
0.792942
0.792696
0.792051
0.791034
0.789674
0.787932
0.78584
0.783524
0.781085
0.778664
0.776419
0.774521
0.773066
0.772015
0.771287
0.770806
0.770496
0.7703
0.770179
0.770105
0.770061
0.770035
0.77002
0.770011
0.770006
0.770003
0.770002
0.770001
0.77
0.77
0.77
0.77
0.77
0.77
0.77
0.77
0.77
0.77
0.77
0.77
2.07311e-10
1.46884e-09
4.96744e-09
1.37944e-08
3.46089e-08
8.13874e-08
1.82745e-07
3.95662e-07
8.3204e-07
1.70855e-06
3.43933e-06
6.80721e-06
1.32769e-05
2.5563e-05
4.86497e-05
9.16113e-05
0.000170804
0.00031537
0.000576657
0.00104401
0.00187063
0.00331429
0.00579774
0.00998878
0.0168855
0.0278586
0.0445539
0.0684661
0.0994099
0.13677
0.179265
0.225275
0.27314
0.321366
0.36872
0.414264
0.457332
0.497496
0.534523
0.568326
0.598923
0.62641
0.650937
0.672683
0.691849
0.708643
0.723273
0.73594
0.74684
0.756152
0.764049
0.770686
0.776207
0.780723
0.78424
0.787035
0.789299
0.790964
0.7921
0.792742
0.792935
0.792715
0.792092
0.79109
0.789743
0.788016
0.785922
0.783591
0.781125
0.778667
0.776386
0.774466
0.773004
0.771956
0.771244
0.770773
0.770472
0.770284
0.770169
0.770099
0.770057
0.770033
0.770018
0.77001
0.770006
0.770003
0.770002
0.770001
0.77
0.77
0.77
0.77
0.77
0.77
0.77
0.77
0.77
0.77
0.77
0.77
)
;

boundaryField
{
    fuel
    {
        type            fixedValue;
        value           uniform 0;
    }
    air
    {
        type            fixedValue;
        value           uniform 0.77;
    }
    outlet
    {
        type            inletOutlet;
        inletValue      uniform 1;
        value           nonuniform List<scalar> 
200
(
2.07155e-10
1.46764e-09
4.96297e-09
1.37809e-08
3.45725e-08
8.12951e-08
1.82517e-07
3.95132e-07
8.30863e-07
1.70601e-06
3.434e-06
6.79622e-06
1.32547e-05
2.55186e-05
4.85624e-05
9.14414e-05
0.000170478
0.000314751
0.000575494
0.00104185
0.00186667
0.00330713
0.005785
0.00996659
0.0168479
0.0277974
0.0444586
0.0683316
0.0992345
0.136556
0.17902
0.225008
0.272862
0.321085
0.368446
0.414002
0.457088
0.497273
0.534323
0.568148
0.598767
0.626276
0.650821
0.672584
0.691764
0.70857
0.723209
0.735884
0.746789
0.756105
0.764003
0.770641
0.776162
0.78068
0.784199
0.786997
0.789268
0.79094
0.792083
0.792734
0.792934
0.79272
0.792101
0.791102
0.789757
0.788031
0.785937
0.783605
0.781139
0.77868
0.776396
0.774473
0.773009
0.77196
0.771246
0.770775
0.770473
0.770285
0.770169
0.770099
0.770057
0.770033
0.770018
0.77001
0.770006
0.770003
0.770002
0.770001
0.77
0.77
0.77
0.77
0.77
0.77
0.77
0.77
0.77
0.77
0.77
0.77
2.07311e-10
1.46884e-09
4.96744e-09
1.37944e-08
3.46089e-08
8.13874e-08
1.82745e-07
3.95662e-07
8.3204e-07
1.70855e-06
3.43933e-06
6.80721e-06
1.32769e-05
2.5563e-05
4.86497e-05
9.16113e-05
0.000170804
0.00031537
0.000576657
0.00104401
0.00187063
0.00331429
0.00579774
0.00998878
0.0168855
0.0278586
0.0445539
0.0684661
0.0994099
0.13677
0.179265
0.225275
0.27314
0.321366
0.36872
0.414264
0.457332
0.497496
0.534523
0.568326
0.598923
0.62641
0.650937
0.672683
0.691849
0.708643
0.723273
0.73594
0.74684
0.756152
0.764049
0.770686
0.776207
0.780723
0.78424
0.787035
0.789299
0.790964
0.7921
0.792742
0.792935
0.792715
0.792092
0.79109
0.789743
0.788016
0.785922
0.783591
0.781125
0.778667
0.776386
0.774466
0.773004
0.771956
0.771244
0.770773
0.770472
0.770284
0.770169
0.770099
0.770057
0.770033
0.770018
0.77001
0.770006
0.770003
0.770002
0.770001
0.77
0.77
0.77
0.77
0.77
0.77
0.77
0.77
0.77
0.77
0.77
0.77
)
;
    }
    frontAndBack
    {
        type            empty;
    }
}


// ************************************************************************* //
