/*--------------------------------*- C++ -*----------------------------------*\
  =========                 |
  \\      /  F ield         | OpenFOAM: The Open Source CFD Toolbox
   \\    /   O peration     | Website:  https://openfoam.org
    \\  /    A nd           | Version:  11
     \\/     M anipulation  |
\*---------------------------------------------------------------------------*/
FoamFile
{
    format      ascii;
    class       volScalarField;
    location    "0.05";
    object      O2;
}
// * * * * * * * * * * * * * * * * * * * * * * * * * * * * * * * * * * * * * //

dimensions      [0 0 0 0 0 0 0];

internalField   nonuniform List<scalar> 
4000
(
3.06571e-18
2.25059e-17
8.20506e-17
2.55075e-16
7.41026e-16
2.07662e-15
5.69863e-15
1.54221e-14
4.12951e-14
1.09581e-13
2.88346e-13
7.52461e-13
1.94709e-12
4.99461e-12
1.26965e-11
3.19733e-11
7.97148e-11
1.96568e-10
4.78924e-10
1.15152e-09
2.72797e-09
6.35377e-09
1.45044e-08
3.2311e-08
6.98192e-08
1.45202e-07
2.87891e-07
5.38144e-07
9.27703e-07
1.4843e-06
2.22253e-06
3.14253e-06
4.23203e-06
5.47005e-06
6.83082e-06
8.28718e-06
9.81356e-06
1.13889e-05
1.30012e-05
1.46571e-05
1.64e-05
1.83418e-05
2.07133e-05
2.39393e-05
2.87618e-05
3.64586e-05
4.92364e-05
7.08865e-05
0.000108068
0.000179442
0.000320771
0.000603805
0.00116979
0.0022947
0.00443156
0.00858428
0.0170001
0.0334299
0.0551739
0.0775556
0.0984511
0.118771
0.137161
0.153498
0.167785
0.180676
0.192186
0.201893
0.209855
0.216152
0.220895
0.224223
0.226402
0.227787
0.228649
0.229184
0.229511
0.229709
0.229829
0.2299
0.229942
0.229967
0.229981
0.22999
0.229994
0.229997
0.229998
0.229999
0.23
0.23
0.23
0.23
0.23
0.23
0.23
0.23
0.23
0.23
0.23
0.23
3.20901e-18
2.35648e-17
8.60857e-17
2.68955e-16
7.8803e-16
2.23288e-15
6.20626e-15
1.70114e-14
4.61288e-14
1.23908e-13
3.29841e-13
8.7007e-13
2.27345e-12
5.88113e-12
1.50516e-11
3.80801e-11
9.5173e-11
2.34862e-10
5.71791e-10
1.37173e-09
3.23729e-09
7.49833e-09
1.69901e-08
3.74897e-08
8.00733e-08
1.64278e-07
3.20816e-07
5.86677e-07
9.92619e-07
1.56434e-06
2.31495e-06
3.24403e-06
4.33952e-06
5.58114e-06
6.94398e-06
8.40179e-06
9.92983e-06
1.15078e-05
1.31249e-05
1.47893e-05
1.65473e-05
1.85164e-05
2.09369e-05
2.42504e-05
2.92284e-05
3.72015e-05
5.04709e-05
7.29889e-05
0.000112351
0.00018778
0.000337352
0.000636858
0.00123792
0.00242737
0.00468811
0.00907875
0.0179619
0.0352785
0.0573211
0.079626
0.100359
0.120592
0.138817
0.154934
0.169007
0.181737
0.193004
0.202473
0.210212
0.216312
0.220921
0.224181
0.226337
0.227724
0.228604
0.229149
0.229486
0.229693
0.229818
0.229894
0.229939
0.229965
0.22998
0.229989
0.229994
0.229997
0.229998
0.229999
0.23
0.23
0.23
0.23
0.23
0.23
0.23
0.23
0.23
0.23
0.23
0.23
3.34752e-18
2.46072e-17
9.01402e-17
2.82704e-16
8.31196e-16
2.36575e-15
6.59891e-15
1.81573e-14
4.94145e-14
1.33158e-13
3.55399e-13
9.39386e-13
2.45809e-12
6.36471e-12
1.62991e-11
4.12586e-11
1.0317e-10
2.54658e-10
6.19896e-10
1.48626e-09
3.50369e-09
8.10114e-09
1.83098e-08
4.02654e-08
8.56332e-08
1.7478e-07
3.39356e-07
6.15746e-07
1.03449e-06
1.62009e-06
2.38434e-06
3.32573e-06
4.43162e-06
5.68165e-06
7.05123e-06
8.51468e-06
1.0048e-05
1.1632e-05
1.3257e-05
1.49336e-05
1.67121e-05
1.87173e-05
2.12026e-05
2.46323e-05
2.98181e-05
3.81636e-05
5.20996e-05
7.57995e-05
0.000118049
0.000198834
0.00035917
0.000679984
0.00132497
0.00259228
0.00500447
0.0096614
0.019151
0.0375205
0.0598768
0.0820235
0.102516
0.122569
0.140529
0.156339
0.170133
0.182649
0.193645
0.202882
0.210436
0.216405
0.220926
0.224162
0.226309
0.227698
0.22858
0.229132
0.229475
0.229685
0.229813
0.229891
0.229937
0.229964
0.22998
0.229989
0.229994
0.229997
0.229998
0.229999
0.23
0.23
0.23
0.23
0.23
0.23
0.23
0.23
0.23
0.23
0.23
0.23
3.45036e-18
2.53778e-17
9.31069e-17
2.92725e-16
8.63825e-16
2.46962e-15
6.9209e-15
1.91298e-14
5.22969e-14
1.41549e-13
3.79408e-13
1.00692e-12
2.6448e-12
6.87197e-12
1.76525e-11
4.48013e-11
1.12259e-10
2.77482e-10
6.75878e-10
1.62004e-09
3.81423e-09
8.7987e-09
1.98186e-08
4.33872e-08
9.17585e-08
1.86064e-07
3.58691e-07
6.44749e-07
1.07463e-06
1.67198e-06
2.44777e-06
3.39984e-06
4.51522e-06
5.77341e-06
7.14997e-06
8.61957e-06
1.01588e-05
1.17492e-05
1.33827e-05
1.50722e-05
1.68726e-05
1.8917e-05
2.1473e-05
2.50296e-05
3.04427e-05
3.91948e-05
5.38573e-05
7.88422e-05
0.000124143
0.000210558
0.000382043
0.000725764
0.00141622
0.0027614
0.00532538
0.0102928
0.0203464
0.0396237
0.0622494
0.0842663
0.104641
0.124423
0.142104
0.157631
0.171184
0.183538
0.194317
0.203369
0.210767
0.216611
0.221036
0.224199
0.226314
0.227688
0.228566
0.22912
0.229465
0.229679
0.229809
0.229888
0.229935
0.229963
0.229979
0.229988
0.229994
0.229997
0.229998
0.229999
0.23
0.23
0.23
0.23
0.23
0.23
0.23
0.23
0.23
0.23
0.23
0.23
3.53835e-18
2.60364e-17
9.56451e-17
3.01398e-16
8.92405e-16
2.55878e-15
7.19723e-15
1.99713e-14
5.48114e-14
1.48928e-13
4.00672e-13
1.06707e-12
2.81181e-12
7.32696e-12
1.88683e-11
4.79865e-11
1.20436e-10
2.98036e-10
7.26419e-10
1.74145e-09
4.09858e-09
9.44577e-09
2.12419e-08
4.63899e-08
9.77728e-08
1.97363e-07
3.78367e-07
6.74815e-07
1.11683e-06
1.72697e-06
2.51508e-06
3.47821e-06
4.60292e-06
5.86865e-06
7.25116e-06
8.72555e-06
1.02691e-05
1.18642e-05
1.35043e-05
1.52051e-05
1.7026e-05
1.91086e-05
2.17348e-05
2.54187e-05
3.10605e-05
4.02228e-05
5.56203e-05
8.19107e-05
0.000130254
0.000222323
0.000405024
0.000773379
0.00151259
0.00294244
0.0056813
0.0109664
0.0216128
0.0415525
0.0643304
0.0861692
0.106407
0.125992
0.143436
0.158715
0.172067
0.184273
0.194864
0.203753
0.211017
0.216756
0.221107
0.22423
0.226319
0.227686
0.228561
0.229115
0.229461
0.229676
0.229807
0.229887
0.229934
0.229963
0.229979
0.229988
0.229994
0.229997
0.229998
0.229999
0.23
0.23
0.23
0.23
0.23
0.23
0.23
0.23
0.23
0.23
0.23
0.23
3.60892e-18
2.65643e-17
9.76721e-17
3.08216e-16
9.14789e-16
2.63024e-15
7.4204e-15
2.06553e-14
5.68671e-14
1.54989e-13
4.18204e-13
1.11682e-12
2.9503e-12
7.70508e-12
1.98808e-11
5.06447e-11
1.27276e-10
3.15272e-10
7.68916e-10
1.84379e-09
4.3386e-09
9.99213e-09
2.24423e-08
4.8917e-08
1.0282e-07
2.06819e-07
3.94817e-07
7.00103e-07
1.15274e-06
1.77448e-06
2.57427e-06
3.54833e-06
4.68266e-06
5.95643e-06
7.34541e-06
8.82498e-06
1.03729e-05
1.19726e-05
1.36188e-05
1.53299e-05
1.717e-05
1.92888e-05
2.19823e-05
2.57888e-05
3.16507e-05
4.12072e-05
5.73087e-05
8.48434e-05
0.00013605
0.000233448
0.00042682
0.000817325
0.00159865
0.00309758
0.00597357
0.0118132
0.0231414
0.0434076
0.0661972
0.08783
0.107968
0.127367
0.144588
0.159645
0.172834
0.184925
0.195362
0.20412
0.211276
0.216928
0.221212
0.22429
0.226351
0.227698
0.228564
0.229115
0.22946
0.229674
0.229806
0.229886
0.229934
0.229962
0.229979
0.229988
0.229994
0.229997
0.229998
0.229999
0.23
0.23
0.23
0.23
0.23
0.23
0.23
0.23
0.23
0.23
0.23
0.23
3.66422e-18
2.69756e-17
9.92558e-17
3.13827e-16
9.33199e-16
2.69003e-15
7.61024e-15
2.12458e-14
5.86682e-14
1.60376e-13
4.34009e-13
1.16231e-12
3.07877e-12
8.061e-12
2.08479e-11
5.32207e-11
1.33998e-10
3.32437e-10
8.11748e-10
1.94801e-09
4.58523e-09
1.05574e-08
2.36902e-08
5.15493e-08
1.0807e-07
2.16595e-07
4.1163e-07
7.25612e-07
1.1885e-06
1.82123e-06
2.63188e-06
3.61596e-06
4.75903e-06
6.04003e-06
7.43474e-06
8.91881e-06
1.04705e-05
1.20739e-05
1.37252e-05
1.5445e-05
1.7302e-05
1.94533e-05
2.22077e-05
2.61251e-05
3.21856e-05
4.2094e-05
5.88135e-05
8.74121e-05
0.000141001
0.000243993
0.00044974
0.000865102
0.00169557
0.00327686
0.00633345
0.0125433
0.02459
0.0450472
0.0677765
0.0891861
0.109355
0.128568
0.145578
0.160437
0.173496
0.185493
0.195797
0.204442
0.211503
0.217078
0.221303
0.224341
0.226377
0.227711
0.22857
0.229116
0.22946
0.229674
0.229806
0.229886
0.229934
0.229962
0.229979
0.229988
0.229994
0.229997
0.229998
0.229999
0.23
0.23
0.23
0.23
0.23
0.23
0.23
0.23
0.23
0.23
0.23
0.23
3.70456e-18
2.72848e-17
1.00509e-16
3.18198e-16
9.47983e-16
2.73867e-15
7.76641e-15
2.1736e-14
6.01741e-14
1.64907e-13
4.47365e-13
1.20089e-12
3.18797e-12
8.3639e-12
2.1671e-11
5.54119e-11
1.39708e-10
3.46998e-10
8.48036e-10
2.03626e-09
4.79413e-09
1.10371e-08
2.47531e-08
5.38049e-08
1.12604e-07
2.25103e-07
4.26343e-07
7.48202e-07
1.22055e-06
1.86358e-06
2.68451e-06
3.67818e-06
4.82961e-06
6.11753e-06
7.51768e-06
9.0059e-06
1.05608e-05
1.21673e-05
1.38227e-05
1.55497e-05
1.74211e-05
1.96007e-05
2.24094e-05
2.64267e-05
3.26671e-05
4.28965e-05
6.0183e-05
8.97665e-05
0.000145546
0.000253711
0.000470513
0.00090779
0.00178116
0.00343304
0.0066407
0.0131573
0.0258043
0.0464335
0.0691403
0.0903583
0.110475
0.129548
0.146403
0.161113
0.174073
0.185986
0.196182
0.204733
0.211715
0.217224
0.221397
0.224398
0.22641
0.227729
0.228579
0.229121
0.229462
0.229675
0.229806
0.229886
0.229934
0.229962
0.229979
0.229988
0.229994
0.229997
0.229998
0.229999
0.23
0.23
0.23
0.23
0.23
0.23
0.23
0.23
0.23
0.23
0.23
0.23
3.73926e-18
2.75476e-17
1.01534e-16
3.21803e-16
9.60243e-16
2.77946e-15
7.89907e-15
2.21576e-14
6.14841e-14
1.6889e-13
4.59221e-13
1.23546e-12
3.28674e-12
8.6404e-12
2.24295e-11
5.74497e-11
1.45069e-10
3.6079e-10
8.82697e-10
2.12117e-09
4.99631e-09
1.15031e-08
2.57873e-08
5.59976e-08
1.16999e-07
2.33306e-07
4.40305e-07
7.69461e-07
1.2505e-06
1.90291e-06
2.7332e-06
3.73556e-06
4.89459e-06
6.18877e-06
7.59381e-06
9.08567e-06
1.06433e-05
1.22522e-05
1.39107e-05
1.56436e-05
1.75271e-05
1.97316e-05
2.25886e-05
2.66958e-05
3.30987e-05
4.36177e-05
6.14139e-05
9.18774e-05
0.000149587
0.000262175
0.000488193
0.000943477
0.00185228
0.00356937
0.00690239
0.0136749
0.0268219
0.0475708
0.0701918
0.0910884
0.111758
0.130478
0.147138
0.161709
0.174582
0.186415
0.196523
0.204994
0.211906
0.217357
0.221485
0.224451
0.226441
0.227746
0.228588
0.229126
0.229465
0.229676
0.229807
0.229886
0.229934
0.229962
0.229979
0.229988
0.229994
0.229997
0.229998
0.229999
0.23
0.23
0.23
0.23
0.23
0.23
0.23
0.23
0.23
0.23
0.23
0.23
3.76686e-18
2.77561e-17
1.02362e-16
3.24754e-16
9.70423e-16
2.81372e-15
8.01162e-15
2.25182e-14
6.26117e-14
1.72336e-13
4.69523e-13
1.2656e-12
3.3731e-12
8.88271e-12
2.30954e-11
5.9242e-11
1.4979e-10
3.72953e-10
9.13298e-10
2.19623e-09
5.17534e-09
1.19167e-08
2.67074e-08
5.7955e-08
1.20942e-07
2.40736e-07
4.52831e-07
7.88682e-07
1.27768e-06
1.93868e-06
2.77754e-06
3.78785e-06
4.9538e-06
6.25363e-06
7.66303e-06
9.15805e-06
1.07179e-05
1.23286e-05
1.39895e-05
1.5727e-05
1.76208e-05
1.98472e-05
2.27473e-05
2.69353e-05
3.34847e-05
4.42644e-05
6.25184e-05
9.377e-05
0.000153189
0.000269614
0.000503512
0.000974128
0.00191433
0.00368872
0.00713138
0.0141282
0.0277154
0.0485862
0.0711884
0.0920155
0.112596
0.131203
0.147753
0.162225
0.175028
0.18679
0.196825
0.205228
0.21208
0.217481
0.221567
0.224503
0.226472
0.227764
0.228599
0.229131
0.229468
0.229678
0.229807
0.229887
0.229934
0.229962
0.229979
0.229988
0.229994
0.229997
0.229998
0.229999
0.23
0.23
0.23
0.23
0.23
0.23
0.23
0.23
0.23
0.23
0.23
0.23
3.78933e-18
2.79265e-17
1.03041e-16
3.27202e-16
9.78973e-16
2.84282e-15
8.10804e-15
2.28293e-14
6.3591e-14
1.75346e-13
4.78569e-13
1.29221e-12
3.44971e-12
9.09878e-12
2.36923e-11
6.08562e-11
1.54063e-10
3.84011e-10
9.41242e-10
2.26504e-09
5.33993e-09
1.22976e-08
2.75558e-08
5.97587e-08
1.24569e-07
2.47555e-07
4.64255e-07
8.06158e-07
1.30231e-06
1.97103e-06
2.81756e-06
3.83499e-06
5.00711e-06
6.31197e-06
7.72518e-06
9.22291e-06
1.07846e-05
1.23967e-05
1.40593e-05
1.58006e-05
1.77032e-05
1.99489e-05
2.28875e-05
2.71482e-05
3.38295e-05
4.48446e-05
6.35125e-05
9.54771e-05
0.000156431
0.000276251
0.00051707
0.00100117
0.00196875
0.00379314
0.00733141
0.0145238
0.028494
0.0494698
0.0720537
0.0928135
0.113307
0.131824
0.148286
0.162676
0.17542
0.187118
0.197091
0.205436
0.212236
0.217592
0.221643
0.224551
0.226501
0.227781
0.228608
0.229137
0.229471
0.229679
0.229808
0.229887
0.229934
0.229963
0.229979
0.229988
0.229994
0.229997
0.229998
0.229999
0.23
0.23
0.23
0.23
0.23
0.23
0.23
0.23
0.23
0.23
0.23
0.23
3.80804e-18
2.80684e-17
1.03608e-16
3.29258e-16
9.86217e-16
2.86769e-15
8.19092e-15
2.30979e-14
6.44393e-14
1.77962e-13
4.86454e-13
1.31546e-12
3.51685e-12
9.28864e-12
2.4218e-11
6.22817e-11
1.57844e-10
3.93818e-10
9.66073e-10
2.32628e-09
5.48669e-09
1.26378e-08
2.83142e-08
6.1373e-08
1.27817e-07
2.53661e-07
4.74483e-07
8.21798e-07
1.32434e-06
1.99995e-06
2.85331e-06
3.87705e-06
5.05463e-06
6.36389e-06
7.7804e-06
9.28039e-06
1.08435e-05
1.24566e-05
1.41205e-05
1.58649e-05
1.77752e-05
2.00378e-05
2.30109e-05
2.73366e-05
3.41363e-05
4.53628e-05
6.4402e-05
9.70053e-05
0.000159324
0.000282127
0.00052899
0.00102484
0.00201615
0.00388381
0.00750481
0.0148669
0.029169
0.0502346
0.0728016
0.0935023
0.113922
0.132361
0.148748
0.163068
0.175763
0.187406
0.197326
0.20562
0.212375
0.217693
0.221712
0.224595
0.226528
0.227797
0.228618
0.229142
0.229474
0.229681
0.229809
0.229888
0.229935
0.229963
0.229979
0.229988
0.229994
0.229997
0.229998
0.229999
0.23
0.23
0.23
0.23
0.23
0.23
0.23
0.23
0.23
0.23
0.23
0.23
3.82399e-18
2.81893e-17
1.0409e-16
3.31009e-16
9.924e-16
2.88897e-15
8.26209e-15
2.33293e-14
6.51719e-14
1.80226e-13
4.93297e-13
1.3357e-12
3.57545e-12
9.4548e-12
2.46794e-11
6.35361e-11
1.61181e-10
4.02494e-10
9.88091e-10
2.3807e-09
5.6173e-09
1.29409e-08
2.89905e-08
6.28123e-08
1.3071e-07
2.59091e-07
4.8356e-07
8.3565e-07
1.34383e-06
2.02548e-06
2.88483e-06
3.91409e-06
5.09642e-06
6.40948e-06
7.8288e-06
9.33069e-06
1.0895e-05
1.25088e-05
1.41737e-05
1.59206e-05
1.78375e-05
2.01151e-05
2.31187e-05
2.75022e-05
3.44071e-05
4.58213e-05
6.51897e-05
9.83586e-05
0.000161879
0.00028728
0.000539382
0.0010454
0.00205715
0.00396207
0.00765423
0.015163
0.0297511
0.0508929
0.0734442
0.0940947
0.11445
0.132824
0.149147
0.163408
0.176061
0.187656
0.19753
0.205781
0.212497
0.217782
0.221773
0.224634
0.226552
0.227812
0.228626
0.229147
0.229476
0.229683
0.22981
0.229888
0.229935
0.229963
0.229979
0.229988
0.229994
0.229997
0.229998
0.229999
0.23
0.23
0.23
0.23
0.23
0.23
0.23
0.23
0.23
0.23
0.23
0.23
3.83749e-18
2.82917e-17
1.04499e-16
3.32494e-16
9.97651e-16
2.90708e-15
8.32277e-15
2.35269e-14
6.57988e-14
1.82168e-13
4.99175e-13
1.35312e-12
3.62597e-12
9.59833e-12
2.50787e-11
6.46237e-11
1.64079e-10
4.10041e-10
1.00727e-09
2.42817e-09
5.73136e-09
1.32059e-08
2.9582e-08
6.40712e-08
1.33239e-07
2.63835e-07
4.9148e-07
8.47722e-07
1.36078e-06
2.04767e-06
2.9122e-06
3.94621e-06
5.13261e-06
6.44891e-06
7.8706e-06
9.37403e-06
1.09392e-05
1.25535e-05
1.42191e-05
1.59682e-05
1.78908e-05
2.01815e-05
2.32118e-05
2.76459e-05
3.4643e-05
4.62215e-05
6.58778e-05
9.95406e-05
0.000164104
0.000291746
0.000548343
0.00106308
0.00209226
0.004029
0.00778198
0.0154159
0.030248
0.051454
0.0739913
0.0945985
0.114901
0.13322
0.149488
0.1637
0.176317
0.187871
0.197707
0.205921
0.212604
0.217859
0.221827
0.224669
0.226574
0.227825
0.228634
0.229152
0.229479
0.229684
0.229811
0.229889
0.229935
0.229963
0.229979
0.229988
0.229994
0.229997
0.229998
0.229999
0.23
0.23
0.23
0.23
0.23
0.23
0.23
0.23
0.23
0.23
0.23
0.23
3.84883e-18
2.83776e-17
1.04842e-16
3.33741e-16
1.00207e-15
2.92232e-15
8.37386e-15
2.36934e-14
6.63277e-14
1.83808e-13
5.04148e-13
1.36787e-12
3.66883e-12
9.72028e-12
2.54185e-11
6.55505e-11
1.66552e-10
4.16492e-10
1.02369e-09
2.46884e-09
5.82916e-09
1.34332e-08
3.00896e-08
6.51516e-08
1.35409e-07
2.67899e-07
4.98256e-07
8.58034e-07
1.37525e-06
2.06658e-06
2.93549e-06
3.97351e-06
5.16333e-06
6.48234e-06
7.90599e-06
9.41067e-06
1.09765e-05
1.25912e-05
1.42574e-05
1.60082e-05
1.79357e-05
2.02376e-05
2.32908e-05
2.77684e-05
3.48448e-05
4.65645e-05
6.64683e-05
0.000100556
0.000166013
0.000295561
0.000555977
0.00107812
0.00212161
0.00408509
0.00788948
0.0156289
0.0306666
0.0519269
0.0744507
0.0950224
0.11528
0.133552
0.149776
0.163947
0.176534
0.188054
0.197857
0.20604
0.212695
0.217926
0.221874
0.224699
0.226593
0.227836
0.228641
0.229156
0.229481
0.229685
0.229812
0.229889
0.229935
0.229963
0.229979
0.229989
0.229994
0.229997
0.229998
0.229999
0.23
0.23
0.23
0.23
0.23
0.23
0.23
0.23
0.23
0.23
0.23
0.23
3.85829e-18
2.84492e-17
1.05127e-16
3.34775e-16
1.00572e-15
2.93492e-15
8.41612e-15
2.38311e-14
6.67652e-14
1.85165e-13
5.08265e-13
1.38009e-12
3.70437e-12
9.82148e-12
2.57008e-11
6.6321e-11
1.68611e-10
4.21863e-10
1.03737e-09
2.50276e-09
5.91078e-09
1.3623e-08
3.05134e-08
6.60536e-08
1.37219e-07
2.71287e-07
5.03896e-07
8.66609e-07
1.38726e-06
2.08227e-06
2.95479e-06
3.99611e-06
5.18873e-06
6.50995e-06
7.93517e-06
9.44084e-06
1.10072e-05
1.26221e-05
1.42887e-05
1.6041e-05
1.79725e-05
2.02838e-05
2.33562e-05
2.78702e-05
3.50129e-05
4.68506e-05
6.69612e-05
0.000101403
0.000167604
0.000298732
0.000562306
0.00109057
0.00214554
0.00413092
0.00797757
0.0158035
0.0310094
0.0523136
0.0748266
0.0953689
0.11559
0.133825
0.150012
0.164149
0.176713
0.188204
0.19798
0.206139
0.212771
0.217982
0.221913
0.224724
0.226609
0.227846
0.228647
0.229159
0.229483
0.229687
0.229812
0.229889
0.229936
0.229963
0.229979
0.229989
0.229994
0.229997
0.229998
0.229999
0.23
0.23
0.23
0.23
0.23
0.23
0.23
0.23
0.23
0.23
0.23
0.23
3.86603e-18
2.85077e-17
1.05359e-16
3.35611e-16
1.00867e-15
2.94505e-15
8.45e-15
2.39414e-14
6.71153e-14
1.86251e-13
5.11557e-13
1.38987e-12
3.7328e-12
9.90245e-12
2.59267e-11
6.69381e-11
1.7026e-10
4.2617e-10
1.04834e-09
2.52998e-09
5.97629e-09
1.37753e-08
3.08536e-08
6.67772e-08
1.38671e-07
2.74001e-07
5.0841e-07
8.73462e-07
1.39685e-06
2.09478e-06
2.97016e-06
4.0141e-06
5.20893e-06
6.53187e-06
7.95832e-06
9.46475e-06
1.10315e-05
1.26466e-05
1.43135e-05
1.60669e-05
1.80016e-05
2.03204e-05
2.34082e-05
2.79514e-05
3.51472e-05
4.70795e-05
6.73557e-05
0.000102081
0.000168876
0.000301259
0.000567337
0.00110045
0.00216448
0.00416719
0.00804723
0.0159415
0.0312801
0.052619
0.0751229
0.0956424
0.115835
0.134041
0.150199
0.16431
0.176855
0.188324
0.198079
0.206218
0.212832
0.218027
0.221944
0.224744
0.226621
0.227854
0.228651
0.229162
0.229485
0.229687
0.229813
0.22989
0.229936
0.229963
0.229979
0.229989
0.229994
0.229997
0.229998
0.229999
0.23
0.23
0.23
0.23
0.23
0.23
0.23
0.23
0.23
0.23
0.23
0.23
3.87208e-18
2.85534e-17
1.0554e-16
3.36259e-16
1.01093e-15
2.9528e-15
8.47582e-15
2.40252e-14
6.73806e-14
1.87072e-13
5.14045e-13
1.39725e-12
3.75425e-12
9.96355e-12
2.60971e-11
6.74037e-11
1.71504e-10
4.29419e-10
1.05662e-09
2.55052e-09
6.02574e-09
1.38903e-08
3.11104e-08
6.73234e-08
1.39766e-07
2.76046e-07
5.11808e-07
8.78616e-07
1.40406e-06
2.10416e-06
2.98169e-06
4.02756e-06
5.22403e-06
6.54824e-06
7.97559e-06
9.48257e-06
1.10496e-05
1.26647e-05
1.43318e-05
1.60861e-05
1.80232e-05
2.03476e-05
2.34469e-05
2.80121e-05
3.52478e-05
4.7251e-05
6.76515e-05
0.00010259
0.000169828
0.000303149
0.000571094
0.00110783
0.0021786
0.00419424
0.00809918
0.0160444
0.0314821
0.052847
0.0753451
0.0958465
0.116017
0.134201
0.150338
0.16443
0.176961
0.188414
0.198154
0.206278
0.212878
0.218061
0.221968
0.22476
0.226631
0.22786
0.228655
0.229164
0.229486
0.229688
0.229813
0.22989
0.229936
0.229963
0.229979
0.229989
0.229994
0.229997
0.229998
0.229999
0.23
0.23
0.23
0.23
0.23
0.23
0.23
0.23
0.23
0.23
0.23
0.23
3.87637e-18
2.85857e-17
1.05666e-16
3.36709e-16
1.01249e-15
2.9581e-15
8.49338e-15
2.40819e-14
6.75596e-14
1.87625e-13
5.15715e-13
1.4022e-12
3.76861e-12
1.00044e-11
2.6211e-11
6.77146e-11
1.72334e-10
4.31587e-10
1.06214e-09
2.56422e-09
6.0587e-09
1.39669e-08
3.12815e-08
6.76871e-08
1.40495e-07
2.77407e-07
5.14067e-07
8.82042e-07
1.40885e-06
2.1104e-06
2.98934e-06
4.0365e-06
5.23406e-06
6.55911e-06
7.98704e-06
9.49436e-06
1.10615e-05
1.26767e-05
1.43439e-05
1.60987e-05
1.80374e-05
2.03655e-05
2.34725e-05
2.80523e-05
3.53145e-05
4.73649e-05
6.7848e-05
0.000102928
0.000170461
0.000304405
0.000573591
0.00111273
0.00218798
0.00421222
0.00813372
0.0161129
0.0316162
0.0529983
0.075492
0.0959819
0.116139
0.134308
0.150431
0.16451
0.177033
0.188475
0.198204
0.206319
0.21291
0.218085
0.221985
0.224771
0.226638
0.227864
0.228658
0.229165
0.229487
0.229689
0.229814
0.22989
0.229936
0.229963
0.229979
0.229989
0.229994
0.229997
0.229998
0.229999
0.23
0.23
0.23
0.23
0.23
0.23
0.23
0.23
0.23
0.23
0.23
0.23
3.87869e-18
2.8603e-17
1.05734e-16
3.36946e-16
1.0133e-15
2.96082e-15
8.50225e-15
2.41103e-14
6.76483e-14
1.87896e-13
5.16531e-13
1.4046e-12
3.77556e-12
1.00241e-11
2.62656e-11
6.78629e-11
1.72729e-10
4.32615e-10
1.06475e-09
2.57068e-09
6.07422e-09
1.4003e-08
3.13619e-08
6.78579e-08
1.40837e-07
2.78047e-07
5.15133e-07
8.83662e-07
1.41112e-06
2.11337e-06
2.993e-06
4.04078e-06
5.23886e-06
6.56432e-06
7.99253e-06
9.50001e-06
1.10672e-05
1.26824e-05
1.43497e-05
1.61046e-05
1.80441e-05
2.0374e-05
2.34847e-05
2.80715e-05
3.53466e-05
4.74201e-05
6.79435e-05
0.000103093
0.000170771
0.000305021
0.000574819
0.00111515
0.00219262
0.00422114
0.0081509
0.016147
0.0316831
0.0530737
0.0755651
0.0960492
0.116199
0.134361
0.150477
0.164549
0.177068
0.188504
0.198228
0.206338
0.212925
0.218096
0.221994
0.224777
0.226642
0.227866
0.228659
0.229166
0.229488
0.229689
0.229814
0.22989
0.229936
0.229963
0.229979
0.229989
0.229994
0.229997
0.229998
0.229999
0.23
0.23
0.23
0.23
0.23
0.23
0.23
0.23
0.23
0.23
0.23
0.23
3.87933e-18
2.86078e-17
1.05751e-16
3.37001e-16
1.01346e-15
2.96128e-15
8.50354e-15
2.41139e-14
6.76581e-14
1.87923e-13
5.16603e-13
1.40479e-12
3.77606e-12
1.00254e-11
2.6269e-11
6.78716e-11
1.72751e-10
4.32669e-10
1.06488e-09
2.57099e-09
6.07494e-09
1.40046e-08
3.13654e-08
6.78652e-08
1.40852e-07
2.78074e-07
5.15177e-07
8.83727e-07
1.41121e-06
2.11348e-06
2.99313e-06
4.04092e-06
5.239e-06
6.56445e-06
7.99263e-06
9.50007e-06
1.10672e-05
1.26823e-05
1.43495e-05
1.61044e-05
1.80438e-05
2.03736e-05
2.34843e-05
2.80712e-05
3.53464e-05
4.74202e-05
6.79442e-05
0.000103095
0.000170776
0.000305033
0.000574846
0.00111521
0.00219275
0.00422141
0.00815146
0.0161482
0.0316855
0.0530765
0.075568
0.096052
0.116201
0.134364
0.150479
0.164551
0.17707
0.188506
0.19823
0.206339
0.212926
0.218097
0.221994
0.224777
0.226642
0.227867
0.228659
0.229166
0.229488
0.229689
0.229814
0.22989
0.229936
0.229963
0.229979
0.229989
0.229994
0.229997
0.229998
0.229999
0.23
0.23
0.23
0.23
0.23
0.23
0.23
0.23
0.23
0.23
0.23
0.23
3.87822e-18
2.85991e-17
1.05715e-16
3.36862e-16
1.01294e-15
2.95937e-15
8.49691e-15
2.40916e-14
6.75861e-14
1.87696e-13
5.15907e-13
1.40271e-12
3.76995e-12
1.00079e-11
2.622e-11
6.77375e-11
1.72392e-10
4.3173e-10
1.06249e-09
2.56505e-09
6.06064e-09
1.39714e-08
3.12912e-08
6.77075e-08
1.40535e-07
2.77483e-07
5.14195e-07
8.82234e-07
1.40911e-06
2.11074e-06
2.98974e-06
4.03694e-06
5.23449e-06
6.55951e-06
7.98736e-06
9.49455e-06
1.10615e-05
1.26765e-05
1.43435e-05
1.6098e-05
1.80365e-05
2.03644e-05
2.34713e-05
2.8051e-05
3.53133e-05
4.73641e-05
6.78481e-05
0.000102931
0.000170471
0.000304433
0.000573661
0.0011129
0.00218836
0.00421305
0.00813549
0.0161167
0.0316239
0.0530072
0.0755009
0.0959905
0.116147
0.134316
0.150438
0.164516
0.177039
0.18848
0.198209
0.206322
0.212913
0.218087
0.221987
0.224772
0.226639
0.227865
0.228658
0.229166
0.229487
0.229689
0.229814
0.22989
0.229936
0.229963
0.229979
0.229989
0.229994
0.229997
0.229998
0.229999
0.23
0.23
0.23
0.23
0.23
0.23
0.23
0.23
0.23
0.23
0.23
0.23
3.87522e-18
2.85763e-17
1.05623e-16
3.36517e-16
1.01169e-15
2.95497e-15
8.48188e-15
2.4042e-14
6.74264e-14
1.87196e-13
5.1438e-13
1.39814e-12
3.75661e-12
9.96971e-12
2.61131e-11
6.74444e-11
1.71606e-10
4.29674e-10
1.05724e-09
2.55201e-09
6.02922e-09
1.38982e-08
3.11278e-08
6.736e-08
1.39839e-07
2.76182e-07
5.12033e-07
8.78955e-07
1.40452e-06
2.10476e-06
2.98238e-06
4.02832e-06
5.2248e-06
6.54895e-06
7.97616e-06
9.48292e-06
1.10496e-05
1.26644e-05
1.43311e-05
1.6085e-05
1.80217e-05
2.03458e-05
2.3445e-05
2.80102e-05
3.52462e-05
4.72503e-05
6.76529e-05
0.000102596
0.000169848
0.000303201
0.000571223
0.00110813
0.00217926
0.00419569
0.00810225
0.016051
0.0314953
0.0528624
0.0753604
0.0958612
0.116031
0.134214
0.15035
0.164441
0.176972
0.188423
0.198162
0.206284
0.212883
0.218065
0.221971
0.224762
0.226632
0.227861
0.228655
0.229164
0.229486
0.229688
0.229813
0.22989
0.229936
0.229963
0.229979
0.229989
0.229994
0.229997
0.229998
0.229999
0.23
0.23
0.23
0.23
0.23
0.23
0.23
0.23
0.23
0.23
0.23
0.23
3.87025e-18
2.85386e-17
1.05472e-16
3.35964e-16
1.0097e-15
2.94802e-15
8.45833e-15
2.39645e-14
6.71785e-14
1.86422e-13
5.12019e-13
1.3911e-12
3.73605e-12
9.91094e-12
2.59486e-11
6.69939e-11
1.704e-10
4.26517e-10
1.04918e-09
2.53199e-09
5.98097e-09
1.37859e-08
3.08769e-08
6.6826e-08
1.38768e-07
2.74182e-07
5.0871e-07
8.73916e-07
1.39748e-06
2.09557e-06
2.9711e-06
4.01512e-06
5.20996e-06
6.53283e-06
7.95909e-06
9.46523e-06
1.10316e-05
1.26461e-05
1.43125e-05
1.60654e-05
1.79996e-05
2.03179e-05
2.34055e-05
2.79489e-05
3.51452e-05
4.7079e-05
6.73586e-05
0.000102092
0.000168906
0.000301337
0.000567526
0.00110089
0.00216544
0.00416926
0.00805159
0.0159507
0.0312989
0.052641
0.0751455
0.0956634
0.115854
0.134059
0.150216
0.164325
0.176869
0.188336
0.19809
0.206227
0.212839
0.218032
0.221948
0.224747
0.226623
0.227855
0.228652
0.229162
0.229485
0.229688
0.229813
0.22989
0.229936
0.229963
0.229979
0.229989
0.229994
0.229997
0.229998
0.229999
0.23
0.23
0.23
0.23
0.23
0.23
0.23
0.23
0.23
0.23
0.23
0.23
3.86338e-18
2.84865e-17
1.05264e-16
3.35203e-16
1.00699e-15
2.93855e-15
8.42633e-15
2.38595e-14
6.68433e-14
1.85378e-13
5.08838e-13
1.38163e-12
3.70842e-12
9.83204e-12
2.5728e-11
6.63904e-11
1.68785e-10
4.22293e-10
1.03841e-09
2.50524e-09
5.91654e-09
1.3636e-08
3.05418e-08
6.61129e-08
1.37337e-07
2.71506e-07
5.04262e-07
8.67162e-07
1.38803e-06
2.08324e-06
2.95594e-06
3.99738e-06
5.19002e-06
6.51114e-06
7.93613e-06
9.44144e-06
1.10073e-05
1.26216e-05
1.42875e-05
1.6039e-05
1.79699e-05
2.02806e-05
2.33528e-05
2.78669e-05
3.50103e-05
4.68498e-05
6.69646e-05
0.000101416
0.000167641
0.00029883
0.000562545
0.00109113
0.00214675
0.00413355
0.00798309
0.0158152
0.0310331
0.0523413
0.0748543
0.0953954
0.115615
0.133849
0.150033
0.164169
0.176731
0.18822
0.197994
0.20615
0.21278
0.217989
0.221918
0.224727
0.226611
0.227847
0.228647
0.229159
0.229484
0.229687
0.229812
0.229889
0.229936
0.229963
0.229979
0.229989
0.229994
0.229997
0.229998
0.229999
0.23
0.23
0.23
0.23
0.23
0.23
0.23
0.23
0.23
0.23
0.23
0.23
3.85455e-18
2.84196e-17
1.04996e-16
3.34225e-16
1.0035e-15
2.92646e-15
8.38557e-15
2.37261e-14
6.64179e-14
1.84055e-13
5.04815e-13
1.36966e-12
3.67355e-12
9.73261e-12
2.54504e-11
6.56315e-11
1.66756e-10
4.16993e-10
1.0249e-09
2.47172e-09
5.83584e-09
1.34482e-08
3.01224e-08
6.52203e-08
1.35545e-07
2.68154e-07
4.98681e-07
8.5868e-07
1.37615e-06
2.06773e-06
2.93685e-06
3.97501e-06
5.16486e-06
6.48376e-06
7.90714e-06
9.41138e-06
1.09766e-05
1.25905e-05
1.42558e-05
1.60058e-05
1.79324e-05
2.02337e-05
2.32865e-05
2.77642e-05
3.48414e-05
4.65629e-05
6.64714e-05
0.00010057
0.000166055
0.000295673
0.000556255
0.00107877
0.00212305
0.0040882
0.00789604
0.0156428
0.0306947
0.0519588
0.0744802
0.0950532
0.11531
0.133581
0.149802
0.163971
0.176556
0.188073
0.197873
0.206054
0.212706
0.217934
0.22188
0.224703
0.226595
0.227838
0.228642
0.229156
0.229482
0.229686
0.229812
0.229889
0.229936
0.229963
0.229979
0.229989
0.229994
0.229997
0.229998
0.229999
0.23
0.23
0.23
0.23
0.23
0.23
0.23
0.23
0.23
0.23
0.23
0.23
3.84361e-18
2.83366e-17
1.04664e-16
3.33016e-16
9.99206e-16
2.91158e-15
8.33553e-15
2.35626e-14
6.58977e-14
1.82439e-13
4.99911e-13
1.35509e-12
3.63121e-12
9.61204e-12
2.51142e-11
6.4714e-11
1.64306e-10
4.10601e-10
1.00863e-09
2.43139e-09
5.7388e-09
1.32226e-08
2.96185e-08
6.41477e-08
1.33391e-07
2.6412e-07
4.91958e-07
8.4845e-07
1.3618e-06
2.04898e-06
2.91376e-06
3.94793e-06
5.13437e-06
6.45055e-06
7.87193e-06
9.37485e-06
1.09393e-05
1.25527e-05
1.42173e-05
1.59653e-05
1.78869e-05
2.01768e-05
2.32066e-05
2.76407e-05
3.46385e-05
4.62188e-05
6.588e-05
9.95545e-05
0.000164149
0.000291869
0.000548654
0.00106382
0.00209396
0.00403267
0.00778972
0.0154324
0.0302817
0.0514937
0.0740308
0.0946367
0.114937
0.133253
0.149519
0.163728
0.176342
0.187894
0.197726
0.205937
0.212616
0.217869
0.221834
0.224673
0.226577
0.227827
0.228635
0.229152
0.229479
0.229684
0.229811
0.229889
0.229935
0.229963
0.229979
0.229988
0.229994
0.229997
0.229998
0.229999
0.23
0.23
0.23
0.23
0.23
0.23
0.23
0.23
0.23
0.23
0.23
0.23
3.83048e-18
2.8237e-17
1.04266e-16
3.31564e-16
9.94056e-16
2.89376e-15
8.27573e-15
2.33675e-14
6.52781e-14
1.80518e-13
4.9409e-13
1.33783e-12
3.58111e-12
9.46966e-12
2.47179e-11
6.36343e-11
1.61428e-10
4.03103e-10
9.89565e-10
2.3842e-09
5.6254e-09
1.29592e-08
2.90304e-08
6.28958e-08
1.30876e-07
2.59403e-07
4.84086e-07
8.36456e-07
1.34496e-06
2.02694e-06
2.88658e-06
3.91603e-06
5.09841e-06
6.41134e-06
7.83031e-06
9.33161e-06
1.08951e-05
1.25078e-05
1.41715e-05
1.59172e-05
1.78329e-05
2.01096e-05
2.31125e-05
2.74958e-05
3.44013e-05
4.58172e-05
6.51904e-05
9.83712e-05
0.000161924
0.000287412
0.000539721
0.00104621
0.00205904
0.00396615
0.00766284
0.0151812
0.0297881
0.0509359
0.073489
0.0941369
0.114491
0.132862
0.149182
0.16344
0.17609
0.187682
0.197552
0.205799
0.212511
0.217792
0.221781
0.224639
0.226556
0.227814
0.228628
0.229148
0.229477
0.229683
0.22981
0.229888
0.229935
0.229963
0.229979
0.229988
0.229994
0.229997
0.229998
0.229999
0.23
0.23
0.23
0.23
0.23
0.23
0.23
0.23
0.23
0.23
0.23
0.23
3.81497e-18
2.81193e-17
1.03795e-16
3.2985e-16
9.87977e-16
2.87277e-15
8.20535e-15
2.31384e-14
6.45515e-14
1.7827e-13
4.87291e-13
1.31772e-12
3.52285e-12
9.30438e-12
2.42588e-11
6.23859e-11
1.58107e-10
3.94467e-10
9.67645e-10
2.33002e-09
5.49534e-09
1.26573e-08
2.83569e-08
6.14625e-08
1.27995e-07
2.53997e-07
4.75053e-07
8.22675e-07
1.32558e-06
2.00156e-06
2.85524e-06
3.8792e-06
5.05685e-06
6.36597e-06
7.78208e-06
9.28141e-06
1.08436e-05
1.24555e-05
1.4118e-05
1.58609e-05
1.77698e-05
2.00313e-05
2.30036e-05
2.7329e-05
3.41291e-05
4.53572e-05
6.44009e-05
9.70164e-05
0.00015937
0.000282265
0.000529354
0.00102572
0.00201824
0.00388835
0.00751443
0.0148874
0.0292107
0.0502831
0.0728508
0.0935502
0.113967
0.132404
0.148787
0.163104
0.175796
0.187435
0.19735
0.20564
0.212391
0.217704
0.22172
0.2246
0.226532
0.227799
0.228619
0.229143
0.229474
0.229681
0.229809
0.229888
0.229935
0.229963
0.229979
0.229988
0.229994
0.229997
0.229998
0.229999
0.23
0.23
0.23
0.23
0.23
0.23
0.23
0.23
0.23
0.23
0.23
0.23
3.79692e-18
2.79822e-17
1.03245e-16
3.27844e-16
9.8087e-16
2.84827e-15
8.12343e-15
2.28723e-14
6.37096e-14
1.75671e-13
4.79451e-13
1.29458e-12
3.45601e-12
9.11531e-12
2.37351e-11
6.09658e-11
1.54339e-10
3.84693e-10
9.42898e-10
2.26897e-09
5.34907e-09
1.23183e-08
2.76008e-08
5.98535e-08
1.24759e-07
2.47913e-07
4.64865e-07
8.07101e-07
1.30365e-06
1.97278e-06
2.81967e-06
3.83735e-06
5.00955e-06
6.31426e-06
7.72703e-06
9.22401e-06
1.07846e-05
1.23953e-05
1.40564e-05
1.5796e-05
1.76971e-05
1.99414e-05
2.28791e-05
2.71393e-05
3.38209e-05
4.48375e-05
6.351e-05
9.54874e-05
0.000156479
0.000276399
0.000517469
0.00100215
0.00197108
0.00379822
0.00734221
0.0145468
0.0285408
0.0495247
0.0721097
0.0928678
0.113359
0.131872
0.14833
0.162716
0.175457
0.187151
0.197119
0.205458
0.212253
0.217605
0.221653
0.224557
0.226505
0.227784
0.22861
0.229138
0.229471
0.22968
0.229809
0.229887
0.229935
0.229963
0.229979
0.229988
0.229994
0.229997
0.229998
0.229999
0.23
0.23
0.23
0.23
0.23
0.23
0.23
0.23
0.23
0.23
0.23
0.23
3.77533e-18
2.78182e-17
1.02588e-16
3.2546e-16
9.72499e-16
2.81964e-15
8.02821e-15
2.25641e-14
6.27379e-14
1.7268e-13
4.70452e-13
1.26809e-12
3.37969e-12
8.89997e-12
2.31401e-11
5.9356e-11
1.50077e-10
3.73661e-10
9.15019e-10
2.20032e-09
5.18485e-09
1.19382e-08
2.67546e-08
5.80544e-08
1.21142e-07
2.41115e-07
4.53479e-07
7.89691e-07
1.27911e-06
1.94057e-06
2.77982e-06
3.79041e-06
4.95646e-06
6.25613e-06
7.66504e-06
9.15922e-06
1.07179e-05
1.23271e-05
1.39861e-05
1.57217e-05
1.76137e-05
1.98385e-05
2.27376e-05
2.6925e-05
3.34745e-05
4.42558e-05
6.2515e-05
9.3781e-05
0.000153242
0.000269782
0.000503965
0.000975249
0.00191699
0.00369453
0.00714371
0.0141544
0.0277687
0.0486494
0.0712534
0.0920788
0.112655
0.131258
0.147803
0.162271
0.17507
0.186826
0.196856
0.205253
0.212099
0.217495
0.221578
0.22451
0.226477
0.227767
0.2286
0.229132
0.229468
0.229678
0.229808
0.229887
0.229934
0.229962
0.229979
0.229988
0.229994
0.229997
0.229998
0.229999
0.23
0.23
0.23
0.23
0.23
0.23
0.23
0.23
0.23
0.23
0.23
0.23
3.74883e-18
2.76173e-17
1.01786e-16
3.22584e-16
9.62536e-16
2.78596e-15
7.91712e-15
2.22071e-14
6.16187e-14
1.69254e-13
4.60196e-13
1.23806e-12
3.29359e-12
8.65827e-12
2.24756e-11
5.75675e-11
1.45365e-10
3.61523e-10
8.84477e-10
2.1254e-09
5.00617e-09
1.15255e-08
2.58364e-08
5.61012e-08
1.17208e-07
2.33701e-07
4.4099e-07
7.7053e-07
1.25203e-06
1.90493e-06
2.73565e-06
3.73833e-06
4.89747e-06
6.19146e-06
7.59597e-06
9.0869e-06
1.06432e-05
1.22503e-05
1.39068e-05
1.56375e-05
1.75188e-05
1.97215e-05
2.25771e-05
2.66835e-05
3.30864e-05
4.36068e-05
6.1408e-05
9.18867e-05
0.000149641
0.000262354
0.000488683
0.000944699
0.00185521
0.00357579
0.00691604
0.013704
0.0268813
0.0476425
0.0702689
0.0911726
0.111829
0.130541
0.147194
0.16176
0.174628
0.186456
0.196558
0.205022
0.211928
0.217374
0.221496
0.224459
0.226446
0.227749
0.22859
0.229127
0.229465
0.229677
0.229807
0.229886
0.229934
0.229962
0.229979
0.229988
0.229994
0.229997
0.229998
0.229999
0.23
0.23
0.23
0.23
0.23
0.23
0.23
0.23
0.23
0.23
0.23
0.23
3.71514e-18
2.73617e-17
1.00783e-16
3.19069e-16
9.50522e-16
2.74578e-15
7.78607e-15
2.17898e-14
6.03199e-14
1.65299e-13
4.48406e-13
1.20364e-12
3.19516e-12
8.38251e-12
2.17188e-11
5.55333e-11
1.40013e-10
3.47751e-10
8.49863e-10
2.04061e-09
4.80427e-09
1.10601e-08
2.48037e-08
5.3912e-08
1.1282e-07
2.25514e-07
4.27064e-07
7.49332e-07
1.22218e-06
1.86573e-06
2.68714e-06
3.68115e-06
4.83271e-06
6.12044e-06
7.52001e-06
9.0072e-06
1.05606e-05
1.21651e-05
1.38182e-05
1.55427e-05
1.74115e-05
1.95888e-05
2.23955e-05
2.64115e-05
3.26511e-05
4.2881e-05
6.01714e-05
8.97695e-05
0.000145595
0.000253888
0.000471019
0.000909079
0.00178422
0.00343975
0.00665503
0.0131879
0.0258667
0.0465076
0.0692169
0.090404
0.110538
0.129612
0.146464
0.161168
0.174123
0.186031
0.19622
0.204763
0.211738
0.217241
0.22141
0.224406
0.226415
0.227732
0.228581
0.229122
0.229463
0.229675
0.229806
0.229886
0.229934
0.229962
0.229979
0.229988
0.229994
0.229997
0.229998
0.229999
0.23
0.23
0.23
0.23
0.23
0.23
0.23
0.23
0.23
0.23
0.23
0.23
3.6761e-18
2.70628e-17
9.9576e-17
3.14797e-16
9.36e-16
2.69792e-15
7.63194e-15
2.13048e-14
5.88269e-14
1.60799e-13
4.35128e-13
1.16524e-12
3.08638e-12
8.08059e-12
2.08978e-11
5.33468e-11
1.34313e-10
3.33213e-10
8.13629e-10
1.95249e-09
4.59566e-09
1.05811e-08
2.37423e-08
5.16599e-08
1.08294e-07
2.17022e-07
4.12385e-07
7.26802e-07
1.19022e-06
1.82352e-06
2.63468e-06
3.61914e-06
4.76235e-06
6.04316e-06
7.43726e-06
8.92022e-06
1.04702e-05
1.20714e-05
1.37201e-05
1.5437e-05
1.7291e-05
1.94393e-05
2.2191e-05
2.61061e-05
3.21644e-05
4.20713e-05
5.87916e-05
8.74005e-05
0.000141028
0.000244143
0.00045022
0.000866394
0.00169876
0.00328354
0.00634844
0.012576
0.0246576
0.0451303
0.0678686
0.0892615
0.109427
0.128639
0.145644
0.160496
0.173551
0.185542
0.195838
0.204475
0.211529
0.217097
0.221317
0.22435
0.226383
0.227715
0.228572
0.229117
0.229461
0.229674
0.229806
0.229886
0.229934
0.229962
0.229979
0.229988
0.229994
0.229997
0.229998
0.229999
0.23
0.23
0.23
0.23
0.23
0.23
0.23
0.23
0.23
0.23
0.23
0.23
3.62205e-18
2.666e-17
9.8019e-17
3.09289e-16
9.17877e-16
2.63887e-15
7.44401e-15
2.07191e-14
5.70382e-14
1.55444e-13
4.194e-13
1.11994e-12
2.95838e-12
7.72577e-12
1.99333e-11
5.07765e-11
1.27603e-10
3.16073e-10
7.70849e-10
1.84837e-09
4.34925e-09
1.00163e-08
2.24955e-08
4.90301e-08
1.0305e-07
2.07259e-07
3.95603e-07
7.01351e-07
1.15455e-06
1.77691e-06
2.57726e-06
3.55173e-06
4.68623e-06
5.95982e-06
7.34815e-06
8.82654e-06
1.03727e-05
1.197e-05
1.36134e-05
1.53211e-05
1.71576e-05
1.92727e-05
2.19625e-05
2.57651e-05
3.16225e-05
4.11736e-05
5.72698e-05
8.48055e-05
0.000136036
0.000233528
0.000427192
0.000818474
0.00160169
0.0031044
0.00598935
0.0118478
0.0232131
0.0434976
0.0662961
0.0878992
0.108043
0.127442
0.144659
0.159708
0.172892
0.184977
0.195406
0.204155
0.211303
0.216948
0.221227
0.2243
0.226357
0.227702
0.228567
0.229116
0.229461
0.229675
0.229806
0.229886
0.229934
0.229962
0.229979
0.229988
0.229994
0.229997
0.229998
0.229999
0.23
0.23
0.23
0.23
0.23
0.23
0.23
0.23
0.23
0.23
0.23
0.23
3.55281e-18
2.6142e-17
9.60276e-17
3.02582e-16
8.95797e-16
2.5682e-15
7.22299e-15
2.00406e-14
5.49961e-14
1.49416e-13
4.01951e-13
1.07039e-12
2.82038e-12
7.34881e-12
1.89235e-11
4.81245e-11
1.20777e-10
2.98867e-10
7.28419e-10
1.74618e-09
4.10954e-09
9.4706e-09
2.12966e-08
4.65062e-08
9.80094e-08
1.97818e-07
3.79185e-07
6.76123e-07
1.11874e-06
1.72953e-06
2.51826e-06
3.48184e-06
4.60675e-06
5.87231e-06
7.25415e-06
8.72732e-06
1.0269e-05
1.18616e-05
1.34986e-05
1.51957e-05
1.70127e-05
1.9091e-05
2.17126e-05
2.53913e-05
3.10263e-05
4.01793e-05
5.55649e-05
8.18448e-05
0.00013019
0.000222319
0.00040525
0.000774286
0.00151524
0.00294878
0.0056962
0.010999
0.0216792
0.0416492
0.0644424
0.0862557
0.106495
0.126078
0.143515
0.158784
0.17213
0.18433
0.194911
0.203791
0.211047
0.216778
0.221123
0.22424
0.226326
0.22769
0.228564
0.229116
0.229462
0.229676
0.229807
0.229887
0.229935
0.229963
0.229979
0.229988
0.229994
0.229997
0.229998
0.229999
0.23
0.23
0.23
0.23
0.23
0.23
0.23
0.23
0.23
0.23
0.23
0.23
3.46583e-18
2.54908e-17
9.35166e-17
2.93992e-16
8.67513e-16
2.47982e-15
6.94867e-15
1.92043e-14
5.24942e-14
1.42067e-13
3.80757e-13
1.0104e-12
2.65371e-12
6.89456e-12
1.77092e-11
4.49423e-11
1.12606e-10
2.78324e-10
6.77897e-10
1.6248e-09
3.82525e-09
8.82364e-09
1.98736e-08
4.35043e-08
9.19977e-08
1.86527e-07
3.59531e-07
6.46106e-07
1.07663e-06
1.67468e-06
2.45113e-06
3.40372e-06
4.51933e-06
5.77736e-06
7.15325e-06
8.62159e-06
1.01589e-05
1.17467e-05
1.33769e-05
1.50626e-05
1.68587e-05
1.88985e-05
2.14494e-05
2.50002e-05
3.04057e-05
3.91469e-05
5.37938e-05
7.87587e-05
0.000124039
0.000210464
0.000382072
0.00072626
0.00141804
0.00276617
0.00533723
0.0103187
0.0204002
0.0397168
0.0623575
0.084352
0.10473
0.124511
0.142186
0.157704
0.171251
0.183599
0.194368
0.20341
0.210799
0.216634
0.221053
0.22421
0.226321
0.227693
0.228569
0.229122
0.229466
0.229679
0.22981
0.229888
0.229935
0.229963
0.229979
0.229989
0.229994
0.229997
0.229998
0.229999
0.23
0.23
0.23
0.23
0.23
0.23
0.23
0.23
0.23
0.23
0.23
0.23
3.36427e-18
2.47295e-17
9.05818e-17
2.84063e-16
8.35149e-16
2.37665e-15
6.62842e-15
1.82361e-14
4.96224e-14
1.33701e-13
3.56808e-13
9.43008e-13
2.46732e-12
6.38801e-12
1.63574e-11
4.14029e-11
1.03524e-10
2.55514e-10
6.21944e-10
1.49109e-09
3.51488e-09
8.12651e-09
1.83659e-08
4.03854e-08
8.58795e-08
1.75259e-07
3.40231e-07
6.17172e-07
1.0366e-06
1.62295e-06
2.38792e-06
3.32986e-06
4.43603e-06
5.68591e-06
7.05482e-06
8.51698e-06
1.00483e-05
1.16296e-05
1.32512e-05
1.49238e-05
1.66978e-05
1.86982e-05
2.11781e-05
2.46016e-05
2.97796e-05
3.81139e-05
5.2034e-05
7.5714e-05
0.000117942
0.000198729
0.000359166
0.000680369
0.00132648
0.00259636
0.00501471
0.00968506
0.0192014
0.0376199
0.0599991
0.0821378
0.102643
0.122682
0.140627
0.156423
0.170206
0.182717
0.193701
0.202927
0.21047
0.21643
0.220944
0.224174
0.226317
0.227703
0.228583
0.229134
0.229476
0.229686
0.229814
0.229891
0.229937
0.229964
0.22998
0.229989
0.229994
0.229997
0.229998
0.229999
0.23
0.23
0.23
0.23
0.23
0.23
0.23
0.23
0.23
0.23
0.23
0.23
3.22697e-18
2.36961e-17
8.65601e-17
2.70414e-16
7.92171e-16
2.24435e-15
6.23703e-15
1.70932e-14
4.63438e-14
1.24468e-13
3.31288e-13
8.73778e-13
2.28288e-12
5.90487e-12
1.51108e-11
3.82264e-11
9.55307e-11
2.35726e-10
5.73851e-10
1.37656e-09
3.24846e-09
7.52362e-09
1.70459e-08
3.76094e-08
8.03199e-08
1.64761e-07
3.21703e-07
5.88135e-07
9.94802e-07
1.56733e-06
2.31872e-06
3.24841e-06
4.34422e-06
5.58572e-06
6.94788e-06
8.40435e-06
9.93033e-06
1.15055e-05
1.31191e-05
1.47792e-05
1.65324e-05
1.84963e-05
2.09111e-05
2.42183e-05
2.91885e-05
3.71514e-05
5.04071e-05
7.29091e-05
0.000112254
0.000187684
0.000337339
0.000637175
0.00123923
0.00243106
0.00469768
0.0091011
0.0180123
0.03538
0.0574472
0.0797445
0.10051
0.120712
0.138924
0.155029
0.169092
0.181811
0.193065
0.202522
0.210249
0.216338
0.22094
0.224194
0.226345
0.227729
0.228606
0.229151
0.229487
0.229693
0.229818
0.229894
0.229939
0.229965
0.22998
0.229989
0.229994
0.229997
0.229998
0.229999
0.23
0.23
0.23
0.23
0.23
0.23
0.23
0.23
0.23
0.23
0.23
0.23
3.0846e-18
2.26451e-17
8.25553e-17
2.56618e-16
7.45416e-16
2.08871e-15
5.7311e-15
1.55075e-14
4.1517e-14
1.10152e-13
2.89807e-13
7.56171e-13
1.95644e-12
5.01798e-12
1.27545e-11
3.21156e-11
8.00608e-11
1.97401e-10
4.80907e-10
1.15618e-09
2.73878e-09
6.37838e-09
1.45592e-08
3.24297e-08
7.00671e-08
1.45695e-07
2.88816e-07
5.39689e-07
9.30038e-07
1.48752e-06
2.2266e-06
3.14726e-06
4.2371e-06
5.47499e-06
6.83503e-06
8.28998e-06
9.81418e-06
1.13865e-05
1.29951e-05
1.46465e-05
1.63843e-05
1.83205e-05
2.06859e-05
2.39052e-05
2.87201e-05
3.64078e-05
4.91753e-05
7.08182e-05
0.000107999
0.000179408
0.000320879
0.000604341
0.00117146
0.00229894
0.0044417
0.00860701
0.0170494
0.0335288
0.0552893
0.0776457
0.0985091
0.118873
0.137271
0.153601
0.167877
0.180757
0.192251
0.201945
0.209896
0.216183
0.220916
0.224235
0.22641
0.227792
0.228652
0.229186
0.229512
0.22971
0.229829
0.2299
0.229943
0.229967
0.229982
0.22999
0.229994
0.229997
0.229998
0.229999
0.23
0.23
0.23
0.23
0.23
0.23
0.23
0.23
0.23
0.23
0.23
0.23
)
;

boundaryField
{
    fuel
    {
        type            fixedValue;
        value           uniform 0;
    }
    air
    {
        type            fixedValue;
        value           uniform 0.23;
    }
    outlet
    {
        type            inletOutlet;
        inletValue      uniform 0;
        value           nonuniform List<scalar> 
200
(
3.06571e-18
2.25059e-17
8.20506e-17
2.55075e-16
7.41026e-16
2.07662e-15
5.69863e-15
1.54221e-14
4.12951e-14
1.09581e-13
2.88346e-13
7.52461e-13
1.94709e-12
4.99461e-12
1.26965e-11
3.19733e-11
7.97148e-11
1.96568e-10
4.78924e-10
1.15152e-09
2.72797e-09
6.35377e-09
1.45044e-08
3.2311e-08
6.98192e-08
1.45202e-07
2.87891e-07
5.38144e-07
9.27703e-07
1.4843e-06
2.22253e-06
3.14253e-06
4.23203e-06
5.47005e-06
6.83082e-06
8.28718e-06
9.81356e-06
1.13889e-05
1.30012e-05
1.46571e-05
1.64e-05
1.83418e-05
2.07133e-05
2.39393e-05
2.87618e-05
3.64586e-05
4.92364e-05
7.08865e-05
0.000108068
0.000179442
0.000320771
0.000603805
0.00116979
0.0022947
0.00443156
0.00858428
0.0170001
0.0334299
0.0551739
0.0775556
0.0984511
0.118771
0.137161
0.153498
0.167785
0.180676
0.192186
0.201893
0.209855
0.216152
0.220895
0.224223
0.226402
0.227787
0.228649
0.229184
0.229511
0.229709
0.229829
0.2299
0.229942
0.229967
0.229981
0.22999
0.229994
0.229997
0.229998
0.229999
0.23
0.23
0.23
0.23
0.23
0.23
0.23
0.23
0.23
0.23
0.23
0.23
3.0846e-18
2.26451e-17
8.25553e-17
2.56618e-16
7.45416e-16
2.08871e-15
5.7311e-15
1.55075e-14
4.1517e-14
1.10152e-13
2.89807e-13
7.56171e-13
1.95644e-12
5.01798e-12
1.27545e-11
3.21156e-11
8.00608e-11
1.97401e-10
4.80907e-10
1.15618e-09
2.73878e-09
6.37838e-09
1.45592e-08
3.24297e-08
7.00671e-08
1.45695e-07
2.88816e-07
5.39689e-07
9.30038e-07
1.48752e-06
2.2266e-06
3.14726e-06
4.2371e-06
5.47499e-06
6.83503e-06
8.28998e-06
9.81418e-06
1.13865e-05
1.29951e-05
1.46465e-05
1.63843e-05
1.83205e-05
2.06859e-05
2.39052e-05
2.87201e-05
3.64078e-05
4.91753e-05
7.08182e-05
0.000107999
0.000179408
0.000320879
0.000604341
0.00117146
0.00229894
0.0044417
0.00860701
0.0170494
0.0335288
0.0552893
0.0776457
0.0985091
0.118873
0.137271
0.153601
0.167877
0.180757
0.192251
0.201945
0.209896
0.216183
0.220916
0.224235
0.22641
0.227792
0.228652
0.229186
0.229512
0.22971
0.229829
0.2299
0.229943
0.229967
0.229982
0.22999
0.229994
0.229997
0.229998
0.229999
0.23
0.23
0.23
0.23
0.23
0.23
0.23
0.23
0.23
0.23
0.23
0.23
)
;
    }
    frontAndBack
    {
        type            empty;
    }
}


// ************************************************************************* //
