/*--------------------------------*- C++ -*----------------------------------*\
  =========                 |
  \\      /  F ield         | OpenFOAM: The Open Source CFD Toolbox
   \\    /   O peration     | Website:  https://openfoam.org
    \\  /    A nd           | Version:  11
     \\/     M anipulation  |
\*---------------------------------------------------------------------------*/
FoamFile
{
    format      ascii;
    class       volScalarField;
    location    "0.05";
    object      Qdot;
}
// * * * * * * * * * * * * * * * * * * * * * * * * * * * * * * * * * * * * * //

dimensions      [1 -1 -3 0 0 0 0];

internalField   nonuniform List<scalar> 
4000
(
-3.79318e-29
-1.92593e-06
1.21382e-27
3.16495e-19
0
2.26867e-18
7.76844e-26
1.92593e-06
-1.92593e-06
-1.34739e-17
0
-9.94343e-24
0
0
1.92569e-06
-1.92547e-06
0
2.54344e-21
-4.40839e-13
0
-4.05268e-20
-8.22396e-14
1.63403e-13
0
0
1.79307e-06
1.72123e-06
1.62931e-06
-1.51521e-06
3.24967e-07
1.09233e-05
0.000364584
0.00709245
0.0933624
0.862952
5.86586
30.6429
127.841
439.905
1282.84
3255.09
7368.24
15244.6
29590.7
55243.1
100967
181758
326779
721116
1.498e+06
3.08172e+06
6.24664e+06
1.26075e+07
2.49228e+07
4.81852e+07
9.352e+07
1.86666e+08
1.46554e+08
6.65961e+07
2.96474e+07
1.29285e+07
5.17563e+06
1.92829e+06
671452
203660
31150.8
1753.67
43.8752
0.609893
0.00591158
5.73144e-05
8.79258e-07
2.94153e-08
9.55409e-10
3.63293e-10
-8.66861e-12
-7.6012e-11
3.27077e-11
-6.19556e-14
3.80509e-11
-4.91063e-12
3.81433e-11
4.91036e-12
-7.45968e-14
-2.48432e-14
-4.9224e-12
-3.83746e-18
4.91416e-12
-4.91345e-12
9.67944e-17
-3.81816e-11
-7.32722e-21
4.91351e-12
-5.6756e-22
-3.81817e-11
3.81817e-11
4.91351e-12
-3.81817e-11
-7.15549e-25
-8.8344e-26
-1.92593e-06
-1.92593e-06
-1.92593e-06
1.92593e-06
0
0
-7.76844e-26
1.68424e-18
1.92593e-06
-4.05112e-17
1.92592e-06
1.9259e-06
0
7.95429e-23
1.29618e-15
-1.92541e-06
1.92495e-06
0
0
-2.03003e-20
0
-1.39884e-11
-1.89295e-06
0
3.23204e-10
0
1.70617e-06
-3.58057e-16
1.5238e-06
5.35452e-07
1.76762e-05
0.000501584
0.00911328
0.113545
1.00633
6.62758
33.813
138.594
470.636
1358.97
3424.03
7712.63
15909.1
30839.3
57567.8
105251
189455
352944
760492
1.5867e+06
3.25985e+06
6.65286e+06
1.33609e+07
2.63555e+07
5.09944e+07
9.89157e+07
1.96943e+08
1.36523e+08
6.18318e+07
2.74706e+07
1.19474e+07
4.74583e+06
1.75221e+06
606481
174466
24965.7
1311.84
32.369
0.464166
0.00488804
5.28512e-05
8.9162e-07
2.92017e-08
2.45693e-09
5.61076e-10
6.2501e-13
-3.36848e-11
-2.39213e-13
3.7907e-11
4.73109e-12
-1.59049e-12
-3.75486e-11
3.32482e-11
-3.80951e-11
2.47486e-14
-1.47588e-17
4.91636e-12
-4.30941e-11
-3.58237e-19
4.91338e-12
4.91349e-12
-7.97585e-21
3.02549e-18
-4.91351e-12
-1.6704e-22
-4.56075e-23
-4.91351e-12
3.81817e-11
-7.53673e-25
-4.30952e-11
0
3.95619e-20
-1.92593e-06
3.16495e-19
-1.92593e-06
-1.92593e-06
-5.69603e-18
0
0
0
0
-2.15579e-16
-8.62297e-16
0
0
-2.49947e-14
-1.27209e-21
3.31076e-13
-1.92238e-06
-2.64244e-12
7.02223e-12
0
1.62948e-13
0
-1.82988e-06
2.40227e-18
-9.1965e-18
-4.95143e-16
1.12706e-08
2.11085e-06
2.55636e-05
0.000638834
0.0111871
0.134825
1.1618
7.47687
37.4417
151.198
507.394
1451.6
3632.37
8142.08
16745.8
32426.1
60549.7
110798
199523
386463
811954
1.70147e+06
3.49065e+06
7.16278e+06
1.43289e+07
2.825e+07
5.45969e+07
1.05778e+08
2.08806e+08
1.24169e+08
5.60532e+07
2.48762e+07
1.07968e+07
4.25376e+06
1.55681e+06
535943
148908
19946.1
1018.92
25.6144
0.385499
0.00434696
5.09201e-05
8.85442e-07
2.91432e-08
2.48435e-09
-2.47545e-11
-3.67139e-11
-3.37e-11
-2.4594e-13
-6.93379e-14
4.72992e-12
3.65185e-11
4.90628e-12
-4.96583e-13
-1.75488e-16
-3.81747e-11
4.91301e-12
3.81797e-11
-1.3253e-18
4.91344e-12
3.81814e-11
-3.81816e-11
3.32681e-11
-2.34231e-21
-6.44135e-22
-1.76424e-22
-3.81817e-11
4.91351e-12
-3.81817e-11
-7.85931e-25
-9.71417e-26
-1.92593e-06
0
4.93839e-21
0
0
-2.1053e-19
5.06392e-18
-2.52845e-18
-1.01138e-17
0
0
-3.23636e-16
8.62295e-16
0
0
0
5.18247e-15
-1.92387e-06
1.01623e-20
0
1.91377e-06
-2.09754e-11
-5.54378e-11
-1.86434e-06
0
2.39358e-18
1.58633e-09
1.59574e-06
1.96188e-08
9.59023e-07
3.20775e-05
0.000793126
0.0134481
0.157508
1.32556
8.36784
41.252
164.481
546.312
1550.14
3855.03
8603.04
17647.9
34143.9
63785.6
116812
210381
421119
865377
1.81801e+06
3.74524e+06
7.66075e+06
1.52707e+07
3.00315e+07
5.79215e+07
1.12112e+08
2.17743e+08
1.13426e+08
5.102e+07
2.26085e+07
9.74009e+06
3.8118e+06
1.38481e+06
474445
125828
15882.7
782.334
19.5999
0.300065
0.00351273
4.33085e-05
8.0588e-07
3.36171e-08
3.59494e-09
-2.45808e-11
-9.07684e-12
3.66147e-11
3.75657e-11
-3.80318e-11
-2.07373e-14
-4.91022e-12
-1.93752e-15
-3.81583e-11
-3.81686e-11
-4.93743e-12
-1.60377e-17
-3.81766e-11
-1.36528e-18
-3.81812e-11
-1.11085e-19
-3.12307e-20
-8.72059e-21
4.91351e-12
-6.62153e-22
3.81817e-11
4.91351e-12
3.54971e-20
-3.42525e-24
-8.00594e-25
-9.93412e-26
1.92593e-06
1.92593e-06
1.92593e-06
0
0
2.53196e-18
0
-1.92593e-06
0
-2.69477e-17
1.92591e-06
0
-8.62294e-16
-3.44903e-15
-1.92561e-06
0
0
-1.92377e-06
8.81208e-13
-1.91876e-06
7.01738e-12
0
-1.62626e-13
1.6401e-10
0
0
-1.68296e-06
-9.88156e-16
3.34356e-08
1.26936e-06
4.11479e-05
0.000992496
0.0162592
0.184845
1.5174
9.38544
45.5078
179.026
588.178
1654.5
4087.65
9079.23
18572.1
35894.5
67071.1
122890
221290
454581
917266
1.92923e+06
4.01663e+06
8.15252e+06
1.62285e+07
3.18403e+07
6.14139e+07
1.19146e+08
2.20577e+08
1.04449e+08
4.68412e+07
2.07693e+07
8.90828e+06
3.46455e+06
1.25041e+06
426372
107299
13021
626.28
15.7628
0.246951
0.00300962
3.90289e-05
7.64682e-07
3.36853e-08
3.59772e-09
1.21936e-11
-4.2724e-12
3.17775e-11
3.75084e-11
4.27737e-11
-4.29681e-11
-6.33542e-15
4.90598e-12
-5.96323e-16
-3.81684e-11
4.93731e-12
-1.62345e-17
3.32695e-11
4.91337e-12
-4.91305e-12
-1.12622e-19
-3.17112e-20
-4.9135e-12
4.91351e-12
-6.71162e-22
-3.78645e-19
-4.95489e-23
-1.32787e-23
-3.81817e-11
-8.09392e-25
3.81817e-11
4.94524e-21
0
1.21382e-27
-1.92593e-06
0
0
-5.06392e-18
-1.92593e-06
1.92593e-06
4.04551e-17
0
-1.92589e-06
1.29451e-15
3.44902e-15
0
0
5.18219e-15
1.92368e-06
1.92181e-06
1.91847e-06
-7.01552e-12
0
3.19089e-19
-3.20377e-13
-1.81783e-06
1.75765e-06
1.67827e-06
-1.29175e-15
1.50921e-06
1.64447e-06
5.11634e-05
0.00120848
0.0192554
0.213752
1.71902
10.4494
49.9347
194.07
631.2
1761
4323.21
9557.76
19494.7
37633.2
70322.5
128892
232058
486735
968091
2.04469e+06
4.27297e+06
8.62242e+06
1.71845e+07
3.34625e+07
6.44348e+07
1.27868e+08
2.11768e+08
9.71863e+07
4.35165e+07
1.93152e+07
8.2452e+06
3.18406e+06
1.14152e+06
387644
91887.6
10905.8
512.64
12.8533
0.203235
0.00253525
3.40204e-05
6.79263e-07
2.22684e-08
2.47015e-09
-2.3489e-11
1.93646e-10
-3.84911e-11
7.53157e-11
-6.87158e-14
4.87592e-12
1.57792e-12
-1.93745e-15
3.32461e-11
3.81678e-11
-3.81991e-11
-1.62345e-17
3.09543e-15
-1.16495e-15
-3.81812e-11
1.45336e-16
4.91349e-12
3.32681e-11
4.91351e-12
-6.6966e-22
3.81817e-11
-4.30952e-11
4.91351e-12
-3.43698e-24
-8.0646e-25
3.81817e-11
-1.92593e-06
0
1.21382e-27
0
0
-3.88422e-26
0
0
0
-1.92592e-06
-1.92591e-06
0
0
-3.44901e-15
-1.37948e-14
0
1.10307e-13
1.9236e-06
0
-1.91819e-06
0
1.60877e-19
-5.53014e-11
6.28307e-19
6.25265e-13
-1.75354e-06
1.67045e-06
-1.6779e-15
4.69187e-08
2.09816e-06
6.33013e-05
0.00145348
0.0225918
0.245145
1.93346
11.5619
54.4986
209.392
674.531
1867.18
4555.69
10025.3
20386.9
39297.5
73400.6
134508
242015
515572
1.03969e+06
2.1926e+06
4.54288e+06
9.15002e+06
1.82948e+07
3.54873e+07
6.85049e+07
1.36353e+08
2.02274e+08
9.25957e+07
4.13378e+07
1.8477e+07
7.59971e+06
2.92544e+06
1.04596e+06
354777
80852.5
9392.93
431.732
10.7578
0.171244
0.00218041
3.01988e-05
6.30445e-07
2.68201e-08
2.5055e-09
-2.27196e-11
-4.04299e-12
3.66471e-11
3.75665e-11
-6.77125e-14
-2.02328e-14
-3.81105e-11
-3.81394e-11
-1.98878e-13
-1.78238e-16
3.81741e-11
4.30907e-11
-3.10493e-15
-1.3745e-18
-3.93599e-19
-1.45561e-16
-3.14229e-20
-3.81817e-11
-4.54774e-18
-6.65156e-22
-3.81817e-11
-4.87981e-23
-3.32682e-11
-3.39006e-24
-4.91351e-12
-9.89746e-26
-4.94524e-21
0
0
-4.85528e-27
0
-2.1053e-19
0
3.36848e-18
1.92593e-06
4.04551e-17
-1.92591e-06
0
-1.92584e-06
-1.92575e-06
1.92558e-06
6.36165e-22
0
-1.92353e-06
1.01589e-20
0
-1.0527e-11
-1.90111e-06
-1.88341e-06
1.85495e-06
0
1.74855e-06
-1.14777e-12
1.56731e-06
5.49695e-08
2.58969e-06
7.66452e-05
0.0017191
0.0261283
0.277943
2.15463
12.696
59.1017
224.69
717.364
1971.09
4780.81
10472.9
21231.3
40853.3
76243.5
139633
251004
540978
1.10317e+06
2.32145e+06
4.78816e+06
9.63281e+06
1.92924e+07
3.72526e+07
7.20017e+07
1.43531e+08
1.94944e+08
8.91208e+07
3.9696e+07
1.77203e+07
7.25291e+06
2.77797e+06
988782
334104
74754.1
8280.29
371.942
9.17968
0.146346
0.00188895
2.67888e-05
5.75973e-07
2.69652e-08
2.48021e-09
-9.95393e-10
-3.91157e-12
-8.83384e-13
3.75735e-11
-6.59092e-14
-1.97307e-14
-4.30138e-11
-1.86823e-15
-3.8455e-11
-1.75484e-16
-1.24828e-14
-4.91301e-12
-4.66149e-18
-1.3499e-18
-3.81812e-11
3.81814e-11
-3.09424e-20
1.21022e-17
-2.38435e-21
-4.91351e-12
-4.91351e-12
-4.91351e-12
-3.55231e-20
4.91351e-12
-3.81817e-11
-9.75083e-26
-4.94524e-21
1.92593e-06
6.57907e-21
-1.92593e-06
1.92593e-06
-3.16057e-19
-8.42121e-19
0
0
1.92592e-06
0
4.31155e-16
-1.92584e-06
0
3.18135e-22
-1.92523e-06
0
1.92347e-06
1.92141e-06
3.51709e-12
1.04425e-11
2.78826e-11
1.88225e-06
3.19318e-13
4.23921e-10
-1.22964e-09
-1.65787e-06
-2.93309e-09
7.39214e-08
3.14419e-06
9.13293e-05
0.00200172
0.0298236
0.311622
2.37842
13.8293
63.6513
239.659
758.87
2070.84
4994.81
10894.3
22018.6
42292.5
78854.2
144305
259132
563434
1.1572e+06
2.42942e+06
4.99441e+06
1.00506e+07
2.01168e+07
3.87867e+07
7.49859e+07
1.49614e+08
1.88605e+08
8.61433e+07
3.82926e+07
1.70419e+07
6.95436e+06
2.65457e+06
941837
316320
69481.5
7400.24
326.101
7.97197
0.127058
0.00165768
2.39782e-05
5.28787e-07
1.98565e-08
2.49423e-09
3.68324e-10
1.89272e-10
-8.58057e-13
7.56731e-12
1.25597e-11
4.73019e-12
3.80983e-11
-1.8242e-15
-1.98855e-13
-4.9119e-12
4.85046e-12
4.91298e-12
-4.91014e-12
-3.81806e-11
-3.81812e-11
-1.08394e-19
-3.03659e-20
1.21023e-17
-4.54765e-18
-4.91351e-12
3.81817e-11
-4.7109e-23
3.54977e-20
-3.27276e-24
-7.71269e-25
3.32682e-11
0
-1.92593e-06
-1.92593e-06
-3.16495e-19
0
3.16057e-19
-8.42121e-19
1.92593e-06
0
-4.04551e-17
1.61819e-16
0
0
5.17777e-15
-1.37946e-14
1.92522e-06
-1.65589e-13
1.92342e-06
-1.92131e-06
-3.51675e-12
0
-1.89986e-06
0
1.85147e-06
4.23962e-10
0
-2.33421e-09
-2.92396e-09
8.4577e-08
5.07532e-06
0.000106909
0.00229513
0.0335996
0.345535
2.60084
14.9428
68.0756
254.078
798.483
2165.22
5195.5
11286.1
22745.3
43612.2
81233.9
148536
266443
583257
1.20351e+06
2.52072e+06
5.16852e+06
1.04277e+07
2.08176e+07
4.01171e+07
7.75591e+07
1.54845e+08
1.83009e+08
8.35288e+07
3.70713e+07
1.64658e+07
6.70189e+06
2.55074e+06
902623
302362
65043.8
6703.4
290.22
7.02921
0.111852
0.00147085
2.16252e-05
4.83545e-07
2.29226e-08
3.608e-09
1.63755e-11
-8.45274e-12
-8.35914e-13
3.75351e-11
-1.75715e-11
4.87757e-12
-5.78212e-15
-1.78017e-15
-1.98843e-13
-1.68008e-16
-4.8878e-12
3.32647e-11
3.32664e-11
-1.16487e-15
-4.91344e-12
-1.06088e-19
-3.81816e-11
1.21025e-17
-3.81817e-11
-3.81817e-11
-3.78633e-19
-4.61705e-23
-1.23403e-23
-3.32682e-11
-7.53673e-25
4.91351e-12
0
1.92593e-06
0
2.63163e-20
1.92593e-06
1.92593e-06
-1.92593e-06
0
0
-1.92592e-06
-1.92591e-06
4.31155e-16
0
5.17776e-15
0
-1.92521e-06
0
1.92337e-06
-1.92121e-06
0
8.23111e-14
2.7866e-11
0
-1.85021e-06
1.80441e-06
1.73793e-06
-6.70757e-17
-3.74886e-15
1.14245e-07
4.33089e-06
0.00012302
0.00259316
0.0373705
0.378947
2.81738
16.0156
72.2988
267.723
835.667
2253.13
5381.07
11645.9
23408.5
44810.3
83384.6
152345
273000
600806
1.24372e+06
2.59952e+06
5.31909e+06
1.07486e+07
2.14246e+07
4.12716e+07
7.97918e+07
1.59379e+08
1.78095e+08
8.12399e+07
3.6006e+07
1.59658e+07
6.48406e+06
2.46166e+06
869108
289858
61267.9
6140.94
261.763
6.28483
0.0997882
0.00132031
1.9691e-05
4.45913e-07
2.30485e-08
9.91355e-10
-1.47871e-11
1.94345e-10
-8.12979e-13
-2.53636e-11
3.78962e-11
-3.82145e-11
-1.58984e-12
-1.74873e-15
-3.31477e-11
-1.64467e-16
3.31996e-11
-3.81777e-11
-3.10457e-15
3.81818e-11
-3.87906e-16
-1.03782e-19
-2.91166e-20
1.21027e-17
-2.24021e-21
4.91351e-12
-3.78629e-19
1.41996e-19
-3.55224e-20
3.81817e-11
3.81817e-11
-9.23763e-26
-1.92593e-06
-1.64477e-21
0
3.16495e-19
0
2.53196e-18
0
5.05691e-18
0
0
0
6.47269e-16
1.72458e-15
0
0
-1.9252e-06
0
-1.92333e-06
-1.92113e-06
0
1.91043e-06
0
0
0
-1.80116e-06
-1.22298e-09
-8.03231e-17
4.36647e-09
1.16639e-07
4.97385e-06
0.000139201
0.00288724
0.0410567
0.411212
3.02424
17.0307
76.2605
280.423
870.016
2333.8
5550.24
11972.1
24007.1
45888.2
85315.3
155758
278866
616355
1.27885e+06
2.66816e+06
5.45056e+06
1.10259e+07
2.19517e+07
4.22733e+07
8.17397e+07
1.63304e+08
1.73809e+08
7.92459e+07
3.50742e+07
1.55314e+07
6.29602e+06
2.38523e+06
840512
278936
58089.3
5682.04
238.928
5.69115
0.0901435
0.00119843
1.80833e-05
4.24298e-07
2.02378e-08
2.51873e-09
3.70781e-10
1.32819e-12
-3.82597e-11
-2.53595e-11
-5.99037e-14
-1.80244e-14
-6.49334e-12
-3.81394e-11
-3.81574e-11
-3.32564e-11
-4.30868e-11
3.8187e-11
4.91324e-12
4.30928e-11
3.81812e-11
1.45347e-16
-2.86362e-20
-3.81816e-11
-2.19817e-21
-6.05097e-22
4.91351e-12
-3.81817e-11
-1.18242e-23
4.91351e-12
-3.81817e-11
-4.91351e-12
0
-3.79171e-20
0
-2.63163e-20
1.92593e-06
-3.88422e-26
-1.92593e-06
1.92593e-06
0
0
0
0
1.92583e-06
0
3.18131e-22
-1.92519e-06
0
5.08413e-21
0
0
0
1.8984e-06
0
0
6.34364e-10
0
1.64551e-06
4.35913e-09
1.38015e-07
5.60507e-06
0.00015376
0.00317268
0.0445758
0.441674
3.2177
17.9721
79.9077
292.037
901.238
2406.72
5702.38
12264
24540.9
46847.3
87030.8
158786
284064
630012
1.30935e+06
2.72762e+06
5.56461e+06
1.12646e+07
2.24066e+07
4.31371e+07
8.3434e+07
1.66686e+08
1.70103e+08
7.75267e+07
3.42845e+07
1.51629e+07
6.13655e+06
2.3205e+06
816387
269391
55429.3
5307.1
220.518
5.21558
0.0824169
0.0010999
1.67529e-05
3.91042e-07
1.80954e-08
2.52974e-09
1.83363e-11
-4.05674e-11
4.16353e-11
-7.57753e-11
-5.86029e-14
-1.76229e-14
-5.4177e-15
-1.67325e-15
-3.32472e-11
3.81679e-11
4.9125e-12
-3.81777e-11
-3.1044e-15
1.16234e-15
-3.51318e-19
3.81816e-11
3.81816e-11
-7.83171e-21
-2.16213e-21
4.91351e-12
-1.61034e-22
1.41998e-19
-4.91351e-12
-3.81817e-11
-7.1555e-25
-3.81817e-11
0
1.92593e-06
1.92593e-06
4.85528e-27
1.92593e-06
2.53196e-18
5.06392e-18
3.36848e-18
0
-2.48589e-24
-1.92591e-06
-1.92588e-06
0
0
0
0
1.9245e-06
0
-1.74085e-12
-1.917e-06
-8.22805e-14
4.1806e-11
-1.8782e-06
-1.84676e-06
2.11627e-10
1.21975e-09
-1.06732e-16
-5.50322e-15
1.53941e-07
4.8351e-06
0.000167521
0.00343955
0.0478498
0.469748
3.39448
18.826
83.1942
302.439
929.043
2471.34
5836.61
12520.7
25009.2
47687.7
88532.4
161434
288603
641846
1.33553e+06
2.77856e+06
5.66239e+06
1.14679e+07
2.27947e+07
4.38733e+07
8.48744e+07
1.69566e+08
1.66933e+08
7.60549e+07
3.36176e+07
1.48516e+07
6.00216e+06
2.26608e+06
796192
261604
53227.1
5002.89
205.735
4.83521
0.0762331
0.00102053
1.56804e-05
3.73923e-07
1.82158e-08
2.52611e-09
-1.77914e-11
3.39118e-11
4.07726e-12
-4.28798e-11
4.27875e-11
4.87933e-12
-5.32975e-15
-4.90952e-12
-5.08209e-16
-1.55418e-16
-3.32618e-11
3.81777e-11
3.81796e-11
4.91337e-12
-3.45936e-19
-9.84004e-20
-4.30951e-11
-7.68757e-21
-2.1321e-21
-5.81073e-22
3.32682e-11
-4.91351e-12
-1.14957e-23
3.81817e-11
-7.03819e-25
-8.76109e-26
0
-4.12067e-20
9.87679e-21
1.92593e-06
-1.92593e-06
3.88422e-26
-5.06392e-18
1.68843e-18
-1.92593e-06
-1.92592e-06
0
1.92588e-06
-1.92583e-06
1.92573e-06
0
1.92517e-06
0
0
-1.92095e-06
1.9169e-06
-1.90982e-06
-4.17993e-11
0
0
1.79725e-06
1.21848e-09
-1.15471e-16
-6.03641e-15
1.59062e-07
6.73476e-06
0.00018366
0.00368493
0.0508048
0.494887
3.55163
19.5803
86.0807
311.529
953.225
2527.32
5952.45
12741.7
25411.5
48409.1
89820.8
163704
292491
651923
1.35767e+06
2.8216e+06
5.74508e+06
1.16392e+07
2.31218e+07
4.45043e+07
8.60884e+07
1.71993e+08
1.64266e+08
7.48114e+07
3.30491e+07
1.45879e+07
5.88885e+06
2.22041e+06
779351
255696
51421.6
4757.16
193.895
4.53205
0.0713099
0.000957036
1.47907e-05
3.52161e-07
1.60808e-08
3.67357e-09
3.72533e-10
-4.04326e-11
4.09181e-12
1.24106e-11
-5.68022e-14
-4.76688e-12
-5.25436e-15
-1.62294e-15
-5.00343e-16
-4.308e-11
2.47517e-14
-1.38239e-17
-4.07112e-18
-1.18693e-18
-3.32677e-11
-9.68629e-20
3.63352e-17
-4.9135e-12
-4.9135e-12
4.91351e-12
-1.56154e-22
-4.22292e-23
-4.30952e-11
-4.91351e-12
-6.95022e-25
4.30952e-11
0
0
0
2.63163e-20
0
0
0
0
0
0
-1.92591e-06
-1.98867e-23
0
0
2.07088e-14
-2.76522e-14
-1.92448e-06
0
-1.92091e-06
5.31876e-12
-8.07703e-20
-1.60509e-19
0
0
0
-1.21743e-09
1.63886e-06
4.33408e-09
1.72294e-07
5.89917e-06
0.000194377
0.00389751
0.0533785
0.516617
3.68666
20.2249
88.5357
319.226
973.623
2574.38
6049.56
12926.5
25747.7
49011.4
90896.2
165598
295735
660295
1.37597e+06
2.8572e+06
5.81358e+06
1.17807e+07
2.33888e+07
4.50268e+07
8.70827e+07
1.73976e+08
1.6208e+08
7.37942e+07
3.25896e+07
1.43746e+07
5.79714e+06
2.18345e+06
765727
250815
49965.5
4562.91
184.616
4.29528
0.0674636
0.000907169
1.41033e-05
3.39798e-07
1.61355e-08
1.39624e-09
1.96155e-11
-3.17082e-12
-7.33923e-13
3.27548e-11
4.2791e-11
3.80347e-11
-5.17897e-15
-1.60408e-15
4.30671e-11
-1.51484e-16
-4.56493e-17
-1.36763e-17
-3.10422e-15
-1.17156e-18
3.32677e-11
-9.57098e-20
3.81816e-11
1.21033e-17
4.54324e-18
-1.1369e-18
-4.91351e-12
3.81817e-11
-1.11673e-23
-3.81817e-11
3.81817e-11
4.91351e-12
-4.94524e-21
2.4692e-21
0
0
1.92593e-06
1.92593e-06
5.06392e-18
0
0
1.92592e-06
0
-1.98867e-23
-2.589e-15
0
1.92553e-06
5.51671e-14
1.92447e-06
1.92319e-06
0
5.2773e-12
1.39261e-11
1.89727e-06
0
0
0
-4.67234e-18
-2.30819e-09
2.11107e-12
1.88223e-07
7.66064e-06
0.000205459
0.00407703
0.0555108
0.534532
3.79742
20.7514
90.5331
325.467
990.11
2612.31
6127.66
13074.8
26017.2
49494.3
91758.1
167115
298333
666976
1.39053e+06
2.88549e+06
5.86807e+06
1.18931e+07
2.35976e+07
4.54358e+07
8.78668e+07
1.75541e+08
1.60353e+08
7.2991e+07
3.22274e+07
1.42066e+07
5.72506e+06
2.15443e+06
755007
246791
48815.8
4413.07
177.514
4.11462
0.0645301
0.000869002
1.35824e-05
3.27067e-07
1.83791e-08
6.0173e-10
-2.14637e-11
-3.12707e-12
-4.30402e-11
3.75719e-11
-5.54015e-14
4.27851e-11
-5.12871e-15
-1.58836e-15
4.32654e-11
7.42945e-14
-4.52558e-17
4.91299e-12
3.81765e-11
-1.15926e-18
3.32677e-11
-3.81814e-11
-3.32681e-11
1.21034e-17
-4.91351e-12
-3.81817e-11
3.7831e-19
3.81817e-11
3.81817e-11
3.81817e-11
2.21871e-21
-8.46783e-26
4.94524e-21
-4.20311e-20
-6.57907e-21
1.92593e-06
-1.92593e-06
-2.53196e-18
0
5.05691e-18
1.34739e-17
-5.38954e-17
0
-1.98867e-23
-1.92583e-06
0
-2.07088e-14
-8.28191e-14
2.54362e-21
6.61871e-13
-1.7614e-12
0
0
0
0
0
6.32478e-10
1.21597e-09
-1.63632e-06
-1.53522e-06
1.61535e-06
6.64038e-06
0.000212875
0.00421632
0.0571583
0.548311
3.88228
21.1533
92.0531
330.203
1002.59
2640.96
6186.52
13186.5
26219.8
49857
92405.4
168255
300283
671973
1.40137e+06
2.90656e+06
5.90864e+06
1.19765e+07
2.37527e+07
4.57396e+07
8.84506e+07
1.76704e+08
1.59068e+08
7.23933e+07
3.19579e+07
1.40819e+07
5.67159e+06
2.13293e+06
747074
243789
47969.5
4303.69
172.343
3.9831
0.0623895
0.000841025
1.31739e-05
3.22407e-07
1.61764e-08
2.57724e-10
-4.84714e-11
1.69674e-12
4.11935e-12
-1.90421e-13
-5.50015e-14
4.29324e-11
-3.6527e-11
-1.57578e-15
1.9781e-13
-4.83748e-12
-4.49606e-17
-1.34304e-17
-4.91325e-12
-4.3094e-11
-3.29793e-19
-4.91348e-12
-2.6426e-20
-7.35124e-21
4.91351e-12
-5.55548e-22
3.81817e-11
-4.10092e-23
3.81817e-11
-2.8622e-24
-6.77426e-25
-3.81817e-11
-4.94524e-21
0
-1.92593e-06
0
-1.92593e-06
0
5.06392e-18
0
-2.02276e-17
-1.92592e-06
1.92591e-06
-1.92588e-06
-1.72457e-15
0
1.92553e-06
-5.5167e-14
1.92446e-06
1.92317e-06
0
4.12843e-14
1.40073e-11
0
0
0
-1.79427e-06
1.21555e-09
-2.30563e-09
-7.49295e-15
-1.22777e-06
8.19788e-06
0.000218796
0.00431076
0.0582787
0.557652
3.93966
21.4243
93.076
333.383
1010.95
2660.11
6225.8
13260.9
26354.8
50098.5
92836.2
169013
301580
675289
1.40856e+06
2.92052e+06
5.93555e+06
1.20319e+07
2.38556e+07
4.59413e+07
8.88387e+07
1.77478e+08
1.58214e+08
7.19959e+07
3.17797e+07
1.39993e+07
5.63616e+06
2.11869e+06
741823
241791
47411.6
4232.01
168.961
3.89692
0.0609784
0.000822381
1.29234e-05
3.18796e-07
1.32943e-08
6.4091e-10
-1.63981e-11
-3.07083e-12
3.68738e-11
-1.89625e-13
-5.46012e-14
-4.91327e-12
-3.3246e-12
-1.56634e-15
-1.98778e-13
-1.47943e-16
-4.91261e-12
3.81871e-11
-3.93583e-18
3.81807e-11
-4.91344e-12
1.45356e-16
-3.81816e-11
-7.3032e-21
-3.81817e-11
-3.32682e-11
-3.81817e-11
-9.46562e-20
4.91351e-12
-3.81817e-11
4.91351e-12
-8.37619e-26
3.0865e-22
-3.95619e-20
-1.21382e-27
2.63163e-20
0
0
-6.32815e-18
1.92593e-06
-2.02276e-17
-2.48589e-24
-1.92591e-06
-1.92588e-06
0
-6.89792e-15
-2.07088e-14
-5.51669e-14
0
0
1.92083e-06
-4.1284e-14
1.90939e-06
4.17825e-11
0
0
6.32259e-10
-4.66758e-18
-1.41647e-16
-1.53404e-06
2.04016e-07
8.3302e-06
0.00022043
0.00435769
0.0588245
0.562204
3.96764
21.5566
93.5754
334.936
1015.03
2669.46
6244.96
13297.1
26420.4
50215.9
93045.7
169382
302211
676908
1.41207e+06
2.92737e+06
5.9488e+06
1.20592e+07
2.39066e+07
4.60415e+07
8.90319e+07
1.77863e+08
1.57789e+08
7.17979e+07
3.16903e+07
1.39579e+07
5.61843e+06
2.11156e+06
739197
240791
47136.9
4197.3
167.344
3.85623
0.0603152
0.000813495
1.2784e-05
3.14975e-07
1.33064e-08
6.41655e-10
3.73771e-10
-7.84808e-12
-7.10207e-13
-2.53452e-11
-4.9399e-12
-1.64189e-14
-3.81114e-11
5.93529e-13
-4.91086e-12
-1.47156e-16
-2.48426e-14
-1.32828e-17
-3.92353e-18
1.16243e-15
-3.81812e-11
-4.91348e-12
-2.61377e-20
-3.81817e-11
-2.01198e-21
1.13578e-18
-1.50524e-22
-4.054e-23
3.81817e-11
-4.91351e-12
3.81817e-11
-3.81817e-11
-1.03054e-22
3.79172e-20
1.21382e-27
-2.63163e-20
-1.05265e-19
0
-1.26423e-18
-5.05691e-18
2.02276e-17
5.38954e-17
0
-6.47268e-16
2.589e-15
0
0
0
1.92446e-06
-1.92316e-06
0
4.1284e-14
-1.9094e-06
-1.89701e-06
0
0
1.79407e-06
1.72431e-06
-2.30514e-09
-1.53403e-06
1.63276e-06
8.32015e-06
0.000220534
0.00435845
0.0588455
0.562367
3.9686
21.5609
93.5903
334.977
1015.12
2669.63
6245.23
13297.5
26420.9
50216.4
93046.7
169384
302217
676928
1.41212e+06
2.9275e+06
5.94909e+06
1.20599e+07
2.3908e+07
4.60447e+07
8.90386e+07
1.77877e+08
1.57774e+08
7.17904e+07
3.16871e+07
1.39563e+07
5.6177e+06
2.11125e+06
739077
240742
47122.9
4195.43
167.254
3.85387
0.0602754
0.000812942
1.27849e-05
3.14961e-07
1.33072e-08
1.40356e-09
1.56238e-11
1.73457e-12
-7.11001e-13
-5.05557e-12
-5.44011e-14
4.8805e-12
3.81013e-11
-1.56005e-15
5.10819e-12
-3.31821e-11
-4.44687e-17
-1.3332e-17
-3.92353e-18
1.16243e-15
-4.91344e-12
-1.45542e-16
3.81816e-11
-7.3032e-21
3.02569e-18
-1.13688e-18
-4.91351e-12
4.91351e-12
-3.81817e-11
8.87474e-21
-3.81817e-11
3.81817e-11
4.73964e-21
-1.64477e-21
-1.92593e-06
-2.63163e-20
1.05265e-19
1.92593e-06
0
-1.92593e-06
0
5.38954e-17
0
1.92588e-06
-8.6443e-16
-1.92573e-06
0
-5.5167e-14
0
0
1.92084e-06
0
-1.40895e-11
4.17835e-11
0
0
1.79362e-06
-4.66824e-18
-2.30558e-09
-2.12269e-12
1.96007e-07
6.89558e-06
0.000217886
0.00431516
0.0583388
0.558127
3.94246
21.4368
93.1195
333.504
1011.22
2660.62
6226.58
13261.8
26355.7
50099.1
92836.6
169014
301585
675322
1.40867e+06
2.92083e+06
5.93633e+06
1.20338e+07
2.38599e+07
4.5951e+07
8.88594e+07
1.77522e+08
1.58169e+08
7.19734e+07
3.17694e+07
1.39942e+07
5.63383e+06
2.11769e+06
741430
241633
47366.8
4226.22
168.683
3.88971
0.0608578
0.000820756
1.29029e-05
3.1889e-07
1.32965e-08
6.36457e-10
2.02717e-11
-7.85736e-12
-3.82991e-11
-2.53455e-11
-4.93988e-12
-1.64691e-14
-3.47918e-11
-3.7545e-11
4.7116e-12
-1.47549e-16
3.81743e-11
-1.3332e-17
4.91324e-12
-3.81818e-11
-3.81812e-11
-4.91357e-12
-3.81816e-11
1.21035e-17
-3.02972e-18
-5.54047e-22
4.30952e-11
4.91351e-12
-3.81817e-11
3.32682e-11
4.30952e-11
-3.81817e-11
2.05596e-22
-1.92593e-06
0
0
0
1.92593e-06
0
1.92593e-06
0
-5.38954e-17
1.92591e-06
0
1.92583e-06
0
-1.92553e-06
1.92516e-06
-1.92446e-06
0
1.76139e-12
0
8.2258e-14
-1.89711e-06
0
2.16437e-10
0
-4.66978e-18
1.63625e-06
-7.28042e-15
1.61257e-06
7.98274e-06
0.000214663
0.00422583
0.0572597
0.549123
3.88705
21.1745
92.127
330.409
1003.05
2641.82
6187.85
13188.2
26221.7
49858.8
92407.8
168260
300298
672043
1.40159e+06
2.90714e+06
5.91005e+06
1.198e+07
2.37602e+07
4.57564e+07
8.84862e+07
1.76781e+08
1.5899e+08
7.23545e+07
3.19409e+07
1.40734e+07
5.66768e+06
2.13125e+06
746408
243520
47890.9
4293.32
171.841
3.97
0.0621693
0.000838048
1.31428e-05
3.183e-07
1.8425e-08
1.40148e-09
-1.65147e-11
-3.08644e-12
4.1705e-11
-1.90422e-13
-5.48012e-14
9.63025e-12
-5.07845e-15
-1.57263e-15
-4.91086e-12
7.42953e-14
-4.48622e-17
4.30908e-11
-3.94813e-18
-4.91221e-12
3.81812e-11
-3.81815e-11
3.63361e-17
-7.35124e-21
-4.54734e-18
-5.55548e-22
3.32682e-11
-4.08215e-23
-4.91351e-12
-2.8622e-24
-6.74494e-25
4.91351e-12
4.94524e-21
-1.92593e-06
0
0
0
-1.92593e-06
5.06392e-18
-1.92593e-06
-1.92593e-06
0
0
1.92588e-06
0
0
1.92553e-06
-1.92516e-06
-1.92447e-06
1.92319e-06
1.76142e-12
0
-8.22617e-14
0
1.87688e-06
-1.84418e-06
6.32686e-10
-1.7248e-06
-2.30807e-09
1.53633e-06
1.90905e-07
6.36617e-06
0.000206164
0.00408825
0.0556431
0.535603
3.80377
20.7798
90.6329
325.747
990.748
2613.51
6129.54
13077.3
26020
49497.4
91762.7
167125
298360
667087
1.39087e+06
2.88635e+06
5.87014e+06
1.18981e+07
2.36084e+07
4.54598e+07
8.79174e+07
1.75648e+08
1.60244e+08
7.29368e+07
3.22032e+07
1.41947e+07
5.71961e+06
2.15209e+06
754081
246419
48705.8
4398.4
176.8
4.09592
0.0642154
0.000864745
1.35019e-05
3.31392e-07
1.61886e-08
1.40407e-09
1.99341e-11
-3.12083e-12
7.43402e-11
8.02558e-11
-3.80177e-11
-3.33187e-11
6.48289e-12
-1.58207e-15
-3.81578e-11
4.30798e-11
2.47529e-14
-1.34796e-17
-3.97273e-18
3.32684e-11
4.91344e-12
4.91348e-12
-2.65221e-20
-3.81817e-11
-4.91351e-12
3.32682e-11
-1.524e-22
9.45744e-20
-3.81817e-11
-2.87393e-24
-4.30952e-11
-8.48616e-26
1.92593e-06
0
-1.92593e-06
-2.63163e-20
-1.92593e-06
-1.92593e-06
-1.26423e-18
-3.36848e-18
0
-5.38954e-17
0
-1.98867e-23
0
0
2.07088e-14
-1.92517e-06
0
0
-1.76145e-12
1.91682e-06
1.90968e-06
-4.17933e-11
-1.87722e-06
2.1655e-10
-1.79613e-06
-4.67533e-18
-1.24207e-16
2.1135e-12
1.77661e-07
7.26411e-06
0.00019523
0.00391319
0.0535346
0.517899
3.69433
20.2595
88.658
319.571
974.413
2575.87
6051.9
12929.5
25751.1
49015.3
90901.7
165610
295767
660434
1.37641e+06
2.8583e+06
5.81624e+06
1.17872e+07
2.34029e+07
4.50577e+07
8.71476e+07
1.74115e+08
1.61939e+08
7.37247e+07
3.25585e+07
1.43592e+07
5.79008e+06
2.18041e+06
764527
250337
49822.4
4543.62
183.672
4.27046
0.0670454
0.000901486
1.40354e-05
3.344e-07
1.61082e-08
6.35311e-10
-4.06937e-10
3.40482e-11
-3.82102e-11
2.00944e-11
-4.94122e-12
9.62981e-12
-5.17898e-15
-1.59779e-15
3.81567e-11
-3.82427e-11
3.81991e-11
-1.36271e-17
4.91634e-12
-1.16474e-15
-3.81812e-11
4.91333e-12
-2.68104e-20
3.32681e-11
4.9135e-12
-5.63055e-22
-3.78617e-19
-1.42083e-19
-1.11438e-23
-2.89739e-24
-6.86224e-25
-8.55947e-26
1.92593e-06
0
0
-2.63163e-20
-1.92593e-06
-1.92593e-06
0
-3.10737e-25
1.92593e-06
1.92592e-06
0
-1.92588e-06
-1.72457e-15
0
2.07089e-14
1.92517e-06
0
-1.92323e-06
1.92095e-06
-1.9169e-06
8.22728e-14
0
0
0
-1.79718e-06
-4.67933e-18
2.31265e-09
-6.07758e-15
1.59047e-07
6.77416e-06
0.000182093
0.00369993
0.050981
0.496344
3.56042
19.6203
86.2226
311.931
954.149
2529.06
5955.18
12745.2
25415.4
48413.1
89826.2
163716
292525
652079
1.35816e+06
2.82289e+06
5.74821e+06
1.16469e+07
2.3139e+07
4.4542e+07
8.61674e+07
1.72161e+08
1.64095e+08
7.47268e+07
3.30108e+07
1.45689e+07
5.88007e+06
2.21662e+06
777863
255140
51247.1
4733
192.7
4.50047
0.0707763
0.000949812
1.46972e-05
3.52428e-07
1.60898e-08
3.71465e-09
-1.73065e-11
-3.21456e-12
3.6838e-11
4.66948e-12
-5.67023e-14
3.80342e-11
-1.58945e-12
-1.61665e-15
-4.98769e-16
-1.53451e-16
-4.62395e-17
-1.37747e-17
-4.05882e-18
-3.81806e-11
-3.40555e-19
-3.81814e-11
-4.9135e-12
-7.54343e-21
-2.09006e-21
-4.30952e-11
-3.81817e-11
4.91351e-12
3.81817e-11
-3.81817e-11
-6.92089e-25
-8.65111e-26
0
-1.92593e-06
0
1.92593e-06
-1.92593e-06
-1.92593e-06
-1.92593e-06
-3.36848e-18
1.92593e-06
1.92592e-06
0
0
-1.92583e-06
-1.92573e-06
-1.92554e-06
0
0
0
0
-1.91699e-06
1.40114e-11
1.89802e-06
0
-1.84649e-06
1.79846e-06
-1.73046e-06
-1.06723e-16
-5.53609e-15
1.58037e-06
6.21952e-06
0.000169689
0.00345792
0.0480404
0.471339
3.40416
18.8704
83.3528
302.891
930.084
2473.31
5839.66
12524.6
25013.2
47691.4
88536.8
161444
288636
642012
1.33608e+06
2.78e+06
5.66595e+06
1.14768e+07
2.28146e+07
4.39161e+07
8.49667e+07
1.69764e+08
1.66733e+08
7.59541e+07
3.35661e+07
1.48269e+07
5.99108e+06
2.26139e+06
794368
260926
53015.5
4973.27
204.255
4.79584
0.075566
0.00101152
1.55461e-05
3.74175e-07
1.60202e-08
2.53152e-09
-4.07543e-10
-3.28019e-12
3.67173e-11
2.49531e-11
-3.80178e-11
2.83871e-11
4.89839e-12
-1.6481e-15
-4.91085e-12
-1.55418e-16
3.81742e-11
-1.40207e-17
-3.81796e-11
3.32661e-11
-3.44399e-19
3.81814e-11
-2.75791e-20
4.91352e-12
4.91351e-12
-5.79572e-22
-1.58031e-22
4.30952e-11
3.81817e-11
-2.9795e-24
3.81817e-11
-8.77941e-26
-2.05596e-22
1.64477e-21
1.92593e-06
-3.16495e-19
0
2.53196e-18
0
-3.10737e-25
-1.92593e-06
0
1.92591e-06
0
0
0
0
0
0
-6.61909e-13
-2.06894e-14
-1.9171e-06
1.91019e-06
0
3.17856e-19
-1.8477e-06
-6.34336e-10
-4.68989e-18
-1.64536e-06
-1.54525e-06
1.32589e-07
4.28687e-06
0.000154736
0.00318937
0.0447752
0.443363
3.22807
18.02
80.0803
292.531
902.378
2408.87
5705.7
12268.2
24545
46850.6
87033.7
158793
284092
630177
1.30992e+06
2.72914e+06
5.56839e+06
1.12741e+07
2.24281e+07
4.31834e+07
8.35332e+07
1.66898e+08
1.69877e+08
7.74188e+07
3.42395e+07
1.51398e+07
6.12559e+06
2.31565e+06
814431
268538
55183.9
5271.58
218.717
5.16719
0.0815928
0.00108879
1.65966e-05
3.91397e-07
1.81474e-08
2.52609e-09
-5.48162e-11
1.94609e-10
-5.60648e-12
2.49481e-11
3.7901e-11
4.73208e-12
-1.5896e-12
4.9062e-12
-5.14501e-16
-1.57779e-16
-4.77152e-17
-3.81777e-11
4.91324e-12
-3.81818e-11
-3.81812e-11
9.67861e-17
-2.80596e-20
-7.78367e-21
4.54316e-18
-5.91584e-22
3.32682e-11
4.91351e-12
-1.15896e-23
-3.02642e-24
-4.30952e-11
-8.87106e-26
0
1.92593e-06
-1.92593e-06
1.92593e-06
0
3.16057e-19
1.26423e-18
0
-1.34739e-17
1.92592e-06
1.92591e-06
1.92589e-06
0
0
-1.92555e-06
0
1.92454e-06
0
2.06901e-14
8.83605e-12
0
0
0
-2.16982e-10
1.80171e-06
-1.73501e-06
-1.64837e-06
1.5486e-06
1.24765e-07
3.65748e-06
0.000140179
0.00290401
0.0412604
0.412958
3.03509
17.0813
76.4441
280.951
871.236
2336.09
5553.75
11976.4
24011
45890.6
85316.4
155762
278889
616519
1.27945e+06
2.66979e+06
5.45467e+06
1.10364e+07
2.19756e+07
4.2325e+07
8.18515e+07
1.63544e+08
1.73554e+08
7.91221e+07
3.50147e+07
1.55018e+07
6.28236e+06
2.3793e+06
838149
277961
57800.1
5639.43
236.736
5.63177
0.0891287
0.00118478
1.78798e-05
4.08106e-07
2.0249e-08
2.52441e-09
-1.87547e-11
-3.44267e-12
-5.62429e-12
4.24151e-11
-3.80183e-11
-4.28174e-11
-5.49309e-15
-1.7047e-15
-5.25514e-16
-4.9119e-12
-4.84039e-17
-1.44634e-17
4.91324e-12
-4.3094e-11
3.81816e-11
-3.81815e-11
4.91349e-12
-7.92781e-21
3.81817e-11
-6.02094e-22
-4.91351e-12
3.81817e-11
-4.91351e-12
-3.81817e-11
-7.24347e-25
3.81817e-11
0
3.95619e-20
6.57907e-21
0
0
1.92593e-06
0
-1.92593e-06
0
0
1.92591e-06
6.47269e-16
1.92584e-06
-1.92574e-06
-1.92556e-06
-5.51684e-14
0
0
-2.0691e-14
1.91738e-06
0
-1.89924e-06
-1.8803e-06
1.84993e-06
-1.80369e-06
-1.22485e-09
-1.6518e-06
-1.55243e-06
1.06067e-07
3.02604e-06
0.000125204
0.00260965
0.037573
0.380717
2.82851
16.0681
72.4905
268.277
836.948
2255.53
5384.68
11650.1
23412
44811.6
83383.5
152345
273018
600972
1.24436e+06
2.60129e+06
5.32359e+06
1.07603e+07
2.14512e+07
4.13293e+07
7.99152e+07
1.59647e+08
1.77811e+08
8.11005e+07
3.59342e+07
1.59306e+07
6.4679e+06
2.45468e+06
866330
288750
60931.8
6090.07
259.103
6.21214
0.0985417
0.00130362
1.94567e-05
4.40915e-07
1.79066e-08
9.87892e-10
-1.93867e-11
-3.53954e-12
-4.32118e-11
-3.80216e-11
1.25636e-11
-1.83254e-14
-4.9092e-12
-1.73615e-15
-4.30677e-11
3.81678e-11
2.47485e-14
-1.47586e-17
-3.10455e-15
-1.16484e-15
-3.63618e-19
4.91348e-12
-4.91349e-12
1.21027e-17
3.81817e-11
-6.11103e-22
-1.66289e-22
-3.81817e-11
-3.55223e-20
-3.132e-24
-7.3901e-25
-9.20097e-26
-1.92593e-06
0
0
-3.16495e-19
0
1.92593e-06
-5.06392e-18
1.92593e-06
-1.92593e-06
0
1.92591e-06
-4.31155e-16
0
5.17777e-15
0
1.92522e-06
0
0
2.0692e-14
0
8.2324e-14
2.78736e-11
-1.88121e-06
1.85141e-06
0
-8.17373e-10
1.14115e-12
1.55676e-06
-1.37287e-06
3.75096e-06
0.00010653
0.00231093
0.0337991
0.347299
2.61209
14.9964
68.2729
254.65
799.808
2167.67
5199.11
11290.1
22748
43611.7
81229.2
148531
266453
583414
1.20416e+06
2.52261e+06
5.1734e+06
1.04407e+07
2.08471e+07
4.01815e+07
7.76974e+07
1.55147e+08
1.82699e+08
8.33758e+07
3.69942e+07
1.64271e+07
6.68382e+06
2.54284e+06
899450
301119
64651.3
6642.57
286.98
6.93961
0.110311
0.00145036
2.13561e-05
4.78639e-07
2.29394e-08
2.50466e-09
-2.00862e-11
1.13629e-12
-3.83963e-11
3.26714e-11
4.82218e-12
-1.87269e-14
3.96829e-11
-3.81392e-11
-1.98841e-13
3.81677e-11
-3.8199e-11
-1.5103e-17
4.91013e-12
-3.81806e-11
-3.70536e-19
-3.81814e-11
-2.96932e-20
-8.26414e-21
-4.30952e-11
-4.91351e-12
-4.91351e-12
4.91351e-12
-3.81817e-11
-3.19065e-24
-7.53673e-25
-9.3476e-26
0
-1.64477e-21
0
1.92593e-06
1.92593e-06
-3.88422e-26
-1.26423e-18
3.10737e-25
0
-1.92592e-06
-1.0779e-16
-1.92589e-06
0
0
1.37947e-14
0
1.92461e-06
0
-1.92141e-06
0
1.05248e-11
1.60756e-19
0
-6.26997e-19
6.23234e-13
1.22954e-09
-1.14425e-12
-2.64618e-15
6.84358e-08
3.16402e-06
9.21741e-05
0.00201664
0.0300165
0.313354
2.38962
13.8833
63.8518
240.244
760.221
2073.32
4998.32
10897.7
22019.8
42288.5
78843
144288
259124
563567
1.15786e+06
2.43145e+06
4.99977e+06
1.00654e+07
2.01496e+07
3.88581e+07
7.51393e+07
1.4995e+08
1.8827e+08
8.59781e+07
3.82106e+07
1.70006e+07
6.93508e+06
2.64614e+06
938445
315031
69042.7
7327.26
322.095
7.85965
0.125122
0.00163225
2.36452e-05
5.12912e-07
2.27995e-08
3.67151e-09
-2.08594e-11
-3.76459e-12
3.67083e-11
2.98415e-11
3.78921e-11
-1.91786e-14
-5.87009e-15
3.32278e-11
-4.91086e-12
4.30794e-11
3.81989e-11
-3.81777e-11
4.91323e-12
-1.31608e-18
-3.87918e-16
3.81813e-11
-3.02698e-20
-8.45633e-21
-3.81817e-11
-6.36628e-22
-3.78636e-19
3.81817e-11
-3.55228e-20
3.81817e-11
-4.91351e-12
-9.53089e-26
1.92593e-06
-1.92593e-06
0
0
0
-2.53196e-18
0
-3.10737e-25
-1.92593e-06
-1.92592e-06
5.40292e-17
-1.92589e-06
-1.92584e-06
0
3.18136e-22
0
0
-1.0358e-14
1.01589e-20
1.91796e-06
0
-2.78924e-11
0
-6.27626e-19
-6.24208e-13
-1.7484e-06
-1.56338e-09
4.41812e-09
5.22071e-08
2.61477e-06
7.74e-05
0.00173174
0.0263107
0.279623
2.16567
12.75
59.304
225.284
718.736
1973.57
4784.15
10475.6
21229.8
40842.8
76218.1
139588
250946
540998
1.10364e+06
2.32327e+06
4.79348e+06
9.64692e+06
1.93283e+07
3.73249e+07
7.21618e+07
1.43884e+08
1.94589e+08
8.89473e+07
3.96111e+07
1.76785e+07
7.23411e+06
2.76973e+06
985405
332746
74291.6
8193.56
367.008
9.03924
0.143923
0.00185746
2.6363e-05
5.63016e-07
2.26476e-08
3.59499e-09
-6.01323e-10
-3.88345e-12
-8.77058e-13
4.58279e-12
-7.80523e-12
4.87673e-12
-4.90956e-12
4.90595e-12
2.97116e-13
3.81677e-11
4.91249e-12
4.91298e-12
-4.62459e-18
3.81806e-11
-3.87449e-19
-1.45559e-16
-3.08463e-20
-8.57645e-21
-3.81817e-11
-4.91351e-12
-4.91351e-12
4.91351e-12
-1.28095e-23
4.91351e-12
-7.82999e-25
-3.81817e-11
0
0
0
4.85528e-27
-7.90143e-20
-1.92593e-06
5.06392e-18
1.92593e-06
0
1.92592e-06
-4.97175e-24
0
1.92584e-06
1.92576e-06
1.37948e-14
6.36171e-22
-1.92468e-06
-1.9236e-06
1.92165e-06
-1.91819e-06
0
1.90184e-06
1.88458e-06
1.85684e-06
-6.25228e-13
-2.37201e-18
-3.16483e-17
-1.57301e-06
4.69065e-08
2.11317e-06
6.52189e-05
0.00146722
0.0227632
0.246754
1.94423
11.6154
54.7013
209.992
675.922
1869.66
4558.86
10027
20382.5
39279.2
73358.5
134433
241912
515523
1.04013e+06
2.19455e+06
4.54846e+06
9.16447e+06
1.83309e+07
3.55601e+07
6.86634e+07
1.36712e+08
2.01892e+08
9.24027e+07
4.12434e+07
1.84374e+07
7.58009e+06
2.9168e+06
1.04243e+06
353466
80417.6
9291.56
425.598
10.5802
0.168181
0.00214114
2.96828e-05
6.17732e-07
2.68485e-08
3.61547e-09
5.25139e-10
-4.01802e-12
-9.05576e-13
-3.3123e-11
-6.7112e-14
-4.91647e-12
-7.28794e-12
-3.81394e-11
-2.9827e-13
-4.91192e-12
-5.35197e-17
4.91298e-12
-4.68609e-18
-4.91221e-12
3.87148e-16
-1.11469e-19
4.30951e-11
3.81816e-11
-2.40837e-21
-6.5915e-22
-4.91351e-12
-1.4209e-19
4.91351e-12
-3.37833e-24
-4.91351e-12
-9.8608e-26
0
0
0
4.85528e-27
0
1.92593e-06
-1.92593e-06
-1.92593e-06
-1.01138e-17
-1.92592e-06
4.97175e-24
1.92589e-06
-3.97726e-23
0
0
0
1.92472e-06
1.92368e-06
1.9218e-06
1.91847e-06
-1.91263e-06
-1.90268e-06
5.53431e-11
0
0
0
-1.67648e-06
-2.96705e-09
3.3269e-08
1.66475e-06
5.17559e-05
0.00121967
0.0194129
0.215278
1.72945
10.5021
50.1374
194.678
632.621
1763.55
4326.38
9558.96
19487.8
37607.5
70261.5
128776
231874
486478
967981
2.04586e+06
4.27716e+06
8.63471e+06
1.7218e+07
3.35357e+07
6.46014e+07
1.28241e+08
2.11332e+08
9.69528e+07
4.33893e+07
1.92628e+07
8.22e+06
3.17302e+06
1.13704e+06
385932
91029.3
10779.7
504.813
12.6259
0.199345
0.00248641
3.34062e-05
6.72133e-07
2.6653e-08
3.61099e-09
-2.32805e-11
-4.12792e-12
-3.36536e-11
-2.40646e-13
-6.83157e-14
3.80289e-11
1.57797e-12
-1.91858e-15
-5.88451e-16
3.81679e-11
-3.72821e-14
4.91298e-12
4.91014e-12
-1.37758e-18
-4.91305e-12
-1.12238e-19
-4.91349e-12
4.30952e-11
4.54288e-18
3.81817e-11
-1.81679e-22
3.81817e-11
-3.55234e-20
-3.42525e-24
-8.03527e-25
-9.97077e-26
1.92593e-06
3.83273e-20
1.21382e-27
0
-7.90143e-20
2.1053e-19
0
-2.52845e-18
0
-2.69477e-17
0
0
-1.92585e-06
0
1.92561e-06
1.92531e-06
5.18231e-15
3.31037e-13
8.81206e-13
4.1329e-14
0
0
-1.88755e-06
0
-1.82121e-06
0
-1.58008e-09
-1.58691e-06
3.89986e-08
2.67349e-06
4.16487e-05
0.00100233
0.0164056
0.186281
1.52742
9.43703
45.7098
179.641
589.639
1657.16
4091.01
9080.5
18564.4
35864.9
66997.9
122742
221031
454070
916624
1.92873e+06
4.0178e+06
8.15952e+06
1.6253e+07
3.19016e+07
6.1569e+07
1.19471e+08
2.20411e+08
1.04112e+08
4.66727e+07
2.07013e+07
8.87618e+06
3.44978e+06
1.24423e+06
424036
106254
12852.1
615.826
15.4626
0.241905
0.00294792
3.82705e-05
7.38578e-07
2.9388e-08
3.59122e-09
5.60046e-10
-4.14119e-11
4.14526e-11
-2.45452e-13
-6.95216e-14
4.72903e-12
7.27576e-12
-1.93748e-15
-5.9475e-16
-3.81684e-11
-3.81744e-11
-4.91302e-12
-4.72299e-18
3.81806e-11
-3.87935e-16
-4.30951e-11
-3.1519e-20
3.32681e-11
-3.81817e-11
-6.66657e-22
-1.81679e-22
4.91351e-12
-3.81817e-11
-4.91351e-12
-4.91351e-12
-3.32682e-11
-4.94524e-21
4.07965e-20
-4.93839e-21
1.92593e-06
5.26325e-20
1.92593e-06
1.92593e-06
0
1.68508e-17
1.92592e-06
0
0
1.29452e-15
-1.92577e-06
-1.03549e-14
1.92534e-06
0
0
0
-1.9191e-06
0
2.09752e-11
-5.54366e-11
-1.64249e-10
0
-1.76833e-06
-9.15145e-18
-7.08272e-16
1.40125e-08
9.61401e-07
3.24811e-05
0.000802726
0.0135786
0.158842
1.33512
8.41812
41.4527
165.103
547.821
1552.95
3858.75
8604.96
17641.1
34115.7
63716.8
116679
210168
420795
865022
1.81796e+06
3.74677e+06
7.66631e+06
1.52872e+07
3.00738e+07
5.80332e+07
1.1238e+08
2.17988e+08
1.13011e+08
5.08076e+07
2.2527e+07
9.69815e+06
3.79226e+06
1.37668e+06
471417
124609
15663.5
768.424
19.2012
0.293504
0.00343569
4.2431e-05
7.85509e-07
3.36308e-08
2.45471e-09
-2.43354e-11
-2.39299e-10
-3.36843e-11
-5.11112e-12
-4.95459e-12
4.72941e-12
3.81009e-11
-4.90996e-12
4.32659e-11
-1.78634e-16
-5.37168e-17
4.913e-12
-4.91325e-12
-1.35605e-18
-3.88986e-19
-1.10316e-19
-3.10385e-20
-3.81816e-11
-4.5477e-18
-6.60651e-22
-1.80178e-22
-3.81817e-11
3.81817e-11
-3.40179e-24
-7.97662e-25
-9.89746e-26
0
1.92593e-06
1.92593e-06
0
0
0
-1.92593e-06
0
2.02556e-17
1.92592e-06
0
0
0
0
1.0355e-14
2.75866e-14
0
0
1.92238e-06
-2.02965e-20
1.91447e-06
0
-1.62944e-13
1.09593e-10
-1.23846e-18
-2.40202e-18
-9.1951e-18
-5.12416e-16
1.40926e-08
7.18075e-07
2.46322e-05
0.000644864
0.0113065
0.136071
1.17093
7.52591
37.6411
151.828
508.951
1454.57
3636.49
8144.78
16740.2
32398.9
60479.6
110657
199286
386057
811451
1.70113e+06
3.49152e+06
7.16801e+06
1.43456e+07
2.8294e+07
5.4707e+07
1.06031e+08
2.09289e+08
1.23676e+08
5.58015e+07
2.47631e+07
1.07119e+07
4.21823e+06
1.54299e+06
530990
147214
19642
999.412
25.0548
0.376418
0.00424353
4.97931e-05
8.79048e-07
2.91658e-08
3.59067e-09
-6.09112e-10
-2.39417e-10
-9.45823e-13
-3.80665e-11
-6.87373e-14
4.87696e-12
-6.17257e-15
-1.88725e-15
-5.77459e-16
3.81687e-11
-5.2143e-17
3.32649e-11
-4.53851e-18
3.81807e-11
-3.87917e-16
4.30949e-11
-3.81816e-11
-4.9135e-12
-2.32429e-21
-6.41132e-22
-3.78638e-19
-3.81817e-11
-4.91351e-12
-3.31968e-24
-3.81817e-11
3.32682e-11
3.79318e-29
3.95619e-20
3.28953e-21
3.29653e-19
0
-2.68999e-18
-1.92593e-06
1.92593e-06
0
-2.02276e-17
1.92592e-06
1.9259e-06
3.24079e-16
7.95429e-23
-1.92566e-06
-1.92541e-06
0
2.20547e-13
0
1.91985e-06
0
0
0
1.09749e-10
0
0
1.7059e-06
-3.57985e-16
1.41789e-08
5.27398e-07
1.92626e-05
0.000507548
0.00921859
0.114686
1.01495
6.675
34.0098
139.227
472.225
1362.06
3428.38
7715.59
15903.3
30810
57490.8
105093
189180
352422
759794
1.58595e+06
3.25999e+06
6.6568e+06
1.33755e+07
2.63955e+07
5.10983e+07
9.91603e+07
1.97436e+08
1.35996e+08
6.15614e+07
2.73613e+07
1.19167e+07
4.72752e+06
1.74311e+06
602659
172973
24572.6
1283.65
31.5794
0.45224
0.00476643
5.1591e-05
8.7441e-07
2.92595e-08
2.42418e-09
5.61389e-10
-4.1208e-12
-3.85161e-11
-2.54028e-11
3.79077e-11
3.329e-11
1.57852e-12
3.32318e-11
4.91009e-12
3.32573e-11
-4.93886e-17
-1.46604e-17
-4.28023e-18
4.91222e-12
3.81812e-11
-9.69868e-17
3.3268e-11
3.81816e-11
3.81817e-11
-6.05097e-22
-1.66664e-22
-4.91351e-12
-1.21995e-23
-3.19065e-24
3.81817e-11
-4.91351e-12
-4.94524e-21
-1.92593e-06
0
3.16495e-19
3.95071e-20
-2.53196e-18
-1.92593e-06
-1.01278e-17
2.02557e-17
1.34739e-17
5.38953e-17
9.94343e-24
9.71343e-16
1.92581e-06
0
-1.92547e-06
-1.92507e-06
0
1.10264e-12
-1.92059e-06
0
0
0
0
0
-1.79224e-06
-4.65839e-18
-1.94012e-16
1.0024e-08
3.24869e-07
1.24659e-05
0.000369262
0.00718566
0.0944098
0.87115
5.91213
30.8387
128.479
441.525
1286.01
3259.56
7371.13
15237.8
29557.8
55156.8
100789
181447
326176
720328
1.49716e+06
3.08193e+06
6.25128e+06
1.26238e+07
2.49669e+07
4.82962e+07
9.37742e+07
1.87212e+08
1.46018e+08
6.63171e+07
2.95227e+07
1.28692e+07
5.14694e+06
1.91568e+06
666445
201306
30624.4
1713.2
42.7252
0.592952
0.00574528
5.58465e-05
8.70338e-07
2.94753e-08
3.5865e-09
-5.86743e-11
-3.83283e-12
-8.5164e-13
3.75818e-11
4.28156e-11
4.88101e-12
-4.9106e-12
-1.63582e-15
-4.92526e-16
-3.81704e-11
-4.40765e-17
-1.3037e-17
-3.80056e-18
7.73965e-16
-3.18262e-19
-4.91338e-12
3.81815e-11
-3.81816e-11
3.81817e-11
1.13576e-18
-1.55779e-22
-3.81817e-11
-1.15426e-23
-3.02642e-24
-7.09684e-25
4.91351e-12
)
;

boundaryField
{
    fuel
    {
        type            calculated;
        value           uniform 0;
    }
    air
    {
        type            calculated;
        value           uniform 0;
    }
    outlet
    {
        type            calculated;
        value           uniform 0;
    }
    frontAndBack
    {
        type            empty;
    }
}


// ************************************************************************* //
