/*--------------------------------*- C++ -*----------------------------------*\
  =========                 |
  \\      /  F ield         | OpenFOAM: The Open Source CFD Toolbox
   \\    /   O peration     | Website:  https://openfoam.org
    \\  /    A nd           | Version:  11
     \\/     M anipulation  |
\*---------------------------------------------------------------------------*/
FoamFile
{
    format      ascii;
    class       volScalarField;
    location    "0.05";
    object      rho;
}
// * * * * * * * * * * * * * * * * * * * * * * * * * * * * * * * * * * * * * //

dimensions      [1 -3 0 0 0 0 0];

internalField   nonuniform List<scalar> 
4000
(
0.658534
0.658534
0.658534
0.658534
0.658534
0.658534
0.658533
0.658533
0.658532
0.658531
0.658528
0.658523
0.658513
0.658493
0.658455
0.658384
0.658251
0.658009
0.657568
0.656779
0.655382
0.65295
0.648795
0.641882
0.630791
0.613878
0.589813
0.558556
0.522998
0.486135
0.450592
0.417995
0.388977
0.363504
0.341212
0.321632
0.304313
0.28887
0.274997
0.262461
0.251028
0.240512
0.230801
0.221809
0.213464
0.205711
0.198505
0.191809
0.185596
0.179852
0.174574
0.169785
0.16555
0.162032
0.159614
0.158745
0.160793
0.169187
0.183964
0.203443
0.226822
0.256484
0.292125
0.334552
0.384597
0.446377
0.523019
0.61288
0.713595
0.819124
0.919912
1.00472
1.06759
1.11069
1.13867
1.15641
1.16738
1.17407
1.17809
1.1805
1.18191
1.18274
1.18321
1.18349
1.18364
1.18372
1.18377
1.18379
1.18381
1.18381
1.18382
1.18382
1.18382
1.18382
1.18382
1.18382
1.18382
1.18382
1.18382
1.18382
0.658534
0.658534
0.658534
0.658534
0.658534
0.658534
0.658533
0.658533
0.658532
0.658531
0.658528
0.658522
0.65851
0.658487
0.658444
0.658362
0.658211
0.657933
0.657431
0.656533
0.654953
0.652219
0.647589
0.639971
0.62792
0.609858
0.584661
0.552985
0.517602
0.481345
0.446594
0.41478
0.386436
0.3615
0.339619
0.320348
0.303259
0.287989
0.274246
0.26181
0.250449
0.239987
0.230319
0.221358
0.213037
0.205302
0.198109
0.191425
0.185222
0.179488
0.174222
0.16945
0.165243
0.161785
0.159454
0.158743
0.161127
0.170277
0.185607
0.205481
0.229246
0.259546
0.295848
0.3389
0.389619
0.452412
0.529536
0.619276
0.718901
0.822193
0.920453
1.00344
1.06543
1.10847
1.137
1.15513
1.16645
1.17343
1.17768
1.18024
1.18176
1.18265
1.18316
1.18346
1.18362
1.18372
1.18377
1.18379
1.18381
1.18381
1.18382
1.18382
1.18382
1.18382
1.18382
1.18382
1.18382
1.18382
1.18382
1.18382
0.658534
0.658534
0.658534
0.658534
0.658534
0.658534
0.658533
0.658533
0.658532
0.658531
0.658528
0.658521
0.658509
0.658484
0.658438
0.658352
0.658192
0.657898
0.657366
0.656419
0.654754
0.651879
0.647027
0.639076
0.626564
0.607931
0.582128
0.55006
0.514524
0.478357
0.443865
0.412388
0.384386
0.35976
0.33814
0.319083
0.302165
0.287031
0.273398
0.261049
0.249753
0.239343
0.229715
0.220786
0.21249
0.204775
0.197598
0.190927
0.184737
0.179015
0.173766
0.169017
0.164848
0.161471
0.15925
0.158745
0.161555
0.17163
0.187614
0.207905
0.232062
0.262968
0.299815
0.343283
0.394376
0.457744
0.534747
0.623833
0.722221
0.823931
0.920509
1.00282
1.06449
1.10753
1.13612
1.15446
1.166
1.17314
1.17749
1.18011
1.18168
1.1826
1.18314
1.18344
1.18362
1.18371
1.18376
1.18379
1.18381
1.18381
1.18382
1.18382
1.18382
1.18382
1.18382
1.18382
1.18382
1.18382
1.18382
1.18382
0.658534
0.658534
0.658534
0.658534
0.658534
0.658534
0.658533
0.658533
0.658532
0.658531
0.658527
0.658521
0.658507
0.658482
0.658433
0.658341
0.65817
0.657857
0.657291
0.656283
0.654514
0.651471
0.646354
0.638014
0.624983
0.605744
0.579359
0.547029
0.511496
0.475537
0.44136
0.410221
0.382532
0.358174
0.336774
0.317892
0.301114
0.286092
0.27255
0.260274
0.249033
0.238668
0.229076
0.220178
0.211908
0.204214
0.197056
0.190403
0.184231
0.178529
0.173303
0.168586
0.164465
0.161183
0.159087
0.158786
0.162015
0.172926
0.189521
0.21023
0.23491
0.266266
0.303561
0.347408
0.39892
0.463043
0.540292
0.629295
0.727138
0.8278
0.922944
1.00364
1.06446
1.10705
1.13551
1.15395
1.1656
1.17285
1.17731
1.18001
1.18162
1.18257
1.18312
1.18343
1.18361
1.18371
1.18376
1.18379
1.18381
1.18381
1.18382
1.18382
1.18382
1.18382
1.18382
1.18382
1.18382
1.18382
1.18382
1.18382
0.658534
0.658534
0.658534
0.658534
0.658534
0.658534
0.658533
0.658533
0.658532
0.658531
0.658527
0.65852
0.658506
0.658479
0.658428
0.658331
0.658152
0.657823
0.657228
0.656168
0.654312
0.651122
0.645772
0.637079
0.623559
0.603726
0.576745
0.544095
0.508499
0.472695
0.438805
0.407996
0.380624
0.356542
0.33537
0.316672
0.300042
0.285137
0.27169
0.25949
0.248308
0.23799
0.228439
0.219574
0.211333
0.203664
0.19653
0.189898
0.183748
0.17807
0.172872
0.168192
0.164122
0.160937
0.158962
0.158878
0.16256
0.174145
0.191233
0.212246
0.237332
0.269125
0.306805
0.350945
0.402811
0.467511
0.54487
0.633656
0.730872
0.830532
0.924505
1.00436
1.06448
1.10686
1.13527
1.15369
1.1654
1.17271
1.17721
1.17994
1.18158
1.18254
1.1831
1.18342
1.18361
1.18371
1.18376
1.18379
1.18381
1.18381
1.18382
1.18382
1.18382
1.18382
1.18382
1.18382
1.18382
1.18382
1.18382
1.18382
0.658534
0.658534
0.658534
0.658534
0.658534
0.658534
0.658533
0.658533
0.658532
0.65853
0.658527
0.65852
0.658505
0.658477
0.658424
0.658323
0.658137
0.657794
0.657175
0.656073
0.654143
0.65083
0.645283
0.636297
0.622375
0.60206
0.574603
0.541688
0.506019
0.47031
0.43662
0.406055
0.378924
0.355058
0.334071
0.315527
0.299022
0.284221
0.27086
0.258731
0.247604
0.237333
0.227822
0.218992
0.210782
0.203141
0.196033
0.189426
0.183302
0.177651
0.172484
0.167843
0.163828
0.16075
0.158908
0.159062
0.163306
0.175356
0.192805
0.214043
0.239519
0.271682
0.309666
0.354034
0.406245
0.471529
0.549086
0.637853
0.734749
0.833763
0.926854
1.00585
1.06527
1.10711
1.13525
1.15362
1.1653
1.17263
1.17715
1.1799
1.18155
1.18253
1.18309
1.18342
1.1836
1.1837
1.18376
1.18379
1.18381
1.18381
1.18382
1.18382
1.18382
1.18382
1.18382
1.18382
1.18382
1.18382
1.18382
1.18382
0.658534
0.658534
0.658534
0.658534
0.658534
0.658534
0.658534
0.658533
0.658532
0.65853
0.658527
0.658519
0.658504
0.658476
0.65842
0.658316
0.658122
0.657767
0.657124
0.655979
0.653976
0.650539
0.644793
0.635509
0.62118
0.600385
0.572469
0.539317
0.503604
0.468012
0.434533
0.404211
0.377315
0.353657
0.332845
0.314444
0.298057
0.283353
0.270073
0.258011
0.246937
0.236712
0.227241
0.218446
0.210267
0.202655
0.195574
0.188993
0.182895
0.177272
0.172136
0.167534
0.16357
0.160594
0.158875
0.159274
0.164068
0.176458
0.194162
0.215536
0.241502
0.273959
0.312166
0.356706
0.409255
0.475082
0.552812
0.641571
0.738185
0.836614
0.928907
1.00713
1.06596
1.10743
1.13536
1.1536
1.16527
1.17259
1.17712
1.17988
1.18153
1.18252
1.18309
1.18342
1.1836
1.1837
1.18376
1.18379
1.18381
1.18381
1.18382
1.18382
1.18382
1.18382
1.18382
1.18382
1.18382
1.18382
1.18382
1.18382
0.658534
0.658534
0.658534
0.658534
0.658534
0.658534
0.658534
0.658533
0.658532
0.65853
0.658527
0.658519
0.658504
0.658474
0.658417
0.65831
0.658111
0.657744
0.657082
0.655902
0.653837
0.650298
0.644387
0.634852
0.620178
0.59897
0.570657
0.537282
0.501502
0.465986
0.432671
0.402548
0.375851
0.352371
0.331712
0.313439
0.297158
0.282543
0.269338
0.257337
0.246314
0.236133
0.2267
0.217939
0.209791
0.202209
0.195154
0.188599
0.182527
0.17693
0.171823
0.167256
0.163337
0.16045
0.15884
0.159454
0.164714
0.177403
0.195352
0.216845
0.243126
0.27584
0.314274
0.35901
0.411905
0.478205
0.556145
0.644957
0.741395
0.83939
0.931044
1.00859
1.06684
1.10791
1.1356
1.15372
1.1653
1.17259
1.17711
1.17987
1.18153
1.18251
1.18309
1.18341
1.1836
1.1837
1.18376
1.18379
1.18381
1.18381
1.18382
1.18382
1.18382
1.18382
1.18382
1.18382
1.18382
1.18382
1.18382
1.18382
0.658534
0.658534
0.658534
0.658534
0.658534
0.658534
0.658534
0.658533
0.658532
0.65853
0.658526
0.658519
0.658503
0.658473
0.658415
0.658305
0.6581
0.657724
0.657043
0.65583
0.653706
0.650068
0.643999
0.634224
0.619222
0.597627
0.568967
0.535399
0.499573
0.464135
0.430975
0.401035
0.374517
0.351198
0.330677
0.312519
0.296334
0.281798
0.268661
0.256717
0.24574
0.2356
0.226203
0.217475
0.209357
0.201802
0.194774
0.188244
0.182196
0.176625
0.171546
0.167011
0.163136
0.160312
0.1588
0.159599
0.165257
0.178184
0.196276
0.217659
0.245026
0.277655
0.316176
0.361066
0.41427
0.480943
0.559121
0.648013
0.74432
0.841945
0.933038
1.00996
1.0677
1.1084
1.13586
1.15384
1.16536
1.17262
1.17712
1.17987
1.18153
1.18251
1.18309
1.18341
1.1836
1.1837
1.18376
1.18379
1.18381
1.18381
1.18382
1.18382
1.18382
1.18382
1.18382
1.18382
1.18382
1.18382
1.18382
1.18382
0.658534
0.658534
0.658534
0.658534
0.658534
0.658534
0.658534
0.658533
0.658532
0.65853
0.658526
0.658518
0.658503
0.658472
0.658412
0.6583
0.658091
0.657706
0.657009
0.655767
0.653593
0.649869
0.64366
0.633676
0.618383
0.596438
0.567484
0.533733
0.497857
0.462483
0.429456
0.399674
0.373314
0.350138
0.329738
0.311683
0.295583
0.28112
0.268045
0.256152
0.245218
0.235115
0.225752
0.217055
0.208965
0.201436
0.194432
0.187926
0.181901
0.176354
0.1713
0.166795
0.162959
0.160189
0.158763
0.159727
0.165737
0.178889
0.197163
0.218711
0.246272
0.27908
0.317784
0.362863
0.416363
0.48336
0.561775
0.650767
0.746987
0.844312
0.934929
1.01129
1.06856
1.10891
1.13615
1.154
1.16544
1.17266
1.17714
1.17988
1.18153
1.18251
1.18309
1.18341
1.1836
1.1837
1.18376
1.18379
1.18381
1.18381
1.18382
1.18382
1.18382
1.18382
1.18382
1.18382
1.18382
1.18382
1.18382
1.18382
0.658534
0.658534
0.658534
0.658534
0.658534
0.658534
0.658534
0.658533
0.658532
0.65853
0.658526
0.658518
0.658502
0.658471
0.65841
0.658296
0.658082
0.65769
0.656978
0.65571
0.653491
0.649688
0.643353
0.633177
0.617623
0.595363
0.566151
0.532241
0.496325
0.461011
0.428101
0.398461
0.372239
0.349188
0.328896
0.310932
0.294908
0.28051
0.26749
0.255643
0.244747
0.234679
0.225347
0.216677
0.208613
0.201108
0.194127
0.187643
0.18164
0.176114
0.171084
0.166605
0.162803
0.160081
0.158729
0.159837
0.166158
0.179507
0.19794
0.219626
0.247341
0.280313
0.319189
0.364444
0.418217
0.485494
0.564135
0.653234
0.749395
0.846469
0.936673
1.01254
1.06937
1.10941
1.13644
1.15416
1.16553
1.17271
1.17716
1.17989
1.18154
1.18252
1.18309
1.18342
1.1836
1.1837
1.18376
1.18379
1.18381
1.18381
1.18382
1.18382
1.18382
1.18382
1.18382
1.18382
1.18382
1.18382
1.18382
1.18382
0.658534
0.658534
0.658534
0.658534
0.658534
0.658534
0.658534
0.658533
0.658532
0.65853
0.658526
0.658518
0.658502
0.65847
0.658409
0.658292
0.658075
0.657676
0.656952
0.655661
0.6534
0.649529
0.643083
0.632738
0.616951
0.594414
0.564975
0.530925
0.494975
0.459711
0.426905
0.397388
0.371288
0.348346
0.328149
0.310264
0.294308
0.279966
0.266996
0.25519
0.244329
0.234291
0.224986
0.216342
0.208301
0.200818
0.193858
0.187393
0.181409
0.175903
0.170894
0.166439
0.162667
0.159985
0.158699
0.159933
0.166524
0.180045
0.198616
0.220423
0.248272
0.281388
0.320417
0.365832
0.419851
0.487378
0.566225
0.655433
0.751554
0.848417
0.938265
1.01369
1.07013
1.10988
1.13672
1.15432
1.16562
1.17275
1.17719
1.17991
1.18155
1.18252
1.18309
1.18342
1.1836
1.1837
1.18376
1.18379
1.18381
1.18381
1.18382
1.18382
1.18382
1.18382
1.18382
1.18382
1.18382
1.18382
1.18382
1.18382
0.658534
0.658534
0.658534
0.658534
0.658534
0.658534
0.658534
0.658533
0.658532
0.65853
0.658526
0.658518
0.658501
0.658469
0.658407
0.658289
0.658069
0.657664
0.656929
0.655617
0.653321
0.64939
0.642844
0.632351
0.61636
0.59358
0.563945
0.529774
0.493794
0.458576
0.42586
0.396449
0.370455
0.347609
0.327494
0.309678
0.29378
0.279488
0.266561
0.254791
0.24396
0.233949
0.224669
0.216048
0.208027
0.200564
0.193622
0.187175
0.181209
0.17572
0.170729
0.166294
0.162548
0.159903
0.158673
0.160015
0.166842
0.180511
0.199201
0.221112
0.249078
0.28232
0.321484
0.367043
0.42128
0.489027
0.568061
0.657372
0.753468
0.850155
0.939695
1.01472
1.07082
1.11032
1.13698
1.15447
1.16571
1.1728
1.17722
1.17992
1.18156
1.18253
1.18309
1.18342
1.1836
1.1837
1.18376
1.18379
1.18381
1.18381
1.18382
1.18382
1.18382
1.18382
1.18382
1.18382
1.18382
1.18382
1.18382
1.18382
0.658534
0.658534
0.658534
0.658534
0.658534
0.658534
0.658534
0.658533
0.658532
0.65853
0.658526
0.658518
0.658501
0.658469
0.658406
0.658287
0.658064
0.657653
0.656909
0.65558
0.653253
0.649269
0.642638
0.632015
0.615848
0.592859
0.563055
0.528781
0.492777
0.457599
0.42496
0.395641
0.369737
0.346972
0.326927
0.309171
0.293323
0.279075
0.266185
0.254445
0.243641
0.233654
0.224395
0.215793
0.207791
0.200344
0.193419
0.186987
0.181036
0.175562
0.170587
0.16617
0.162447
0.159832
0.15865
0.160085
0.167114
0.180911
0.199702
0.221702
0.249769
0.283121
0.322402
0.368088
0.422518
0.490453
0.569653
0.659059
0.75514
0.851679
0.940956
1.01564
1.07144
1.11071
1.13721
1.15461
1.16579
1.17285
1.17724
1.17994
1.18156
1.18253
1.18309
1.18342
1.1836
1.18371
1.18376
1.18379
1.18381
1.18381
1.18382
1.18382
1.18382
1.18382
1.18382
1.18382
1.18382
1.18382
1.18382
1.18382
0.658534
0.658534
0.658534
0.658534
0.658534
0.658534
0.658534
0.658533
0.658532
0.65853
0.658526
0.658518
0.658501
0.658468
0.658405
0.658284
0.658059
0.657644
0.656892
0.655548
0.653195
0.649166
0.642462
0.63173
0.615413
0.592247
0.5623
0.52794
0.491916
0.456772
0.424199
0.394957
0.369129
0.346433
0.326447
0.308741
0.292936
0.278723
0.265865
0.254151
0.243369
0.233403
0.224162
0.215577
0.20759
0.200158
0.193247
0.186828
0.18089
0.175429
0.170467
0.166065
0.162362
0.159772
0.158631
0.160145
0.167344
0.181249
0.200125
0.2222
0.250353
0.283798
0.323179
0.368975
0.423571
0.491669
0.571013
0.660503
0.756575
0.852991
0.942046
1.01643
1.07198
1.11105
1.13742
1.15473
1.16586
1.17289
1.17727
1.17995
1.18157
1.18253
1.1831
1.18342
1.1836
1.18371
1.18376
1.18379
1.18381
1.18381
1.18382
1.18382
1.18382
1.18382
1.18382
1.18382
1.18382
1.18382
1.18382
1.18382
0.658534
0.658534
0.658534
0.658534
0.658534
0.658534
0.658534
0.658533
0.658532
0.65853
0.658526
0.658518
0.658501
0.658468
0.658404
0.658283
0.658056
0.657637
0.656878
0.655522
0.653147
0.64908
0.642316
0.631493
0.615052
0.59174
0.561676
0.527246
0.491206
0.45609
0.423571
0.394392
0.368627
0.345987
0.32605
0.308386
0.292616
0.278433
0.265601
0.253909
0.243145
0.233195
0.22397
0.215398
0.207425
0.200005
0.193104
0.186697
0.180769
0.175319
0.170368
0.165978
0.162293
0.159723
0.158615
0.160194
0.167533
0.181527
0.200472
0.22261
0.250833
0.284356
0.32382
0.369706
0.424443
0.492676
0.57214
0.661705
0.757772
0.854089
0.942961
1.0171
1.07243
1.11134
1.1376
1.15484
1.16592
1.17292
1.17729
1.17996
1.18158
1.18254
1.1831
1.18342
1.1836
1.18371
1.18376
1.18379
1.18381
1.18381
1.18382
1.18382
1.18382
1.18382
1.18382
1.18382
1.18382
1.18382
1.18382
1.18382
0.658534
0.658534
0.658534
0.658534
0.658534
0.658534
0.658534
0.658533
0.658532
0.65853
0.658526
0.658517
0.658501
0.658467
0.658403
0.658281
0.658053
0.657631
0.656867
0.655501
0.653109
0.649012
0.6422
0.631304
0.614764
0.591337
0.56118
0.526694
0.490642
0.455549
0.423073
0.393945
0.368229
0.345634
0.325735
0.308104
0.292361
0.278202
0.265391
0.253716
0.242967
0.23303
0.223817
0.215256
0.207293
0.199883
0.192991
0.186593
0.180673
0.175231
0.17029
0.165909
0.162238
0.159685
0.158603
0.160232
0.167683
0.181747
0.200747
0.222934
0.251214
0.284798
0.324329
0.370287
0.425137
0.49348
0.573043
0.662669
0.758735
0.854975
0.9437
1.01765
1.0728
1.11158
1.13775
1.15493
1.16597
1.17295
1.1773
1.17997
1.18158
1.18254
1.1831
1.18342
1.18361
1.18371
1.18376
1.18379
1.18381
1.18381
1.18382
1.18382
1.18382
1.18382
1.18382
1.18382
1.18382
1.18382
1.18382
1.18382
0.658534
0.658534
0.658534
0.658534
0.658534
0.658534
0.658534
0.658533
0.658532
0.65853
0.658526
0.658517
0.6585
0.658467
0.658403
0.65828
0.65805
0.657627
0.656858
0.655485
0.65308
0.648961
0.642113
0.631162
0.614548
0.591034
0.560808
0.526281
0.49022
0.455144
0.422701
0.39361
0.367931
0.34537
0.3255
0.307893
0.292171
0.27803
0.265234
0.253571
0.242834
0.232907
0.223702
0.21515
0.207194
0.199792
0.192907
0.186515
0.180602
0.175166
0.170231
0.165858
0.162197
0.159656
0.158594
0.160262
0.167795
0.181912
0.200954
0.223177
0.251498
0.285129
0.324709
0.370722
0.425659
0.494085
0.573724
0.6634
0.759469
0.855651
0.944266
1.01806
1.07308
1.11176
1.13786
1.15499
1.16601
1.17298
1.17732
1.17998
1.18159
1.18254
1.1831
1.18342
1.18361
1.18371
1.18376
1.18379
1.18381
1.18381
1.18382
1.18382
1.18382
1.18382
1.18382
1.18382
1.18382
1.18382
1.18382
1.18382
0.658534
0.658534
0.658534
0.658534
0.658534
0.658534
0.658534
0.658533
0.658532
0.65853
0.658526
0.658517
0.6585
0.658467
0.658402
0.658279
0.658049
0.657624
0.656853
0.655475
0.653061
0.648927
0.642055
0.631068
0.614405
0.590832
0.560561
0.526007
0.489941
0.454876
0.422454
0.393388
0.367734
0.345194
0.325344
0.307753
0.292044
0.277915
0.265129
0.253475
0.242745
0.232825
0.223626
0.21508
0.207129
0.199731
0.192851
0.186463
0.180554
0.175123
0.170192
0.165824
0.16217
0.159638
0.158588
0.160281
0.16787
0.182021
0.201091
0.223338
0.251688
0.285349
0.324963
0.371013
0.426008
0.494491
0.574182
0.663894
0.759967
0.856117
0.944661
1.01835
1.07328
1.11189
1.13794
1.15504
1.16604
1.17299
1.17733
1.17998
1.18159
1.18254
1.1831
1.18342
1.18361
1.18371
1.18376
1.18379
1.18381
1.18381
1.18382
1.18382
1.18382
1.18382
1.18382
1.18382
1.18382
1.18382
1.18382
1.18382
0.658534
0.658534
0.658534
0.658534
0.658534
0.658534
0.658534
0.658533
0.658532
0.65853
0.658526
0.658517
0.6585
0.658467
0.658402
0.658279
0.658048
0.657623
0.65685
0.65547
0.653052
0.648911
0.642028
0.631024
0.614338
0.590738
0.560445
0.525879
0.489809
0.454749
0.422336
0.393282
0.367639
0.34511
0.325268
0.307685
0.291983
0.277859
0.265079
0.253429
0.242702
0.232784
0.223589
0.215045
0.207097
0.199701
0.192824
0.186438
0.180531
0.175102
0.170173
0.165807
0.162157
0.159628
0.158586
0.160291
0.167907
0.182076
0.201159
0.223419
0.251782
0.285458
0.325088
0.371155
0.426179
0.494688
0.574403
0.664129
0.760205
0.856344
0.944866
1.01851
1.0734
1.11196
1.13799
1.15507
1.16605
1.173
1.17733
1.17999
1.18159
1.18255
1.1831
1.18342
1.18361
1.18371
1.18376
1.18379
1.18381
1.18381
1.18382
1.18382
1.18382
1.18382
1.18382
1.18382
1.18382
1.18382
1.18382
1.18382
0.658534
0.658534
0.658534
0.658534
0.658534
0.658534
0.658534
0.658533
0.658532
0.65853
0.658526
0.658517
0.6585
0.658467
0.658402
0.658279
0.658048
0.657623
0.65685
0.65547
0.653051
0.648911
0.642027
0.631022
0.614335
0.590735
0.560441
0.525874
0.489804
0.454744
0.422332
0.393278
0.367636
0.345107
0.325266
0.307683
0.291981
0.277857
0.265077
0.253427
0.2427
0.232783
0.223588
0.215044
0.207096
0.1997
0.192823
0.186437
0.18053
0.175101
0.170173
0.165807
0.162157
0.159628
0.158586
0.160292
0.167909
0.182079
0.201162
0.223422
0.251786
0.285463
0.325094
0.371162
0.426187
0.494698
0.574415
0.664142
0.760219
0.856357
0.944877
1.01852
1.0734
1.11197
1.13799
1.15507
1.16606
1.173
1.17733
1.17999
1.18159
1.18255
1.1831
1.18342
1.18361
1.18371
1.18376
1.18379
1.18381
1.18381
1.18382
1.18382
1.18382
1.18382
1.18382
1.18382
1.18382
1.18382
1.18382
1.18382
0.658534
0.658534
0.658534
0.658534
0.658534
0.658534
0.658534
0.658533
0.658532
0.65853
0.658526
0.658517
0.6585
0.658467
0.658402
0.658279
0.658049
0.657624
0.656852
0.655474
0.65306
0.648925
0.642052
0.631063
0.614398
0.590822
0.560548
0.525993
0.489926
0.454862
0.422441
0.393377
0.367724
0.345186
0.325336
0.307746
0.292039
0.27791
0.265125
0.253471
0.242741
0.232821
0.223623
0.215077
0.207127
0.199729
0.192849
0.186462
0.180553
0.175122
0.170191
0.165823
0.16217
0.159638
0.158589
0.160283
0.167875
0.182029
0.2011
0.223349
0.251701
0.285364
0.324981
0.371033
0.426034
0.494521
0.574218
0.663933
0.760008
0.856156
0.944695
1.01838
1.0733
1.1119
1.13795
1.15505
1.16604
1.173
1.17733
1.17998
1.18159
1.18254
1.1831
1.18342
1.18361
1.18371
1.18376
1.18379
1.18381
1.18381
1.18382
1.18382
1.18382
1.18382
1.18382
1.18382
1.18382
1.18382
1.18382
1.18382
0.658534
0.658534
0.658534
0.658534
0.658534
0.658534
0.658534
0.658533
0.658532
0.65853
0.658526
0.658517
0.6585
0.658467
0.658402
0.65828
0.65805
0.657627
0.656858
0.655484
0.653078
0.648958
0.642108
0.631154
0.614536
0.591016
0.560785
0.526257
0.490195
0.45512
0.422679
0.393591
0.367914
0.345355
0.325487
0.307881
0.292161
0.278021
0.265226
0.253564
0.242827
0.232901
0.223697
0.215145
0.20719
0.199788
0.192904
0.186512
0.180599
0.175164
0.17023
0.165857
0.162196
0.159656
0.158595
0.160265
0.167804
0.181924
0.200969
0.223195
0.251521
0.285155
0.324741
0.370759
0.425705
0.49414
0.573788
0.663471
0.759542
0.855722
0.944328
1.01811
1.07312
1.11178
1.13788
1.155
1.16602
1.17298
1.17732
1.17998
1.18159
1.18254
1.1831
1.18342
1.18361
1.18371
1.18376
1.18379
1.18381
1.18381
1.18382
1.18382
1.18382
1.18382
1.18382
1.18382
1.18382
1.18382
1.18382
1.18382
0.658534
0.658534
0.658534
0.658534
0.658534
0.658534
0.658534
0.658533
0.658532
0.65853
0.658526
0.658517
0.658501
0.658467
0.658403
0.658281
0.658052
0.657631
0.656866
0.6555
0.653106
0.649008
0.642194
0.631293
0.614748
0.591313
0.56115
0.526662
0.490609
0.455517
0.423044
0.393919
0.368206
0.345614
0.325718
0.308088
0.292347
0.27819
0.26538
0.253705
0.242958
0.233022
0.223809
0.21525
0.207287
0.199877
0.192987
0.186589
0.18067
0.175229
0.170287
0.165908
0.162237
0.159685
0.158605
0.160237
0.167695
0.181765
0.20077
0.22296
0.251245
0.284835
0.324372
0.370339
0.425201
0.493556
0.573131
0.662767
0.758837
0.855072
0.943785
1.01771
1.07285
1.11161
1.13777
1.15494
1.16598
1.17296
1.17731
1.17997
1.18158
1.18254
1.1831
1.18342
1.18361
1.18371
1.18376
1.18379
1.18381
1.18381
1.18382
1.18382
1.18382
1.18382
1.18382
1.18382
1.18382
1.18382
1.18382
1.18382
0.658534
0.658534
0.658534
0.658534
0.658534
0.658534
0.658534
0.658533
0.658532
0.65853
0.658526
0.658518
0.658501
0.658468
0.658404
0.658282
0.658055
0.657637
0.656877
0.65552
0.653144
0.649076
0.642309
0.63148
0.615032
0.591712
0.561641
0.527207
0.491166
0.456052
0.423536
0.394361
0.368599
0.345963
0.326029
0.308366
0.292598
0.278417
0.265587
0.253896
0.243134
0.233185
0.22396
0.21539
0.207417
0.199998
0.193099
0.186692
0.180765
0.175315
0.170365
0.165976
0.162291
0.159723
0.158617
0.1602
0.167549
0.181549
0.2005
0.222643
0.250873
0.284403
0.323876
0.369772
0.424523
0.492773
0.572253
0.661829
0.757901
0.854212
0.943068
1.01719
1.07249
1.11138
1.13763
1.15485
1.16593
1.17293
1.17729
1.17996
1.18158
1.18254
1.1831
1.18342
1.1836
1.18371
1.18376
1.18379
1.18381
1.18381
1.18382
1.18382
1.18382
1.18382
1.18382
1.18382
1.18382
1.18382
1.18382
1.18382
0.658534
0.658534
0.658534
0.658534
0.658534
0.658534
0.658534
0.658533
0.658532
0.65853
0.658526
0.658518
0.658501
0.658468
0.658405
0.658284
0.658059
0.657644
0.656891
0.655547
0.653192
0.64916
0.642453
0.631715
0.61539
0.592215
0.56226
0.527895
0.49187
0.456727
0.424158
0.39492
0.369096
0.346404
0.326421
0.308718
0.292915
0.278704
0.265848
0.254136
0.243355
0.23339
0.224151
0.215567
0.207581
0.20015
0.19324
0.186822
0.180884
0.175424
0.170464
0.166063
0.162361
0.159772
0.158633
0.160152
0.167363
0.181275
0.200155
0.222239
0.2504
0.283855
0.323247
0.369054
0.423669
0.491786
0.571149
0.660654
0.75673
0.85314
0.942175
1.01653
1.07205
1.1111
1.13745
1.15475
1.16587
1.1729
1.17727
1.17995
1.18157
1.18253
1.1831
1.18342
1.1836
1.18371
1.18376
1.18379
1.18381
1.18381
1.18382
1.18382
1.18382
1.18382
1.18382
1.18382
1.18382
1.18382
1.18382
1.18382
0.658534
0.658534
0.658534
0.658534
0.658534
0.658534
0.658534
0.658533
0.658532
0.65853
0.658526
0.658518
0.658501
0.658468
0.658406
0.658287
0.658064
0.657653
0.656908
0.655578
0.65325
0.649263
0.642628
0.631999
0.615823
0.592824
0.56301
0.528731
0.492725
0.457548
0.424914
0.395599
0.3697
0.346939
0.326898
0.309144
0.293299
0.279053
0.266165
0.254427
0.243624
0.233639
0.224382
0.215781
0.20778
0.200335
0.193411
0.18698
0.18103
0.175557
0.170583
0.166168
0.162445
0.159832
0.158653
0.160094
0.167136
0.180943
0.199742
0.221749
0.249825
0.283188
0.322481
0.36818
0.422631
0.49059
0.569812
0.659235
0.755322
0.851853
0.941107
1.01575
1.07152
1.11076
1.13725
1.15463
1.1658
1.17286
1.17725
1.17994
1.18157
1.18253
1.1831
1.18342
1.1836
1.18371
1.18376
1.18379
1.18381
1.18381
1.18382
1.18382
1.18382
1.18382
1.18382
1.18382
1.18382
1.18382
1.18382
1.18382
0.658534
0.658534
0.658534
0.658534
0.658534
0.658534
0.658534
0.658533
0.658532
0.65853
0.658526
0.658518
0.658501
0.658469
0.658407
0.658289
0.658069
0.657663
0.656928
0.655616
0.653318
0.649384
0.642834
0.632333
0.616333
0.593542
0.563896
0.529719
0.493737
0.458521
0.425809
0.396403
0.370414
0.347572
0.32746
0.309648
0.293753
0.279464
0.266539
0.25477
0.243941
0.233932
0.224654
0.216034
0.208015
0.200553
0.193613
0.187167
0.181202
0.175714
0.170725
0.166291
0.162547
0.159903
0.158676
0.160025
0.166867
0.180546
0.199246
0.221164
0.249141
0.282395
0.321573
0.367148
0.421409
0.489182
0.568243
0.657573
0.753676
0.850353
0.939867
1.01485
1.07092
1.11038
1.13702
1.15449
1.16572
1.17281
1.17722
1.17993
1.18156
1.18253
1.18309
1.18342
1.1836
1.1837
1.18376
1.18379
1.18381
1.18381
1.18382
1.18382
1.18382
1.18382
1.18382
1.18382
1.18382
1.18382
1.18382
1.18382
0.658534
0.658534
0.658534
0.658534
0.658534
0.658534
0.658534
0.658533
0.658532
0.65853
0.658526
0.658518
0.658502
0.65847
0.658409
0.658292
0.658075
0.657675
0.656951
0.655659
0.653397
0.649523
0.643072
0.63272
0.616923
0.594373
0.564923
0.530866
0.494913
0.459651
0.426849
0.397337
0.371242
0.348305
0.328112
0.310231
0.294277
0.279939
0.266971
0.255167
0.244308
0.234272
0.224969
0.216327
0.208287
0.200806
0.193847
0.187384
0.181402
0.175897
0.170889
0.166435
0.162665
0.159986
0.158703
0.159944
0.166552
0.180085
0.198665
0.220481
0.248342
0.281472
0.320517
0.36595
0.419996
0.487552
0.566429
0.655658
0.751787
0.84864
0.938458
1.01383
1.07023
1.10995
1.13676
1.15435
1.16564
1.17276
1.1772
1.17991
1.18155
1.18252
1.18309
1.18342
1.1836
1.1837
1.18376
1.18379
1.18381
1.18381
1.18382
1.18382
1.18382
1.18382
1.18382
1.18382
1.18382
1.18382
1.18382
1.18382
0.658534
0.658534
0.658534
0.658534
0.658534
0.658534
0.658534
0.658533
0.658532
0.65853
0.658526
0.658518
0.658502
0.658471
0.65841
0.658296
0.658082
0.657689
0.656977
0.655708
0.653487
0.649682
0.643342
0.633159
0.617593
0.59532
0.566096
0.532177
0.496259
0.460946
0.428041
0.398405
0.372189
0.349143
0.328856
0.310895
0.294875
0.280479
0.267462
0.255618
0.244724
0.234658
0.225328
0.21666
0.208598
0.201095
0.194116
0.187633
0.181631
0.176107
0.171078
0.166601
0.162801
0.160081
0.158734
0.15985
0.166189
0.179551
0.197995
0.219693
0.247421
0.280408
0.319301
0.364576
0.418378
0.485689
0.564361
0.653484
0.749653
0.846715
0.936887
1.0127
1.06948
1.10948
1.13649
1.15419
1.16555
1.17272
1.17717
1.1799
1.18154
1.18252
1.18309
1.18342
1.1836
1.1837
1.18376
1.18379
1.18381
1.18381
1.18382
1.18382
1.18382
1.18382
1.18382
1.18382
1.18382
1.18382
1.18382
1.18382
0.658534
0.658534
0.658534
0.658534
0.658534
0.658534
0.658534
0.658533
0.658532
0.65853
0.658526
0.658518
0.658503
0.658472
0.658412
0.6583
0.65809
0.657705
0.657008
0.655765
0.653589
0.649863
0.643649
0.633656
0.618353
0.596393
0.567425
0.533665
0.497786
0.462413
0.42939
0.399614
0.37326
0.350089
0.329694
0.311643
0.295547
0.281087
0.268015
0.256124
0.245192
0.235092
0.225731
0.217036
0.208948
0.201421
0.194419
0.187915
0.181892
0.176346
0.171294
0.166791
0.162957
0.16019
0.158768
0.159741
0.165772
0.178939
0.197227
0.218788
0.246362
0.279187
0.31791
0.363009
0.416542
0.483575
0.562024
0.651041
0.74727
0.844581
0.935163
1.01147
1.06868
1.109
1.1362
1.15403
1.16546
1.17267
1.17715
1.17989
1.18154
1.18252
1.18309
1.18342
1.1836
1.1837
1.18376
1.18379
1.18381
1.18381
1.18382
1.18382
1.18382
1.18382
1.18382
1.18382
1.18382
1.18382
1.18382
1.18382
0.658534
0.658534
0.658534
0.658534
0.658534
0.658534
0.658534
0.658533
0.658532
0.65853
0.658526
0.658519
0.658503
0.658473
0.658415
0.658305
0.6581
0.657723
0.657042
0.655828
0.653703
0.650062
0.643987
0.634204
0.61919
0.59758
0.568905
0.535327
0.499497
0.46406
0.430904
0.40097
0.374458
0.351146
0.330629
0.312475
0.296294
0.281762
0.268628
0.256687
0.245712
0.235575
0.22618
0.217455
0.209339
0.201786
0.19476
0.188232
0.182186
0.176617
0.17154
0.167007
0.163134
0.160313
0.158806
0.159615
0.165296
0.178241
0.19635
0.217757
0.245131
0.277776
0.316317
0.361228
0.414467
0.481182
0.559396
0.648314
0.744629
0.842239
0.933292
1.01015
1.06783
1.10849
1.13592
1.15388
1.16538
1.17263
1.17713
1.17988
1.18153
1.18251
1.18309
1.18341
1.1836
1.1837
1.18376
1.18379
1.18381
1.18381
1.18382
1.18382
1.18382
1.18382
1.18382
1.18382
1.18382
1.18382
1.18382
1.18382
0.658534
0.658534
0.658534
0.658534
0.658534
0.658534
0.658534
0.658533
0.658532
0.65853
0.658527
0.658519
0.658504
0.658474
0.658417
0.65831
0.65811
0.657744
0.657081
0.6559
0.653833
0.650291
0.644374
0.634831
0.620145
0.59892
0.570592
0.537205
0.501421
0.465905
0.432595
0.402478
0.375787
0.352314
0.33166
0.313392
0.297115
0.282504
0.269302
0.257304
0.246283
0.236105
0.226675
0.217917
0.209772
0.202191
0.195139
0.188587
0.182516
0.176921
0.171817
0.167251
0.163335
0.160451
0.158846
0.159471
0.164755
0.177462
0.195426
0.216899
0.243217
0.275961
0.314422
0.359183
0.412118
0.478465
0.556443
0.645283
0.741729
0.839707
0.931318
1.0088
1.06699
1.10801
1.13567
1.15375
1.16533
1.17261
1.17712
1.17987
1.18153
1.18251
1.18309
1.18342
1.1836
1.1837
1.18376
1.18379
1.18381
1.18381
1.18382
1.18382
1.18382
1.18382
1.18382
1.18382
1.18382
1.18382
1.18382
1.18382
0.658534
0.658534
0.658534
0.658534
0.658534
0.658534
0.658534
0.658533
0.658532
0.65853
0.658527
0.658519
0.658504
0.658475
0.65842
0.658316
0.658122
0.657766
0.657123
0.655977
0.653972
0.650532
0.644781
0.635487
0.621146
0.600333
0.5724
0.539236
0.503517
0.467925
0.434451
0.404135
0.377246
0.353595
0.332788
0.314393
0.29801
0.28331
0.270034
0.257975
0.246904
0.236682
0.227214
0.218422
0.210245
0.202637
0.195558
0.18898
0.182884
0.177262
0.172129
0.167529
0.163567
0.160596
0.158882
0.159293
0.164112
0.176523
0.194249
0.215627
0.241609
0.274089
0.312322
0.356888
0.40948
0.475363
0.553132
0.64192
0.738543
0.836955
0.929202
1.00736
1.06612
1.10753
1.13543
1.15364
1.16529
1.1726
1.17713
1.17988
1.18154
1.18252
1.18309
1.18342
1.1836
1.1837
1.18376
1.18379
1.18381
1.18381
1.18382
1.18382
1.18382
1.18382
1.18382
1.18382
1.18382
1.18382
1.18382
1.18382
0.658534
0.658534
0.658534
0.658534
0.658534
0.658534
0.658533
0.658533
0.658532
0.65853
0.658527
0.65852
0.658505
0.658477
0.658424
0.658323
0.658136
0.657793
0.657174
0.656071
0.654139
0.650823
0.64527
0.636275
0.622339
0.602007
0.57453
0.541602
0.505926
0.470217
0.436532
0.405973
0.37885
0.354991
0.33401
0.315471
0.298971
0.284175
0.270818
0.258692
0.247568
0.237301
0.227793
0.218966
0.210759
0.203121
0.196015
0.189411
0.18329
0.177641
0.172476
0.167838
0.163826
0.160752
0.158916
0.159082
0.163353
0.175425
0.192896
0.214126
0.239628
0.271818
0.309831
0.354227
0.406482
0.471825
0.549424
0.638223
0.735131
0.834127
0.927171
1.00609
1.06544
1.10722
1.13532
1.15366
1.16533
1.17264
1.17715
1.1799
1.18155
1.18253
1.18309
1.18342
1.1836
1.1837
1.18376
1.18379
1.18381
1.18381
1.18382
1.18382
1.18382
1.18382
1.18382
1.18382
1.18382
1.18382
1.18382
1.18382
0.658534
0.658534
0.658534
0.658534
0.658534
0.658534
0.658533
0.658533
0.658532
0.658531
0.658527
0.65852
0.658506
0.658479
0.658428
0.658331
0.658151
0.657822
0.657227
0.656166
0.654308
0.651115
0.645758
0.637056
0.623522
0.60367
0.576668
0.544003
0.508399
0.472595
0.438709
0.407907
0.380544
0.356469
0.335304
0.316612
0.299987
0.285087
0.271644
0.259448
0.248269
0.237955
0.228407
0.219546
0.211308
0.203642
0.196511
0.189882
0.183735
0.17806
0.172864
0.168186
0.164119
0.160939
0.158969
0.158896
0.162602
0.174218
0.191334
0.212345
0.237457
0.269277
0.306986
0.351155
0.403062
0.467824
0.545228
0.634049
0.731279
0.830921
0.924844
1.00462
1.06467
1.10698
1.13534
1.15374
1.16542
1.17273
1.17722
1.17995
1.18158
1.18254
1.1831
1.18342
1.18361
1.18371
1.18376
1.18379
1.18381
1.18381
1.18382
1.18382
1.18382
1.18382
1.18382
1.18382
1.18382
1.18382
1.18382
1.18382
0.658534
0.658534
0.658534
0.658534
0.658534
0.658534
0.658533
0.658533
0.658532
0.658531
0.658527
0.658521
0.658507
0.658482
0.658433
0.658341
0.65817
0.657856
0.65729
0.656281
0.65451
0.651463
0.64634
0.637991
0.624945
0.605686
0.579278
0.546931
0.511389
0.475429
0.441256
0.410125
0.382445
0.358095
0.336702
0.317827
0.301055
0.286038
0.2725
0.260229
0.248992
0.23863
0.229042
0.220147
0.211881
0.20419
0.197036
0.190385
0.184216
0.178517
0.173294
0.16858
0.164462
0.161184
0.159093
0.1588
0.162048
0.172995
0.189617
0.210325
0.235032
0.266419
0.303746
0.347625
0.39918
0.463374
0.540671
0.629713
0.727572
0.828216
0.923304
1.00392
1.06465
1.10717
1.13558
1.15399
1.16562
1.17286
1.17732
1.18001
1.18162
1.18257
1.18312
1.18343
1.18361
1.18371
1.18376
1.18379
1.18381
1.18381
1.18382
1.18382
1.18382
1.18382
1.18382
1.18382
1.18382
1.18382
1.18382
1.18382
0.658534
0.658534
0.658534
0.658534
0.658534
0.658534
0.658533
0.658533
0.658532
0.658531
0.658528
0.658521
0.658509
0.658484
0.658438
0.658352
0.658191
0.657897
0.657365
0.656417
0.654749
0.651871
0.647013
0.639052
0.626523
0.607869
0.58204
0.549954
0.514407
0.478239
0.443752
0.412283
0.38429
0.359674
0.338063
0.319012
0.302101
0.286972
0.273345
0.261
0.249708
0.239302
0.229678
0.220753
0.212461
0.204749
0.197576
0.190908
0.184721
0.179003
0.173756
0.16901
0.164844
0.161471
0.159254
0.158757
0.161585
0.171701
0.187719
0.208028
0.232232
0.263162
0.300032
0.343527
0.394656
0.458102
0.535154
0.62428
0.722687
0.824382
0.920904
1.00312
1.06469
1.10766
1.1362
1.1545
1.16603
1.17316
1.1775
1.18012
1.18168
1.1826
1.18314
1.18344
1.18362
1.18371
1.18376
1.18379
1.18381
1.18381
1.18382
1.18382
1.18382
1.18382
1.18382
1.18382
1.18382
1.18382
1.18382
1.18382
0.658534
0.658534
0.658534
0.658534
0.658534
0.658534
0.658533
0.658533
0.658532
0.658531
0.658528
0.658522
0.65851
0.658487
0.658444
0.658362
0.658211
0.657933
0.65743
0.656531
0.654949
0.652211
0.647575
0.639946
0.627879
0.609794
0.584571
0.552874
0.517479
0.481219
0.446472
0.414667
0.386333
0.361407
0.339535
0.320272
0.30319
0.287925
0.274189
0.261757
0.250401
0.239944
0.230279
0.221323
0.213006
0.205275
0.198086
0.191405
0.185206
0.179474
0.174212
0.169442
0.165238
0.161785
0.159459
0.158756
0.161158
0.17035
0.185716
0.205607
0.229444
0.259745
0.29608
0.33917
0.389939
0.452798
0.529976
0.619758
0.719398
0.822649
0.920865
1.00376
1.06565
1.1086
1.13708
1.15517
1.16647
1.17344
1.17769
1.18024
1.18176
1.18265
1.18317
1.18346
1.18362
1.18372
1.18377
1.18379
1.18381
1.18381
1.18382
1.18382
1.18382
1.18382
1.18382
1.18382
1.18382
1.18382
1.18382
1.18382
0.658534
0.658534
0.658534
0.658534
0.658534
0.658534
0.658533
0.658533
0.658532
0.658531
0.658528
0.658523
0.658513
0.658493
0.658455
0.658383
0.658251
0.658008
0.657567
0.656777
0.655378
0.652942
0.648781
0.641856
0.630747
0.613809
0.589712
0.558429
0.522856
0.485989
0.450452
0.417865
0.388859
0.363399
0.341118
0.321548
0.304237
0.2888
0.274934
0.262404
0.250977
0.240465
0.23076
0.221772
0.213432
0.205683
0.19848
0.191788
0.185579
0.179838
0.174563
0.169777
0.165545
0.162032
0.159618
0.158756
0.160821
0.169254
0.184059
0.203535
0.226894
0.256645
0.292353
0.334835
0.384933
0.446785
0.523483
0.613392
0.714134
0.819659
0.920355
1.00504
1.0678
1.11083
1.13875
1.15646
1.16741
1.17408
1.1781
1.1805
1.18192
1.18274
1.18322
1.18349
1.18364
1.18372
1.18377
1.18379
1.18381
1.18381
1.18382
1.18382
1.18382
1.18382
1.18382
1.18382
1.18382
1.18382
1.18382
1.18382
)
;

boundaryField
{
    fuel
    {
        type            calculated;
        value           nonuniform List<scalar> 
40
(
0.658534
0.658534
0.658534
0.658534
0.658534
0.658534
0.658534
0.658534
0.658534
0.658534
0.658534
0.658534
0.658534
0.658534
0.658534
0.658534
0.658534
0.658534
0.658534
0.658534
0.658534
0.658534
0.658534
0.658534
0.658534
0.658534
0.658534
0.658534
0.658534
0.658534
0.658534
0.658534
0.658534
0.658534
0.658534
0.658534
0.658534
0.658534
0.658534
0.658534
)
;
    }
    air
    {
        type            calculated;
        value           nonuniform List<scalar> 
40
(
1.18382
1.18382
1.18382
1.18382
1.18382
1.18382
1.18382
1.18382
1.18382
1.18382
1.18382
1.18382
1.18382
1.18382
1.18382
1.18382
1.18382
1.18382
1.18382
1.18382
1.18382
1.18382
1.18382
1.18382
1.18382
1.18382
1.18382
1.18382
1.18382
1.18382
1.18382
1.18382
1.18382
1.18382
1.18382
1.18382
1.18382
1.18382
1.18382
1.18382
)
;
    }
    outlet
    {
        type            calculated;
        value           nonuniform List<scalar> 
200
(
0.658534
0.658534
0.658534
0.658534
0.658534
0.658534
0.658533
0.658533
0.658532
0.658531
0.658528
0.658522
0.658511
0.65849
0.65845
0.658375
0.658236
0.657981
0.657521
0.656697
0.655245
0.652724
0.648432
0.641319
0.629954
0.612706
0.588288
0.556796
0.521164
0.484376
0.449006
0.416625
0.387825
0.362553
0.340437
0.321009
0.303818
0.288485
0.274706
0.26225
0.250885
0.240427
0.230766
0.221815
0.213506
0.205783
0.198601
0.191925
0.185728
0.179996
0.174726
0.169941
0.165704
0.162172
0.159733
0.158818
0.160769
0.168933
0.183527
0.202744
0.225917
0.255345
0.290698
0.332768
0.382341
0.443278
0.51908
0.608041
0.707973
0.813083
0.914129
0.999923
1.06396
1.10814
1.13697
1.15529
1.16667
1.17362
1.17782
1.18033
1.18181
1.18268
1.18318
1.18347
1.18363
1.18372
1.18377
1.18379
1.18381
1.18381
1.18382
1.18382
1.18382
1.18382
1.18382
1.18382
1.18382
1.18382
1.18382
1.18382
0.658534
0.658534
0.658534
0.658534
0.658534
0.658534
0.658533
0.658533
0.658532
0.658531
0.658528
0.658522
0.658511
0.65849
0.65845
0.658375
0.658236
0.657981
0.65752
0.656695
0.655241
0.652716
0.648417
0.641292
0.629909
0.612635
0.588185
0.556668
0.52102
0.484229
0.448865
0.416494
0.387707
0.362448
0.340343
0.320924
0.303741
0.288415
0.274643
0.262193
0.250833
0.240379
0.230723
0.221777
0.213473
0.205754
0.198576
0.191904
0.185711
0.179982
0.174715
0.169933
0.165699
0.162172
0.159737
0.15883
0.160797
0.169001
0.183626
0.202854
0.226057
0.255542
0.290948
0.333065
0.382683
0.443684
0.51954
0.608549
0.708507
0.81361
0.914573
1.00025
1.06417
1.10828
1.13706
1.15534
1.1667
1.17364
1.17783
1.18034
1.18182
1.18268
1.18318
1.18347
1.18363
1.18372
1.18377
1.18379
1.18381
1.18381
1.18382
1.18382
1.18382
1.18382
1.18382
1.18382
1.18382
1.18382
1.18382
1.18382
)
;
    }
    frontAndBack
    {
        type            empty;
    }
}


// ************************************************************************* //
