/*--------------------------------*- C++ -*----------------------------------*\
  =========                 |
  \\      /  F ield         | OpenFOAM: The Open Source CFD Toolbox
   \\    /   O peration     | Website:  https://openfoam.org
    \\  /    A nd           | Version:  11
     \\/     M anipulation  |
\*---------------------------------------------------------------------------*/
FoamFile
{
    format      ascii;
    class       volScalarField;
    location    "0.05";
    object      T;
}
// * * * * * * * * * * * * * * * * * * * * * * * * * * * * * * * * * * * * * //

dimensions      [0 0 0 1 0 0 0];

internalField   nonuniform List<scalar> 
4000
(
293
293
293
293
293
293
293
293
293.001
293.001
293.003
293.006
293.011
293.021
293.041
293.078
293.147
293.273
293.502
293.914
294.644
295.924
298.137
301.891
308.116
318.121
333.542
355.991
385.598
422.148
464.867
512.743
564.813
620.308
678.681
739.565
802.707
867.906
934.955
1003.61
1073.81
1145.53
1218.57
1292.69
1367.65
1443.19
1518.99
1594.72
1670.02
1744.39
1817.2
1887.51
1953.77
2012.95
2058.4
2083.4
2069.78
1978.18
1828.48
1660.8
1495.42
1327.32
1169.18
1023.82
892.804
770.938
659.249
563.499
484.597
422.589
376.565
344.953
324.74
312.201
304.565
299.914
297.108
295.424
294.418
293.822
293.471
293.267
293.15
293.083
293.045
293.024
293.013
293.007
293.003
293.002
293.001
293
293
293
293
293
293
293
293
293
293
293
293
293
293
293
293
293
293.001
293.001
293.003
293.006
293.012
293.024
293.047
293.089
293.168
293.312
293.573
294.04
294.867
296.308
298.78
302.938
309.758
320.579
337.019
360.287
390.493
427.369
470.162
517.927
569.777
625.005
683.108
743.743
806.672
871.697
938.613
1007.17
1077.34
1149.07
1222.15
1296.36
1371.45
1447.14
1523.12
1599.06
1674.56
1749.12
1822.09
1892.49
1958.66
2017.22
2061.65
2084.56
2066.56
1966.45
1813.1
1644.98
1480.13
1312.09
1154.8
1010.94
881.484
760.795
651.228
557.735
481.05
421.024
376.346
345.389
325.397
312.822
305.009
300.245
297.344
295.583
294.521
293.885
293.509
293.289
293.162
293.089
293.049
293.026
293.014
293.007
293.004
293.002
293.001
293
293
293
293
293
293
293
293
293
293
293
293
293
293
293
293
293
293.001
293.002
293.003
293.007
293.013
293.026
293.049
293.094
293.178
293.33
293.606
294.1
294.971
296.486
299.081
303.431
310.541
321.773
338.757
362.586
393.344
430.696
473.851
521.86
573.853
629.154
687.284
747.925
810.853
875.881
942.811
1011.4
1081.65
1153.48
1226.69
1301.07
1376.36
1452.27
1528.51
1604.72
1680.48
1755.3
1828.46
1898.94
1964.96
2022.68
2065.77
2085.88
2062.36
1952.09
1794.67
1626.54
1462.74
1295.47
1139.87
998.282
871.025
752.052
644.953
553.7
478.858
420.143
376.324
345.603
325.683
313.088
305.245
300.419
297.458
295.655
294.568
293.917
293.529
293.301
293.169
293.093
293.051
293.027
293.014
293.007
293.004
293.002
293.001
293
293
293
293
293
293
293
293
293
293
293
293
293
293
293
293
293
293.001
293.002
293.003
293.007
293.014
293.027
293.052
293.1
293.189
293.351
293.645
294.17
295.095
296.701
299.441
304.017
311.456
323.135
340.672
364.994
396.183
433.876
477.28
525.463
577.579
632.971
691.18
751.897
814.905
880.023
947.051
1015.76
1086.15
1158.14
1231.55
1306.13
1381.64
1457.79
1534.27
1610.71
1686.7
1761.7
1834.97
1905.4
1971.12
2027.73
2069.21
2086.65
2057.69
1938.49
1777.47
1609.23
1445.57
1279.85
1126.11
986.653
861.261
743.561
638.408
548.94
475.646
418.193
375.338
345.321
325.692
313.221
305.408
300.55
297.56
295.729
294.614
293.942
293.544
293.31
293.174
293.096
293.052
293.028
293.015
293.008
293.004
293.002
293.001
293
293
293
293
293
293
293
293
293
293
293
293
293
293
293
293
293
293.001
293.002
293.004
293.007
293.014
293.028
293.055
293.105
293.198
293.369
293.677
294.229
295.201
296.885
299.755
304.537
312.287
324.404
342.504
367.36
399.04
437.135
480.838
529.225
581.476
636.961
695.24
756.021
819.097
884.291
951.404
1020.21
1090.73
1162.88
1236.45
1311.2
1386.9
1463.24
1539.91
1616.54
1692.68
1767.77
1841.07
1911.36
1976.7
2032.12
2072.11
2086.64
2051.86
1925.82
1762.31
1594.52
1431.27
1266.61
1114.47
976.893
853.072
736.548
633.103
545.197
473.235
416.828
374.709
345.076
325.685
313.274
305.473
300.617
297.611
295.764
294.638
293.959
293.554
293.316
293.177
293.098
293.053
293.028
293.015
293.008
293.004
293.002
293.001
293
293
293
293
293
293
293
293
293
293
293
293
293
293
293
293
293
293.001
293.002
293.004
293.007
293.015
293.029
293.057
293.109
293.206
293.383
293.705
294.279
295.289
297.039
300.017
304.971
312.979
325.457
344.017
369.321
401.431
439.905
483.917
532.548
584.989
640.627
699.036
759.934
823.122
888.425
955.647
1024.56
1095.22
1167.51
1241.22
1316.13
1391.98
1468.47
1545.28
1622.02
1698.24
1773.36
1846.59
1916.66
1981.49
2035.52
2073.65
2085.52
2043.52
1913.35
1748.59
1581.62
1418.6
1255
1104.4
968.529
845.975
730.353
628.296
541.643
470.759
415.224
373.765
344.568
325.445
313.205
305.478
300.636
297.635
295.785
294.654
293.97
293.561
293.32
293.18
293.099
293.054
293.029
293.015
293.008
293.004
293.002
293.001
293
293
293
293
293
293
293
293
293
293
293
293
293
293
293
293
293
293.001
293.002
293.004
293.008
293.015
293.03
293.059
293.113
293.213
293.397
293.731
294.327
295.376
297.193
300.282
305.411
313.682
326.525
345.54
371.275
403.79
442.61
486.899
535.745
588.355
644.131
702.661
763.672
826.97
892.38
959.706
1028.73
1099.51
1171.93
1245.77
1320.8
1396.77
1473.37
1550.26
1627.08
1703.33
1778.44
1851.57
1921.4
1985.78
2038.46
2075.02
2083.66
2034.85
1902.08
1736.9
1571.06
1407.31
1244.83
1095.74
961.407
839.849
724.961
624.106
538.533
468.585
413.819
372.945
344.133
325.236
313.116
305.449
300.64
297.644
295.794
294.662
293.975
293.565
293.322
293.181
293.1
293.054
293.029
293.015
293.008
293.004
293.002
293.001
293
293
293
293
293
293
293
293
293
293
293
293
293
293
293
293
293
293.001
293.002
293.004
293.008
293.016
293.031
293.06
293.116
293.219
293.409
293.753
294.367
295.448
297.321
300.501
305.778
314.274
327.431
346.841
372.968
405.864
445.021
489.59
538.661
591.452
647.379
706.04
767.172
830.583
896.102
963.529
1032.66
1103.55
1176.08
1250.02
1325.16
1401.21
1477.89
1554.85
1631.7
1707.97
1783.04
1856.06
1925.67
1989.63
2041.16
2076.29
2082.07
2027.54
1892.51
1726.78
1561.91
1398.19
1236.56
1088.55
955.349
834.53
720.289
620.407
535.732
466.572
412.46
372.094
343.64
324.969
312.98
305.383
300.611
297.636
295.794
294.663
293.977
293.566
293.323
293.182
293.1
293.055
293.029
293.015
293.008
293.004
293.002
293.001
293
293
293
293
293
293
293
293
293
293
293
293
293
293
293
293
293
293.001
293.002
293.004
293.008
293.016
293.032
293.062
293.119
293.224
293.419
293.773
294.404
295.517
297.442
300.711
306.13
314.84
328.296
348.066
374.549
407.787
447.247
492.067
541.342
594.301
650.37
709.158
770.406
833.928
899.55
967.074
1036.3
1107.3
1179.92
1253.95
1329.17
1405.29
1482.03
1559.02
1635.89
1712.14
1787.16
1860.05
1929.44
1992.97
2043.72
2077.55
2080.83
2021.45
1884.68
1719
1556.28
1387.67
1228.67
1082.14
950.008
829.838
716.239
617.14
533.228
464.753
411.217
371.304
343.175
324.71
312.844
305.315
300.579
297.62
295.787
294.661
293.977
293.566
293.323
293.182
293.1
293.055
293.029
293.015
293.008
293.004
293.002
293.001
293
293
293
293
293
293
293
293
293
293
293
293
293
293
293
293
293
293.001
293.002
293.004
293.008
293.016
293.032
293.063
293.121
293.229
293.429
293.79
294.437
295.576
297.548
300.894
306.438
315.339
329.065
349.147
375.958
409.513
449.252
494.308
543.776
596.894
653.098
712.008
773.367
836.993
902.713
970.325
1039.64
1110.73
1183.43
1257.54
1332.82
1409
1485.77
1562.79
1639.66
1715.89
1790.83
1863.6
1932.77
1995.91
2046
2078.68
2079.75
2016.09
1877.66
1711.59
1549.06
1380.85
1222.55
1076.78
945.388
825.729
712.705
614.256
530.993
463.107
410.072
370.557
342.725
324.451
312.7
305.238
300.538
297.6
295.777
294.656
293.974
293.565
293.323
293.181
293.1
293.055
293.029
293.015
293.008
293.004
293.002
293.001
293
293
293
293
293
293
293
293
293
293
293
293
293
293
293
293
293
293.001
293.002
293.004
293.008
293.016
293.033
293.064
293.123
293.233
293.437
293.806
294.466
295.63
297.643
301.061
306.718
315.792
329.764
350.124
377.229
411.066
451.056
496.322
545.965
599.229
655.559
714.581
776.044
839.766
905.576
973.268
1042.66
1113.83
1186.61
1260.78
1336.12
1412.34
1489.14
1566.17
1643.03
1719.21
1794.09
1866.73
1935.7
1998.5
2048.01
2079.69
2078.82
2011.42
1871.55
1705.16
1542.83
1375.05
1217.31
1072.14
941.358
822.124
709.61
611.714
529.005
461.63
409.034
369.872
342.306
324.205
312.561
305.161
300.497
297.578
295.765
294.65
293.971
293.563
293.322
293.181
293.1
293.054
293.029
293.015
293.008
293.004
293.002
293.001
293
293
293
293
293
293
293
293
293
293
293
293
293
293
293
293
293
293.001
293.002
293.004
293.008
293.017
293.033
293.065
293.125
293.237
293.444
293.82
294.492
295.677
297.728
301.208
306.966
316.194
330.383
350.99
378.357
412.446
452.659
498.115
547.915
601.312
657.757
716.881
778.438
842.248
908.138
975.902
1045.37
1116.61
1189.45
1263.68
1339.05
1415.31
1492.12
1569.16
1646
1722.15
1796.96
1869.49
1938.27
2000.77
2049.77
2080.57
2078.01
2007.36
1866.26
1699.6
1537.45
1370.05
1212.78
1068.12
937.851
818.973
706.903
609.48
527.247
460.314
408.101
369.248
341.921
323.976
312.428
305.086
300.456
297.555
295.753
294.643
293.968
293.562
293.321
293.18
293.1
293.054
293.029
293.015
293.008
293.004
293.002
293.001
293
293
293
293
293
293
293
293
293
293
293
293
293
293
293
293
293
293.001
293.002
293.004
293.008
293.017
293.034
293.066
293.126
293.24
293.45
293.832
294.515
295.718
297.802
301.337
307.184
316.548
330.929
351.753
379.35
413.659
454.069
499.692
549.632
603.146
659.694
718.91
780.552
844.44
910.403
978.231
1047.76
1119.06
1191.95
1266.23
1341.64
1417.92
1494.75
1571.78
1648.61
1724.72
1799.46
1871.89
1940.51
2002.74
2051.3
2081.34
2077.32
2003.87
1861.71
1694.82
1532.82
1365.74
1208.87
1064.65
934.813
816.236
704.549
607.53
525.705
459.154
407.273
368.69
341.574
323.767
312.307
305.017
300.416
297.533
295.741
294.637
293.964
293.56
293.32
293.18
293.099
293.054
293.029
293.015
293.008
293.004
293.002
293.001
293
293
293
293
293
293
293
293
293
293
293
293
293
293
293
293
293
293.001
293.002
293.004
293.008
293.017
293.034
293.066
293.128
293.243
293.456
293.842
294.534
295.754
297.866
301.449
307.374
316.855
331.403
352.414
380.21
414.71
455.291
501.059
551.12
604.737
661.375
720.672
782.388
846.346
912.371
980.255
1049.84
1121.19
1194.13
1268.44
1343.89
1420.18
1497.02
1574.05
1650.86
1726.94
1801.62
1873.96
1942.44
2004.44
2052.62
2082.01
2076.73
2000.88
1857.82
1690.74
1528.89
1362.08
1205.53
1061.68
932.206
813.881
702.525
605.85
524.371
458.145
406.549
368.199
341.267
323.582
312.197
304.953
300.38
297.513
295.729
294.63
293.961
293.558
293.319
293.179
293.099
293.054
293.029
293.015
293.008
293.004
293.002
293.001
293
293
293
293
293
293
293
293
293
293
293
293
293
293
293
293
293
293.001
293.002
293.004
293.008
293.017
293.034
293.067
293.129
293.245
293.46
293.851
294.551
295.784
297.921
301.545
307.536
317.117
331.806
352.977
380.942
415.604
456.329
502.22
552.385
606.091
662.806
722.172
783.953
847.969
914.048
981.979
1051.61
1123.01
1195.99
1270.33
1345.8
1422.11
1498.96
1575.98
1652.77
1728.81
1803.45
1875.71
1944.07
2005.86
2053.72
2082.57
2076.23
1998.36
1854.54
1687.32
1525.57
1358.99
1202.73
1059.18
930.004
811.887
700.809
604.423
523.235
457.283
405.928
367.775
341.001
323.42
312.101
304.898
300.348
297.495
295.719
294.625
293.957
293.556
293.318
293.179
293.099
293.054
293.029
293.015
293.008
293.004
293.002
293.001
293
293
293
293
293
293
293
293
293
293
293
293
293
293
293
293
293
293.001
293.002
293.004
293.009
293.017
293.034
293.067
293.13
293.247
293.464
293.858
294.564
295.809
297.966
301.624
307.67
317.334
332.141
353.444
381.548
416.344
457.189
503.182
553.433
607.212
663.991
723.415
785.249
849.315
915.439
983.409
1053.08
1124.51
1197.52
1271.89
1347.38
1423.7
1500.55
1577.57
1654.35
1730.36
1804.96
1877.15
1945.43
2007.02
2054.63
2083.02
2075.82
1996.29
1851.86
1684.52
1522.86
1356.46
1200.43
1057.13
928.196
810.245
699.395
603.244
522.293
456.566
405.41
367.421
340.778
323.284
312.02
304.85
300.321
297.479
295.71
294.619
293.954
293.554
293.317
293.178
293.099
293.054
293.029
293.015
293.008
293.004
293.002
293.001
293
293
293
293
293
293
293
293
293
293
293
293
293
293
293
293
293
293.001
293.002
293.004
293.009
293.017
293.034
293.068
293.131
293.249
293.467
293.864
294.575
295.829
298.002
301.688
307.777
317.508
332.408
353.816
382.031
416.934
457.874
503.948
554.268
608.105
664.935
724.406
786.282
850.387
916.547
984.548
1054.25
1125.71
1198.75
1273.14
1348.64
1424.97
1501.83
1578.84
1655.6
1731.6
1806.16
1878.3
1946.5
2007.93
2055.34
2083.38
2075.5
1994.66
1849.74
1682.31
1520.72
1354.47
1198.61
1055.5
926.766
808.941
698.27
602.304
521.54
455.991
404.992
367.134
340.598
323.173
311.954
304.811
300.298
297.466
295.703
294.615
293.952
293.553
293.316
293.178
293.098
293.053
293.029
293.015
293.008
293.004
293.002
293.001
293
293
293
293
293
293
293
293
293
293
293
293
293
293
293
293
293
293.001
293.002
293.004
293.009
293.017
293.035
293.068
293.131
293.25
293.469
293.868
294.583
295.845
298.03
301.735
307.857
317.638
332.609
354.096
382.393
417.376
458.387
504.522
554.893
608.774
665.642
725.147
787.056
851.191
917.377
985.401
1055.13
1126.61
1199.67
1274.07
1349.58
1425.92
1502.78
1579.79
1656.54
1732.52
1807.05
1879.16
1947.3
2008.61
2055.87
2083.64
2075.25
1993.43
1848.15
1680.65
1519.13
1352.98
1197.25
1054.29
925.698
807.964
697.425
601.596
520.97
455.554
404.674
366.916
340.46
323.089
311.903
304.781
300.28
297.456
295.697
294.612
293.95
293.552
293.316
293.178
293.098
293.053
293.029
293.015
293.008
293.004
293.002
293.001
293
293
293
293
293
293
293
293
293
293
293
293
293
293
293
293
293
293.001
293.002
293.004
293.009
293.017
293.035
293.068
293.132
293.251
293.471
293.871
294.589
295.855
298.048
301.767
307.911
317.725
332.742
354.281
382.634
417.67
458.728
504.904
555.309
609.219
666.113
725.641
787.571
851.726
917.93
985.969
1055.71
1127.21
1200.28
1274.69
1350.21
1426.55
1503.41
1580.42
1657.16
1733.13
1807.65
1879.73
1947.83
2009.07
2056.22
2083.82
2075.08
1992.62
1847.1
1679.55
1518.07
1351.99
1196.35
1053.48
924.986
807.312
696.86
601.121
520.586
455.257
404.456
366.763
340.364
323.029
311.867
304.759
300.268
297.449
295.693
294.61
293.949
293.551
293.315
293.177
293.098
293.053
293.028
293.015
293.008
293.004
293.002
293.001
293
293
293
293
293
293
293
293
293
293
293
293
293
293
293
293
293
293.001
293.002
293.004
293.009
293.017
293.035
293.068
293.132
293.251
293.471
293.872
294.591
295.859
298.056
301.782
307.936
317.766
332.804
354.368
382.748
417.808
458.89
505.086
555.508
609.433
666.34
725.88
787.821
851.986
918.199
986.247
1056
1127.5
1200.58
1274.99
1350.52
1426.86
1503.72
1580.73
1657.47
1733.43
1807.94
1880.01
1948.09
2009.29
2056.4
2083.9
2075
1992.21
1846.57
1679.01
1517.54
1351.5
1195.9
1053.09
924.636
806.993
696.586
600.892
520.403
455.116
404.349
366.684
340.31
322.995
311.846
304.748
300.261
297.445
295.691
294.608
293.948
293.551
293.315
293.177
293.098
293.053
293.028
293.015
293.008
293.004
293.002
293.001
293
293
293
293
293
293
293
293
293
293
293
293
293
293
293
293
293
293.001
293.002
293.004
293.009
293.017
293.035
293.068
293.132
293.251
293.471
293.872
294.591
295.86
298.056
301.782
307.937
317.767
332.807
354.372
382.752
417.814
458.896
505.093
555.515
609.441
666.348
725.889
787.83
851.995
918.209
986.257
1056.01
1127.51
1200.58
1275
1350.53
1426.87
1503.73
1580.73
1657.48
1733.44
1807.95
1880.02
1948.1
2009.29
2056.4
2083.9
2074.99
1992.19
1846.55
1678.98
1517.51
1351.48
1195.88
1053.07
924.619
806.977
696.571
600.88
520.393
455.108
404.343
366.68
340.307
322.993
311.845
304.747
300.261
297.444
295.69
294.608
293.948
293.551
293.315
293.177
293.098
293.053
293.028
293.015
293.008
293.004
293.002
293.001
293
293
293
293
293
293
293
293
293
293
293
293
293
293
293
293
293
293.001
293.002
293.004
293.009
293.017
293.035
293.068
293.132
293.251
293.471
293.871
294.589
295.855
298.049
301.768
307.913
317.729
332.749
354.291
382.647
417.685
458.746
504.924
555.331
609.243
666.138
725.667
787.598
851.753
917.958
985.998
1055.74
1127.24
1200.3
1274.72
1350.24
1426.58
1503.43
1580.44
1657.19
1733.15
1807.66
1879.75
1947.85
2009.08
2056.23
2083.81
2075.06
1992.56
1847.03
1679.48
1518
1351.92
1196.29
1053.43
924.935
807.264
696.817
601.084
520.556
455.233
404.438
366.75
340.355
323.023
311.863
304.757
300.266
297.448
295.692
294.609
293.949
293.551
293.315
293.177
293.098
293.053
293.028
293.015
293.008
293.004
293.002
293.001
293
293
293
293
293
293
293
293
293
293
293
293
293
293
293
293
293
293.001
293.002
293.004
293.009
293.017
293.035
293.068
293.131
293.25
293.469
293.868
294.584
295.845
298.031
301.738
307.862
317.646
332.621
354.113
382.416
417.403
458.419
504.558
554.932
608.815
665.685
725.192
787.102
851.238
917.425
985.449
1055.18
1126.66
1199.71
1274.12
1349.63
1425.97
1502.82
1579.82
1656.58
1732.55
1807.08
1879.19
1947.32
2008.63
2055.88
2083.64
2075.21
1993.33
1848.03
1680.53
1519
1352.86
1197.14
1054.19
925.607
807.878
697.348
601.529
520.915
455.51
404.641
366.892
340.445
323.079
311.896
304.777
300.278
297.454
295.696
294.611
293.95
293.552
293.316
293.178
293.098
293.053
293.028
293.015
293.008
293.004
293.002
293.001
293
293
293
293
293
293
293
293
293
293
293
293
293
293
293
293
293
293.001
293.002
293.004
293.009
293.017
293.035
293.068
293.131
293.249
293.467
293.864
294.576
295.831
298.004
301.691
307.783
317.518
332.424
353.839
382.061
416.97
457.916
503.996
554.32
608.161
664.993
724.466
786.345
850.452
916.613
984.614
1054.32
1125.78
1198.81
1273.2
1348.7
1425.03
1501.88
1578.89
1655.65
1731.65
1806.2
1878.34
1946.53
2007.96
2055.36
2083.37
2075.44
1994.52
1849.56
1682.13
1520.55
1354.3
1198.46
1055.36
926.639
808.822
698.163
602.212
521.464
455.93
404.947
367.102
340.577
323.16
311.945
304.805
300.295
297.464
295.701
294.614
293.952
293.553
293.316
293.178
293.098
293.053
293.029
293.015
293.008
293.004
293.002
293.001
293
293
293
293
293
293
293
293
293
293
293
293
293
293
293
293
293
293.001
293.002
293.004
293.009
293.017
293.034
293.067
293.13
293.247
293.464
293.858
294.565
295.811
297.969
301.629
307.677
317.347
332.16
353.471
381.584
416.388
457.24
503.24
553.497
607.28
664.063
723.491
785.327
849.396
915.521
983.492
1053.17
1124.6
1197.61
1271.97
1347.46
1423.78
1500.63
1577.64
1654.41
1730.43
1805.01
1877.2
1945.47
2007.05
2054.65
2083.01
2075.76
1996.11
1851.64
1684.29
1522.64
1356.25
1200.23
1056.95
928.034
810.093
699.259
603.127
522.196
456.489
405.351
367.379
340.751
323.266
312.009
304.843
300.316
297.476
295.709
294.619
293.954
293.554
293.317
293.178
293.099
293.054
293.029
293.015
293.008
293.004
293.002
293.001
293
293
293
293
293
293
293
293
293
293
293
293
293
293
293
293
293
293.001
293.002
293.004
293.008
293.017
293.034
293.067
293.129
293.246
293.46
293.851
294.551
295.786
297.924
301.55
307.544
317.131
331.828
353.009
380.983
415.655
456.389
502.288
552.46
606.171
662.89
722.261
784.046
848.065
914.147
982.079
1051.71
1123.11
1196.09
1270.43
1345.89
1422.2
1499.05
1576.06
1652.85
1728.89
1803.51
1875.77
1944.12
2005.89
2053.74
2082.55
2076.16
1998.15
1854.29
1687.08
1525.32
1358.74
1202.49
1058.96
929.808
811.703
700.644
604.28
523.117
457.19
405.858
367.725
340.969
323.399
312.088
304.889
300.343
297.492
295.717
294.623
293.957
293.556
293.318
293.179
293.099
293.054
293.029
293.015
293.008
293.004
293.002
293.001
293
293
293
293
293
293
293
293
293
293
293
293
293
293
293
293
293
293.001
293.002
293.004
293.008
293.017
293.034
293.066
293.128
293.243
293.456
293.843
294.535
295.755
297.869
301.455
307.383
316.871
331.427
352.449
380.256
414.767
455.358
501.135
551.204
604.828
661.472
720.774
782.495
846.457
912.485
980.37
1049.96
1121.31
1194.25
1268.56
1344
1420.29
1497.13
1574.15
1650.95
1727.02
1801.7
1874.03
1942.5
2004.48
2052.64
2081.99
2076.64
2000.63
1857.51
1690.42
1528.57
1361.78
1205.26
1061.42
931.976
813.666
702.332
605.683
524.232
458.036
406.467
368.14
341.229
323.557
312.182
304.944
300.375
297.51
295.727
294.629
293.96
293.557
293.319
293.179
293.099
293.054
293.029
293.015
293.008
293.004
293.002
293.001
293
293
293
293
293
293
293
293
293
293
293
293
293
293
293
293
293
293.001
293.002
293.004
293.008
293.017
293.034
293.066
293.127
293.24
293.451
293.832
294.516
295.72
297.805
301.343
307.194
316.564
330.956
351.79
379.4
413.722
454.143
499.776
549.725
603.247
659.802
719.024
780.672
844.565
910.531
978.362
1047.9
1119.19
1192.09
1266.36
1341.77
1418.04
1494.87
1571.89
1648.71
1724.82
1799.55
1871.97
1940.58
2002.79
2051.33
2081.33
2077.22
2003.59
1861.36
1694.45
1532.47
1365.41
1208.56
1064.36
934.55
815.99
704.328
607.338
525.546
459.029
407.179
368.623
341.531
323.74
312.289
305.006
300.41
297.53
295.739
294.635
293.963
293.559
293.32
293.18
293.099
293.054
293.029
293.015
293.008
293.004
293.002
293.001
293
293
293
293
293
293
293
293
293
293
293
293
293
293
293
293
293
293.001
293.002
293.004
293.008
293.017
293.033
293.065
293.125
293.237
293.444
293.82
294.493
295.678
297.731
301.214
306.976
316.211
330.411
351.03
378.411
412.513
452.74
498.207
548.018
601.423
657.876
717.008
778.572
842.387
908.281
976.048
1045.52
1116.76
1189.6
1263.82
1339.2
1415.44
1492.26
1569.28
1646.12
1722.26
1797.06
1869.58
1938.35
2000.83
2049.8
2080.55
2077.9
2007.05
1865.88
1699.2
1537.05
1369.67
1212.42
1067.79
937.554
818.695
706.653
609.263
527.067
460.173
407.995
369.173
341.872
323.945
312.409
305.074
300.448
297.551
295.75
294.642
293.967
293.561
293.321
293.18
293.1
293.054
293.029
293.015
293.008
293.004
293.002
293.001
293
293
293
293
293
293
293
293
293
293
293
293
293
293
293
293
293
293.001
293.002
293.004
293.008
293.016
293.033
293.064
293.123
293.234
293.437
293.806
294.467
295.631
297.647
301.067
306.729
315.811
329.793
350.166
377.286
411.138
451.142
496.421
546.076
599.35
655.69
714.72
776.19
839.918
905.733
973.429
1042.83
1114
1186.77
1260.94
1336.27
1412.49
1489.28
1566.31
1643.16
1719.33
1794.2
1866.83
1935.78
1998.56
2048.04
2079.66
2078.68
2011.06
1871.12
1704.7
1542.38
1374.63
1216.91
1071.77
941.026
821.813
709.33
611.471
528.804
461.473
408.916
369.788
342.252
324.17
312.539
305.148
300.489
297.573
295.762
294.648
293.97
293.563
293.322
293.181
293.1
293.054
293.029
293.015
293.008
293.004
293.002
293.001
293
293
293
293
293
293
293
293
293
293
293
293
293
293
293
293
293
293.001
293.002
293.004
293.008
293.016
293.032
293.063
293.121
293.229
293.429
293.791
294.438
295.578
297.551
300.901
306.449
315.358
329.096
349.191
376.019
409.59
449.345
494.414
543.895
597.024
653.24
712.158
773.526
837.158
902.884
970.5
1039.82
1110.91
1183.61
1257.72
1332.99
1409.17
1485.93
1562.95
1639.81
1716.02
1790.95
1863.71
1932.86
1995.97
2046.03
2078.65
2079.6
2015.69
1877.16
1711.06
1548.54
1380.36
1222.1
1076.36
945.013
825.381
712.391
613.986
530.771
462.933
409.942
370.465
342.665
324.413
312.676
305.223
300.53
297.595
295.774
294.654
293.973
293.564
293.322
293.181
293.1
293.054
293.029
293.015
293.008
293.004
293.002
293.001
293
293
293
293
293
293
293
293
293
293
293
293
293
293
293
293
293
293.001
293.002
293.004
293.008
293.016
293.032
293.062
293.119
293.225
293.42
293.773
294.406
295.519
297.446
300.718
306.141
314.86
328.328
348.113
374.613
407.869
447.345
492.181
541.47
594.441
650.522
709.32
770.578
834.107
899.736
967.265
1036.5
1107.49
1180.11
1254.15
1329.36
1405.47
1482.2
1559.19
1636.05
1712.29
1787.29
1860.17
1929.53
1993.04
2043.75
2077.51
2080.66
2021
1884.11
1718.37
1555.61
1387.09
1228.15
1081.67
949.588
829.449
715.889
616.84
532.983
464.562
411.075
371.203
343.11
324.669
312.818
305.299
300.569
297.615
295.784
294.659
293.976
293.566
293.323
293.181
293.1
293.055
293.029
293.015
293.008
293.004
293.002
293.001
293
293
293
293
293
293
293
293
293
293
293
293
293
293
293
293
293
293.001
293.002
293.004
293.008
293.016
293.031
293.06
293.116
293.219
293.409
293.753
294.368
295.45
297.325
300.508
305.79
314.294
327.464
346.891
373.036
405.95
445.126
489.712
538.798
591.603
647.542
706.215
767.357
830.777
896.303
963.735
1032.87
1103.77
1176.29
1250.23
1325.36
1401.41
1478.08
1555.03
1631.87
1708.12
1783.18
1856.18
1925.78
1989.71
2041.19
2076.25
2081.89
2027.07
1891.91
1726.15
1561.54
1397.68
1236.03
1088.05
954.896
834.105
719.902
620.078
535.464
466.363
412.305
371.985
343.569
324.924
312.952
305.367
300.602
297.63
295.79
294.661
293.976
293.565
293.323
293.181
293.1
293.054
293.029
293.015
293.008
293.004
293.002
293.001
293
293
293
293
293
293
293
293
293
293
293
293
293
293
293
293
293
293.001
293.002
293.004
293.008
293.015
293.03
293.059
293.113
293.213
293.397
293.731
294.328
295.378
297.197
300.289
305.423
313.704
326.559
345.592
371.347
403.882
442.721
487.029
535.892
588.517
644.306
702.849
763.871
827.178
892.596
959.928
1028.96
1099.74
1172.16
1245.99
1321.02
1396.98
1473.57
1550.46
1627.26
1703.5
1778.59
1851.7
1921.51
1985.86
2038.48
2074.96
2083.45
2034.34
1901.42
1736.16
1570.42
1406.7
1244.25
1095.21
960.925
839.394
724.539
623.75
538.243
468.359
413.651
372.827
344.056
325.188
313.087
305.431
300.63
297.638
295.79
294.66
293.974
293.564
293.322
293.181
293.1
293.054
293.029
293.015
293.008
293.004
293.002
293.001
293
293
293
293
293
293
293
293
293
293
293
293
293
293
293
293
293
293.001
293.002
293.004
293.007
293.015
293.029
293.057
293.109
293.206
293.384
293.705
294.28
295.291
297.043
300.025
304.984
313.001
325.493
344.072
369.397
401.528
440.023
484.055
532.705
585.163
640.815
699.238
760.148
823.347
888.658
955.885
1024.81
1095.47
1167.76
1241.47
1316.37
1392.21
1468.69
1545.49
1622.21
1698.41
1773.52
1846.73
1916.78
1981.58
2035.54
2073.59
2085.31
2042.98
1912.64
1747.8
1581.03
1417.97
1254.38
1103.82
968.01
845.491
729.901
627.913
541.332
470.516
415.044
373.639
344.486
325.393
313.173
305.459
300.625
297.628
295.781
294.652
293.969
293.56
293.319
293.179
293.099
293.054
293.029
293.015
293.008
293.004
293.002
293.001
293
293
293
293
293
293
293
293
293
293
293
293
293
293
293
293
293
293.001
293.002
293.004
293.007
293.014
293.028
293.055
293.105
293.198
293.369
293.678
294.23
295.203
296.889
299.762
304.55
312.31
324.441
342.561
367.44
399.143
437.262
480.986
529.393
581.662
637.162
695.456
756.251
819.338
884.541
951.66
1020.47
1090.99
1163.14
1236.71
1311.46
1387.15
1463.48
1540.14
1616.75
1692.87
1767.95
1841.22
1911.49
1976.79
2032.15
2072.06
2086.46
2051.37
1925.06
1761.42
1593.8
1430.54
1265.91
1113.83
976.322
852.55
736.061
632.692
544.862
472.974
416.634
374.572
344.988
325.629
313.241
305.453
300.606
297.604
295.76
294.636
293.958
293.554
293.315
293.177
293.098
293.053
293.028
293.015
293.008
293.004
293.002
293.001
293
293
293
293
293
293
293
293
293
293
293
293
293
293
293
293
293
293.001
293.002
293.003
293.007
293.014
293.027
293.052
293.1
293.189
293.351
293.645
294.171
295.097
296.706
299.449
304.031
311.48
323.173
340.732
365.078
396.291
434.01
477.438
525.642
577.778
633.188
691.412
752.143
815.164
880.291
947.327
1016.04
1086.43
1158.43
1231.83
1306.4
1381.9
1458.04
1534.51
1610.94
1686.91
1761.88
1835.13
1905.54
1971.23
2027.77
2069.19
2086.5
2057.32
1937.77
1776.61
1608.53
1444.84
1279.14
1125.44
986.048
860.709
743.037
637.966
548.579
475.365
417.985
375.193
345.227
325.633
313.188
305.389
300.539
297.554
295.725
294.612
293.941
293.543
293.309
293.174
293.096
293.052
293.028
293.015
293.008
293.004
293.002
293.001
293
293
293
293
293
293
293
293
293
293
293
293
293
293
293
293
293
293.001
293.002
293.003
293.007
293.013
293.026
293.05
293.094
293.178
293.33
293.607
294.101
294.973
296.491
299.089
303.446
310.566
321.814
338.82
362.676
393.461
430.84
474.021
522.053
574.067
629.386
687.534
748.19
811.13
876.17
943.107
1011.7
1081.95
1153.78
1226.99
1301.36
1376.64
1452.55
1528.77
1604.95
1680.7
1755.49
1828.63
1899.08
1965.08
2022.74
2065.77
2085.77
2062.03
1951.33
1793.7
1625.61
1461.7
1294.54
1139.06
997.588
870.416
751.473
644.469
553.307
478.551
419.915
376.164
345.501
325.62
313.049
305.223
300.406
297.45
295.651
294.566
293.916
293.528
293.301
293.169
293.093
293.051
293.027
293.014
293.007
293.004
293.002
293.001
293
293
293
293
293
293
293
293
293
293
293
293
293
293
293
293
293
293.001
293.001
293.003
293.006
293.012
293.024
293.047
293.089
293.168
293.312
293.574
294.042
294.869
296.312
298.788
302.952
309.783
320.621
337.084
360.379
390.614
427.52
470.342
518.132
570.005
625.254
683.375
744.027
806.97
872.007
938.931
1007.5
1077.67
1149.4
1222.47
1296.68
1371.75
1447.43
1523.39
1599.31
1674.79
1749.33
1822.28
1892.64
1958.78
2017.29
2061.65
2084.45
2066.22
1965.66
1812.09
1644.01
1478.89
1311.11
1153.92
1010.16
880.775
760.156
650.694
557.305
480.721
420.792
376.179
345.281
325.327
312.785
304.988
300.234
297.338
295.579
294.519
293.884
293.508
293.289
293.162
293.089
293.049
293.026
293.014
293.007
293.004
293.002
293.001
293
293
293
293
293
293
293
293
293
293
293
293
293
293
293
293
293
293.001
293.001
293.003
293.006
293.011
293.021
293.041
293.078
293.147
293.274
293.503
293.915
294.647
295.929
298.145
301.906
308.142
318.165
333.613
356.093
385.733
422.317
465.067
512.972
565.066
620.583
678.974
739.874
803.03
868.24
935.297
1003.96
1074.16
1145.88
1218.91
1293.02
1367.97
1443.49
1519.27
1594.99
1670.26
1744.6
1817.39
1887.67
1953.89
2013.02
2058.41
2083.32
2069.48
1977.44
1827.58
1660.09
1494.96
1326.52
1168.29
1022.98
892.04
770.245
658.672
563.033
484.235
422.315
376.385
344.843
324.677
312.161
304.542
299.9
297.1
295.419
294.416
293.82
293.47
293.267
293.149
293.083
293.045
293.024
293.013
293.007
293.003
293.002
293.001
293
293
293
293
293
293
293
293
293
)
;

boundaryField
{
    fuel
    {
        type            fixedValue;
        value           uniform 293;
    }
    air
    {
        type            fixedValue;
        value           uniform 293;
    }
    outlet
    {
        type            inletOutlet;
        inletValue      uniform 293;
        value           nonuniform List<scalar> 
200
(
293
293
293
293
293
293
293
293
293.001
293.001
293.003
293.006
293.012
293.023
293.043
293.082
293.154
293.285
293.524
293.95
294.706
296.027
298.303
302.156
308.525
318.729
334.406
357.116
386.955
423.681
466.509
514.43
566.49
621.935
680.225
741
804.013
869.063
935.945
1004.42
1074.42
1145.94
1218.76
1292.65
1367.39
1442.68
1518.25
1593.76
1668.83
1743
1815.62
1885.78
1951.95
2011.21
2056.88
2082.44
2070.1
1981.14
1832.83
1666.53
1501.42
1333.24
1174.92
1029.31
898.072
776.327
664.251
567.984
488.446
425.729
378.948
346.606
325.847
312.919
305.02
300.205
297.289
295.535
294.486
293.863
293.495
293.281
293.158
293.087
293.048
293.026
293.014
293.007
293.004
293.002
293.001
293
293
293
293
293
293
293
293
293
293
293
293
293
293
293
293
293
293.001
293.001
293.003
293.006
293.012
293.023
293.043
293.082
293.154
293.286
293.524
293.952
294.708
296.032
298.312
302.172
308.552
318.774
334.479
357.22
387.092
423.852
466.711
514.66
566.746
622.211
680.52
741.312
804.339
869.399
936.289
1004.76
1074.77
1146.29
1219.1
1292.99
1367.71
1442.99
1518.54
1594.03
1669.08
1743.21
1815.81
1885.94
1952.08
2011.28
2056.89
2082.35
2069.8
1980.41
1831.89
1665.65
1500.5
1332.24
1173.93
1028.41
897.284
775.628
663.671
567.514
488.08
425.455
378.765
346.493
325.785
312.877
304.996
300.19
297.281
295.531
294.484
293.861
293.495
293.281
293.157
293.087
293.048
293.026
293.014
293.007
293.004
293.002
293.001
293
293
293
293
293
293
293
293
293
)
;
    }
    frontAndBack
    {
        type            empty;
    }
}


// ************************************************************************* //
