/*--------------------------------*- C++ -*----------------------------------*\
  =========                 |
  \\      /  F ield         | OpenFOAM: The Open Source CFD Toolbox
   \\    /   O peration     | Website:  https://openfoam.org
    \\  /    A nd           | Version:  11
     \\/     M anipulation  |
\*---------------------------------------------------------------------------*/
FoamFile
{
    format      ascii;
    class       volScalarField;
    location    "0.05";
    object      CH4;
}
// * * * * * * * * * * * * * * * * * * * * * * * * * * * * * * * * * * * * * //

dimensions      [0 0 0 0 0 0 0];

internalField   nonuniform List<scalar> 
4000
(
0.999935
0.999668
0.999171
0.99831
0.99689
0.994635
0.991172
0.986014
0.978551
0.968072
0.953819
0.935378
0.912565
0.885457
0.854405
0.819965
0.782803
0.743723
0.703754
0.663485
0.623477
0.584209
0.546061
0.509322
0.474191
0.440798
0.409211
0.379451
0.351503
0.325324
0.300853
0.278015
0.256727
0.236902
0.218453
0.201291
0.185331
0.170488
0.156683
0.143841
0.13189
0.120761
0.110394
0.100728
0.0917098
0.083288
0.0754158
0.0680497
0.06115
0.0546802
0.0486072
0.0429013
0.0375356
0.0324877
0.0277691
0.0233483
0.0191667
0.0152737
0.0117008
0.00851271
0.00575951
0.00355151
0.00212519
0.00125797
0.0007349
0.000422855
0.000239186
0.00013275
7.21427e-05
3.83263e-05
1.98569e-05
1.00089e-05
4.89602e-06
2.3221e-06
1.07313e-06
4.98453e-07
2.5178e-07
1.45308e-07
9.2903e-08
6.20419e-08
4.1232e-08
2.66892e-08
1.67019e-08
1.00536e-08
5.79378e-09
3.18211e-09
1.65747e-09
8.148e-10
3.79347e-10
1.68908e-10
7.23691e-11
3.00418e-11
1.21648e-11
4.83376e-12
1.89339e-12
7.3244e-13
2.78568e-13
1.01908e-13
3.29954e-14
5.70282e-15
0.999938
0.999682
0.999205
0.998376
0.997008
0.994834
0.991491
0.986504
0.979275
0.969103
0.955231
0.937239
0.91492
0.888329
0.857824
0.824012
0.787656
0.749453
0.709863
0.669694
0.62961
0.59015
0.551734
0.514679
0.479205
0.445456
0.413513
0.383405
0.355122
0.328625
0.303855
0.280738
0.259191
0.239127
0.220459
0.203096
0.186951
0.17194
0.157982
0.144999
0.132919
0.121674
0.1112
0.101437
0.09233
0.0838277
0.075882
0.0684478
0.0614859
0.0549594
0.0488349
0.0430818
0.0376733
0.0325866
0.0278341
0.0233853
0.019176
0.0152595
0.011671
0.00847328
0.00571753
0.00351455
0.00210255
0.00124409
0.000726426
0.000417719
0.000236109
0.000130937
7.11091e-05
3.77163e-05
1.95097e-05
9.81772e-06
4.79336e-06
2.26868e-06
1.04634e-06
4.85634e-07
2.45629e-07
1.42112e-07
9.10538e-08
6.08485e-08
4.04415e-08
2.62009e-08
1.6401e-08
9.87604e-09
5.69712e-09
3.13259e-09
1.63402e-09
8.04505e-10
3.7514e-10
1.67373e-10
7.18939e-11
2.99352e-11
1.21613e-11
4.84596e-12
1.90157e-12
7.36694e-13
2.80478e-13
1.02671e-13
3.32529e-14
5.74784e-15
0.999941
0.999699
0.999247
0.998463
0.997167
0.995105
0.991931
0.987186
0.980291
0.970562
0.95725
0.939955
0.918406
0.892602
0.862826
0.829593
0.793574
0.755511
0.716144
0.67617
0.636208
0.59678
0.558307
0.521114
0.485436
0.45143
0.419191
0.388761
0.360141
0.333302
0.308191
0.28474
0.262871
0.242499
0.223537
0.205898
0.189494
0.17424
0.160056
0.146863
0.134589
0.123163
0.112522
0.102605
0.0933556
0.0847214
0.0766545
0.0691112
0.0620493
0.0554308
0.0492216
0.0433908
0.0379112
0.0327597
0.0279504
0.023455
0.0192001
0.0152453
0.0116303
0.00841641
0.00565626
0.00346085
0.00206969
0.00122399
0.00071418
0.000410323
0.00023169
0.000128333
6.9597e-05
3.68828e-05
1.90417e-05
9.55871e-06
4.6558e-06
2.19839e-06
1.01173e-06
4.69287e-07
2.37828e-07
1.381e-07
8.8805e-08
5.94885e-08
3.96063e-08
2.56938e-08
1.6117e-08
9.7313e-09
5.63278e-09
3.11081e-09
1.63007e-09
8.06892e-10
3.78241e-10
1.69724e-10
7.33219e-11
3.06762e-11
1.25038e-11
4.99459e-12
1.96659e-12
7.63805e-13
2.91267e-13
1.06696e-13
3.45587e-14
5.97269e-15
0.999944
0.999714
0.999284
0.998534
0.997292
0.995309
0.992245
0.987649
0.980951
0.971471
0.958489
0.941604
0.920535
0.895269
0.866063
0.833403
0.797931
0.760363
0.721424
0.6818
0.6421
0.602844
0.564456
0.527265
0.491516
0.457377
0.424953
0.394297
0.365421
0.338304
0.312901
0.289152
0.266983
0.246314
0.227062
0.209141
0.192467
0.176955
0.162526
0.149102
0.13661
0.12498
0.114148
0.104052
0.094636
0.0858474
0.0776371
0.0699599
0.0627741
0.0560412
0.0497267
0.0437991
0.0382311
0.0329989
0.0281179
0.0235636
0.0192516
0.0152483
0.0116048
0.00836821
0.0055992
0.00340898
0.00203825
0.00120486
0.000702572
0.000403324
0.000227514
0.000125874
6.81704e-05
3.60673e-05
1.8604e-05
9.32814e-06
4.53247e-06
2.13445e-06
9.80101e-07
4.54214e-07
2.3054e-07
1.34322e-07
8.67017e-08
5.82488e-08
3.88759e-08
2.5283e-08
1.59056e-08
9.63835e-09
5.59942e-09
3.10328e-09
1.63324e-09
8.12631e-10
3.82649e-10
1.72466e-10
7.48162e-11
3.14444e-11
1.28914e-11
5.18672e-12
2.05411e-12
8.01768e-13
3.0694e-13
1.12748e-13
3.65789e-14
6.32599e-15
0.999947
0.999726
0.999312
0.998589
0.997386
0.995458
0.992471
0.987978
0.981414
0.972108
0.959371
0.942796
0.922101
0.897264
0.86853
0.836362
0.801379
0.764277
0.725762
0.686504
0.647105
0.608077
0.569844
0.532737
0.497004
0.462822
0.430302
0.399506
0.370453
0.34313
0.317501
0.293509
0.271087
0.250161
0.230651
0.212474
0.195549
0.179793
0.165128
0.151478
0.138769
0.126934
0.115908
0.105629
0.0960412
0.0870924
0.0787338
0.0709118
0.0635922
0.0567358
0.0503072
0.0442746
0.0386102
0.0332901
0.0283296
0.0237102
0.0193352
0.0152783
0.0116036
0.00834119
0.00556038
0.00337274
0.00201589
0.00119108
0.000694122
0.000398183
0.000224419
0.000124034
6.70936e-05
3.54469e-05
1.825e-05
9.13428e-06
4.43372e-06
2.08478e-06
9.55276e-07
4.42074e-07
2.24568e-07
1.31217e-07
8.49966e-08
5.72794e-08
3.83374e-08
2.50097e-08
1.57882e-08
9.59928e-09
5.59761e-09
3.1168e-09
1.64907e-09
8.25376e-10
3.90778e-10
1.77215e-10
7.74064e-11
3.27628e-11
1.35207e-11
5.47026e-12
2.17801e-12
8.54313e-13
3.28443e-13
1.21048e-13
3.93583e-14
6.81331e-15
0.999949
0.999735
0.999334
0.99863
0.997455
0.99557
0.992641
0.988229
0.981774
0.972608
0.960071
0.943749
0.923359
0.898874
0.870526
0.838765
0.804194
0.76749
0.729347
0.690422
0.651308
0.612512
0.574453
0.537464
0.501794
0.467622
0.435066
0.404192
0.375025
0.347558
0.321759
0.297579
0.274956
0.253818
0.234091
0.215694
0.198549
0.182575
0.167697
0.153839
0.140929
0.1289
0.117689
0.107233
0.0974784
0.0883711
0.0798634
0.0719018
0.0644508
0.0574717
0.050929
0.0447906
0.0390287
0.0336195
0.0285771
0.0238906
0.0194504
0.0153374
0.0116295
0.00833664
0.00554018
0.00335172
0.00200356
0.00118371
0.000689665
0.000395477
0.000222782
0.000123053
6.65118e-05
3.51051e-05
1.8052e-05
9.02191e-06
4.37091e-06
2.0522e-06
9.39026e-07
4.33816e-07
2.20306e-07
1.28959e-07
8.37717e-08
5.66175e-08
3.80071e-08
2.48686e-08
1.57443e-08
9.60525e-09
5.624e-09
3.14561e-09
1.67258e-09
8.41792e-10
4.00588e-10
1.82661e-10
8.02687e-11
3.42229e-11
1.42168e-11
5.78804e-12
2.31822e-12
9.14346e-13
3.53267e-13
1.30727e-13
4.26247e-14
7.38824e-15
0.99995
0.999741
0.999349
0.99866
0.997507
0.995654
0.992771
0.988422
0.982052
0.972998
0.960622
0.944505
0.924365
0.90017
0.872143
0.840723
0.806499
0.770137
0.732317
0.693688
0.654833
0.616255
0.57837
0.541508
0.505921
0.471789
0.439231
0.408319
0.379082
0.351516
0.325595
0.301272
0.278491
0.257183
0.237277
0.218696
0.201363
0.185202
0.170136
0.156094
0.143004
0.1308
0.119418
0.108799
0.0988863
0.0896262
0.0809683
0.0728823
0.0653103
0.0582158
0.0515645
0.0453247
0.0394687
0.0339728
0.0288499
0.0240978
0.0195938
0.0154248
0.0116837
0.00835332
0.00553723
0.00334537
0.00199994
0.00118156
0.00068833
0.000394625
0.000222228
0.000122691
6.62789e-05
3.4961e-05
1.79651e-05
8.97066e-06
4.34153e-06
2.03562e-06
9.29962e-07
4.28814e-07
2.17578e-07
1.27475e-07
8.29985e-08
5.62461e-08
3.78527e-08
2.48305e-08
1.57697e-08
9.65558e-09
5.676e-09
3.1886e-09
1.70366e-09
8.62162e-10
4.12374e-10
1.89057e-10
8.35434e-11
3.57921e-11
1.49767e-11
6.13938e-12
2.47454e-12
9.81597e-13
3.81146e-13
1.41616e-13
4.63011e-14
8.03523e-15
0.999951
0.999747
0.999361
0.998684
0.997549
0.995721
0.992876
0.988579
0.982278
0.973317
0.961075
0.945128
0.925195
0.901242
0.873483
0.842349
0.808418
0.772345
0.734803
0.696429
0.657803
0.619422
0.581698
0.544962
0.509463
0.475383
0.442844
0.411919
0.382639
0.355007
0.328996
0.304566
0.281661
0.260218
0.240166
0.221433
0.203943
0.187622
0.172395
0.158193
0.144945
0.132586
0.121054
0.110289
0.100235
0.0908421
0.0820602
0.0738452
0.0661549
0.0589502
0.0521959
0.0458602
0.0399151
0.034337
0.0291365
0.0243222
0.0197588
0.0155399
0.0117676
0.00837644
0.00554752
0.00335112
0.00200415
0.00118434
0.000690048
0.000395619
0.000222768
0.000122964
6.64047e-05
3.50102e-05
1.79791e-05
8.9706e-06
4.33735e-06
2.03128e-06
9.26552e-07
4.26302e-07
2.1602e-07
1.26638e-07
8.26016e-08
5.60979e-08
3.78421e-08
2.48918e-08
1.58564e-08
9.74124e-09
5.74747e-09
3.24174e-09
1.73962e-09
8.84593e-10
4.25142e-10
1.95805e-10
8.69101e-11
3.74086e-11
1.57095e-11
6.47505e-12
2.62735e-12
1.04879e-12
4.09525e-13
1.52827e-13
5.01327e-14
8.71495e-15
0.999952
0.999751
0.999372
0.998703
0.997583
0.995777
0.992962
0.988708
0.982467
0.973583
0.961453
0.945651
0.925893
0.902143
0.874611
0.843719
0.810036
0.774211
0.736906
0.698753
0.660326
0.622118
0.58454
0.547919
0.512505
0.478481
0.44597
0.415045
0.385742
0.358064
0.331988
0.307476
0.284474
0.262922
0.242752
0.223893
0.206272
0.189816
0.174453
0.160113
0.146728
0.134234
0.122569
0.111674
0.101496
0.0919813
0.083083
0.0747562
0.0669599
0.0596551
0.0528062
0.046382
0.0403542
0.0346996
0.0294257
0.0245521
0.0199316
0.0156625
0.0118511
0.00842838
0.0055779
0.00336968
0.00201586
0.00119155
0.000694366
0.000398137
0.000224191
0.000123743
6.68144e-05
3.52167e-05
1.8078e-05
9.01516e-06
4.35591e-06
2.03817e-06
9.28495e-07
4.26179e-07
2.15509e-07
1.26317e-07
8.24985e-08
5.61403e-08
3.79579e-08
2.50303e-08
1.59887e-08
9.85248e-09
5.83255e-09
3.30163e-09
1.77863e-09
9.08191e-10
4.38461e-10
2.0274e-10
9.03792e-11
3.90813e-11
1.64883e-11
6.8216e-12
2.7769e-12
1.11348e-12
4.36955e-13
1.639e-13
5.39563e-14
9.39504e-15
0.999952
0.999754
0.99938
0.998719
0.997611
0.995823
0.993035
0.988818
0.982628
0.973811
0.961778
0.946099
0.926491
0.902915
0.875576
0.84489
0.81142
0.775806
0.738704
0.700742
0.662487
0.62443
0.58698
0.550462
0.515126
0.481156
0.448675
0.417758
0.388442
0.360732
0.334607
0.31003
0.286952
0.265312
0.245045
0.226082
0.208352
0.191782
0.176303
0.161845
0.148342
0.135731
0.12395
0.112943
0.102654
0.0930329
0.0840324
0.075608
0.067715
0.0603187
0.0533837
0.0468786
0.0407755
0.0350507
0.029709
0.0247805
0.0201067
0.0157909
0.0119426
0.008491
0.00561838
0.00339527
0.00203199
0.00120149
0.000700356
0.000401658
0.000226207
0.000124863
6.74183e-05
3.55309e-05
1.82352e-05
9.09033e-06
4.39005e-06
2.05275e-06
9.34129e-07
4.27845e-07
2.15868e-07
1.26443e-07
8.26486e-08
5.63381e-08
3.81664e-08
2.5223e-08
1.61514e-08
9.97996e-09
5.9257e-09
3.36518e-09
1.81913e-09
9.32326e-10
4.51953e-10
2.09731e-10
9.38611e-11
4.07584e-11
1.72743e-11
7.18107e-12
2.93779e-12
1.18312e-12
4.66101e-13
1.75376e-13
5.78697e-14
1.00878e-14
0.999953
0.999757
0.999387
0.998733
0.997636
0.995864
0.993098
0.988914
0.982768
0.97401
0.96206
0.946488
0.92701
0.903584
0.876411
0.845903
0.812615
0.777182
0.740255
0.702456
0.664349
0.626423
0.589083
0.552655
0.51739
0.483468
0.451016
0.42011
0.390787
0.363053
0.33689
0.312263
0.289122
0.26741
0.247064
0.228014
0.210192
0.193526
0.177949
0.163391
0.149787
0.137075
0.125193
0.114087
0.103701
0.0939856
0.0848926
0.0763777
0.0684033
0.0609281
0.0539176
0.0473408
0.0411703
0.0353827
0.0299793
0.025001
0.0202788
0.01592
0.0120375
0.00855866
0.00566405
0.00342442
0.00205039
0.00121287
0.000707239
0.000405727
0.000228553
0.00012618
6.81352e-05
3.59087e-05
1.84273e-05
9.18413e-06
4.4338e-06
2.07212e-06
9.42079e-07
4.3065e-07
2.16789e-07
1.26871e-07
8.29736e-08
5.66357e-08
3.8433e-08
2.54483e-08
1.63311e-08
1.01154e-08
6.02199e-09
3.42963e-09
1.85965e-09
9.56247e-10
4.65246e-10
2.16596e-10
9.7273e-11
4.23991e-11
1.80416e-11
7.53131e-12
3.09411e-12
1.25123e-12
4.94818e-13
1.86783e-13
6.1775e-14
1.07803e-14
0.999954
0.99976
0.999393
0.998746
0.997657
0.995899
0.993153
0.988997
0.982889
0.974183
0.962307
0.946828
0.927463
0.904166
0.877138
0.846782
0.813651
0.778373
0.741596
0.703937
0.665957
0.628143
0.590898
0.554549
0.519343
0.485465
0.453039
0.422144
0.392816
0.365064
0.338871
0.314203
0.291011
0.26924
0.248827
0.229705
0.211806
0.195059
0.179398
0.164755
0.151065
0.138266
0.126299
0.115107
0.104638
0.0948406
0.0856689
0.0770786
0.069029
0.0614825
0.0544045
0.0477639
0.0415333
0.0356896
0.0302311
0.0252083
0.0204427
0.0160452
0.0121316
0.00862731
0.00571153
0.00345482
0.00206958
0.00122476
0.000714455
0.000410008
0.000231031
0.000127577
6.89008e-05
3.63151e-05
1.86356e-05
9.28691e-06
4.48234e-06
2.09396e-06
9.51292e-07
4.34113e-07
2.18042e-07
1.2747e-07
8.33877e-08
5.69814e-08
3.87252e-08
2.56859e-08
1.65155e-08
1.02516e-08
6.11738e-09
3.49275e-09
1.89902e-09
9.79363e-10
4.78041e-10
2.23191e-10
1.00547e-10
4.3973e-11
1.87778e-11
7.86763e-12
3.24445e-12
1.31688e-12
5.22579e-13
1.97842e-13
6.55694e-14
1.14538e-14
0.999954
0.999762
0.999399
0.998756
0.997675
0.995929
0.993201
0.989069
0.982995
0.974334
0.962523
0.947124
0.927857
0.904673
0.877768
0.847544
0.814547
0.779403
0.742753
0.705214
0.667342
0.629623
0.59246
0.556177
0.521023
0.487182
0.454779
0.423893
0.394562
0.366796
0.340578
0.315876
0.292642
0.270821
0.250353
0.23117
0.213206
0.196392
0.18066
0.165945
0.152181
0.139308
0.127268
0.116003
0.105462
0.0955944
0.0863542
0.0776974
0.0695839
0.061976
0.0548395
0.0481432
0.0418602
0.0359673
0.0304601
0.0253978
0.0205935
0.0161637
0.0122216
0.00869395
0.00575828
0.00348478
0.0020885
0.00123649
0.000721582
0.000414245
0.000233492
0.000128969
6.96661e-05
3.67231e-05
1.88459e-05
9.39122e-06
4.53196e-06
2.11649e-06
9.60933e-07
4.37859e-07
2.19464e-07
1.28164e-07
8.38539e-08
5.73564e-08
3.903e-08
2.59264e-08
1.6698e-08
1.03841e-08
6.20904e-09
3.55287e-09
1.93627e-09
1.00113e-09
4.90054e-10
2.29374e-10
1.03615e-10
4.54479e-11
1.94684e-11
8.18364e-12
3.38601e-12
1.37885e-12
5.48849e-13
2.0833e-13
6.91741e-14
1.20941e-14
0.999954
0.999764
0.999403
0.998765
0.99769
0.995954
0.993241
0.989131
0.983086
0.974465
0.962708
0.94738
0.928196
0.905108
0.878309
0.848197
0.815315
0.780285
0.743744
0.706305
0.668526
0.630887
0.593792
0.557565
0.522455
0.488644
0.456261
0.425383
0.39605
0.368272
0.342034
0.317303
0.294033
0.272172
0.251657
0.232424
0.214406
0.197535
0.181744
0.166967
0.153142
0.140207
0.128104
0.116778
0.106175
0.0962482
0.0869495
0.0782361
0.0700679
0.0624074
0.0552206
0.0484765
0.0421482
0.0362127
0.0306634
0.0255669
0.0207291
0.0162717
0.0123045
0.00875587
0.005802
0.00351288
0.00210627
0.00124752
0.000728303
0.00041825
0.000235823
0.000130291
7.0395e-05
3.71129e-05
1.90474e-05
9.4916e-06
4.57991e-06
2.13838e-06
9.70381e-07
4.41604e-07
2.20922e-07
1.28882e-07
8.43272e-08
5.77254e-08
3.93237e-08
2.61546e-08
1.68692e-08
1.05075e-08
6.29389e-09
3.60827e-09
1.97048e-09
1.02107e-09
5.01036e-10
2.3502e-10
1.06415e-10
4.67955e-11
2.01e-11
8.47316e-12
3.51597e-12
1.43587e-12
5.73079e-13
2.18023e-13
7.25108e-14
1.26873e-14
0.999955
0.999765
0.999407
0.998771
0.997703
0.995975
0.993275
0.989182
0.983163
0.974575
0.962865
0.947595
0.928482
0.905475
0.878766
0.848748
0.815963
0.781027
0.744577
0.707224
0.66952
0.631949
0.594911
0.55873
0.523656
0.489871
0.457503
0.426632
0.397297
0.369509
0.343254
0.318499
0.295201
0.273306
0.252753
0.233478
0.215415
0.198496
0.182656
0.167829
0.153953
0.140966
0.128811
0.117434
0.10678
0.0968032
0.0874555
0.0786945
0.0704804
0.0627757
0.0555465
0.048762
0.0423954
0.0364239
0.0308387
0.0257135
0.0208477
0.0163671
0.0123785
0.00881143
0.00584144
0.00353826
0.00212234
0.00125751
0.000734394
0.000421885
0.000237941
0.000131494
7.10597e-05
3.7469e-05
1.92319e-05
9.58375e-06
4.62406e-06
2.1586e-06
9.79142e-07
4.45125e-07
2.22314e-07
1.2957e-07
8.47763e-08
5.80701e-08
3.95941e-08
2.63624e-08
1.70239e-08
1.06182e-08
6.36974e-09
3.65765e-09
2.0009e-09
1.03878e-09
5.1078e-10
2.40029e-10
1.089e-10
4.79917e-11
2.06614e-11
8.7308e-12
3.63182e-12
1.4868e-12
5.9476e-13
2.26712e-13
7.5505e-14
1.32199e-14
0.999955
0.999767
0.99941
0.998777
0.997713
0.995992
0.993302
0.989224
0.983225
0.974665
0.962994
0.947772
0.928717
0.905777
0.87914
0.8492
0.816494
0.781636
0.745261
0.707976
0.670335
0.632818
0.595827
0.559684
0.524638
0.490874
0.458519
0.427653
0.398317
0.370521
0.344252
0.319478
0.296156
0.274233
0.253649
0.234341
0.216241
0.199285
0.183405
0.168537
0.154619
0.14159
0.129393
0.117974
0.107279
0.0972612
0.0878738
0.079074
0.0708221
0.0630809
0.0558167
0.0489986
0.0425999
0.0365981
0.0309827
0.0258342
0.0209498
0.0164507
0.0124435
0.00886036
0.00587624
0.00356062
0.00213647
0.00126629
0.000739738
0.000425071
0.000239797
0.000132549
7.16423e-05
3.77813e-05
1.93938e-05
9.66468e-06
4.66287e-06
2.17642e-06
9.86887e-07
4.48263e-07
2.2357e-07
1.30193e-07
8.51806e-08
5.83765e-08
3.98318e-08
2.65435e-08
1.71579e-08
1.07139e-08
6.43503e-09
3.70006e-09
2.027e-09
1.05395e-09
5.19119e-10
2.44315e-10
1.11027e-10
4.90159e-11
2.11424e-11
8.95183e-12
3.73134e-12
1.53062e-12
6.13441e-13
2.34208e-13
7.80908e-14
1.368e-14
0.999955
0.999768
0.999412
0.998782
0.997721
0.996006
0.993323
0.989257
0.983274
0.974735
0.963095
0.947911
0.928902
0.906014
0.879435
0.849556
0.816912
0.782115
0.745799
0.708569
0.670977
0.633503
0.596548
0.560434
0.525412
0.491664
0.459319
0.428457
0.399119
0.371317
0.345037
0.320248
0.296908
0.274963
0.254355
0.23502
0.216892
0.199906
0.183995
0.169095
0.155145
0.142083
0.129853
0.118401
0.107674
0.0976237
0.088205
0.0793746
0.0710929
0.0633228
0.0560305
0.0491852
0.0427595
0.0367303
0.0310837
0.0258975
0.0210645
0.0165326
0.0125028
0.00890312
0.00590606
0.00357955
0.00214834
0.00127362
0.000744186
0.000427717
0.000241336
0.000133422
7.21247e-05
3.80398e-05
1.95279e-05
9.73171e-06
4.69504e-06
2.19119e-06
9.93324e-07
4.50884e-07
2.24628e-07
1.30721e-07
8.55216e-08
5.86327e-08
4.0029e-08
2.6693e-08
1.7268e-08
1.07921e-08
6.4883e-09
3.73461e-09
2.04823e-09
1.06629e-09
5.25902e-10
2.47801e-10
1.12758e-10
4.98503e-11
2.15346e-11
9.13229e-12
3.8127e-12
1.56648e-12
6.28749e-13
2.40357e-13
8.02134e-14
1.40579e-14
0.999955
0.999768
0.999414
0.998785
0.997727
0.996016
0.993339
0.989281
0.98331
0.974787
0.963168
0.948013
0.929037
0.906188
0.879652
0.849818
0.817219
0.782468
0.746195
0.709005
0.671449
0.634007
0.597079
0.560987
0.525982
0.492246
0.459908
0.429049
0.399711
0.371904
0.345616
0.320816
0.297462
0.275502
0.254876
0.235522
0.217373
0.200365
0.184431
0.169508
0.155533
0.142447
0.130193
0.118717
0.107966
0.0978921
0.0884502
0.0795972
0.0712934
0.0635021
0.0561892
0.0493242
0.0428797
0.0368329
0.0311693
0.0259664
0.0211261
0.016584
0.0125432
0.00893366
0.00592792
0.00359362
0.00215724
0.00127915
0.000747554
0.000429725
0.000242506
0.000134087
7.24919e-05
3.82367e-05
1.963e-05
9.78277e-06
4.71955e-06
2.20245e-06
9.9823e-07
4.52887e-07
2.2544e-07
1.31127e-07
8.57836e-08
5.88284e-08
4.01794e-08
2.68066e-08
1.73515e-08
1.08513e-08
6.52854e-09
3.76067e-09
2.06423e-09
1.07558e-09
5.31013e-10
2.5043e-10
1.14065e-10
5.04808e-11
2.18314e-11
9.26903e-12
3.87443e-12
1.59373e-12
6.40394e-13
2.45038e-13
8.18306e-14
1.43458e-14
0.999955
0.999769
0.999415
0.998787
0.997731
0.996022
0.993349
0.989296
0.983332
0.97482
0.963215
0.948077
0.929123
0.906299
0.87979
0.849985
0.817417
0.782695
0.74645
0.709287
0.671755
0.634334
0.597423
0.561346
0.526352
0.492624
0.460291
0.429435
0.400096
0.372286
0.345993
0.321186
0.297824
0.275853
0.255216
0.235849
0.217687
0.200664
0.184715
0.169777
0.155787
0.142685
0.130415
0.118923
0.108156
0.098067
0.0886099
0.0797422
0.0714242
0.0636188
0.0562924
0.0494144
0.0429577
0.0368995
0.031225
0.0260116
0.0211651
0.0166168
0.0125693
0.00895365
0.0059423
0.00360287
0.00216309
0.00128278
0.000749769
0.000431047
0.000243276
0.000134524
7.27335e-05
3.83662e-05
1.96971e-05
9.81628e-06
4.73561e-06
2.20981e-06
1.00143e-06
4.54186e-07
2.25964e-07
1.31386e-07
8.59507e-08
5.8955e-08
4.0277e-08
2.68806e-08
1.74058e-08
1.08898e-08
6.55472e-09
3.77762e-09
2.07464e-09
1.08164e-09
5.34347e-10
2.52149e-10
1.1492e-10
5.08949e-11
2.20269e-11
9.35935e-12
3.91532e-12
1.61182e-12
6.48142e-13
2.48159e-13
8.29097e-14
1.45381e-14
0.999955
0.999769
0.999415
0.998788
0.997733
0.996025
0.993353
0.989303
0.983342
0.974834
0.963235
0.948106
0.929161
0.906348
0.879851
0.850059
0.817505
0.782797
0.746565
0.709414
0.671894
0.634483
0.597582
0.561512
0.526523
0.4928
0.46047
0.429614
0.400276
0.372465
0.34617
0.32136
0.297994
0.276019
0.255376
0.236003
0.217835
0.200806
0.18485
0.169905
0.155907
0.142798
0.130521
0.11902
0.108246
0.0981499
0.0886856
0.0798106
0.0714855
0.0636732
0.05634
0.0494553
0.042992
0.0369275
0.0312471
0.0260294
0.0211861
0.0166352
0.0125836
0.00896404
0.00594946
0.00360733
0.00216585
0.00128447
0.000750786
0.000431648
0.000243624
0.000134721
7.28418e-05
3.8424e-05
1.97269e-05
9.83111e-06
4.74267e-06
2.21302e-06
1.00282e-06
4.54742e-07
2.26186e-07
1.31496e-07
8.60228e-08
5.90098e-08
4.03195e-08
2.69128e-08
1.74297e-08
1.09068e-08
6.56631e-09
3.78516e-09
2.07929e-09
1.08436e-09
5.35856e-10
2.52931e-10
1.15313e-10
5.10866e-11
2.21182e-11
9.40185e-12
3.9347e-12
1.62046e-12
6.51864e-13
2.49665e-13
8.34325e-14
1.46314e-14
0.999955
0.999769
0.999415
0.998788
0.997732
0.996024
0.993352
0.989301
0.98334
0.974831
0.963231
0.9481
0.929154
0.906339
0.879841
0.850047
0.817491
0.782782
0.746549
0.709397
0.671877
0.634465
0.597563
0.561493
0.526505
0.492781
0.460452
0.429597
0.400258
0.372448
0.346153
0.321345
0.297979
0.276004
0.255362
0.23599
0.217822
0.200793
0.184838
0.169893
0.155896
0.142788
0.130511
0.119012
0.108238
0.098142
0.088678
0.0798035
0.0714788
0.0636668
0.0563341
0.0494497
0.0429868
0.0369226
0.0312425
0.0260252
0.0211822
0.0166318
0.0125806
0.0089616
0.00594756
0.00360615
0.00216512
0.00128403
0.000750519
0.00043149
0.000243533
0.000134669
7.28126e-05
3.84081e-05
1.97185e-05
9.82677e-06
4.74051e-06
2.21199e-06
1.00234e-06
4.5453e-07
2.26093e-07
1.31449e-07
8.59952e-08
5.89911e-08
4.03064e-08
2.69038e-08
1.74236e-08
1.09028e-08
6.56384e-09
3.78369e-09
2.07846e-09
1.08392e-09
5.35639e-10
2.5283e-10
1.15268e-10
5.10673e-11
2.21102e-11
9.39863e-12
3.93344e-12
1.61997e-12
6.51682e-13
2.496e-13
8.34115e-14
1.46278e-14
0.999955
0.999769
0.999414
0.998787
0.99773
0.996021
0.993347
0.989292
0.983327
0.974811
0.963203
0.948062
0.929103
0.906274
0.87976
0.849951
0.817378
0.782652
0.746404
0.709238
0.671704
0.634281
0.59737
0.561292
0.526298
0.49257
0.460238
0.429382
0.400044
0.372236
0.345944
0.32114
0.297779
0.27581
0.255174
0.235809
0.217648
0.200627
0.184681
0.169744
0.155755
0.142656
0.130387
0.118896
0.108131
0.0980434
0.0885876
0.0797211
0.0714042
0.0635999
0.0562747
0.0493978
0.0429421
0.0368849
0.0312115
0.0259992
0.0211537
0.0166067
0.0125604
0.00894634
0.00593659
0.00359931
0.0021609
0.00128145
0.000748967
0.000430572
0.000243001
0.000134367
7.26462e-05
3.83187e-05
1.9672e-05
9.80339e-06
4.7292e-06
2.20674e-06
1.00002e-06
4.53564e-07
2.2569e-07
1.3125e-07
8.58705e-08
5.89006e-08
4.02386e-08
2.68541e-08
1.73881e-08
1.08784e-08
6.54761e-09
3.77342e-09
2.07229e-09
1.0804e-09
5.33736e-10
2.51864e-10
1.14794e-10
5.08407e-11
2.20045e-11
9.35032e-12
3.91177e-12
1.61045e-12
6.47629e-13
2.47974e-13
8.28508e-14
1.4528e-14
0.999955
0.999768
0.999413
0.998785
0.997726
0.996014
0.993335
0.989275
0.983302
0.974775
0.963152
0.94799
0.929007
0.906151
0.879606
0.849764
0.817158
0.7824
0.746121
0.708926
0.671367
0.633922
0.596992
0.560899
0.525893
0.492157
0.45982
0.428963
0.399626
0.371821
0.345535
0.320738
0.297387
0.275429
0.254806
0.235455
0.217309
0.200303
0.184372
0.169452
0.15548
0.142397
0.130146
0.118672
0.107923
0.0978521
0.0884124
0.0795616
0.07126
0.0634707
0.0561598
0.0492965
0.0428538
0.0368086
0.0311466
0.025946
0.0211072
0.0165672
0.0125283
0.00892156
0.0059185
0.00358774
0.00215363
0.00127695
0.000746235
0.000428945
0.000242052
0.000133828
7.23476e-05
3.81582e-05
1.95884e-05
9.76136e-06
4.70889e-06
2.19733e-06
9.9587e-07
4.51843e-07
2.24976e-07
1.30893e-07
8.56449e-08
5.87362e-08
4.0116e-08
2.67633e-08
1.73227e-08
1.08327e-08
6.51707e-09
3.7539e-09
2.06045e-09
1.07361e-09
5.30042e-10
2.49979e-10
1.13864e-10
5.03954e-11
2.17962e-11
9.25488e-12
3.86888e-12
1.5916e-12
6.39599e-13
2.44754e-13
8.17401e-14
1.43304e-14
0.999955
0.999767
0.999412
0.998781
0.99772
0.996003
0.99332
0.989251
0.983265
0.974721
0.963074
0.947883
0.928864
0.905966
0.879376
0.849486
0.816831
0.782025
0.7457
0.708463
0.670865
0.633387
0.596428
0.560313
0.525289
0.491542
0.459197
0.428337
0.399001
0.371202
0.344925
0.320139
0.296803
0.274862
0.254258
0.234927
0.216803
0.19982
0.183913
0.169018
0.155071
0.142013
0.129787
0.118338
0.107615
0.0975679
0.0881523
0.0793251
0.0710463
0.063279
0.0559894
0.0491465
0.0427233
0.0366963
0.0310521
0.0258689
0.0210382
0.0165091
0.0124819
0.00888615
0.00589283
0.0035713
0.00214328
0.00127054
0.000742338
0.000426624
0.000240701
0.00013306
7.19228e-05
3.79299e-05
1.94697e-05
9.70175e-06
4.68014e-06
2.18404e-06
9.90023e-07
4.49424e-07
2.23978e-07
1.30392e-07
8.53264e-08
5.85022e-08
3.99393e-08
2.6632e-08
1.72276e-08
1.07662e-08
6.4724e-09
3.72528e-09
2.04305e-09
1.06359e-09
5.24584e-10
2.47192e-10
1.12488e-10
4.97356e-11
2.14874e-11
9.11339e-12
3.80531e-12
1.56366e-12
6.27697e-13
2.39981e-13
8.00945e-14
1.40375e-14
0.999955
0.999767
0.999409
0.998777
0.997712
0.99599
0.993299
0.989218
0.983215
0.974649
0.962971
0.94774
0.928673
0.90572
0.87907
0.849116
0.816396
0.781526
0.745139
0.707845
0.670196
0.632673
0.595677
0.559531
0.524484
0.49072
0.458365
0.427501
0.398167
0.370374
0.344109
0.319339
0.296022
0.274103
0.253524
0.234221
0.216126
0.199175
0.1833
0.168438
0.154524
0.141501
0.129308
0.117893
0.107203
0.0971895
0.0878062
0.0790103
0.0707622
0.0630247
0.0557639
0.0489491
0.0425535
0.0365547
0.0309426
0.0257971
0.0209158
0.0164204
0.0124167
0.00883855
0.00585925
0.00355002
0.00212997
0.00126234
0.000737365
0.000423668
0.000238982
0.000132084
7.13832e-05
3.76404e-05
1.93192e-05
9.62628e-06
4.64378e-06
2.16725e-06
9.82661e-07
4.46393e-07
2.22738e-07
1.29771e-07
8.49298e-08
5.82088e-08
3.97165e-08
2.64653e-08
1.71063e-08
1.06809e-08
6.41482e-09
3.68826e-09
2.02047e-09
1.05056e-09
5.1747e-10
2.43554e-10
1.10691e-10
4.88732e-11
2.10837e-11
8.92839e-12
3.7222e-12
1.52713e-12
6.12146e-13
2.33747e-13
7.79452e-14
1.36552e-14
0.999955
0.999765
0.999406
0.998771
0.997702
0.995973
0.993271
0.989175
0.983152
0.974557
0.962839
0.947559
0.928432
0.90541
0.878684
0.84865
0.815848
0.780897
0.744434
0.707068
0.669354
0.631775
0.594731
0.558546
0.523469
0.489684
0.457317
0.426447
0.397115
0.369331
0.34308
0.31833
0.295037
0.273147
0.2526
0.233332
0.215275
0.198362
0.182529
0.167708
0.153838
0.140857
0.128708
0.117336
0.106688
0.0967161
0.0873737
0.0786177
0.070408
0.0627076
0.0554824
0.0487018
0.0423389
0.0363711
0.0307899
0.0256683
0.0208061
0.0163302
0.0123458
0.00878488
0.00582076
0.00352537
0.00211444
0.00125271
0.000731511
0.00042018
0.00023695
0.00013093
7.07452e-05
3.72979e-05
1.91413e-05
9.53714e-06
4.60088e-06
2.14748e-06
9.74014e-07
4.42858e-07
2.21305e-07
1.29057e-07
8.44713e-08
5.78664e-08
3.94541e-08
2.62675e-08
1.69613e-08
1.05784e-08
6.34538e-09
3.64347e-09
1.99309e-09
1.03473e-09
5.08812e-10
2.39122e-10
1.08501e-10
4.7822e-11
2.05917e-11
8.70301e-12
3.621e-12
1.48269e-12
5.93237e-13
2.26171e-13
7.53347e-14
1.31908e-14
0.999954
0.999764
0.999403
0.998764
0.997689
0.995951
0.993236
0.989122
0.983073
0.974445
0.962679
0.947338
0.928138
0.905033
0.878215
0.848084
0.815183
0.780134
0.743576
0.706124
0.668332
0.630683
0.593581
0.557349
0.522235
0.488424
0.456041
0.425165
0.395835
0.368061
0.341828
0.317103
0.29384
0.271985
0.251477
0.232252
0.214241
0.197377
0.181593
0.166824
0.153006
0.140078
0.127982
0.116662
0.106067
0.0961456
0.086853
0.0781451
0.0699824
0.0623271
0.0551451
0.0484057
0.0420818
0.0361507
0.0306061
0.0255139
0.0206803
0.0162283
0.0122661
0.0087246
0.00577765
0.00349771
0.00209697
0.00124187
0.000724912
0.000416247
0.000234659
0.000129628
7.00257e-05
3.69121e-05
1.8941e-05
9.43692e-06
4.55272e-06
2.12533e-06
9.64364e-07
4.38948e-07
2.19739e-07
1.2828e-07
8.39689e-08
5.7486e-08
3.9159e-08
2.60431e-08
1.67959e-08
1.04609e-08
6.26551e-09
3.59179e-09
1.96142e-09
1.0164e-09
4.98769e-10
2.33978e-10
1.05957e-10
4.66011e-11
2.00204e-11
8.44147e-12
3.50367e-12
1.43121e-12
5.7136e-13
2.17416e-13
7.232e-14
1.26548e-14
0.999954
0.999762
0.999398
0.998755
0.997673
0.995925
0.993195
0.989059
0.98298
0.97431
0.962487
0.947074
0.927789
0.904585
0.877658
0.847411
0.814392
0.779227
0.742558
0.705002
0.667117
0.629386
0.592215
0.555926
0.520769
0.486926
0.454524
0.42364
0.394313
0.366552
0.34034
0.315644
0.292418
0.270605
0.250145
0.230971
0.213016
0.19621
0.180487
0.16578
0.152025
0.13916
0.127127
0.115871
0.105337
0.0954766
0.0862433
0.0775934
0.0694859
0.0618838
0.0547529
0.048062
0.0417841
0.0358963
0.0303945
0.0253371
0.0205377
0.016114
0.0121776
0.00865806
0.00573033
0.0034674
0.00207785
0.00123002
0.000717702
0.000411953
0.000232161
0.000128211
6.92439e-05
3.64935e-05
1.87243e-05
9.3287e-06
4.50086e-06
2.10156e-06
9.54051e-07
4.34826e-07
2.18111e-07
1.27475e-07
8.34433e-08
5.70796e-08
3.88429e-08
2.58006e-08
1.66154e-08
1.03317e-08
6.17711e-09
3.53434e-09
1.92609e-09
9.95879e-10
4.87511e-10
2.28205e-10
1.03101e-10
4.52312e-11
1.938e-11
8.14862e-12
3.3725e-12
1.37377e-12
5.4699e-13
2.07678e-13
6.89706e-14
1.20596e-14
0.999954
0.99976
0.999393
0.998744
0.997654
0.995894
0.993146
0.988985
0.98287
0.974154
0.962264
0.946767
0.927381
0.904061
0.877007
0.846625
0.813468
0.778167
0.741367
0.70369
0.665694
0.627867
0.590614
0.554258
0.519049
0.48517
0.452746
0.421853
0.39253
0.364785
0.338599
0.313939
0.290756
0.268994
0.248591
0.229479
0.21159
0.194854
0.179202
0.164569
0.150888
0.138099
0.126141
0.114958
0.104497
0.0947077
0.0855436
0.0769606
0.0689182
0.0613786
0.0543071
0.0476727
0.041448
0.0356101
0.0301577
0.0251404
0.0203803
0.0159893
0.012082
0.00858687
0.00568006
0.00343525
0.00205759
0.00121748
0.00071009
0.000407429
0.000229535
0.000126725
6.84261e-05
3.6057e-05
1.8499e-05
9.21662e-06
4.44738e-06
2.07718e-06
9.43558e-07
4.30713e-07
2.16527e-07
1.26699e-07
8.29319e-08
5.66823e-08
3.85199e-08
2.5547e-08
1.6424e-08
1.01935e-08
6.08198e-09
3.47222e-09
1.88776e-09
9.73566e-10
4.75246e-10
2.21912e-10
9.99875e-11
4.37379e-11
1.86824e-11
7.83011e-12
3.23009e-12
1.31152e-12
5.20635e-13
1.97166e-13
6.53597e-14
1.14183e-14
0.999953
0.999757
0.999386
0.998732
0.997633
0.995858
0.993089
0.988899
0.982744
0.973973
0.962007
0.946414
0.926911
0.903457
0.876255
0.845716
0.812399
0.776939
0.739987
0.702167
0.664043
0.626104
0.588755
0.552321
0.517052
0.483131
0.450681
0.419779
0.390462
0.362736
0.336583
0.311965
0.288835
0.267134
0.246799
0.227761
0.209951
0.193297
0.177731
0.163184
0.149591
0.136889
0.125019
0.113922
0.103545
0.0938386
0.0847537
0.0762456
0.0682806
0.0608134
0.0538103
0.0472404
0.0410764
0.0352951
0.0298985
0.0249264
0.0202103
0.015858
0.0119827
0.00851379
0.00562911
0.00340266
0.00203706
0.00120478
0.000702393
0.000402865
0.000226892
0.000125234
6.76086e-05
3.56224e-05
1.82757e-05
9.10616e-06
4.39502e-06
2.0535e-06
9.33505e-07
4.2689e-07
2.15112e-07
1.26014e-07
8.24639e-08
5.62971e-08
3.82013e-08
2.52924e-08
1.62292e-08
1.00511e-08
5.98314e-09
3.40725e-09
1.84745e-09
9.49997e-10
4.62244e-10
2.15226e-10
9.66749e-11
4.21483e-11
1.794e-11
7.4914e-12
3.07886e-12
1.24554e-12
4.92757e-13
1.86067e-13
6.1553e-14
1.07427e-14
0.999952
0.999754
0.999379
0.998717
0.997607
0.995817
0.993024
0.9888
0.982599
0.973767
0.961714
0.946009
0.926372
0.902763
0.875389
0.844669
0.811165
0.77552
0.738391
0.700406
0.662133
0.624062
0.586602
0.550079
0.514742
0.480773
0.448295
0.417385
0.388078
0.360377
0.334263
0.309699
0.286633
0.265006
0.244753
0.225803
0.208086
0.19153
0.176063
0.161618
0.148128
0.135529
0.123759
0.112763
0.102484
0.0928736
0.0838832
0.0754693
0.0675835
0.0601949
0.0532675
0.0467698
0.0406737
0.0349557
0.0296214
0.0246996
0.0200324
0.0157234
0.0118828
0.00844194
0.00558009
0.00337134
0.00201733
0.00119259
0.000695022
0.000398508
0.000224378
0.000123823
6.68388e-05
3.52158e-05
1.80683e-05
9.00453e-06
4.34738e-06
2.03227e-06
9.247e-07
4.23724e-07
2.14033e-07
1.25506e-07
8.20916e-08
5.59691e-08
3.79156e-08
2.5055e-08
1.60418e-08
9.91096e-09
5.88401e-09
3.3412e-09
1.80608e-09
9.25643e-10
4.48747e-10
2.08268e-10
9.32228e-11
4.04906e-11
1.71658e-11
7.13846e-12
2.92155e-12
1.17709e-12
4.63923e-13
1.74622e-13
5.76362e-14
1.00484e-14
0.999952
0.99975
0.99937
0.998701
0.997578
0.995769
0.992948
0.988686
0.982432
0.97353
0.961376
0.945544
0.925752
0.901963
0.87439
0.843458
0.809738
0.773878
0.736543
0.698366
0.659919
0.621697
0.58411
0.547484
0.51207
0.478049
0.445544
0.414628
0.385336
0.35767
0.331608
0.30711
0.284123
0.262586
0.242432
0.223588
0.205982
0.189541
0.174193
0.159867
0.146496
0.134015
0.122363
0.11148
0.101313
0.0918103
0.082923
0.0746066
0.0668191
0.0595227
0.0526819
0.0462655
0.0402452
0.0345978
0.029332
0.0244654
0.0198519
0.0155902
0.0117869
0.00837529
0.00553629
0.00334348
0.00199978
0.00118178
0.000688506
0.000394675
0.000222182
0.000122599
6.61777e-05
3.48706e-05
1.78948e-05
8.92097e-06
4.30906e-06
2.01568e-06
9.1815e-07
4.21675e-07
2.13504e-07
1.25293e-07
8.18956e-08
5.57433e-08
3.76891e-08
2.48507e-08
1.5872e-08
9.77938e-09
5.78864e-09
3.27652e-09
1.76506e-09
9.01298e-10
4.35183e-10
2.01253e-10
8.97317e-11
3.88087e-11
1.63774e-11
6.77613e-12
2.76071e-12
1.10763e-12
4.34852e-13
1.63134e-13
5.37229e-14
9.35561e-15
0.999951
0.999746
0.99936
0.998681
0.997543
0.995712
0.99286
0.988552
0.982237
0.973255
0.960984
0.945003
0.92503
0.901031
0.873226
0.842047
0.808073
0.771962
0.734386
0.695986
0.65734
0.618945
0.581213
0.544473
0.508976
0.474901
0.442371
0.411457
0.382192
0.354574
0.32858
0.304167
0.281279
0.259854
0.23982
0.221104
0.203631
0.187327
0.172117
0.15793
0.144697
0.132353
0.120834
0.110082
0.100041
0.0906587
0.0818874
0.0736825
0.0660026
0.0588081
0.0520632
0.0457363
0.0397994
0.0342292
0.0290375
0.0242308
0.0196751
0.015464
0.0117001
0.00831875
0.00550182
0.00332196
0.00198623
0.00117346
0.000683529
0.000391777
0.000220542
0.0001217
6.57022e-05
3.46288e-05
1.77774e-05
8.86695e-06
4.2858e-06
2.00653e-06
9.15174e-07
4.21362e-07
2.13817e-07
1.25524e-07
8.19464e-08
5.56675e-08
3.75542e-08
2.47008e-08
1.57329e-08
9.66406e-09
5.70121e-09
3.21534e-09
1.72537e-09
8.77357e-10
4.21691e-10
1.94237e-10
8.62304e-11
3.71147e-11
1.5601e-11
6.43658e-12
2.61202e-12
1.04295e-12
4.07385e-13
1.52109e-13
4.99016e-14
8.67548e-15
0.99995
0.999741
0.999348
0.998657
0.997501
0.995643
0.992753
0.988392
0.982004
0.972926
0.960517
0.94436
0.924174
0.899928
0.871848
0.840377
0.806105
0.769701
0.731845
0.693188
0.654312
0.61572
0.577829
0.540966
0.505383
0.471259
0.438713
0.407815
0.378594
0.351047
0.325145
0.300842
0.278081
0.256793
0.236907
0.218345
0.201032
0.184889
0.169841
0.155816
0.142742
0.130554
0.119187
0.108582
0.0986815
0.0894334
0.0807864
0.0727103
0.0651503
0.0580668
0.0514254
0.045195
0.0393477
0.0338602
0.0287467
0.0240031
0.0195084
0.0153505
0.0116273
0.00827829
0.00548215
0.00331077
0.00197915
0.00116913
0.000680978
0.000390328
0.000219755
0.000121293
6.55043e-05
3.45405e-05
1.77433e-05
8.85664e-06
4.28478e-06
2.00835e-06
9.17417e-07
4.23393e-07
2.15192e-07
1.26277e-07
8.23033e-08
5.57956e-08
3.75482e-08
2.46285e-08
1.56394e-08
9.5745e-09
5.62757e-09
3.16103e-09
1.68881e-09
8.54635e-10
4.08814e-10
1.87447e-10
8.28502e-11
3.55288e-11
1.48664e-11
6.09567e-12
2.45758e-12
9.75227e-13
3.78832e-13
1.40817e-13
4.60558e-14
7.99393e-15
0.999948
0.999734
0.999332
0.998626
0.997448
0.995557
0.99262
0.988195
0.981719
0.972526
0.959952
0.943584
0.923142
0.898599
0.870192
0.838374
0.80375
0.767
0.728819
0.689865
0.65073
0.611921
0.573857
0.536869
0.501206
0.467046
0.434505
0.403648
0.374501
0.347055
0.321279
0.297122
0.274521
0.253406
0.2337
0.215325
0.198201
0.182247
0.167388
0.153548
0.140656
0.128644
0.117448
0.107007
0.0972662
0.0881718
0.0796756
0.0717286
0.0642881
0.057319
0.050786
0.0446568
0.0389036
0.0335026
0.0284696
0.0237911
0.0193587
0.0152536
0.011557
0.00827201
0.00548779
0.00331644
0.00198195
0.00117063
0.000681855
0.000390889
0.000220132
0.000121551
6.56796e-05
3.46563e-05
1.78157e-05
8.90089e-06
4.31087e-06
2.02336e-06
9.25741e-07
4.28029e-07
2.17748e-07
1.27676e-07
8.3028e-08
5.61376e-08
3.76883e-08
2.46579e-08
1.56089e-08
9.52122e-09
5.57393e-09
3.11718e-09
1.6573e-09
8.34076e-10
3.96948e-10
1.81051e-10
7.95784e-11
3.39393e-11
1.41023e-11
5.7432e-12
2.30128e-12
9.08148e-13
3.51061e-13
1.29971e-13
4.23932e-14
7.34935e-15
0.999947
0.999725
0.99931
0.998585
0.997378
0.995445
0.992448
0.98794
0.981354
0.972016
0.959238
0.942612
0.921857
0.896957
0.868157
0.835926
0.800886
0.763735
0.72518
0.685892
0.646472
0.607433
0.569197
0.532094
0.496372
0.462204
0.429703
0.398928
0.369898
0.3426
0.316995
0.293028
0.270632
0.24973
0.230244
0.212091
0.195188
0.179453
0.164809
0.151178
0.138488
0.12667
0.11566
0.105397
0.0958245
0.0868902
0.0785462
0.070735
0.063426
0.0565798
0.0501609
0.0441375
0.0384818
0.0331701
0.0282189
0.0236074
0.0192399
0.0151909
0.0115273
0.00827472
0.0055061
0.00333458
0.00199277
0.00117717
0.000685843
0.000393325
0.000221616
0.000122449
6.62158e-05
3.49717e-05
1.7999e-05
9.00544e-06
4.36966e-06
2.0541e-06
9.41174e-07
4.35863e-07
2.21851e-07
1.29872e-07
8.42259e-08
5.67833e-08
3.80083e-08
2.47942e-08
1.56502e-08
9.51362e-09
5.54664e-09
3.0879e-09
1.63357e-09
8.1756e-10
3.87084e-10
1.75551e-10
7.67022e-11
3.24686e-11
1.34043e-11
5.42568e-12
2.16141e-12
8.48289e-13
3.26314e-13
1.20325e-13
3.91376e-14
6.77631e-15
0.999944
0.999713
0.999282
0.998531
0.997284
0.995295
0.992221
0.987609
0.980886
0.971371
0.958343
0.941402
0.920267
0.89493
0.865653
0.832925
0.797391
0.759771
0.720791
0.681136
0.641417
0.602153
0.563765
0.526581
0.490846
0.456725
0.424323
0.393692
0.364842
0.337751
0.312376
0.288654
0.266512
0.24587
0.226643
0.208747
0.192096
0.176607
0.162199
0.148795
0.136322
0.12471
0.113895
0.103816
0.0944151
0.0856409
0.0774442
0.0697791
0.0626045
0.0558822
0.0495776
0.0436594
0.0381002
0.0328765
0.0280048
0.0234585
0.0191542
0.0151589
0.0115262
0.00829961
0.00554273
0.00336831
0.00201361
0.00119005
0.00069378
0.00039818
0.000224555
0.000124204
6.72478e-05
3.55692e-05
1.83417e-05
9.19362e-06
4.46569e-06
2.10242e-06
9.65383e-07
4.47762e-07
2.27743e-07
1.3296e-07
8.59332e-08
5.77573e-08
3.85489e-08
2.50672e-08
1.57673e-08
9.55286e-09
5.54873e-09
3.07458e-09
1.61783e-09
8.04859e-10
3.78965e-10
1.7081e-10
7.41087e-11
3.11566e-11
1.27786e-11
5.14384e-12
2.0382e-12
7.95996e-13
3.04898e-13
1.12054e-13
3.63672e-14
6.29051e-15
0.999941
0.999698
0.999246
0.998459
0.997159
0.995091
0.991906
0.987143
0.980223
0.970456
0.957093
0.939736
0.918115
0.892234
0.86238
0.829073
0.792988
0.75487
0.715462
0.675461
0.635482
0.596049
0.55758
0.520398
0.484736
0.450752
0.418538
0.388136
0.359545
0.332735
0.307654
0.284232
0.262391
0.242047
0.223111
0.205497
0.189117
0.173887
0.159724
0.146552
0.134297
0.12289
0.112266
0.102365
0.093131
0.0845111
0.0764574
0.0689266
0.0618764
0.0552688
0.0490698
0.0432486
0.0377781
0.0326351
0.0278353
0.023348
0.019101
0.0151543
0.0115497
0.00834582
0.00559804
0.00341882
0.0020441
0.00120853
0.000704961
0.000404905
0.000228562
0.000126563
6.86177e-05
3.63543e-05
1.87637e-05
9.41672e-06
4.58547e-06
2.16474e-06
9.96295e-07
4.62643e-07
2.34961e-07
1.36721e-07
8.80414e-08
5.90067e-08
3.92878e-08
2.54841e-08
1.59822e-08
9.64751e-09
5.58274e-09
3.08248e-09
1.61495e-09
7.99298e-10
3.74672e-10
1.68132e-10
7.2641e-11
3.03926e-11
1.23905e-11
4.95137e-12
1.95062e-12
7.58033e-13
2.89227e-13
1.06004e-13
3.43481e-14
5.93744e-15
0.999938
0.999681
0.999203
0.998372
0.997
0.994819
0.991465
0.986459
0.979203
0.96899
0.95506
0.937001
0.914602
0.887924
0.857325
0.823408
0.786926
0.748712
0.709114
0.668935
0.628845
0.589386
0.550979
0.513939
0.478485
0.444762
0.412847
0.382768
0.354516
0.32805
0.30331
0.280223
0.258706
0.238671
0.220029
0.202692
0.186572
0.171585
0.157648
0.144686
0.132626
0.121399
0.110942
0.101195
0.0921034
0.0836151
0.0756826
0.0682612
0.0613114
0.0547962
0.0486822
0.042939
0.0375397
0.0324616
0.0277188
0.0232781
0.0190768
0.0151683
0.0115898
0.00840212
0.00565845
0.00347105
0.00207624
0.00122829
0.000717045
0.000412227
0.000232946
0.000129151
7.01219e-05
3.71828e-05
1.92291e-05
9.67445e-06
4.72235e-06
2.2347e-06
1.03081e-06
4.79019e-07
2.42801e-07
1.40775e-07
9.03271e-08
6.03946e-08
4.01425e-08
2.60043e-08
1.62743e-08
9.79642e-09
5.64839e-09
3.10484e-09
1.61933e-09
7.97207e-10
3.71729e-10
1.65859e-10
7.1253e-11
2.96737e-11
1.20576e-11
4.80572e-12
1.88642e-12
7.31184e-13
2.78542e-13
1.0202e-13
3.30561e-14
5.71499e-15
0.999935
0.999667
0.99917
0.998307
0.996882
0.99462
0.991146
0.985969
0.978476
0.967955
0.953642
0.935131
0.912238
0.885045
0.853914
0.819416
0.782237
0.743067
0.703034
0.662729
0.622705
0.583434
0.545294
0.50857
0.473461
0.440094
0.408536
0.378807
0.35089
0.324744
0.300304
0.277497
0.256238
0.236442
0.218021
0.200885
0.18495
0.170131
0.156348
0.143527
0.131595
0.120485
0.110135
0.100485
0.0914822
0.0830748
0.0752161
0.0678626
0.0609747
0.054516
0.0484535
0.0427573
0.0374008
0.0323617
0.0276527
0.0232402
0.0190665
0.0151816
0.0116185
0.00844034
0.00569912
0.00350658
0.00209795
0.00124159
0.000725166
0.000417155
0.000235905
0.000130899
7.11209e-05
3.77769e-05
1.95683e-05
9.86164e-06
4.82319e-06
2.28734e-06
1.05728e-06
4.91723e-07
2.48943e-07
1.43999e-07
9.22114e-08
6.16169e-08
4.09533e-08
2.65054e-08
1.65834e-08
9.97984e-09
5.75034e-09
3.15719e-09
1.64376e-09
8.07775e-10
3.76012e-10
1.67412e-10
7.17312e-11
2.97809e-11
1.20618e-11
4.79431e-12
1.87869e-12
7.27114e-13
2.76696e-13
1.01278e-13
3.28049e-14
5.67103e-15
)
;

boundaryField
{
    fuel
    {
        type            fixedValue;
        value           uniform 1;
    }
    air
    {
        type            fixedValue;
        value           uniform 0;
    }
    outlet
    {
        type            inletOutlet;
        inletValue      uniform 0;
        value           nonuniform List<scalar> 
200
(
0.999935
0.999668
0.999171
0.99831
0.99689
0.994635
0.991172
0.986014
0.978551
0.968072
0.953819
0.935378
0.912565
0.885457
0.854405
0.819965
0.782803
0.743723
0.703754
0.663485
0.623477
0.584209
0.546061
0.509322
0.474191
0.440798
0.409211
0.379451
0.351503
0.325324
0.300853
0.278015
0.256727
0.236902
0.218453
0.201291
0.185331
0.170488
0.156683
0.143841
0.13189
0.120761
0.110394
0.100728
0.0917098
0.083288
0.0754158
0.0680497
0.06115
0.0546802
0.0486072
0.0429013
0.0375356
0.0324877
0.0277691
0.0233483
0.0191667
0.0152737
0.0117008
0.00851271
0.00575951
0.00355151
0.00212519
0.00125797
0.0007349
0.000422855
0.000239186
0.00013275
7.21427e-05
3.83263e-05
1.98569e-05
1.00089e-05
4.89602e-06
2.3221e-06
1.07313e-06
4.98453e-07
2.5178e-07
1.45308e-07
9.2903e-08
6.20419e-08
4.1232e-08
2.66892e-08
1.67019e-08
1.00536e-08
5.79378e-09
3.18211e-09
1.65747e-09
8.148e-10
3.79347e-10
1.68908e-10
7.23691e-11
3.00418e-11
1.21648e-11
4.83376e-12
1.89339e-12
7.3244e-13
2.78568e-13
1.01908e-13
3.29954e-14
5.70282e-15
0.999935
0.999667
0.99917
0.998307
0.996882
0.99462
0.991146
0.985969
0.978476
0.967955
0.953642
0.935131
0.912238
0.885045
0.853914
0.819416
0.782237
0.743067
0.703034
0.662729
0.622705
0.583434
0.545294
0.50857
0.473461
0.440094
0.408536
0.378807
0.35089
0.324744
0.300304
0.277497
0.256238
0.236442
0.218021
0.200885
0.18495
0.170131
0.156348
0.143527
0.131595
0.120485
0.110135
0.100485
0.0914822
0.0830748
0.0752161
0.0678626
0.0609747
0.054516
0.0484535
0.0427573
0.0374008
0.0323617
0.0276527
0.0232402
0.0190665
0.0151816
0.0116185
0.00844034
0.00569912
0.00350658
0.00209795
0.00124159
0.000725166
0.000417155
0.000235905
0.000130899
7.11209e-05
3.77769e-05
1.95683e-05
9.86164e-06
4.82319e-06
2.28734e-06
1.05728e-06
4.91723e-07
2.48943e-07
1.43999e-07
9.22114e-08
6.16169e-08
4.09533e-08
2.65054e-08
1.65834e-08
9.97984e-09
5.75034e-09
3.15719e-09
1.64376e-09
8.07775e-10
3.76012e-10
1.67412e-10
7.17312e-11
2.97809e-11
1.20618e-11
4.79431e-12
1.87869e-12
7.27114e-13
2.76696e-13
1.01278e-13
3.28049e-14
5.67103e-15
)
;
    }
    frontAndBack
    {
        type            empty;
    }
}


// ************************************************************************* //
