/*--------------------------------*- C++ -*----------------------------------*\
  =========                 |
  \\      /  F ield         | OpenFOAM: The Open Source CFD Toolbox
   \\    /   O peration     | Website:  https://openfoam.org
    \\  /    A nd           | Version:  11
     \\/     M anipulation  |
\*---------------------------------------------------------------------------*/
FoamFile
{
    format      ascii;
    class       volScalarField;
    location    "0.05";
    object      N2;
}
// * * * * * * * * * * * * * * * * * * * * * * * * * * * * * * * * * * * * * //

dimensions      [0 0 0 0 0 0 0];

internalField   nonuniform List<scalar> 
4000
(
6.4635e-05
0.000331962
0.000828582
0.00168964
0.0031104
0.00536523
0.00882737
0.0139853
0.0214476
0.0319245
0.0461748
0.0646101
0.0874115
0.114502
0.145524
0.17992
0.217018
0.256008
0.295857
0.335969
0.375777
0.414797
0.452642
0.489019
0.523721
0.556614
0.587623
0.616722
0.643921
0.669257
0.692787
0.71458
0.734715
0.753272
0.770336
0.785989
0.800314
0.813391
0.825294
0.836098
0.845869
0.854672
0.862567
0.869611
0.875856
0.881353
0.886147
0.890282
0.893797
0.896729
0.899113
0.900983
0.902369
0.9033
0.903801
0.903903
0.903629
0.903002
0.902057
0.900813
0.899282
0.897454
0.895358
0.892997
0.890369
0.88747
0.884296
0.880841
0.877098
0.873092
0.868806
0.864244
0.859413
0.854331
0.84902
0.843512
0.837823
0.831954
0.825977
0.819958
0.81396
0.808051
0.802356
0.79695
0.791924
0.78738
0.78339
0.78
0.777243
0.775101
0.773492
0.772321
0.771496
0.770931
0.770556
0.770316
0.770168
0.770081
0.770031
0.770006
6.19614e-05
0.000318405
0.000795423
0.00162365
0.00299197
0.00516614
0.00850861
0.0134956
0.0207234
0.0308935
0.0447631
0.062748
0.0850564
0.111629
0.142104
0.17587
0.212161
0.250272
0.289738
0.329747
0.369627
0.408833
0.44694
0.483626
0.518663
0.551901
0.583256
0.612693
0.640215
0.665857
0.689672
0.71173
0.732107
0.750887
0.768153
0.78399
0.79848
0.811706
0.823743
0.834665
0.844543
0.85344
0.86142
0.868537
0.874847
0.8804
0.885242
0.88942
0.892971
0.895934
0.898344
0.900235
0.901637
0.902581
0.903092
0.903199
0.902928
0.902299
0.901347
0.9001
0.898563
0.896724
0.894614
0.892237
0.889592
0.886675
0.883482
0.880011
0.876257
0.872189
0.867871
0.863288
0.858437
0.853337
0.848012
0.842496
0.836805
0.830938
0.824976
0.818987
0.813045
0.807243
0.801628
0.79631
0.791387
0.786931
0.783035
0.779731
0.777038
0.774949
0.773382
0.772244
0.771443
0.770898
0.770537
0.770306
0.770163
0.770078
0.77003
0.770006
5.86346e-05
0.000301221
0.000752578
0.00153668
0.00283294
0.00489468
0.00806886
0.0128138
0.0197073
0.0294344
0.0427428
0.0600316
0.0815692
0.107353
0.137098
0.170284
0.206234
0.244203
0.283442
0.32325
0.363001
0.402167
0.440322
0.477134
0.512363
0.545844
0.577479
0.607219
0.635059
0.661021
0.685154
0.70752
0.728193
0.747253
0.764782
0.780864
0.795582
0.809015
0.821243
0.832338
0.842372
0.851411
0.859517
0.866748
0.87316
0.878802
0.883723
0.887965
0.89157
0.89458
0.897029
0.898953
0.900382
0.901348
0.901875
0.901997
0.901738
0.901122
0.900153
0.898895
0.89735
0.895498
0.893373
0.890979
0.888316
0.885382
0.882174
0.87869
0.874928
0.870889
0.866524
0.861896
0.857035
0.851941
0.846631
0.841139
0.835482
0.829659
0.823751
0.817828
0.811958
0.80622
0.800699
0.795487
0.790685
0.786368
0.782571
0.779345
0.776746
0.774739
0.773238
0.772152
0.771387
0.770864
0.770516
0.770293
0.770156
0.770074
0.770029
0.770006
5.56257e-05
0.000286201
0.000716391
0.0014655
0.00270784
0.00469068
0.00775428
0.0123498
0.0190477
0.0285253
0.0415036
0.0583814
0.0794381
0.104684
0.133857
0.166467
0.201868
0.239337
0.278143
0.317594
0.357075
0.396059
0.434117
0.470913
0.506196
0.539793
0.571592
0.601536
0.629606
0.655819
0.680214
0.702847
0.723786
0.743107
0.760887
0.77721
0.792155
0.805802
0.818228
0.829507
0.83971
0.848902
0.857147
0.864503
0.871027
0.876768
0.881776
0.886095
0.889769
0.892837
0.895336
0.897301
0.898765
0.899759
0.900309
0.900448
0.900202
0.899594
0.898653
0.89738
0.895825
0.893964
0.891829
0.889424
0.88675
0.883805
0.880588
0.877099
0.873336
0.869303
0.865007
0.860414
0.85552
0.85042
0.845143
0.839701
0.834103
0.828346
0.822515
0.816678
0.810905
0.805272
0.799869
0.794795
0.790107
0.785862
0.782153
0.779039
0.776524
0.774584
0.773132
0.772078
0.771334
0.770826
0.770492
0.770279
0.770148
0.770071
0.770028
0.770005
5.32055e-05
0.000274087
0.00068758
0.00141064
0.00261417
0.00454161
0.00752872
0.0120214
0.018584
0.0278877
0.0406207
0.0571885
0.0778707
0.102685
0.131386
0.163501
0.198409
0.235407
0.273783
0.31286
0.352031
0.390776
0.428665
0.465361
0.500609
0.534229
0.566101
0.596158
0.624377
0.650765
0.675353
0.698192
0.719344
0.73888
0.756875
0.773407
0.788555
0.802395
0.815004
0.826455
0.836818
0.846158
0.854538
0.862016
0.868649
0.874487
0.879577
0.883983
0.88773
0.89086
0.893413
0.895423
0.896925
0.897951
0.898526
0.898686
0.898457
0.897864
0.896939
0.895705
0.894151
0.892288
0.890155
0.887751
0.885075
0.882129
0.878912
0.875422
0.871659
0.86763
0.863339
0.858793
0.854006
0.848948
0.84369
0.838293
0.832764
0.827085
0.821338
0.815594
0.809923
0.804405
0.799124
0.794136
0.789516
0.785385
0.78179
0.778761
0.77631
0.774421
0.773012
0.771992
0.771277
0.770791
0.770471
0.770267
0.770141
0.770068
0.770026
0.770005
5.14108e-05
0.000265159
0.000666396
0.00137013
0.00254469
0.0044302
0.00735831
0.0117701
0.0182245
0.0273874
0.0399202
0.0562346
0.0766105
0.101072
0.129384
0.16109
0.195583
0.232178
0.270175
0.308911
0.347786
0.386286
0.423986
0.460547
0.495714
0.5293
0.561183
0.591291
0.619593
0.646092
0.670812
0.6938
0.715112
0.734815
0.75298
0.769683
0.784999
0.799003
0.81177
0.823371
0.833875
0.843347
0.85185
0.859442
0.866179
0.872111
0.877285
0.881765
0.88558
0.88877
0.891375
0.89343
0.894971
0.89603
0.896633
0.896815
0.896606
0.896029
0.895121
0.893904
0.892398
0.890565
0.888453
0.886069
0.883416
0.880491
0.877294
0.873825
0.870079
0.866052
0.861775
0.85725
0.852488
0.847515
0.842337
0.836988
0.831511
0.825908
0.820245
0.814599
0.809046
0.803642
0.798428
0.793513
0.789009
0.784977
0.781469
0.778516
0.776125
0.774286
0.772916
0.771924
0.771233
0.770763
0.770454
0.770257
0.770136
0.770065
0.770025
0.770005
5.0084e-05
0.000258572
0.000650829
0.00134006
0.00249258
0.00434586
0.00722825
0.0115768
0.017946
0.0269972
0.0393689
0.0554776
0.0756031
0.0997738
0.127762
0.159124
0.193265
0.229513
0.26718
0.305612
0.344217
0.382486
0.419997
0.456413
0.491476
0.524999
0.556857
0.586974
0.615315
0.641878
0.666683
0.689773
0.711201
0.731028
0.749324
0.76616
0.78161
0.795748
0.808644
0.820371
0.830995
0.840582
0.849193
0.856887
0.86372
0.869746
0.875017
0.879549
0.883417
0.886658
0.88931
0.891408
0.892987
0.894078
0.894711
0.894918
0.89473
0.89417
0.893278
0.892067
0.89056
0.888734
0.886632
0.884259
0.881617
0.878708
0.875532
0.872092
0.868393
0.864446
0.86023
0.855763
0.851061
0.846148
0.841042
0.83577
0.830369
0.82483
0.819258
0.813713
0.808237
0.802883
0.79777
0.792972
0.788564
0.784618
0.781187
0.778301
0.775965
0.774171
0.772835
0.771871
0.771196
0.77074
0.770439
0.770249
0.770132
0.770063
0.770024
0.770005
4.90477e-05
0.000253396
0.0006385
0.00131627
0.00245122
0.00427855
0.00712375
0.0114204
0.0177192
0.026678
0.0389158
0.0548534
0.0747704
0.0986985
0.126417
0.15749
0.191334
0.227287
0.26467
0.302837
0.341202
0.379262
0.416596
0.452868
0.487822
0.52127
0.553083
0.583184
0.611534
0.638129
0.662986
0.686143
0.707651
0.727569
0.745962
0.7629
0.778455
0.792697
0.805699
0.817528
0.828251
0.837933
0.846634
0.854412
0.861323
0.867419
0.872747
0.877354
0.881283
0.884577
0.887276
0.889415
0.891031
0.892157
0.89282
0.893054
0.892891
0.892354
0.891485
0.890282
0.888796
0.886988
0.884905
0.882551
0.87993
0.877044
0.873894
0.870482
0.866809
0.86288
0.8587
0.854277
0.849626
0.844774
0.839749
0.834597
0.829302
0.823861
0.818375
0.812896
0.807481
0.802229
0.797211
0.792501
0.788176
0.784306
0.780944
0.778119
0.775832
0.774075
0.772768
0.771827
0.771168
0.770721
0.770428
0.770242
0.770128
0.770061
0.770024
0.770004
4.82062e-05
0.00024919
0.000628453
0.00129681
0.00241729
0.00422313
0.00703739
0.0112907
0.0175306
0.0264115
0.0385364
0.0543298
0.0740707
0.0977938
0.125284
0.156112
0.189704
0.225404
0.262543
0.300479
0.338635
0.376508
0.413681
0.44982
0.484668
0.518037
0.549797
0.579868
0.608211
0.634817
0.659702
0.682902
0.704465
0.724447
0.742912
0.759927
0.775562
0.789887
0.802971
0.814882
0.825686
0.835446
0.844221
0.852071
0.859049
0.865207
0.870594
0.875257
0.879237
0.882578
0.885319
0.887499
0.889151
0.89031
0.891003
0.891265
0.891128
0.890616
0.889771
0.888591
0.887128
0.885343
0.883283
0.880954
0.87836
0.875502
0.872384
0.869005
0.865369
0.86148
0.857345
0.852971
0.848374
0.843577
0.838611
0.833511
0.828292
0.822949
0.817527
0.812133
0.806819
0.801657
0.796721
0.792089
0.787839
0.784037
0.780735
0.777962
0.775719
0.773993
0.772712
0.771788
0.771143
0.770705
0.770418
0.770236
0.770125
0.770059
0.770023
0.770004
4.74989e-05
0.00024566
0.000620029
0.00128047
0.00238871
0.00417629
0.00696414
0.0111803
0.0173694
0.0261832
0.0382111
0.0538806
0.0734709
0.0970187
0.124313
0.154933
0.188308
0.223792
0.260721
0.298459
0.336432
0.374141
0.411171
0.44719
0.48194
0.515232
0.546937
0.576972
0.605298
0.631903
0.656802
0.680028
0.701627
0.721655
0.740172
0.757244
0.772941
0.78733
0.800479
0.812456
0.823324
0.833147
0.841984
0.849893
0.856926
0.863136
0.868572
0.873278
0.877307
0.880692
0.883474
0.88569
0.887377
0.888567
0.889291
0.88958
0.889471
0.888984
0.888164
0.887011
0.885572
0.883813
0.881779
0.879477
0.876912
0.874086
0.871001
0.867658
0.864062
0.860216
0.856126
0.851803
0.847259
0.842519
0.837612
0.832574
0.82742
0.82214
0.816812
0.811486
0.806246
0.801158
0.796294
0.791731
0.787546
0.783803
0.780555
0.777827
0.775621
0.773923
0.772662
0.771755
0.771121
0.770691
0.77041
0.770231
0.770122
0.770058
0.770023
0.770004
4.68965e-05
0.000242653
0.000612842
0.0012665
0.00236422
0.00413605
0.00690103
0.0110849
0.0172298
0.0259848
0.0379283
0.0534904
0.0729503
0.0963469
0.123473
0.153913
0.187102
0.2224
0.259148
0.296715
0.33453
0.372096
0.409002
0.444913
0.479575
0.512797
0.544448
0.574448
0.602751
0.629349
0.654252
0.677494
0.699117
0.719176
0.737732
0.754847
0.770591
0.785029
0.79823
0.810258
0.821179
0.831053
0.839941
0.847899
0.85498
0.861237
0.866719
0.871473
0.875535
0.878953
0.881768
0.884016
0.885733
0.886953
0.887706
0.888021
0.887938
0.887477
0.886682
0.885555
0.884142
0.882408
0.880401
0.878127
0.875592
0.872797
0.869746
0.86644
0.862883
0.859079
0.855034
0.850759
0.846266
0.84158
0.836729
0.83175
0.826657
0.821438
0.816168
0.810917
0.805745
0.800722
0.795922
0.791421
0.787292
0.783601
0.780399
0.77771
0.775536
0.773863
0.77262
0.771726
0.771102
0.77068
0.770403
0.770227
0.77012
0.770057
0.770022
0.770004
4.63779e-05
0.000240058
0.000606634
0.00125443
0.00234302
0.00410116
0.00684617
0.0110018
0.0171078
0.0258111
0.0376809
0.0531494
0.0724961
0.0957618
0.122743
0.153027
0.186056
0.221194
0.257786
0.295206
0.332884
0.370328
0.407125
0.442943
0.477526
0.510685
0.542288
0.572253
0.600534
0.627121
0.652023
0.675273
0.696913
0.716994
0.735577
0.752726
0.768505
0.782981
0.796222
0.808292
0.819254
0.82917
0.838099
0.846097
0.853218
0.859512
0.865029
0.869815
0.873913
0.877365
0.880211
0.882489
0.884235
0.885482
0.88626
0.886601
0.886542
0.886106
0.885335
0.884233
0.882845
0.881137
0.879156
0.87691
0.874403
0.871639
0.868621
0.86535
0.86183
0.858066
0.854063
0.849833
0.845387
0.840751
0.835952
0.831027
0.825991
0.820831
0.815619
0.810428
0.805313
0.800347
0.795601
0.791152
0.787073
0.783427
0.780264
0.77761
0.775464
0.773811
0.772584
0.771702
0.771087
0.77067
0.770397
0.770224
0.770118
0.770056
0.770022
0.770004
4.59388e-05
0.000237854
0.000601338
0.00124406
0.00232473
0.00407103
0.0067987
0.0109297
0.0170017
0.0256595
0.037465
0.0528523
0.0721008
0.0952532
0.122109
0.152259
0.185151
0.220151
0.25661
0.293903
0.331465
0.368803
0.405506
0.441244
0.47576
0.508864
0.540424
0.570356
0.598617
0.625191
0.65009
0.673344
0.694994
0.715092
0.733696
0.750868
0.766675
0.781182
0.794454
0.806556
0.817552
0.827502
0.836464
0.844495
0.851648
0.857974
0.863522
0.868338
0.872464
0.875944
0.878817
0.881121
0.882891
0.884162
0.884965
0.885328
0.885292
0.884879
0.884131
0.883053
0.881688
0.880004
0.878048
0.875827
0.873348
0.870613
0.867625
0.864387
0.860901
0.857173
0.85321
0.84902
0.844617
0.840026
0.835274
0.830397
0.825411
0.820302
0.81514
0.809998
0.804936
0.80002
0.795324
0.790921
0.786884
0.783277
0.780149
0.777524
0.775402
0.773766
0.772554
0.771682
0.771073
0.770662
0.770392
0.770221
0.770116
0.770055
0.770021
0.770004
4.55802e-05
0.000236055
0.000596931
0.00123535
0.00230941
0.00404544
0.00675825
0.010868
0.0169106
0.025529
0.037279
0.0525963
0.0717605
0.0948158
0.121564
0.1516
0.184374
0.219258
0.255603
0.292788
0.330251
0.3675
0.404124
0.439793
0.474251
0.507308
0.538831
0.568735
0.596976
0.623539
0.648434
0.671689
0.693346
0.713455
0.732074
0.749265
0.765093
0.779623
0.79292
0.805049
0.816071
0.826048
0.835037
0.843095
0.850275
0.856627
0.862201
0.867041
0.871192
0.874696
0.877591
0.879917
0.881709
0.883002
0.883826
0.884209
0.884194
0.883802
0.883075
0.882017
0.880674
0.879012
0.877078
0.874881
0.872427
0.869718
0.866758
0.863549
0.860094
0.8564
0.852471
0.848317
0.843953
0.839401
0.83469
0.829855
0.824913
0.819849
0.814731
0.809633
0.804615
0.799743
0.795088
0.790724
0.786724
0.78315
0.780051
0.777451
0.775349
0.773729
0.772528
0.771665
0.771062
0.770655
0.770388
0.770218
0.770115
0.770055
0.770021
0.770004
4.52836e-05
0.000234573
0.000593437
0.00122845
0.00229669
0.00402433
0.00672461
0.0108164
0.016834
0.0254188
0.0371219
0.05238
0.071473
0.0944464
0.121104
0.151044
0.18372
0.218505
0.254755
0.29185
0.32923
0.366404
0.402962
0.438574
0.472983
0.506
0.537491
0.567372
0.595596
0.622148
0.647038
0.670293
0.691955
0.712072
0.730703
0.747908
0.763752
0.7783
0.791617
0.803766
0.814809
0.824808
0.833819
0.841898
0.8491
0.855473
0.861068
0.865929
0.8701
0.873623
0.876538
0.878883
0.880693
0.882004
0.882847
0.883248
0.883251
0.882877
0.882168
0.881129
0.879805
0.878162
0.876248
0.874072
0.87164
0.868954
0.866018
0.862835
0.859408
0.855742
0.851843
0.847721
0.843389
0.838872
0.834196
0.829398
0.824493
0.819467
0.814387
0.809327
0.804346
0.79951
0.79489
0.790559
0.78659
0.783044
0.779969
0.777391
0.775306
0.773698
0.772507
0.77165
0.771053
0.770649
0.770384
0.770216
0.770114
0.770054
0.770021
0.770004
4.50398e-05
0.000233344
0.000590451
0.00122265
0.00228676
0.00400728
0.00669733
0.0107745
0.0167716
0.0253287
0.0369932
0.0522026
0.0712371
0.0941433
0.120727
0.150588
0.183183
0.217887
0.254059
0.291081
0.328393
0.365505
0.402009
0.437574
0.471944
0.504928
0.536393
0.566254
0.594463
0.621006
0.645892
0.669147
0.690811
0.710934
0.729574
0.74679
0.762646
0.777208
0.790539
0.802704
0.813764
0.823779
0.832807
0.840904
0.848122
0.854513
0.860124
0.865001
0.869189
0.872728
0.875659
0.878019
0.879846
0.881172
0.88203
0.882446
0.882464
0.882106
0.881412
0.880389
0.879081
0.877454
0.875558
0.8734
0.870986
0.86832
0.865405
0.862243
0.858839
0.855197
0.851324
0.847228
0.842924
0.838435
0.833789
0.829021
0.824147
0.819154
0.814105
0.809076
0.804125
0.799319
0.794728
0.790425
0.78648
0.782957
0.779903
0.777341
0.77527
0.773673
0.77249
0.771639
0.771046
0.770644
0.770381
0.770215
0.770113
0.770054
0.770021
0.770004
4.48488e-05
0.000232382
0.000588122
0.00121806
0.00227859
0.00399411
0.00667616
0.0107417
0.0167226
0.025258
0.0368921
0.0520632
0.0710517
0.0939048
0.12043
0.150229
0.18276
0.217401
0.253511
0.290475
0.327733
0.364797
0.401258
0.436786
0.471125
0.504083
0.535528
0.565372
0.59357
0.620106
0.644987
0.668241
0.689907
0.710035
0.72868
0.745904
0.761769
0.776341
0.789684
0.80186
0.812933
0.82296
0.832001
0.840111
0.847342
0.853746
0.859369
0.86426
0.86846
0.872012
0.874956
0.877329
0.879167
0.880506
0.881376
0.881804
0.881834
0.881489
0.880807
0.879797
0.878502
0.876889
0.875006
0.872863
0.870464
0.867814
0.864916
0.861772
0.858386
0.854764
0.850911
0.846837
0.842555
0.838089
0.833466
0.828722
0.823874
0.818906
0.813882
0.808877
0.803951
0.799169
0.7946
0.790318
0.786394
0.782889
0.779851
0.777302
0.775243
0.773654
0.772476
0.77163
0.77104
0.770641
0.770379
0.770213
0.770112
0.770053
0.770021
0.770004
4.47112e-05
0.000231688
0.000586434
0.00121472
0.00227261
0.00398416
0.00666035
0.0107176
0.0166868
0.0252062
0.0368181
0.0519612
0.0709158
0.09373
0.120212
0.149965
0.182449
0.217043
0.253107
0.290029
0.327247
0.364275
0.400704
0.436205
0.47052
0.503459
0.534888
0.564721
0.59291
0.619439
0.644317
0.66757
0.689237
0.709367
0.728017
0.745246
0.761118
0.775697
0.789047
0.801232
0.812313
0.82235
0.8314
0.839519
0.84676
0.853172
0.858806
0.863705
0.867915
0.871476
0.874429
0.876811
0.878659
0.880006
0.880886
0.881323
0.881362
0.881026
0.880354
0.879354
0.878069
0.876466
0.874594
0.872461
0.870074
0.867436
0.86455
0.86142
0.858048
0.85444
0.850603
0.846545
0.842279
0.837831
0.833225
0.8285
0.82367
0.818721
0.813715
0.80873
0.803822
0.799057
0.794505
0.790239
0.78633
0.782838
0.779812
0.777274
0.775222
0.773639
0.772466
0.771623
0.771036
0.770638
0.770378
0.770213
0.770112
0.770053
0.770021
0.770004
4.46246e-05
0.000231252
0.000585382
0.00121265
0.00226892
0.00397791
0.00665045
0.0107024
0.0166642
0.0251735
0.0367713
0.0518964
0.0708294
0.0936185
0.120073
0.149796
0.182249
0.216812
0.252847
0.28974
0.326932
0.363937
0.400345
0.435827
0.470127
0.503053
0.534471
0.564295
0.592478
0.619004
0.643879
0.667131
0.688798
0.70893
0.727581
0.744813
0.760689
0.775273
0.788628
0.800818
0.811904
0.821947
0.831003
0.839128
0.846375
0.852794
0.858433
0.863338
0.867553
0.871121
0.874079
0.876467
0.878321
0.879675
0.880561
0.881004
0.881049
0.880719
0.880053
0.87906
0.877781
0.876185
0.874319
0.872194
0.869815
0.867185
0.864308
0.861186
0.857824
0.854226
0.850398
0.846351
0.842097
0.837659
0.833066
0.828353
0.823535
0.818599
0.813606
0.808632
0.803736
0.798982
0.794442
0.790187
0.786287
0.782805
0.779786
0.777254
0.775208
0.773629
0.77246
0.771619
0.771033
0.770636
0.770377
0.770212
0.770112
0.770053
0.770021
0.770004
4.45846e-05
0.000231051
0.000584897
0.00121169
0.00226722
0.0039751
0.00664607
0.0106957
0.0166543
0.0251593
0.0367509
0.0518682
0.0707916
0.0935695
0.120011
0.149721
0.18216
0.216709
0.25273
0.289609
0.326788
0.363781
0.400179
0.435652
0.469943
0.502863
0.534276
0.564095
0.592275
0.618797
0.643671
0.666922
0.688589
0.70872
0.727373
0.744606
0.760483
0.775068
0.788425
0.800617
0.811706
0.821751
0.830809
0.838937
0.846186
0.852607
0.858249
0.863157
0.867375
0.870945
0.873907
0.876298
0.878154
0.87951
0.880399
0.880845
0.880894
0.880567
0.879904
0.878913
0.877638
0.876045
0.874183
0.872062
0.869686
0.86706
0.864187
0.86107
0.857712
0.854119
0.850297
0.846255
0.842006
0.837574
0.832987
0.828279
0.823468
0.818537
0.81355
0.808583
0.803692
0.798945
0.79441
0.79016
0.786266
0.782788
0.779773
0.777245
0.775201
0.773624
0.772456
0.771617
0.771031
0.770635
0.770376
0.770212
0.770111
0.770053
0.77002
0.770004
4.4589e-05
0.000231074
0.000584956
0.00121182
0.00226746
0.00397553
0.00664682
0.010697
0.0166563
0.0251622
0.0367551
0.0518738
0.0707987
0.0935783
0.120022
0.149733
0.182173
0.216723
0.252745
0.289626
0.326806
0.363799
0.400197
0.43567
0.469961
0.50288
0.534293
0.564112
0.592291
0.618813
0.643686
0.666936
0.688602
0.708733
0.727385
0.744617
0.760494
0.775078
0.788434
0.800626
0.811714
0.821758
0.830816
0.838943
0.846191
0.852612
0.858253
0.863161
0.867379
0.870948
0.873909
0.8763
0.878156
0.879512
0.880401
0.880847
0.880894
0.880567
0.879904
0.878914
0.877638
0.876045
0.874183
0.872062
0.869686
0.86706
0.864187
0.861069
0.857712
0.854118
0.850296
0.846254
0.842005
0.837573
0.832985
0.828278
0.823466
0.818536
0.813549
0.808581
0.803691
0.798944
0.794409
0.790159
0.786265
0.782787
0.779772
0.777244
0.775201
0.773624
0.772456
0.771617
0.771031
0.770635
0.770376
0.770212
0.770111
0.770053
0.77002
0.770004
4.46374e-05
0.000231318
0.000585551
0.001213
0.00226959
0.00397913
0.00665263
0.0107061
0.0166699
0.0251819
0.0367831
0.0519122
0.0708496
0.0936434
0.120102
0.149831
0.182288
0.216855
0.252893
0.289788
0.326982
0.363988
0.400397
0.435879
0.470179
0.503104
0.534521
0.564345
0.592526
0.61905
0.643923
0.667173
0.688839
0.708968
0.727617
0.744847
0.760721
0.775302
0.788656
0.800843
0.811928
0.821968
0.831022
0.839146
0.84639
0.852808
0.858445
0.863349
0.867564
0.87113
0.874087
0.876474
0.878327
0.879679
0.880565
0.881008
0.881052
0.880721
0.880055
0.879061
0.877782
0.876185
0.87432
0.872194
0.869814
0.867183
0.864306
0.861184
0.857821
0.854223
0.850395
0.846347
0.842093
0.837655
0.833062
0.828348
0.82353
0.818594
0.813601
0.808627
0.803731
0.798978
0.794438
0.790183
0.786284
0.782802
0.779784
0.777253
0.775207
0.773628
0.772459
0.771619
0.771032
0.770636
0.770376
0.770212
0.770112
0.770053
0.770021
0.770004
4.47314e-05
0.000231793
0.000586707
0.0012153
0.00227372
0.0039861
0.00666391
0.0107231
0.0166947
0.0252178
0.0368346
0.0519837
0.0709453
0.0937672
0.120257
0.150019
0.18251
0.21711
0.25318
0.290106
0.327328
0.364359
0.40079
0.436291
0.470606
0.503544
0.534972
0.564802
0.592989
0.619516
0.644391
0.667641
0.689305
0.709431
0.728077
0.745303
0.761171
0.775747
0.789094
0.801275
0.812353
0.822386
0.831433
0.839549
0.846787
0.853197
0.858828
0.863725
0.867932
0.871491
0.874442
0.876822
0.878668
0.880014
0.880892
0.881328
0.881366
0.881028
0.880356
0.879355
0.878069
0.876465
0.874593
0.87246
0.870072
0.867433
0.864547
0.861416
0.858044
0.854435
0.850597
0.846539
0.842273
0.837824
0.833219
0.828493
0.823663
0.818714
0.813708
0.808723
0.803815
0.79905
0.794499
0.790234
0.786325
0.782835
0.779809
0.777271
0.77522
0.773638
0.772465
0.771623
0.771035
0.770638
0.770377
0.770213
0.770112
0.770053
0.770021
0.770004
4.48727e-05
0.000232506
0.000588436
0.00121872
0.0022798
0.00399626
0.00667947
0.010747
0.0167315
0.0252718
0.0369123
0.0520915
0.0710894
0.0939529
0.120489
0.150299
0.18284
0.21749
0.253609
0.29058
0.327843
0.364911
0.401375
0.436904
0.471243
0.5042
0.535643
0.565485
0.59368
0.620212
0.64509
0.668339
0.690001
0.710124
0.728764
0.745983
0.761844
0.776411
0.789748
0.80192
0.812988
0.823011
0.832048
0.840153
0.84738
0.85378
0.8594
0.864287
0.868484
0.872033
0.874974
0.877344
0.87918
0.880516
0.881385
0.881811
0.88184
0.881492
0.88081
0.879799
0.878503
0.876889
0.875005
0.872861
0.870461
0.86781
0.864911
0.861766
0.85838
0.854757
0.850903
0.846829
0.842546
0.83808
0.833457
0.828713
0.823865
0.818896
0.813873
0.808869
0.803943
0.799161
0.794593
0.790312
0.786389
0.782885
0.779847
0.7773
0.775241
0.773652
0.772475
0.771629
0.771039
0.77064
0.770379
0.770213
0.770112
0.770053
0.770021
0.770004
4.50637e-05
0.000233469
0.000590778
0.00122336
0.00228793
0.00400925
0.00670079
0.0107805
0.0167814
0.0253442
0.0370162
0.0522351
0.071281
0.0941999
0.120797
0.150672
0.18328
0.217997
0.254179
0.29121
0.328529
0.365647
0.402155
0.437722
0.472093
0.505076
0.53654
0.566398
0.594604
0.621142
0.646023
0.669272
0.690931
0.711048
0.729681
0.746891
0.762741
0.777297
0.790622
0.802781
0.813835
0.823844
0.832866
0.840958
0.848171
0.854556
0.860163
0.865036
0.869219
0.872755
0.875682
0.878039
0.879862
0.881186
0.882042
0.882455
0.882471
0.882111
0.881415
0.880391
0.879082
0.877454
0.875556
0.873397
0.870982
0.868315
0.865398
0.862236
0.858831
0.855188
0.851314
0.847218
0.842913
0.838424
0.833778
0.82901
0.824136
0.819142
0.814094
0.809065
0.804116
0.79931
0.79472
0.790417
0.786474
0.782952
0.779899
0.777338
0.775268
0.773672
0.772489
0.771638
0.771045
0.770644
0.770381
0.770215
0.770113
0.770054
0.770021
0.770004
4.53074e-05
0.000234695
0.000593738
0.00122904
0.00229801
0.00402685
0.00672875
0.0108233
0.0168451
0.0254362
0.0371478
0.0524167
0.0715229
0.0945113
0.121185
0.151142
0.183833
0.218633
0.254897
0.292004
0.329393
0.366574
0.403137
0.438752
0.473163
0.506179
0.537669
0.567546
0.595766
0.622313
0.647197
0.670446
0.692101
0.712211
0.730834
0.748032
0.763869
0.778409
0.791718
0.80386
0.814896
0.824887
0.833891
0.841964
0.849159
0.855526
0.861115
0.86597
0.870136
0.873655
0.876566
0.878907
0.880714
0.882021
0.882861
0.883259
0.883259
0.882883
0.882172
0.881132
0.879806
0.878161
0.876246
0.874068
0.871635
0.868948
0.866011
0.862826
0.859398
0.855731
0.851831
0.847708
0.843376
0.838858
0.834182
0.829384
0.824479
0.819454
0.814374
0.809314
0.804334
0.799499
0.79488
0.790551
0.786583
0.783038
0.779965
0.777387
0.775303
0.773697
0.772506
0.77165
0.771052
0.770649
0.770384
0.770216
0.770114
0.770054
0.770021
0.770004
4.56105e-05
0.000236213
0.000597335
0.0012362
0.00231099
0.00404827
0.00676314
0.0108761
0.0169235
0.0255489
0.0373086
0.0526384
0.0718177
0.0948904
0.121657
0.151713
0.184506
0.219407
0.255768
0.292968
0.330442
0.367699
0.40433
0.440003
0.474463
0.507519
0.53904
0.568941
0.597177
0.623734
0.648622
0.67187
0.693519
0.713619
0.73223
0.749412
0.765231
0.779752
0.79304
0.805159
0.816173
0.826142
0.835123
0.843173
0.850345
0.85669
0.862257
0.867091
0.871236
0.874734
0.877624
0.879946
0.881733
0.883022
0.883842
0.884222
0.884204
0.883809
0.883079
0.88202
0.880675
0.879011
0.877075
0.874877
0.872421
0.86971
0.866749
0.863538
0.860083
0.856387
0.852457
0.848302
0.843937
0.839385
0.834673
0.829839
0.824896
0.819833
0.814716
0.809619
0.804602
0.79973
0.795076
0.790714
0.786715
0.783143
0.780046
0.777447
0.775346
0.773727
0.772527
0.771664
0.771062
0.770654
0.770387
0.770218
0.770115
0.770055
0.770021
0.770004
4.59773e-05
0.000238054
0.000601839
0.0012451
0.00232673
0.00407456
0.0068047
0.0109395
0.0170173
0.0256835
0.0375003
0.0529022
0.0721684
0.0953409
0.122218
0.152391
0.185304
0.220325
0.256802
0.294112
0.331686
0.369035
0.405746
0.441488
0.476006
0.509109
0.540667
0.570596
0.59885
0.625417
0.650309
0.673554
0.695194
0.715282
0.733876
0.751038
0.766834
0.78133
0.794592
0.806684
0.81767
0.82761
0.836563
0.844585
0.851729
0.858047
0.863587
0.868394
0.872515
0.875988
0.878856
0.881154
0.882919
0.884185
0.884984
0.885343
0.885303
0.884887
0.884137
0.883056
0.881689
0.880002
0.878044
0.875821
0.87334
0.870604
0.867614
0.864374
0.860887
0.857158
0.853194
0.849003
0.844599
0.840007
0.835255
0.830378
0.825391
0.820283
0.815122
0.809985
0.80492
0.800005
0.79531
0.790909
0.786874
0.783269
0.780142
0.777519
0.775398
0.773764
0.772552
0.771681
0.771073
0.770661
0.770391
0.770221
0.770116
0.770055
0.770021
0.770004
4.64259e-05
0.000240307
0.000607263
0.00125574
0.00234551
0.00410556
0.00685362
0.011014
0.017127
0.0258405
0.0377239
0.0532099
0.0725774
0.0958667
0.122873
0.153183
0.186237
0.221399
0.258012
0.295449
0.333142
0.370597
0.407402
0.443225
0.47781
0.510968
0.542568
0.572528
0.600802
0.62738
0.652274
0.675513
0.697141
0.717211
0.735782
0.752918
0.768685
0.78315
0.796378
0.808436
0.819387
0.829293
0.838211
0.846198
0.853309
0.859595
0.865103
0.869881
0.873971
0.877416
0.880255
0.882526
0.884266
0.885507
0.886281
0.886617
0.886554
0.886114
0.885341
0.884236
0.882846
0.881135
0.879151
0.876903
0.874394
0.871628
0.868608
0.865335
0.861814
0.858048
0.854045
0.849813
0.845366
0.840729
0.83593
0.831004
0.825967
0.820807
0.815594
0.810401
0.80529
0.800327
0.795585
0.791138
0.787061
0.783417
0.780256
0.777604
0.775459
0.773808
0.772582
0.771701
0.771086
0.770669
0.770396
0.770223
0.770118
0.770056
0.770022
0.770004
4.69563e-05
0.000242963
0.000613629
0.00126814
0.0023673
0.00414151
0.00691027
0.0111
0.0172536
0.0260211
0.0379812
0.0535642
0.0730489
0.0964734
0.123629
0.154099
0.187317
0.222642
0.259413
0.297
0.33483
0.372409
0.409323
0.445239
0.479901
0.513121
0.544768
0.574761
0.603056
0.629643
0.654536
0.677764
0.699375
0.71942
0.737962
0.755063
0.770793
0.785217
0.798404
0.810419
0.821327
0.831189
0.840065
0.848011
0.855082
0.861329
0.866803
0.871551
0.8756
0.879009
0.881816
0.884057
0.885768
0.886982
0.887728
0.888039
0.887951
0.887486
0.886687
0.885557
0.884142
0.882405
0.880395
0.878119
0.875581
0.872785
0.869731
0.866424
0.862865
0.859059
0.855013
0.850736
0.846242
0.841555
0.836704
0.831724
0.826632
0.821414
0.816145
0.810895
0.805725
0.800703
0.795905
0.791405
0.787278
0.78359
0.78039
0.777704
0.775531
0.773859
0.772618
0.771725
0.771101
0.770679
0.770402
0.770227
0.77012
0.770057
0.770022
0.770004
4.75729e-05
0.000246043
0.000620997
0.00128248
0.0023925
0.004183
0.00697549
0.0111988
0.0173986
0.0262276
0.0382754
0.05397
0.0735897
0.0971704
0.124499
0.155153
0.188562
0.224076
0.26103
0.298791
0.336781
0.374502
0.41154
0.447563
0.482312
0.515601
0.5473
0.577327
0.605641
0.632234
0.657119
0.680331
0.701915
0.721926
0.740427
0.757484
0.773164
0.787537
0.800671
0.812633
0.823487
0.833296
0.84212
0.850015
0.857036
0.863235
0.868658
0.873351
0.877374
0.880751
0.883525
0.885734
0.887413
0.888598
0.889315
0.889599
0.889484
0.888993
0.88817
0.887013
0.885572
0.883809
0.881772
0.879468
0.8769
0.874071
0.870984
0.867639
0.864041
0.860193
0.856102
0.851777
0.847231
0.842491
0.837583
0.832545
0.827391
0.822111
0.816785
0.811461
0.806222
0.801135
0.796273
0.791713
0.78753
0.783791
0.780545
0.77782
0.775615
0.773919
0.77266
0.771753
0.77112
0.770691
0.770409
0.770231
0.770122
0.770058
0.770023
0.770004
4.82941e-05
0.000249644
0.000629603
0.00129921
0.00242182
0.00423117
0.007051
0.0113129
0.0175655
0.0264646
0.0386134
0.0544364
0.0742121
0.0979735
0.125503
0.156372
0.19
0.225735
0.262902
0.300863
0.339036
0.376922
0.414102
0.450244
0.48509
0.518453
0.550205
0.580265
0.608594
0.635185
0.660054
0.683237
0.704782
0.724746
0.743192
0.760189
0.775806
0.790113
0.80318
0.815075
0.825863
0.835607
0.844368
0.852203
0.859167
0.865312
0.870687
0.875337
0.879308
0.882641
0.885374
0.887545
0.88919
0.890341
0.891029
0.891284
0.891142
0.890625
0.889776
0.888593
0.887126
0.885338
0.883275
0.880943
0.878346
0.875486
0.872364
0.868983
0.865345
0.861454
0.857317
0.852942
0.848343
0.843545
0.838578
0.833476
0.828254
0.822901
0.817494
0.812102
0.806791
0.801631
0.796697
0.792068
0.787821
0.784022
0.780723
0.777953
0.775712
0.773989
0.772709
0.771786
0.771142
0.770705
0.770418
0.770236
0.770125
0.770059
0.770023
0.770004
4.91546e-05
0.000253943
0.000639861
0.0013191
0.00245656
0.00428801
0.00713976
0.0114465
0.0177603
0.0267405
0.0390062
0.0549785
0.0749359
0.0989083
0.126673
0.157791
0.191678
0.227668
0.265083
0.303275
0.341659
0.379731
0.417071
0.453345
0.488295
0.521735
0.553537
0.583623
0.611958
0.638534
0.663372
0.686509
0.707996
0.727893
0.746266
0.763184
0.778718
0.792942
0.805924
0.817735
0.828441
0.838106
0.846791
0.854555
0.861452
0.867535
0.872852
0.877448
0.881365
0.884648
0.887335
0.889466
0.891073
0.892191
0.892847
0.893074
0.892906
0.892364
0.89149
0.890283
0.888793
0.886982
0.884894
0.882537
0.879913
0.877024
0.873871
0.870456
0.86678
0.862848
0.858666
0.854243
0.849591
0.844737
0.839713
0.834562
0.82927
0.823834
0.818329
0.812841
0.807442
0.802197
0.797183
0.792477
0.788156
0.78429
0.780931
0.778109
0.775825
0.77407
0.772766
0.771825
0.771166
0.77072
0.770427
0.770241
0.770128
0.770061
0.770024
0.770004
5.02058e-05
0.000259192
0.000652404
0.00134336
0.00249879
0.00435685
0.00724683
0.011607
0.0179935
0.0270695
0.0394735
0.0556221
0.0757939
0.100015
0.128056
0.159469
0.193657
0.229946
0.267648
0.306107
0.344731
0.383013
0.420528
0.456943
0.491999
0.525512
0.557356
0.587456
0.615777
0.642318
0.667102
0.690169
0.711573
0.731377
0.74965
0.766463
0.781891
0.796007
0.808884
0.820591
0.831196
0.840765
0.849359
0.857037
0.863856
0.869869
0.875129
0.879651
0.883504
0.886733
0.889373
0.891461
0.89303
0.894114
0.894739
0.89494
0.894746
0.894182
0.893288
0.892062
0.890553
0.888724
0.886618
0.884241
0.881595
0.878682
0.875503
0.872059
0.868353
0.864391
0.860187
0.855723
0.851019
0.846104
0.841002
0.835735
0.830342
0.824805
0.819235
0.813698
0.808207
0.802852
0.797741
0.792946
0.788543
0.7846
0.781173
0.778291
0.775958
0.774165
0.772832
0.771868
0.771195
0.770739
0.770439
0.770248
0.770131
0.770063
0.770024
0.770005
5.15475e-05
0.000265861
0.000668212
0.00137389
0.0025517
0.00444255
0.00737926
0.0118043
0.0182786
0.0274697
0.0400393
0.0563991
0.0768276
0.101347
0.129717
0.161479
0.196024
0.232664
0.270699
0.309463
0.348357
0.386869
0.424571
0.461129
0.496286
0.529858
0.561724
0.591811
0.62009
0.646564
0.671259
0.694221
0.715508
0.735185
0.753325
0.770003
0.785295
0.799276
0.812021
0.8236
0.834084
0.843538
0.852023
0.859598
0.866319
0.872237
0.877399
0.88186
0.885664
0.888843
0.891438
0.893484
0.895015
0.896066
0.896661
0.896837
0.896622
0.896039
0.895127
0.893904
0.892394
0.890557
0.88844
0.886049
0.883389
0.880461
0.877263
0.873797
0.870059
0.866048
0.861759
0.857228
0.852463
0.847488
0.842305
0.836956
0.831473
0.825868
0.820208
0.814565
0.809014
0.80361
0.798398
0.793486
0.788986
0.784958
0.781454
0.778504
0.776117
0.77428
0.772911
0.771922
0.771231
0.770762
0.770453
0.770257
0.770136
0.770065
0.770025
0.770005
5.33481e-05
0.000274827
0.000689517
0.00141462
0.00262176
0.0045552
0.0075519
0.0120594
0.0186442
0.0279797
0.0407541
0.0573729
0.0781139
0.102992
0.131757
0.163935
0.1989
0.235947
0.274361
0.313467
0.352657
0.391411
0.429301
0.46599
0.501226
0.534828
0.566678
0.596712
0.624905
0.651265
0.675825
0.698635
0.719759
0.739267
0.757235
0.773741
0.788862
0.802678
0.815264
0.826693
0.837034
0.846354
0.854715
0.862175
0.86879
0.874611
0.879683
0.884078
0.887814
0.890934
0.893476
0.895477
0.89697
0.897987
0.898555
0.898708
0.898473
0.897874
0.896946
0.89571
0.894154
0.89229
0.890155
0.88775
0.885074
0.882126
0.878904
0.875408
0.87164
0.867604
0.863306
0.858757
0.85397
0.848917
0.843655
0.838251
0.832719
0.827038
0.821292
0.81555
0.809882
0.80437
0.799092
0.794107
0.789492
0.785365
0.781774
0.778749
0.776301
0.774415
0.773007
0.771989
0.771275
0.77079
0.77047
0.770266
0.770141
0.770068
0.770026
0.770005
5.57713e-05
0.000286948
0.000718178
0.00146939
0.00271549
0.0047047
0.00777864
0.0123903
0.0191127
0.0286254
0.0416497
0.058584
0.0797058
0.105022
0.134266
0.166944
0.202405
0.239926
0.278772
0.318252
0.35775
0.396741
0.434797
0.471583
0.50685
0.540426
0.5722
0.602116
0.630158
0.65634
0.680704
0.703307
0.724215
0.743506
0.761258
0.777553
0.792471
0.806092
0.818494
0.82975
0.839931
0.849103
0.857328
0.864666
0.871171
0.876895
0.881888
0.886194
0.889856
0.892912
0.8954
0.897355
0.89881
0.899796
0.900337
0.900469
0.900217
0.899604
0.898659
0.897381
0.89582
0.893955
0.891817
0.88941
0.886734
0.883786
0.880566
0.877072
0.873304
0.869268
0.864969
0.860374
0.855479
0.850373
0.845094
0.839651
0.834052
0.828294
0.822464
0.816628
0.810858
0.805229
0.799832
0.794766
0.790085
0.785843
0.782137
0.779027
0.776515
0.774578
0.773128
0.772075
0.771332
0.770824
0.770491
0.770278
0.770148
0.770071
0.770028
0.770005
5.87623e-05
0.000301926
0.000754451
0.00154068
0.00284071
0.00490895
0.00809392
0.0128561
0.0197758
0.0295408
0.0429005
0.0602508
0.0818597
0.10772
0.137543
0.170802
0.206818
0.24484
0.284119
0.323953
0.363719
0.402889
0.441037
0.477836
0.513045
0.546503
0.578109
0.607819
0.635627
0.661556
0.685656
0.70799
0.728632
0.747661
0.76516
0.781213
0.795903
0.80931
0.821513
0.832585
0.842597
0.851615
0.859701
0.866914
0.873308
0.878934
0.88384
0.888067
0.89166
0.894657
0.897095
0.899008
0.900428
0.901385
0.901904
0.902019
0.901754
0.901132
0.900158
0.898894
0.897344
0.895489
0.89336
0.890963
0.888297
0.88536
0.882149
0.878662
0.874897
0.870854
0.866487
0.861854
0.856987
0.85189
0.846579
0.841085
0.835428
0.829604
0.823697
0.817775
0.811907
0.806173
0.800655
0.795448
0.790651
0.786342
0.782552
0.779331
0.776735
0.774731
0.773234
0.77215
0.771386
0.770863
0.770515
0.770292
0.770155
0.770074
0.770029
0.770006
6.20939e-05
0.000319118
0.000797314
0.00162773
0.00299997
0.00518092
0.00853475
0.01354
0.0207959
0.0310072
0.0449335
0.0629866
0.0853744
0.112033
0.142601
0.176473
0.212888
0.251009
0.290483
0.3305
0.370384
0.409587
0.447683
0.484351
0.519365
0.552577
0.583901
0.613304
0.640793
0.6664
0.690182
0.712206
0.73255
0.751298
0.768534
0.784341
0.798804
0.812003
0.824015
0.834914
0.844769
0.853646
0.861605
0.868705
0.874998
0.880534
0.885361
0.889525
0.893062
0.896013
0.898411
0.90029
0.901683
0.902618
0.903119
0.903219
0.902941
0.902304
0.901346
0.900096
0.898555
0.896712
0.8946
0.89222
0.889571
0.886651
0.883455
0.87998
0.876222
0.872151
0.867827
0.863241
0.858387
0.853285
0.847959
0.842441
0.836749
0.830882
0.82492
0.818933
0.812994
0.807194
0.801581
0.796264
0.791341
0.786895
0.78301
0.779713
0.777026
0.77494
0.773376
0.77224
0.771441
0.770897
0.770537
0.770306
0.770162
0.770078
0.77003
0.770006
6.47494e-05
0.000332585
0.000830282
0.00169346
0.00311816
0.00537995
0.00885384
0.0140307
0.0215223
0.032042
0.0463514
0.0648568
0.0877383
0.114913
0.146014
0.180467
0.217582
0.256661
0.296572
0.336719
0.376542
0.415563
0.453397
0.489756
0.524434
0.557298
0.588275
0.61734
0.644504
0.669806
0.693301
0.71506
0.735161
0.753686
0.770719
0.786343
0.80064
0.81369
0.825568
0.836348
0.846096
0.854878
0.862754
0.869779
0.876007
0.881488
0.886266
0.890386
0.893888
0.896807
0.89918
0.901039
0.902415
0.903337
0.903829
0.903924
0.903643
0.90301
0.902059
0.90081
0.899275
0.897443
0.895343
0.892978
0.890347
0.887445
0.884267
0.880807
0.87706
0.87305
0.868761
0.864196
0.859362
0.854278
0.848966
0.843456
0.837767
0.831897
0.825921
0.819904
0.81391
0.808005
0.802315
0.796916
0.791898
0.787356
0.783368
0.779982
0.77723
0.775092
0.773486
0.772317
0.771493
0.770929
0.770556
0.770316
0.770168
0.77008
0.770031
0.770006
)
;

boundaryField
{
    fuel
    {
        type            fixedValue;
        value           uniform 0;
    }
    air
    {
        type            fixedValue;
        value           uniform 0.77;
    }
    outlet
    {
        type            inletOutlet;
        inletValue      uniform 1;
        value           nonuniform List<scalar> 
200
(
6.4635e-05
0.000331962
0.000828582
0.00168964
0.0031104
0.00536523
0.00882737
0.0139853
0.0214476
0.0319245
0.0461748
0.0646101
0.0874115
0.114502
0.145524
0.17992
0.217018
0.256008
0.295857
0.335969
0.375777
0.414797
0.452642
0.489019
0.523721
0.556614
0.587623
0.616722
0.643921
0.669257
0.692787
0.71458
0.734715
0.753272
0.770336
0.785989
0.800314
0.813391
0.825294
0.836098
0.845869
0.854672
0.862567
0.869611
0.875856
0.881353
0.886147
0.890282
0.893797
0.896729
0.899113
0.900983
0.902369
0.9033
0.903801
0.903903
0.903629
0.903002
0.902057
0.900813
0.899282
0.897454
0.895358
0.892997
0.890369
0.88747
0.884296
0.880841
0.877098
0.873092
0.868806
0.864244
0.859413
0.854331
0.84902
0.843512
0.837823
0.831954
0.825977
0.819958
0.81396
0.808051
0.802356
0.79695
0.791924
0.78738
0.78339
0.78
0.777243
0.775101
0.773492
0.772321
0.771496
0.770931
0.770556
0.770316
0.770168
0.770081
0.770031
0.770006
6.47494e-05
0.000332585
0.000830282
0.00169346
0.00311816
0.00537995
0.00885384
0.0140307
0.0215223
0.032042
0.0463514
0.0648568
0.0877383
0.114913
0.146014
0.180467
0.217582
0.256661
0.296572
0.336719
0.376542
0.415563
0.453397
0.489756
0.524434
0.557298
0.588275
0.61734
0.644504
0.669806
0.693301
0.71506
0.735161
0.753686
0.770719
0.786343
0.80064
0.81369
0.825568
0.836348
0.846096
0.854878
0.862754
0.869779
0.876007
0.881488
0.886266
0.890386
0.893888
0.896807
0.89918
0.901039
0.902415
0.903337
0.903829
0.903924
0.903643
0.90301
0.902059
0.90081
0.899275
0.897443
0.895343
0.892978
0.890347
0.887445
0.884267
0.880807
0.87706
0.87305
0.868761
0.864196
0.859362
0.854278
0.848966
0.843456
0.837767
0.831897
0.825921
0.819904
0.81391
0.808005
0.802315
0.796916
0.791898
0.787356
0.783368
0.779982
0.77723
0.775092
0.773486
0.772317
0.771493
0.770929
0.770556
0.770316
0.770168
0.77008
0.770031
0.770006
)
;
    }
    frontAndBack
    {
        type            empty;
    }
}


// ************************************************************************* //
