/*--------------------------------*- C++ -*----------------------------------*\
  =========                 |
  \\      /  F ield         | OpenFOAM: The Open Source CFD Toolbox
   \\    /   O peration     | Website:  https://openfoam.org
    \\  /    A nd           | Version:  11
     \\/     M anipulation  |
\*---------------------------------------------------------------------------*/
FoamFile
{
    format      ascii;
    class       volScalarField;
    location    "0.05";
    object      Qdot;
}
// * * * * * * * * * * * * * * * * * * * * * * * * * * * * * * * * * * * * * //

dimensions      [1 -1 -3 0 0 0 0];

internalField   nonuniform List<scalar> 
4000
(
0
0
0
0
0
0
2.5515e-13
0
0
-7.12104e-07
0
-3.64707e-18
4.76612e-11
5.47911e-10
9.09846e-09
1.45708e-07
1.97791e-06
1.96962e-05
0.000176026
0.00126473
0.00741722
0.0362019
0.149701
0.533811
1.66861
4.64047
11.634
26.5997
56.029
109.702
201.247
348.399
572.993
901.022
1363.76
1999.15
2855.31
3997.29
5517.59
7552.11
10303.4
14074.6
19317.3
26699.6
37196.5
52207.3
73699.7
104384
147936
247738
388219
595980
977107
1.56196e+06
2.45836e+06
3.94654e+06
6.30118e+06
1.00077e+07
1.58206e+07
2.49384e+07
3.93619e+07
5.94432e+07
4.30458e+07
2.63347e+07
1.60083e+07
9.62996e+06
5.71488e+06
3.337e+06
1.91268e+06
1.07361e+06
588978
315025
163884
82839.6
40800.4
19166
7652.75
2483.13
687.506
140.335
21.7349
2.60707
0.243125
0.017726
0.00103216
5.08234e-05
2.2935e-06
1.05563e-07
5.5552e-09
4.42349e-10
4.23232e-11
-4.95283e-13
-8.85656e-14
-1.99476e-14
9.14601e-13
-1.62876e-15
-5.3503e-16
-1.79746e-16
-5.54691e-17
-9.3586e-18
7.52252e-07
0
0
-7.50305e-07
7.48551e-07
0
-7.41299e-07
-7.34671e-07
-7.25113e-07
0
6.94605e-07
-2.73432e-18
4.76405e-11
4.57055e-10
7.9728e-09
1.25025e-07
1.67463e-06
1.69347e-05
0.000151659
0.0011003
0.00653877
0.0323406
0.13541
0.488411
1.54268
4.33095
10.951
25.2316
53.518
105.445
194.538
338.519
559.34
883.286
1342.12
1974.44
2829.29
3972.93
5499.58
7547.59
10323.3
14135.2
19443.5
26927.9
37580.3
52822.2
74650.7
105778
149940
254453
395877
617775
999347
1.6061e+06
2.53364e+06
4.03784e+06
6.44914e+06
1.02433e+07
1.61937e+07
2.54609e+07
4.01825e+07
6.025e+07
4.25751e+07
2.60489e+07
1.58327e+07
9.52172e+06
5.64825e+06
3.29622e+06
1.88795e+06
1.05876e+06
580066
309860
160964
81229.5
39935.4
18684.3
7418.45
2387.2
651.574
130.969
19.9899
2.36549
0.218105
0.0158014
0.000924595
4.57753e-05
2.0881e-06
9.69729e-08
5.25953e-09
3.91467e-10
6.09056e-11
-4.82735e-13
-8.72799e-14
-1.98453e-14
-9.25416e-13
-1.63618e-15
-5.38108e-16
-1.80823e-16
-5.59303e-17
-9.42587e-18
0
0
7.51315e-07
-7.50236e-07
0
0
0
-7.34151e-07
0
-7.10946e-07
5.08656e-12
-6.72008e-07
1.90011e-11
3.09955e-10
6.59004e-09
1.06099e-07
1.435e-06
1.43989e-05
0.000131206
0.000959074
0.00574265
0.0286185
0.120811
0.439484
1.40019
3.96487
10.1102
23.4854
50.2065
99.6638
185.182
324.404
539.41
856.899
1309.38
1936.53
2788.86
3934.74
5471.26
7540.98
10356.4
14235.2
19650.8
27301.7
38203.9
53808.7
76145.7
108020
155749
265365
408682
651727
1.03536e+06
1.67414e+06
2.65692e+06
4.18614e+06
6.68565e+06
1.06157e+07
1.67706e+07
2.63526e+07
4.14956e+07
6.14047e+07
4.18971e+07
2.56357e+07
1.55787e+07
9.36533e+06
5.55232e+06
3.2379e+06
1.85306e+06
1.03862e+06
568576
303142
157117
79122.4
38820.7
18084.9
7142.34
2281.93
615.406
122.298
18.4978
2.17414
0.199594
0.0144507
0.000848755
4.245e-05
1.95249e-06
9.27131e-08
5.17662e-09
4.45465e-10
6.08994e-11
-4.92399e-13
-8.96676e-14
-2.04535e-14
-5.54366e-15
-1.69727e-15
-5.58946e-16
-1.88037e-16
-5.80814e-17
-9.8006e-18
-5.06344e-16
7.51911e-07
7.51279e-07
2.14966e-14
-7.48292e-07
-7.45278e-07
7.4061e-07
7.33649e-07
0
-2.44697e-13
-6.92254e-07
-2.72328e-18
1.89583e-11
3.63743e-10
5.94541e-09
9.46494e-08
1.27659e-06
1.2619e-05
0.000116668
0.000853049
0.00512265
0.0256308
0.108728
0.397737
1.27491
3.63344
9.3271
21.8143
46.9542
93.8445
175.544
309.549
518.01
828.051
1273
1893.77
2742.72
3890.75
5438.58
7533.98
10397.1
14356.8
19902.6
27754.6
38956.6
54991.4
77919.4
110557
168263
278091
424289
690165
1.07843e+06
1.75232e+06
2.79098e+06
4.4103e+06
6.97507e+06
1.10468e+07
1.742e+07
2.73586e+07
4.29474e+07
6.27312e+07
4.12176e+07
2.52281e+07
1.53314e+07
9.21465e+06
5.46073e+06
3.18254e+06
1.81985e+06
1.01874e+06
557013
296808
153651
77224.5
37813.9
17558.7
6905.24
2193.62
585.805
115.322
17.3132
2.02492
0.185777
0.0134984
0.00079321
3.9855e-05
1.86567e-06
9.04584e-08
5.08295e-09
4.45482e-10
6.08535e-11
-5.04639e-13
-9.26232e-14
-2.12928e-14
-5.8062e-15
-1.78523e-15
-5.90197e-16
-1.98781e-16
-6.15385e-17
-1.03867e-17
7.52244e-07
7.51897e-07
0
0
-7.48158e-07
0
7.40266e-07
6.72283e-13
7.22976e-07
-2.44374e-13
0
-1.81184e-18
-3.31498e-17
3.08327e-10
5.51146e-09
8.70564e-08
1.16847e-06
1.189e-05
0.000106185
0.000775506
0.00465689
0.023338
0.0992427
0.36423
1.17214
3.3557
8.6571
20.3553
44.059
88.5664
166.645
295.598
497.592
800.137
1237.36
1851.44
2696.71
3846.85
5406.6
7529.52
10444.3
14492.2
20180.4
28253.1
39784.2
56291.1
79869.7
113359
180971
291365
440833
727869
1.14331e+06
1.83201e+06
2.92371e+06
4.62141e+06
7.31213e+06
1.15158e+07
1.80729e+07
2.83538e+07
4.43429e+07
6.36054e+07
4.0738e+07
2.49446e+07
1.51607e+07
9.11125e+06
5.39799e+06
3.14455e+06
1.79697e+06
1.00506e+06
548929
292065
151030
75832.2
37082.1
17188.6
6736.46
2130.79
564.817
110.392
16.4885
1.92436
0.176364
0.0127814
0.000756171
3.85114e-05
1.83128e-06
9.0336e-08
5.18152e-09
3.91223e-10
6.07227e-11
-5.28e-13
-9.76131e-14
-2.25748e-14
-6.18523e-15
-1.90859e-15
1.53844e-13
-2.14282e-16
-6.63015e-17
-1.12034e-17
-7.52241e-07
0
0
-3.22656e-14
0
0
7.39967e-07
7.32704e-07
7.22358e-07
-3.9e-12
7.5996e-12
4.60497e-13
-3.13356e-17
2.53242e-10
5.25344e-09
8.14306e-08
1.08689e-06
1.0958e-05
9.80765e-05
0.000716863
0.00430302
0.0215725
0.091847
0.337745
1.08974
3.12973
8.10388
19.1328
41.5974
84.0145
158.864
283.237
479.272
774.817
1204.71
1812.37
2654.06
3806.29
5377.86
7528.28
10494.9
14631.7
20463.7
28758.7
40620.3
57598.9
81824
116166
192713
303719
463346
761701
1.21447e+06
1.908e+06
3.0501e+06
4.81925e+06
7.62092e+06
1.19995e+07
1.87362e+07
2.93425e+07
4.57807e+07
6.44341e+07
4.0413e+07
2.47579e+07
1.50536e+07
9.04898e+06
5.36148e+06
3.12308e+06
1.78434e+06
997663
544620
289568
149573
75005.6
36637.7
16981.8
6640.6
2093.26
551.807
107.276
15.9611
1.85437
0.169355
0.0123123
0.00073287
3.76766e-05
1.81408e-06
9.05372e-08
5.37975e-09
3.3676e-10
3.29338e-11
-5.53757e-13
4.70119e-12
-2.40014e-14
-6.60801e-15
-2.05027e-15
-6.8333e-16
-2.31779e-16
-7.19865e-17
-1.21835e-17
0
0
7.51183e-07
0
7.47942e-07
0
-6.37317e-14
0
7.21812e-07
7.07513e-07
-6.8912e-07
-1.80541e-18
2.82726e-11
3.06793e-10
4.89422e-09
7.6641e-08
1.02295e-06
1.02338e-05
9.18951e-05
0.000671487
0.00402651
0.0201863
0.086002
0.316649
1.02354
2.94653
7.65105
18.1222
39.5423
80.1762
152.238
272.609
463.374
752.681
1175.98
1777.82
2616.28
3770.54
5353.32
7529.78
10545.5
14766.3
20733.2
29235.2
41400.5
58805.4
83603.9
118690
202754
314161
495399
790716
1.27169e+06
2.01448e+06
3.16312e+06
4.99393e+06
7.88792e+06
1.24022e+07
1.93244e+07
3.02507e+07
4.71677e+07
6.48408e+07
4.02536e+07
2.46772e+07
1.50115e+07
9.02684e+06
5.34956e+06
3.11643e+06
1.78047e+06
995310
543145
288630
148978
74646.8
36430.1
16904.3
6603.34
2076.89
545.369
105.497
15.6084
1.80778
0.165097
0.0120257
0.000719122
3.72562e-05
1.81349e-06
9.15707e-08
5.50612e-09
4.95984e-10
8.80606e-11
-5.82137e-13
-1.09251e-13
-2.55921e-14
-7.08916e-15
-2.20906e-15
-7.3909e-16
-2.51731e-16
2.89928e-14
-1.32788e-17
7.52238e-07
-7.51864e-07
7.51161e-07
0
0
1.70688e-13
6.37131e-14
-1.00768e-12
-7.21346e-07
0
6.88302e-07
-1.8027e-18
-2.94799e-17
3.06125e-10
4.70994e-09
7.28813e-08
9.70485e-07
9.64304e-06
8.74717e-05
0.000634383
0.00380467
0.0190734
0.0813002
0.299627
0.969918
2.7974
7.28046
17.2903
37.8399
76.9762
146.677
263.633
449.881
733.784
1151.35
1748.14
2583.86
3740.16
5333.29
7533.6
10594
14890.7
20978.3
29662.1
42087.1
59842.9
85087.3
125264
211393
323627
521544
816461
1.31941e+06
2.09682e+06
3.30161e+06
5.15926e+06
8.12252e+06
1.27551e+07
1.98479e+07
3.1002e+07
4.82694e+07
6.51444e+07
4.02712e+07
2.47037e+07
1.50358e+07
9.04548e+06
5.36252e+06
3.12479e+06
1.78551e+06
998155
544639
289348
149281
74746.1
36446.2
16940.4
6614.87
2076.66
543.615
104.693
15.4346
1.78299
0.162642
0.0118562
0.000711273
3.70686e-05
1.81954e-06
9.30481e-08
5.3586e-09
4.94784e-10
8.79033e-11
-6.09108e-13
-1.14968e-13
-2.70966e-14
-7.55584e-15
-2.37032e-15
-7.97918e-16
-7.76516e-14
-8.51235e-17
-1.44318e-17
-1.01127e-15
0
7.51143e-07
0
0
0
-6.36978e-14
0
0
-7.06333e-07
-6.87604e-07
-1.80037e-18
-2.85671e-17
2.51598e-10
4.52782e-09
6.96858e-08
9.24919e-07
9.14096e-06
8.34206e-05
0.000603962
0.00362099
0.0181569
0.0774393
0.28567
0.925945
2.675
6.97569
16.6045
36.4324
74.3215
142.048
256.133
438.56
717.914
1130.64
1723.22
2556.8
3715.24
5318.01
7540.1
10641
15005.9
21200.8
30043.9
42692.2
60741.3
86344.1
133263
218807
332109
543053
842236
1.3597e+06
2.16318e+06
3.40724e+06
5.32177e+06
8.34183e+06
1.30472e+07
2.02711e+07
3.16326e+07
4.91237e+07
6.54531e+07
4.04069e+07
2.48044e+07
1.51066e+07
9.09313e+06
5.39337e+06
3.14402e+06
1.79705e+06
1.0048e+06
548311
291282
150246
75197.7
36642.1
17063.5
6666.71
2090.21
545.787
104.738
15.3855
1.77221
0.161388
0.0117648
0.000707283
3.70266e-05
1.82914e-06
9.42628e-08
5.4844e-09
3.8666e-10
8.77522e-11
-6.36558e-13
-1.20803e-13
-2.8563e-14
-7.9983e-15
-2.52183e-15
-8.53073e-16
-2.92867e-16
-9.18843e-17
-1.55848e-17
-7.52235e-07
-7.51852e-07
7.5113e-07
-7.49861e-07
0
-7.44363e-07
-7.39173e-07
-7.3151e-07
7.20643e-07
-7.05891e-07
0
-8.99207e-19
-2.59347e-17
2.51182e-10
4.21089e-09
6.64619e-08
8.84315e-07
8.70039e-06
7.90185e-05
0.000577918
0.00346535
0.0173875
0.0742171
0.274066
0.889493
2.57371
6.72374
16.0376
35.2685
72.1246
138.213
249.911
429.167
704.752
1113.5
1702.69
2534.77
3695.56
5307.47
7549.66
10687.6
15114.5
21406.6
30393.5
43242.3
61554.8
87483.1
140018
225037
339171
559668
880793
1.39297e+06
2.21808e+06
3.49299e+06
5.44935e+06
8.53367e+06
1.33077e+07
2.06119e+07
3.21226e+07
4.97815e+07
6.58074e+07
4.06169e+07
2.49519e+07
1.52069e+07
9.15932e+06
5.43575e+06
3.17032e+06
1.81285e+06
1.01397e+06
553436
294033
151657
75885.7
36959.5
17242.4
6745.04
2113.06
550.768
105.335
15.4177
1.77054
0.160908
0.0117224
0.000705585
3.70596e-05
1.84089e-06
9.57422e-08
5.47461e-09
3.8559e-10
8.76115e-11
-6.62906e-13
7.08615e-12
-3.01168e-14
-1.23404e-12
-2.68312e-15
-9.10684e-16
-3.1405e-16
-9.86451e-17
-1.67763e-17
-7.52235e-07
5.38621e-15
-7.51121e-07
0
0
0
-6.36765e-14
0
0
-7.05538e-07
6.86559e-07
6.63788e-07
-2.50419e-17
2.50831e-10
3.99888e-09
6.34675e-08
8.47176e-07
8.30747e-06
7.65363e-05
0.000555148
0.00333214
0.0167331
0.0714947
0.264325
0.859033
2.48939
6.51462
15.5681
34.306
70.3099
135.047
244.779
421.432
693.936
1099.47
1686.01
2517.15
3680.49
5301
7561.65
10733.2
15215.9
21594.7
30708.6
43732.1
62269.6
88468.5
145422
230105
348778
573242
910036
1.4241e+06
2.26416e+06
3.5641e+06
5.55291e+06
8.68514e+06
1.35312e+07
2.08835e+07
3.25027e+07
5.02819e+07
6.62015e+07
4.08702e+07
2.5126e+07
1.53238e+07
9.23595e+06
5.48463e+06
3.20062e+06
1.83108e+06
1.02459e+06
559407
297265
153334
76716.1
37352.8
17452.9
6838.71
2141.3
557.315
106.261
15.5
1.77454
0.160904
0.0117094
0.000705144
3.7124e-05
1.85191e-06
9.6715e-08
6.01262e-09
3.84623e-10
8.74837e-11
-6.8785e-13
-7.34521e-12
-3.15844e-14
-8.93215e-15
-2.842e-15
-9.68298e-16
-3.34927e-16
-1.0556e-16
-1.79293e-17
0
7.51846e-07
7.51114e-07
0
7.47678e-07
7.44249e-07
-7.38987e-07
7.31218e-07
-7.20205e-07
0
6.86189e-07
-8.97761e-19
-2.41561e-17
2.50542e-10
3.92488e-09
6.08277e-08
8.1399e-07
8.45899e-06
7.34925e-05
0.000535032
0.00321678
0.016173
0.0691825
0.256106
0.833486
2.41902
6.3408
15.1792
33.511
68.8146
132.444
240.567
415.101
685.113
1088.09
1672.59
2503.24
3669.14
5297.58
7574.8
10776.2
15308
21762.2
30984.7
44154.3
62873
89276.9
149727
233901
362707
583671
931711
1.4657e+06
2.30173e+06
3.62293e+06
5.63801e+06
8.80772e+06
1.37068e+07
2.11222e+07
3.27959e+07
5.0658e+07
6.66111e+07
4.11423e+07
2.53113e+07
1.54475e+07
9.31666e+06
5.53602e+06
3.23248e+06
1.85026e+06
1.03579e+06
565729
300704
155129
77612.4
37779.5
17675.2
6938.7
2171.69
564.52
107.325
15.6064
1.78147
0.161156
0.011712
0.000705324
3.71977e-05
1.86238e-06
9.79593e-08
6.00529e-09
3.83767e-10
3.20373e-11
-7.10935e-13
-1.37182e-13
-3.29751e-14
-9.37004e-15
-2.99356e-15
-1.02346e-15
-1.16522e-13
-1.12167e-16
-1.91015e-17
0
0
-7.5111e-07
0
0
7.44216e-07
0
0
0
0
-6.85904e-07
-1.79451e-18
-2.32761e-17
1.78816e-10
3.68174e-09
5.83423e-08
7.84626e-07
7.64458e-06
7.08189e-05
0.00051816
0.00311775
0.0156937
0.0672216
0.249181
0.812094
2.3604
6.19669
14.8581
32.8569
67.588
130.314
237.129
409.952
677.963
1078.9
1661.86
2492.31
3660.67
5296.2
7588.01
10815.4
15390
21909.9
31226.7
44523.1
63400.1
89986.2
153260
237107
373514
592303
948809
1.4965e+06
2.34591e+06
3.67123e+06
5.70781e+06
8.90724e+06
1.38437e+07
2.13161e+07
3.30199e+07
5.09378e+07
6.70149e+07
4.14148e+07
2.54957e+07
1.55701e+07
9.39653e+06
5.58684e+06
3.26399e+06
1.86926e+06
1.0469e+06
572011
304132
156925
78513.6
38210.5
17896.2
7038.9
2202.58
571.99
108.487
15.7272
1.7901
0.161554
0.0117232
0.000705784
3.72657e-05
1.87122e-06
9.88274e-08
6.13581e-09
4.9011e-10
8.72691e-11
-7.31782e-13
-1.41884e-13
3.61656e-12
-9.77394e-15
-3.13535e-15
-1.07741e-15
-3.74226e-16
-1.18467e-16
-7.29192e-15
0
-7.51844e-07
0
-7.49811e-07
7.47648e-07
7.44193e-07
-3.12516e-20
7.31062e-07
7.19961e-07
7.04899e-07
0
-1.3453e-18
-2.2401e-17
1.78682e-10
3.47387e-09
5.65257e-08
7.58156e-07
7.37255e-06
6.89788e-05
0.000503449
0.00303276
0.0152874
0.0655714
0.243393
0.794311
2.31193
6.07807
14.5949
32.3228
66.5898
128.587
234.347
405.801
672.22
1071.56
1653.35
2483.75
3654.29
5295.88
7599.98
10849.3
15459.5
22033.8
31429
44831
63842.5
90592.9
156202
239868
382109
599515
962464
1.51992e+06
2.38402e+06
3.71856e+06
5.76439e+06
8.98751e+06
1.39521e+07
2.14653e+07
3.31914e+07
5.11777e+07
6.7395e+07
4.16727e+07
2.56698e+07
1.56857e+07
9.47172e+06
5.63468e+06
3.29367e+06
1.88717e+06
1.05738e+06
577954
307381
158632
79372.5
38622.2
18103.5
7133.67
2232.13
579.17
109.602
15.8453
1.79877
0.161975
0.011736
0.000706225
3.73219e-05
1.8788e-06
9.9448e-08
6.13082e-09
5.60852e-10
8.71829e-11
-7.50384e-13
-1.46166e-13
-3.54486e-14
-1.01487e-14
-3.26249e-15
-1.124e-15
-3.92341e-16
-1.24306e-16
-2.12154e-17
0
-7.51843e-07
7.51106e-07
0
0
0
7.38865e-07
0
0
-7.04785e-07
0
-1.34485e-18
-2.15297e-17
1.78577e-10
3.43734e-09
5.47901e-08
7.3588e-07
7.64089e-06
6.7015e-05
0.000490808
0.00296182
0.0149501
0.0642048
0.238627
0.779742
2.2724
5.98177
14.3821
31.8926
65.7887
127.204
232.128
402.503
667.674
1065.78
1646.68
2477.12
3649.5
5296.01
7609.94
10876.4
15513.9
22128.5
31577.8
45045.1
64123
93346.3
158491
242164
388937
605501
973415
1.53805e+06
2.41241e+06
3.76258e+06
5.80913e+06
9.05129e+06
1.40371e+07
2.15793e+07
3.33198e+07
5.13669e+07
6.77348e+07
4.19045e+07
2.58261e+07
1.57895e+07
9.53934e+06
5.67774e+06
3.32041e+06
1.90332e+06
1.06685e+06
583330
310326
160181
80153.3
38997.1
18287
7218.54
2258.93
585.715
110.622
15.9538
1.80675
0.162362
0.0117472
0.000706517
3.736e-05
1.88377e-06
9.96889e-08
6.46888e-09
5.60364e-10
8.71098e-11
-7.66436e-13
-1.49877e-13
-3.64732e-14
-1.04748e-14
6.12616e-13
-1.16691e-15
-4.08307e-16
-1.29531e-16
-2.21378e-17
0
7.51843e-07
0
7.49806e-07
0
-7.4417e-07
0
7.30987e-07
-7.19837e-07
0
-6.85396e-07
-8.96342e-19
6.36072e-07
1.78495e-10
3.43452e-09
5.32616e-08
7.17751e-07
7.44915e-06
6.54017e-05
0.000480636
0.00290431
0.0146762
0.0631037
0.234799
0.768091
2.24092
5.90538
14.2139
31.5539
65.1601
126.124
230.399
399.946
664.167
1061.35
1641.63
2472.2
3646.17
5296.75
7618.67
10898.9
15558.4
22205
31697.6
45217.5
64351.8
95616
160359
244087
394356
610436
982218
1.55229e+06
2.43423e+06
3.79572e+06
5.85611e+06
9.10129e+06
1.41031e+07
2.16663e+07
3.34166e+07
5.15022e+07
6.80264e+07
4.2104e+07
2.59607e+07
1.58788e+07
9.59755e+06
5.71483e+06
3.34346e+06
1.91726e+06
1.07504e+06
587978
312874
161524
80830.9
39323
18446.1
7292.14
2282.23
591.396
111.506
16.0469
1.81353
0.162681
0.0117553
0.000706628
3.738e-05
1.88778e-06
1.00068e-07
6.3291e-09
4.52816e-10
8.70501e-11
-7.80007e-13
-1.53015e-13
-3.73433e-14
-1.07669e-14
6.12528e-13
-1.20369e-15
-4.21817e-16
-1.34141e-16
-2.29065e-17
-7.52234e-07
0
-7.51105e-07
-7.49805e-07
0
-7.44164e-07
7.38837e-07
0
-7.19802e-07
7.0465e-07
-6.8532e-07
-1.34427e-18
6.35908e-07
1.78433e-10
3.43378e-09
5.21323e-08
7.03114e-07
7.29907e-06
6.41356e-05
0.000472417
0.00285887
0.0144635
0.0622505
0.231844
0.759132
2.2168
5.84704
14.0859
31.2971
64.6853
125.31
229.103
398.041
661.573
1058.11
1638
2468.8
3644.19
5298.19
7626.74
10918.4
15595.8
22269
31797.7
45362.8
64547.7
97383.9
161842
245647
398556
614381
989135
1.5633e+06
2.4508e+06
3.82038e+06
5.89176e+06
9.13949e+06
1.41535e+07
2.1732e+07
3.35037e+07
5.16001e+07
6.82641e+07
4.2267e+07
2.60706e+07
1.59519e+07
9.6452e+06
5.74521e+06
3.36236e+06
1.9287e+06
1.08175e+06
591796
314969
162629
81388.9
39591.6
18577.1
7352.6
2301.36
596.033
112.22
16.1213
1.81881
0.16291
0.011759
0.000706508
3.73851e-05
1.88987e-06
1.00972e-07
6.32692e-09
5.59672e-10
8.70032e-11
-7.9087e-13
-1.55541e-13
-3.80588e-14
-1.09909e-14
-3.56326e-15
-1.23557e-15
-4.33484e-16
-1.37829e-16
-2.35407e-17
0
-7.51843e-07
-7.51105e-07
-7.49804e-07
0
0
-7.3883e-07
0
7.1978e-07
0
-6.85248e-07
6.62074e-07
6.35789e-07
1.78388e-10
3.22866e-09
5.10118e-08
6.91941e-07
7.18832e-06
6.3688e-05
0.000467016
0.00282639
0.0143098
0.0616339
0.229716
0.752694
2.19951
5.80537
13.9948
31.1149
64.3496
124.738
228.196
396.717
659.79
1055.91
1635.61
2466.72
3643.34
5300.15
7633.96
10934.6
15626.2
22320.4
31877.9
45479.3
64706
98691.1
162954
246827
401613
620109
994368
1.57163e+06
2.46323e+06
3.8386e+06
5.91752e+06
9.17021e+06
1.419e+07
2.17793e+07
3.35681e+07
5.16699e+07
6.84442e+07
4.23907e+07
2.61541e+07
1.60074e+07
9.68136e+06
5.76827e+06
3.3767e+06
1.93738e+06
1.08685e+06
594696
316561
163468
81813
39795.7
18676.4
7398.18
2315.73
599.487
112.741
16.1744
1.82235
0.163034
0.0117577
0.000706132
3.73705e-05
1.89099e-06
1.01105e-07
6.32558e-09
4.8807e-10
5.00802e-11
-7.98871e-13
-1.57455e-13
-3.86004e-14
-1.11662e-14
-3.6244e-15
-1.25765e-15
-4.41468e-16
-1.40595e-16
-2.40595e-17
7.52234e-07
0
7.51105e-07
7.49804e-07
0
0
-3.12488e-20
0
0
0
0
-6.61978e-07
6.35711e-07
1.78358e-10
3.19408e-09
5.06748e-08
6.8532e-07
7.11868e-06
6.31031e-05
0.000463481
0.00280572
0.0142124
0.0612458
0.228379
0.748659
2.18871
5.7794
13.9382
31.0021
64.1428
124.387
227.644
395.921
658.735
1054.65
1634.31
2465.75
3643.35
5302.23
7639.87
10946.9
15648.7
22357.8
31935.9
45564
64822.2
99568.4
163717
247650
403675
625184
998321
1.57813e+06
2.47298e+06
3.85261e+06
5.93613e+06
9.19342e+06
1.42131e+07
2.18104e+07
3.36108e+07
5.17181e+07
6.8569e+07
4.24757e+07
2.6211e+07
1.6045e+07
9.70572e+06
5.78372e+06
3.38628e+06
1.94315e+06
1.09024e+06
596615
317611
164021
82091.7
39929.2
18740.3
7425.9
2324.61
601.61
113.057
16.2043
1.82399
0.163044
0.0117509
0.000705495
3.73407e-05
1.89064e-06
1.00983e-07
6.4619e-09
4.87954e-10
8.69501e-11
-8.03933e-13
-1.58681e-13
-3.89486e-14
-1.1283e-14
-6.19692e-13
-1.27359e-15
-4.46995e-16
-1.42439e-16
-2.44054e-17
7.52234e-07
-7.51843e-07
-7.51105e-07
7.49804e-07
0
7.44158e-07
3.12487e-20
0
0
7.04567e-07
-1.0053e-11
-6.61966e-07
-1.89276e-17
1.78343e-10
3.12564e-09
5.05386e-08
6.82501e-07
7.08837e-06
6.28548e-05
0.000461787
0.00279707
0.0141707
0.0610814
0.227813
0.746956
2.18416
5.76852
13.9146
30.9555
64.0584
124.246
227.426
395.616
658.353
1054.23
1633.97
2465.7
3643.97
5304.14
7644.03
10954.8
15662.4
22380.1
31970.5
45615.1
64895.1
100045
164165
248186
405000
628401
1.00154e+06
1.58401e+06
2.48333e+06
3.87086e+06
5.9686e+06
9.18301e+06
1.42168e+07
2.18248e+07
3.36353e+07
5.17494e+07
6.86358e+07
4.25189e+07
2.6239e+07
1.6063e+07
9.71722e+06
5.79094e+06
3.39071e+06
1.94581e+06
1.09178e+06
597488
318087
164270
82216.5
39988.6
18768.5
7437.73
2328.32
602.447
113.165
16.2114
1.82386
0.162957
0.0117405
0.000704736
3.73024e-05
1.88926e-06
1.00994e-07
6.25659e-09
5.59331e-10
8.69431e-11
-8.06279e-13
-1.59218e-13
-3.91228e-14
-1.13318e-14
6.12349e-13
-1.28094e-15
-4.50065e-16
-1.43514e-16
-2.45207e-17
7.52234e-07
2.02429e-15
-7.51105e-07
7.49804e-07
-7.47631e-07
-1.57372e-20
3.12487e-20
0
0
-5.16856e-12
6.85181e-07
-1.94243e-11
-1.89274e-17
1.7834e-10
2.98975e-09
5.04729e-08
6.83103e-07
7.09701e-06
6.2923e-05
0.000461807
0.00279935
0.0141832
0.0611295
0.227979
0.747467
2.18556
5.77198
13.9225
30.9718
64.0899
124.303
227.524
395.776
658.601
1054.61
1634.52
2466.49
3645.08
5305.7
7646.23
10957.9
15666.8
22386.3
31979.3
45627.7
64912.7
100092
164223
248265
405149
628682
1.00189e+06
1.58458e+06
2.48422e+06
3.87222e+06
5.97063e+06
9.18623e+06
1.42216e+07
2.18323e+07
3.36466e+07
5.1767e+07
6.86155e+07
4.25053e+07
2.62305e+07
1.60577e+07
9.71391e+06
5.78891e+06
3.38948e+06
1.94508e+06
1.09136e+06
597249
317955
164200
82180
39970.4
18759.6
7433.79
2326.87
602.003
113.072
16.1971
1.82215
0.162798
0.0117286
0.000704008
3.72637e-05
1.88703e-06
1.01134e-07
6.25717e-09
4.52171e-10
8.69468e-11
-8.05757e-13
-1.59142e-13
-3.91036e-14
-1.13318e-14
-6.19715e-13
-1.28094e-15
-4.50065e-16
-1.43361e-16
-2.45207e-17
0
-7.51843e-07
0
7.49803e-07
7.4763e-07
7.44157e-07
7.38821e-07
0
7.19755e-07
-5.16861e-12
-1.00531e-11
6.61958e-07
-1.89282e-17
1.78351e-10
2.99079e-09
5.08662e-08
6.87373e-07
7.14158e-06
6.33026e-05
0.000464413
0.00281276
0.0142468
0.0613854
0.228868
0.750165
2.19284
5.78964
13.9614
31.0504
64.2365
124.557
227.935
396.395
659.475
1055.76
1635.94
2468.09
3646.66
5306.89
7646.43
10956.2
15661.8
22376.3
31962.1
45600.8
64873.5
99704.8
163883
247876
404101
625990
999329
1.57978e+06
2.47561e+06
3.85669e+06
5.94239e+06
9.20323e+06
1.42276e+07
2.18329e+07
3.36448e+07
5.17706e+07
6.85092e+07
4.24358e+07
2.61861e+07
1.60294e+07
9.69604e+06
5.77778e+06
3.38269e+06
1.94103e+06
1.089e+06
595915
317226
163815
81985.2
39876.3
18714.5
7414.38
2320.4
600.325
112.788
16.1629
1.8191
0.16259
0.0117173
0.000703458
3.72351e-05
1.88658e-06
1.00751e-07
6.32661e-09
4.88062e-10
8.69606e-11
-8.02742e-13
-1.58491e-13
-3.88909e-14
-1.12734e-14
-3.66109e-15
-1.27236e-15
-4.46995e-16
-1.42439e-16
-2.4367e-17
0
-7.51843e-07
0
7.49803e-07
0
7.44158e-07
3.12488e-20
7.30944e-07
0
0
0
-8.96017e-19
-1.97906e-17
1.78376e-10
3.2623e-09
5.14601e-08
6.95817e-07
7.22562e-06
6.40129e-05
0.000468379
0.00283813
0.0143667
0.0618656
0.230528
0.755199
2.2064
5.82245
14.0335
31.1955
64.506
125.022
228.682
397.509
661.026
1057.77
1638.33
2470.63
3648.87
5307.92
7644.9
10950
15648.1
22351.4
31921.7
45541.1
64792.2
98920.8
163234
247207
402333
621483
996045
1.57438e+06
2.4676e+06
3.84543e+06
5.92812e+06
9.18681e+06
1.42142e+07
2.18169e+07
3.36249e+07
5.17573e+07
6.83469e+07
4.2325e+07
2.6113e+07
1.59816e+07
9.66535e+06
5.75843e+06
3.37075e+06
1.93384e+06
1.0848e+06
593530
315917
163124
81634.8
39706.9
18632.5
7377.75
2308.5
597.328
112.299
16.1075
1.81451
0.162313
0.0117048
0.000702962
3.72082e-05
1.88282e-06
1.00367e-07
6.12248e-09
5.59633e-10
8.6986e-11
-7.97008e-13
-1.57114e-13
-3.85234e-14
-1.11468e-14
6.12406e-13
-1.25642e-15
-4.40854e-16
-1.40441e-16
-2.40595e-17
7.52234e-07
7.51843e-07
0
0
7.47631e-07
0
-3.12491e-20
0
-7.19783e-07
7.04627e-07
6.85279e-07
-1.34419e-18
-1.9794e-17
1.78418e-10
3.43345e-09
5.23208e-08
7.07218e-07
7.34965e-06
6.45803e-05
0.000475541
0.00287511
0.0145427
0.0625712
0.232974
0.76262
2.2264
5.8709
14.14
31.41
64.9042
125.708
229.784
399.15
663.304
1060.71
1641.8
2474.26
3651.9
5309.04
7642
10939.9
15626.3
22312.3
31859.2
45449.6
64669.6
97716.7
162250
246201
399622
615811
991533
1.56717e+06
2.45692e+06
3.82993e+06
5.9066e+06
9.16165e+06
1.41874e+07
2.17846e+07
3.35834e+07
5.17226e+07
6.81278e+07
4.21745e+07
2.60128e+07
1.59157e+07
9.62271e+06
5.7314e+06
3.35401e+06
1.92374e+06
1.07888e+06
590166
314070
162148
81140.3
39467.8
18515.9
7324.14
2291.33
593.059
111.611
16.0299
1.80819
0.161941
0.0116888
0.000702345
3.71727e-05
1.87975e-06
1.00506e-07
6.32983e-09
4.88489e-10
8.70236e-11
-7.88484e-13
-1.55123e-13
-3.79819e-14
-1.09715e-14
-3.55594e-15
-1.23312e-15
-4.32871e-16
-1.37675e-16
-2.35022e-17
0
7.51843e-07
0
0
0
0
3.12495e-20
7.30976e-07
7.19821e-07
5.16945e-12
-1.00557e-11
-4.48142e-19
6.3602e-07
7.13552e-11
3.33207e-09
5.37727e-08
7.23071e-07
7.51351e-06
6.59595e-05
0.000484125
0.00292493
0.0147768
0.0635132
0.236244
0.772565
2.25326
5.93606
14.2835
31.6993
65.4423
126.636
231.276
401.374
666.394
1064.7
1646.52
2479.2
3656.06
5310.64
7638.19
10926.4
15597.3
22260.2
31775.7
45327.7
64506.1
96041.3
160874
244792
395730
612268
985296
1.55727e+06
2.44212e+06
3.80802e+06
5.87526e+06
9.12971e+06
1.41467e+07
2.17339e+07
3.35178e+07
5.16595e+07
6.78512e+07
4.19854e+07
2.58865e+07
1.58325e+07
9.56879e+06
5.69718e+06
3.3328e+06
1.91093e+06
1.07136e+06
585895
311725
160910
80513.4
39164.9
18367.9
7255.88
2269.51
587.636
110.737
15.9317
1.80021
0.161472
0.0116683
0.00070151
3.71213e-05
1.87594e-06
9.97413e-08
6.33255e-09
5.60217e-10
5.01915e-11
-7.77098e-13
-1.52521e-13
-3.72471e-14
-1.07281e-14
-3.4728e-15
-1.20247e-15
-4.21203e-16
-1.33833e-16
-2.28681e-17
0
7.51843e-07
0
0
0
0
-3.12503e-20
7.31007e-07
0
-7.04765e-07
0
-6.62384e-07
-2.15278e-17
1.78557e-10
3.4377e-09
5.53649e-08
7.43035e-07
7.21823e-06
6.76917e-05
0.000495151
0.00298746
0.0150726
0.0647082
0.240401
0.785242
2.28758
6.01953
14.4678
32.0716
66.1358
127.834
233.206
404.257
670.406
1069.88
1652.67
2485.68
3661.58
5312.96
7633.72
10909.8
15561.2
22195.4
31672.5
45178.5
64309.7
93877.9
159131
243018
390620
607715
977154
1.54412e+06
2.42208e+06
3.77774e+06
5.83118e+06
9.08595e+06
1.40903e+07
2.16618e+07
3.34433e+07
5.15587e+07
6.75203e+07
4.17601e+07
2.57359e+07
1.57331e+07
9.50433e+06
5.65626e+06
3.30743e+06
1.89562e+06
1.06238e+06
580796
308928
159434
79767.1
38804.7
18191.9
7174.61
2243.59
581.189
109.699
15.8152
1.79072
0.16091
0.011643
0.000700405
3.70513e-05
1.86924e-06
9.91143e-08
6.13086e-09
4.89283e-10
8.71381e-11
-7.63079e-13
-1.49269e-13
-3.63578e-14
-1.04506e-14
-3.3701e-15
-1.16323e-15
-4.07693e-16
-1.29224e-16
-2.20994e-17
0
0
-1.98552e-21
0
1.28653e-13
7.4419e-07
0
0
7.19944e-07
0
6.8565e-07
-1.79359e-18
6.36517e-07
1.78661e-10
3.77997e-09
5.71647e-08
7.66777e-07
7.46526e-06
6.93122e-05
0.000508287
0.00306308
0.0154353
0.0661751
0.245526
0.800922
2.33016
6.12342
14.6977
32.5373
67.0054
129.34
235.634
407.891
675.472
1076.44
1660.46
2493.89
3668.6
5315.93
7628.1
10888.8
15515.4
22113
31540.9
44988.4
64062
91109.1
156951
240861
384103
602097
966853
1.5271e+06
2.39551e+06
3.73662e+06
5.79027e+06
9.02822e+06
1.40146e+07
2.15625e+07
3.33369e+07
5.14032e+07
6.71409e+07
4.15026e+07
2.55634e+07
1.56193e+07
9.43052e+06
5.60941e+06
3.27841e+06
1.87812e+06
1.05213e+06
574980
305742
157756
78919.8
38397
17991.5
7082.16
2214.24
573.896
108.524
15.6829
1.77998
0.160273
0.0116138
0.000699064
3.69609e-05
1.86137e-06
9.84962e-08
6.27218e-09
5.61181e-10
8.72152e-11
-7.46504e-13
-1.45482e-13
3.61578e-12
-1.0105e-14
-3.25273e-15
-1.12032e-15
1.15777e-13
-1.23999e-16
-7.29288e-15
-7.52234e-07
-7.51844e-07
0
-7.49815e-07
1.28655e-13
0
-7.38922e-07
-6.18454e-20
-7.20044e-07
0
6.85861e-07
-1.79435e-18
-2.32735e-17
1.78791e-10
3.68113e-09
5.94342e-08
7.94714e-07
7.75585e-06
7.17905e-05
0.000524135
0.00315375
0.0158696
0.0679416
0.251723
0.819959
2.38206
6.25043
14.9797
33.1101
68.0774
131.199
238.637
412.395
681.755
1084.58
1670.12
2504.07
3677.23
5319.41
7620.55
10861.3
15454.9
22002.1
31358.1
44709.7
63664.1
90357.6
154133
238240
375838
595251
953872
1.50487e+06
2.35948e+06
3.69016e+06
5.73754e+06
8.95388e+06
1.39154e+07
2.14278e+07
3.31872e+07
5.11975e+07
6.67215e+07
4.12191e+07
2.53736e+07
1.54939e+07
9.34924e+06
5.55786e+06
3.2465e+06
1.85889e+06
1.04089e+06
568610
302258
155924
77996.4
37952.8
17766.1
6979.68
2182.19
565.999
107.264
15.5432
1.76871
0.159609
0.0115831
0.000697564
3.68517e-05
1.85188e-06
9.80186e-08
6.00444e-09
5.61818e-10
8.7306e-11
-7.27381e-13
-1.41162e-13
-3.68499e-12
-9.73511e-15
-3.1207e-15
-1.07251e-15
1.15794e-13
-1.1816e-16
-2.01393e-17
0
0
-7.51113e-07
0
-7.47675e-07
0
-7.38977e-07
6.18529e-20
7.2018e-07
7.05226e-07
-6.86137e-07
6.63244e-07
-2.32902e-17
2.505e-10
3.92411e-09
6.19186e-08
8.26285e-07
8.09097e-06
7.41866e-05
0.000542867
0.00326075
0.0163833
0.070041
0.259127
0.842806
2.4446
6.40408
15.3219
33.8071
69.385
133.472
242.312
417.919
689.471
1094.59
1682.01
2516.63
3687.95
5323.88
7611.62
10828
15381.2
21866.3
31132.8
44364.4
63169.3
89691.3
150704
235162
365394
586990
937508
1.47548e+06
2.31519e+06
3.64425e+06
5.67138e+06
8.86007e+06
1.37875e+07
2.12483e+07
3.29845e+07
5.09506e+07
6.6279e+07
4.09214e+07
2.51735e+07
1.53615e+07
9.26339e+06
5.5034e+06
3.21281e+06
1.83862e+06
1.02904e+06
561912
298602
154007
77033.1
37490.8
17528.5
6872.32
2148.93
557.847
105.97
15.4006
1.75741
0.158957
0.011553
0.000695976
3.67269e-05
1.84127e-06
9.70341e-08
5.80614e-09
4.91244e-10
3.20755e-11
-7.06088e-13
-1.36346e-13
-3.28019e-14
1.21632e-12
-2.97891e-15
-1.01979e-15
-3.53963e-16
-1.1186e-16
-1.90439e-17
0
5.38621e-15
-7.5112e-07
7.49838e-07
0
7.4429e-07
0
7.31324e-07
0
7.05491e-07
0
-1.79658e-18
-2.59011e-17
2.50781e-10
4.16861e-09
6.45568e-08
8.62793e-07
8.47161e-06
7.74803e-05
0.000564248
0.00338494
0.0169851
0.0725189
0.267912
0.870056
2.51952
6.58883
15.7347
34.6502
70.9701
136.232
246.782
424.648
698.888
1106.83
1696.62
2532.18
3701.5
5330.28
7602.51
10790.5
15296.9
21709.6
30871.9
43963.8
62596.5
88926.2
146549
231511
351920
576953
916666
1.4357e+06
2.27905e+06
3.58755e+06
5.58957e+06
8.74266e+06
1.36214e+07
2.10206e+07
3.27121e+07
5.06065e+07
6.58372e+07
4.06244e+07
2.49728e+07
1.52283e+07
9.17684e+06
5.44846e+06
3.17883e+06
1.81819e+06
1.01713e+06
555188
294944
152095
76076.8
37033.8
17289.2
6765.1
2115.98
549.832
104.709
15.2665
1.74731
0.158418
0.0115298
0.000694607
3.65954e-05
1.82745e-06
9.58028e-08
5.81417e-09
4.92115e-10
5.06753e-11
-6.82631e-13
7.08221e-12
-3.13919e-14
-8.88362e-15
-2.82735e-15
-9.64624e-16
-3.33392e-16
-1.05099e-16
-1.78909e-17
0
0
-7.51129e-07
0
7.47738e-07
0
0
-7.31486e-07
0
-7.05834e-07
0
-1.79813e-18
-2.76582e-17
3.04957e-10
4.20969e-09
6.77448e-08
9.02889e-07
8.90022e-06
8.07489e-05
0.000589111
0.00352854
0.0176903
0.075438
0.278325
0.902512
2.60912
6.81054
16.2315
35.6669
72.8847
139.569
252.191
432.809
710.326
1121.73
1714.5
2551.4
3718.72
5339.59
7594.33
10750.1
15202.6
21531.4
30570.8
43494
61910.2
87980.8
141251
226629
341389
563804
888305
1.40288e+06
2.23425e+06
3.51847e+06
5.48927e+06
8.5965e+06
1.34067e+07
2.07615e+07
3.23521e+07
5.01368e+07
6.54213e+07
4.0347e+07
2.47836e+07
1.51021e+07
9.09452e+06
5.39614e+06
3.14647e+06
1.79875e+06
1.00581e+06
548827
291498
150305
75188
36611.5
17062
6664.53
2085.44
542.609
103.653
15.1619
1.74054
0.158156
0.011523
0.000693858
3.64703e-05
1.81382e-06
9.43257e-08
5.68683e-09
4.93099e-10
8.76601e-11
-6.57465e-13
-1.25577e-13
-2.98955e-14
-8.42151e-15
-2.66848e-15
-9.05784e-16
-3.12516e-16
-9.81842e-17
-1.67186e-17
0
7.51857e-07
0
0
0
0
4.45168e-13
7.31695e-07
7.2091e-07
0
0
-6.64979e-07
-2.85602e-17
1.79686e-10
4.45774e-09
7.10971e-08
9.47704e-07
9.38374e-06
8.45504e-05
0.00061719
0.00369726
0.0185186
0.0788939
0.290716
0.941297
2.71654
7.07696
16.8294
36.8919
75.1928
143.593
258.714
442.655
724.143
1139.78
1736.25
2575.04
3740.48
5352.84
7588.31
10708.2
15100.3
21334.4
30233.9
42962.1
61123.6
86882.5
134714
220560
334501
547586
850911
1.37032e+06
2.18057e+06
3.4347e+06
5.36504e+06
8.41037e+06
1.31504e+07
2.04325e+07
3.1881e+07
4.95074e+07
6.50506e+07
4.0113e+07
2.46214e+07
1.49926e+07
9.02271e+06
5.35034e+06
3.11812e+06
1.78175e+06
995957
543315
288535
148781
74442.3
36266
16865.9
6579.44
2060.35
536.936
102.911
15.1058
1.73923
0.158356
0.0115449
0.000694378
3.63816e-05
1.80041e-06
9.25991e-08
5.83357e-09
3.15903e-10
8.78029e-11
1.35423e-11
-1.19815e-13
-2.83706e-14
-7.94977e-15
-2.50718e-15
-8.48787e-16
7.70876e-14
-9.14234e-17
4.82825e-15
0
7.51864e-07
-7.51159e-07
0
7.47853e-07
1.70685e-13
0
-7.31956e-07
7.21289e-07
0
0
-1.8023e-18
-3.03383e-17
3.0602e-10
4.87991e-09
7.49455e-08
9.98058e-07
9.93754e-06
8.90306e-05
0.000650108
0.00389614
0.0195048
0.0830286
0.305598
0.987992
2.84604
7.39833
17.5505
38.3682
77.9713
148.43
266.541
454.461
740.698
1161.42
1762.4
2603.69
3767.42
5370.69
7585.12
10665.6
14990.9
21119.7
29862.5
42371.1
60242.9
85645.1
126742
213246
326170
526557
823148
1.3308e+06
2.11547e+06
3.33126e+06
5.20645e+06
8.19168e+06
1.28648e+07
2.00198e+07
3.12683e+07
4.86788e+07
6.47424e+07
3.99534e+07
2.45058e+07
1.49126e+07
8.96932e+06
5.316e+06
3.0968e+06
1.76898e+06
988596
539242
286381
147698
73929.4
36038.9
16723.5
6520.3
2044.38
534.016
102.702
15.129
1.74684
0.159307
0.0116139
0.000697058
3.63602e-05
1.78652e-06
9.10101e-08
5.5034e-09
4.95348e-10
8.79571e-11
-1.47757e-11
-1.14019e-13
2.4046e-12
-7.50732e-15
-2.35568e-15
-7.93018e-16
7.71081e-14
-8.47395e-17
-1.43742e-17
-7.52239e-07
7.51872e-07
0
0
0
0
0
-7.32275e-07
0
0
0
-1.80494e-18
-3.29976e-17
3.0667e-10
5.06421e-09
7.91637e-08
1.05671e-06
1.0589e-05
9.44551e-05
0.00069027
0.00413586
0.0207009
0.0880555
0.323706
1.04479
3.00337
7.78795
18.4225
40.1477
81.3085
154.218
275.869
468.469
760.313
1187.01
1793.33
2637.67
3799.77
5393.18
7584.42
10621.1
14872
20882.4
29447.2
41702.5
59235
84212.1
119547
204756
316811
500857
797720
1.28383e+06
2.03487e+06
3.1965e+06
5.03947e+06
7.96049e+06
1.25171e+07
1.9505e+07
3.05263e+07
4.75985e+07
6.44973e+07
3.9909e+07
2.44627e+07
1.4878e+07
8.94435e+06
5.29921e+06
3.08617e+06
1.76261e+06
984990
537319
285426
147266
73759.5
35987.1
16664.5
6500.13
2041.9
534.96
103.312
15.2718
1.76793
0.161419
0.0117586
0.000703491
3.64808e-05
1.77754e-06
8.9999e-08
5.17368e-09
3.18364e-10
8.81205e-11
-5.7603e-13
-1.08264e-13
-2.53709e-14
-7.03092e-15
-2.19442e-15
-7.35416e-16
-2.50197e-16
-7.79788e-17
-1.31827e-17
0
0
-1.07632e-14
0
-7.4803e-07
7.44845e-07
-7.39935e-07
0
0
-7.0814e-07
-7.59784e-12
6.67897e-07
-3.48039e-17
2.16977e-10
5.42335e-09
8.42819e-08
1.12699e-06
1.13855e-05
0.000101254
0.000740343
0.0044341
0.0221863
0.0942847
0.34608
1.11469
3.19607
8.26259
19.4784
42.2891
85.2982
161.091
286.875
484.911
783.193
1216.72
1829.12
2676.99
3837.38
5419.99
7585.69
10573.9
14741.8
20618.7
28978.7
40933.7
58045.1
82456.4
117057
194836
306437
469336
768941
1.22745e+06
1.93013e+06
3.07931e+06
4.86595e+06
7.69544e+06
1.21181e+07
1.89191e+07
2.96247e+07
4.62204e+07
6.42156e+07
4.00358e+07
2.45232e+07
1.49069e+07
8.95833e+06
5.30626e+06
3.09013e+06
1.76496e+06
986480
538314
286104
147725
74057.4
36163.4
16738.2
6530.88
2055.91
540.63
104.933
15.5952
1.81062
0.165304
0.0120179
0.00071567
3.68279e-05
1.77523e-06
8.89799e-08
5.04804e-09
3.37366e-10
3.29863e-11
-5.47577e-13
4.70245e-12
-2.37995e-14
-6.5595e-15
-2.03563e-15
-6.79044e-16
-2.30244e-16
-7.16024e-17
-1.21066e-17
7.52244e-07
0
-7.51239e-07
0
-7.48145e-07
0
0
0
7.22883e-07
0
0
-1.8112e-18
-3.48789e-17
3.08162e-10
5.68131e-09
9.06995e-08
1.21695e-06
1.24069e-05
0.000110119
0.00080321
0.00481431
0.0240716
0.102141
0.37408
1.20143
3.43303
8.84074
20.752
44.8466
90.0159
169.139
299.637
503.798
809.273
1250.34
1869.4
2721.1
3879.68
5450.77
7589.31
10526.1
14605.5
20339.2
28477.5
40102.7
56743.1
80508.4
114255
183216
294211
444782
735253
1.15695e+06
1.84974e+06
2.95238e+06
4.66721e+06
7.38513e+06
1.16321e+07
1.82439e+07
2.8626e+07
4.47641e+07
6.3648e+07
4.03265e+07
2.46906e+07
1.50048e+07
9.01607e+06
5.3404e+06
3.10998e+06
1.77664e+06
993358
542351
288462
149111
74840.7
36588.6
16946.9
6621.52
2091.28
552.791
107.837
16.0897
1.87631
0.171863
0.0124545
0.000737153
3.75795e-05
1.78912e-06
8.83428e-08
5.05525e-09
2.67183e-10
6.07835e-11
-5.2145e-13
-4.90141e-12
-2.23536e-14
-6.13673e-15
-1.89517e-15
-6.30027e-16
-2.12748e-16
-6.59175e-17
-1.11554e-17
-7.52246e-07
0
0
-2.14963e-14
0
-7.45251e-07
0
-7.33577e-07
-1.32701e-12
2.44643e-13
0
-4.62103e-13
1.89485e-11
3.99855e-10
6.28873e-09
9.90539e-08
1.33556e-06
1.32483e-05
0.00012155
0.000887185
0.00531172
0.0265109
0.11218
0.409387
1.30928
3.72343
9.53896
22.2679
47.8466
95.4721
178.318
314.002
524.793
837.946
1286.95
1912.9
2768.5
3925.19
5484.6
7595.87
10481.2
14472.7
20064.1
27981.8
39277.7
55445.4
78559.1
111445
170593
280975
428243
697798
1.08875e+06
1.76978e+06
2.81913e+06
4.45553e+06
7.0479e+06
1.11528e+07
1.75838e+07
2.76182e+07
4.33481e+07
6.28758e+07
4.07707e+07
2.49527e+07
1.51618e+07
9.11088e+06
5.39792e+06
3.14514e+06
1.79799e+06
1.00622e+06
550013
292995
151636
76194.7
37304.6
17308.6
6785.94
2152.31
573.033
112.558
16.8738
1.97163
0.180793
0.0131371
0.000772768
3.88478e-05
1.82127e-06
8.78352e-08
4.92336e-09
4.46183e-10
6.09151e-11
-4.98016e-13
-9.15613e-14
-2.1091e-14
-5.7577e-15
-1.77182e-15
-5.86524e-16
-1.9786e-16
-6.12313e-17
-1.03387e-17
7.52249e-07
0
0
0
7.48406e-07
0
0
0
0
-7.10763e-07
-5.08474e-12
-6.71692e-07
1.899e-11
4.00846e-10
7.00294e-09
1.11497e-07
1.50813e-06
1.51762e-05
0.000137326
0.00100048
0.00597227
0.0296771
0.124929
0.453248
1.44041
4.0691
10.3531
24.0002
51.2092
101.474
188.238
329.264
546.746
867.507
1324.21
1956.7
2815.86
3970.56
5518.82
7604.56
10442.3
14352.9
19814
27529.8
38524.2
54257.7
76770.3
108886
158116
268199
412490
659352
1.04527e+06
1.6911e+06
2.6847e+06
4.23197e+06
6.74897e+06
1.0716e+07
1.69255e+07
2.65963e+07
4.18627e+07
6.14372e+07
4.13853e+07
2.53243e+07
1.53888e+07
9.24995e+06
5.48299e+06
3.19683e+06
1.82917e+06
1.02501e+06
560985
299020
154943
78015.6
38276
17798.7
7016.02
2238.02
601.715
119.302
18.0168
2.11516
0.194009
0.0140375
0.00082431
4.13001e-05
1.90317e-06
9.03707e-08
5.18815e-09
3.92752e-10
6.09636e-11
-9.92645e-12
-8.86247e-14
-2.0242e-14
-5.49517e-15
-1.68264e-15
-5.5466e-16
-1.86809e-16
-5.76974e-17
-9.74295e-18
7.52251e-07
0
0
7.50295e-07
0
0
7.41239e-07
-7.34577e-07
7.2497e-07
0
-6.94321e-07
-2.73285e-18
2.85747e-11
4.01875e-10
8.28018e-09
1.32713e-07
1.77866e-06
1.7945e-05
0.000159476
0.00115087
0.00681794
0.0336126
0.140296
0.504545
1.58924
4.4502
11.2257
25.8074
54.6277
107.429
197.856
343.748
567.167
894.515
1357.7
1995.52
2857.33
4009.97
5548.54
7612.82
10411.2
14255.3
19609.5
27159.6
37905.3
53278.9
75291.8
106677
151190
257322
399595
625484
1.00898e+06
1.62284e+06
2.56177e+06
4.07624e+06
6.51109e+06
1.03419e+07
1.63482e+07
2.56997e+07
4.0556e+07
6.04764e+07
4.20674e+07
2.57374e+07
1.56417e+07
9.40529e+06
5.57813e+06
3.25465e+06
1.86377e+06
1.04502e+06
572423
305713
158777
80113.1
39383.2
18386.3
7289.67
2341.72
637.114
127.746
19.4649
2.30026
0.211831
0.0153254
0.0008941
4.43431e-05
2.02963e-06
9.48567e-08
5.27197e-09
3.92225e-10
4.25635e-11
-4.76234e-13
-8.62565e-14
-1.96436e-14
-5.31037e-15
-1.62154e-15
-5.34435e-16
-1.79595e-16
-5.55463e-17
-9.38744e-18
0
0
-7.51353e-07
0
0
0
0
1.26598e-13
0
7.11882e-07
0
-6.73275e-07
4.76275e-11
5.30857e-10
9.68424e-09
1.54273e-07
2.0823e-06
2.13968e-05
0.000186012
0.00132573
0.00774793
0.0376821
0.155301
0.552045
1.72056
4.77198
11.9337
27.222
57.2177
111.81
204.747
353.88
581.15
912.659
1379.83
2020.79
2883.99
4035.03
5567.34
7618.2
10392.3
14195.8
19484.8
26933.3
37524.6
52668.6
74346.2
105283
149177
250603
391877
603832
986707
1.57905e+06
2.48177e+06
3.98477e+06
6.36257e+06
1.01054e+07
1.59743e+07
2.51753e+07
3.9732e+07
5.97159e+07
4.25221e+07
2.60137e+07
1.58114e+07
9.50999e+06
5.64264e+06
3.29418e+06
1.88777e+06
1.0594e+06
581115
310776
161653
81705.7
40240.8
18868.9
7522.73
2436.59
672.438
136.91
21.1677
2.53576
0.236267
0.0172246
0.00100532
4.94704e-05
2.2315e-06
1.02967e-07
5.56898e-09
4.43185e-10
4.23908e-11
-4.8838e-13
-8.75243e-14
-1.9746e-14
-9.25295e-13
3.06373e-13
-5.31357e-16
-1.78672e-16
-5.52387e-17
-9.31056e-18
)
;

boundaryField
{
    fuel
    {
        type            calculated;
        value           uniform 0;
    }
    air
    {
        type            calculated;
        value           uniform 0;
    }
    outlet
    {
        type            calculated;
        value           uniform 0;
    }
    frontAndBack
    {
        type            empty;
    }
}


// ************************************************************************* //
