/*--------------------------------*- C++ -*----------------------------------*\
  =========                 |
  \\      /  F ield         | OpenFOAM: The Open Source CFD Toolbox
   \\    /   O peration     | Website:  https://openfoam.org
    \\  /    A nd           | Version:  11
     \\/     M anipulation  |
\*---------------------------------------------------------------------------*/
FoamFile
{
    format      ascii;
    class       volScalarField;
    location    "0.1";
    object      CH4;
}
// * * * * * * * * * * * * * * * * * * * * * * * * * * * * * * * * * * * * * //

dimensions      [0 0 0 0 0 0 0];

internalField   nonuniform List<scalar> 
4000
(
1
1
1
1
1
1
1
1
1
1
1
1
1
1
1
1
1
1
1
0.999998
0.999994
0.999981
0.999937
0.999805
0.999425
0.998394
0.99578
0.989675
0.976773
0.953352
0.9173
0.868625
0.809432
0.742912
0.67239
0.600751
0.530434
0.463266
0.400498
0.342626
0.290121
0.242998
0.201068
0.164022
0.13148
0.103036
0.0782927
0.0568942
0.0395652
0.0248024
0.0126046
0.00485378
0.00178259
0.000611427
0.000192009
5.42693e-05
1.44745e-05
6.16395e-06
3.94408e-06
2.40184e-06
1.31459e-06
6.32194e-07
2.71278e-07
1.0695e-07
3.94634e-08
1.37999e-08
4.60961e-09
1.47867e-09
4.57364e-10
1.36881e-10
3.97646e-11
1.12463e-11
3.10493e-12
8.39838e-13
2.27853e-13
6.66604e-14
2.56705e-14
7.62996e-15
2.14722e-15
5.72001e-16
1.52925e-16
4.23719e-17
1.22513e-17
3.6656e-18
1.0966e-18
4.4453e-19
1.47593e-19
3.50781e-20
8.79017e-21
2.84159e-21
6.66915e-22
1.88016e-22
4.84008e-23
1.22368e-23
3.17615e-24
7.38536e-25
1.9499e-25
4.27514e-26
1.1218e-26
1.66567e-27
1
1
1
1
1
1
1
1
1
1
1
1
1
1
1
1
1
1
0.999999
0.999998
0.999993
0.999977
0.999926
0.999773
0.999343
0.998201
0.995366
0.988884
0.975471
0.951728
0.915751
0.867572
0.809063
0.743146
0.673146
0.60197
0.531982
0.464935
0.402009
0.344193
0.291562
0.244207
0.202004
0.164676
0.131869
0.103199
0.0782911
0.0568034
0.0395209
0.0241639
0.012177
0.00467378
0.00170867
0.000582787
0.000181832
5.10686e-05
1.36172e-05
5.9196e-06
3.8265e-06
2.34106e-06
1.30217e-06
6.4257e-07
2.83792e-07
1.15432e-07
4.39234e-08
1.58239e-08
5.43991e-09
1.79396e-09
5.69774e-10
1.74872e-10
5.20253e-11
1.50477e-11
4.24319e-12
1.16958e-12
3.17199e-13
8.77709e-14
2.70817e-14
1.04886e-14
2.91253e-15
7.91196e-16
2.1494e-16
5.97065e-17
1.71259e-17
5.17741e-18
1.53397e-18
5.81956e-19
1.53915e-19
5.02595e-20
1.22286e-20
3.61685e-21
8.54695e-22
2.25331e-22
5.99422e-23
1.43105e-23
3.7605e-24
9.29742e-25
2.33342e-25
5.98215e-26
1.50724e-26
1.71937e-27
1
1
1
1
1
1
1
1
1
1
1
1
1
1
1
1
1
1
0.999999
0.999998
0.999992
0.999975
0.999921
0.99976
0.999309
0.99812
0.995192
0.988546
0.974896
0.950943
0.914779
0.866536
0.808208
0.742682
0.673046
0.602189
0.532463
0.465613
0.402841
0.344878
0.292185
0.24476
0.202454
0.164998
0.132051
0.10324
0.0781987
0.0566008
0.0392799
0.0238796
0.0119289
0.00456461
0.00166292
0.000565187
0.000175799
4.92737e-05
1.31595e-05
5.75922e-06
3.73233e-06
2.30936e-06
1.30077e-06
6.51406e-07
2.90814e-07
1.19513e-07
4.59534e-08
1.67299e-08
5.81162e-09
1.93625e-09
6.21115e-10
1.92468e-10
5.77888e-11
1.68617e-11
4.79454e-12
1.33218e-12
3.63729e-13
1.00592e-13
3.03722e-14
1.08127e-14
4.18825e-15
1.0621e-15
2.75107e-16
7.36019e-17
2.05878e-17
6.00514e-18
1.89968e-18
6.29831e-19
1.77047e-19
5.12157e-20
1.277e-20
3.82317e-21
9.77872e-22
2.71568e-22
6.66545e-23
1.42095e-23
3.07573e-24
8.64356e-25
2.18841e-25
6.11141e-26
1.58479e-26
2.06175e-27
1
1
1
1
1
1
1
1
1
1
1
1
1
1
1
1
1
1
0.999999
0.999998
0.999992
0.999973
0.999914
0.999742
0.999263
0.998014
0.994969
0.98813
0.974221
0.950095
0.91389
0.865738
0.807573
0.742291
0.672902
0.602237
0.532641
0.465889
0.403204
0.345313
0.29256
0.245057
0.202673
0.165145
0.132132
0.103256
0.078156
0.056511
0.0391726
0.0237595
0.0118251
0.00451899
0.00164399
0.000557983
0.000173341
4.85364e-05
1.29485e-05
5.64456e-06
3.67627e-06
2.29488e-06
1.30467e-06
6.6185e-07
2.99208e-07
1.24655e-07
4.86133e-08
1.79528e-08
6.32551e-09
2.13709e-09
6.94932e-10
2.18191e-10
6.63411e-11
1.95888e-11
5.63213e-12
1.58063e-12
4.34278e-13
1.18766e-13
3.42152e-14
1.22645e-14
4.61813e-15
1.16732e-15
3.03155e-16
8.16937e-17
2.29848e-17
6.72265e-18
1.98594e-18
6.89348e-19
2.42259e-19
6.84508e-20
1.56211e-20
4.76219e-21
1.10909e-21
2.77791e-22
7.62908e-23
1.77074e-23
4.76939e-24
1.26139e-24
3.10036e-25
7.81623e-26
1.66912e-26
2.90772e-27
1
1
1
1
1
1
1
1
1
1
1
1
1
1
1
1
1
1
0.999999
0.999997
0.999991
0.999971
0.99991
0.99973
0.999234
0.997943
0.994809
0.987799
0.973618
0.949196
0.912742
0.864475
0.806363
0.741237
0.672045
0.601669
0.532346
0.46581
0.403263
0.345455
0.292768
0.245279
0.202875
0.165302
0.132233
0.103312
0.0781759
0.0565044
0.0391559
0.0237351
0.0118027
0.00450857
0.00163951
0.000556305
0.000172827
4.84145e-05
1.29049e-05
5.57559e-06
3.64723e-06
2.29363e-06
1.31666e-06
6.75552e-07
3.08211e-07
1.29484e-07
5.08856e-08
1.89298e-08
6.71818e-09
2.28641e-09
7.4904e-10
2.36967e-10
7.26043e-11
2.16042e-11
6.25991e-12
1.77046e-12
4.89877e-13
1.33911e-13
3.77194e-14
1.25139e-14
4.74524e-15
1.23146e-15
3.30567e-16
9.17408e-17
2.61029e-17
7.47759e-18
2.29156e-18
8.10056e-19
2.65597e-19
6.89321e-20
2.30144e-20
6.10704e-21
1.5735e-21
3.92075e-22
8.94544e-23
2.19234e-23
5.53522e-24
1.47596e-24
3.40292e-25
7.55385e-26
1.87342e-26
3.01113e-27
1
1
1
1
1
1
1
1
1
1
1
1
1
1
1
1
1
1
0.999999
0.999997
0.999991
0.999969
0.999905
0.999717
0.999202
0.997868
0.994654
0.987512
0.973152
0.948584
0.912028
0.863713
0.8056
0.740531
0.671517
0.601255
0.532055
0.465637
0.403193
0.345464
0.292824
0.245369
0.20298
0.165413
0.132344
0.103414
0.0782674
0.056586
0.0392315
0.0238016
0.0118547
0.00452976
0.00164817
0.000559798
0.000174184
4.8897e-05
1.3027e-05
5.54997e-06
3.63694e-06
2.30125e-06
1.33109e-06
6.89092e-07
3.16899e-07
1.34218e-07
5.31819e-08
1.99503e-08
7.14034e-09
2.45055e-09
8.09434e-10
2.58106e-10
7.96773e-11
2.38763e-11
6.96378e-12
1.98182e-12
5.51588e-13
1.50706e-13
4.15404e-14
1.24281e-14
4.74681e-15
1.31115e-15
3.64001e-16
1.02781e-16
2.91706e-17
8.42737e-18
2.56198e-18
8.20171e-19
3.00213e-19
7.79348e-20
2.52063e-20
6.62891e-21
1.78058e-21
4.10078e-22
1.15355e-22
2.45976e-23
6.56278e-24
1.48308e-24
3.69931e-25
1.00324e-25
2.31807e-26
4.02127e-27
1
1
1
1
1
1
1
1
1
1
1
1
1
1
1
1
1
1
0.999999
0.999997
0.99999
0.999968
0.999901
0.999708
0.999177
0.997809
0.994521
0.98724
0.972664
0.947869
0.911131
0.862727
0.804624
0.739639
0.670745
0.600658
0.531624
0.46535
0.403027
0.345394
0.292826
0.245417
0.20306
0.165514
0.132458
0.103537
0.0783959
0.0567177
0.0393612
0.0239228
0.0119518
0.00457009
0.00166469
0.000566307
0.000176592
4.97043e-05
1.32386e-05
5.54902e-06
3.6364e-06
2.31332e-06
1.34693e-06
7.02739e-07
3.25334e-07
1.38663e-07
5.52726e-08
2.08548e-08
7.50696e-09
2.59124e-09
8.60877e-10
2.76111e-10
8.57304e-11
2.58366e-11
7.57716e-12
2.16774e-12
6.06373e-13
1.66404e-13
4.54121e-14
1.31497e-14
4.13717e-15
1.56706e-15
4.21241e-16
1.13055e-16
3.11434e-17
8.90535e-18
2.66521e-18
8.14954e-19
2.67768e-19
8.20361e-20
2.28228e-20
6.19478e-21
1.56287e-21
3.49357e-22
1.01242e-22
2.7072e-23
7.06372e-24
1.79466e-24
3.94746e-25
1.00524e-25
2.46938e-26
3.84543e-27
1
1
1
1
1
1
1
1
1
1
1
1
1
1
1
1
1
1
0.999999
0.999997
0.99999
0.999967
0.999898
0.999699
0.999155
0.997757
0.994409
0.987026
0.972299
0.947356
0.91049
0.862005
0.80388
0.738929
0.67012
0.600142
0.531224
0.465065
0.402844
0.345296
0.292797
0.245441
0.203123
0.165605
0.132569
0.103663
0.0785351
0.0568691
0.0395145
0.0240711
0.0120731
0.00462107
0.0016857
0.000574563
0.000179617
5.07058e-05
1.34999e-05
5.55388e-06
3.6418e-06
2.32983e-06
1.36426e-06
7.16249e-07
3.33442e-07
1.4289e-07
5.72586e-08
2.17171e-08
7.85805e-09
2.72645e-09
9.10414e-10
2.93455e-10
9.15546e-11
2.77192e-11
8.16474e-12
2.34556e-12
6.59011e-13
1.8157e-13
4.91459e-14
1.34061e-14
4.24878e-15
1.1969e-15
4.43469e-16
1.1424e-16
3.1118e-17
8.91775e-18
2.6835e-18
8.79016e-19
2.64866e-19
9.42023e-20
2.77393e-20
5.87736e-21
1.62464e-21
4.5092e-22
9.60236e-23
2.19405e-23
5.93015e-24
1.3697e-24
3.69962e-25
1.01821e-25
1.85991e-26
3.33315e-27
1
1
1
1
1
1
1
1
1
1
1
1
1
1
1
1
1
1
0.999999
0.999997
0.99999
0.999966
0.999895
0.999691
0.999135
0.997711
0.994307
0.986823
0.971945
0.946852
0.909864
0.861314
0.803179
0.738256
0.669549
0.599677
0.530867
0.46481
0.402681
0.345212
0.292776
0.245469
0.203185
0.165691
0.132671
0.103776
0.0786586
0.0570035
0.0396676
0.0242353
0.0122137
0.00468084
0.00171037
0.000584198
0.000183102
5.18423e-05
1.38067e-05
5.58883e-06
3.65956e-06
2.34856e-06
1.38025e-06
7.28128e-07
3.4072e-07
1.46717e-07
5.9069e-08
2.25069e-08
8.18073e-09
2.85111e-09
9.56235e-10
3.09548e-10
9.69748e-11
2.9476e-11
8.71328e-12
2.51124e-12
7.07667e-13
1.95614e-13
5.32786e-14
1.44601e-14
4.04184e-15
1.16835e-15
3.1844e-16
9.06429e-17
2.65261e-17
7.96642e-18
2.50084e-18
7.95645e-19
3.11573e-19
8.96088e-20
2.4664e-20
6.97871e-21
1.83031e-21
4.50666e-22
1.10789e-22
2.71275e-23
6.76074e-24
1.68085e-24
3.76669e-25
9.75827e-26
2.44394e-26
2.62336e-27
1
1
1
1
1
1
1
1
1
1
1
1
1
1
1
1
1
1
0.999999
0.999997
0.999989
0.999965
0.999893
0.999685
0.99912
0.997674
0.994227
0.986664
0.971666
0.946445
0.909348
0.860737
0.802601
0.737733
0.669065
0.599264
0.530541
0.464574
0.402531
0.345136
0.292762
0.245499
0.203246
0.165769
0.132755
0.10386
0.0787411
0.0570948
0.0397865
0.0244444
0.0123944
0.00475712
0.00174124
0.000595945
0.000187235
5.31561e-05
1.41593e-05
5.6422e-06
3.68199e-06
2.36647e-06
1.39434e-06
7.3846e-07
3.47373e-07
1.50171e-07
6.06875e-08
2.32082e-08
8.46625e-09
2.9613e-09
9.96761e-10
3.23809e-10
1.01793e-10
3.10412e-11
9.20311e-12
2.65954e-12
7.51333e-13
2.08234e-13
5.68643e-14
1.53797e-14
4.14793e-15
1.12777e-15
3.11887e-16
8.83775e-17
2.58917e-17
7.87873e-18
2.4829e-18
8.07867e-19
3.21519e-19
8.8341e-20
2.67377e-20
5.83085e-21
1.51484e-21
4.15896e-22
1.03818e-22
2.72159e-23
7.15003e-24
1.4538e-24
3.2591e-25
7.01284e-26
1.88938e-26
2.9895e-27
1
1
1
1
1
1
1
1
1
1
1
1
1
1
1
1
1
1
0.999999
0.999997
0.999989
0.999965
0.999891
0.999679
0.999105
0.997639
0.99415
0.986513
0.971414
0.946087
0.908901
0.86024
0.802106
0.737295
0.668653
0.598914
0.53027
0.464384
0.402415
0.345086
0.292766
0.245546
0.203323
0.165861
0.132848
0.103934
0.0787723
0.057047
0.0396047
0.0249842
0.0126965
0.00486935
0.00178232
0.000610391
0.00019201
5.46037e-05
1.45384e-05
5.7037e-06
3.70108e-06
2.37985e-06
1.40531e-06
7.47026e-07
3.53126e-07
1.5324e-07
6.21557e-08
2.38545e-08
8.73224e-09
3.06462e-09
1.03488e-09
3.3723e-10
1.06323e-10
3.25077e-11
9.66032e-12
2.79741e-12
7.91693e-13
2.19741e-13
6.00748e-14
1.62653e-14
4.39131e-15
1.19214e-15
3.28591e-16
9.276e-17
2.70104e-17
8.14173e-18
2.5567e-18
8.90896e-19
2.60872e-19
8.18517e-20
2.43789e-20
6.78734e-21
1.45312e-21
4.26133e-22
1.1634e-22
2.71203e-23
6.72935e-24
1.58651e-24
4.31914e-25
9.60199e-26
1.89147e-26
3.49845e-27
1
1
1
1
1
1
1
1
1
1
1
1
1
1
1
1
1
1
0.999999
0.999997
0.999989
0.999964
0.999889
0.999675
0.999095
0.997614
0.994094
0.986398
0.971218
0.945797
0.908526
0.859805
0.801639
0.736817
0.668255
0.598597
0.530033
0.464224
0.402326
0.345059
0.292789
0.245609
0.203416
0.165976
0.132976
0.104068
0.0789056
0.0571757
0.0397285
0.0251374
0.0128214
0.00492251
0.00180405
0.000618765
0.000195
5.557e-05
1.48014e-05
5.73619e-06
3.70864e-06
2.38802e-06
1.4136e-06
7.53996e-07
3.5793e-07
1.55824e-07
6.33976e-08
2.44031e-08
8.95874e-09
3.15293e-09
1.0676e-09
3.48808e-10
1.10245e-10
3.3781e-11
1.00586e-11
2.91786e-12
8.27052e-13
2.29854e-13
6.29036e-14
1.70426e-14
4.60238e-15
1.24924e-15
3.44088e-16
9.70578e-17
2.8174e-17
8.4284e-18
2.69239e-18
8.56496e-19
3.2903e-19
8.5749e-20
2.36498e-20
6.83432e-21
1.56418e-21
4.77449e-22
1.30095e-22
3.33727e-23
8.50278e-24
1.81589e-24
4.81653e-25
1.24128e-25
2.21187e-26
3.94104e-27
1
1
1
1
1
1
1
1
1
1
1
1
1
1
1
1
1
1
0.999999
0.999997
0.999989
0.999964
0.999888
0.999671
0.999084
0.997589
0.99404
0.986291
0.971044
0.945549
0.908218
0.859462
0.80129
0.736489
0.667966
0.598362
0.529856
0.464107
0.402265
0.345049
0.292822
0.245678
0.203514
0.166096
0.13311
0.104212
0.0790544
0.0573261
0.0398431
0.0252457
0.0129086
0.00495952
0.0018194
0.00062482
0.000197223
5.63092e-05
1.5005e-05
5.75419e-06
3.71001e-06
2.39301e-06
1.41991e-06
7.59687e-07
3.62024e-07
1.58086e-07
6.4506e-08
2.48987e-08
9.16484e-09
3.23352e-09
1.09746e-09
3.59364e-10
1.13806e-10
3.49329e-11
1.04175e-11
3.02606e-12
8.58719e-13
2.38884e-13
6.54223e-14
1.7733e-14
4.78941e-15
1.29962e-15
3.57695e-16
1.00803e-16
2.92664e-17
8.77511e-18
2.69762e-18
9.40917e-19
2.72904e-19
9.52222e-20
2.59503e-20
7.21295e-21
2.03953e-21
5.62844e-22
1.24064e-22
3.19807e-23
7.67734e-24
1.95147e-24
4.28941e-25
1.10472e-25
2.78586e-26
3.49212e-27
1
1
1
1
1
1
1
1
1
1
1
1
1
1
1
1
1
1
0.999999
0.999997
0.999989
0.999963
0.999887
0.999668
0.999077
0.997571
0.994001
0.986214
0.970911
0.945355
0.90797
0.859181
0.801
0.736217
0.667729
0.59817
0.529715
0.464016
0.402223
0.34505
0.29286
0.245748
0.203609
0.166208
0.133236
0.104346
0.0791923
0.0574638
0.0399464
0.0253402
0.0129834
0.00499102
0.00183241
0.00062995
0.00019911
5.69395e-05
1.51798e-05
5.76929e-06
3.7101e-06
2.39622e-06
1.42444e-06
7.64028e-07
3.65304e-07
1.59941e-07
6.54273e-08
2.5314e-08
9.33835e-09
3.3016e-09
1.12277e-09
3.68331e-10
1.16835e-10
3.59141e-11
1.07238e-11
3.11855e-12
8.85826e-13
2.46623e-13
6.75828e-14
1.83252e-14
4.94957e-15
1.34268e-15
3.69242e-16
1.03897e-16
3.0108e-17
9.0478e-18
2.71983e-18
9.09299e-19
3.11097e-19
1.07257e-19
2.57301e-20
8.48337e-21
1.8938e-21
5.59122e-22
1.32697e-22
3.36693e-23
7.69944e-24
1.9194e-24
4.86775e-25
1.11273e-25
2.45426e-26
4.16762e-27
1
1
1
1
1
1
1
1
1
1
1
1
1
1
1
1
1
1
0.999999
0.999997
0.999988
0.999963
0.999886
0.999666
0.99907
0.997555
0.993966
0.986144
0.970798
0.945194
0.90777
0.858959
0.800775
0.736008
0.667547
0.598024
0.52961
0.463953
0.402199
0.345061
0.292902
0.245815
0.203696
0.16631
0.133349
0.104465
0.0793146
0.0575854
0.0400377
0.025423
0.0130486
0.00501845
0.00184373
0.000634411
0.000200752
5.74885e-05
1.53329e-05
5.7828e-06
3.7092e-06
2.39769e-06
1.42731e-06
7.67261e-07
3.67964e-07
1.61493e-07
6.62107e-08
2.56698e-08
9.48742e-09
3.36013e-09
1.14453e-09
3.76025e-10
1.19428e-10
3.67529e-11
1.09853e-11
3.1974e-12
9.08914e-13
2.53209e-13
6.94196e-14
1.88282e-14
5.0854e-15
1.37908e-15
3.78928e-16
1.06539e-16
3.08382e-17
9.13694e-18
2.8956e-18
9.19886e-19
2.90592e-19
8.27343e-20
2.66893e-20
8.35601e-21
2.26571e-21
5.53728e-22
1.22321e-22
3.37988e-23
7.57266e-24
1.54813e-24
3.91699e-25
9.1783e-26
2.05999e-26
4.05987e-27
1
1
1
1
1
1
1
1
1
1
1
1
1
1
1
1
1
1
0.999999
0.999997
0.999988
0.999963
0.999885
0.999664
0.999065
0.997544
0.99394
0.986094
0.970713
0.945071
0.907616
0.85879
0.800608
0.735846
0.667405
0.597911
0.52953
0.463907
0.402185
0.345076
0.292942
0.245875
0.203772
0.166399
0.133446
0.104568
0.0794193
0.0576895
0.0401166
0.0254941
0.0131045
0.00504191
0.0018534
0.000638217
0.00020215
5.79552e-05
1.54633e-05
5.79469e-06
3.7069e-06
2.39725e-06
1.42865e-06
7.69539e-07
3.70053e-07
1.62742e-07
6.68457e-08
2.59588e-08
9.60864e-09
3.40776e-09
1.16228e-09
3.82294e-10
1.21543e-10
3.74373e-11
1.11988e-11
3.26187e-12
9.27804e-13
2.586e-13
7.09236e-14
1.924e-14
5.19654e-15
1.40871e-15
3.86891e-16
1.08695e-16
3.14518e-17
9.39817e-18
2.92844e-18
9.11517e-19
2.72998e-19
1.05349e-19
2.66664e-20
8.46622e-21
2.16222e-21
5.58683e-22
1.38977e-22
3.1183e-23
7.65032e-24
1.84437e-24
4.40234e-25
1.11806e-25
2.27731e-26
4.09308e-27
1
1
1
1
1
1
1
1
1
1
1
1
1
1
1
1
1
1
0.999999
0.999997
0.999988
0.999962
0.999885
0.999662
0.999061
0.997534
0.99392
0.986053
0.970645
0.944973
0.907492
0.85865
0.800467
0.735715
0.667294
0.597825
0.529471
0.463876
0.402179
0.345092
0.292978
0.245927
0.203836
0.166472
0.133526
0.104651
0.0795042
0.0577733
0.0401793
0.0255513
0.0131497
0.005061
0.00186128
0.000641313
0.000203287
5.83344e-05
1.55684e-05
5.80251e-06
3.70178e-06
2.39454e-06
1.42881e-06
7.71131e-07
3.71688e-07
1.6373e-07
6.73486e-08
2.61874e-08
9.70445e-09
3.4454e-09
1.1763e-09
3.87244e-10
1.23211e-10
3.79774e-11
1.13673e-11
3.31271e-12
9.42698e-13
2.62848e-13
7.21073e-14
1.95635e-14
5.28381e-15
1.43206e-15
3.93179e-16
1.10342e-16
3.19673e-17
9.56395e-18
2.84754e-18
9.3659e-19
3.18554e-19
9.93232e-20
3.53893e-20
9.31208e-21
2.53133e-21
7.02605e-22
1.68662e-22
3.40713e-23
8.86541e-24
2.26875e-24
5.80282e-25
1.43955e-25
3.44542e-26
5.07219e-27
1
1
1
1
1
1
1
1
1
1
1
1
1
1
1
1
1
1
0.999999
0.999996
0.999988
0.999962
0.999884
0.999661
0.999059
0.997528
0.993905
0.986024
0.970597
0.944904
0.907405
0.858552
0.800365
0.735623
0.667217
0.597766
0.529432
0.463856
0.402178
0.345108
0.293007
0.245968
0.203886
0.166529
0.133587
0.104715
0.0795696
0.0578378
0.040228
0.0255953
0.0131843
0.00507555
0.00186726
0.000643659
0.000204145
5.86194e-05
1.56443e-05
5.80071e-06
3.69287e-06
2.3905e-06
1.42842e-06
7.72278e-07
3.72916e-07
1.64466e-07
6.77202e-08
2.63558e-08
9.77493e-09
3.4731e-09
1.18662e-09
3.9089e-10
1.24441e-10
3.83755e-11
1.14916e-11
3.35022e-12
9.53677e-13
2.65975e-13
7.29763e-14
1.97999e-14
5.34691e-15
1.44874e-15
3.975e-16
1.11452e-16
3.22038e-17
9.56624e-18
2.96408e-18
9.39078e-19
2.90491e-19
9.59284e-20
3.05394e-20
9.49216e-21
2.51589e-21
7.18404e-22
1.90992e-22
4.38112e-23
1.01719e-23
2.33703e-24
5.80063e-25
1.32812e-25
2.68259e-26
4.87768e-27
1
1
1
1
1
1
1
1
1
1
1
1
1
1
1
1
1
1
0.999999
0.999996
0.999988
0.999962
0.999884
0.999661
0.999057
0.997523
0.993896
0.986006
0.970567
0.94486
0.907351
0.858492
0.800304
0.735568
0.66717
0.597731
0.529409
0.463845
0.402179
0.345119
0.293028
0.245997
0.203921
0.166569
0.133629
0.104759
0.0796141
0.0578817
0.0402615
0.0256251
0.0132076
0.00508531
0.00187126
0.000645227
0.000204719
5.88084e-05
1.56915e-05
5.79007e-06
3.68461e-06
2.3874e-06
1.42815e-06
7.73064e-07
3.73735e-07
1.64948e-07
6.7961e-08
2.64641e-08
9.82009e-09
3.49081e-09
1.1932e-09
3.93206e-10
1.2522e-10
3.86271e-11
1.15698e-11
3.37371e-12
9.60506e-13
2.67899e-13
7.35021e-14
1.99392e-14
5.38265e-15
1.45754e-15
3.99554e-16
1.11878e-16
3.22561e-17
9.65518e-18
2.88175e-18
9.36645e-19
3.51396e-19
9.01124e-20
2.84733e-20
9.7736e-21
2.49222e-21
7.21511e-22
1.98005e-22
5.04065e-23
1.14668e-23
2.56857e-24
5.86841e-25
1.38553e-25
2.68038e-26
4.73469e-27
1
1
1
1
1
1
1
1
1
1
1
1
1
1
1
1
1
1
0.999999
0.999996
0.999988
0.999962
0.999884
0.99966
0.999056
0.997522
0.993892
0.985998
0.970553
0.944841
0.907327
0.858465
0.800277
0.735542
0.667149
0.597714
0.529399
0.463841
0.40218
0.345125
0.293039
0.246011
0.203938
0.166587
0.13365
0.104781
0.0796356
0.0579029
0.0402775
0.0256396
0.0132188
0.00509001
0.00187319
0.00064598
0.000204993
5.88986e-05
1.57139e-05
5.78511e-06
3.68074e-06
2.38597e-06
1.42803e-06
7.73428e-07
3.74117e-07
1.65173e-07
6.80721e-08
2.65136e-08
9.84049e-09
3.49873e-09
1.19611e-09
3.94225e-10
1.25561e-10
3.87364e-11
1.16035e-11
3.38372e-12
9.63372e-13
2.68689e-13
7.37109e-14
1.99917e-14
5.39489e-15
1.46011e-15
3.99957e-16
1.11891e-16
3.22418e-17
9.49567e-18
2.94217e-18
9.29107e-19
3.5078e-19
9.23131e-20
3.18376e-20
9.89013e-21
2.55036e-21
7.47005e-22
1.98788e-22
4.96287e-23
9.32683e-24
2.45334e-24
4.53447e-25
1.11536e-25
2.68544e-26
3.26362e-27
1
1
1
1
1
1
1
1
1
1
1
1
1
1
1
1
1
1
0.999999
0.999996
0.999988
0.999962
0.999884
0.99966
0.999056
0.997522
0.993892
0.985998
0.970553
0.944841
0.907327
0.858465
0.800277
0.735543
0.667149
0.597714
0.529398
0.46384
0.402179
0.345125
0.293038
0.24601
0.203937
0.166587
0.133649
0.10478
0.0796351
0.0579025
0.0402772
0.0256393
0.0132186
0.00508991
0.00187315
0.000645964
0.000204987
5.88965e-05
1.57133e-05
5.78513e-06
3.68077e-06
2.38597e-06
1.42802e-06
7.73415e-07
3.74106e-07
1.65166e-07
6.80688e-08
2.6512e-08
9.83974e-09
3.49839e-09
1.19596e-09
3.94164e-10
1.25538e-10
3.87275e-11
1.16002e-11
3.38253e-12
9.62942e-13
2.68535e-13
7.36559e-14
1.99719e-14
5.38777e-15
1.45748e-15
3.99048e-16
1.11572e-16
3.20575e-17
9.4728e-18
2.79901e-18
9.27995e-19
3.78588e-19
1.07531e-19
3.26874e-20
7.8165e-21
2.41622e-21
6.53999e-22
1.42542e-22
3.74151e-23
9.6238e-24
2.09274e-24
5.565e-25
1.05502e-25
2.88943e-26
3.67678e-27
1
1
1
1
1
1
1
1
1
1
1
1
1
1
1
1
1
1
0.999999
0.999996
0.999988
0.999962
0.999884
0.999661
0.999057
0.997524
0.993896
0.986006
0.970567
0.944861
0.907352
0.858493
0.800305
0.735568
0.66717
0.59773
0.529408
0.463844
0.402177
0.345117
0.293026
0.245995
0.203919
0.166567
0.133628
0.104758
0.0796126
0.0578803
0.0402604
0.0256242
0.0132069
0.00508498
0.00187112
0.000645168
0.000204696
5.88008e-05
1.56894e-05
5.78996e-06
3.68462e-06
2.38739e-06
1.42812e-06
7.73029e-07
3.73707e-07
1.64931e-07
6.7952e-08
2.64597e-08
9.81799e-09
3.48984e-09
1.19276e-09
3.93028e-10
1.25151e-10
3.86011e-11
1.15602e-11
3.37021e-12
9.59243e-13
2.67447e-13
7.33405e-14
1.98812e-14
5.36167e-15
1.44976e-15
3.96717e-16
1.10865e-16
3.18758e-17
9.48169e-18
2.81955e-18
9.19457e-19
3.14593e-19
9.34513e-20
3.07379e-20
8.49153e-21
2.37968e-21
6.45406e-22
1.52592e-22
3.90107e-23
1.00315e-23
2.37863e-24
5.66164e-25
1.36868e-25
2.95154e-26
4.96887e-27
1
1
1
1
1
1
1
1
1
1
1
1
1
1
1
1
1
1
0.999999
0.999996
0.999988
0.999962
0.999884
0.999661
0.999059
0.997528
0.993905
0.986024
0.970598
0.944905
0.907407
0.858553
0.800366
0.735624
0.667217
0.597765
0.52943
0.463853
0.402175
0.345104
0.293004
0.245965
0.203883
0.166526
0.133584
0.104713
0.0795671
0.0578356
0.0402265
0.0255939
0.0131832
0.00507501
0.00186702
0.00064356
0.000204108
5.86067e-05
1.56407e-05
5.80053e-06
3.69293e-06
2.39049e-06
1.42837e-06
7.72215e-07
3.72866e-07
1.64436e-07
6.77045e-08
2.63481e-08
9.77134e-09
3.47147e-09
1.18589e-09
3.90588e-10
1.24324e-10
3.83312e-11
1.14752e-11
3.34424e-12
9.51519e-13
2.65201e-13
7.26987e-14
1.97e-14
5.3108e-15
1.43549e-15
3.9261e-16
1.09617e-16
3.15539e-17
9.36804e-18
2.78321e-18
9.46778e-19
2.82088e-19
1.03911e-19
3.20869e-20
8.12781e-21
2.21345e-21
6.04219e-22
1.78366e-22
3.58357e-23
9.90159e-24
2.58433e-24
6.36297e-25
1.49682e-25
3.42175e-26
5.6677e-27
1
1
1
1
1
1
1
1
1
1
1
1
1
1
1
1
1
1
0.999999
0.999997
0.999988
0.999962
0.999885
0.999662
0.999061
0.997534
0.99392
0.986053
0.970646
0.944975
0.907495
0.858652
0.80047
0.735717
0.667294
0.597824
0.529469
0.463872
0.402175
0.345088
0.292973
0.245922
0.203831
0.166468
0.133521
0.104647
0.0795004
0.0577698
0.0401766
0.0255489
0.0131479
0.00506017
0.00186091
0.000641166
0.000203232
5.8316e-05
1.5563e-05
5.80141e-06
3.70157e-06
2.39446e-06
1.42873e-06
7.71048e-07
3.71621e-07
1.6369e-07
6.73273e-08
2.61769e-08
9.69954e-09
3.44318e-09
1.1753e-09
3.86832e-10
1.23051e-10
3.79167e-11
1.1345e-11
3.30461e-12
9.39792e-13
2.61812e-13
7.17387e-14
1.94318e-14
5.23636e-15
1.41492e-15
3.86815e-16
1.07966e-16
3.10156e-17
9.24954e-18
2.80028e-18
9.15022e-19
2.76964e-19
8.19593e-20
3.02361e-20
8.24727e-21
2.16194e-21
6.73432e-22
1.86177e-22
4.47894e-23
1.08624e-23
2.76377e-24
5.50105e-25
1.32221e-25
3.11063e-26
5.31872e-27
1
1
1
1
1
1
1
1
1
1
1
1
1
1
1
1
1
1
0.999999
0.999997
0.999988
0.999963
0.999885
0.999664
0.999065
0.997544
0.993941
0.986095
0.970714
0.945073
0.907618
0.85879
0.800607
0.735846
0.667404
0.597909
0.529527
0.463903
0.402181
0.345071
0.292936
0.24587
0.203766
0.166393
0.13344
0.104562
0.0794138
0.0576841
0.0401118
0.0254903
0.0131018
0.00504072
0.0018529
0.000638015
0.000202076
5.79305e-05
1.54561e-05
5.79311e-06
3.70638e-06
2.39701e-06
1.42851e-06
7.69422e-07
3.69966e-07
1.62691e-07
6.68188e-08
2.59457e-08
9.60253e-09
3.40503e-09
1.16104e-09
3.8178e-10
1.21341e-10
3.73614e-11
1.11709e-11
3.25178e-12
9.242e-13
2.57321e-13
7.04708e-14
1.90791e-14
5.13911e-15
1.3881e-15
3.79331e-16
1.05906e-16
3.04266e-17
9.07833e-18
2.75826e-18
8.54168e-19
2.56158e-19
8.19366e-20
2.52699e-20
8.3883e-21
2.11135e-21
5.90294e-22
1.55359e-22
3.70403e-23
9.80737e-24
2.53024e-24
6.16277e-25
1.24848e-25
3.2815e-26
4.08548e-27
1
1
1
1
1
1
1
1
1
1
1
1
1
1
1
1
1
1
0.999999
0.999997
0.999988
0.999963
0.999886
0.999666
0.99907
0.997556
0.993966
0.986146
0.9708
0.945196
0.907773
0.858961
0.800776
0.736007
0.667546
0.598021
0.529606
0.463948
0.402193
0.345054
0.292895
0.245808
0.203688
0.166303
0.133342
0.104458
0.0793082
0.0575793
0.0400329
0.0254189
0.0130456
0.00501707
0.00184314
0.000634172
0.000200664
5.74592e-05
1.53244e-05
5.78084e-06
3.70835e-06
2.39722e-06
1.42706e-06
7.67107e-07
3.67861e-07
1.61434e-07
6.61793e-08
2.56544e-08
9.48028e-09
3.35693e-09
1.14311e-09
3.75419e-10
1.19189e-10
3.66626e-11
1.09521e-11
3.18543e-12
9.04648e-13
2.517e-13
6.88874e-14
1.86399e-14
5.01827e-15
1.35489e-15
3.70124e-16
1.03269e-16
2.96875e-17
8.88791e-18
2.68693e-18
8.40092e-19
2.66348e-19
7.60253e-20
2.74492e-20
7.24141e-21
2.16789e-21
6.00862e-22
1.41836e-22
3.74449e-23
9.79491e-24
2.23441e-24
5.76951e-25
1.39073e-25
3.50481e-26
4.30429e-27
1
1
1
1
1
1
1
1
1
1
1
1
1
1
1
1
1
1
0.999999
0.999997
0.999989
0.999963
0.999887
0.999668
0.999077
0.997572
0.994002
0.986215
0.970914
0.945359
0.907975
0.859185
0.801004
0.736219
0.667729
0.598168
0.529712
0.464012
0.402217
0.345042
0.292852
0.24574
0.2036
0.1662
0.133228
0.104338
0.0791847
0.0574567
0.0399408
0.0253354
0.0129798
0.00498942
0.00183173
0.000629675
0.000199009
5.69059e-05
1.51701e-05
5.767e-06
3.70902e-06
2.39558e-06
1.42408e-06
7.63826e-07
3.65182e-07
1.59873e-07
6.5392e-08
2.52968e-08
9.33034e-09
3.29801e-09
1.1212e-09
3.67647e-10
1.16562e-10
3.58106e-11
1.06857e-11
3.1048e-12
8.80928e-13
2.44896e-13
6.69762e-14
1.81108e-14
4.87344e-15
1.31525e-15
3.59266e-16
1.00199e-16
2.87301e-17
8.57849e-18
2.71313e-18
7.89748e-19
2.35295e-19
9.10311e-20
3.07065e-20
9.17499e-21
2.3525e-21
6.30498e-22
1.66901e-22
3.79873e-23
9.46402e-24
2.1634e-24
4.80526e-25
1.23183e-25
2.97935e-26
5.06099e-27
1
1
1
1
1
1
1
1
1
1
1
1
1
1
1
1
1
1
0.999999
0.999997
0.999989
0.999964
0.999888
0.999671
0.999084
0.997589
0.994041
0.986294
0.971047
0.945554
0.908224
0.859468
0.801296
0.736493
0.667968
0.598361
0.529853
0.464102
0.402258
0.34504
0.292813
0.245669
0.203505
0.166086
0.133101
0.104203
0.0790457
0.0573179
0.0398366
0.0252403
0.0129045
0.00495771
0.00181864
0.000624518
0.000197112
5.62729e-05
1.49946e-05
5.75199e-06
3.70892e-06
2.39223e-06
1.41942e-06
7.59412e-07
3.6187e-07
1.58005e-07
6.44655e-08
2.48794e-08
9.15595e-09
3.22957e-09
1.09575e-09
3.5862e-10
1.13503e-10
3.48173e-11
1.03748e-11
3.01065e-12
8.53226e-13
2.36953e-13
6.4745e-14
1.74937e-14
4.70451e-15
1.26918e-15
3.46655e-16
9.66774e-17
2.77491e-17
8.23106e-18
2.54587e-18
8.80678e-19
2.7548e-19
7.87758e-20
2.55463e-20
8.19295e-21
2.0207e-21
5.62104e-22
1.528e-22
3.33031e-23
6.86046e-24
1.71267e-24
4.41332e-25
1.04458e-25
2.57197e-26
3.19667e-27
1
1
1
1
1
1
1
1
1
1
1
1
1
1
1
1
1
1
0.999999
0.999997
0.999989
0.999964
0.999889
0.999675
0.999095
0.997614
0.994095
0.986401
0.971222
0.945802
0.908533
0.859812
0.801645
0.736822
0.668257
0.598597
0.53003
0.464219
0.402319
0.34505
0.292779
0.245599
0.203406
0.165966
0.132966
0.104058
0.0788957
0.0571659
0.0397206
0.0251309
0.012817
0.00492063
0.00180329
0.000618472
0.000194895
5.55355e-05
1.47915e-05
5.73408e-06
3.70739e-06
2.3871e-06
1.41301e-06
7.53661e-07
3.57749e-07
1.55732e-07
6.33527e-08
2.43819e-08
8.94914e-09
3.14869e-09
1.06577e-09
3.48028e-10
1.09919e-10
3.3655e-11
1.00118e-11
2.90094e-12
8.21031e-13
2.2774e-13
6.21626e-14
1.67806e-14
4.50971e-15
1.21607e-15
3.32032e-16
9.2662e-17
2.6538e-17
7.93825e-18
2.45493e-18
8.28482e-19
2.56987e-19
7.06956e-20
1.96326e-20
6.32741e-21
1.70914e-21
5.39009e-22
1.40916e-22
3.07353e-23
6.95199e-24
1.83703e-24
4.26352e-25
1.15519e-25
2.56918e-26
4.45244e-27
1
1
1
1
1
1
1
1
1
1
1
1
1
1
1
1
1
1
0.999999
0.999997
0.999989
0.999965
0.999891
0.99968
0.999105
0.99764
0.994152
0.986515
0.971419
0.946093
0.908909
0.860248
0.802113
0.7373
0.668657
0.598915
0.530267
0.464379
0.402408
0.345077
0.292755
0.245535
0.203312
0.16585
0.132836
0.103923
0.0787605
0.0570346
0.0395931
0.0249762
0.0126925
0.00486783
0.00178174
0.000610165
0.000191926
5.45751e-05
1.45303e-05
5.70339e-06
3.70059e-06
2.37904e-06
1.40466e-06
7.46626e-07
3.52908e-07
1.53132e-07
6.21049e-08
2.38313e-08
8.7219e-09
3.06011e-09
1.03295e-09
3.36419e-10
1.05984e-10
3.23733e-11
9.61004e-12
2.77917e-12
7.85216e-13
2.17469e-13
5.92778e-14
1.59833e-14
4.29154e-15
1.15659e-15
3.15723e-16
8.8188e-17
2.53304e-17
7.45321e-18
2.29921e-18
7.78773e-19
2.39812e-19
7.53451e-20
2.15267e-20
7.45751e-21
1.98895e-21
5.85379e-22
1.52629e-22
3.48871e-23
8.4238e-24
1.97842e-24
4.23213e-25
9.72151e-26
2.17397e-26
3.73077e-27
1
1
1
1
1
1
1
1
1
1
1
1
1
1
1
1
1
1
0.999999
0.999997
0.999989
0.999965
0.999893
0.999685
0.99912
0.997675
0.994229
0.986667
0.97167
0.946452
0.909356
0.860745
0.802608
0.737735
0.669067
0.599263
0.530538
0.464569
0.402523
0.345126
0.29275
0.245487
0.203233
0.165755
0.13274
0.103843
0.0787235
0.0570796
0.039776
0.0244394
0.0123927
0.00475612
0.00174072
0.000595712
0.000187141
5.31227e-05
1.41497e-05
5.64096e-06
3.68116e-06
2.36539e-06
1.39355e-06
7.38007e-07
3.47136e-07
1.50055e-07
6.06333e-08
2.31836e-08
8.4554e-09
2.9566e-09
9.94766e-10
3.22975e-10
1.01448e-10
3.09025e-11
9.15043e-12
2.64035e-12
7.44514e-13
2.05834e-13
5.60189e-14
1.50803e-14
4.0407e-15
1.08767e-15
2.97248e-16
8.32327e-17
2.38922e-17
7.11431e-18
2.16167e-18
7.2779e-19
2.69977e-19
6.92261e-20
2.34885e-20
6.64792e-21
1.80576e-21
4.55188e-22
1.13024e-22
2.6503e-23
6.96143e-24
1.61406e-24
3.45752e-25
8.99444e-26
2.3351e-26
3.4171e-27
1
1
1
1
1
1
1
1
1
1
1
1
1
1
1
1
1
1
0.999999
0.999997
0.99999
0.999966
0.999895
0.999691
0.999136
0.997711
0.994309
0.986827
0.971951
0.946859
0.909873
0.861323
0.803188
0.738265
0.669552
0.599677
0.530864
0.464804
0.402672
0.345201
0.292764
0.245455
0.20317
0.165675
0.132654
0.103758
0.0786416
0.0569907
0.0396619
0.0242327
0.0122107
0.00467894
0.00170939
0.000583762
0.000182931
5.17839e-05
1.37897e-05
5.58461e-06
3.65702e-06
2.34673e-06
1.37919e-06
7.27575e-07
3.40444e-07
1.46585e-07
5.90093e-08
2.24804e-08
8.16925e-09
2.84623e-09
9.54184e-10
3.08698e-10
9.66279e-11
2.93363e-11
8.65953e-12
2.49151e-12
7.00693e-13
1.93218e-13
5.24346e-14
1.41561e-14
3.8808e-15
1.10291e-15
3.00345e-16
8.39474e-17
2.40715e-17
7.13416e-18
2.124e-18
6.64392e-19
2.22912e-19
7.52013e-20
2.13366e-20
6.01441e-21
1.61701e-21
4.63914e-22
1.0266e-22
2.86231e-23
7.53585e-24
1.54886e-24
4.37737e-25
1.11715e-25
2.58533e-26
4.2414e-27
1
1
1
1
1
1
1
1
1
1
1
1
1
1
1
1
1
1
0.999999
0.999997
0.99999
0.999967
0.999898
0.999699
0.999155
0.997758
0.994411
0.98703
0.972305
0.947363
0.910499
0.862015
0.803889
0.738936
0.670123
0.600141
0.53122
0.465058
0.402834
0.345284
0.292783
0.245426
0.203108
0.16559
0.132554
0.103648
0.0785215
0.0568567
0.0395065
0.0240653
0.0120683
0.00461859
0.00168452
0.00057405
0.000179419
5.06379e-05
1.34801e-05
5.54855e-06
3.63855e-06
2.32765e-06
1.36303e-06
7.15618e-07
3.33134e-07
1.42745e-07
5.71938e-08
2.16889e-08
7.84604e-09
2.72142e-09
9.08334e-10
2.92603e-10
9.12094e-11
2.75816e-11
8.11136e-12
2.3257e-12
6.51807e-13
1.79098e-13
4.85321e-14
1.31615e-14
3.98766e-15
1.17932e-15
4.35556e-16
1.09683e-16
2.89108e-17
7.99794e-18
2.33476e-18
6.91376e-19
2.51246e-19
8.41301e-20
2.67698e-20
6.47675e-21
1.74728e-21
5.13156e-22
1.27103e-22
3.14453e-23
8.35422e-24
2.03392e-24
5.23263e-25
1.34076e-25
2.58613e-26
3.79813e-27
1
1
1
1
1
1
1
1
1
1
1
1
1
1
1
1
1
1
0.999999
0.999997
0.99999
0.999968
0.999901
0.999708
0.999178
0.99781
0.994523
0.987244
0.972669
0.947877
0.91114
0.862737
0.804633
0.739646
0.670749
0.600658
0.531619
0.465343
0.403016
0.34538
0.292811
0.245402
0.203045
0.1655
0.132445
0.103525
0.078386
0.0567108
0.0393542
0.0239161
0.0119462
0.00456738
0.00166346
0.000565785
0.000176392
4.96361e-05
1.32192e-05
5.54428e-06
3.63334e-06
2.31113e-06
1.3456e-06
7.02026e-07
3.24989e-07
1.38506e-07
5.52035e-08
2.08253e-08
7.49463e-09
2.58615e-09
8.58799e-10
2.75269e-10
8.53919e-11
2.57025e-11
7.52522e-12
2.14836e-12
5.99416e-13
1.63878e-13
4.46281e-14
1.29328e-14
4.05818e-15
1.55492e-15
4.12135e-16
1.08122e-16
2.89882e-17
8.11571e-18
2.36775e-18
7.1373e-19
2.09311e-19
7.15894e-20
2.30312e-20
6.9564e-21
1.92241e-21
5.14367e-22
1.15362e-22
2.61891e-23
7.46579e-24
1.94599e-24
5.2147e-25
1.06642e-25
2.76585e-26
4.27755e-27
1
1
1
1
1
1
1
1
1
1
1
1
1
1
1
1
1
1
0.999999
0.999997
0.999991
0.999969
0.999905
0.999717
0.999202
0.997869
0.994656
0.987516
0.973158
0.948592
0.912038
0.863723
0.805609
0.740537
0.671518
0.601254
0.53205
0.465628
0.403181
0.34545
0.29281
0.245354
0.202965
0.165398
0.13233
0.103401
0.0782561
0.0565762
0.0392228
0.0237939
0.0118486
0.0045269
0.0016469
0.000559275
0.000173988
4.88315e-05
1.30082e-05
5.54518e-06
3.63373e-06
2.29894e-06
1.32965e-06
6.88312e-07
3.16524e-07
1.34049e-07
5.31091e-08
1.99198e-08
7.12779e-09
2.44545e-09
8.07377e-10
2.57282e-10
7.93495e-11
2.37474e-11
6.91407e-12
1.96323e-12
5.44967e-13
1.48486e-13
4.05485e-14
1.22276e-14
4.6825e-15
1.28506e-15
3.52093e-16
9.79545e-17
2.72801e-17
7.72537e-18
2.20305e-18
6.96302e-19
2.02612e-19
7.28829e-20
2.39157e-20
6.4434e-21
1.70882e-21
4.56042e-22
1.04919e-22
2.97038e-23
7.66861e-24
1.66823e-24
4.19638e-25
1.10371e-25
2.82218e-26
3.58605e-27
1
1
1
1
1
1
1
1
1
1
1
1
1
1
1
1
1
1
0.999999
0.999997
0.999991
0.999971
0.99991
0.99973
0.999235
0.997944
0.994811
0.987803
0.973625
0.949206
0.912754
0.864487
0.806374
0.741246
0.672051
0.601669
0.532342
0.465802
0.403251
0.345442
0.292754
0.245264
0.20286
0.165287
0.132218
0.103298
0.0781639
0.0564938
0.0391466
0.0237272
0.0117966
0.0045058
0.00163831
0.000555822
0.000172649
4.83558e-05
1.28885e-05
5.5712e-06
3.64407e-06
2.2913e-06
1.31519e-06
6.74712e-07
3.07799e-07
1.29299e-07
5.08068e-08
1.88974e-08
6.70519e-09
2.28125e-09
7.47008e-10
2.36168e-10
7.22912e-11
2.14824e-11
6.21332e-12
1.75321e-12
4.83762e-13
1.31623e-13
3.68334e-14
1.23752e-14
4.65156e-15
1.19336e-15
3.16151e-16
8.63005e-17
2.40563e-17
6.85903e-18
2.06793e-18
6.01522e-19
1.87842e-19
5.59068e-20
1.71143e-20
6.13382e-21
1.59362e-21
4.23793e-22
1.17505e-22
3.05634e-23
7.56685e-24
1.8513e-24
4.65211e-25
8.64013e-26
2.0664e-26
3.6757e-27
1
1
1
1
1
1
1
1
1
1
1
1
1
1
1
1
1
1
0.999999
0.999998
0.999992
0.999973
0.999914
0.999742
0.999264
0.998015
0.994971
0.988134
0.974228
0.950105
0.913902
0.865751
0.807585
0.7423
0.672908
0.602239
0.532639
0.465883
0.403195
0.345301
0.292544
0.245041
0.202657
0.16513
0.132119
0.103243
0.0781435
0.0564995
0.0391626
0.0237511
0.0118186
0.00451599
0.00164268
0.000557446
0.000173141
4.84704e-05
1.29304e-05
5.64054e-06
3.67342e-06
2.29263e-06
1.30316e-06
6.60963e-07
2.9877e-07
1.24459e-07
4.85313e-08
1.79197e-08
6.31244e-09
2.13199e-09
6.92948e-10
2.17421e-10
6.6043e-11
1.9474e-11
5.58858e-12
1.56453e-12
4.28515e-13
1.16852e-13
3.37464e-14
1.1874e-14
4.48416e-15
1.1247e-15
2.87659e-16
7.58686e-17
2.07329e-17
5.94744e-18
1.8326e-18
5.16842e-19
1.49219e-19
5.32839e-20
1.81762e-20
5.85645e-21
1.68739e-21
4.65286e-22
1.20937e-22
3.09324e-23
6.41057e-24
1.62704e-24
4.21682e-25
9.21691e-26
2.02156e-26
3.07067e-27
1
1
1
1
1
1
1
1
1
1
1
1
1
1
1
1
1
1
0.999999
0.999998
0.999992
0.999975
0.999921
0.99976
0.99931
0.998122
0.995195
0.988551
0.974904
0.950955
0.914794
0.866551
0.808222
0.742693
0.673055
0.602192
0.532462
0.465608
0.402832
0.344866
0.292173
0.244747
0.20244
0.164984
0.132037
0.103226
0.0781854
0.0565887
0.0392693
0.0238701
0.0119213
0.00456099
0.00166132
0.000564539
0.000175558
4.9194e-05
1.31374e-05
5.75437e-06
3.72934e-06
2.30705e-06
1.29911e-06
6.50454e-07
2.90346e-07
1.19306e-07
4.5868e-08
1.66962e-08
5.79861e-09
1.93129e-09
6.19232e-10
1.91752e-10
5.75166e-11
1.67585e-11
4.75579e-12
1.31792e-12
3.5865e-13
9.89301e-14
2.98082e-14
1.05657e-14
4.06266e-15
1.01922e-15
2.59466e-16
6.77225e-17
1.83279e-17
5.23905e-18
1.5785e-18
4.61009e-19
1.52163e-19
4.35078e-20
1.3644e-20
4.29135e-21
1.04335e-21
2.7459e-22
7.52498e-23
1.96287e-23
4.34078e-24
1.13841e-24
2.19628e-25
6.09372e-26
1.53616e-26
2.61159e-27
1
1
1
1
1
1
1
1
1
1
1
1
1
1
1
1
1
1
0.999999
0.999998
0.999993
0.999977
0.999926
0.999773
0.999344
0.998202
0.995369
0.988889
0.975479
0.95174
0.915766
0.867589
0.809078
0.743158
0.673154
0.601976
0.531983
0.464931
0.402001
0.344186
0.291549
0.244191
0.201987
0.16466
0.131853
0.103182
0.0782736
0.0567849
0.039509
0.0241532
0.0121658
0.00466819
0.00170616
0.000581778
0.000181469
5.09538e-05
1.35864e-05
5.91281e-06
3.82271e-06
2.33846e-06
1.30039e-06
6.41526e-07
2.83281e-07
1.15207e-07
4.38345e-08
1.57898e-08
5.42709e-09
1.78918e-09
5.67987e-10
1.74203e-10
5.17742e-11
1.49535e-11
4.20809e-12
1.15673e-12
3.12658e-13
8.62635e-14
2.65351e-14
1.02117e-14
2.80937e-15
7.50549e-16
1.99534e-16
5.39533e-17
1.50633e-17
4.32463e-18
1.35027e-18
4.1322e-19
1.31143e-19
3.70803e-20
1.21727e-20
3.56783e-21
9.78155e-22
2.51248e-22
6.73153e-23
1.76991e-23
4.57848e-24
8.36182e-25
2.15703e-25
5.57669e-26
1.31798e-26
2.06933e-27
1
1
1
1
1
1
1
1
1
1
1
1
1
1
1
1
1
1
1
0.999998
0.999994
0.999981
0.999937
0.999805
0.999425
0.998395
0.995783
0.98968
0.976782
0.953365
0.917317
0.868644
0.809451
0.742929
0.672401
0.600758
0.530435
0.463262
0.40049
0.342611
0.290105
0.24298
0.201051
0.164005
0.131463
0.10302
0.0782773
0.0568791
0.0395506
0.0247892
0.0125941
0.00484877
0.00178035
0.000610508
0.000191666
5.41551e-05
1.44419e-05
6.15593e-06
3.93932e-06
2.39846e-06
1.31242e-06
6.30965e-07
2.70713e-07
1.06719e-07
3.93734e-08
1.37668e-08
4.59766e-09
1.4744e-09
4.55832e-10
1.36327e-10
3.95628e-11
1.11725e-11
3.07807e-12
8.30297e-13
2.24584e-13
6.55985e-14
2.51723e-14
7.2515e-15
2.01492e-15
5.35654e-16
1.40917e-16
3.79655e-17
1.07394e-17
3.09514e-18
9.7017e-19
2.9228e-19
1.16309e-19
3.60879e-20
1.00001e-20
2.67578e-21
7.19432e-22
1.71223e-22
4.87901e-23
1.23451e-23
3.26851e-24
7.4881e-25
1.89626e-25
4.90474e-26
1.22788e-26
1.22041e-27
)
;

boundaryField
{
    fuel
    {
        type            fixedValue;
        value           uniform 1;
    }
    air
    {
        type            fixedValue;
        value           uniform 0;
    }
    outlet
    {
        type            inletOutlet;
        inletValue      uniform 0;
        value           nonuniform List<scalar> 
200
(
1
1
1
1
1
1
1
1
1
1
1
1
1
1
1
1
1
1
1
0.999998
0.999994
0.999981
0.999937
0.999805
0.999425
0.998394
0.99578
0.989675
0.976773
0.953352
0.9173
0.868625
0.809432
0.742912
0.67239
0.600751
0.530434
0.463266
0.400498
0.342626
0.290121
0.242998
0.201068
0.164022
0.13148
0.103036
0.0782927
0.0568942
0.0395652
0.0248024
0.0126046
0.00485378
0.00178259
0.000611427
0.000192009
5.42693e-05
1.44745e-05
6.16395e-06
3.94408e-06
2.40184e-06
1.31459e-06
6.32194e-07
2.71278e-07
1.0695e-07
3.94634e-08
1.37999e-08
4.60961e-09
1.47867e-09
4.57364e-10
1.36881e-10
3.97646e-11
1.12463e-11
3.10493e-12
8.39838e-13
2.27853e-13
6.66604e-14
2.56705e-14
7.62996e-15
2.14722e-15
5.72001e-16
1.52925e-16
4.23719e-17
1.22513e-17
3.6656e-18
1.0966e-18
4.4453e-19
1.47593e-19
3.50781e-20
8.79017e-21
2.84159e-21
6.66915e-22
1.88016e-22
4.84008e-23
1.22368e-23
3.17615e-24
7.38536e-25
1.9499e-25
4.27514e-26
1.1218e-26
1.66567e-27
1
1
1
1
1
1
1
1
1
1
1
1
1
1
1
1
1
1
1
0.999998
0.999994
0.999981
0.999937
0.999805
0.999425
0.998395
0.995783
0.98968
0.976782
0.953365
0.917317
0.868644
0.809451
0.742929
0.672401
0.600758
0.530435
0.463262
0.40049
0.342611
0.290105
0.24298
0.201051
0.164005
0.131463
0.10302
0.0782773
0.0568791
0.0395506
0.0247892
0.0125941
0.00484877
0.00178035
0.000610508
0.000191666
5.41551e-05
1.44419e-05
6.15593e-06
3.93932e-06
2.39846e-06
1.31242e-06
6.30965e-07
2.70713e-07
1.06719e-07
3.93734e-08
1.37668e-08
4.59766e-09
1.4744e-09
4.55832e-10
1.36327e-10
3.95628e-11
1.11725e-11
3.07807e-12
8.30297e-13
2.24584e-13
6.55985e-14
2.51723e-14
7.2515e-15
2.01492e-15
5.35654e-16
1.40917e-16
3.79655e-17
1.07394e-17
3.09514e-18
9.7017e-19
2.9228e-19
1.16309e-19
3.60879e-20
1.00001e-20
2.67578e-21
7.19432e-22
1.71223e-22
4.87901e-23
1.23451e-23
3.26851e-24
7.4881e-25
1.89626e-25
4.90474e-26
1.22788e-26
1.22041e-27
)
;
    }
    frontAndBack
    {
        type            empty;
    }
}


// ************************************************************************* //
