/*--------------------------------*- C++ -*----------------------------------*\
  =========                 |
  \\      /  F ield         | OpenFOAM: The Open Source CFD Toolbox
   \\    /   O peration     | Website:  https://openfoam.org
    \\  /    A nd           | Version:  11
     \\/     M anipulation  |
\*---------------------------------------------------------------------------*/
FoamFile
{
    format      ascii;
    class       volScalarField;
    location    "0.1";
    object      CO2;
}
// * * * * * * * * * * * * * * * * * * * * * * * * * * * * * * * * * * * * * //

dimensions      [0 0 0 0 0 0 0];

internalField   nonuniform List<scalar> 
4000
(
3.01598e-19
2.13939e-18
1.14056e-17
4.36105e-17
1.54389e-16
6.64741e-16
3.01883e-15
1.38263e-14
6.31178e-14
2.85235e-13
1.27083e-12
5.56171e-12
2.379e-11
9.8713e-11
3.92387e-10
1.10862e-09
3.9858e-09
1.52e-08
5.75192e-08
2.11579e-07
7.51617e-07
2.57015e-06
8.43049e-06
2.64243e-05
7.87955e-05
0.00022236
0.000589774
0.0014562
0.00330314
0.00668319
0.0119229
0.0190401
0.0277397
0.0375589
0.0480087
0.0586585
0.0691421
0.0791821
0.0885865
0.097276
0.105174
0.112273
0.118596
0.124179
0.129067
0.133288
0.136829
0.139588
0.141186
0.141186
0.137979
0.128356
0.110304
0.0907937
0.0724858
0.0563113
0.0426001
0.0309318
0.020791
0.0129182
0.00723413
0.00354873
0.00155607
0.000627374
0.000236638
8.44874e-05
2.87723e-05
9.39661e-06
2.95561e-06
8.98793e-07
2.65198e-07
7.61815e-08
2.1371e-08
5.87762e-09
1.62249e-09
4.82946e-10
1.88537e-10
5.72756e-11
1.63231e-11
4.40719e-12
1.19268e-12
3.33251e-13
9.67306e-14
2.89183e-14
8.61684e-15
3.46758e-15
1.14206e-15
2.69836e-16
6.72697e-17
2.16047e-17
5.06702e-18
1.42709e-18
3.67829e-19
9.33014e-20
2.43574e-20
5.70194e-21
1.52182e-21
3.38484e-22
8.97163e-23
1.3374e-23
3.91303e-19
3.33526e-18
1.1938e-17
4.31315e-17
1.7518e-16
8.22138e-16
3.86868e-15
1.80257e-14
8.31541e-14
3.79245e-13
1.70914e-12
7.60259e-12
3.33331e-11
1.4384e-10
4.06403e-10
1.35537e-09
5.07608e-09
1.93508e-08
7.25019e-08
2.63105e-07
9.20886e-07
3.09896e-06
9.99291e-06
3.0762e-05
9.00206e-05
0.000249148
0.000647834
0.00156797
0.00348865
0.00691542
0.0121444
0.0191893
0.027789
0.0375205
0.0478932
0.0584734
0.0689076
0.0789295
0.0883579
0.0970386
0.104956
0.11209
0.118453
0.12408
0.129007
0.13326
0.136822
0.139584
0.141151
0.141058
0.13762
0.12749
0.109292
0.08982
0.0716458
0.0556595
0.0421631
0.0306786
0.0206922
0.0129371
0.00733547
0.00369506
0.00166573
0.000690982
0.000267938
9.82867e-05
3.43708e-05
1.15181e-05
3.71403e-06
1.15656e-06
3.49024e-07
1.02415e-07
2.93123e-08
8.20717e-09
2.26314e-09
6.37188e-10
2.00017e-10
7.85076e-11
2.2174e-11
6.11079e-12
1.68005e-12
4.70715e-13
1.35604e-13
4.09798e-14
1.21055e-14
4.55827e-15
1.19924e-15
3.87455e-16
9.38234e-17
2.76022e-17
6.5214e-18
1.71214e-18
4.57065e-19
1.09648e-19
2.8915e-20
7.18776e-21
1.82133e-21
4.71853e-22
1.19969e-22
1.39049e-23
6.45306e-19
3.58722e-18
1.36905e-17
5.78041e-17
2.03861e-16
9.33137e-16
4.35447e-15
2.01721e-14
9.26085e-14
4.20557e-13
1.88667e-12
8.35171e-12
3.64392e-11
1.56489e-10
4.40158e-10
1.48982e-09
5.57533e-09
2.12089e-08
7.9136e-08
2.85692e-07
9.94323e-07
3.32607e-06
1.06576e-05
3.25928e-05
9.47334e-05
0.000260387
0.000672364
0.00161609
0.00357126
0.00702901
0.0122857
0.0193403
0.0279131
0.037586
0.0479036
0.0584371
0.0688325
0.0788251
0.0882306
0.0969341
0.104861
0.112006
0.118385
0.12403
0.128978
0.13325
0.136825
0.139589
0.141133
0.140973
0.137378
0.126914
0.108648
0.0892437
0.0712011
0.0553647
0.0420102
0.0306304
0.0207366
0.0130513
0.00744402
0.00379226
0.00172338
0.000721319
0.000282479
0.000104676
3.6972e-05
1.25102e-05
4.07161e-06
1.27924e-06
3.89331e-07
1.15165e-07
3.32155e-08
9.36891e-09
2.59938e-09
7.31079e-10
2.24453e-10
8.11113e-11
3.1784e-11
8.175e-12
2.14515e-12
5.79731e-13
1.63118e-13
4.76482e-14
1.50219e-14
4.95124e-15
1.38337e-15
3.96095e-16
9.81593e-17
2.92467e-17
7.46212e-18
2.06768e-18
5.09222e-19
1.09408e-19
2.38298e-20
6.74509e-21
1.72441e-21
4.86541e-22
1.26719e-22
1.66349e-23
5.964e-19
3.31361e-18
1.49256e-17
5.92223e-17
2.33764e-16
1.07397e-15
4.93091e-15
2.28002e-14
1.04158e-13
4.69493e-13
2.0857e-12
9.12573e-12
3.93307e-11
1.67209e-10
4.76385e-10
1.64494e-09
6.26009e-09
2.38601e-08
8.85977e-08
3.17807e-07
1.09813e-06
3.6445e-06
1.15801e-05
3.51009e-05
0.000101083
0.000275196
0.000703706
0.00167505
0.00366737
0.00715042
0.0124134
0.0194548
0.0280039
0.0376411
0.0479225
0.0584274
0.0688034
0.0787814
0.0881736
0.0968664
0.104803
0.11196
0.118351
0.124007
0.128964
0.133245
0.136828
0.139593
0.141127
0.14094
0.137282
0.126688
0.108405
0.0890371
0.0710549
0.0552861
0.0419977
0.0306926
0.0208441
0.0131793
0.00759532
0.00391034
0.00179681
0.000761501
0.000302102
0.000113413
4.0579e-05
1.39069e-05
4.58314e-06
1.45756e-06
4.4882e-07
1.34246e-07
3.91236e-08
1.11393e-08
3.10825e-09
8.64101e-10
2.53096e-10
9.1993e-11
3.50668e-11
8.99913e-12
2.36916e-12
6.45028e-13
1.82582e-13
5.34994e-14
1.57598e-14
5.43588e-15
1.89517e-15
5.30708e-16
1.2023e-16
3.64302e-17
8.4722e-18
2.1229e-18
5.84043e-19
1.36305e-19
3.68049e-20
9.78449e-21
2.41897e-21
6.15383e-22
1.32624e-22
2.32425e-23
6.00998e-19
4.528e-18
1.74804e-17
6.48484e-17
2.65346e-16
1.20896e-15
5.62576e-15
2.61434e-14
1.19663e-13
5.3857e-13
2.37464e-12
1.0209e-11
4.25228e-11
1.69967e-10
4.84602e-10
1.75136e-09
6.71696e-09
2.5553e-08
9.44574e-08
3.37313e-07
1.1605e-06
3.83535e-06
1.21369e-05
3.66434e-05
0.000105122
0.000285127
0.000726373
0.00172216
0.00375397
0.00728034
0.0125801
0.0196387
0.0281801
0.0377938
0.0480457
0.0585076
0.0688431
0.0787895
0.0881621
0.0968427
0.104769
0.111924
0.118318
0.123982
0.128948
0.133236
0.136824
0.139593
0.141127
0.140937
0.137271
0.126661
0.108388
0.0890482
0.0711024
0.0553727
0.0421225
0.0308822
0.0210429
0.0133501
0.00775494
0.00403211
0.00186782
0.000797622
0.000318659
0.000120432
4.33759e-05
1.49649e-05
4.96543e-06
1.59012e-06
4.93096e-07
1.48543e-07
4.36025e-08
1.25045e-08
3.51227e-09
9.75614e-10
2.7938e-10
9.40433e-11
3.61222e-11
9.52196e-12
2.5898e-12
7.25175e-13
2.07407e-13
5.95336e-14
1.8193e-14
6.39771e-15
2.08384e-15
5.36842e-16
1.776e-16
4.67675e-17
1.20054e-17
2.98602e-18
6.81077e-19
1.67962e-19
4.26274e-20
1.14301e-20
2.65101e-21
5.95236e-22
1.48019e-22
2.38429e-23
8.22936e-19
5.88501e-18
2.24687e-17
7.11181e-17
2.81461e-16
1.27278e-15
6.00202e-15
2.81035e-14
1.30303e-13
5.97522e-13
2.70722e-12
1.21032e-11
5.33202e-11
1.57169e-10
4.97223e-10
1.86769e-09
7.21749e-09
2.74475e-08
1.01196e-07
3.60246e-07
1.23486e-06
4.06381e-06
1.2798e-05
3.84331e-05
0.000109619
0.00029551
0.000748119
0.00176279
0.00382043
0.00736827
0.0126833
0.0197493
0.0282911
0.0378965
0.0481226
0.0585675
0.0688847
0.0788134
0.0881702
0.0968393
0.104759
0.111909
0.118301
0.123964
0.128931
0.133222
0.136813
0.139588
0.141131
0.140962
0.137339
0.126824
0.1086
0.0892898
0.0713631
0.0556411
0.0423809
0.0311357
0.021283
0.0135886
0.00793791
0.00415858
0.00193998
0.000834553
0.000335925
0.000127923
4.64252e-05
1.61378e-05
5.39415e-06
1.73972e-06
5.43154e-07
1.64669e-07
4.86249e-08
1.40246e-08
3.9607e-09
1.09933e-09
3.08032e-10
9.36368e-11
3.62285e-11
1.01737e-11
2.85948e-12
8.14072e-13
2.32128e-13
6.71593e-14
2.03701e-14
6.49918e-15
2.35886e-15
6.0816e-16
1.9516e-16
5.0913e-17
1.3608e-17
3.13531e-18
8.79411e-19
1.88834e-19
5.04378e-20
1.1472e-20
2.87881e-21
7.86143e-22
1.82565e-22
3.18167e-23
8.77192e-19
4.8652e-18
1.80352e-17
7.54429e-17
2.75934e-16
1.29133e-15
6.05975e-15
2.83006e-14
1.30917e-13
5.98589e-13
2.70106e-12
1.20066e-11
5.24546e-11
1.52669e-10
5.16547e-10
1.96604e-09
7.60499e-09
2.8867e-08
1.06129e-07
3.7669e-07
1.28735e-06
4.22387e-06
1.32633e-05
3.97193e-05
0.000112983
0.000303768
0.000766895
0.00180148
0.00389054
0.00747138
0.0128133
0.0198928
0.0284335
0.0380269
0.0482353
0.0586545
0.0689473
0.0788543
0.0881932
0.0968479
0.104757
0.1119
0.118288
0.123948
0.128914
0.133205
0.136798
0.139579
0.141137
0.141
0.137449
0.127089
0.108926
0.0896336
0.0717039
0.0559647
0.042671
0.0314045
0.0215203
0.0138034
0.00810935
0.00427878
0.00200861
0.000869244
0.000351813
0.000134663
4.91155e-05
1.7158e-05
5.76409e-06
1.86856e-06
5.86388e-07
1.78688e-07
5.30296e-08
1.53689e-08
4.36058e-09
1.21525e-09
3.37102e-10
9.91943e-11
3.16917e-11
1.21445e-11
3.30205e-12
8.94608e-13
2.47934e-13
7.10447e-14
2.12417e-14
6.45915e-15
2.11246e-15
6.40623e-16
1.76813e-16
4.77979e-17
1.19787e-17
2.67551e-18
7.74532e-19
2.07148e-19
5.42027e-20
1.38261e-20
3.06716e-21
7.86788e-22
1.9475e-22
3.03235e-23
6.55187e-19
4.09929e-18
1.63016e-17
6.9772e-17
2.81701e-16
1.29769e-15
6.0622e-15
2.81918e-14
1.29757e-13
5.89854e-13
2.64425e-12
1.16832e-11
5.09327e-11
1.48726e-10
5.2981e-10
2.04999e-09
7.95592e-09
3.0165e-08
1.10704e-07
3.92157e-07
1.33732e-06
4.37737e-06
1.37091e-05
4.09354e-05
0.000116077
0.000311045
0.000782552
0.00183184
0.00394263
0.00754524
0.0129061
0.0199977
0.028542
0.0381307
0.0483268
0.05873
0.0690054
0.0788956
0.0882192
0.0968611
0.10476
0.111896
0.118278
0.123934
0.128898
0.133188
0.136783
0.13957
0.141145
0.141047
0.137582
0.127411
0.109314
0.0900338
0.0720923
0.0563305
0.0430077
0.0317455
0.0218207
0.0140354
0.0082809
0.00439497
0.00207461
0.000902544
0.000367077
0.000141156
5.17146e-05
1.81458e-05
6.12255e-06
1.99331e-06
6.28176e-07
1.92203e-07
5.72629e-08
1.66582e-08
4.74573e-09
1.32761e-09
3.65287e-10
1.01302e-10
3.25591e-11
9.33119e-12
3.48424e-12
9.06327e-13
2.48467e-13
7.13491e-14
2.14369e-14
6.98412e-15
2.09174e-15
7.37318e-16
2.14935e-16
4.53418e-17
1.24602e-17
3.45139e-18
7.34824e-19
1.68029e-19
4.56672e-20
1.06146e-20
2.8883e-21
8.00291e-22
1.48059e-22
2.66126e-23
7.79825e-19
3.95236e-18
1.77193e-17
7.31461e-17
2.96039e-16
1.34619e-15
6.24219e-15
2.88762e-14
1.31934e-13
5.94455e-13
2.63422e-12
1.14422e-11
4.84678e-11
1.43327e-10
5.40618e-10
2.12147e-09
8.26053e-09
3.12851e-08
1.14638e-07
4.05419e-07
1.38006e-06
4.50851e-06
1.40908e-05
4.19845e-05
0.000118786
0.000317565
0.000796991
0.0018607
0.00399333
0.00761795
0.0129968
0.0200983
0.0286443
0.0382291
0.0484104
0.058798
0.0690574
0.0789324
0.0882423
0.0968726
0.104762
0.111891
0.118268
0.123921
0.128883
0.133173
0.13677
0.139564
0.141156
0.1411
0.13773
0.127768
0.109734
0.0904532
0.0724844
0.0566845
0.0433163
0.0320308
0.0220655
0.014236
0.00843407
0.00450058
0.00213614
0.00093372
0.00038137
0.000147227
5.41409e-05
1.90671e-05
6.4569e-06
2.10979e-06
6.67247e-07
2.04861e-07
6.12267e-08
1.78625e-08
5.10249e-09
1.43174e-09
3.96313e-10
1.09381e-10
3.10825e-11
9.11451e-12
2.52102e-12
7.24378e-13
2.13083e-13
6.40604e-14
2.00486e-14
6.34141e-15
2.4633e-15
7.02706e-16
1.91795e-16
5.39495e-17
1.40521e-17
3.44611e-18
8.46295e-19
2.07564e-19
5.19285e-20
1.30134e-20
2.94082e-21
7.6614e-22
1.93206e-22
2.11391e-23
6.86192e-19
3.41041e-18
1.49412e-17
6.74846e-17
3.02925e-16
1.42866e-15
6.67189e-15
3.1012e-14
1.42117e-13
6.41468e-13
2.86705e-12
1.26721e-11
3.87068e-11
1.40603e-10
5.49213e-10
2.1822e-09
8.50771e-09
3.21808e-08
1.1776e-07
4.15877e-07
1.41359e-06
4.611e-06
1.43883e-05
4.28013e-05
0.000120894
0.000322638
0.000808251
0.00188333
0.00403339
0.00767657
0.0130715
0.0201822
0.0287286
0.0383057
0.0484811
0.0588583
0.0691049
0.0789664
0.0882637
0.0968828
0.104763
0.111885
0.118258
0.123909
0.12887
0.133161
0.136762
0.139564
0.141171
0.141154
0.137887
0.128155
0.110173
0.0908765
0.0728692
0.0570247
0.0436086
0.0322961
0.0222943
0.0144221
0.00857571
0.00459752
0.00219404
0.000962582
0.000394425
0.000152714
5.63184e-05
1.98904e-05
6.75522e-06
2.21373e-06
7.02173e-07
2.16193e-07
6.4781e-08
1.89444e-08
5.42365e-09
1.52555e-09
4.23345e-10
1.16455e-10
3.19457e-11
8.82321e-12
2.47259e-12
7.07382e-13
2.08302e-13
6.34278e-14
1.9931e-14
6.45204e-15
2.54783e-15
6.92699e-16
2.07677e-16
4.50267e-17
1.16351e-17
3.18007e-18
7.92316e-19
2.08175e-19
5.48032e-20
1.1242e-20
2.55178e-21
5.55674e-22
1.51061e-22
2.40247e-23
7.66633e-19
3.95919e-18
1.6628e-17
6.31694e-17
2.8996e-16
1.37774e-15
6.53834e-15
3.0629e-14
1.39585e-13
6.24275e-13
2.8344e-12
9.24927e-12
3.48496e-11
1.39476e-10
5.6096e-10
2.24137e-09
8.73441e-09
3.30067e-08
1.20676e-07
4.25777e-07
1.44572e-06
4.71026e-06
1.46786e-05
4.36011e-05
0.000122955
0.000327571
0.000819084
0.00190486
0.00406942
0.00772823
0.0131362
0.0202545
0.0288009
0.0383696
0.0485412
0.0589091
0.0691442
0.0789938
0.0882798
0.0968892
0.104761
0.111877
0.118245
0.123894
0.128855
0.13315
0.136758
0.13957
0.141193
0.141193
0.138031
0.128534
0.110586
0.0912644
0.0732171
0.0573311
0.0438717
0.0325337
0.0224991
0.01459
0.00870402
0.0046856
0.00224689
0.000989124
0.000406528
0.000157838
5.83619e-05
2.06656e-05
7.03653e-06
2.31173e-06
7.35067e-07
2.26826e-07
6.8104e-08
1.99519e-08
5.72098e-09
1.61124e-09
4.47558e-10
1.23231e-10
3.38395e-11
9.33504e-12
2.60856e-12
7.43859e-13
2.17819e-13
6.57118e-14
2.05757e-14
7.12544e-15
2.07164e-15
6.4413e-16
1.89839e-16
5.24085e-17
1.11949e-17
3.26791e-18
8.89914e-19
2.08072e-19
5.18261e-20
1.22802e-20
3.35997e-21
7.56857e-22
1.50723e-22
2.80661e-23
5.40988e-19
3.42427e-18
1.1828e-17
5.04666e-17
2.17492e-16
9.83612e-16
4.47872e-15
2.06175e-14
9.34811e-14
4.16996e-13
1.83065e-12
7.88492e-12
3.36535e-11
1.39309e-10
5.71686e-10
2.28843e-09
8.90729e-09
3.36293e-08
1.22844e-07
4.33028e-07
1.46891e-06
4.78095e-06
1.48835e-05
4.41634e-05
0.000124411
0.000331105
0.000827034
0.00192113
0.00409747
0.00777006
0.0131907
0.0203178
0.0288689
0.0384391
0.0485992
0.0589553
0.0691785
0.0790167
0.0882923
0.0968924
0.104757
0.111867
0.118231
0.123876
0.128836
0.133131
0.136742
0.139562
0.1412
0.14123
0.138141
0.128802
0.110898
0.091575
0.0735081
0.0575948
0.0441016
0.0327411
0.022674
0.0147372
0.00881774
0.0047637
0.0022936
0.00101245
0.000417094
0.000162284
6.01298e-05
2.13359e-05
7.28003e-06
2.39681e-06
7.63691e-07
2.36101e-07
7.10097e-08
2.08351e-08
5.98228e-09
1.68674e-09
4.68945e-10
1.29194e-10
3.54842e-11
9.78718e-12
2.7332e-12
7.78896e-13
2.27426e-13
6.81164e-14
2.16896e-14
6.86622e-15
2.61639e-15
6.75023e-16
1.84718e-16
5.29808e-17
1.20577e-17
3.66581e-18
9.95646e-19
2.55189e-19
6.5196e-20
1.40352e-20
3.74753e-21
9.74211e-22
1.76031e-22
3.15553e-23
6.61569e-19
3.218e-18
1.43091e-17
4.65806e-17
2.15601e-16
8.98346e-16
4.18569e-15
1.94317e-14
8.90276e-14
4.02376e-13
1.79134e-12
7.84129e-12
3.36851e-11
1.41677e-10
5.81919e-10
2.329e-09
9.06217e-09
3.41993e-08
1.24864e-07
4.39895e-07
1.49123e-06
4.85007e-06
1.50863e-05
4.47242e-05
0.000125863
0.00033459
0.0008347
0.00193633
0.00412252
0.00780579
0.0132353
0.0203677
0.0289199
0.0384871
0.0486413
0.0589896
0.069204
0.0790333
0.0883004
0.096893
0.104751
0.111855
0.118215
0.123857
0.128816
0.13311
0.136723
0.139549
0.141203
0.141259
0.138229
0.129016
0.111155
0.0918373
0.0737594
0.0578268
0.0443075
0.0329298
0.0228347
0.0148731
0.00892026
0.00483347
0.00233548
0.00103348
0.000426663
0.000166328
6.17419e-05
2.19478e-05
7.5023e-06
2.47442e-06
7.89704e-07
2.445e-07
7.36322e-08
2.16296e-08
6.21663e-09
1.75426e-09
4.88016e-10
1.34498e-10
3.6944e-11
1.0187e-11
2.84294e-12
8.09527e-13
2.36449e-13
7.10044e-14
2.17737e-14
7.54523e-15
2.17663e-15
7.51073e-16
2.0292e-16
5.59241e-17
1.57152e-17
4.31683e-18
9.50467e-19
2.44768e-19
5.89664e-20
1.50909e-20
3.34784e-21
8.7141e-22
2.21769e-22
2.83156e-23
7.21563e-19
3.88067e-18
1.38791e-17
5.26281e-17
1.98998e-16
9.04332e-16
4.21167e-15
1.95665e-14
8.98551e-14
4.07018e-13
1.81507e-12
7.953e-12
3.41714e-11
1.4368e-10
5.89951e-10
2.36029e-09
9.18016e-09
3.46285e-08
1.26366e-07
4.44932e-07
1.50738e-06
4.89939e-06
1.52293e-05
4.51165e-05
0.000126876
0.000337035
0.000840161
0.00194741
0.00414149
0.00783377
0.0132712
0.0204086
0.0289622
0.0385268
0.048676
0.0590175
0.0692243
0.0790459
0.0883058
0.0968919
0.104744
0.111844
0.1182
0.12384
0.128796
0.133091
0.136705
0.139536
0.141205
0.141283
0.138305
0.1292
0.111377
0.0920651
0.0739783
0.0580291
0.0444872
0.0330947
0.0229799
0.0149877
0.0090076
0.00489328
0.00237149
0.00105149
0.000434824
0.000169767
6.31121e-05
2.24683e-05
7.69167e-06
2.54063e-06
8.11914e-07
2.5168e-07
7.58771e-08
2.23107e-08
6.41777e-09
1.81227e-09
5.04415e-10
1.39058e-10
3.81977e-11
1.05299e-11
2.93645e-12
8.34992e-13
2.43466e-13
7.32887e-14
2.19801e-14
7.30082e-15
2.4856e-15
8.47411e-16
2.01619e-16
6.59285e-17
1.4634e-17
4.30567e-18
1.01823e-18
2.58506e-19
5.93735e-20
1.48777e-20
3.80155e-21
8.79076e-22
1.95483e-22
3.33885e-23
5.32848e-19
3.93606e-18
1.3967e-17
4.90098e-17
2.16217e-16
9.13737e-16
4.26148e-15
1.97935e-14
9.09168e-14
4.11874e-13
1.83674e-12
8.04754e-12
3.45743e-11
1.45356e-10
5.96729e-10
2.38691e-09
9.28138e-09
3.50001e-08
1.27679e-07
4.49386e-07
1.52183e-06
4.94401e-06
1.536e-05
4.54775e-05
0.00012781
0.000339282
0.000845117
0.00195727
0.00415779
0.00785705
0.0133003
0.0204409
0.028995
0.0385575
0.0487026
0.0590386
0.0692394
0.0790548
0.0883087
0.0968894
0.104737
0.111833
0.118186
0.123824
0.128779
0.133073
0.136689
0.139525
0.141205
0.141304
0.13837
0.12936
0.111568
0.092262
0.0741674
0.058204
0.0446425
0.0332363
0.0231013
0.0150833
0.00908231
0.00494468
0.00240256
0.00106698
0.000441836
0.000172725
6.42913e-05
2.29163e-05
7.85478e-06
2.59754e-06
8.30969e-07
2.5783e-07
7.77972e-08
2.28925e-08
6.58938e-09
1.86171e-09
5.18377e-10
1.42938e-10
3.92628e-11
1.08204e-11
3.01517e-12
8.56792e-13
2.49577e-13
7.4084e-14
2.3408e-14
7.40054e-15
2.32227e-15
6.56029e-16
2.09717e-16
6.50999e-17
1.75237e-17
4.26081e-18
9.40997e-19
2.59464e-19
5.838e-20
1.20438e-20
3.07401e-21
7.29452e-22
1.66248e-22
3.27681e-23
6.14944e-19
3.37129e-18
1.31383e-17
4.76687e-17
1.99416e-16
9.26678e-16
4.30643e-15
1.99796e-14
9.17629e-14
4.15692e-13
1.85365e-12
8.12104e-12
3.48866e-11
1.46649e-10
6.01941e-10
2.40728e-09
9.35843e-09
3.52813e-08
1.28666e-07
4.52707e-07
1.53251e-06
4.97674e-06
1.54552e-05
4.57388e-05
0.000128484
0.000340904
0.000848714
0.0019645
0.00416998
0.00787476
0.0133225
0.0204656
0.0290193
0.0385809
0.0487231
0.0590549
0.0692507
0.079061
0.0883101
0.0968864
0.10473
0.111823
0.118174
0.12381
0.128764
0.133058
0.136675
0.139515
0.141206
0.141321
0.138424
0.129495
0.11173
0.0924277
0.0743261
0.0583502
0.044772
0.0333544
0.0232044
0.0151704
0.00914447
0.00498825
0.00242858
0.00107977
0.000447588
0.000175144
6.52552e-05
2.32825e-05
7.98824e-06
2.64407e-06
8.46554e-07
2.62863e-07
7.93694e-08
2.33691e-08
6.73006e-09
1.90226e-09
5.29827e-10
1.46118e-10
4.01351e-11
1.1057e-11
3.07984e-12
8.74578e-13
2.54698e-13
7.62513e-14
2.36994e-14
7.34741e-15
2.18428e-15
8.35204e-16
2.09317e-16
6.58613e-17
1.67084e-17
4.29202e-18
1.06533e-18
2.38917e-19
5.88705e-20
1.42789e-20
3.43651e-21
8.82731e-22
1.81937e-22
3.29859e-23
5.81434e-19
2.75152e-18
1.27289e-17
5.81524e-17
2.10444e-16
9.21634e-16
4.32767e-15
2.01199e-14
9.24188e-14
4.18642e-13
1.86675e-12
8.17803e-12
3.51291e-11
1.47656e-10
6.06008e-10
2.42322e-09
9.41891e-09
3.55028e-08
1.29447e-07
4.55348e-07
1.54105e-06
5.00304e-06
1.5532e-05
4.59506e-05
0.000129032
0.000342222
0.000851631
0.00197033
0.00417974
0.00788891
0.0133405
0.0204859
0.0290398
0.0385999
0.0487392
0.0590672
0.069259
0.0790652
0.0883105
0.0968834
0.104725
0.111815
0.118164
0.123798
0.128752
0.133046
0.136664
0.139507
0.141206
0.141335
0.138469
0.129604
0.111861
0.0925611
0.0744536
0.0584676
0.0448757
0.0334471
0.0232866
0.0152389
0.0091983
0.00502373
0.00244942
0.00108995
0.000452157
0.000177063
6.60191e-05
2.35726e-05
8.09395e-06
2.6809e-06
8.58882e-07
2.66842e-07
8.06122e-08
2.37458e-08
6.84113e-09
1.93423e-09
5.38841e-10
1.48616e-10
4.08191e-11
1.1243e-11
3.13074e-12
8.88131e-13
2.58962e-13
7.76378e-14
2.30868e-14
7.54907e-15
2.54959e-15
7.88635e-16
2.78096e-16
7.26171e-17
1.95974e-17
5.40455e-18
1.29124e-18
2.61128e-19
6.80726e-20
1.75212e-20
4.51603e-21
1.12933e-21
2.72521e-22
4.05532e-23
7.33172e-19
3.7029e-18
1.63008e-17
5.94326e-17
2.14083e-16
9.27173e-16
4.34991e-15
2.02282e-14
9.28945e-14
4.2077e-13
1.87619e-12
8.21912e-12
3.53039e-11
1.48381e-10
6.08932e-10
2.43467e-09
9.46228e-09
3.56613e-08
1.30004e-07
4.5723e-07
1.54712e-06
5.02169e-06
1.55863e-05
4.61001e-05
0.000129418
0.000343151
0.000853687
0.00197445
0.00418665
0.00789893
0.0133532
0.0205002
0.0290547
0.0386133
0.0487503
0.0590757
0.0692645
0.0790677
0.0883102
0.0968806
0.10472
0.111808
0.118155
0.123789
0.128742
0.133036
0.136655
0.1395
0.141206
0.141345
0.138502
0.129685
0.111959
0.0926607
0.0745487
0.058555
0.044953
0.0335205
0.0233492
0.01529
0.00923707
0.00505022
0.00246507
0.00109755
0.000455545
0.000178482
6.65834e-05
2.3787e-05
8.17202e-06
2.7081e-06
8.67987e-07
2.69781e-07
8.153e-08
2.40238e-08
6.92303e-09
1.95776e-09
5.45449e-10
1.50436e-10
4.13116e-11
1.13751e-11
3.16554e-12
8.97249e-13
2.60982e-13
7.7712e-14
2.40317e-14
7.58111e-15
2.32797e-15
7.63443e-16
2.40019e-16
7.40039e-17
1.94948e-17
5.52874e-18
1.46192e-18
3.35331e-19
7.78032e-20
1.79564e-20
4.49299e-21
1.03836e-21
2.11997e-22
3.86325e-23
7.60017e-19
3.97649e-18
1.39179e-17
5.71575e-17
2.15247e-16
9.33633e-16
4.37117e-15
2.02901e-14
9.31831e-14
4.22104e-13
1.88214e-12
8.24501e-12
3.5414e-11
1.48837e-10
6.10774e-10
2.44188e-09
9.48962e-09
3.57614e-08
1.30357e-07
4.58419e-07
1.55096e-06
5.03349e-06
1.56207e-05
4.61948e-05
0.000129663
0.000343739
0.000854988
0.00197705
0.00419101
0.00790521
0.0133611
0.020509
0.0290636
0.0386215
0.0487572
0.0590808
0.0692677
0.079069
0.0883097
0.0968784
0.104716
0.111803
0.11815
0.123783
0.128735
0.133029
0.136649
0.139496
0.141206
0.141351
0.138523
0.12974
0.112024
0.0927265
0.0746113
0.0586123
0.0450029
0.0335682
0.0233902
0.0153237
0.00926291
0.00506783
0.00247538
0.0011025
0.00045774
0.000179396
6.69456e-05
2.39242e-05
8.22185e-06
2.72542e-06
8.73768e-07
2.71642e-07
8.2109e-08
2.41983e-08
6.97408e-09
1.97227e-09
5.4946e-10
1.51514e-10
4.1593e-11
1.1446e-11
3.18267e-12
9.01032e-13
2.6156e-13
7.84764e-14
2.33979e-14
7.57002e-15
2.8166e-15
7.16324e-16
2.24335e-16
7.63679e-17
1.93078e-17
5.55479e-18
1.51567e-18
3.84499e-19
8.74146e-20
1.96363e-20
4.51459e-21
1.07449e-21
2.1047e-22
3.73064e-23
5.0551e-19
3.64451e-18
1.80815e-17
5.88792e-17
2.19556e-16
9.37461e-16
4.37562e-15
2.03141e-14
9.33127e-14
4.22709e-13
1.88483e-12
8.25667e-12
3.54635e-11
1.49042e-10
6.116e-10
2.44511e-09
9.50185e-09
3.5806e-08
1.30513e-07
4.58948e-07
1.55266e-06
5.03872e-06
1.5636e-05
4.62367e-05
0.000129771
0.000343999
0.000855563
0.0019782
0.00419293
0.00790801
0.0133646
0.0205129
0.0290676
0.0386251
0.0487602
0.0590831
0.0692691
0.0790695
0.0883092
0.0968772
0.104714
0.111801
0.118147
0.123779
0.128732
0.133026
0.136645
0.139493
0.141205
0.141354
0.138534
0.129766
0.112055
0.092758
0.0746411
0.0586394
0.0450265
0.0335905
0.0234092
0.0153392
0.00927463
0.0050758
0.00248009
0.00110477
0.000458745
0.000179813
6.71098e-05
2.39861e-05
8.2442e-06
2.73315e-06
8.7634e-07
2.72467e-07
8.23642e-08
2.42747e-08
6.99618e-09
1.97846e-09
5.51128e-10
1.51945e-10
4.16983e-11
1.147e-11
3.18725e-12
9.01644e-13
2.61627e-13
7.72634e-14
2.38886e-14
7.51526e-15
2.81682e-15
7.35414e-16
2.51108e-16
7.73165e-17
1.97918e-17
5.76018e-18
1.5227e-18
3.7839e-19
7.11949e-20
1.88174e-20
3.50865e-21
8.70445e-22
2.1109e-22
2.60377e-23
5.0904e-19
3.95035e-18
1.41326e-17
5.12729e-17
2.02608e-16
9.49944e-16
4.38775e-15
2.03183e-14
9.3314e-14
4.22712e-13
1.88484e-12
8.2567e-12
3.54636e-11
1.49043e-10
6.11602e-10
2.44512e-09
9.50187e-09
3.58061e-08
1.30514e-07
4.58949e-07
1.55267e-06
5.03873e-06
1.5636e-05
4.62368e-05
0.000129771
0.000343999
0.000855562
0.0019782
0.00419293
0.007908
0.0133646
0.0205129
0.0290675
0.0386251
0.0487602
0.059083
0.069269
0.0790693
0.0883091
0.096877
0.104714
0.111801
0.118147
0.123779
0.128731
0.133026
0.136645
0.139493
0.141205
0.141354
0.138533
0.129765
0.112054
0.0927573
0.0746405
0.0586389
0.0450261
0.0335901
0.0234088
0.0153389
0.00927445
0.00507568
0.00248002
0.00110474
0.000458731
0.000179807
6.7107e-05
2.39848e-05
8.24357e-06
2.73288e-06
8.76232e-07
2.72424e-07
8.23474e-08
2.42682e-08
6.99371e-09
1.97753e-09
5.50782e-10
1.51816e-10
4.16505e-11
1.14519e-11
3.18094e-12
8.9942e-13
2.60266e-13
7.71143e-14
2.2752e-14
7.50652e-15
3.03865e-15
8.57682e-16
2.57681e-16
6.10796e-17
1.87344e-17
5.03566e-18
1.09376e-18
2.8703e-19
7.37207e-20
1.61253e-20
4.30894e-21
8.29951e-22
2.29417e-22
2.95508e-23
7.43435e-19
4.09233e-18
1.48234e-17
5.96045e-17
2.13075e-16
9.27599e-16
4.36888e-15
2.0294e-14
9.31881e-14
4.22114e-13
1.88218e-12
8.24516e-12
3.54146e-11
1.4884e-10
6.10783e-10
2.44192e-09
9.48975e-09
3.57618e-08
1.30358e-07
4.58424e-07
1.55097e-06
5.03353e-06
1.56208e-05
4.61951e-05
0.000129664
0.00034374
0.00085499
0.00197706
0.004191
0.0079052
0.013361
0.0205089
0.0290634
0.0386213
0.048757
0.0590806
0.0692674
0.0790686
0.0883092
0.0968779
0.104715
0.111803
0.118149
0.123782
0.128734
0.133029
0.136648
0.139495
0.141205
0.14135
0.138522
0.129737
0.112021
0.0927244
0.0746094
0.0586107
0.0450017
0.0335671
0.0233892
0.015323
0.00926232
0.00506749
0.0024752
0.00110242
0.000457703
0.00017938
6.69381e-05
2.39206e-05
8.22012e-06
2.72467e-06
8.73465e-07
2.71522e-07
8.20619e-08
2.41801e-08
6.96716e-09
1.96966e-09
5.48481e-10
1.51148e-10
4.14563e-11
1.13939e-11
3.16323e-12
8.93997e-13
2.58879e-13
7.72086e-14
2.29423e-14
7.43641e-15
2.5297e-15
7.44851e-16
2.4265e-16
6.63917e-17
1.84685e-17
4.97403e-18
1.16982e-18
2.99051e-19
7.6938e-20
1.82746e-20
4.38189e-21
1.07117e-21
2.3312e-22
3.95811e-23
5.06122e-19
3.99951e-18
1.49681e-17
6.54431e-17
2.17193e-16
9.2376e-16
4.34638e-15
2.02215e-14
9.28912e-14
4.20779e-13
1.87623e-12
8.21928e-12
3.53045e-11
1.48383e-10
6.0894e-10
2.4347e-09
9.46239e-09
3.56617e-08
1.30006e-07
4.57234e-07
1.54713e-06
5.02172e-06
1.55864e-05
4.61003e-05
0.000129419
0.000343151
0.000853687
0.00197445
0.00418664
0.0078989
0.0133531
0.0205001
0.0290545
0.0386131
0.04875
0.0590753
0.069264
0.0790671
0.0883095
0.0968797
0.104719
0.111807
0.118154
0.123788
0.12874
0.133035
0.136653
0.139498
0.141204
0.141342
0.138499
0.129682
0.111955
0.0926571
0.0745455
0.0585523
0.0449508
0.0335186
0.0233477
0.0152888
0.00923619
0.00504965
0.00246474
0.00109739
0.000455477
0.000178452
6.65699e-05
2.37807e-05
8.169e-06
2.7068e-06
8.67455e-07
2.6957e-07
8.14476e-08
2.3992e-08
6.91094e-09
1.95319e-09
5.43735e-10
1.49794e-10
4.10719e-11
1.12849e-11
3.13156e-12
8.84289e-13
2.56349e-13
7.63183e-14
2.26557e-14
7.66207e-15
2.27006e-15
8.28554e-16
2.52938e-16
6.36429e-17
1.71818e-17
4.66325e-18
1.3681e-18
2.74877e-19
7.60064e-20
1.98891e-20
4.92146e-21
1.16696e-21
2.69489e-22
4.48689e-23
6.36621e-19
3.64838e-18
1.53872e-17
5.78374e-17
2.03852e-16
9.25987e-16
4.33049e-15
2.0124e-14
9.24248e-14
4.18653e-13
1.86679e-12
8.17824e-12
3.513e-11
1.47659e-10
6.0602e-10
2.42326e-09
9.41906e-09
3.55033e-08
1.29448e-07
4.55353e-07
1.54106e-06
5.00308e-06
1.55321e-05
4.59508e-05
0.000129032
0.000342222
0.000851629
0.00197033
0.00417972
0.00788886
0.0133404
0.0204856
0.0290394
0.0385995
0.0487387
0.0590666
0.0692583
0.0790643
0.0883094
0.0968822
0.104723
0.111813
0.118162
0.123796
0.12875
0.133044
0.136661
0.139504
0.141203
0.141331
0.138465
0.129598
0.111855
0.0925558
0.074449
0.0584637
0.0448725
0.0334444
0.0232844
0.0152372
0.00919676
0.00502298
0.00244899
0.00108975
0.000452064
0.000177022
6.60006e-05
2.35641e-05
8.08982e-06
2.67912e-06
8.58151e-07
2.66552e-07
8.04997e-08
2.37027e-08
6.82485e-09
1.92813e-09
5.36563e-10
1.47768e-10
4.05027e-11
1.11257e-11
3.08621e-12
8.71256e-13
2.52076e-13
7.53704e-14
2.27957e-14
7.41318e-15
2.2294e-15
6.5398e-16
2.38753e-16
6.46475e-17
1.68207e-17
5.1987e-18
1.4294e-18
3.42653e-19
8.3131e-20
2.12088e-20
4.26115e-21
1.03253e-21
2.45534e-22
4.2253e-23
7.31874e-19
3.89692e-18
1.4089e-17
5.70495e-17
1.97321e-16
9.18271e-16
4.3051e-15
1.99883e-14
9.17751e-14
4.15705e-13
1.85371e-12
8.12129e-12
3.48876e-11
1.46653e-10
6.01956e-10
2.40733e-09
9.35861e-09
3.52819e-08
1.28668e-07
4.52713e-07
1.53253e-06
4.97678e-06
1.54552e-05
4.5739e-05
0.000128485
0.000340904
0.000848714
0.0019645
0.00416997
0.00787473
0.0133225
0.0204656
0.0290195
0.0385807
0.0487226
0.0590542
0.0692498
0.0790599
0.0883088
0.0968849
0.104729
0.111821
0.118172
0.123807
0.128761
0.133056
0.136672
0.139512
0.141202
0.141317
0.138419
0.129487
0.111723
0.0924208
0.0743201
0.0583451
0.0447678
0.0333509
0.0232014
0.0151681
0.00914321
0.00498716
0.00242797
0.00107949
0.000447467
0.000175091
6.52319e-05
2.3272e-05
7.98313e-06
2.64184e-06
8.45638e-07
2.625e-07
7.92291e-08
2.33157e-08
6.70994e-09
1.89475e-09
5.27043e-10
1.45088e-10
3.9754e-11
1.09164e-11
3.02715e-12
8.5483e-13
2.47367e-13
7.39896e-14
2.24567e-14
6.92601e-15
2.06308e-15
6.53348e-16
1.99865e-16
6.56844e-17
1.6394e-17
4.56049e-18
1.19402e-18
2.84844e-19
7.51852e-20
1.94477e-20
4.75968e-21
9.77837e-22
2.59496e-22
3.27873e-23
6.416e-19
3.19462e-18
1.40673e-17
4.9246e-17
2.02567e-16
9.23554e-16
4.27559e-15
1.98045e-14
9.09248e-14
4.1189e-13
1.83681e-12
8.04784e-12
3.45756e-11
1.4536e-10
5.96746e-10
2.38697e-09
9.28159e-09
3.50008e-08
1.27681e-07
4.49391e-07
1.52184e-06
4.94404e-06
1.536e-05
4.54775e-05
0.00012781
0.000339281
0.000845113
0.00195726
0.00415777
0.00785703
0.0133002
0.0204409
0.0289948
0.0385571
0.048702
0.0590378
0.0692383
0.0790534
0.0883071
0.0968875
0.104735
0.11183
0.118183
0.123821
0.128776
0.13307
0.136685
0.139521
0.141201
0.141299
0.138363
0.129351
0.111559
0.0922536
0.0741602
0.0581979
0.0446375
0.033232
0.0230979
0.0150806
0.00908064
0.00494358
0.0024019
0.00106666
0.000441695
0.000172663
6.42643e-05
2.29041e-05
7.84902e-06
2.59492e-06
8.29884e-07
2.574e-07
7.76308e-08
2.28293e-08
6.56568e-09
1.85291e-09
5.15129e-10
1.41742e-10
3.88214e-11
1.06568e-11
2.95431e-12
8.3378e-13
2.41416e-13
7.2464e-14
2.18786e-14
6.81384e-15
2.14638e-15
6.07035e-16
2.17286e-16
5.67216e-17
1.68607e-17
4.64058e-18
1.09191e-18
2.87638e-19
7.52561e-20
1.73e-20
4.48543e-21
1.09105e-21
2.77492e-22
3.45456e-23
5.59167e-19
4.22352e-18
1.51255e-17
6.02512e-17
2.21168e-16
8.99544e-16
4.2084e-15
1.9562e-14
8.98549e-14
4.07037e-13
1.81515e-12
7.95334e-12
3.41727e-11
1.43685e-10
5.8997e-10
2.36035e-09
9.18037e-09
3.46292e-08
1.26368e-07
4.44937e-07
1.50739e-06
4.8994e-06
1.52293e-05
4.51162e-05
0.000126874
0.000337031
0.000840148
0.00194738
0.00414141
0.00783363
0.013271
0.0204083
0.0289616
0.0385261
0.0486751
0.0590163
0.0692229
0.0790442
0.0883038
0.0968895
0.104742
0.111841
0.118197
0.123836
0.128793
0.133087
0.136701
0.139532
0.141199
0.141277
0.138298
0.12919
0.111366
0.0920554
0.0739699
0.058022
0.0444814
0.0330896
0.0229744
0.0149854
0.00900585
0.00489211
0.00237079
0.00105115
0.000434669
0.000169699
6.30822e-05
2.24548e-05
7.68547e-06
2.5377e-06
8.10681e-07
2.51188e-07
7.56868e-08
2.22384e-08
6.3907e-09
1.80227e-09
5.00744e-10
1.37709e-10
3.77026e-11
1.03464e-11
2.86825e-12
8.09219e-13
2.33712e-13
6.996e-14
2.20962e-14
6.40893e-15
1.89551e-15
7.27225e-16
2.42878e-16
7.18596e-17
1.82529e-17
4.86504e-18
1.28281e-18
2.9102e-19
7.26615e-20
1.66973e-20
3.75138e-21
9.68979e-22
2.36924e-22
4.04898e-23
6.97162e-19
3.72989e-18
1.4031e-17
4.62011e-17
2.07086e-16
9.00954e-16
4.20189e-15
1.94465e-14
8.9058e-14
4.02466e-13
1.79146e-12
7.84181e-12
3.36863e-11
1.41684e-10
5.81943e-10
2.32907e-09
9.06237e-09
3.41999e-08
1.24865e-07
4.39898e-07
1.49124e-06
4.85005e-06
1.50862e-05
4.47236e-05
0.000125861
0.000334582
0.000834678
0.00193627
0.00412239
0.00780553
0.0132349
0.0203671
0.028919
0.038486
0.0486401
0.0589881
0.0692022
0.0790312
0.088298
0.0968903
0.104748
0.111852
0.118211
0.123854
0.128811
0.133106
0.136718
0.139544
0.141197
0.141252
0.138221
0.129004
0.111143
0.0918263
0.0737498
0.0578187
0.0443009
0.0329243
0.0228317
0.0148694
0.00891781
0.00483194
0.00233462
0.00103306
0.00042648
0.00016625
6.17084e-05
2.1933e-05
7.49565e-06
2.47128e-06
7.88342e-07
2.43952e-07
7.34197e-08
2.15489e-08
6.18641e-09
1.74314e-09
4.83945e-10
1.33002e-10
3.63957e-11
9.98491e-12
2.76796e-12
7.80918e-13
2.25778e-13
6.71409e-14
2.07328e-14
7.13975e-15
2.21831e-15
6.28742e-16
2.02001e-16
6.41624e-17
1.56901e-17
4.33492e-18
1.17211e-18
2.55175e-19
5.27705e-20
1.32203e-20
3.44101e-21
8.22914e-22
2.05161e-22
2.59564e-23
7.06643e-19
3.89274e-18
1.35658e-17
5.16067e-17
2.12425e-16
9.73635e-16
4.51205e-15
2.07412e-14
9.40455e-14
4.19192e-13
1.82884e-12
7.88833e-12
3.35952e-11
1.39356e-10
5.71555e-10
2.28842e-09
8.90757e-09
3.363e-08
1.22846e-07
4.3303e-07
1.46891e-06
4.78092e-06
1.48833e-05
4.41626e-05
0.000124408
0.000331096
0.000827006
0.00192106
0.00409731
0.00776974
0.0131901
0.0203171
0.0288679
0.0384379
0.0485978
0.0589535
0.0691765
0.0790143
0.0882896
0.0968894
0.104754
0.111863
0.118226
0.123872
0.128831
0.133126
0.136736
0.139556
0.141194
0.141223
0.138133
0.128789
0.110885
0.0915631
0.0734977
0.0575861
0.0440947
0.0327358
0.0226708
0.0147342
0.00881537
0.00476211
0.00229268
0.001012
0.000416894
0.0001622
6.00938e-05
2.13201e-05
7.27299e-06
2.3936e-06
7.62236e-07
2.35506e-07
7.07775e-08
2.07467e-08
5.94927e-09
1.67462e-09
4.64511e-10
1.27563e-10
3.48883e-11
9.56794e-12
2.6516e-12
7.48599e-13
2.15966e-13
6.47561e-14
1.99928e-14
6.7153e-15
2.06999e-15
5.64509e-16
1.55119e-16
4.95316e-17
1.32978e-17
4.16076e-18
1.08182e-18
2.35637e-19
5.35886e-20
1.41881e-20
3.31457e-21
9.03582e-22
2.02825e-22
3.54802e-23
9.49232e-19
5.15507e-18
1.71153e-17
7.12378e-17
3.09557e-16
1.40278e-15
6.74188e-15
3.22795e-14
1.53288e-13
7.38318e-13
2.61768e-12
9.21994e-12
3.47276e-11
1.39678e-10
5.60255e-10
2.24193e-09
8.73474e-09
3.30073e-08
1.20678e-07
4.2578e-07
1.44572e-06
4.71022e-06
1.46784e-05
4.36002e-05
0.000122952
0.00032756
0.000819054
0.00190478
0.00406924
0.0077279
0.0131357
0.0202537
0.0287999
0.0383683
0.0485396
0.0589072
0.0691419
0.0789911
0.0882768
0.0968857
0.104757
0.111873
0.118241
0.123889
0.12885
0.133145
0.136752
0.139565
0.141187
0.141186
0.138023
0.128523
0.110575
0.0912527
0.0732059
0.0573208
0.0438625
0.0325246
0.0224906
0.0145843
0.00870036
0.00468343
0.00224575
0.000988598
0.000406303
0.000157744
5.83232e-05
2.06491e-05
7.02922e-06
2.30846e-06
7.33578e-07
2.26195e-07
6.78547e-08
1.98568e-08
5.68557e-09
1.59824e-09
4.42802e-10
1.21481e-10
3.31999e-11
9.10092e-12
2.52188e-12
7.12629e-13
2.0619e-13
6.08356e-14
1.87296e-14
6.31119e-15
1.93251e-15
6.01619e-16
1.70395e-16
5.84432e-17
1.54768e-17
4.5144e-18
1.17086e-18
2.66491e-19
6.44098e-20
1.51717e-20
3.27609e-21
7.59577e-22
1.71676e-22
2.96507e-23
8.9273e-19
4.5407e-18
2.04948e-17
8.21051e-17
2.99764e-16
1.42165e-15
6.73936e-15
3.1486e-14
1.44619e-13
6.51345e-13
2.86338e-12
1.26672e-11
3.87973e-11
1.39765e-10
5.50159e-10
2.18155e-09
8.50784e-09
3.21818e-08
1.17762e-07
4.15879e-07
1.41358e-06
4.61097e-06
1.43881e-05
4.28003e-05
0.00012089
0.000322627
0.000808217
0.00188325
0.0040332
0.00767621
0.0130709
0.0201815
0.0287277
0.0383047
0.0484796
0.0588563
0.0691024
0.0789635
0.0882603
0.096879
0.104759
0.11188
0.118253
0.123903
0.128865
0.133156
0.136757
0.139558
0.141164
0.141146
0.13788
0.128148
0.110165
0.0908668
0.072859
0.0570153
0.0436009
0.03229
0.0222904
0.0144188
0.00857308
0.0045957
0.00219298
0.00096206
0.000394194
0.000152617
5.62781e-05
1.98733e-05
6.74777e-06
2.21042e-06
7.00693e-07
2.15548e-07
6.4521e-08
1.88447e-08
5.38649e-09
1.51187e-09
4.1831e-10
1.146e-10
3.12586e-11
8.55834e-12
2.3735e-12
6.72061e-13
1.94288e-13
5.79788e-14
1.75916e-14
5.89758e-15
2.17164e-15
5.51898e-16
1.85588e-16
5.2047e-17
1.40494e-17
3.51415e-18
8.66894e-19
2.02854e-19
5.34577e-20
1.24628e-20
2.69484e-21
7.05364e-22
1.84395e-22
2.72032e-23
7.63179e-19
4.48376e-18
1.77886e-17
6.19495e-17
2.86646e-16
1.34152e-15
6.26464e-15
2.89292e-14
1.31983e-13
5.94178e-13
2.63424e-12
1.14361e-11
4.84608e-11
1.43821e-10
5.39505e-10
2.12208e-09
8.26117e-09
3.12854e-08
1.1464e-07
4.05423e-07
1.38006e-06
4.50848e-06
1.40906e-05
4.19837e-05
0.000118783
0.000317555
0.000796959
0.00186062
0.00399314
0.00761759
0.0129962
0.0200974
0.028643
0.0382273
0.0484084
0.0587956
0.0690547
0.0789291
0.0882386
0.0968683
0.104757
0.111885
0.118262
0.123915
0.128876
0.133166
0.136763
0.139557
0.141147
0.14109
0.137719
0.127753
0.109718
0.0904376
0.0724702
0.0566723
0.0433065
0.0320223
0.022059
0.0142312
0.00843068
0.00449843
0.00213493
0.000933138
0.000381116
0.000147122
5.4098e-05
1.90493e-05
6.4493e-06
2.10646e-06
6.65782e-07
2.04221e-07
6.09634e-08
1.77605e-08
5.06469e-09
1.41825e-09
3.91368e-10
1.07527e-10
3.0012e-11
8.66272e-12
2.3949e-12
6.76944e-13
1.955e-13
5.80853e-14
1.72699e-14
5.38232e-15
1.79347e-15
5.99387e-16
1.68325e-16
4.70499e-17
1.25368e-17
3.57629e-18
7.90266e-19
2.19242e-19
5.76927e-20
1.19571e-20
3.39372e-21
8.70873e-22
2.02655e-22
3.3344e-23
6.91685e-19
3.45182e-18
1.61144e-17
6.54824e-17
2.84325e-16
1.29609e-15
6.06747e-15
2.82474e-14
1.30028e-13
5.91224e-13
2.65122e-12
1.17197e-11
5.10867e-11
1.48921e-10
5.30429e-10
2.04991e-09
7.95558e-09
3.01654e-08
1.10706e-07
3.92161e-07
1.33732e-06
4.37736e-06
1.3709e-05
4.09347e-05
0.000116074
0.000311036
0.000782525
0.00183177
0.00394247
0.00754492
0.0129056
0.0199969
0.0285408
0.038129
0.0483247
0.0587275
0.0690024
0.0788921
0.0882152
0.0968565
0.104755
0.11189
0.118272
0.123927
0.12889
0.13318
0.136774
0.139561
0.141134
0.141036
0.137568
0.127391
0.109293
0.0900146
0.0720755
0.0563164
0.0429963
0.0317357
0.021813
0.0140296
0.00827682
0.0043924
0.00207324
0.000901907
0.000366805
0.000141046
5.16704e-05
1.81278e-05
6.11497e-06
1.99003e-06
6.26744e-07
1.91584e-07
5.70042e-08
1.65559e-08
4.7065e-09
1.31358e-09
3.62001e-10
9.99428e-11
3.07476e-11
9.25172e-12
3.44936e-12
8.7846e-13
2.33541e-13
6.49026e-14
1.89384e-14
5.59442e-15
2.01893e-15
6.6972e-16
2.11231e-16
5.06802e-17
1.35657e-17
3.9596e-18
9.75111e-19
2.40734e-19
6.39901e-20
1.56004e-20
4.0347e-21
1.04032e-21
2.02567e-22
2.98391e-23
7.81731e-19
5.12331e-18
1.9545e-17
7.65115e-17
2.73235e-16
1.28405e-15
6.06703e-15
2.83513e-14
1.31141e-13
5.99656e-13
2.70634e-12
1.20284e-11
5.25418e-11
1.52836e-10
5.16766e-10
1.96609e-09
7.60502e-09
2.88674e-08
1.0613e-07
3.7669e-07
1.28734e-06
4.22382e-06
1.32631e-05
3.97184e-05
0.00011298
0.000303758
0.000766866
0.00180141
0.00389037
0.00747104
0.0128127
0.0198918
0.0284321
0.0380251
0.048233
0.0586518
0.068944
0.0788505
0.0881887
0.0968428
0.104751
0.111894
0.118281
0.123941
0.128906
0.133195
0.136788
0.139568
0.141125
0.140987
0.137433
0.127067
0.108903
0.0896129
0.0716858
0.0559492
0.0426582
0.0313929
0.0215108
0.0137963
0.00810469
0.00427604
0.00200721
0.0008686
0.00035154
0.000134553
4.90715e-05
1.71402e-05
5.75668e-06
1.86538e-06
5.85008e-07
1.78094e-07
5.27807e-08
1.52698e-08
4.32306e-09
1.20087e-09
3.32587e-10
9.80147e-11
3.13019e-11
1.21278e-11
3.25666e-12
8.64207e-13
2.33649e-13
6.57003e-14
1.91905e-14
5.76681e-15
1.6842e-15
5.69786e-16
1.81603e-16
5.44061e-17
1.49111e-17
3.95921e-18
8.845e-19
2.00996e-19
5.7217e-20
1.49487e-20
4.02697e-21
8.3287e-22
2.1681e-22
3.35936e-23
9.83583e-19
5.95048e-18
2.24168e-17
7.33244e-17
2.79071e-16
1.27051e-15
6.0098e-15
2.81395e-14
1.30459e-13
5.98183e-13
2.70984e-12
1.21143e-11
5.3368e-11
1.57295e-10
4.97292e-10
1.86776e-09
7.21762e-09
2.74477e-08
1.01196e-07
3.60243e-07
1.23484e-06
4.06373e-06
1.27977e-05
3.8432e-05
0.000109615
0.000295498
0.000748085
0.00176271
0.00382024
0.0073679
0.0126826
0.0197483
0.0282898
0.0378948
0.0481205
0.0585648
0.0688813
0.0788092
0.0881653
0.0968337
0.104753
0.111902
0.118294
0.123956
0.128922
0.133212
0.136802
0.139576
0.141119
0.140948
0.137322
0.126801
0.108577
0.0892688
0.0713449
0.0556259
0.0423684
0.0311245
0.0212743
0.0135827
0.00793389
0.0041561
0.00193867
0.000833942
0.000335662
0.000127816
4.63822e-05
1.61205e-05
5.38697e-06
1.73667e-06
5.41837e-07
1.64104e-07
4.83891e-08
1.39301e-08
3.92522e-09
1.08705e-09
3.0205e-10
9.25809e-11
3.59456e-11
1.00442e-11
2.79173e-12
7.8425e-13
2.19882e-13
6.24989e-14
1.78386e-14
5.6158e-15
1.63084e-15
5.80571e-16
1.88692e-16
5.03765e-17
1.32732e-17
3.51771e-18
8.05866e-19
2.27776e-19
5.882e-20
1.28509e-20
3.25055e-21
8.59891e-22
2.21013e-22
2.81276e-23
9.51408e-19
5.55606e-18
2.04329e-17
7.39147e-17
2.60645e-16
1.2016e-15
5.63887e-15
2.61639e-14
1.19728e-13
5.38864e-13
2.37599e-12
1.02141e-11
4.25397e-11
1.70008e-10
4.84668e-10
1.75142e-09
6.71695e-09
2.55526e-08
9.44554e-08
3.37304e-07
1.16046e-06
3.83519e-06
1.21363e-05
3.66415e-05
0.000105116
0.000285109
0.000726325
0.00172205
0.00375371
0.00727986
0.0125793
0.0196375
0.0281784
0.0377916
0.0480429
0.0585043
0.0688392
0.0787848
0.0881567
0.0968366
0.104762
0.111916
0.11831
0.123973
0.128938
0.133226
0.136812
0.13958
0.141114
0.140923
0.137254
0.126638
0.108365
0.089027
0.071084
0.0553574
0.0421107
0.030873
0.0210361
0.0133444
0.00775071
0.00402937
0.00186636
0.000796931
0.000318364
0.000120314
4.33302e-05
1.49471e-05
4.95829e-06
1.58716e-06
4.91848e-07
1.48014e-07
4.33829e-08
1.24175e-08
3.47979e-09
9.62707e-10
2.74116e-10
9.34915e-11
3.56215e-11
9.2985e-12
2.50074e-12
6.90197e-13
1.93833e-13
5.54887e-14
1.67385e-14
4.85381e-15
1.50942e-15
4.45564e-16
1.35379e-16
4.7991e-17
1.23931e-17
3.27154e-18
9.00664e-19
2.3356e-19
5.77721e-20
1.41788e-20
3.5824e-21
6.73885e-22
1.62302e-22
2.89685e-23
6.78386e-19
3.69313e-18
1.63297e-17
6.15704e-17
2.39182e-16
1.06658e-15
4.93417e-15
2.28027e-14
1.04187e-13
4.69637e-13
2.08632e-12
9.12814e-12
3.93396e-11
1.67241e-10
4.76434e-10
1.64503e-09
6.26012e-09
2.38596e-08
8.85954e-08
3.17796e-07
1.09808e-06
3.64432e-06
1.15795e-05
3.50987e-05
0.000101076
0.000275176
0.000703652
0.00167491
0.00366708
0.00714986
0.0124125
0.0194535
0.028002
0.0376385
0.0479193
0.0584236
0.068799
0.0787762
0.0881678
0.0968597
0.104795
0.111951
0.118341
0.123997
0.128953
0.133234
0.136815
0.13958
0.141113
0.140925
0.137264
0.126664
0.108381
0.0890148
0.0710353
0.0552694
0.041984
0.0306805
0.0208348
0.0131725
0.00759054
0.00390739
0.0017953
0.000760809
0.00030181
0.000113297
4.05343e-05
1.38896e-05
4.57627e-06
1.45475e-06
4.47644e-07
1.33752e-07
3.89199e-08
1.10584e-08
3.07762e-09
8.53678e-10
2.50854e-10
8.96335e-11
3.42797e-11
8.73882e-12
2.26991e-12
6.06359e-13
1.67188e-13
4.81753e-14
1.48455e-14
4.17632e-15
1.19879e-15
4.23951e-16
1.43459e-16
4.58077e-17
1.30801e-17
3.58173e-18
9.25491e-19
2.35977e-19
4.89133e-20
1.24574e-20
3.24181e-21
7.1466e-22
1.57895e-22
2.41513e-23
4.31053e-19
3.14887e-18
1.33663e-17
5.75044e-17
2.20242e-16
9.31136e-16
4.35041e-15
2.01718e-14
9.26199e-14
4.20616e-13
1.88692e-12
8.35283e-12
3.64441e-11
1.5651e-10
4.40228e-10
1.48983e-09
5.57512e-09
2.12078e-08
7.91311e-08
2.85672e-07
9.94247e-07
3.32579e-06
1.06567e-05
3.25897e-05
9.47237e-05
0.000260359
0.00067229
0.00161591
0.00357087
0.00702829
0.0122846
0.0193386
0.0279109
0.0375831
0.0479002
0.058433
0.0688276
0.0788193
0.0882239
0.0969266
0.104852
0.111996
0.118375
0.124019
0.128966
0.133237
0.136812
0.139575
0.141118
0.140956
0.137358
0.126888
0.108622
0.0892195
0.0711798
0.0553464
0.0419949
0.0306167
0.0207259
0.0130434
0.00743869
0.00378914
0.00172185
0.000720634
0.000282191
0.000104561
3.69282e-05
1.24935e-05
4.06512e-06
1.27664e-06
3.88263e-07
1.14724e-07
3.30352e-08
9.29752e-09
2.57251e-09
7.22168e-10
2.2146e-10
7.97518e-11
3.10576e-11
7.91191e-12
2.0442e-12
5.40454e-13
1.47651e-13
4.23988e-14
1.27767e-14
3.72268e-15
1.21953e-15
3.4571e-16
1.07361e-16
3.34597e-17
8.06946e-18
2.11343e-18
5.74402e-19
1.49389e-19
3.31708e-20
8.70615e-21
1.69678e-21
4.74216e-22
1.20305e-22
2.05083e-23
4.90026e-19
3.71913e-18
1.37127e-17
4.49843e-17
2.02477e-16
8.31193e-16
3.87289e-15
1.80388e-14
8.31711e-14
3.79295e-13
1.70937e-12
7.60363e-12
3.3338e-11
1.43864e-10
4.06478e-10
1.35541e-09
5.07601e-09
1.93503e-08
7.24991e-08
2.63092e-07
9.20831e-07
3.09874e-06
9.99212e-06
3.07593e-05
9.00119e-05
0.000249122
0.000647763
0.0015678
0.00348826
0.00691469
0.0121432
0.0191875
0.0277865
0.0375173
0.0478893
0.0584688
0.0689021
0.0789232
0.0883506
0.0970302
0.104947
0.11208
0.118443
0.124068
0.128995
0.133247
0.136807
0.139569
0.141135
0.14104
0.137599
0.127461
0.109262
0.0897925
0.0716218
0.0556394
0.0421466
0.0306638
0.0206804
0.0129282
0.00732945
0.00369159
0.00166406
0.000690226
0.000267645
9.81753e-05
3.43292e-05
1.15025e-05
3.70807e-06
1.1542e-06
3.48062e-07
1.02019e-07
2.91513e-08
8.14359e-09
2.23939e-09
6.29169e-10
1.97055e-10
7.69228e-11
2.15485e-11
5.85142e-12
1.57809e-12
4.31708e-13
1.21466e-13
3.49887e-14
1.09163e-14
3.33021e-15
1.04756e-15
2.93849e-16
9.55643e-17
2.77635e-17
7.55217e-18
1.92838e-18
5.14578e-19
1.34933e-19
3.4883e-20
6.39673e-21
1.66277e-21
4.33595e-22
1.03235e-22
1.62908e-23
4.32177e-19
2.78265e-18
1.0577e-17
3.9415e-17
1.58721e-16
6.58913e-16
3.01184e-15
1.38009e-14
6.30928e-14
2.85224e-13
1.27084e-12
5.56177e-12
2.37904e-11
9.87149e-11
3.9239e-10
1.1086e-09
3.98554e-09
1.51987e-08
5.75136e-08
2.11556e-07
7.51531e-07
2.56983e-06
8.42938e-06
2.64206e-05
7.87841e-05
0.000222327
0.000589683
0.00145598
0.00330264
0.00668226
0.0119214
0.0190379
0.0277368
0.0375554
0.0480044
0.0586533
0.0691361
0.0791753
0.088579
0.097268
0.105165
0.112263
0.118584
0.124167
0.129054
0.133274
0.136814
0.139572
0.141168
0.141166
0.137955
0.128323
0.11027
0.0907626
0.0724586
0.0562883
0.0425813
0.0309155
0.0207784
0.012909
0.00722813
0.00354516
0.00155434
0.000626634
0.000236334
8.4374e-05
2.87318e-05
9.38222e-06
2.95036e-06
8.96802e-07
2.64415e-07
7.58685e-08
2.1247e-08
5.83048e-09
1.60573e-09
4.77622e-10
1.85996e-10
5.48363e-11
1.54658e-11
4.172e-12
1.11333e-12
3.03441e-13
8.64358e-14
2.49822e-14
7.81446e-15
2.34537e-15
9.28358e-16
2.85104e-16
7.8181e-17
2.07367e-17
5.53502e-18
1.3137e-18
3.72449e-19
9.41086e-20
2.49916e-20
5.74155e-21
1.46713e-21
3.82823e-22
9.64872e-23
9.70016e-24
)
;

boundaryField
{
    fuel
    {
        type            fixedValue;
        value           uniform 0;
    }
    air
    {
        type            fixedValue;
        value           uniform 0;
    }
    outlet
    {
        type            inletOutlet;
        inletValue      uniform 0;
        value           nonuniform List<scalar> 
200
(
3.01598e-19
2.13939e-18
1.14056e-17
4.36105e-17
1.54389e-16
6.64741e-16
3.01883e-15
1.38263e-14
6.31178e-14
2.85235e-13
1.27083e-12
5.56171e-12
2.379e-11
9.8713e-11
3.92387e-10
1.10862e-09
3.9858e-09
1.52e-08
5.75192e-08
2.11579e-07
7.51617e-07
2.57015e-06
8.43049e-06
2.64243e-05
7.87955e-05
0.00022236
0.000589774
0.0014562
0.00330314
0.00668319
0.0119229
0.0190401
0.0277397
0.0375589
0.0480087
0.0586585
0.0691421
0.0791821
0.0885865
0.097276
0.105174
0.112273
0.118596
0.124179
0.129067
0.133288
0.136829
0.139588
0.141186
0.141186
0.137979
0.128356
0.110304
0.0907937
0.0724858
0.0563113
0.0426001
0.0309318
0.020791
0.0129182
0.00723413
0.00354873
0.00155607
0.000627374
0.000236638
8.44874e-05
2.87723e-05
9.39661e-06
2.95561e-06
8.98793e-07
2.65198e-07
7.61815e-08
2.1371e-08
5.87762e-09
1.62249e-09
4.82946e-10
1.88537e-10
5.72756e-11
1.63231e-11
4.40719e-12
1.19268e-12
3.33251e-13
9.67306e-14
2.89183e-14
8.61684e-15
3.46758e-15
1.14206e-15
2.69836e-16
6.72697e-17
2.16047e-17
5.06702e-18
1.42709e-18
3.67829e-19
9.33014e-20
2.43574e-20
5.70194e-21
1.52182e-21
3.38484e-22
8.97163e-23
1.3374e-23
4.32177e-19
2.78265e-18
1.0577e-17
3.9415e-17
1.58721e-16
6.58913e-16
3.01184e-15
1.38009e-14
6.30928e-14
2.85224e-13
1.27084e-12
5.56177e-12
2.37904e-11
9.87149e-11
3.9239e-10
1.1086e-09
3.98554e-09
1.51987e-08
5.75136e-08
2.11556e-07
7.51531e-07
2.56983e-06
8.42938e-06
2.64206e-05
7.87841e-05
0.000222327
0.000589683
0.00145598
0.00330264
0.00668226
0.0119214
0.0190379
0.0277368
0.0375554
0.0480044
0.0586533
0.0691361
0.0791753
0.088579
0.097268
0.105165
0.112263
0.118584
0.124167
0.129054
0.133274
0.136814
0.139572
0.141168
0.141166
0.137955
0.128323
0.11027
0.0907626
0.0724586
0.0562883
0.0425813
0.0309155
0.0207784
0.012909
0.00722813
0.00354516
0.00155434
0.000626634
0.000236334
8.4374e-05
2.87318e-05
9.38222e-06
2.95036e-06
8.96802e-07
2.64415e-07
7.58685e-08
2.1247e-08
5.83048e-09
1.60573e-09
4.77622e-10
1.85996e-10
5.48363e-11
1.54658e-11
4.172e-12
1.11333e-12
3.03441e-13
8.64358e-14
2.49822e-14
7.81446e-15
2.34537e-15
9.28358e-16
2.85104e-16
7.8181e-17
2.07367e-17
5.53502e-18
1.3137e-18
3.72449e-19
9.41086e-20
2.49916e-20
5.74155e-21
1.46713e-21
3.82823e-22
9.64872e-23
9.70016e-24
)
;
    }
    frontAndBack
    {
        type            empty;
    }
}


// ************************************************************************* //
