/*--------------------------------*- C++ -*----------------------------------*\
  =========                 |
  \\      /  F ield         | OpenFOAM: The Open Source CFD Toolbox
   \\    /   O peration     | Website:  https://openfoam.org
    \\  /    A nd           | Version:  11
     \\/     M anipulation  |
\*---------------------------------------------------------------------------*/
FoamFile
{
    format      ascii;
    class       volScalarField;
    location    "0.1";
    object      H2O;
}
// * * * * * * * * * * * * * * * * * * * * * * * * * * * * * * * * * * * * * //

dimensions      [0 0 0 0 0 0 0];

internalField   nonuniform List<scalar> 
4000
(
2.46915e-19
1.7515e-18
9.33769e-18
3.57036e-17
1.26397e-16
5.44218e-16
2.47149e-15
1.13194e-14
5.1674e-14
2.33519e-13
1.04042e-12
4.55332e-12
1.94767e-11
8.08154e-11
3.21244e-10
9.07619e-10
3.26314e-09
1.24441e-08
4.70905e-08
1.73218e-07
6.15342e-07
2.10416e-06
6.90197e-06
2.16333e-05
6.45092e-05
0.000182044
0.000482842
0.00119218
0.00270425
0.00547147
0.00976114
0.015588
0.0227102
0.0307491
0.0393043
0.0480232
0.056606
0.0648257
0.072525
0.079639
0.0861051
0.0919172
0.0970931
0.101665
0.105666
0.109122
0.11202
0.11428
0.115588
0.115588
0.112962
0.105084
0.0903046
0.074332
0.0593435
0.0461016
0.0348763
0.0253236
0.0170214
0.010576
0.00592252
0.00290531
0.00127394
0.000513626
0.000193733
6.91691e-05
2.35556e-05
7.69292e-06
2.41973e-06
7.35834e-07
2.17115e-07
6.23691e-08
1.74963e-08
4.81196e-09
1.32832e-09
3.95384e-10
1.54354e-10
4.6891e-11
1.33636e-11
3.60813e-12
9.76437e-13
2.72829e-13
7.91925e-14
2.36751e-14
7.05453e-15
2.83888e-15
9.34994e-16
2.20913e-16
5.50731e-17
1.76876e-17
4.14832e-18
1.16834e-18
3.01139e-19
7.63851e-20
1.99412e-20
4.66813e-21
1.2459e-21
2.77114e-22
7.34499e-23
1.09492e-23
3.20357e-19
2.73055e-18
9.77351e-18
3.53114e-17
1.43418e-16
6.73077e-16
3.16726e-15
1.47575e-14
6.80775e-14
3.10485e-13
1.39926e-12
6.22417e-12
2.72895e-11
1.17761e-10
3.32719e-10
1.10963e-09
4.15574e-09
1.58424e-08
5.93567e-08
2.15402e-07
7.53921e-07
2.53709e-06
8.18111e-06
2.51846e-05
7.36991e-05
0.000203975
0.000530376
0.00128369
0.00285613
0.0056616
0.00994253
0.0157101
0.0227507
0.0307177
0.0392097
0.0478717
0.056414
0.0646189
0.0723378
0.0794447
0.0859264
0.0917672
0.0969768
0.101583
0.105617
0.109099
0.112015
0.114276
0.115559
0.115483
0.112668
0.104375
0.0894767
0.0735349
0.0586558
0.045568
0.0345185
0.0251163
0.0169405
0.0105915
0.00600549
0.00302511
0.00136372
0.000565701
0.000219358
8.04665e-05
2.81391e-05
9.42976e-06
3.04064e-06
9.46865e-07
2.85743e-07
8.3846e-08
2.39978e-08
6.71914e-09
1.85281e-09
5.2166e-10
1.63752e-10
6.42735e-11
1.81537e-11
5.00285e-12
1.37544e-12
3.8537e-13
1.11018e-13
3.35498e-14
9.91065e-15
3.73181e-15
9.81806e-16
3.17206e-16
7.68124e-17
2.25977e-17
5.33901e-18
1.40172e-18
3.74195e-19
8.97682e-20
2.36725e-20
5.88456e-21
1.49111e-21
3.86302e-22
9.82173e-23
1.13839e-23
5.28306e-19
2.93683e-18
1.12083e-17
4.73237e-17
1.66899e-16
7.63951e-16
3.56496e-15
1.65147e-14
7.58177e-14
3.44307e-13
1.5446e-12
6.83747e-12
2.98325e-11
1.28116e-10
3.60354e-10
1.21971e-09
4.56448e-09
1.73635e-08
6.4788e-08
2.33894e-07
8.14044e-07
2.72302e-06
8.72532e-06
2.66835e-05
7.75574e-05
0.000213177
0.000550459
0.00132308
0.00292376
0.00575459
0.0100582
0.0158337
0.0228522
0.0307713
0.0392183
0.0478419
0.0563525
0.0645334
0.0722336
0.0793591
0.0858486
0.091698
0.0969205
0.101542
0.105593
0.10909
0.112017
0.11428
0.115544
0.115413
0.11247
0.103904
0.0889494
0.073063
0.0582917
0.0453266
0.0343934
0.0250768
0.0169769
0.010685
0.00609435
0.00310469
0.00141091
0.000590537
0.000231263
8.56969e-05
3.02687e-05
1.0242e-05
3.33339e-06
1.0473e-06
3.18742e-07
9.42848e-08
2.71932e-08
7.67024e-09
2.12809e-09
5.98528e-10
1.83758e-10
6.64051e-11
2.60213e-11
6.6928e-12
1.75621e-12
4.74621e-13
1.33544e-13
3.90092e-14
1.22983e-14
4.05354e-15
1.13255e-15
3.24279e-16
8.03621e-17
2.3944e-17
6.10918e-18
1.69279e-18
4.16895e-19
8.95714e-20
1.95092e-20
5.52215e-21
1.41176e-21
3.98327e-22
1.03743e-22
1.36189e-23
4.88267e-19
2.71282e-18
1.22195e-17
4.84848e-17
1.91381e-16
8.79247e-16
4.03689e-15
1.86663e-14
8.52731e-14
3.8437e-13
1.70754e-12
7.47115e-12
3.21997e-11
1.36893e-10
3.90013e-10
1.3467e-09
5.12508e-09
1.9534e-08
7.25342e-08
2.60186e-07
8.99029e-07
2.98372e-06
9.48053e-06
2.87368e-05
8.27557e-05
0.0002253
0.000576118
0.00137135
0.00300245
0.00585399
0.0101628
0.0159275
0.0229265
0.0308164
0.0392337
0.047834
0.0563288
0.0644976
0.072187
0.0793036
0.0858011
0.0916603
0.0968926
0.101523
0.105582
0.109087
0.112019
0.114283
0.115539
0.115386
0.112392
0.103718
0.0887499
0.0728939
0.0581721
0.0452622
0.0343831
0.0251278
0.0170649
0.0107897
0.00621822
0.00320136
0.00147103
0.000623434
0.000247328
9.285e-05
3.32217e-05
1.13855e-05
3.75218e-06
1.19329e-06
3.67445e-07
1.09906e-07
3.20302e-08
9.11965e-09
2.5447e-09
7.07432e-10
2.07207e-10
7.53138e-11
2.87088e-11
7.36751e-12
1.93961e-12
5.28079e-13
1.49479e-13
4.37995e-14
1.29024e-14
4.4503e-15
1.55156e-15
4.34486e-16
9.84316e-17
2.98251e-17
6.93611e-18
1.738e-18
4.78151e-19
1.11592e-19
3.01318e-20
8.01047e-21
1.98039e-21
5.03809e-22
1.08578e-22
1.90285e-23
4.92031e-19
3.70703e-18
1.43111e-17
5.30908e-17
2.17236e-16
9.89769e-16
4.60576e-15
2.14033e-14
9.79673e-14
4.40923e-13
1.9441e-12
8.35798e-12
3.4813e-11
1.39151e-10
3.96739e-10
1.43382e-09
5.49911e-09
2.092e-08
7.73314e-08
2.76156e-07
9.50092e-07
3.13997e-06
9.93636e-06
2.99997e-05
8.60628e-05
0.000233431
0.000594675
0.00140992
0.00307334
0.00596035
0.0102992
0.016078
0.0230708
0.0309414
0.0393346
0.0478997
0.0563613
0.0645042
0.0721775
0.0792843
0.0857735
0.0916312
0.0968661
0.101503
0.105569
0.10908
0.112017
0.114283
0.115539
0.115384
0.112382
0.103696
0.0887365
0.072903
0.0582109
0.0453331
0.0344853
0.025283
0.0172277
0.0109296
0.0063489
0.00330105
0.00152917
0.000653006
0.000260883
9.85962e-05
3.55115e-05
1.22516e-05
4.06516e-06
1.30182e-06
4.03694e-07
1.21611e-07
3.56969e-08
1.02373e-08
2.87546e-09
7.98727e-10
2.28726e-10
7.69924e-11
2.95729e-11
7.79555e-12
2.12025e-12
5.93695e-13
1.69802e-13
4.87396e-14
1.48945e-14
5.23775e-15
1.70602e-15
4.39507e-16
1.45399e-16
3.82881e-17
9.82868e-18
2.44463e-18
5.57592e-19
1.37509e-19
3.48987e-20
9.35774e-21
2.17035e-21
4.87314e-22
1.21182e-22
1.952e-23
6.73731e-19
4.81801e-18
1.83949e-17
5.82238e-17
2.3043e-16
1.04201e-15
4.9138e-15
2.30081e-14
1.06678e-13
4.89186e-13
2.21638e-12
9.90881e-12
4.36528e-11
1.28673e-10
4.07072e-10
1.52906e-09
5.90889e-09
2.2471e-08
8.28486e-08
2.9493e-07
1.01097e-06
3.327e-06
1.04776e-05
3.14649e-05
8.97443e-05
0.000241931
0.000612478
0.00144318
0.00312775
0.00603234
0.0103837
0.0161686
0.0231617
0.0310255
0.0393975
0.0479487
0.0563953
0.0645238
0.0721842
0.0792815
0.0857651
0.0916189
0.0968522
0.101488
0.105555
0.109067
0.112008
0.114279
0.115543
0.115404
0.112438
0.10383
0.08891
0.0731008
0.0584243
0.0455529
0.0346969
0.0254905
0.0174242
0.0111249
0.0064987
0.0034046
0.00158824
0.000683241
0.000275018
0.000104729
3.80079e-05
1.32119e-05
4.41614e-06
1.4243e-06
4.44675e-07
1.34813e-07
3.98088e-08
1.14818e-08
3.24259e-09
9.00014e-10
2.52183e-10
7.66596e-11
2.96599e-11
8.32908e-12
2.34103e-12
6.66474e-13
1.90041e-13
5.49827e-14
1.66768e-14
5.32082e-15
1.93118e-15
4.97895e-16
1.59776e-16
4.16821e-17
1.11408e-17
2.56685e-18
7.19966e-19
1.54597e-19
4.1293e-20
9.39205e-21
2.35686e-21
6.43608e-22
1.49464e-22
2.6048e-23
7.18149e-19
3.98309e-18
1.47653e-17
6.17644e-17
2.25905e-16
1.0572e-15
4.96106e-15
2.31695e-14
1.07181e-13
4.9006e-13
2.21134e-12
9.8297e-12
4.29441e-11
1.24989e-10
4.22892e-10
1.60958e-09
6.22614e-09
2.36332e-08
8.68872e-08
3.08393e-07
1.05394e-06
3.45804e-06
1.08586e-05
3.25178e-05
9.24981e-05
0.000248692
0.00062785
0.00147486
0.00318515
0.00611675
0.0104901
0.016286
0.0232782
0.0311323
0.0394898
0.0480199
0.0564465
0.0645573
0.072203
0.0792886
0.0857636
0.0916119
0.0968415
0.101475
0.105541
0.109054
0.111995
0.114272
0.115548
0.115436
0.112528
0.104046
0.0891764
0.0733822
0.0587034
0.0458178
0.0349344
0.0257106
0.0176185
0.0113007
0.00663906
0.003503
0.00164443
0.000711642
0.000288026
0.000110248
4.02104e-05
1.40471e-05
4.71901e-06
1.52977e-06
4.80071e-07
1.4629e-07
4.34149e-08
1.25824e-08
3.56997e-09
9.94913e-10
2.75982e-10
8.12095e-11
2.59457e-11
9.94259e-12
2.70336e-12
7.32408e-13
2.02981e-13
5.81637e-14
1.73904e-14
5.28805e-15
1.72945e-15
5.24473e-16
1.44755e-16
3.91317e-17
9.80689e-18
2.19042e-18
6.34102e-19
1.6959e-19
4.43753e-20
1.13193e-20
2.51105e-21
6.44136e-22
1.5944e-22
2.48256e-23
5.36396e-19
3.35605e-18
1.3346e-17
5.71217e-17
2.30626e-16
1.0624e-15
4.96307e-15
2.30804e-14
1.06231e-13
4.82909e-13
2.16483e-12
9.5649e-12
4.16981e-11
1.21761e-10
4.33751e-10
1.67831e-09
6.51344e-09
2.46959e-08
9.06324e-08
3.21055e-07
1.09485e-06
3.58372e-06
1.12235e-05
3.35134e-05
9.50309e-05
0.00025465
0.000640668
0.00149972
0.0032278
0.00617723
0.0105661
0.016372
0.0233671
0.0312173
0.0395647
0.0480818
0.0564941
0.0645911
0.0722243
0.0792994
0.085766
0.091608
0.0968331
0.101464
0.105527
0.10904
0.111983
0.114265
0.115554
0.115474
0.112637
0.10431
0.089494
0.0737099
0.0590213
0.0461173
0.03521
0.0259898
0.0178644
0.0114907
0.0067795
0.00359812
0.00169847
0.000738905
0.000300523
0.000115563
4.23383e-05
1.48558e-05
5.01248e-06
1.63191e-06
5.14282e-07
1.57355e-07
4.68806e-08
1.36379e-08
3.88529e-09
1.08691e-09
2.99057e-10
8.29349e-11
2.66559e-11
7.63937e-12
2.85251e-12
7.42002e-13
2.03418e-13
5.84129e-14
1.75502e-14
5.71784e-15
1.71249e-15
6.03636e-16
1.75965e-16
3.71209e-17
1.02011e-17
2.82562e-18
6.01594e-19
1.37564e-19
3.73873e-20
8.69009e-21
2.36463e-21
6.55191e-22
1.21214e-22
2.17875e-23
6.38436e-19
3.23576e-18
1.45066e-17
5.98841e-17
2.42365e-16
1.10211e-15
5.11043e-15
2.36407e-14
1.08013e-13
4.86675e-13
2.15661e-12
9.36763e-12
3.96802e-11
1.17341e-10
4.42599e-10
1.73683e-09
6.76282e-09
2.56128e-08
9.38531e-08
3.31913e-07
1.12984e-06
3.69107e-06
1.1536e-05
3.43724e-05
9.7249e-05
0.000259988
0.000652489
0.00152334
0.0032693
0.00623674
0.0106403
0.0164543
0.0234509
0.0312978
0.0396332
0.0481374
0.0565367
0.0646212
0.0722432
0.0793087
0.0857677
0.0916038
0.0968248
0.101453
0.105515
0.109027
0.111972
0.11426
0.115563
0.115517
0.112759
0.104603
0.089838
0.0740532
0.0593423
0.0464071
0.0354627
0.0262233
0.0180648
0.0116549
0.0069049
0.00368458
0.00174884
0.000764428
0.000312224
0.000120533
4.43247e-05
1.561e-05
5.28621e-06
1.72727e-06
5.46269e-07
1.67718e-07
5.01258e-08
1.46239e-08
4.17736e-09
1.17215e-09
3.24458e-10
8.95495e-11
2.5447e-11
7.46197e-12
2.06393e-12
5.93042e-13
1.74449e-13
5.24457e-14
1.64137e-14
5.19165e-15
2.01668e-15
5.753e-16
1.57021e-16
4.4168e-17
1.15043e-17
2.8213e-18
6.92854e-19
1.69931e-19
4.25134e-20
1.06539e-20
2.40762e-21
6.27232e-22
1.58176e-22
1.73064e-23
5.6178e-19
2.79207e-18
1.22322e-17
5.5249e-17
2.48002e-16
1.16963e-15
5.46222e-15
2.53892e-14
1.1635e-13
5.25164e-13
2.34723e-12
1.03746e-11
3.16889e-11
1.1511e-10
4.49636e-10
1.78655e-09
6.96519e-09
2.63461e-08
9.64091e-08
3.40474e-07
1.15729e-06
3.77499e-06
1.17796e-05
3.50411e-05
9.89745e-05
0.000264141
0.000661708
0.00154187
0.0033021
0.00628474
0.0107015
0.016523
0.0235199
0.0313606
0.0396911
0.0481868
0.0565756
0.0646491
0.0722607
0.0793171
0.0857687
0.0915993
0.0968167
0.101443
0.105505
0.109018
0.111966
0.11426
0.115575
0.115561
0.112887
0.104919
0.0901973
0.0743998
0.0596574
0.0466857
0.035702
0.0264405
0.0182522
0.0118073
0.00702086
0.00376395
0.00179625
0.000788057
0.000322912
0.000125026
4.61074e-05
1.62841e-05
5.53044e-06
1.81236e-06
5.74863e-07
1.76995e-07
5.30357e-08
1.55096e-08
4.4403e-09
1.24896e-09
3.46589e-10
9.53405e-11
2.61536e-11
7.22348e-12
2.02428e-12
5.79128e-13
1.70535e-13
5.19278e-14
1.63173e-14
5.28223e-15
2.08589e-15
5.67107e-16
1.70024e-16
3.68629e-17
9.52558e-18
2.60349e-18
6.48662e-19
1.70431e-19
4.48669e-20
9.20372e-21
2.08912e-21
4.54925e-22
1.23672e-22
1.96688e-23
6.27635e-19
3.24136e-18
1.36132e-17
5.17162e-17
2.37388e-16
1.12794e-15
5.35288e-15
2.50757e-14
1.14277e-13
5.11089e-13
2.3205e-12
7.5723e-12
2.8531e-11
1.14188e-10
4.59253e-10
1.83499e-09
7.15078e-09
2.70223e-08
9.87965e-08
3.4858e-07
1.1836e-06
3.85625e-06
1.20173e-05
3.56958e-05
0.000100662
0.000268179
0.000670577
0.00155949
0.0033316
0.00632704
0.0107545
0.0165822
0.0235791
0.0314129
0.0397403
0.0482284
0.0566078
0.0646715
0.0722739
0.0793223
0.0857672
0.0915927
0.0968064
0.101431
0.105493
0.109009
0.111962
0.114265
0.115594
0.115593
0.113005
0.105229
0.0905357
0.0747173
0.0599422
0.0469365
0.0359174
0.0266351
0.0184198
0.0119447
0.00712591
0.00383606
0.00183951
0.000809787
0.000332821
0.00012922
4.77804e-05
1.69188e-05
5.76074e-06
1.89259e-06
6.01793e-07
1.85701e-07
5.57561e-08
1.63344e-08
4.68372e-09
1.3191e-09
3.66412e-10
1.00888e-10
2.77041e-11
7.64252e-12
2.1356e-12
6.08991e-13
1.78327e-13
5.37977e-14
1.68451e-14
5.83354e-15
1.69604e-15
5.27343e-16
1.55419e-16
4.29064e-17
9.16517e-18
2.67541e-18
7.28565e-19
1.70346e-19
4.24296e-20
1.00537e-20
2.75078e-21
6.19632e-22
1.23396e-22
2.29775e-23
4.42902e-19
2.80342e-18
9.68352e-18
4.13166e-17
1.78059e-16
8.05275e-16
3.66669e-15
1.68793e-14
7.65322e-14
3.41391e-13
1.49873e-12
6.45531e-12
2.75518e-11
1.14051e-10
4.68034e-10
1.87352e-09
7.29232e-09
2.7532e-08
1.00572e-07
3.54516e-07
1.20258e-06
3.91412e-06
1.2185e-05
3.61562e-05
0.000101855
0.000271073
0.000677086
0.00157281
0.00335457
0.00636128
0.0107991
0.016634
0.0236347
0.0314698
0.0397878
0.0482662
0.0566358
0.0646903
0.0722841
0.079325
0.0857637
0.0915842
0.0967943
0.101416
0.105477
0.108993
0.111949
0.114258
0.115599
0.115624
0.113095
0.105449
0.0907912
0.0749716
0.0601804
0.0471524
0.0361056
0.0268048
0.018563
0.0120652
0.00721901
0.0039
0.00187775
0.000828886
0.000341471
0.000132861
4.92277e-05
1.74675e-05
5.9601e-06
1.96225e-06
6.25227e-07
1.93294e-07
5.8135e-08
1.70575e-08
4.89764e-09
1.38092e-09
3.83921e-10
1.0577e-10
2.90506e-11
8.01268e-12
2.23765e-12
6.37675e-13
1.86191e-13
5.57663e-14
1.7757e-14
5.62131e-15
2.14201e-15
5.52636e-16
1.51227e-16
4.33749e-17
9.87152e-18
3.00117e-18
8.15126e-19
2.08921e-19
5.33754e-20
1.14905e-20
3.06807e-21
7.97578e-22
1.44115e-22
2.5834e-23
5.41621e-19
2.63455e-18
1.17148e-17
3.81351e-17
1.76511e-16
7.35468e-16
3.42679e-15
1.59085e-14
7.28861e-14
3.29422e-13
1.46656e-12
6.4196e-12
2.75777e-11
1.1599e-10
4.76412e-10
1.90673e-09
7.41912e-09
2.79986e-08
1.02225e-07
3.60138e-07
1.22086e-06
3.97071e-06
1.2351e-05
3.66153e-05
0.000103043
0.000273926
0.000683361
0.00158525
0.00337507
0.00639053
0.0108356
0.0166749
0.0236764
0.031509
0.0398222
0.0482942
0.0566567
0.0647038
0.0722908
0.0793254
0.0857588
0.0915749
0.0967816
0.101401
0.10546
0.108976
0.111934
0.114248
0.115602
0.115647
0.113167
0.105624
0.0910013
0.0751864
0.0603862
0.0473423
0.0362742
0.0269594
0.0186945
0.0121764
0.00730294
0.00395712
0.00191204
0.0008461
0.000349305
0.000136171
5.05475e-05
1.79685e-05
6.14207e-06
2.02579e-06
6.46523e-07
2.0017e-07
6.0282e-08
1.7708e-08
5.0895e-09
1.4362e-09
3.99535e-10
1.10112e-10
3.02457e-11
8.34001e-12
2.32749e-12
6.62753e-13
1.93579e-13
5.81307e-14
1.7826e-14
6.17721e-15
1.78199e-15
6.14897e-16
1.66129e-16
4.57846e-17
1.28659e-17
3.53415e-18
7.78139e-19
2.00389e-19
4.82753e-20
1.23548e-20
2.74085e-21
7.13415e-22
1.8156e-22
2.31818e-23
5.90737e-19
3.17707e-18
1.13627e-17
4.30862e-17
1.62918e-16
7.40368e-16
3.44806e-15
1.6019e-14
7.35636e-14
3.33222e-13
1.48598e-12
6.51105e-12
2.79758e-11
1.1763e-10
4.82988e-10
1.93235e-09
7.51572e-09
2.83501e-08
1.03455e-07
3.64262e-07
1.23408e-06
4.01109e-06
1.24681e-05
3.69365e-05
0.000103872
0.000275928
0.000687832
0.00159433
0.0033906
0.00641344
0.010865
0.0167084
0.0237111
0.0315416
0.0398506
0.0483171
0.0566733
0.0647142
0.0722952
0.0793245
0.0857532
0.0915656
0.0967693
0.101387
0.105444
0.10896
0.111919
0.114237
0.115603
0.115667
0.113229
0.105775
0.0911831
0.0753729
0.0605654
0.0475079
0.0364212
0.0270943
0.0188134
0.0122703
0.00737444
0.00400609
0.00194152
0.000860845
0.000355986
0.000138987
5.16693e-05
1.83946e-05
6.2971e-06
2.07999e-06
6.64707e-07
2.06048e-07
6.21199e-08
1.82656e-08
5.25417e-09
1.48369e-09
4.1296e-10
1.13846e-10
3.12721e-11
8.62072e-12
2.40405e-12
6.83601e-13
1.99323e-13
6.00008e-14
1.79949e-14
5.97712e-15
2.03494e-15
6.93768e-16
1.65064e-16
5.39751e-17
1.19807e-17
3.52501e-18
8.33616e-19
2.11637e-19
4.86086e-20
1.21802e-20
3.11229e-21
7.19691e-22
1.6004e-22
2.73349e-23
4.36238e-19
3.22242e-18
1.14347e-17
4.01239e-17
1.77015e-16
7.48068e-16
3.48883e-15
1.62048e-14
7.44328e-14
3.37197e-13
1.50372e-12
6.58845e-12
2.83057e-11
1.19001e-10
4.88537e-10
1.95414e-09
7.59859e-09
2.86543e-08
1.0453e-07
3.67908e-07
1.24591e-06
4.04761e-06
1.25751e-05
3.7232e-05
0.000104637
0.000277767
0.00069189
0.0016024
0.00340395
0.0064325
0.0108888
0.0167348
0.0237379
0.0315667
0.0398724
0.0483344
0.0566857
0.0647215
0.0722976
0.0793225
0.0857474
0.0915566
0.0967579
0.101373
0.10543
0.108946
0.111906
0.114228
0.115604
0.115684
0.113282
0.105906
0.0913401
0.0755341
0.0607202
0.0476511
0.0365484
0.0272102
0.0189129
0.0123486
0.00743561
0.00404816
0.00196695
0.000873528
0.000361728
0.000141408
5.26348e-05
1.87614e-05
6.43064e-06
2.12658e-06
6.80307e-07
2.11083e-07
6.36919e-08
1.87419e-08
5.39466e-09
1.52417e-09
4.24391e-10
1.17022e-10
3.21441e-11
8.85853e-12
2.46849e-12
7.01448e-13
2.04326e-13
6.06519e-14
1.91639e-14
6.05876e-15
1.90123e-15
5.37085e-16
1.71694e-16
5.32967e-17
1.43465e-17
3.48829e-18
7.70386e-19
2.1242e-19
4.77952e-20
9.86013e-21
2.51667e-21
5.97196e-22
1.36106e-22
2.68269e-23
5.03449e-19
2.76004e-18
1.07562e-17
3.90259e-17
1.6326e-16
7.58663e-16
3.52564e-15
1.63571e-14
7.51255e-14
3.40323e-13
1.51757e-12
6.64863e-12
2.85613e-11
1.2006e-10
4.92804e-10
1.97082e-09
7.66166e-09
2.88845e-08
1.05338e-07
3.70627e-07
1.25465e-06
4.07442e-06
1.2653e-05
3.74459e-05
0.000105189
0.000279095
0.000694835
0.00160832
0.00341392
0.00644699
0.010907
0.016755
0.0237579
0.0315858
0.0398892
0.0483477
0.056695
0.0647266
0.0722987
0.0793201
0.0857419
0.0915486
0.0967479
0.101362
0.105418
0.108934
0.111895
0.11422
0.115604
0.115698
0.113327
0.106016
0.0914727
0.0756698
0.0608501
0.0477708
0.0366545
0.027307
0.0189972
0.0124199
0.00748649
0.00408384
0.00198825
0.000884
0.000366437
0.000143389
5.34238e-05
1.90611e-05
6.5399e-06
2.16468e-06
6.93067e-07
2.15203e-07
6.4979e-08
1.91321e-08
5.50984e-09
1.55736e-09
4.33765e-10
1.19626e-10
3.28582e-11
9.05228e-12
2.52143e-12
7.16009e-13
2.08519e-13
6.24263e-14
1.94025e-14
6.01526e-15
1.78825e-15
6.83775e-16
1.71366e-16
5.39201e-17
1.3679e-17
3.51384e-18
8.72175e-19
1.956e-19
4.81968e-20
1.169e-20
2.81344e-21
7.22684e-22
1.4895e-22
2.70052e-23
4.76015e-19
2.25264e-18
1.04211e-17
4.76088e-17
1.72289e-16
7.54534e-16
3.54302e-15
1.6472e-14
7.56624e-14
3.42739e-13
1.52829e-12
6.69529e-12
2.87599e-11
1.20885e-10
4.96133e-10
1.98387e-09
7.71118e-09
2.90658e-08
1.05977e-07
3.72789e-07
1.26164e-06
4.09595e-06
1.27159e-05
3.76193e-05
0.000105637
0.000280174
0.000697222
0.00161309
0.00342192
0.00645858
0.0109218
0.0167716
0.0237746
0.0316014
0.0399023
0.0483578
0.0567017
0.06473
0.072299
0.0793176
0.085737
0.0915418
0.0967395
0.101352
0.105408
0.108924
0.111885
0.114213
0.115604
0.115709
0.113363
0.106105
0.0915797
0.0757789
0.0609545
0.0478669
0.0367393
0.0273828
0.0190645
0.012476
0.00753057
0.00411288
0.00200532
0.000892336
0.000370177
0.00014496
5.40493e-05
1.92987e-05
6.62644e-06
2.19483e-06
7.0316e-07
2.18461e-07
6.59965e-08
1.94404e-08
5.60077e-09
1.58354e-09
4.41145e-10
1.21671e-10
3.34182e-11
9.20451e-12
2.56311e-12
7.27105e-13
2.1201e-13
6.35614e-14
1.89009e-14
6.18036e-15
2.08733e-15
6.45649e-16
2.27675e-16
5.9451e-17
1.60442e-17
4.42466e-18
1.05713e-18
2.13783e-19
5.57304e-20
1.43444e-20
3.69723e-21
9.2457e-22
2.23111e-22
3.32006e-23
6.00242e-19
3.03153e-18
1.33453e-17
4.86569e-17
1.75268e-16
7.59068e-16
3.56123e-15
1.65606e-14
7.60519e-14
3.44481e-13
1.53602e-12
6.72892e-12
2.8903e-11
1.21478e-10
4.98527e-10
1.99324e-09
7.74669e-09
2.91956e-08
1.06433e-07
3.7433e-07
1.26661e-06
4.11121e-06
1.27604e-05
3.77417e-05
0.000105954
0.000280934
0.000698906
0.00161647
0.00342758
0.00646678
0.0109321
0.0167833
0.0237868
0.0316124
0.0399115
0.0483647
0.0567062
0.0647321
0.0722988
0.0793153
0.085733
0.0915363
0.0967329
0.101345
0.1054
0.108916
0.111878
0.114208
0.115604
0.115718
0.11339
0.106172
0.0916598
0.0758605
0.0610323
0.0479385
0.0368026
0.027443
0.0191158
0.0125178
0.00756231
0.00413457
0.00201813
0.000898552
0.000372951
0.000146122
5.45112e-05
1.94742e-05
6.69036e-06
2.2171e-06
7.10613e-07
2.20868e-07
6.67479e-08
1.9668e-08
5.66783e-09
1.6028e-09
4.46554e-10
1.2316e-10
3.38214e-11
9.31269e-12
2.5916e-12
7.3457e-13
2.13664e-13
6.36222e-14
1.96745e-14
6.20659e-15
1.90589e-15
6.25024e-16
1.96501e-16
6.05863e-17
1.59602e-17
4.52633e-18
1.19686e-18
2.74533e-19
6.36968e-20
1.47008e-20
3.67837e-21
8.501e-22
1.7356e-22
3.16281e-23
6.22219e-19
3.25552e-18
1.13944e-17
4.67944e-17
1.76221e-16
7.64358e-16
3.57864e-15
1.66113e-14
7.62882e-14
3.45573e-13
1.54089e-12
6.75012e-12
2.89931e-11
1.21852e-10
5.00035e-10
1.99915e-09
7.76907e-09
2.92775e-08
1.06722e-07
3.75304e-07
1.26976e-06
4.12087e-06
1.27886e-05
3.78193e-05
0.000106154
0.000281416
0.000699971
0.0016186
0.00343114
0.00647193
0.0109386
0.0167905
0.0237941
0.0316191
0.0399171
0.0483689
0.0567089
0.0647331
0.0722983
0.0793135
0.08573
0.0915324
0.0967282
0.10134
0.105394
0.10891
0.111873
0.114204
0.115604
0.115723
0.113408
0.106217
0.0917128
0.0759144
0.0610836
0.0479854
0.0368435
0.027482
0.0191493
0.0125454
0.00758347
0.00414899
0.00202657
0.000902608
0.000374748
0.00014687
5.48077e-05
1.95865e-05
6.73115e-06
2.23127e-06
7.15346e-07
2.22391e-07
6.72219e-08
1.98109e-08
5.70962e-09
1.61468e-09
4.49838e-10
1.24043e-10
3.40518e-11
9.37078e-12
2.60562e-12
7.37667e-13
2.14137e-13
6.42479e-14
1.91557e-14
6.19751e-15
2.30592e-15
5.86449e-16
1.83661e-16
6.25217e-17
1.58072e-17
4.54766e-18
1.24087e-18
3.14786e-19
7.15656e-20
1.6076e-20
3.69605e-21
8.79675e-22
1.7231e-22
3.05424e-23
4.13856e-19
2.98373e-18
1.48031e-17
4.82039e-17
1.79748e-16
7.67491e-16
3.58228e-15
1.6631e-14
7.63943e-14
3.46068e-13
1.54309e-12
6.75966e-12
2.90336e-11
1.2202e-10
5.00711e-10
2.00179e-09
7.77908e-09
2.93141e-08
1.0685e-07
3.75737e-07
1.27115e-06
4.12516e-06
1.2801e-05
3.78536e-05
0.000106242
0.000281629
0.000700442
0.00161954
0.00343272
0.00647421
0.0109415
0.0167938
0.0237974
0.0316221
0.0399196
0.0483708
0.05671
0.0647335
0.072298
0.0793125
0.0857285
0.0915303
0.0967258
0.101337
0.105392
0.108907
0.11187
0.114202
0.115604
0.115725
0.113416
0.106238
0.0917383
0.0759402
0.061108
0.0480076
0.0368628
0.0275002
0.0191649
0.012558
0.00759306
0.00415551
0.00203042
0.000904469
0.000375571
0.000147212
5.49422e-05
1.96372e-05
6.74945e-06
2.2376e-06
7.17452e-07
2.23066e-07
6.74309e-08
1.98734e-08
5.72771e-09
1.61974e-09
4.51204e-10
1.24396e-10
3.4138e-11
9.3904e-12
2.60937e-12
7.38168e-13
2.14192e-13
6.32549e-14
1.95574e-14
6.15267e-15
2.3061e-15
6.02077e-16
2.0558e-16
6.32984e-17
1.62034e-17
4.71581e-18
1.24662e-18
3.09784e-19
5.82866e-20
1.54057e-20
2.8725e-21
7.12626e-22
1.72817e-22
2.13169e-23
4.16746e-19
3.23411e-18
1.15702e-17
4.19766e-17
1.65874e-16
7.77711e-16
3.59222e-15
1.66344e-14
7.63954e-14
3.4607e-13
1.5431e-12
6.75969e-12
2.90337e-11
1.2202e-10
5.00713e-10
2.0018e-09
7.7791e-09
2.93141e-08
1.0685e-07
3.75737e-07
1.27115e-06
4.12516e-06
1.2801e-05
3.78536e-05
0.000106242
0.000281629
0.000700441
0.00161954
0.00343272
0.00647421
0.0109415
0.0167937
0.0237973
0.031622
0.0399195
0.0483707
0.0567099
0.0647334
0.0722979
0.0793123
0.0857283
0.0915301
0.0967256
0.101337
0.105391
0.108907
0.11187
0.114202
0.115603
0.115725
0.113416
0.106237
0.0917377
0.0759396
0.0611075
0.0480072
0.0368624
0.0274999
0.0191646
0.0125578
0.00759291
0.00415542
0.00203037
0.000904443
0.000375559
0.000147206
5.49399e-05
1.96361e-05
6.74894e-06
2.23739e-06
7.17363e-07
2.23031e-07
6.74171e-08
1.98681e-08
5.72569e-09
1.61898e-09
4.5092e-10
1.24291e-10
3.40989e-11
9.37556e-12
2.60421e-12
7.36347e-13
2.13077e-13
6.31328e-14
1.86269e-14
6.14552e-15
2.48771e-15
7.02177e-16
2.10961e-16
5.00054e-17
1.53377e-17
4.12265e-18
8.95451e-19
2.34989e-19
6.03544e-20
1.32017e-20
3.52769e-21
6.79474e-22
1.87822e-22
2.4193e-23
6.08643e-19
3.35035e-18
1.21358e-17
4.87977e-17
1.74442e-16
7.59417e-16
3.57677e-15
1.66145e-14
7.62923e-14
3.45581e-13
1.54092e-12
6.75024e-12
2.89936e-11
1.21854e-10
5.00043e-10
1.99918e-09
7.76917e-09
2.92779e-08
1.06723e-07
3.75307e-07
1.26977e-06
4.1209e-06
1.27886e-05
3.78195e-05
0.000106154
0.000281417
0.000699973
0.0016186
0.00343114
0.00647192
0.0109386
0.0167905
0.023794
0.0316189
0.0399169
0.0483687
0.0567086
0.0647328
0.072298
0.0793131
0.0857295
0.0915318
0.0967276
0.101339
0.105394
0.108909
0.111872
0.114203
0.115603
0.115722
0.113407
0.106215
0.091711
0.0759126
0.0610821
0.0479841
0.0368425
0.0274811
0.0191486
0.0125448
0.00758298
0.00414871
0.00202642
0.000902539
0.000374717
0.000146857
5.48016e-05
1.95836e-05
6.72974e-06
2.23067e-06
7.15098e-07
2.22293e-07
6.71834e-08
1.97961e-08
5.70395e-09
1.61254e-09
4.49036e-10
1.23743e-10
3.39399e-11
9.32807e-12
2.58971e-12
7.31907e-13
2.11942e-13
6.321e-14
1.87827e-14
6.08812e-15
2.07104e-15
6.09803e-16
1.98655e-16
5.43543e-17
1.512e-17
4.07219e-18
9.57718e-19
2.44831e-19
6.29885e-20
1.49613e-20
3.58742e-21
8.76957e-22
1.90853e-22
3.24047e-23
4.14357e-19
3.27437e-18
1.22543e-17
5.35777e-17
1.77814e-16
7.56274e-16
3.55834e-15
1.65552e-14
7.60492e-14
3.44488e-13
1.53605e-12
6.72905e-12
2.89035e-11
1.2148e-10
4.98534e-10
1.99327e-09
7.74678e-09
2.91959e-08
1.06434e-07
3.74333e-07
1.26662e-06
4.11124e-06
1.27604e-05
3.77419e-05
0.000105954
0.000280935
0.000698906
0.00161646
0.00342757
0.00646676
0.0109321
0.0167832
0.0237867
0.0316122
0.0399112
0.0483644
0.0567058
0.0647316
0.0722982
0.0793146
0.0857322
0.0915353
0.0967318
0.101344
0.105399
0.108914
0.111877
0.114206
0.115602
0.115716
0.113388
0.106169
0.0916566
0.0758575
0.0610297
0.0479363
0.0368008
0.0274414
0.0191145
0.0125168
0.00756158
0.0041341
0.00201786
0.000898426
0.000372895
0.000146097
5.45002e-05
1.9469e-05
6.68789e-06
2.21604e-06
7.10178e-07
2.20695e-07
6.66804e-08
1.96421e-08
5.65793e-09
1.59906e-09
4.45151e-10
1.22635e-10
3.36252e-11
9.23883e-12
2.56378e-12
7.23959e-13
2.0987e-13
6.24811e-14
1.8548e-14
6.27287e-15
1.85848e-15
6.7833e-16
2.07078e-16
5.21039e-17
1.40666e-17
3.81776e-18
1.12005e-18
2.25039e-19
6.22257e-20
1.6283e-20
4.02916e-21
9.55377e-22
2.20629e-22
3.67337e-23
5.21196e-19
2.9869e-18
1.25974e-17
4.7351e-17
1.66892e-16
7.58097e-16
3.54533e-15
1.64753e-14
7.56673e-14
3.42748e-13
1.52833e-12
6.69545e-12
2.87606e-11
1.20887e-10
4.96143e-10
1.98391e-09
7.71131e-09
2.90662e-08
1.05978e-07
3.72793e-07
1.26166e-06
4.09598e-06
1.2716e-05
3.76195e-05
0.000105638
0.000280174
0.000697221
0.00161309
0.0034219
0.00645854
0.0109217
0.0167714
0.0237743
0.0316011
0.0399019
0.0483573
0.0567011
0.0647293
0.0722982
0.0793166
0.0857359
0.0915405
0.0967381
0.101351
0.105406
0.108922
0.111883
0.114211
0.115602
0.115707
0.11336
0.106101
0.091575
0.0757746
0.0609508
0.0478637
0.0367367
0.0273807
0.0190628
0.0124746
0.00752931
0.00411227
0.00200497
0.000892167
0.000370101
0.000144926
5.40341e-05
1.92917e-05
6.62306e-06
2.19337e-06
7.0256e-07
2.18224e-07
6.59044e-08
1.94052e-08
5.58744e-09
1.57854e-09
4.3928e-10
1.20977e-10
3.31592e-11
9.10849e-12
2.52665e-12
7.1329e-13
2.06372e-13
6.17051e-14
1.86626e-14
6.06911e-15
1.82519e-15
5.35408e-16
1.95465e-16
5.29263e-17
1.37709e-17
4.25613e-18
1.17023e-18
2.80527e-19
6.80586e-20
1.73635e-20
3.48857e-21
8.45324e-22
2.01017e-22
3.45922e-23
5.99179e-19
3.19037e-18
1.15345e-17
4.67059e-17
1.61545e-16
7.5178e-16
3.52454e-15
1.63642e-14
7.51354e-14
3.40334e-13
1.51761e-12
6.64883e-12
2.85622e-11
1.20064e-10
4.92816e-10
1.97086e-09
7.66181e-09
2.8885e-08
1.05339e-07
3.70632e-07
1.25467e-06
4.07445e-06
1.26531e-05
3.74461e-05
0.000105189
0.000279095
0.000694834
0.00160832
0.00341391
0.00644697
0.010907
0.016755
0.023758
0.0315857
0.0398888
0.0483472
0.0566942
0.0647256
0.0722976
0.0793188
0.0857405
0.091547
0.0967461
0.10136
0.105416
0.108931
0.111892
0.114217
0.115601
0.115695
0.113323
0.10601
0.0914665
0.0756641
0.0608452
0.0477666
0.036651
0.0273041
0.0189948
0.012418
0.00748547
0.00408295
0.00198775
0.000883772
0.000366337
0.000143346
5.34048e-05
1.90526e-05
6.53572e-06
2.16285e-06
6.92317e-07
2.14907e-07
6.48642e-08
1.90884e-08
5.49337e-09
1.55122e-09
4.31485e-10
1.18782e-10
3.25463e-11
8.93719e-12
2.4783e-12
6.99842e-13
2.02517e-13
6.05747e-14
1.83851e-14
5.67026e-15
1.68903e-15
5.3489e-16
1.63628e-16
5.37752e-17
1.34216e-17
3.73363e-18
9.77531e-19
2.33199e-19
6.15535e-20
1.59216e-20
3.89671e-21
8.00547e-22
2.12447e-22
2.68427e-23
5.25272e-19
2.6154e-18
1.15168e-17
4.03173e-17
1.6584e-16
7.56106e-16
3.50039e-15
1.62138e-14
7.44394e-14
3.37211e-13
1.50378e-12
6.5887e-12
2.83067e-11
1.19005e-10
4.88551e-10
1.95419e-09
7.59875e-09
2.86548e-08
1.04531e-07
3.67913e-07
1.24592e-06
4.04764e-06
1.25751e-05
3.7232e-05
0.000104637
0.000277766
0.000691887
0.00160239
0.00340393
0.00643249
0.0108888
0.0167348
0.0237378
0.0315664
0.0398719
0.0483337
0.0566848
0.0647203
0.0722962
0.0793209
0.0857456
0.0915546
0.0967557
0.101371
0.105428
0.108943
0.111903
0.114225
0.1156
0.11568
0.113277
0.105898
0.0913326
0.0755272
0.0607143
0.0476461
0.0365443
0.0272068
0.01891
0.0123464
0.00743424
0.00404726
0.00196641
0.000873268
0.000361612
0.000141358
5.26126e-05
1.87514e-05
6.42592e-06
2.12444e-06
6.79419e-07
2.10731e-07
6.35557e-08
1.86901e-08
5.37526e-09
1.51696e-09
4.21732e-10
1.16043e-10
3.17827e-11
8.72463e-12
2.41867e-12
6.82609e-13
1.97645e-13
5.93257e-14
1.79118e-14
5.57843e-15
1.75722e-15
4.96974e-16
1.7789e-16
4.64375e-17
1.38037e-17
3.7992e-18
8.93938e-19
2.35486e-19
6.16115e-20
1.41633e-20
3.67219e-21
8.93232e-22
2.2718e-22
2.82822e-23
4.57785e-19
3.45776e-18
1.23831e-17
4.93271e-17
1.81068e-16
7.36449e-16
3.44538e-15
1.60152e-14
7.35635e-14
3.33237e-13
1.48605e-12
6.51133e-12
2.79769e-11
1.17634e-10
4.83003e-10
1.9324e-09
7.51589e-09
2.83506e-08
1.03456e-07
3.64266e-07
1.23409e-06
4.0111e-06
1.24681e-05
3.69362e-05
0.000103871
0.000275924
0.000687821
0.0015943
0.00339054
0.00641332
0.0108648
0.0167081
0.0237106
0.031541
0.0398499
0.0483161
0.0566722
0.0647128
0.0722935
0.0793226
0.0857511
0.0915632
0.0967666
0.101384
0.105441
0.108957
0.111916
0.114233
0.115599
0.115663
0.113223
0.105767
0.0911743
0.0753649
0.0605585
0.0475021
0.0364165
0.0270901
0.0188089
0.0122684
0.00737301
0.00400513
0.00194095
0.000860565
0.00035586
0.000138931
5.16448e-05
1.83835e-05
6.29203e-06
2.07759e-06
6.63697e-07
2.05646e-07
6.19641e-08
1.82064e-08
5.23201e-09
1.4755e-09
4.09955e-10
1.12741e-10
3.08668e-11
8.47052e-12
2.34821e-12
6.625e-13
1.91338e-13
5.72757e-14
1.809e-14
5.24693e-15
1.55183e-15
5.95373e-16
1.98842e-16
5.88309e-17
1.49435e-17
3.98296e-18
1.05023e-18
2.38256e-19
5.94873e-20
1.36699e-20
3.07122e-21
7.93295e-22
1.93967e-22
3.31486e-23
5.7076e-19
3.05363e-18
1.1487e-17
3.78244e-17
1.69539e-16
7.37603e-16
3.44005e-15
1.59207e-14
7.2911e-14
3.29495e-13
1.46666e-12
6.42002e-12
2.75787e-11
1.15996e-10
4.76432e-10
1.90679e-09
7.41928e-09
2.79991e-08
1.02226e-07
3.6014e-07
1.22086e-06
3.9707e-06
1.23509e-05
3.66148e-05
0.000103041
0.00027392
0.000683343
0.0015852
0.00337496
0.00639032
0.0108353
0.0166743
0.0236757
0.0315082
0.0398212
0.048293
0.0566553
0.0647022
0.0722888
0.0793232
0.0857563
0.0915721
0.0967785
0.101398
0.105457
0.108973
0.11193
0.114243
0.115597
0.115642
0.11316
0.105614
0.0909915
0.0751774
0.0603783
0.0473357
0.0362687
0.0269548
0.0186921
0.0121734
0.00730094
0.00395587
0.00191133
0.00084576
0.000349156
0.000136107
5.05201e-05
1.79564e-05
6.13662e-06
2.02322e-06
6.45409e-07
1.99722e-07
6.01081e-08
1.76419e-08
5.06476e-09
1.42709e-09
3.96201e-10
1.08887e-10
2.97968e-11
8.17456e-12
2.2661e-12
6.39331e-13
1.84843e-13
5.49677e-14
1.69738e-14
5.84525e-15
1.81611e-15
5.14745e-16
1.65377e-16
5.25292e-17
1.28453e-17
3.54896e-18
9.59597e-19
2.0891e-19
4.32027e-20
1.08234e-20
2.81713e-21
6.73713e-22
1.67963e-22
2.12503e-23
5.78522e-19
3.18695e-18
1.11062e-17
4.22499e-17
1.73911e-16
7.97106e-16
3.69397e-15
1.69806e-14
7.69942e-14
3.43189e-13
1.49726e-12
6.4581e-12
2.75041e-11
1.1409e-10
4.67927e-10
1.87351e-09
7.29255e-09
2.75326e-08
1.00573e-07
3.54518e-07
1.20258e-06
3.9141e-06
1.21848e-05
3.61555e-05
0.000101852
0.000271065
0.000677063
0.00157275
0.00335443
0.00636102
0.0107987
0.0166334
0.0236339
0.0314687
0.0397866
0.0482647
0.0566342
0.0646883
0.0722819
0.0793225
0.0857609
0.0915811
0.0967909
0.101413
0.105473
0.108989
0.111945
0.114253
0.115594
0.115618
0.113088
0.105439
0.0907807
0.0749619
0.0601719
0.0471452
0.0361
0.0268005
0.0185603
0.0120628
0.00721707
0.00389869
0.00187699
0.000828516
0.000341308
0.000132791
4.91983e-05
1.74546e-05
5.95434e-06
1.95962e-06
6.24036e-07
1.92806e-07
5.79449e-08
1.69851e-08
4.87061e-09
1.37099e-09
3.80291e-10
1.04435e-10
2.85627e-11
7.83319e-12
2.17084e-12
6.12871e-13
1.7681e-13
5.30152e-14
1.6368e-14
5.49776e-15
1.69468e-15
4.62159e-16
1.26994e-16
4.05511e-17
1.08868e-17
3.40638e-18
8.85677e-19
1.92914e-19
4.38725e-20
1.16156e-20
2.71361e-21
7.39755e-22
1.66051e-22
2.90473e-23
7.77128e-19
4.22041e-18
1.40121e-17
5.83217e-17
2.53432e-16
1.14844e-15
5.51952e-15
2.64269e-14
1.25496e-13
6.04454e-13
2.14307e-12
7.54828e-12
2.84312e-11
1.14353e-10
4.58676e-10
1.83545e-09
7.15105e-09
2.70228e-08
9.87979e-08
3.48582e-07
1.1836e-06
3.85622e-06
1.20171e-05
3.56951e-05
0.00010066
0.000268171
0.000670552
0.00155943
0.00333146
0.00632676
0.0107541
0.0165815
0.0235782
0.0314118
0.039739
0.0482268
0.0566059
0.0646693
0.0722714
0.0793195
0.085764
0.0915892
0.0968027
0.101427
0.105488
0.109004
0.111958
0.11426
0.115588
0.115588
0.112998
0.105221
0.0905264
0.0747078
0.059933
0.046928
0.0359099
0.0266276
0.0184128
0.0119401
0.00712291
0.00383428
0.00183858
0.000809357
0.000332637
0.000129144
4.77487e-05
1.69052e-05
5.75476e-06
1.88992e-06
6.00574e-07
1.85184e-07
5.5552e-08
1.62566e-08
4.65472e-09
1.30847e-09
3.62518e-10
9.94556e-11
2.71804e-11
7.45084e-12
2.06464e-12
5.83423e-13
1.68806e-13
4.98056e-14
1.53337e-14
5.16691e-15
1.58213e-15
4.9254e-16
1.39501e-16
4.78469e-17
1.26707e-17
3.6959e-18
9.58571e-19
2.18174e-19
5.27317e-20
1.24209e-20
2.68211e-21
6.21859e-22
1.40549e-22
2.42748e-23
7.3087e-19
3.71743e-18
1.67789e-17
6.72187e-17
2.45414e-16
1.16389e-15
5.51746e-15
2.57773e-14
1.18398e-13
5.3325e-13
2.34423e-12
1.03705e-11
3.1763e-11
1.14424e-10
4.5041e-10
1.78602e-09
6.96529e-09
2.6347e-08
9.64105e-08
3.40477e-07
1.15729e-06
3.77496e-06
1.17794e-05
3.50403e-05
9.89716e-05
0.000264132
0.00066168
0.0015418
0.00330194
0.00628444
0.010701
0.0165224
0.0235191
0.0313598
0.0396898
0.0481851
0.0565735
0.0646467
0.0722579
0.079314
0.0857652
0.0915955
0.0968125
0.101439
0.1055
0.109014
0.111961
0.114255
0.11557
0.115555
0.112881
0.104914
0.0901908
0.0743919
0.059649
0.0466779
0.0356957
0.0264355
0.018249
0.0118045
0.00701871
0.00376246
0.00179537
0.00078763
0.000322723
0.000124946
4.60743e-05
1.62701e-05
5.52434e-06
1.80965e-06
5.73651e-07
1.76467e-07
5.28227e-08
1.5428e-08
4.40987e-09
1.23776e-09
3.42467e-10
9.38216e-11
2.55912e-11
7.00664e-12
1.94316e-12
5.5021e-13
1.59062e-13
4.74667e-14
1.44021e-14
4.8283e-15
1.7779e-15
4.51834e-16
1.51939e-16
4.26104e-17
1.15021e-17
2.87701e-18
7.09719e-19
1.66075e-19
4.37653e-20
1.02032e-20
2.20624e-21
5.77476e-22
1.50962e-22
2.2271e-23
6.24808e-19
3.67081e-18
1.45634e-17
5.07175e-17
2.34675e-16
1.09829e-15
5.1288e-15
2.36841e-14
1.08054e-13
4.86448e-13
2.15663e-12
9.36262e-12
3.96744e-11
1.17745e-10
4.41688e-10
1.73732e-09
6.76335e-09
2.56131e-08
9.38544e-08
3.31916e-07
1.12984e-06
3.69105e-06
1.15358e-05
3.43717e-05
9.72464e-05
0.000259979
0.000652463
0.00152327
0.00326915
0.00623645
0.0106399
0.0164536
0.0234498
0.0312963
0.0396316
0.0481354
0.0565344
0.0646186
0.0722401
0.0793053
0.0857639
0.0915996
0.0968203
0.101448
0.10551
0.109022
0.111967
0.114254
0.115556
0.115509
0.112749
0.10459
0.0898248
0.0740404
0.0593307
0.0463972
0.0354546
0.0262164
0.0180595
0.0116509
0.00690212
0.00368282
0.00174785
0.000763952
0.000312016
0.000120447
4.42896e-05
1.55955e-05
5.27999e-06
1.72454e-06
5.4507e-07
1.67194e-07
4.99102e-08
1.45403e-08
4.14642e-09
1.16111e-09
3.20409e-10
8.80316e-11
2.45705e-11
7.09209e-12
1.96068e-12
5.54208e-13
1.60054e-13
4.7554e-14
1.41387e-14
4.40646e-15
1.4683e-15
4.90713e-16
1.37806e-16
3.85193e-17
1.02638e-17
2.92787e-18
6.46984e-19
1.79492e-19
4.72325e-20
9.78914e-21
2.7784e-21
7.12976e-22
1.65912e-22
2.72985e-23
5.66276e-19
2.82598e-18
1.31927e-17
5.36099e-17
2.32774e-16
1.0611e-15
4.96739e-15
2.31259e-14
1.06453e-13
4.8403e-13
2.17053e-12
9.5948e-12
4.18243e-11
1.21921e-10
4.34258e-10
1.67824e-09
6.51316e-09
2.46962e-08
9.06338e-08
3.21058e-07
1.09485e-06
3.5837e-06
1.12234e-05
3.35129e-05
9.50288e-05
0.000254643
0.000640646
0.00149966
0.00322766
0.00617696
0.0105657
0.0163713
0.0233661
0.0312159
0.039563
0.0480797
0.0564917
0.0645883
0.072221
0.0792956
0.0857617
0.0916032
0.0968279
0.101458
0.105521
0.109033
0.111976
0.114257
0.115546
0.115465
0.112626
0.104294
0.0894772
0.0736942
0.0590076
0.0461057
0.0352007
0.0259817
0.0178581
0.0114859
0.00677616
0.00359602
0.00169735
0.000738383
0.0003003
0.000115473
4.23021e-05
1.48411e-05
5.00627e-06
1.62922e-06
5.1311e-07
1.56848e-07
4.66688e-08
1.35542e-08
3.85317e-09
1.07542e-09
2.96367e-10
8.18223e-11
2.51728e-11
7.5743e-12
2.82396e-12
7.19188e-13
1.91198e-13
5.31352e-14
1.55047e-14
4.5801e-15
1.65288e-15
5.48294e-16
1.72933e-16
4.14914e-17
1.11061e-17
3.24169e-18
7.98314e-19
1.97087e-19
5.23881e-20
1.27719e-20
3.30317e-21
8.51704e-22
1.6584e-22
2.4429e-23
6.39996e-19
4.19441e-18
1.60014e-17
6.26393e-17
2.23695e-16
1.05124e-15
4.96703e-15
2.32109e-14
1.07364e-13
4.90933e-13
2.21566e-12
9.84757e-12
4.30155e-11
1.25126e-10
4.23072e-10
1.60962e-09
6.22617e-09
2.36335e-08
8.68878e-08
3.08393e-07
1.05393e-06
3.45801e-06
1.08584e-05
3.25171e-05
9.24955e-05
0.000248684
0.000627827
0.0014748
0.00318501
0.00611648
0.0104896
0.0162853
0.0232771
0.0311309
0.039488
0.0480177
0.0564439
0.0645542
0.0721993
0.0792844
0.0857589
0.0916066
0.0968357
0.101469
0.105534
0.109046
0.111987
0.114263
0.115538
0.115425
0.112515
0.104029
0.0891581
0.0733653
0.0586885
0.0458051
0.0349239
0.0257011
0.0176107
0.0112949
0.00663524
0.00350076
0.00164328
0.000711115
0.000287803
0.000110157
4.01744e-05
1.40326e-05
4.71294e-06
1.52717e-06
4.78941e-07
1.45804e-07
4.32111e-08
1.25012e-08
3.53925e-09
9.83141e-10
2.72286e-10
8.02437e-11
2.56266e-11
9.92894e-12
2.6662e-12
7.07519e-13
1.91286e-13
5.37882e-14
1.57111e-14
4.72124e-15
1.37884e-15
4.66479e-16
1.48677e-16
4.45418e-17
1.22076e-17
3.24137e-18
7.24133e-19
1.64554e-19
4.6843e-20
1.22384e-20
3.29684e-21
6.81863e-22
1.775e-22
2.75028e-23
8.05251e-19
4.87161e-18
1.83524e-17
6.003e-17
2.28473e-16
1.04015e-15
4.92017e-15
2.30376e-14
1.06806e-13
4.89727e-13
2.21852e-12
9.91789e-12
4.36919e-11
1.28776e-10
4.07129e-10
1.52912e-09
5.909e-09
2.24712e-08
8.28485e-08
2.94928e-07
1.01096e-06
3.32694e-06
1.04773e-05
3.14639e-05
8.97412e-05
0.000241922
0.000612451
0.00144311
0.0031276
0.00603203
0.0103832
0.0161678
0.0231606
0.0310242
0.0393958
0.0479465
0.0563925
0.0645204
0.0721802
0.0792769
0.08576
0.0916131
0.0968459
0.101481
0.105547
0.109059
0.111999
0.114269
0.115533
0.115393
0.112424
0.103811
0.0888912
0.0730836
0.0584094
0.0455404
0.0346867
0.0254813
0.0174171
0.01112
0.0064954
0.00340256
0.00158717
0.000682741
0.000274803
0.000104641
3.79727e-05
1.31977e-05
4.41026e-06
1.4218e-06
4.43597e-07
1.34351e-07
3.96157e-08
1.14045e-08
3.21354e-09
8.89957e-10
2.47286e-10
7.57952e-11
2.94283e-11
8.22314e-12
2.28556e-12
6.42058e-13
1.80015e-13
5.11673e-14
1.46043e-14
4.59761e-15
1.33515e-15
4.75308e-16
1.5448e-16
4.12428e-17
1.08667e-17
2.87991e-18
6.59755e-19
1.86478e-19
4.81554e-20
1.0521e-20
2.66119e-21
7.03985e-22
1.80942e-22
2.30278e-23
7.78909e-19
4.5487e-18
1.67282e-17
6.05133e-17
2.13388e-16
9.83743e-16
4.61649e-15
2.14202e-14
9.80202e-14
4.41163e-13
1.9452e-12
8.36217e-12
3.48268e-11
1.39184e-10
3.96794e-10
1.43388e-09
5.49911e-09
2.09197e-08
7.73298e-08
2.76148e-07
9.50059e-07
3.13984e-06
9.93589e-06
2.99981e-05
8.60578e-05
0.000233416
0.000594636
0.00140982
0.00307313
0.00595995
0.0102985
0.0160771
0.0230694
0.0309396
0.0393323
0.047897
0.0563581
0.0645005
0.0721731
0.0792793
0.0857679
0.0916249
0.0968592
0.101495
0.105561
0.109071
0.112007
0.114273
0.115528
0.115372
0.112368
0.103677
0.0887176
0.0728856
0.0581958
0.0453207
0.0344756
0.0252754
0.0172221
0.0109249
0.00634543
0.00329881
0.00152797
0.00065244
0.000260642
9.84997e-05
3.5474e-05
1.2237e-05
4.0593e-06
1.2994e-06
4.02671e-07
1.21178e-07
3.55172e-08
1.01661e-08
2.84887e-09
7.8816e-10
2.24417e-10
7.65406e-11
2.9163e-11
7.6126e-12
2.04733e-12
5.65058e-13
1.5869e-13
4.54281e-14
1.37037e-14
3.97378e-15
1.23575e-15
3.6478e-16
1.10834e-16
3.92898e-17
1.01462e-17
2.67838e-18
7.37365e-19
1.91214e-19
4.72975e-20
1.1608e-20
2.93288e-21
5.51704e-22
1.32875e-22
2.37163e-23
5.55388e-19
3.02354e-18
1.3369e-17
5.04072e-17
1.95816e-16
8.73201e-16
4.03956e-15
1.86684e-14
8.52967e-14
3.84488e-13
1.70805e-12
7.47313e-12
3.2207e-11
1.36918e-10
3.90052e-10
1.34677e-09
5.1251e-09
1.95337e-08
7.25322e-08
2.60177e-07
8.98992e-07
2.98358e-06
9.48e-06
2.8735e-05
8.27502e-05
0.000225284
0.000576073
0.00137124
0.0030022
0.00585353
0.010162
0.0159264
0.022925
0.0308143
0.0392311
0.0478308
0.0563251
0.0644934
0.0721822
0.0792982
0.0857949
0.0916535
0.096885
0.101515
0.105573
0.109077
0.112009
0.114273
0.115528
0.115374
0.112377
0.103699
0.0887303
0.0728757
0.0581559
0.0452486
0.034372
0.0251179
0.0170573
0.0107842
0.00621431
0.00319894
0.0014698
0.000622867
0.000247089
9.27552e-05
3.3185e-05
1.13713e-05
3.74656e-06
1.19099e-06
3.66482e-07
1.09502e-07
3.18634e-08
9.05344e-09
2.51962e-09
6.98899e-10
2.05372e-10
7.33822e-11
2.80645e-11
7.1544e-12
1.85836e-12
4.96421e-13
1.36875e-13
3.94407e-14
1.21539e-14
3.41912e-15
9.81435e-16
3.47085e-16
1.17448e-16
3.75024e-17
1.07086e-17
2.93233e-18
7.57691e-19
1.93192e-19
4.00449e-20
1.01988e-20
2.65404e-21
5.85086e-22
1.29267e-22
1.97725e-23
3.52899e-19
2.57796e-18
1.09429e-17
4.70783e-17
1.8031e-16
7.62313e-16
3.56164e-15
1.65145e-14
7.58271e-14
3.44355e-13
1.54481e-12
6.83839e-12
2.98365e-11
1.28133e-10
3.60411e-10
1.21971e-09
4.56431e-09
1.73626e-08
6.47839e-08
2.33878e-07
8.13981e-07
2.7228e-06
8.72453e-06
2.66809e-05
7.75494e-05
0.000213154
0.000550398
0.00132293
0.00292344
0.005754
0.0100573
0.0158324
0.0228504
0.030769
0.0392155
0.0478386
0.0563486
0.0645287
0.0722281
0.0793529
0.0858417
0.0916904
0.0969123
0.101533
0.105583
0.10908
0.112007
0.114269
0.115532
0.1154
0.112454
0.103882
0.0889278
0.0730432
0.0582742
0.0453116
0.0343809
0.0250656
0.0169681
0.0106785
0.00608999
0.00310213
0.00140966
0.000589977
0.000231027
8.56034e-05
3.02328e-05
1.02283e-05
3.32808e-06
1.04517e-06
3.17868e-07
9.39232e-08
2.70456e-08
7.6118e-09
2.10609e-09
5.91233e-10
1.81307e-10
6.52921e-11
2.54266e-11
6.47741e-12
1.67357e-12
4.42465e-13
1.20881e-13
3.47115e-14
1.04602e-14
3.04773e-15
9.98421e-16
2.8303e-16
8.78955e-17
2.73932e-17
6.60639e-18
1.73024e-18
4.70258e-19
1.22303e-19
2.71566e-20
7.12765e-21
1.38914e-21
3.88237e-22
9.84928e-23
1.679e-23
4.0118e-19
3.04482e-18
1.12265e-17
3.68282e-17
1.65766e-16
6.8049e-16
3.1707e-15
1.47682e-14
6.80914e-14
3.10525e-13
1.39944e-12
6.22502e-12
2.72936e-11
1.1778e-10
3.3278e-10
1.10967e-09
4.15569e-09
1.58419e-08
5.93544e-08
2.15391e-07
7.53876e-07
2.53691e-06
8.18046e-06
2.51823e-05
7.3692e-05
0.000203954
0.000530318
0.00128354
0.00285581
0.00566099
0.00994152
0.0157086
0.0227486
0.0307151
0.0392065
0.0478679
0.0564096
0.0646137
0.0723318
0.0794377
0.0859192
0.0917593
0.0969682
0.101574
0.105607
0.109088
0.112003
0.114264
0.115546
0.115469
0.112651
0.104351
0.0894522
0.0735123
0.0586361
0.0455515
0.0345051
0.0251041
0.0169308
0.0105842
0.00600055
0.00302227
0.00136235
0.000565082
0.000219118
8.03752e-05
2.8105e-05
9.41701e-06
3.03576e-06
9.44931e-07
2.84955e-07
8.35219e-08
2.38659e-08
6.66708e-09
1.83336e-09
5.15095e-10
1.61327e-10
6.2976e-11
1.76415e-11
4.79051e-12
1.29197e-12
3.53435e-13
9.94435e-14
2.86449e-14
8.93707e-15
2.72642e-15
8.57631e-16
2.40571e-16
7.82377e-17
2.27297e-17
6.18289e-18
1.57875e-18
4.21281e-19
1.10468e-19
2.85584e-20
5.23694e-21
1.3613e-21
3.5498e-22
8.45173e-23
1.33371e-23
3.5382e-19
2.27813e-18
8.65932e-18
3.22687e-17
1.29943e-16
5.39446e-16
2.46576e-15
1.12986e-14
5.16535e-14
2.3351e-13
1.04042e-12
4.55337e-12
1.9477e-11
8.0817e-11
3.21246e-10
9.07597e-10
3.26292e-09
1.24431e-08
4.70859e-08
1.73199e-07
6.15272e-07
2.1039e-06
6.90106e-06
2.16303e-05
6.44998e-05
0.000182017
0.000482769
0.001192
0.00270385
0.00547071
0.00975991
0.0155862
0.0227079
0.0307463
0.0393008
0.048019
0.0566011
0.0648202
0.0725189
0.0796324
0.0860976
0.0919089
0.097084
0.101655
0.105655
0.10911
0.112008
0.114266
0.115573
0.115572
0.112942
0.105057
0.0902769
0.0743065
0.0593213
0.0460827
0.034861
0.0253103
0.0170111
0.0105685
0.00591761
0.00290239
0.00127253
0.00051302
0.000193484
6.90763e-05
2.35225e-05
7.68114e-06
2.41543e-06
7.34204e-07
2.16474e-07
6.21129e-08
1.73948e-08
4.77337e-09
1.3146e-09
3.91025e-10
1.52273e-10
4.4894e-11
1.26617e-11
3.41558e-12
9.11477e-13
2.48425e-13
7.07642e-14
2.04527e-14
6.39763e-15
1.92013e-15
7.60038e-16
2.33412e-16
6.40061e-17
1.6977e-17
4.53147e-18
1.07552e-18
3.04921e-19
7.70459e-20
2.04604e-20
4.70056e-21
1.20112e-21
3.13414e-22
7.89932e-23
7.94143e-24
)
;

boundaryField
{
    fuel
    {
        type            fixedValue;
        value           uniform 0;
    }
    air
    {
        type            fixedValue;
        value           uniform 0;
    }
    outlet
    {
        type            inletOutlet;
        inletValue      uniform 0;
        value           nonuniform List<scalar> 
200
(
2.46915e-19
1.7515e-18
9.33769e-18
3.57036e-17
1.26397e-16
5.44218e-16
2.47149e-15
1.13194e-14
5.1674e-14
2.33519e-13
1.04042e-12
4.55332e-12
1.94767e-11
8.08154e-11
3.21244e-10
9.07619e-10
3.26314e-09
1.24441e-08
4.70905e-08
1.73218e-07
6.15342e-07
2.10416e-06
6.90197e-06
2.16333e-05
6.45092e-05
0.000182044
0.000482842
0.00119218
0.00270425
0.00547147
0.00976114
0.015588
0.0227102
0.0307491
0.0393043
0.0480232
0.056606
0.0648257
0.072525
0.079639
0.0861051
0.0919172
0.0970931
0.101665
0.105666
0.109122
0.11202
0.11428
0.115588
0.115588
0.112962
0.105084
0.0903046
0.074332
0.0593435
0.0461016
0.0348763
0.0253236
0.0170214
0.010576
0.00592252
0.00290531
0.00127394
0.000513626
0.000193733
6.91691e-05
2.35556e-05
7.69292e-06
2.41973e-06
7.35834e-07
2.17115e-07
6.23691e-08
1.74963e-08
4.81196e-09
1.32832e-09
3.95384e-10
1.54354e-10
4.6891e-11
1.33636e-11
3.60813e-12
9.76437e-13
2.72829e-13
7.91925e-14
2.36751e-14
7.05453e-15
2.83888e-15
9.34994e-16
2.20913e-16
5.50731e-17
1.76876e-17
4.14832e-18
1.16834e-18
3.01139e-19
7.63851e-20
1.99412e-20
4.66813e-21
1.2459e-21
2.77114e-22
7.34499e-23
1.09492e-23
3.5382e-19
2.27813e-18
8.65932e-18
3.22687e-17
1.29943e-16
5.39446e-16
2.46576e-15
1.12986e-14
5.16535e-14
2.3351e-13
1.04042e-12
4.55337e-12
1.9477e-11
8.0817e-11
3.21246e-10
9.07597e-10
3.26292e-09
1.24431e-08
4.70859e-08
1.73199e-07
6.15272e-07
2.1039e-06
6.90106e-06
2.16303e-05
6.44998e-05
0.000182017
0.000482769
0.001192
0.00270385
0.00547071
0.00975991
0.0155862
0.0227079
0.0307463
0.0393008
0.048019
0.0566011
0.0648202
0.0725189
0.0796324
0.0860976
0.0919089
0.097084
0.101655
0.105655
0.10911
0.112008
0.114266
0.115573
0.115572
0.112942
0.105057
0.0902769
0.0743065
0.0593213
0.0460827
0.034861
0.0253103
0.0170111
0.0105685
0.00591761
0.00290239
0.00127253
0.00051302
0.000193484
6.90763e-05
2.35225e-05
7.68114e-06
2.41543e-06
7.34204e-07
2.16474e-07
6.21129e-08
1.73948e-08
4.77337e-09
1.3146e-09
3.91025e-10
1.52273e-10
4.4894e-11
1.26617e-11
3.41558e-12
9.11477e-13
2.48425e-13
7.07642e-14
2.04527e-14
6.39763e-15
1.92013e-15
7.60038e-16
2.33412e-16
6.40061e-17
1.6977e-17
4.53147e-18
1.07552e-18
3.04921e-19
7.70459e-20
2.04604e-20
4.70056e-21
1.20112e-21
3.13414e-22
7.89932e-23
7.94143e-24
)
;
    }
    frontAndBack
    {
        type            empty;
    }
}


// ************************************************************************* //
