/*--------------------------------*- C++ -*----------------------------------*\
  =========                 |
  \\      /  F ield         | OpenFOAM: The Open Source CFD Toolbox
   \\    /   O peration     | Website:  https://openfoam.org
    \\  /    A nd           | Version:  11
     \\/     M anipulation  |
\*---------------------------------------------------------------------------*/
FoamFile
{
    format      ascii;
    class       volScalarField;
    location    "0.1";
    object      N2;
}
// * * * * * * * * * * * * * * * * * * * * * * * * * * * * * * * * * * * * * //

dimensions      [0 0 0 0 0 0 0];

internalField   nonuniform List<scalar> 
4000
(
2.22045e-16
4.44089e-16
9.99201e-16
8.88178e-16
1.77636e-15
5.88418e-15
2.32037e-14
1.03917e-13
4.64517e-13
2.05103e-12
8.93052e-12
3.82328e-11
1.60117e-10
6.50831e-10
2.5338e-09
7.04231e-09
2.48347e-08
9.29696e-08
3.45682e-07
1.25032e-06
4.37016e-06
1.47113e-05
4.75308e-05
0.00014682
0.000431696
0.00120191
0.00314709
0.00767656
0.0172181
0.0344913
0.0610125
0.0967414
0.140109
0.188768
0.240282
0.292548
0.343796
0.392701
0.438362
0.480427
0.518563
0.552766
0.583181
0.61004
0.633625
0.654244
0.672209
0.687821
0.700635
0.711929
0.722144
0.730741
0.73811
0.744427
0.74983
0.75442
0.758246
0.761477
0.764277
0.766447
0.768012
0.769026
0.769573
0.769828
0.769935
0.769977
0.769992
0.769997
0.769999
0.77
0.77
0.77
0.77
0.77
0.77
0.77
0.77
0.77
0.77
0.77
0.77
0.77
0.77
0.77
0.77
0.77
0.77
0.77
0.77
0.77
0.77
0.77
0.77
0.77
0.77
0.77
0.77
0.77
0.77
0.77
0
2.22045e-16
1.11022e-16
2.22045e-16
1.88738e-15
7.32747e-15
3.04201e-14
1.36335e-13
6.08957e-13
2.71139e-12
1.19412e-11
5.19614e-11
2.23102e-10
9.43726e-10
2.62387e-09
8.58609e-09
3.15449e-08
1.18088e-07
4.3485e-07
1.55204e-06
5.34589e-06
1.77136e-05
5.62723e-05
0.000170749
0.000492787
0.00134584
0.00345529
0.00826338
0.0181829
0.0356928
0.0621585
0.0975225
0.140389
0.188604
0.239736
0.291666
0.342674
0.391492
0.437267
0.479292
0.517518
0.55189
0.582503
0.609566
0.633344
0.654128
0.672213
0.687894
0.700683
0.712455
0.722577
0.731129
0.738455
0.744726
0.750076
0.754606
0.75837
0.761548
0.764305
0.766442
0.767984
0.768985
0.769543
0.769811
0.769927
0.769973
0.769991
0.769997
0.769999
0.77
0.77
0.77
0.77
0.77
0.77
0.77
0.77
0.77
0.77
0.77
0.77
0.77
0.77
0.77
0.77
0.77
0.77
0.77
0.77
0.77
0.77
0.77
0.77
0.77
0.77
0.77
0.77
0.77
0.77
0.77
0
1.11022e-16
0
1.11022e-16
1.11022e-15
7.32747e-15
3.36398e-14
1.51101e-13
6.77569e-13
3.00371e-12
1.31682e-11
5.70142e-11
2.43549e-10
1.02515e-09
2.83769e-09
9.42282e-09
3.45986e-08
1.29266e-07
4.74117e-07
1.68361e-06
5.76705e-06
1.89966e-05
5.99726e-05
0.000180796
0.000518296
0.00140586
0.00358461
0.00851388
0.018608
0.0362709
0.0628728
0.0982839
0.141018
0.188949
0.239817
0.291513
0.34233
0.391003
0.436667
0.478797
0.517069
0.55149
0.582178
0.609333
0.633212
0.654099
0.672282
0.688047
0.700872
0.712697
0.722835
0.731374
0.738671
0.744902
0.750206
0.754691
0.758413
0.761561
0.764291
0.76641
0.767954
0.768959
0.769527
0.769803
0.769923
0.769972
0.76999
0.769997
0.769999
0.77
0.77
0.77
0.77
0.77
0.77
0.77
0.77
0.77
0.77
0.77
0.77
0.77
0.77
0.77
0.77
0.77
0.77
0.77
0.77
0.77
0.77
0.77
0.77
0.77
0.77
0.77
0.77
0.77
0.77
0.77
0
2.22045e-16
6.66134e-16
9.99201e-16
2.9976e-15
8.99281e-15
3.81917e-14
1.71418e-13
7.60947e-13
3.35032e-12
1.45479e-11
6.22551e-11
2.62619e-10
1.09377e-09
3.06572e-09
1.03863e-08
3.87924e-08
1.45252e-07
5.30258e-07
1.87116e-06
6.36396e-06
2.08004e-05
6.51233e-05
0.000194608
0.000552803
0.00148534
0.00375086
0.00882331
0.0191077
0.0368983
0.0635302
0.0988737
0.141488
0.18924
0.239927
0.291483
0.342205
0.390806
0.436407
0.478485
0.516799
0.551277
0.582021
0.609228
0.633154
0.654088
0.672314
0.688114
0.700955
0.712797
0.72294
0.731471
0.738753
0.744964
0.750247
0.754711
0.758415
0.761543
0.764261
0.766374
0.767912
0.768926
0.769507
0.769792
0.769918
0.769969
0.769989
0.769996
0.769999
0.77
0.77
0.77
0.77
0.77
0.77
0.77
0.77
0.77
0.77
0.77
0.77
0.77
0.77
0.77
0.77
0.77
0.77
0.77
0.77
0.77
0.77
0.77
0.77
0.77
0.77
0.77
0.77
0.77
0.77
0.77
1.11022e-16
2.22045e-16
2.22045e-16
8.88178e-16
2.55351e-15
9.54792e-15
4.28546e-14
1.95954e-13
8.71969e-13
3.83227e-12
1.65322e-11
6.95904e-11
2.83942e-10
1.11158e-09
3.11682e-09
1.10468e-08
4.15857e-08
1.55432e-07
5.64909e-07
1.98465e-06
6.72115e-06
2.18768e-05
6.82173e-05
0.000203057
0.000574622
0.00153826
0.00387012
0.00906828
0.0195532
0.0375609
0.0643744
0.0998017
0.142377
0.190016
0.24056
0.291905
0.342428
0.390871
0.436369
0.478386
0.516653
0.551119
0.581877
0.609116
0.633083
0.654048
0.6723
0.688119
0.700967
0.712815
0.722958
0.731483
0.738757
0.744957
0.75023
0.754684
0.758378
0.761489
0.764206
0.766327
0.767868
0.768893
0.769488
0.769782
0.769913
0.769967
0.769988
0.769996
0.769999
0.77
0.77
0.77
0.77
0.77
0.77
0.77
0.77
0.77
0.77
0.77
0.77
0.77
0.77
0.77
0.77
0.77
0.77
0.77
0.77
0.77
0.77
0.77
0.77
0.77
0.77
0.77
0.77
0.77
0.77
0.77
0
0
1.11022e-16
5.55112e-16
2.22045e-15
9.99201e-15
4.55191e-14
2.08944e-13
9.44689e-13
4.2335e-12
1.87609e-11
8.21234e-11
3.54576e-10
1.02812e-09
3.19388e-09
1.1767e-08
4.46437e-08
1.66826e-07
6.04797e-07
2.11828e-06
7.14796e-06
2.31691e-05
7.19046e-05
0.000212905
0.000599049
0.00159397
0.00398542
0.00928132
0.0198982
0.0380134
0.0649015
0.100363
0.142939
0.190534
0.240947
0.29221
0.342643
0.391001
0.436424
0.478383
0.516615
0.551057
0.581803
0.609038
0.633004
0.653975
0.672233
0.688057
0.700906
0.712754
0.722895
0.731417
0.738686
0.744883
0.750152
0.754605
0.758303
0.761417
0.764139
0.766261
0.767818
0.768858
0.769468
0.769772
0.769908
0.769965
0.769987
0.769996
0.769999
0.77
0.77
0.77
0.77
0.77
0.77
0.77
0.77
0.77
0.77
0.77
0.77
0.77
0.77
0.77
0.77
0.77
0.77
0.77
0.77
0.77
0.77
0.77
0.77
0.77
0.77
0.77
0.77
0.77
0.77
0.77
3.33067e-16
2.22045e-16
0
3.33067e-16
2.33147e-15
1.0103e-14
4.64073e-14
2.10498e-13
9.48908e-13
4.23961e-12
1.87105e-11
8.14401e-11
3.48728e-10
9.98461e-10
3.31485e-09
1.23771e-08
4.70101e-08
1.75351e-07
6.33935e-07
2.21385e-06
7.44821e-06
2.40708e-05
7.44874e-05
0.000219942
0.000617201
0.00163796
0.00408423
0.00948266
0.0202594
0.0385402
0.0655615
0.101088
0.143655
0.19119
0.241514
0.292649
0.342961
0.391213
0.436548
0.478438
0.516617
0.551025
0.581748
0.608966
0.632922
0.653886
0.672139
0.687959
0.700805
0.712651
0.72279
0.731312
0.738583
0.744781
0.750054
0.754513
0.758221
0.761341
0.764072
0.766201
0.76777
0.768825
0.769449
0.769762
0.769904
0.769963
0.769987
0.769995
0.769998
0.77
0.77
0.77
0.77
0.77
0.77
0.77
0.77
0.77
0.77
0.77
0.77
0.77
0.77
0.77
0.77
0.77
0.77
0.77
0.77
0.77
0.77
0.77
0.77
0.77
0.77
0.77
0.77
0.77
0.77
0.77
0
1.11022e-16
5.55112e-16
7.77156e-16
2.77556e-15
1.05471e-14
4.65183e-14
2.0961e-13
9.40803e-13
4.17733e-12
1.83138e-11
7.92102e-11
3.38403e-10
9.7208e-10
3.3966e-09
1.28958e-08
4.91506e-08
1.83146e-07
6.60976e-07
2.30387e-06
7.73475e-06
2.49383e-05
7.69719e-05
0.000226629
0.000633991
0.00167696
0.00416712
0.00964155
0.0205291
0.0389191
0.066034
0.101619
0.144202
0.191711
0.241973
0.293028
0.343254
0.391423
0.436685
0.478512
0.516641
0.55101
0.581704
0.608902
0.632843
0.653796
0.672038
0.687847
0.700687
0.712525
0.722661
0.731184
0.738459
0.744664
0.749945
0.754412
0.758128
0.761248
0.76399
0.766138
0.767724
0.768793
0.769431
0.769753
0.7699
0.769962
0.769986
0.769995
0.769998
0.769999
0.77
0.77
0.77
0.77
0.77
0.77
0.77
0.77
0.77
0.77
0.77
0.77
0.77
0.77
0.77
0.77
0.77
0.77
0.77
0.77
0.77
0.77
0.77
0.77
0.77
0.77
0.77
0.77
0.77
0.77
0
1.11022e-16
4.44089e-16
8.88178e-16
3.10862e-15
1.11022e-14
4.77396e-14
2.14717e-13
9.56679e-13
4.21008e-12
1.82463e-11
7.75822e-11
3.21912e-10
9.36194e-10
3.46319e-09
1.33372e-08
5.10069e-08
1.89863e-07
6.84183e-07
2.38086e-06
7.97904e-06
2.56768e-05
7.90901e-05
0.000232371
0.000648624
0.00171173
0.00424321
0.00979195
0.0207907
0.0392912
0.0664948
0.102127
0.144717
0.192205
0.242392
0.293369
0.343517
0.391611
0.436805
0.478575
0.516658
0.550991
0.58166
0.608841
0.632771
0.653714
0.671948
0.687746
0.700567
0.712385
0.722512
0.731039
0.738323
0.74454
0.749833
0.754313
0.758042
0.761169
0.763922
0.766083
0.767682
0.768764
0.769414
0.769745
0.769896
0.76996
0.769985
0.769995
0.769998
0.769999
0.77
0.77
0.77
0.77
0.77
0.77
0.77
0.77
0.77
0.77
0.77
0.77
0.77
0.77
0.77
0.77
0.77
0.77
0.77
0.77
0.77
0.77
0.77
0.77
0.77
0.77
0.77
0.77
0.77
0.77
0
2.22045e-16
4.44089e-16
1.11022e-15
3.21965e-15
1.22125e-14
5.14033e-14
2.30593e-13
1.02729e-12
4.53138e-12
1.9813e-11
8.57254e-11
2.5746e-10
9.17643e-10
3.51617e-09
1.37136e-08
5.25154e-08
1.9524e-07
7.02626e-07
2.44168e-06
8.1711e-06
2.62554e-05
8.07462e-05
0.000236855
0.000660039
0.00173886
0.00430268
0.00991009
0.0209976
0.0395914
0.0668746
0.102552
0.145141
0.192589
0.242747
0.293673
0.343757
0.391785
0.436917
0.478632
0.51667
0.550972
0.581618
0.608786
0.63271
0.653654
0.671887
0.687677
0.700473
0.712211
0.722331
0.730871
0.738176
0.744412
0.749722
0.754217
0.757962
0.761096
0.76386
0.766032
0.767643
0.768738
0.769398
0.769737
0.769892
0.769959
0.769985
0.769995
0.769998
0.769999
0.77
0.77
0.77
0.77
0.77
0.77
0.77
0.77
0.77
0.77
0.77
0.77
0.77
0.77
0.77
0.77
0.77
0.77
0.77
0.77
0.77
0.77
0.77
0.77
0.77
0.77
0.77
0.77
0.77
0.77
1.11022e-16
2.22045e-16
3.33067e-16
7.77156e-16
2.77556e-15
1.11022e-14
4.95159e-14
2.26708e-13
1.0062e-12
4.4007e-12
1.9587e-11
6.27288e-11
2.31775e-10
9.09653e-10
3.58985e-09
1.40801e-08
5.38966e-08
2.00187e-07
7.19809e-07
2.49911e-06
8.35468e-06
2.68141e-05
8.23575e-05
0.000241234
0.00067118
0.00176518
0.00435981
0.0100223
0.0211835
0.0398557
0.0672037
0.102917
0.145505
0.192911
0.24305
0.29393
0.343957
0.391926
0.437003
0.478671
0.516669
0.550939
0.581564
0.60872
0.632645
0.653601
0.671866
0.687712
0.700606
0.711788
0.722061
0.730683
0.738031
0.744294
0.749623
0.754131
0.757889
0.761031
0.763804
0.765986
0.767608
0.768714
0.769384
0.769729
0.769889
0.769957
0.769984
0.769994
0.769998
0.769999
0.77
0.77
0.77
0.77
0.77
0.77
0.77
0.77
0.77
0.77
0.77
0.77
0.77
0.77
0.77
0.77
0.77
0.77
0.77
0.77
0.77
0.77
0.77
0.77
0.77
0.77
0.77
0.77
0.77
0.77
0
0
5.55112e-16
1.11022e-15
2.22045e-15
8.21565e-15
3.53051e-14
1.54654e-13
6.80567e-13
2.96185e-12
1.27124e-11
5.35729e-11
2.23918e-10
9.08591e-10
3.65757e-09
1.43723e-08
5.49512e-08
2.03921e-07
7.32601e-07
2.54121e-06
8.4873e-06
2.72125e-05
8.34955e-05
0.000244314
0.000679052
0.00178404
0.00440171
0.0101071
0.0213282
0.0400696
0.0674801
0.103237
0.145849
0.193262
0.243343
0.294163
0.344131
0.392044
0.43707
0.478692
0.516654
0.550896
0.581498
0.608638
0.632553
0.653505
0.671769
0.687617
0.70051
0.71166
0.721934
0.730567
0.737928
0.744202
0.74954
0.754058
0.757825
0.760974
0.763756
0.765945
0.767576
0.768692
0.769371
0.769723
0.769886
0.769956
0.769984
0.769994
0.769998
0.769999
0.77
0.77
0.77
0.77
0.77
0.77
0.77
0.77
0.77
0.77
0.77
0.77
0.77
0.77
0.77
0.77
0.77
0.77
0.77
0.77
0.77
0.77
0.77
0.77
0.77
0.77
0.77
0.77
0.77
0.77
2.22045e-16
0
1.11022e-16
2.22045e-16
1.33227e-15
6.77236e-15
3.17524e-14
1.44329e-13
6.46705e-13
2.85627e-12
1.24311e-11
5.32484e-11
2.24046e-10
9.23717e-10
3.72194e-09
1.46232e-08
5.58931e-08
2.0733e-07
7.44489e-07
2.58101e-06
8.61476e-06
2.76014e-05
8.46207e-05
0.000247384
0.000686894
0.00180263
0.00444213
0.0101863
0.0214575
0.0402523
0.0677069
0.103489
0.146105
0.193503
0.243555
0.294336
0.344262
0.392132
0.437116
0.478701
0.516632
0.550847
0.581428
0.608554
0.632457
0.653401
0.671661
0.687506
0.700422
0.71157
0.721843
0.730479
0.737845
0.744125
0.749469
0.753993
0.757768
0.760922
0.763711
0.765908
0.767548
0.768673
0.76936
0.769717
0.769884
0.769955
0.769983
0.769994
0.769998
0.769999
0.77
0.77
0.77
0.77
0.77
0.77
0.77
0.77
0.77
0.77
0.77
0.77
0.77
0.77
0.77
0.77
0.77
0.77
0.77
0.77
0.77
0.77
0.77
0.77
0.77
0.77
0.77
0.77
0.77
0.77
1.11022e-16
2.22045e-16
4.44089e-16
6.66134e-16
1.88738e-15
7.21645e-15
3.23075e-14
1.45661e-13
6.52367e-13
2.88725e-12
1.25896e-11
5.39901e-11
2.27227e-10
9.36584e-10
3.77258e-09
1.4817e-08
5.66112e-08
2.09899e-07
7.53333e-07
2.61022e-06
8.70697e-06
2.78789e-05
8.5414e-05
0.00024953
0.000692361
0.00181566
0.00447088
0.0102441
0.0215552
0.0403953
0.0678891
0.103696
0.146318
0.193702
0.243729
0.294477
0.344366
0.392199
0.437148
0.478703
0.516606
0.550798
0.581362
0.608474
0.632367
0.653305
0.671562
0.687405
0.700343
0.711492
0.721766
0.730405
0.737774
0.744058
0.749407
0.753937
0.757719
0.760876
0.763671
0.765877
0.767524
0.768657
0.76935
0.769712
0.769881
0.769954
0.769983
0.769994
0.769998
0.769999
0.77
0.77
0.77
0.77
0.77
0.77
0.77
0.77
0.77
0.77
0.77
0.77
0.77
0.77
0.77
0.77
0.77
0.77
0.77
0.77
0.77
0.77
0.77
0.77
0.77
0.77
0.77
0.77
0.77
0.77
0
4.44089e-16
5.55112e-16
7.77156e-16
1.44329e-15
7.10543e-15
3.23075e-14
1.47327e-13
6.59806e-13
2.92144e-12
1.27374e-11
5.462e-11
2.29859e-10
9.47318e-10
3.81521e-09
1.49815e-08
5.7226e-08
2.12119e-07
7.61053e-07
2.63599e-06
8.78932e-06
2.81296e-05
8.6138e-05
0.000251503
0.000697403
0.00182763
0.00449697
0.0102954
0.0216393
0.0405144
0.0680365
0.103859
0.146483
0.193856
0.243863
0.294585
0.344444
0.392246
0.437168
0.478696
0.516577
0.550751
0.5813
0.608401
0.632287
0.65322
0.671474
0.687317
0.700275
0.711424
0.721699
0.73034
0.737713
0.744001
0.749354
0.753889
0.757676
0.760837
0.763638
0.76585
0.767504
0.768642
0.769341
0.769708
0.769879
0.769953
0.769983
0.769994
0.769998
0.769999
0.77
0.77
0.77
0.77
0.77
0.77
0.77
0.77
0.77
0.77
0.77
0.77
0.77
0.77
0.77
0.77
0.77
0.77
0.77
0.77
0.77
0.77
0.77
0.77
0.77
0.77
0.77
0.77
0.77
0.77
0
2.22045e-16
0
5.55112e-16
1.77636e-15
7.54952e-15
3.26406e-14
1.48326e-13
6.6569e-13
2.94775e-12
1.28527e-11
5.51099e-11
2.31896e-10
9.55596e-10
3.84796e-09
1.51072e-08
5.76934e-08
2.13797e-07
7.66847e-07
2.65519e-06
8.85016e-06
2.83133e-05
8.66646e-05
0.00025293
0.000701035
0.00183626
0.00451589
0.010333
0.0217021
0.0406049
0.0681498
0.103983
0.146606
0.193975
0.243967
0.294668
0.344503
0.392281
0.437178
0.478686
0.51655
0.550709
0.581246
0.608338
0.632218
0.653147
0.671398
0.687241
0.700215
0.711366
0.721643
0.730286
0.737661
0.743952
0.749309
0.753849
0.757641
0.760805
0.76361
0.765826
0.767486
0.76863
0.769334
0.769705
0.769878
0.769952
0.769982
0.769994
0.769998
0.769999
0.77
0.77
0.77
0.77
0.77
0.77
0.77
0.77
0.77
0.77
0.77
0.77
0.77
0.77
0.77
0.77
0.77
0.77
0.77
0.77
0.77
0.77
0.77
0.77
0.77
0.77
0.77
0.77
0.77
0.77
0
2.22045e-16
4.44089e-16
7.77156e-16
1.55431e-15
7.32747e-15
3.27516e-14
1.49658e-13
6.70464e-13
2.9684e-12
1.29415e-11
5.54884e-11
2.33474e-10
9.62024e-10
3.87344e-09
1.52054e-08
5.80595e-08
2.15115e-07
7.7142e-07
2.67042e-06
8.89867e-06
2.84606e-05
8.70889e-05
0.000254084
0.000703982
0.00184327
0.00453122
0.0103633
0.0217524
0.0406773
0.0682412
0.104086
0.146709
0.194072
0.244049
0.294732
0.344547
0.392305
0.437184
0.478676
0.516525
0.550672
0.581201
0.608286
0.632161
0.653088
0.671338
0.68718
0.700168
0.71132
0.721597
0.730242
0.73762
0.743914
0.749274
0.753816
0.757612
0.76078
0.763587
0.765807
0.767472
0.768621
0.769328
0.769702
0.769877
0.769952
0.769982
0.769994
0.769998
0.769999
0.77
0.77
0.77
0.77
0.77
0.77
0.77
0.77
0.77
0.77
0.77
0.77
0.77
0.77
0.77
0.77
0.77
0.77
0.77
0.77
0.77
0.77
0.77
0.77
0.77
0.77
0.77
0.77
0.77
0.77
0
2.22045e-16
2.22045e-16
2.22045e-16
1.11022e-15
6.66134e-15
3.24185e-14
1.50435e-13
6.73794e-13
2.98284e-12
1.30052e-11
5.57593e-11
2.34606e-10
9.6663e-10
3.89169e-09
1.52756e-08
5.83208e-08
2.16055e-07
7.74674e-07
2.68123e-06
8.93302e-06
2.85646e-05
8.73877e-05
0.000254895
0.000706051
0.00184818
0.00454198
0.0103847
0.0217879
0.0407282
0.0683052
0.104158
0.146785
0.194139
0.244106
0.294775
0.344576
0.39232
0.437186
0.478666
0.516505
0.550644
0.581165
0.608246
0.632118
0.653042
0.671291
0.687134
0.700132
0.711284
0.721562
0.730209
0.737589
0.743885
0.749247
0.753792
0.757591
0.76076
0.76357
0.765793
0.767461
0.768613
0.769324
0.7697
0.769876
0.769951
0.769982
0.769994
0.769998
0.769999
0.77
0.77
0.77
0.77
0.77
0.77
0.77
0.77
0.77
0.77
0.77
0.77
0.77
0.77
0.77
0.77
0.77
0.77
0.77
0.77
0.77
0.77
0.77
0.77
0.77
0.77
0.77
0.77
0.77
0.77
0
0
4.44089e-16
6.66134e-16
1.88738e-15
7.54952e-15
3.33067e-14
1.50657e-13
6.76348e-13
2.99183e-12
1.30453e-11
5.59295e-11
2.35314e-10
9.69509e-10
3.90309e-09
1.53194e-08
5.84842e-08
2.16643e-07
7.7671e-07
2.688e-06
8.95454e-06
2.86298e-05
8.75753e-05
0.000255405
0.000707351
0.00185127
0.00454873
0.010398
0.02181
0.0407599
0.0683447
0.104202
0.146829
0.19418
0.24414
0.294801
0.344593
0.392328
0.437185
0.478658
0.51649
0.550624
0.581141
0.608218
0.632088
0.653011
0.67126
0.687102
0.700108
0.711261
0.721539
0.730188
0.737569
0.743866
0.74923
0.753777
0.757578
0.760747
0.763559
0.765784
0.767454
0.768609
0.769321
0.769698
0.769875
0.769951
0.769982
0.769994
0.769998
0.769999
0.77
0.77
0.77
0.77
0.77
0.77
0.77
0.77
0.77
0.77
0.77
0.77
0.77
0.77
0.77
0.77
0.77
0.77
0.77
0.77
0.77
0.77
0.77
0.77
0.77
0.77
0.77
0.77
0.77
0.77
0
0
1.11022e-16
2.22045e-16
8.88178e-16
6.88338e-15
3.29736e-14
1.51434e-13
6.77569e-13
2.9966e-12
1.30631e-11
5.60049e-11
2.35627e-10
9.7078e-10
3.90812e-09
1.53387e-08
5.8556e-08
2.16901e-07
7.77603e-07
2.69097e-06
8.96397e-06
2.86583e-05
8.76573e-05
0.000255627
0.000707919
0.00185262
0.00455169
0.0104039
0.0218198
0.040774
0.0683625
0.104222
0.146849
0.194198
0.244156
0.294813
0.344601
0.392332
0.437186
0.478654
0.516483
0.550614
0.58113
0.608206
0.632074
0.652997
0.671245
0.687088
0.700096
0.71125
0.721529
0.730178
0.737559
0.743858
0.749222
0.75377
0.757571
0.760741
0.763554
0.76578
0.767451
0.768606
0.76932
0.769698
0.769875
0.769951
0.769982
0.769994
0.769998
0.769999
0.77
0.77
0.77
0.77
0.77
0.77
0.77
0.77
0.77
0.77
0.77
0.77
0.77
0.77
0.77
0.77
0.77
0.77
0.77
0.77
0.77
0.77
0.77
0.77
0.77
0.77
0.77
0.77
0.77
0.77
2.22045e-16
2.22045e-16
3.33067e-16
8.88178e-16
2.10942e-15
8.10463e-15
3.36398e-14
1.51434e-13
6.77458e-13
2.9966e-12
1.30627e-11
5.60024e-11
2.35617e-10
9.70741e-10
3.90797e-09
1.53381e-08
5.85539e-08
2.16893e-07
7.77578e-07
2.69089e-06
8.96372e-06
2.86576e-05
8.76554e-05
0.000255622
0.000707907
0.0018526
0.00455164
0.0104038
0.0218196
0.0407738
0.0683623
0.104222
0.146849
0.194198
0.244156
0.294814
0.344601
0.392333
0.437186
0.478655
0.516484
0.550615
0.581131
0.608207
0.632075
0.652998
0.671246
0.687089
0.700097
0.711251
0.72153
0.730178
0.73756
0.743858
0.749223
0.75377
0.757572
0.760741
0.763554
0.76578
0.767451
0.768606
0.76932
0.769698
0.769875
0.769951
0.769982
0.769994
0.769998
0.769999
0.77
0.77
0.77
0.77
0.77
0.77
0.77
0.77
0.77
0.77
0.77
0.77
0.77
0.77
0.77
0.77
0.77
0.77
0.77
0.77
0.77
0.77
0.77
0.77
0.77
0.77
0.77
0.77
0.77
0.77
0
2.22045e-16
3.33067e-16
7.77156e-16
1.66533e-15
7.10543e-15
3.31957e-14
1.50768e-13
6.76237e-13
2.99205e-12
1.3044e-11
5.59229e-11
2.35285e-10
9.69389e-10
3.90261e-09
1.53176e-08
5.84773e-08
2.16618e-07
7.76626e-07
2.68773e-06
8.95369e-06
2.86273e-05
8.75683e-05
0.000255387
0.000707307
0.00185118
0.00454854
0.0103977
0.0218095
0.0407592
0.068344
0.104202
0.146828
0.19418
0.244141
0.294802
0.344594
0.39233
0.437188
0.478661
0.516493
0.550627
0.581144
0.608222
0.632091
0.653015
0.671263
0.687106
0.700111
0.711264
0.721542
0.73019
0.737571
0.743868
0.749232
0.753778
0.757578
0.760747
0.763559
0.765784
0.767454
0.768609
0.769321
0.769698
0.769875
0.769951
0.769982
0.769994
0.769998
0.769999
0.77
0.77
0.77
0.77
0.77
0.77
0.77
0.77
0.77
0.77
0.77
0.77
0.77
0.77
0.77
0.77
0.77
0.77
0.77
0.77
0.77
0.77
0.77
0.77
0.77
0.77
0.77
0.77
0.77
0.77
0
0
5.55112e-16
5.55112e-16
1.33227e-15
7.10543e-15
3.23075e-14
1.49991e-13
6.73683e-13
2.98261e-12
1.30025e-11
5.57477e-11
2.34555e-10
9.66419e-10
3.89085e-09
1.52723e-08
5.83088e-08
2.16012e-07
7.74528e-07
2.68075e-06
8.93153e-06
2.85602e-05
8.73756e-05
0.000254864
0.000705975
0.00184802
0.00454164
0.0103841
0.0217869
0.040727
0.0683038
0.104157
0.146784
0.194139
0.244107
0.294777
0.344578
0.392323
0.43719
0.47867
0.51651
0.550649
0.581171
0.608252
0.632123
0.653048
0.671297
0.687139
0.700137
0.711289
0.721567
0.730214
0.737593
0.743888
0.74925
0.753794
0.757592
0.76076
0.76357
0.765794
0.767461
0.768613
0.769324
0.7697
0.769876
0.769951
0.769982
0.769994
0.769998
0.769999
0.77
0.77
0.77
0.77
0.77
0.77
0.77
0.77
0.77
0.77
0.77
0.77
0.77
0.77
0.77
0.77
0.77
0.77
0.77
0.77
0.77
0.77
0.77
0.77
0.77
0.77
0.77
0.77
0.77
0.77
0
0
1.11022e-16
1.11022e-16
1.55431e-15
7.10543e-15
3.29736e-14
1.49658e-13
6.70797e-13
2.96752e-12
1.29371e-11
5.54714e-11
2.33403e-10
9.61731e-10
3.87228e-09
1.52009e-08
5.80429e-08
2.15056e-07
7.71219e-07
2.66976e-06
8.89663e-06
2.84546e-05
8.70722e-05
0.000254041
0.000703878
0.00184304
0.00453075
0.0103625
0.0217511
0.0406756
0.0682391
0.104084
0.146708
0.194071
0.24405
0.294734
0.34455
0.392309
0.437189
0.478682
0.516532
0.55068
0.581209
0.608294
0.632169
0.653096
0.671346
0.687188
0.700176
0.711327
0.721604
0.730248
0.737625
0.743918
0.749277
0.753818
0.757614
0.760781
0.763588
0.765808
0.767472
0.768621
0.769328
0.769702
0.769877
0.769952
0.769982
0.769994
0.769998
0.769999
0.77
0.77
0.77
0.77
0.77
0.77
0.77
0.77
0.77
0.77
0.77
0.77
0.77
0.77
0.77
0.77
0.77
0.77
0.77
0.77
0.77
0.77
0.77
0.77
0.77
0.77
0.77
0.77
0.77
0.77
0
0
2.22045e-16
2.22045e-16
1.44329e-15
7.10543e-15
3.27516e-14
1.49325e-13
6.66245e-13
2.94698e-12
1.28486e-11
5.50886e-11
2.31805e-10
9.55223e-10
3.84647e-09
1.51015e-08
5.76723e-08
2.13721e-07
7.66589e-07
2.65435e-06
8.84754e-06
2.83056e-05
8.66432e-05
0.000252874
0.000700902
0.00183597
0.00451531
0.010332
0.0217006
0.040603
0.0681479
0.103983
0.146607
0.193976
0.243969
0.294671
0.344507
0.392287
0.437185
0.478695
0.516559
0.550718
0.581256
0.608348
0.632228
0.653158
0.671409
0.687252
0.700226
0.711376
0.721652
0.730294
0.737668
0.743958
0.749314
0.753852
0.757643
0.760807
0.76361
0.765827
0.767487
0.76863
0.769334
0.769704
0.769878
0.769952
0.769982
0.769994
0.769998
0.769999
0.77
0.77
0.77
0.77
0.77
0.77
0.77
0.77
0.77
0.77
0.77
0.77
0.77
0.77
0.77
0.77
0.77
0.77
0.77
0.77
0.77
0.77
0.77
0.77
0.77
0.77
0.77
0.77
0.77
0.77
1.11022e-16
1.11022e-16
3.33067e-16
3.33067e-16
1.55431e-15
6.88338e-15
3.26406e-14
1.4766e-13
6.59806e-13
2.91989e-12
1.27319e-11
5.45943e-11
2.29748e-10
9.46863e-10
3.81341e-09
1.49746e-08
5.72002e-08
2.12027e-07
7.60738e-07
2.63496e-06
8.78611e-06
2.81201e-05
8.61117e-05
0.000251435
0.000697239
0.00182727
0.00449625
0.0102941
0.0216374
0.0405121
0.0680342
0.103857
0.146482
0.193857
0.243865
0.294589
0.344449
0.392254
0.437176
0.478706
0.516588
0.550763
0.581312
0.608413
0.6323
0.653233
0.671487
0.687329
0.700287
0.711436
0.72171
0.73035
0.737721
0.744007
0.749359
0.753893
0.757679
0.760839
0.763639
0.765851
0.767504
0.768642
0.769341
0.769708
0.769879
0.769953
0.769983
0.769994
0.769998
0.769999
0.77
0.77
0.77
0.77
0.77
0.77
0.77
0.77
0.77
0.77
0.77
0.77
0.77
0.77
0.77
0.77
0.77
0.77
0.77
0.77
0.77
0.77
0.77
0.77
0.77
0.77
0.77
0.77
0.77
0.77
0
1.11022e-16
2.22045e-16
6.66134e-16
1.33227e-15
6.77236e-15
3.18634e-14
1.45661e-13
6.52145e-13
2.8858e-12
1.25835e-11
5.39604e-11
2.27098e-10
9.36052e-10
3.77046e-09
1.48089e-08
5.6581e-08
2.09791e-07
7.52963e-07
2.609e-06
8.70318e-06
2.78677e-05
8.53826e-05
0.000249448
0.000692161
0.00181522
0.00446997
0.0102424
0.0215527
0.040392
0.0678854
0.103692
0.146315
0.193702
0.243731
0.294481
0.344372
0.392207
0.437158
0.478715
0.516619
0.550812
0.581376
0.608488
0.632382
0.653321
0.671577
0.68742
0.700358
0.711506
0.721779
0.730416
0.737783
0.744066
0.749413
0.753942
0.757722
0.760879
0.763673
0.765877
0.767525
0.768657
0.76935
0.769712
0.769881
0.769954
0.769983
0.769994
0.769998
0.769999
0.77
0.77
0.77
0.77
0.77
0.77
0.77
0.77
0.77
0.77
0.77
0.77
0.77
0.77
0.77
0.77
0.77
0.77
0.77
0.77
0.77
0.77
0.77
0.77
0.77
0.77
0.77
0.77
0.77
0.77
1.11022e-16
3.33067e-16
0
5.55112e-16
1.66533e-15
6.88338e-15
3.25295e-14
1.45217e-13
6.47149e-13
2.85527e-12
1.24235e-11
5.32148e-11
2.23897e-10
9.23125e-10
3.71955e-09
1.46139e-08
5.58584e-08
2.07206e-07
7.44064e-07
2.57962e-06
8.6104e-06
2.75884e-05
8.45844e-05
0.000247289
0.000686661
0.00180211
0.00444105
0.0101844
0.0214543
0.040248
0.0677017
0.103484
0.146101
0.193501
0.243556
0.29434
0.344268
0.39214
0.437127
0.478715
0.516646
0.550862
0.581444
0.60857
0.632474
0.653419
0.671678
0.687523
0.700438
0.711586
0.721858
0.730492
0.737856
0.744133
0.749476
0.753999
0.757772
0.760924
0.763712
0.765909
0.767549
0.768673
0.76936
0.769717
0.769884
0.769955
0.769983
0.769994
0.769998
0.769999
0.77
0.77
0.77
0.77
0.77
0.77
0.77
0.77
0.77
0.77
0.77
0.77
0.77
0.77
0.77
0.77
0.77
0.77
0.77
0.77
0.77
0.77
0.77
0.77
0.77
0.77
0.77
0.77
0.77
0.77
1.11022e-16
0
2.22045e-16
3.33067e-16
1.66533e-15
7.43849e-15
3.45279e-14
1.54876e-13
6.83342e-13
2.97518e-12
1.26907e-11
5.35538e-11
2.23346e-10
9.08215e-10
3.65387e-09
1.43614e-08
5.49128e-08
2.03783e-07
7.32124e-07
2.53965e-06
8.4824e-06
2.71979e-05
8.34546e-05
0.000244207
0.000678788
0.00178344
0.00440048
0.0101049
0.0213245
0.0400645
0.0674741
0.103231
0.145844
0.193259
0.243343
0.294166
0.344138
0.392054
0.437082
0.478707
0.51667
0.550913
0.581516
0.608657
0.632572
0.653524
0.671788
0.687636
0.700528
0.711678
0.72195
0.730581
0.73794
0.744211
0.749547
0.754064
0.757829
0.760976
0.763757
0.765946
0.767577
0.768692
0.769371
0.769723
0.769886
0.769956
0.769984
0.769994
0.769998
0.769999
0.77
0.77
0.77
0.77
0.77
0.77
0.77
0.77
0.77
0.77
0.77
0.77
0.77
0.77
0.77
0.77
0.77
0.77
0.77
0.77
0.77
0.77
0.77
0.77
0.77
0.77
0.77
0.77
0.77
0.77
3.33067e-16
1.11022e-16
2.22045e-16
9.99201e-16
2.9976e-15
1.12133e-14
5.11813e-14
2.37921e-13
1.10212e-12
5.19695e-12
1.80715e-11
6.24744e-11
2.30767e-10
9.10258e-10
3.58218e-09
1.40718e-08
5.38547e-08
2.00035e-07
7.19286e-07
2.49739e-06
8.34928e-06
2.67981e-05
8.23124e-05
0.000241115
0.000670888
0.00176452
0.00435844
0.0100198
0.0211794
0.03985
0.067197
0.10291
0.1455
0.192908
0.243049
0.293932
0.343963
0.391936
0.437016
0.478686
0.516687
0.550958
0.581584
0.608741
0.632665
0.653622
0.671888
0.687735
0.700628
0.711807
0.722077
0.730696
0.738044
0.744305
0.749631
0.754138
0.757894
0.761035
0.763807
0.765987
0.767608
0.768714
0.769384
0.769729
0.769889
0.769957
0.769984
0.769994
0.769998
0.769999
0.77
0.77
0.77
0.77
0.77
0.77
0.77
0.77
0.77
0.77
0.77
0.77
0.77
0.77
0.77
0.77
0.77
0.77
0.77
0.77
0.77
0.77
0.77
0.77
0.77
0.77
0.77
0.77
0.77
0.77
0
2.22045e-16
5.55112e-16
2.22045e-16
2.22045e-15
1.13243e-14
5.08482e-14
2.33258e-13
1.04394e-12
4.59632e-12
1.97657e-11
8.56138e-11
2.57812e-10
9.11235e-10
3.51893e-09
1.36966e-08
5.24687e-08
1.95078e-07
7.02061e-07
2.43982e-06
8.16526e-06
2.6238e-05
8.06973e-05
0.000236726
0.000659721
0.00173813
0.00430118
0.00990732
0.0209931
0.0395852
0.0668676
0.102545
0.145137
0.192588
0.242748
0.293677
0.343765
0.391796
0.436931
0.478649
0.51669
0.550992
0.58164
0.608809
0.632736
0.653681
0.671915
0.687703
0.700496
0.71223
0.722346
0.730885
0.738188
0.744422
0.749731
0.754224
0.757966
0.761099
0.763862
0.766033
0.767643
0.768738
0.769398
0.769737
0.769892
0.769958
0.769985
0.769995
0.769998
0.769999
0.77
0.77
0.77
0.77
0.77
0.77
0.77
0.77
0.77
0.77
0.77
0.77
0.77
0.77
0.77
0.77
0.77
0.77
0.77
0.77
0.77
0.77
0.77
0.77
0.77
0.77
0.77
0.77
0.77
0.77
1.11022e-16
1.11022e-16
2.22045e-16
6.66134e-16
2.66454e-15
1.08802e-14
4.76286e-14
2.14828e-13
9.55902e-13
4.20419e-12
1.82266e-11
7.7458e-11
3.2152e-10
9.38443e-10
3.45232e-09
1.33275e-08
5.09606e-08
1.89685e-07
6.83578e-07
2.37888e-06
7.97282e-06
2.56582e-05
7.9038e-05
0.000232234
0.000648285
0.00171096
0.00424162
0.009789
0.0207859
0.0392846
0.0664871
0.102119
0.14471
0.192199
0.242393
0.293374
0.343525
0.391623
0.436821
0.478594
0.516679
0.551015
0.581685
0.608868
0.632799
0.653744
0.671978
0.687773
0.700589
0.712406
0.722534
0.731058
0.738338
0.744552
0.749842
0.75432
0.758048
0.761173
0.763925
0.766084
0.767682
0.768764
0.769414
0.769744
0.769896
0.76996
0.769985
0.769995
0.769998
0.769999
0.77
0.77
0.77
0.77
0.77
0.77
0.77
0.77
0.77
0.77
0.77
0.77
0.77
0.77
0.77
0.77
0.77
0.77
0.77
0.77
0.77
0.77
0.77
0.77
0.77
0.77
0.77
0.77
0.77
0.77
0
0
0
4.44089e-16
2.10942e-15
1.02141e-14
4.64073e-14
2.09943e-13
9.42357e-13
4.18321e-12
1.83408e-11
7.93602e-11
3.39005e-10
9.7219e-10
3.39675e-09
1.2881e-08
4.90954e-08
1.82959e-07
6.6034e-07
2.30178e-06
7.72819e-06
2.49188e-05
7.69171e-05
0.000226484
0.000633636
0.00167615
0.00416545
0.00963846
0.0205241
0.0389123
0.066026
0.101611
0.144195
0.191707
0.241974
0.293033
0.343264
0.391437
0.436702
0.478532
0.516664
0.551035
0.58173
0.60893
0.632872
0.653825
0.672067
0.687875
0.700713
0.71255
0.722686
0.731206
0.738477
0.744678
0.749955
0.754419
0.758134
0.761252
0.763992
0.766139
0.767724
0.768793
0.769431
0.769753
0.7699
0.769962
0.769986
0.769995
0.769998
0.769999
0.77
0.77
0.77
0.77
0.77
0.77
0.77
0.77
0.77
0.77
0.77
0.77
0.77
0.77
0.77
0.77
0.77
0.77
0.77
0.77
0.77
0.77
0.77
0.77
0.77
0.77
0.77
0.77
0.77
0.77
2.22045e-16
3.33067e-16
0
4.44089e-16
2.55351e-15
1.04361e-14
4.64073e-14
2.10831e-13
9.50573e-13
4.24216e-12
1.87238e-11
8.14848e-11
3.48867e-10
9.98301e-10
3.31219e-09
1.23624e-08
4.69554e-08
1.75157e-07
6.33269e-07
2.21166e-06
7.44133e-06
2.40503e-05
7.44298e-05
0.00021979
0.000616826
0.00163711
0.00408247
0.0094794
0.0202541
0.038533
0.0655531
0.101079
0.143648
0.191186
0.241515
0.292654
0.342971
0.391228
0.436567
0.478461
0.516642
0.551051
0.581775
0.608995
0.632951
0.653915
0.672168
0.687986
0.700833
0.712679
0.722818
0.731337
0.738603
0.744797
0.750066
0.754522
0.758227
0.761345
0.764075
0.766203
0.767771
0.768825
0.769449
0.769762
0.769904
0.769963
0.769987
0.769995
0.769998
0.77
0.77
0.77
0.77
0.77
0.77
0.77
0.77
0.77
0.77
0.77
0.77
0.77
0.77
0.77
0.77
0.77
0.77
0.77
0.77
0.77
0.77
0.77
0.77
0.77
0.77
0.77
0.77
0.77
0.77
0.77
0
0
1.11022e-16
1.11022e-16
1.77636e-15
9.76996e-15
4.58522e-14
2.09388e-13
9.45244e-13
4.2325e-12
1.87536e-11
8.20852e-11
3.54408e-10
1.02754e-09
3.19006e-09
1.17521e-08
4.45885e-08
1.66626e-07
6.04108e-07
2.11601e-06
7.1408e-06
2.31477e-05
7.18442e-05
0.000212746
0.000598654
0.00159307
0.00398356
0.00927786
0.0198926
0.0380057
0.0648925
0.100354
0.142932
0.190532
0.24095
0.292216
0.342654
0.391017
0.436445
0.478407
0.51664
0.551084
0.581833
0.609068
0.633035
0.654006
0.672264
0.688088
0.700937
0.712785
0.722925
0.731444
0.738708
0.744899
0.750164
0.754614
0.758309
0.761422
0.764142
0.766263
0.767818
0.768858
0.769468
0.769772
0.769908
0.769965
0.769987
0.769996
0.769999
0.77
0.77
0.77
0.77
0.77
0.77
0.77
0.77
0.77
0.77
0.77
0.77
0.77
0.77
0.77
0.77
0.77
0.77
0.77
0.77
0.77
0.77
0.77
0.77
0.77
0.77
0.77
0.77
0.77
0.77
0.77
2.22045e-16
0
1.11022e-16
2.22045e-16
2.55351e-15
9.54792e-15
4.29656e-14
1.94622e-13
8.70526e-13
3.82849e-12
1.65162e-11
6.95205e-11
2.83632e-10
1.11022e-09
3.11273e-09
1.10317e-08
4.15295e-08
1.55229e-07
5.64205e-07
1.98231e-06
6.71377e-06
2.18546e-05
6.81544e-05
0.00020289
0.000574205
0.00153731
0.00386812
0.00906453
0.0195471
0.0375524
0.0643644
0.0997918
0.142369
0.190011
0.240558
0.291911
0.342439
0.390888
0.436391
0.47841
0.516679
0.551149
0.581908
0.609149
0.633116
0.654082
0.672333
0.688152
0.700999
0.712846
0.722988
0.73151
0.738779
0.744975
0.750244
0.754694
0.758385
0.761494
0.764208
0.766328
0.767869
0.768893
0.769488
0.769782
0.769913
0.769967
0.769988
0.769996
0.769999
0.77
0.77
0.77
0.77
0.77
0.77
0.77
0.77
0.77
0.77
0.77
0.77
0.77
0.77
0.77
0.77
0.77
0.77
0.77
0.77
0.77
0.77
0.77
0.77
0.77
0.77
0.77
0.77
0.77
0.77
0.77
1.11022e-16
0
0
6.66134e-16
2.10942e-15
8.43769e-15
3.84137e-14
1.70863e-13
7.6017e-13
3.34632e-12
1.45288e-11
6.21724e-11
2.6226e-10
1.09225e-09
3.06133e-09
1.03713e-08
3.87365e-08
1.45049e-07
5.2955e-07
1.8688e-06
6.35647e-06
2.07778e-05
6.50587e-05
0.000194435
0.00055237
0.00148434
0.00374874
0.00881931
0.0191011
0.036889
0.0635192
0.0988628
0.141479
0.189236
0.239926
0.291488
0.342215
0.390822
0.436426
0.478509
0.516828
0.551308
0.582053
0.609261
0.633188
0.654122
0.672349
0.688149
0.70099
0.712831
0.722973
0.7315
0.738777
0.744982
0.750261
0.754722
0.758422
0.761548
0.764264
0.766376
0.767913
0.768926
0.769507
0.769791
0.769917
0.769969
0.769989
0.769996
0.769999
0.77
0.77
0.77
0.77
0.77
0.77
0.77
0.77
0.77
0.77
0.77
0.77
0.77
0.77
0.77
0.77
0.77
0.77
0.77
0.77
0.77
0.77
0.77
0.77
0.77
0.77
0.77
0.77
0.77
0.77
0.77
1.11022e-16
5.55112e-16
6.66134e-16
8.88178e-16
1.77636e-15
7.43849e-15
3.33067e-14
1.50768e-13
6.76792e-13
2.99971e-12
1.31477e-11
5.69239e-11
2.43166e-10
1.02356e-09
2.83346e-09
9.40773e-09
3.45438e-08
1.29069e-07
4.73423e-07
1.68129e-06
5.75959e-06
1.89738e-05
5.9907e-05
0.000180619
0.000517847
0.00140481
0.00358236
0.00850957
0.0186008
0.0362607
0.0628606
0.0982718
0.141008
0.188943
0.239814
0.291517
0.34234
0.391018
0.436687
0.478823
0.517095
0.55152
0.58221
0.609367
0.633248
0.654135
0.672319
0.688085
0.700909
0.712734
0.722871
0.731406
0.738697
0.744922
0.750221
0.754701
0.75842
0.761567
0.764295
0.766412
0.767955
0.768959
0.769527
0.769802
0.769923
0.769972
0.76999
0.769997
0.769999
0.77
0.77
0.77
0.77
0.77
0.77
0.77
0.77
0.77
0.77
0.77
0.77
0.77
0.77
0.77
0.77
0.77
0.77
0.77
0.77
0.77
0.77
0.77
0.77
0.77
0.77
0.77
0.77
0.77
0.77
0.77
0
6.66134e-16
1.11022e-16
3.33067e-16
1.44329e-15
6.88338e-15
2.9754e-14
1.34892e-13
6.07403e-13
2.70661e-12
1.19205e-11
5.18737e-11
2.22731e-10
9.42192e-10
2.61974e-09
8.5717e-09
3.14928e-08
1.179e-07
4.34187e-07
1.5498e-06
5.33867e-06
1.76915e-05
5.62079e-05
0.000170573
0.000492338
0.00134478
0.003453
0.00825894
0.0181754
0.0356819
0.0621454
0.0975092
0.140378
0.188597
0.239735
0.291669
0.342683
0.391507
0.437288
0.479314
0.517547
0.551923
0.582539
0.609603
0.633382
0.654168
0.672255
0.687938
0.700723
0.712495
0.722617
0.731164
0.738484
0.744749
0.750093
0.754618
0.758378
0.761554
0.764308
0.766444
0.767985
0.768986
0.769543
0.769811
0.769927
0.769973
0.769991
0.769997
0.769999
0.77
0.77
0.77
0.77
0.77
0.77
0.77
0.77
0.77
0.77
0.77
0.77
0.77
0.77
0.77
0.77
0.77
0.77
0.77
0.77
0.77
0.77
0.77
0.77
0.77
0.77
0.77
0.77
0.77
0.77
0.77
1.11022e-16
3.33067e-16
0
2.22045e-16
1.22125e-15
5.21805e-15
2.28706e-14
1.03473e-13
4.63629e-13
2.04681e-12
8.91376e-12
3.81597e-11
1.59813e-10
6.49615e-10
2.52916e-09
7.0295e-09
2.47901e-08
9.28082e-08
3.45107e-07
1.24835e-06
4.36371e-06
1.46912e-05
4.74714e-05
0.000146655
0.000431266
0.00120088
0.00314481
0.00767203
0.0172102
0.0344798
0.0609982
0.0967263
0.140095
0.188758
0.240278
0.292551
0.343806
0.392717
0.438384
0.480457
0.518595
0.552802
0.583219
0.610079
0.633666
0.654286
0.672252
0.687865
0.70068
0.711975
0.722188
0.73078
0.738141
0.744451
0.749848
0.754432
0.758254
0.761482
0.76428
0.766449
0.768013
0.769026
0.769573
0.769828
0.769935
0.769977
0.769992
0.769997
0.769999
0.77
0.77
0.77
0.77
0.77
0.77
0.77
0.77
0.77
0.77
0.77
0.77
0.77
0.77
0.77
0.77
0.77
0.77
0.77
0.77
0.77
0.77
0.77
0.77
0.77
0.77
0.77
0.77
0.77
0.77
0.77
)
;

boundaryField
{
    fuel
    {
        type            fixedValue;
        value           uniform 0;
    }
    air
    {
        type            fixedValue;
        value           uniform 0.77;
    }
    outlet
    {
        type            inletOutlet;
        inletValue      uniform 1;
        value           nonuniform List<scalar> 
200
(
2.22045e-16
4.44089e-16
9.99201e-16
8.88178e-16
1.77636e-15
5.88418e-15
2.32037e-14
1.03917e-13
4.64517e-13
2.05103e-12
8.93052e-12
3.82328e-11
1.60117e-10
6.50831e-10
2.5338e-09
7.04231e-09
2.48347e-08
9.29696e-08
3.45682e-07
1.25032e-06
4.37016e-06
1.47113e-05
4.75308e-05
0.00014682
0.000431696
0.00120191
0.00314709
0.00767656
0.0172181
0.0344913
0.0610125
0.0967414
0.140109
0.188768
0.240282
0.292548
0.343796
0.392701
0.438362
0.480427
0.518563
0.552766
0.583181
0.61004
0.633625
0.654244
0.672209
0.687821
0.700635
0.711929
0.722144
0.730741
0.73811
0.744427
0.74983
0.75442
0.758246
0.761477
0.764277
0.766447
0.768012
0.769026
0.769573
0.769828
0.769935
0.769977
0.769992
0.769997
0.769999
0.77
0.77
0.77
0.77
0.77
0.77
0.77
0.77
0.77
0.77
0.77
0.77
0.77
0.77
0.77
0.77
0.77
0.77
0.77
0.77
0.77
0.77
0.77
0.77
0.77
0.77
0.77
0.77
0.77
0.77
0.77
1.11022e-16
3.33067e-16
0
2.22045e-16
1.22125e-15
5.21805e-15
2.28706e-14
1.03473e-13
4.63629e-13
2.04681e-12
8.91376e-12
3.81597e-11
1.59813e-10
6.49615e-10
2.52916e-09
7.0295e-09
2.47901e-08
9.28082e-08
3.45107e-07
1.24835e-06
4.36371e-06
1.46912e-05
4.74714e-05
0.000146655
0.000431266
0.00120088
0.00314481
0.00767203
0.0172102
0.0344798
0.0609982
0.0967263
0.140095
0.188758
0.240278
0.292551
0.343806
0.392717
0.438384
0.480457
0.518595
0.552802
0.583219
0.610079
0.633666
0.654286
0.672252
0.687865
0.70068
0.711975
0.722188
0.73078
0.738141
0.744451
0.749848
0.754432
0.758254
0.761482
0.76428
0.766449
0.768013
0.769026
0.769573
0.769828
0.769935
0.769977
0.769992
0.769997
0.769999
0.77
0.77
0.77
0.77
0.77
0.77
0.77
0.77
0.77
0.77
0.77
0.77
0.77
0.77
0.77
0.77
0.77
0.77
0.77
0.77
0.77
0.77
0.77
0.77
0.77
0.77
0.77
0.77
0.77
0.77
0.77
)
;
    }
    frontAndBack
    {
        type            empty;
    }
}


// ************************************************************************* //
