/*--------------------------------*- C++ -*----------------------------------*\
  =========                 |
  \\      /  F ield         | OpenFOAM: The Open Source CFD Toolbox
   \\    /   O peration     | Website:  https://openfoam.org
    \\  /    A nd           | Version:  11
     \\/     M anipulation  |
\*---------------------------------------------------------------------------*/
FoamFile
{
    format      ascii;
    class       volScalarField;
    location    "0.1";
    object      O2;
}
// * * * * * * * * * * * * * * * * * * * * * * * * * * * * * * * * * * * * * //

dimensions      [0 0 0 0 0 0 0];

internalField   nonuniform List<scalar> 
4000
(
1.16562e-22
8.24591e-22
4.40494e-21
1.66712e-20
5.84034e-20
2.4968e-19
1.12326e-18
5.10144e-18
2.30982e-17
1.03558e-16
4.57858e-16
1.98884e-15
8.44514e-15
3.47884e-14
1.37263e-13
3.85485e-13
1.37598e-12
5.21043e-12
1.95828e-11
7.15556e-11
2.52548e-10
8.58124e-10
2.79751e-09
8.71669e-09
2.58467e-08
7.25564e-08
1.91523e-07
4.70895e-07
1.06439e-06
2.14777e-06
3.82421e-06
6.09871e-06
8.87666e-06
1.20098e-05
1.53452e-05
1.8742e-05
2.20836e-05
2.53063e-05
2.84835e-05
3.20179e-05
3.69863e-05
4.56311e-05
6.22001e-05
9.45439e-05
0.000161624
0.000310016
0.000649311
0.00141676
0.00302661
0.00649519
0.014311
0.0309655
0.0594996
0.0898357
0.118148
0.143113
0.164263
0.182262
0.197907
0.210056
0.21883
0.224519
0.227596
0.22903
0.229634
0.229869
0.229955
0.229985
0.229995
0.229999
0.23
0.23
0.23
0.23
0.23
0.23
0.23
0.23
0.23
0.23
0.23
0.23
0.23
0.23
0.23
0.23
0.23
0.23
0.23
0.23
0.23
0.23
0.23
0.23
0.23
0.23
0.23
0.23
0.23
0.23
1.50132e-22
1.29509e-21
4.60176e-21
1.64743e-20
6.61269e-20
3.07802e-19
1.43617e-18
6.63571e-18
3.03626e-17
1.37381e-16
6.14369e-16
2.71236e-15
1.18056e-14
5.05832e-14
1.42083e-13
4.7057e-13
1.74972e-12
6.6238e-12
2.46494e-11
8.88592e-11
3.08996e-10
1.03324e-09
3.31124e-09
1.01325e-08
2.94827e-08
8.11619e-08
2.09998e-07
5.06045e-07
1.12178e-06
2.21741e-06
3.88672e-06
6.1345e-06
8.87854e-06
1.19855e-05
1.53009e-05
1.86833e-05
2.20274e-05
2.52747e-05
2.84998e-05
3.21087e-05
3.71733e-05
4.59497e-05
6.27411e-05
9.54975e-05
0.000163538
0.000314473
0.000659673
0.00144263
0.00308658
0.00684
0.0149574
0.0323327
0.0610669
0.0913364
0.119441
0.144115
0.164935
0.182651
0.198059
0.210028
0.218674
0.224294
0.227427
0.228932
0.229586
0.229848
0.229947
0.229982
0.229994
0.229998
0.229999
0.23
0.23
0.23
0.23
0.23
0.23
0.23
0.23
0.23
0.23
0.23
0.23
0.23
0.23
0.23
0.23
0.23
0.23
0.23
0.23
0.23
0.23
0.23
0.23
0.23
0.23
0.23
0.23
0.23
2.5266e-22
1.39733e-21
5.2643e-21
2.20688e-20
7.69518e-20
3.48949e-19
1.61513e-18
7.42042e-18
3.37905e-17
1.52236e-16
6.77662e-16
2.97712e-15
1.28937e-14
5.49769e-14
1.53736e-13
5.16715e-13
1.91988e-12
7.25271e-12
2.68791e-11
9.63955e-11
3.33318e-10
1.10788e-09
3.52798e-09
1.07245e-08
3.09928e-08
8.4727e-08
2.1769e-07
5.2092e-07
1.14685e-06
2.2508e-06
3.92634e-06
6.17345e-06
8.90481e-06
1.19886e-05
1.52823e-05
1.86533e-05
2.19931e-05
2.52487e-05
2.84973e-05
3.21426e-05
3.72705e-05
4.6168e-05
6.32141e-05
9.65514e-05
0.000166132
0.000321291
0.00067663
0.00148256
0.00317117
0.00703762
0.0153887
0.0332439
0.0620679
0.0922265
0.120126
0.144569
0.16517
0.182726
0.197992
0.209852
0.218506
0.224144
0.227338
0.228885
0.229563
0.229838
0.229943
0.229981
0.229994
0.229998
0.229999
0.23
0.23
0.23
0.23
0.23
0.23
0.23
0.23
0.23
0.23
0.23
0.23
0.23
0.23
0.23
0.23
0.23
0.23
0.23
0.23
0.23
0.23
0.23
0.23
0.23
0.23
0.23
0.23
0.23
2.31762e-22
1.27221e-21
5.71227e-21
2.25055e-20
8.81659e-20
4.01404e-19
1.82673e-18
8.37834e-18
3.79719e-17
1.69832e-16
7.48706e-16
3.25113e-15
1.39074e-14
5.86927e-14
1.66227e-13
5.69951e-13
2.15366e-12
8.15209e-12
3.00669e-11
1.07139e-10
3.67798e-10
1.21288e-09
3.82985e-09
1.15387e-08
3.30362e-08
8.94451e-08
2.27552e-07
5.3916e-07
1.17582e-06
2.28561e-06
3.95956e-06
6.1977e-06
8.91622e-06
1.19857e-05
1.52649e-05
1.86253e-05
2.19591e-05
2.52127e-05
2.84637e-05
3.21258e-05
3.72828e-05
4.62256e-05
6.33644e-05
9.69193e-05
0.000167081
0.000323833
0.000682966
0.00149816
0.00320578
0.0071168
0.0155612
0.033604
0.0624485
0.0925473
0.120353
0.144692
0.165191
0.182631
0.197826
0.209654
0.218273
0.223962
0.227225
0.228823
0.229533
0.229825
0.229937
0.229978
0.229993
0.229998
0.229999
0.23
0.23
0.23
0.23
0.23
0.23
0.23
0.23
0.23
0.23
0.23
0.23
0.23
0.23
0.23
0.23
0.23
0.23
0.23
0.23
0.23
0.23
0.23
0.23
0.23
0.23
0.23
0.23
0.23
2.32207e-22
1.7441e-21
6.70519e-21
2.45226e-20
9.99337e-20
4.50849e-19
2.07982e-18
9.58905e-18
4.35541e-17
1.94559e-16
8.51573e-16
3.63468e-15
1.50306e-14
5.96361e-14
1.68997e-13
6.06344e-13
2.30904e-12
8.72382e-12
3.20308e-11
1.13627e-10
3.88376e-10
1.27534e-09
4.01053e-09
1.20349e-08
3.43233e-08
9.25774e-08
2.3462e-07
5.53647e-07
1.20194e-06
2.32356e-06
4.00566e-06
6.24376e-06
8.95206e-06
1.20031e-05
1.52603e-05
1.85966e-05
2.19112e-05
2.51545e-05
2.84072e-05
3.20657e-05
3.72227e-05
4.61751e-05
6.33257e-05
9.6914e-05
0.000167137
0.000324104
0.000683903
0.00150073
0.00321121
0.00712902
0.0155865
0.0336514
0.0624787
0.092535
0.120284
0.144562
0.165002
0.18234
0.19752
0.209391
0.218027
0.223774
0.227115
0.228768
0.229507
0.229814
0.229933
0.229977
0.229992
0.229998
0.229999
0.23
0.23
0.23
0.23
0.23
0.23
0.23
0.23
0.23
0.23
0.23
0.23
0.23
0.23
0.23
0.23
0.23
0.23
0.23
0.23
0.23
0.23
0.23
0.23
0.23
0.23
0.23
0.23
0.23
3.19026e-22
2.26975e-21
8.58415e-21
2.68713e-20
1.05841e-19
4.73927e-19
2.21603e-18
1.02928e-17
4.73515e-17
2.1549e-16
9.69113e-16
4.30123e-15
1.88148e-14
5.5131e-14
1.73258e-13
6.46113e-13
2.47933e-12
9.36412e-12
3.42926e-11
1.21268e-10
4.12972e-10
1.35033e-09
4.22578e-09
1.26125e-08
3.57605e-08
9.58571e-08
2.41387e-07
5.66031e-07
1.22158e-06
2.34809e-06
4.03177e-06
6.26728e-06
8.96895e-06
1.20091e-05
1.5251e-05
1.85687e-05
2.18631e-05
2.5086e-05
2.83194e-05
3.19689e-05
3.70976e-05
4.59979e-05
6.3057e-05
9.64719e-05
0.000166235
0.000322037
0.000679299
0.00149034
0.00318838
0.0070781
0.0154735
0.0333999
0.0621554
0.0921671
0.119887
0.144152
0.164606
0.181951
0.19715
0.209023
0.217744
0.223578
0.227003
0.22871
0.229481
0.229802
0.229928
0.229975
0.229992
0.229997
0.229999
0.23
0.23
0.23
0.23
0.23
0.23
0.23
0.23
0.23
0.23
0.23
0.23
0.23
0.23
0.23
0.23
0.23
0.23
0.23
0.23
0.23
0.23
0.23
0.23
0.23
0.23
0.23
0.23
0.23
3.39722e-22
1.87026e-21
6.86905e-21
2.86575e-20
1.03502e-19
4.80622e-19
2.23656e-18
1.0361e-17
4.75549e-17
2.15777e-16
9.66438e-16
4.26495e-15
1.85013e-14
5.35303e-14
1.79866e-13
6.79701e-13
2.61083e-12
9.84235e-12
3.59418e-11
1.26723e-10
4.3024e-10
1.40254e-09
4.37624e-09
1.30245e-08
3.68269e-08
9.84459e-08
2.47196e-07
5.77805e-07
1.24242e-06
2.37755e-06
4.06656e-06
6.30142e-06
8.99586e-06
1.20231e-05
1.52478e-05
1.85457e-05
2.18176e-05
2.50154e-05
2.8221e-05
3.1838e-05
3.69351e-05
4.57538e-05
6.26593e-05
9.57724e-05
0.000164741
0.000318515
0.000671285
0.00147208
0.00314875
0.00699028
0.0152816
0.0329827
0.0616508
0.0916365
0.119362
0.143654
0.16416
0.181538
0.196786
0.208693
0.21748
0.223393
0.226897
0.228657
0.229456
0.229792
0.229924
0.229973
0.229991
0.229997
0.229999
0.23
0.23
0.23
0.23
0.23
0.23
0.23
0.23
0.23
0.23
0.23
0.23
0.23
0.23
0.23
0.23
0.23
0.23
0.23
0.23
0.23
0.23
0.23
0.23
0.23
0.23
0.23
0.23
0.23
2.52286e-22
1.56753e-21
6.20703e-21
2.63988e-20
1.05752e-19
4.82917e-19
2.23702e-18
1.03193e-17
4.71231e-17
2.12566e-16
9.45738e-16
4.148e-15
1.79559e-14
5.21252e-14
1.84358e-13
7.08295e-13
2.72979e-12
1.02794e-11
3.74708e-11
1.31853e-10
4.46688e-10
1.45265e-09
4.5205e-09
1.34142e-08
3.78074e-08
1.00722e-07
2.52009e-07
5.86927e-07
1.25755e-06
2.39779e-06
4.08972e-06
6.32373e-06
9.01287e-06
1.20305e-05
1.52417e-05
1.85228e-05
2.17749e-05
2.49496e-05
2.81274e-05
3.1708e-05
3.67493e-05
4.54855e-05
6.22148e-05
9.49651e-05
0.000162974
0.000314267
0.000661459
0.00144936
0.00309998
0.00688245
0.0150467
0.0324745
0.0610476
0.0910175
0.118762
0.14309
0.163641
0.181011
0.196322
0.208334
0.217215
0.223213
0.226795
0.228605
0.229432
0.229782
0.22992
0.229972
0.22999
0.229997
0.229999
0.23
0.23
0.23
0.23
0.23
0.23
0.23
0.23
0.23
0.23
0.23
0.23
0.23
0.23
0.23
0.23
0.23
0.23
0.23
0.23
0.23
0.23
0.23
0.23
0.23
0.23
0.23
0.23
0.23
2.99339e-22
1.49853e-21
6.70956e-21
2.75733e-20
1.11136e-19
5.00692e-19
2.30203e-18
1.05648e-17
4.78973e-17
2.14171e-16
9.41995e-16
4.06177e-15
1.70807e-14
5.01994e-14
1.88021e-13
7.32588e-13
2.83286e-12
1.06558e-11
3.87826e-11
1.36241e-10
4.60711e-10
1.49531e-09
4.6435e-09
1.37489e-08
3.86621e-08
1.02752e-07
2.56434e-07
5.95585e-07
1.27231e-06
2.41787e-06
4.11263e-06
6.34539e-06
9.02878e-06
1.20366e-05
1.52347e-05
1.85005e-05
2.17356e-05
2.48915e-05
2.80479e-05
3.16e-05
3.65946e-05
4.52486e-05
6.18023e-05
9.41859e-05
0.00016122
0.000309945
0.000651292
0.00142566
0.00304586
0.00676224
0.014785
0.0319099
0.0603945
0.0903692
0.118157
0.142544
0.163165
0.180571
0.195944
0.208024
0.216978
0.22305
0.2267
0.228557
0.22941
0.229772
0.229916
0.22997
0.22999
0.229997
0.229999
0.23
0.23
0.23
0.23
0.23
0.23
0.23
0.23
0.23
0.23
0.23
0.23
0.23
0.23
0.23
0.23
0.23
0.23
0.23
0.23
0.23
0.23
0.23
0.23
0.23
0.23
0.23
0.23
0.23
2.63887e-22
1.29901e-21
5.6775e-21
2.54761e-20
1.1336e-19
5.30288e-19
2.45685e-18
1.13267e-17
5.15011e-17
2.30782e-16
1.02448e-15
4.49348e-15
1.36406e-14
4.92251e-14
1.90904e-13
7.53257e-13
2.9164e-12
1.09562e-11
3.98217e-11
1.39693e-10
4.71685e-10
1.52855e-09
4.73905e-09
1.40083e-08
3.93228e-08
1.04318e-07
2.59843e-07
6.02264e-07
1.2837e-06
2.43356e-06
4.1308e-06
6.36268e-06
9.04114e-06
1.20401e-05
1.52266e-05
1.84783e-05
2.16979e-05
2.4838e-05
2.79789e-05
3.15151e-05
3.64879e-05
4.50804e-05
6.15117e-05
9.36326e-05
0.000159943
0.000306689
0.000643143
0.00140472
0.00299461
0.00662943
0.0145004
0.0312977
0.0597129
0.0897156
0.117564
0.142019
0.162714
0.180162
0.19559
0.207736
0.216759
0.2229
0.226611
0.228513
0.22939
0.229764
0.229913
0.229969
0.22999
0.229997
0.229999
0.23
0.23
0.23
0.23
0.23
0.23
0.23
0.23
0.23
0.23
0.23
0.23
0.23
0.23
0.23
0.23
0.23
0.23
0.23
0.23
0.23
0.23
0.23
0.23
0.23
0.23
0.23
0.23
0.23
2.94435e-22
1.51663e-21
6.31421e-21
2.38095e-20
1.08467e-19
5.10842e-19
2.40253e-18
1.11518e-17
5.03649e-17
2.23873e-16
1.01451e-15
3.28345e-15
1.22809e-14
4.87968e-14
1.94918e-13
7.73361e-13
2.99294e-12
1.12329e-11
4.07909e-11
1.42957e-10
4.82193e-10
1.56072e-09
4.83225e-09
1.42623e-08
3.99697e-08
1.05843e-07
2.6313e-07
6.08626e-07
1.29388e-06
2.44714e-06
4.1459e-06
6.37631e-06
9.04994e-06
1.20409e-05
1.52163e-05
1.84545e-05
2.16589e-05
2.47831e-05
2.79079e-05
3.14271e-05
3.63829e-05
4.49543e-05
6.13404e-05
9.33832e-05
0.000159502
0.000305884
0.000642132
0.00140492
0.00300243
0.00644119
0.0142066
0.0306852
0.0590649
0.0891137
0.117026
0.141546
0.162307
0.179795
0.195274
0.207477
0.216561
0.222764
0.226529
0.228472
0.229371
0.229756
0.22991
0.229968
0.229989
0.229996
0.229999
0.23
0.23
0.23
0.23
0.23
0.23
0.23
0.23
0.23
0.23
0.23
0.23
0.23
0.23
0.23
0.23
0.23
0.23
0.23
0.23
0.23
0.23
0.23
0.23
0.23
0.23
0.23
0.23
0.23
2.06537e-22
1.31069e-21
4.4899e-21
1.9064e-20
8.1653e-20
3.66142e-19
1.65249e-18
7.54612e-18
3.3942e-17
1.50224e-16
6.54774e-16
2.79894e-15
1.18587e-14
4.87327e-14
1.98578e-13
7.89347e-13
3.05116e-12
1.14409e-11
4.15093e-11
1.45339e-10
4.89741e-10
1.58351e-09
4.89758e-09
1.44395e-08
4.04223e-08
1.06923e-07
2.65511e-07
6.13367e-07
1.30168e-06
2.45793e-06
4.15825e-06
6.38762e-06
9.05707e-06
1.20407e-05
1.52059e-05
1.84318e-05
2.16222e-05
2.47311e-05
2.78395e-05
3.13396e-05
3.62633e-05
4.47784e-05
6.105e-05
9.28546e-05
0.000158313
0.000302915
0.000635031
0.00138779
0.00296284
0.0063488
0.014008
0.0302602
0.058579
0.0886329
0.116577
0.141139
0.161953
0.179475
0.195004
0.20725
0.216385
0.222643
0.226457
0.228436
0.229355
0.229749
0.229907
0.229967
0.229989
0.229996
0.229999
0.23
0.23
0.23
0.23
0.23
0.23
0.23
0.23
0.23
0.23
0.23
0.23
0.23
0.23
0.23
0.23
0.23
0.23
0.23
0.23
0.23
0.23
0.23
0.23
0.23
0.23
0.23
0.23
0.23
2.54972e-22
1.2333e-21
5.46934e-21
1.76671e-20
8.10031e-20
3.34274e-19
1.54391e-18
7.10998e-18
3.23177e-17
1.44935e-16
6.40364e-16
2.78227e-15
1.18652e-14
4.95466e-14
2.02068e-13
8.03086e-13
3.10324e-12
1.16311e-11
4.2178e-11
1.47594e-10
4.97011e-10
1.60581e-09
4.96237e-09
1.46167e-08
4.08747e-08
1.07992e-07
2.67813e-07
6.17797e-07
1.30861e-06
2.46701e-06
4.16803e-06
6.39584e-06
9.06114e-06
1.20381e-05
1.51943e-05
1.84092e-05
2.15869e-05
2.46816e-05
2.77742e-05
3.12548e-05
3.61466e-05
4.46036e-05
6.07575e-05
9.23211e-05
0.00015712
0.000299961
0.00062809
0.0013715
0.00293045
0.00627808
0.0138513
0.0299211
0.0581796
0.0882269
0.116188
0.140781
0.161635
0.179183
0.194756
0.20704
0.216227
0.222536
0.226392
0.228403
0.22934
0.229743
0.229904
0.229966
0.229988
0.229996
0.229999
0.23
0.23
0.23
0.23
0.23
0.23
0.23
0.23
0.23
0.23
0.23
0.23
0.23
0.23
0.23
0.23
0.23
0.23
0.23
0.23
0.23
0.23
0.23
0.23
0.23
0.23
0.23
0.23
0.23
2.79622e-22
1.49573e-21
5.28181e-21
1.99204e-20
7.46581e-20
3.36348e-19
1.55299e-18
7.15645e-18
3.26056e-17
1.46558e-16
6.48641e-16
2.82111e-15
1.20333e-14
5.0234e-14
2.04803e-13
8.13661e-13
3.14281e-12
1.17739e-11
4.26735e-11
1.49242e-10
5.02244e-10
1.62164e-09
5.00773e-09
1.47395e-08
4.11871e-08
1.08732e-07
2.69427e-07
6.20972e-07
1.31374e-06
2.47394e-06
4.17561e-06
6.40214e-06
9.06384e-06
1.20349e-05
1.51831e-05
1.83882e-05
2.15546e-05
2.46367e-05
2.77153e-05
3.11794e-05
3.6043e-05
4.4449e-05
6.04994e-05
9.18521e-05
0.000156076
0.000297379
0.000622058
0.00135741
0.00290269
0.00621755
0.0137167
0.0296289
0.0578339
0.0878741
0.11585
0.140469
0.161358
0.178929
0.194532
0.206863
0.216092
0.222443
0.226337
0.228375
0.229328
0.229737
0.229902
0.229965
0.229988
0.229996
0.229999
0.23
0.23
0.23
0.23
0.23
0.23
0.23
0.23
0.23
0.23
0.23
0.23
0.23
0.23
0.23
0.23
0.23
0.23
0.23
0.23
0.23
0.23
0.23
0.23
0.23
0.23
0.23
0.23
0.23
2.02449e-22
1.51057e-21
5.32343e-21
1.85329e-20
8.10718e-20
3.39676e-19
1.571e-18
7.23754e-18
3.29821e-17
1.48268e-16
6.5622e-16
2.85394e-15
1.21722e-14
5.08075e-14
2.07107e-13
8.2264e-13
3.1767e-12
1.18973e-11
4.31064e-11
1.50698e-10
5.06923e-10
1.63595e-09
5.04922e-09
1.48527e-08
4.1476e-08
1.09415e-07
2.70899e-07
6.23805e-07
1.31817e-06
2.47967e-06
4.18162e-06
6.40678e-06
9.06525e-06
1.20313e-05
1.51728e-05
1.83697e-05
2.15264e-05
2.45975e-05
2.7663e-05
3.11106e-05
3.59529e-05
4.43162e-05
6.02784e-05
9.14508e-05
0.000155181
0.000295159
0.000616867
0.00134527
0.0028787
0.00616525
0.0136003
0.0293758
0.0575348
0.0875689
0.115558
0.140199
0.161118
0.17871
0.194344
0.206716
0.215977
0.222364
0.226289
0.228351
0.229317
0.229733
0.2299
0.229964
0.229988
0.229996
0.229999
0.23
0.23
0.23
0.23
0.23
0.23
0.23
0.23
0.23
0.23
0.23
0.23
0.23
0.23
0.23
0.23
0.23
0.23
0.23
0.23
0.23
0.23
0.23
0.23
0.23
0.23
0.23
0.23
0.23
2.37861e-22
1.29598e-21
5.016e-21
1.80317e-20
7.46487e-20
3.44475e-19
1.58728e-18
7.30382e-18
3.32813e-17
1.49609e-16
6.62119e-16
2.87939e-15
1.22795e-14
5.12489e-14
2.08873e-13
8.29491e-13
3.20241e-12
1.19904e-11
4.34304e-11
1.51779e-10
5.10369e-10
1.6464e-09
5.07925e-09
1.49341e-08
4.16827e-08
1.09903e-07
2.71953e-07
6.25851e-07
1.3214e-06
2.48391e-06
4.18604e-06
6.41006e-06
9.06585e-06
1.20277e-05
1.51638e-05
1.8354e-05
2.15031e-05
2.45656e-05
2.76214e-05
3.10562e-05
3.5879e-05
4.4206e-05
6.00942e-05
9.11158e-05
0.000154432
0.000293292
0.000612488
0.00133498
0.00285828
0.00612095
0.0135017
0.0291615
0.0572821
0.0873119
0.115312
0.139973
0.160917
0.178528
0.194185
0.206581
0.215881
0.222297
0.226249
0.228332
0.229308
0.229729
0.229899
0.229964
0.229988
0.229996
0.229999
0.23
0.23
0.23
0.23
0.23
0.23
0.23
0.23
0.23
0.23
0.23
0.23
0.23
0.23
0.23
0.23
0.23
0.23
0.23
0.23
0.23
0.23
0.23
0.23
0.23
0.23
0.23
0.23
0.23
2.23239e-22
1.04957e-21
4.84724e-21
2.1976e-20
7.90136e-20
3.42421e-19
1.59455e-18
7.35348e-18
3.35125e-17
1.50641e-16
6.66667e-16
2.89905e-15
1.23626e-14
5.15913e-14
2.10246e-13
8.34834e-13
3.22253e-12
1.20635e-11
4.36861e-11
1.52637e-10
5.13116e-10
1.65478e-09
5.10344e-09
1.5e-08
4.18504e-08
1.10298e-07
2.72806e-07
6.27492e-07
1.32396e-06
2.4872e-06
4.18938e-06
6.41239e-06
9.06595e-06
1.20244e-05
1.51559e-05
1.83408e-05
2.14839e-05
2.45397e-05
2.75881e-05
3.10128e-05
3.58201e-05
4.41182e-05
5.99474e-05
9.08492e-05
0.000153835
0.000291801
0.000608991
0.00132677
0.00284197
0.00608512
0.0134218
0.028988
0.057078
0.0871049
0.115115
0.139791
0.160757
0.178385
0.194058
0.206475
0.215798
0.222242
0.226216
0.228316
0.229301
0.229726
0.229898
0.229963
0.229987
0.229996
0.229999
0.23
0.23
0.23
0.23
0.23
0.23
0.23
0.23
0.23
0.23
0.23
0.23
0.23
0.23
0.23
0.23
0.23
0.23
0.23
0.23
0.23
0.23
0.23
0.23
0.23
0.23
0.23
0.23
0.23
2.82829e-22
1.41451e-21
6.2357e-21
2.2529e-20
8.0227e-20
3.44324e-19
1.60234e-18
7.39182e-18
3.36792e-17
1.51381e-16
6.69925e-16
2.91313e-15
1.24221e-14
5.18363e-14
2.11227e-13
8.38649e-13
3.23688e-12
1.21156e-11
4.38678e-11
1.53244e-10
5.15058e-10
1.66068e-09
5.12045e-09
1.50461e-08
4.19677e-08
1.10574e-07
2.73401e-07
6.28637e-07
1.32575e-06
2.48948e-06
4.19165e-06
6.41384e-06
9.06567e-06
1.20214e-05
1.51495e-05
1.83303e-05
2.14689e-05
2.45197e-05
2.75624e-05
3.09798e-05
3.57758e-05
4.40522e-05
5.9837e-05
9.06486e-05
0.000153386
0.000290675
0.000606344
0.00132053
0.00282956
0.00605808
0.0133616
0.0288574
0.0569249
0.08695
0.114967
0.139656
0.160638
0.178271
0.193962
0.206397
0.215738
0.222201
0.226192
0.228304
0.229296
0.229724
0.229897
0.229963
0.229987
0.229996
0.229999
0.23
0.23
0.23
0.23
0.23
0.23
0.23
0.23
0.23
0.23
0.23
0.23
0.23
0.23
0.23
0.23
0.23
0.23
0.23
0.23
0.23
0.23
0.23
0.23
0.23
0.23
0.23
0.23
0.23
2.93085e-22
1.52349e-21
5.3005e-21
2.15794e-20
8.07508e-20
3.46699e-19
1.61021e-18
7.41341e-18
3.37786e-17
1.51838e-16
6.71952e-16
2.9219e-15
1.24591e-14
5.19889e-14
2.11839e-13
8.4103e-13
3.24584e-12
1.21482e-11
4.39815e-11
1.53625e-10
5.16276e-10
1.66439e-09
5.13115e-09
1.50752e-08
4.20415e-08
1.10748e-07
2.73775e-07
6.29356e-07
1.32686e-06
2.49089e-06
4.19301e-06
6.41465e-06
9.06531e-06
1.20193e-05
1.51452e-05
1.83233e-05
2.14588e-05
2.45062e-05
2.7545e-05
3.09578e-05
3.57461e-05
4.40081e-05
5.97634e-05
9.05147e-05
0.000153085
0.000289921
0.000604572
0.00131636
0.00282124
0.00604008
0.0133216
0.0287706
0.0568233
0.0868475
0.11487
0.139567
0.16056
0.178197
0.193898
0.206344
0.215698
0.222174
0.226176
0.228296
0.229292
0.229722
0.229896
0.229963
0.229987
0.229996
0.229999
0.23
0.23
0.23
0.23
0.23
0.23
0.23
0.23
0.23
0.23
0.23
0.23
0.23
0.23
0.23
0.23
0.23
0.23
0.23
0.23
0.23
0.23
0.23
0.23
0.23
0.23
0.23
0.23
0.23
1.92143e-22
1.40109e-21
6.90004e-21
2.22222e-20
8.2347e-20
3.4819e-19
1.61171e-18
7.4213e-18
3.38218e-17
1.52039e-16
6.72844e-16
2.92575e-15
1.24754e-14
5.20559e-14
2.12107e-13
8.42074e-13
3.24977e-12
1.21624e-11
4.40313e-11
1.53792e-10
5.1681e-10
1.66601e-09
5.13583e-09
1.50879e-08
4.20738e-08
1.10824e-07
2.73939e-07
6.29671e-07
1.32735e-06
2.49151e-06
4.19362e-06
6.415e-06
9.06511e-06
1.20183e-05
1.5143e-05
1.83198e-05
2.14538e-05
2.44996e-05
2.75366e-05
3.09471e-05
3.57318e-05
4.39867e-05
5.97276e-05
9.04497e-05
0.000152939
0.000289554
0.000603712
0.00131433
0.00281721
0.00603136
0.0133022
0.0287287
0.0567743
0.0867983
0.114824
0.139525
0.160524
0.178163
0.193869
0.20632
0.21568
0.222161
0.226169
0.228293
0.229291
0.229722
0.229896
0.229963
0.229987
0.229996
0.229999
0.23
0.23
0.23
0.23
0.23
0.23
0.23
0.23
0.23
0.23
0.23
0.23
0.23
0.23
0.23
0.23
0.23
0.23
0.23
0.23
0.23
0.23
0.23
0.23
0.23
0.23
0.23
0.23
0.23
1.9505e-22
1.51913e-21
5.38943e-21
1.94183e-20
7.5816e-20
3.52682e-19
1.61618e-18
7.42236e-18
3.38198e-17
1.5203e-16
6.72802e-16
2.92557e-15
1.24747e-14
5.20532e-14
2.12097e-13
8.42036e-13
3.24963e-12
1.21619e-11
4.40297e-11
1.53787e-10
5.16795e-10
1.66597e-09
5.13571e-09
1.50876e-08
4.20731e-08
1.10823e-07
2.73935e-07
6.29664e-07
1.32734e-06
2.49149e-06
4.19359e-06
6.41496e-06
9.06506e-06
1.20182e-05
1.5143e-05
1.83198e-05
2.14538e-05
2.44996e-05
2.75365e-05
3.09471e-05
3.57319e-05
4.39869e-05
5.97279e-05
9.04502e-05
0.000152941
0.000289557
0.000603719
0.00131435
0.00281726
0.00603147
0.0133025
0.0287293
0.0567751
0.086799
0.114824
0.139525
0.160524
0.178163
0.193869
0.206321
0.21568
0.222162
0.226169
0.228293
0.229291
0.229722
0.229896
0.229963
0.229987
0.229996
0.229999
0.23
0.23
0.23
0.23
0.23
0.23
0.23
0.23
0.23
0.23
0.23
0.23
0.23
0.23
0.23
0.23
0.23
0.23
0.23
0.23
0.23
0.23
0.23
0.23
0.23
0.23
0.23
0.23
0.23
2.88542e-22
1.57806e-21
5.63936e-21
2.25553e-20
7.9906e-20
3.44244e-19
1.60878e-18
7.41298e-18
3.37723e-17
1.51806e-16
6.71817e-16
2.92133e-15
1.24569e-14
5.198e-14
2.11805e-13
8.40902e-13
3.24538e-12
1.21466e-11
4.39762e-11
1.53608e-10
5.16225e-10
1.66424e-09
5.13073e-09
1.50741e-08
4.20389e-08
1.10742e-07
2.73762e-07
6.29332e-07
1.32682e-06
2.49082e-06
4.19293e-06
6.41453e-06
9.06516e-06
1.20191e-05
1.5145e-05
1.8323e-05
2.14585e-05
2.4506e-05
2.75447e-05
3.09576e-05
3.57461e-05
4.40081e-05
5.97634e-05
9.0515e-05
0.000153086
0.000289923
0.000604582
0.00131639
0.00282132
0.00604034
0.0133223
0.0287724
0.0568255
0.0868497
0.114872
0.139569
0.160562
0.178199
0.193899
0.206345
0.215699
0.222174
0.226177
0.228297
0.229292
0.229723
0.229896
0.229963
0.229987
0.229996
0.229999
0.23
0.23
0.23
0.23
0.23
0.23
0.23
0.23
0.23
0.23
0.23
0.23
0.23
0.23
0.23
0.23
0.23
0.23
0.23
0.23
0.23
0.23
0.23
0.23
0.23
0.23
0.23
0.23
0.23
1.92505e-22
1.54178e-21
5.69097e-21
2.47959e-20
8.15059e-20
3.42978e-19
1.60038e-18
7.38616e-18
3.36643e-17
1.51325e-16
6.69694e-16
2.91216e-15
1.24182e-14
5.18208e-14
2.11168e-13
8.38429e-13
3.23609e-12
1.21129e-11
4.38586e-11
1.53215e-10
5.14969e-10
1.66042e-09
5.11974e-09
1.50443e-08
4.19632e-08
1.10564e-07
2.7338e-07
6.28598e-07
1.32568e-06
2.48937e-06
4.1915e-06
6.41366e-06
9.06544e-06
1.20212e-05
1.51493e-05
1.83301e-05
2.14687e-05
2.45197e-05
2.75625e-05
3.09799e-05
3.57759e-05
4.40524e-05
5.98375e-05
9.06497e-05
0.000153388
0.000290681
0.000606363
0.00132059
0.0028297
0.00605857
0.0133629
0.0288607
0.0569288
0.086954
0.114971
0.139659
0.16064
0.178274
0.193964
0.206398
0.215739
0.222202
0.226193
0.228304
0.229296
0.229724
0.229897
0.229963
0.229987
0.229996
0.229999
0.23
0.23
0.23
0.23
0.23
0.23
0.23
0.23
0.23
0.23
0.23
0.23
0.23
0.23
0.23
0.23
0.23
0.23
0.23
0.23
0.23
0.23
0.23
0.23
0.23
0.23
0.23
0.23
0.23
2.4602e-22
1.40304e-21
5.86611e-21
2.19064e-20
7.64015e-20
3.43813e-19
1.59458e-18
7.35077e-18
3.34961e-17
1.50565e-16
6.66343e-16
2.89771e-15
1.23572e-14
5.157e-14
2.10164e-13
8.3453e-13
3.22144e-12
1.20598e-11
4.36735e-11
1.52596e-10
5.12993e-10
1.65442e-09
5.10246e-09
1.49974e-08
4.18442e-08
1.10284e-07
2.72776e-07
6.27437e-07
1.32387e-06
2.48705e-06
4.18918e-06
6.41214e-06
9.06566e-06
1.2024e-05
1.51556e-05
1.83405e-05
2.14837e-05
2.45396e-05
2.75881e-05
3.10129e-05
3.58205e-05
4.41189e-05
5.99487e-05
9.0852e-05
0.000153842
0.000291817
0.000609034
0.00132689
0.00284224
0.00608588
0.0134237
0.0289929
0.0570837
0.0871106
0.11512
0.139796
0.160761
0.178388
0.194061
0.206478
0.2158
0.222243
0.226217
0.228316
0.229301
0.229726
0.229898
0.229963
0.229987
0.229996
0.229999
0.23
0.23
0.23
0.23
0.23
0.23
0.23
0.23
0.23
0.23
0.23
0.23
0.23
0.23
0.23
0.23
0.23
0.23
0.23
0.23
0.23
0.23
0.23
0.23
0.23
0.23
0.23
0.23
0.23
2.82609e-22
1.49351e-21
5.37199e-21
2.15978e-20
7.39023e-20
3.40881e-19
1.58533e-18
7.30169e-18
3.32624e-17
1.49512e-16
6.61706e-16
2.87769e-15
1.22727e-14
5.12218e-14
2.08768e-13
8.29104e-13
3.20102e-12
1.19856e-11
4.34143e-11
1.51727e-10
5.10211e-10
1.64594e-09
5.07799e-09
1.49308e-08
4.16748e-08
1.09885e-07
2.71916e-07
6.25781e-07
1.32128e-06
2.48373e-06
4.18579e-06
6.40974e-06
9.06548e-06
1.20273e-05
1.51634e-05
1.83536e-05
2.15028e-05
2.45654e-05
2.76212e-05
3.10564e-05
3.58796e-05
4.42072e-05
6.00966e-05
9.1121e-05
0.000154444
0.000293322
0.000612572
0.00133521
0.00285881
0.00612204
0.0135044
0.0291681
0.0572897
0.0873194
0.115319
0.139979
0.160923
0.178532
0.19419
0.206585
0.215883
0.222299
0.22625
0.228332
0.229308
0.229729
0.229899
0.229964
0.229988
0.229996
0.229999
0.23
0.23
0.23
0.23
0.23
0.23
0.23
0.23
0.23
0.23
0.23
0.23
0.23
0.23
0.23
0.23
0.23
0.23
0.23
0.23
0.23
0.23
0.23
0.23
0.23
0.23
0.23
0.23
0.23
2.46128e-22
1.21955e-21
5.36329e-21
1.86249e-20
7.58297e-20
3.42851e-19
1.57484e-18
7.23526e-18
3.29566e-17
1.4815e-16
6.55722e-16
2.85188e-15
1.21639e-14
5.07746e-14
2.06981e-13
8.2217e-13
3.175e-12
1.18915e-11
4.30867e-11
1.50635e-10
5.0673e-10
1.63539e-09
5.04767e-09
1.48487e-08
4.14663e-08
1.09393e-07
2.70853e-07
6.23718e-07
1.31802e-06
2.47944e-06
4.18131e-06
6.40639e-06
9.06481e-06
1.20308e-05
1.51724e-05
1.83694e-05
2.15263e-05
2.45976e-05
2.76633e-05
3.1111e-05
3.59536e-05
4.43176e-05
6.02811e-05
9.14564e-05
0.000155193
0.00029519
0.00061695
0.00134549
0.00287919
0.0061665
0.0136035
0.0293836
0.0575439
0.0875779
0.115566
0.140206
0.161124
0.178716
0.19435
0.20672
0.21598
0.222366
0.22629
0.228352
0.229317
0.229733
0.229901
0.229965
0.229988
0.229996
0.229999
0.23
0.23
0.23
0.23
0.23
0.23
0.23
0.23
0.23
0.23
0.23
0.23
0.23
0.23
0.23
0.23
0.23
0.23
0.23
0.23
0.23
0.23
0.23
0.23
0.23
0.23
0.23
0.23
0.23
2.13542e-22
1.62991e-21
5.7663e-21
2.28149e-20
8.29965e-20
3.34109e-19
1.55013e-18
7.14715e-18
3.25721e-17
1.4642e-16
6.4806e-16
2.8187e-15
1.20235e-14
5.01955e-14
2.04655e-13
8.13109e-13
3.14082e-12
1.1767e-11
4.26504e-11
1.49168e-10
5.02017e-10
1.62097e-09
5.0059e-09
1.47347e-08
4.11754e-08
1.08706e-07
2.69371e-07
6.20865e-07
1.31356e-06
2.47365e-06
4.17523e-06
6.40167e-06
9.06334e-06
1.20344e-05
1.51828e-05
1.8388e-05
2.15545e-05
2.46365e-05
2.77147e-05
3.11773e-05
3.6043e-05
4.44504e-05
6.05025e-05
9.18585e-05
0.00015609
0.000297414
0.000622155
0.00135767
0.00290326
0.006219
0.0137204
0.0296379
0.0578445
0.0878845
0.11586
0.140477
0.161365
0.178936
0.19454
0.206867
0.216095
0.222445
0.226338
0.228376
0.229328
0.229738
0.229902
0.229965
0.229988
0.229996
0.229999
0.23
0.23
0.23
0.23
0.23
0.23
0.23
0.23
0.23
0.23
0.23
0.23
0.23
0.23
0.23
0.23
0.23
0.23
0.23
0.23
0.23
0.23
0.23
0.23
0.23
0.23
0.23
0.23
0.23
2.69121e-22
1.43591e-21
5.35479e-21
1.74694e-20
7.76834e-20
3.34697e-19
1.54829e-18
7.10723e-18
3.22917e-17
1.44809e-16
6.39724e-16
2.77961e-15
1.1854e-14
4.95035e-14
2.01901e-13
8.02457e-13
3.10096e-12
1.16231e-11
4.21515e-11
1.47509e-10
4.96749e-10
1.60505e-09
4.96024e-09
1.46111e-08
4.08611e-08
1.07961e-07
2.67747e-07
6.17671e-07
1.30839e-06
2.46668e-06
4.16759e-06
6.39531e-06
9.06059e-06
1.20376e-05
1.5194e-05
1.84091e-05
2.15872e-05
2.46824e-05
2.77759e-05
3.12583e-05
3.61489e-05
4.46061e-05
6.07615e-05
9.2329e-05
0.000157138
0.000300004
0.000628207
0.00137181
0.00293111
0.00627974
0.0138555
0.0299314
0.0581915
0.0882386
0.116199
0.140791
0.161643
0.179191
0.19476
0.207046
0.216231
0.222538
0.226394
0.228404
0.229341
0.229743
0.229904
0.229966
0.229988
0.229996
0.229999
0.23
0.23
0.23
0.23
0.23
0.23
0.23
0.23
0.23
0.23
0.23
0.23
0.23
0.23
0.23
0.23
0.23
0.23
0.23
0.23
0.23
0.23
0.23
0.23
0.23
0.23
0.23
0.23
0.23
2.71399e-22
1.48741e-21
5.17525e-21
1.94934e-20
7.96433e-20
3.61645e-19
1.66239e-18
7.58057e-18
3.41044e-17
1.5087e-16
6.5333e-16
2.79701e-15
1.18236e-14
4.87021e-14
1.98334e-13
7.88612e-13
3.04864e-12
1.1432e-11
4.14796e-11
1.45244e-10
4.89447e-10
1.58265e-09
4.89519e-09
1.44333e-08
4.04068e-08
1.06888e-07
2.65436e-07
6.13223e-07
1.30143e-06
2.45756e-06
4.15775e-06
6.38704e-06
9.05648e-06
1.20402e-05
1.52056e-05
1.84316e-05
2.16223e-05
2.47314e-05
2.78401e-05
3.13403e-05
3.62648e-05
4.47807e-05
6.10543e-05
9.28641e-05
0.000158334
0.000302967
0.000635164
0.00138813
0.00296354
0.00635058
0.0140124
0.0302706
0.0585912
0.0886452
0.116588
0.141149
0.161961
0.179482
0.195008
0.207254
0.216389
0.222646
0.226459
0.228436
0.229356
0.229749
0.229907
0.229967
0.229989
0.229996
0.229999
0.23
0.23
0.23
0.23
0.23
0.23
0.23
0.23
0.23
0.23
0.23
0.23
0.23
0.23
0.23
0.23
0.23
0.23
0.23
0.23
0.23
0.23
0.23
0.23
0.23
0.23
0.23
0.23
0.23
3.65148e-22
1.96265e-21
6.47226e-21
2.6763e-20
1.15805e-19
5.19466e-19
2.47507e-18
1.17524e-17
5.5378e-17
2.65349e-16
9.34005e-16
3.26841e-15
1.22212e-14
4.88198e-14
1.94447e-13
7.72766e-13
2.99018e-12
1.12231e-11
4.07582e-11
1.42852e-10
4.81868e-10
1.55977e-09
4.8296e-09
1.42554e-08
3.99525e-08
1.05803e-07
2.63047e-07
6.08466e-07
1.2936e-06
2.44672e-06
4.14535e-06
6.37569e-06
9.04932e-06
1.20404e-05
1.52158e-05
1.84542e-05
2.1659e-05
2.47836e-05
2.79091e-05
3.14294e-05
3.63855e-05
4.49572e-05
6.13445e-05
9.33916e-05
0.00015952
0.000305932
0.000642263
0.00140528
0.0030032
0.00644261
0.0142097
0.0306916
0.0590736
0.0891244
0.117038
0.141558
0.162319
0.179807
0.195286
0.207486
0.216567
0.222768
0.226531
0.228473
0.229372
0.229756
0.22991
0.229968
0.229989
0.229996
0.229999
0.23
0.23
0.23
0.23
0.23
0.23
0.23
0.23
0.23
0.23
0.23
0.23
0.23
0.23
0.23
0.23
0.23
0.23
0.23
0.23
0.23
0.23
0.23
0.23
0.23
0.23
0.23
0.23
0.23
3.43591e-22
1.73291e-21
7.83899e-21
3.10181e-20
1.12041e-19
5.26761e-19
2.47756e-18
1.14843e-17
5.23345e-17
2.3402e-16
1.02137e-15
4.48557e-15
1.36551e-14
4.88567e-14
1.91018e-13
7.52162e-13
2.91334e-12
1.09458e-11
3.97863e-11
1.39579e-10
4.71333e-10
1.52752e-09
4.73617e-09
1.40007e-08
3.9304e-08
1.04274e-07
2.59751e-07
6.02087e-07
1.28339e-06
2.4331e-06
4.1302e-06
6.36199e-06
9.04045e-06
1.20395e-05
1.52261e-05
1.8478e-05
2.1698e-05
2.48388e-05
2.79812e-05
3.15194e-05
3.64943e-05
4.50871e-05
6.15171e-05
9.36371e-05
0.000159949
0.000306695
0.000643148
0.00140469
0.0029945
0.00662914
0.0144999
0.0312968
0.0597161
0.0897232
0.117574
0.14203
0.162723
0.180169
0.195595
0.207742
0.216764
0.222903
0.226613
0.228514
0.229391
0.229764
0.229913
0.229969
0.22999
0.229997
0.229999
0.23
0.23
0.23
0.23
0.23
0.23
0.23
0.23
0.23
0.23
0.23
0.23
0.23
0.23
0.23
0.23
0.23
0.23
0.23
0.23
0.23
0.23
0.23
0.23
0.23
0.23
0.23
0.23
0.23
2.95612e-22
1.72277e-21
6.77631e-21
2.33879e-20
1.07258e-19
4.97781e-19
2.30602e-18
1.05655e-17
4.78285e-17
2.13682e-16
9.40322e-16
4.05284e-15
1.70527e-14
5.03098e-14
1.87364e-13
7.31888e-13
2.8298e-12
1.06444e-11
3.87447e-11
1.36119e-10
4.60335e-10
1.4942e-09
4.64041e-09
1.37408e-08
3.86419e-08
1.02705e-07
2.56334e-07
5.95392e-07
1.27197e-06
2.41736e-06
4.11197e-06
6.34463e-06
9.02801e-06
1.20359e-05
1.52342e-05
1.85002e-05
2.17357e-05
2.48925e-05
2.80506e-05
3.16057e-05
3.66038e-05
4.52597e-05
6.18092e-05
9.41786e-05
0.000161188
0.000309868
0.000651145
0.00142544
0.00304553
0.00676251
0.0147876
0.0319202
0.0604098
0.0903864
0.118174
0.142559
0.163177
0.180583
0.195953
0.208032
0.216984
0.223054
0.226703
0.228558
0.229411
0.229772
0.229916
0.22997
0.22999
0.229997
0.229999
0.23
0.23
0.23
0.23
0.23
0.23
0.23
0.23
0.23
0.23
0.23
0.23
0.23
0.23
0.23
0.23
0.23
0.23
0.23
0.23
0.23
0.23
0.23
0.23
0.23
0.23
0.23
0.23
0.23
2.65286e-22
1.31468e-21
6.13726e-21
2.47821e-20
1.06491e-19
4.81281e-19
2.2343e-18
1.03193e-17
4.71313e-17
2.12666e-16
9.46529e-16
4.15376e-15
1.79797e-14
5.21079e-14
1.84312e-13
7.07309e-13
2.7262e-12
1.02675e-11
3.7431e-11
1.31725e-10
4.46291e-10
1.45148e-09
4.51723e-09
1.34056e-08
3.77859e-08
1.00672e-07
2.51904e-07
5.86721e-07
1.25719e-06
2.39725e-06
4.08901e-06
6.32293e-06
9.01209e-06
1.20299e-05
1.52413e-05
1.85228e-05
2.17754e-05
2.49507e-05
2.81296e-05
3.17122e-05
3.67566e-05
4.54952e-05
6.22231e-05
9.49635e-05
0.000162959
0.000314245
0.000661475
0.00144956
0.00310042
0.00688411
0.0150522
0.0324904
0.0610682
0.0910393
0.118783
0.143108
0.163656
0.181025
0.196333
0.208343
0.217221
0.223218
0.226798
0.228607
0.229433
0.229782
0.22992
0.229972
0.229991
0.229997
0.229999
0.23
0.23
0.23
0.23
0.23
0.23
0.23
0.23
0.23
0.23
0.23
0.23
0.23
0.23
0.23
0.23
0.23
0.23
0.23
0.23
0.23
0.23
0.23
0.23
0.23
0.23
0.23
0.23
0.23
3.0429e-22
1.9696e-21
7.45858e-21
2.89673e-20
1.02364e-19
4.76634e-19
2.23412e-18
1.03572e-17
4.75363e-17
2.15727e-16
9.66474e-16
4.26495e-15
1.85e-14
5.34995e-14
1.79662e-13
6.78715e-13
2.60725e-12
9.82998e-12
3.59001e-11
1.26588e-10
4.29823e-10
1.40131e-09
4.37279e-09
1.30153e-08
3.68042e-08
9.83933e-08
2.47083e-07
5.77586e-07
1.24204e-06
2.37698e-06
4.06582e-06
6.3006e-06
8.9951e-06
1.20226e-05
1.52476e-05
1.85459e-05
2.18182e-05
2.50163e-05
2.82221e-05
3.18392e-05
3.69367e-05
4.57554e-05
6.26592e-05
9.57666e-05
0.000164721
0.000318468
0.000671219
0.00147202
0.00314932
0.00699244
0.015288
0.0329999
0.0616725
0.0916593
0.119384
0.143674
0.164178
0.181555
0.1968
0.208704
0.217488
0.223398
0.2269
0.228658
0.229457
0.229792
0.229924
0.229973
0.229991
0.229997
0.229999
0.23
0.23
0.23
0.23
0.23
0.23
0.23
0.23
0.23
0.23
0.23
0.23
0.23
0.23
0.23
0.23
0.23
0.23
0.23
0.23
0.23
0.23
0.23
0.23
0.23
0.23
0.23
0.23
0.23
3.81664e-22
2.28718e-21
8.54688e-21
2.76792e-20
1.04686e-19
4.7179e-19
2.21355e-18
1.02821e-17
4.73018e-17
2.15263e-16
9.68057e-16
4.29673e-15
1.87964e-14
5.50761e-14
1.72988e-13
6.45113e-13
2.47572e-12
9.35142e-12
3.42495e-11
1.21129e-10
4.12539e-10
1.34904e-09
4.22218e-09
1.2603e-08
3.57366e-08
9.58016e-08
2.41267e-07
5.65799e-07
1.22117e-06
2.34748e-06
4.031e-06
6.26645e-06
8.96822e-06
1.20086e-05
1.52509e-05
1.85689e-05
2.18637e-05
2.50865e-05
2.83197e-05
3.19685e-05
3.70961e-05
4.59948e-05
6.3052e-05
9.64632e-05
0.000166217
0.000322006
0.000679292
0.0014905
0.00318906
0.00708032
0.0154799
0.0334169
0.0621765
0.0921889
0.119907
0.144171
0.164623
0.181967
0.197163
0.209032
0.217751
0.223583
0.227006
0.228712
0.229481
0.229802
0.229928
0.229975
0.229992
0.229997
0.229999
0.23
0.23
0.23
0.23
0.23
0.23
0.23
0.23
0.23
0.23
0.23
0.23
0.23
0.23
0.23
0.23
0.23
0.23
0.23
0.23
0.23
0.23
0.23
0.23
0.23
0.23
0.23
0.23
0.23
3.67333e-22
2.13662e-21
7.80432e-21
2.79553e-20
9.77997e-20
4.46717e-19
2.07936e-18
9.57227e-18
4.34698e-17
1.94201e-16
8.5011e-16
3.62858e-15
1.50056e-14
5.95364e-14
1.6871e-13
6.05331e-13
2.30538e-12
8.71092e-12
3.1987e-11
1.13484e-10
3.87931e-10
1.27401e-09
4.00678e-09
1.20249e-08
3.42981e-08
9.25185e-08
2.34492e-07
5.53398e-07
1.20151e-06
2.32291e-06
4.00484e-06
6.24289e-06
8.95131e-06
1.20026e-05
1.52601e-05
1.85968e-05
2.19116e-05
2.51547e-05
2.84072e-05
3.20648e-05
3.7221e-05
4.61731e-05
6.33237e-05
9.69143e-05
0.000167144
0.000324125
0.000683991
0.00150104
0.00321211
0.00713159
0.0155933
0.0336687
0.0624996
0.0925564
0.120304
0.14458
0.165016
0.182352
0.19753
0.2094
0.218034
0.223778
0.227118
0.228769
0.229508
0.229814
0.229933
0.229977
0.229992
0.229998
0.229999
0.23
0.23
0.23
0.23
0.23
0.23
0.23
0.23
0.23
0.23
0.23
0.23
0.23
0.23
0.23
0.23
0.23
0.23
0.23
0.23
0.23
0.23
0.23
0.23
0.23
0.23
0.23
0.23
0.23
2.63103e-22
1.41609e-21
6.25343e-21
2.32551e-20
9.00663e-20
3.97411e-19
1.82283e-18
8.35612e-18
3.78818e-17
1.69454e-16
7.47119e-16
3.24453e-15
1.38803e-14
5.85832e-14
1.65924e-13
5.68944e-13
2.15003e-12
8.13922e-12
3.0023e-11
1.06996e-10
3.67347e-10
1.21153e-09
3.82602e-09
1.15284e-08
3.30102e-08
8.93839e-08
2.27419e-07
5.38898e-07
1.17536e-06
2.28493e-06
3.9587e-06
6.1968e-06
8.91546e-06
1.19852e-05
1.52647e-05
1.86253e-05
2.19591e-05
2.52126e-05
2.84631e-05
3.21248e-05
3.72816e-05
4.62241e-05
6.33631e-05
9.69193e-05
0.00016708
0.000323836
0.000683017
0.00149838
0.00320643
0.00711885
0.0155673
0.0336207
0.0624694
0.0925696
0.120374
0.144712
0.165209
0.182648
0.19784
0.209665
0.218281
0.223967
0.227228
0.228825
0.229534
0.229825
0.229937
0.229978
0.229993
0.229998
0.229999
0.23
0.23
0.23
0.23
0.23
0.23
0.23
0.23
0.23
0.23
0.23
0.23
0.23
0.23
0.23
0.23
0.23
0.23
0.23
0.23
0.23
0.23
0.23
0.23
0.23
0.23
0.23
0.23
0.23
1.65442e-22
1.20934e-21
5.12408e-21
2.18126e-20
8.31194e-20
3.47177e-19
1.6087e-18
7.39835e-18
3.36987e-17
1.51845e-16
6.76003e-16
2.9702e-15
1.28654e-14
5.4863e-14
1.53441e-13
5.15713e-13
1.91634e-12
7.24021e-12
2.68361e-11
9.62538e-11
3.32869e-10
1.10653e-09
3.52409e-09
1.0714e-08
3.09658e-08
8.46629e-08
2.17549e-07
5.20641e-07
1.14635e-06
2.25007e-06
3.92542e-06
6.17248e-06
8.90398e-06
1.1988e-05
1.52819e-05
1.86532e-05
2.19929e-05
2.52482e-05
2.84964e-05
3.21413e-05
3.72683e-05
4.61646e-05
6.32098e-05
9.65476e-05
0.000166125
0.000321273
0.000676639
0.00148264
0.00317157
0.00703985
0.0153957
0.0332631
0.0620915
0.092251
0.12015
0.144591
0.165191
0.182745
0.198007
0.209864
0.218515
0.224149
0.227341
0.228887
0.229564
0.229838
0.229943
0.229981
0.229994
0.229998
0.229999
0.23
0.23
0.23
0.23
0.23
0.23
0.23
0.23
0.23
0.23
0.23
0.23
0.23
0.23
0.23
0.23
0.23
0.23
0.23
0.23
0.23
0.23
0.23
0.23
0.23
0.23
0.23
0.23
0.23
1.91718e-22
1.43732e-21
5.25436e-21
1.70838e-20
7.63391e-20
3.10374e-19
1.43322e-18
6.61999e-18
3.02781e-17
1.37006e-16
6.12773e-16
2.7057e-15
1.17783e-14
5.04737e-14
1.41795e-13
4.69613e-13
1.74635e-12
6.61191e-12
2.46084e-11
8.8723e-11
3.08563e-10
1.03192e-09
3.30743e-09
1.01221e-08
2.94559e-08
8.10976e-08
2.09856e-07
5.0576e-07
1.12127e-06
2.21665e-06
3.88576e-06
6.13349e-06
8.87763e-06
1.19848e-05
1.53004e-05
1.86827e-05
2.20268e-05
2.52738e-05
2.84985e-05
3.21068e-05
3.71711e-05
4.59503e-05
6.27539e-05
9.55508e-05
0.000163699
0.000314913
0.000660646
0.00144408
0.00308705
0.00684283
0.0149671
0.032356
0.0610947
0.0913648
0.119468
0.14414
0.164957
0.182672
0.198077
0.210042
0.218684
0.2243
0.22743
0.228934
0.229586
0.229848
0.229947
0.229982
0.229994
0.229998
0.229999
0.23
0.23
0.23
0.23
0.23
0.23
0.23
0.23
0.23
0.23
0.23
0.23
0.23
0.23
0.23
0.23
0.23
0.23
0.23
0.23
0.23
0.23
0.23
0.23
0.23
0.23
0.23
0.23
0.23
1.68587e-22
1.07858e-21
4.05611e-21
1.49891e-20
5.99538e-20
2.46575e-19
1.11699e-18
5.0751e-18
2.30148e-17
1.03237e-16
4.56523e-16
1.98334e-15
8.42301e-15
3.47027e-14
1.3695e-13
3.8464e-13
1.37311e-12
5.20027e-12
1.95474e-11
7.14362e-11
2.52162e-10
8.5693e-10
2.794e-09
8.70689e-09
2.5821e-08
7.24935e-08
1.91381e-07
4.70605e-07
1.06387e-06
2.14697e-06
3.82319e-06
6.0976e-06
8.8756e-06
1.20089e-05
1.53444e-05
1.87412e-05
2.20826e-05
2.5305e-05
2.84815e-05
3.20151e-05
3.69821e-05
4.56245e-05
6.21907e-05
9.45342e-05
0.000161614
0.000310013
0.000649384
0.00141707
0.00302754
0.00649817
0.0143202
0.0309916
0.0595322
0.0898695
0.118181
0.143143
0.164289
0.182286
0.197926
0.210072
0.21884
0.224526
0.2276
0.229032
0.229635
0.22987
0.229956
0.229985
0.229995
0.229999
0.23
0.23
0.23
0.23
0.23
0.23
0.23
0.23
0.23
0.23
0.23
0.23
0.23
0.23
0.23
0.23
0.23
0.23
0.23
0.23
0.23
0.23
0.23
0.23
0.23
0.23
0.23
0.23
0.23
0.23
)
;

boundaryField
{
    fuel
    {
        type            fixedValue;
        value           uniform 0;
    }
    air
    {
        type            fixedValue;
        value           uniform 0.23;
    }
    outlet
    {
        type            inletOutlet;
        inletValue      uniform 0;
        value           nonuniform List<scalar> 
200
(
1.16562e-22
8.24591e-22
4.40494e-21
1.66712e-20
5.84034e-20
2.4968e-19
1.12326e-18
5.10144e-18
2.30982e-17
1.03558e-16
4.57858e-16
1.98884e-15
8.44514e-15
3.47884e-14
1.37263e-13
3.85485e-13
1.37598e-12
5.21043e-12
1.95828e-11
7.15556e-11
2.52548e-10
8.58124e-10
2.79751e-09
8.71669e-09
2.58467e-08
7.25564e-08
1.91523e-07
4.70895e-07
1.06439e-06
2.14777e-06
3.82421e-06
6.09871e-06
8.87666e-06
1.20098e-05
1.53452e-05
1.8742e-05
2.20836e-05
2.53063e-05
2.84835e-05
3.20179e-05
3.69863e-05
4.56311e-05
6.22001e-05
9.45439e-05
0.000161624
0.000310016
0.000649311
0.00141676
0.00302661
0.00649519
0.014311
0.0309655
0.0594996
0.0898357
0.118148
0.143113
0.164263
0.182262
0.197907
0.210056
0.21883
0.224519
0.227596
0.22903
0.229634
0.229869
0.229955
0.229985
0.229995
0.229999
0.23
0.23
0.23
0.23
0.23
0.23
0.23
0.23
0.23
0.23
0.23
0.23
0.23
0.23
0.23
0.23
0.23
0.23
0.23
0.23
0.23
0.23
0.23
0.23
0.23
0.23
0.23
0.23
0.23
0.23
1.68587e-22
1.07858e-21
4.05611e-21
1.49891e-20
5.99538e-20
2.46575e-19
1.11699e-18
5.0751e-18
2.30148e-17
1.03237e-16
4.56523e-16
1.98334e-15
8.42301e-15
3.47027e-14
1.3695e-13
3.8464e-13
1.37311e-12
5.20027e-12
1.95474e-11
7.14362e-11
2.52162e-10
8.5693e-10
2.794e-09
8.70689e-09
2.5821e-08
7.24935e-08
1.91381e-07
4.70605e-07
1.06387e-06
2.14697e-06
3.82319e-06
6.0976e-06
8.8756e-06
1.20089e-05
1.53444e-05
1.87412e-05
2.20826e-05
2.5305e-05
2.84815e-05
3.20151e-05
3.69821e-05
4.56245e-05
6.21907e-05
9.45342e-05
0.000161614
0.000310013
0.000649384
0.00141707
0.00302754
0.00649817
0.0143202
0.0309916
0.0595322
0.0898695
0.118181
0.143143
0.164289
0.182286
0.197926
0.210072
0.21884
0.224526
0.2276
0.229032
0.229635
0.22987
0.229956
0.229985
0.229995
0.229999
0.23
0.23
0.23
0.23
0.23
0.23
0.23
0.23
0.23
0.23
0.23
0.23
0.23
0.23
0.23
0.23
0.23
0.23
0.23
0.23
0.23
0.23
0.23
0.23
0.23
0.23
0.23
0.23
0.23
0.23
)
;
    }
    frontAndBack
    {
        type            empty;
    }
}


// ************************************************************************* //
