/*--------------------------------*- C++ -*----------------------------------*\
  =========                 |
  \\      /  F ield         | OpenFOAM: The Open Source CFD Toolbox
   \\    /   O peration     | Website:  https://openfoam.org
    \\  /    A nd           | Version:  11
     \\/     M anipulation  |
\*---------------------------------------------------------------------------*/
FoamFile
{
    format      ascii;
    class       volScalarField;
    location    "0.1";
    object      Qdot;
}
// * * * * * * * * * * * * * * * * * * * * * * * * * * * * * * * * * * * * * //

dimensions      [1 -1 -3 0 0 0 0];

internalField   nonuniform List<scalar> 
4000
(
0
-1.2019e-32
0
2.44834e-26
-1.53843e-30
-2.49957e-06
2.49957e-06
0
0
0
0
0
0
5.59588e-16
2.23835e-15
0
0
0
0
0
0
0
1.68215e-15
6.72513e-15
0
0
0
-2.07457e-13
0
-1.25029e-15
1.45336e-07
3.18101e-05
0.00346205
0.174884
4.18946
54.1991
427.321
2260.64
8651.56
25798.8
63968.4
141382
292547
659356
1.57461e+06
3.78345e+06
8.70659e+06
1.94784e+07
4.17024e+07
9.18897e+07
2.01801e+08
2.87572e+08
1.1732e+08
4.61824e+07
1.6991e+07
5.71324e+06
1.81808e+06
314674
7379.47
30.8734
0.0428173
5.56794e-05
3.08936e-07
7.04971e-09
-1.31953e-10
-2.95715e-11
-8.42123e-12
-2.5512e-12
-6.6836e-11
-2.3015e-13
-6.66939e-14
-1.88968e-14
-5.19828e-15
-6.3784e-12
-3.82107e-16
-1.11363e-16
-4.27827e-17
4.95533e-11
-3.71954e-18
-4.9554e-11
-2.60408e-19
-7.28344e-20
-1.00382e-18
-6.29818e-21
-1.9331e-21
-7.67785e-22
-2.4651e-22
-5.94352e-23
-1.52242e-23
-4.67382e-24
-1.17987e-24
-3.07338e-25
-7.70723e-26
-6.37699e-12
-5.1441e-27
-1.13735e-27
-3.07568e-28
-7.5266e-29
-1.85842e-29
1.69233e-28
0
2.50363e-23
6.6708e-23
0
0
-6.40928e-21
0
0
0
-3.1507e-27
-4.01135e-22
0
2.01645e-25
0
0
0
0
-1.43254e-13
1.31444e-17
2.49955e-06
0
0
0
0
4.21862e-19
0
0
-2.40116e-06
7.90364e-13
-1.65899e-15
2.02636e-07
3.31735e-05
0.00353535
0.172367
4.05967
52.0955
410.475
2183.85
8449.47
25388.3
63586.3
141919
296040
673842
1.62197e+06
3.89776e+06
9.009e+06
2.02569e+07
4.34667e+07
9.6026e+07
2.11269e+08
2.79645e+08
1.13698e+08
4.45279e+07
1.62764e+07
5.43477e+06
1.7207e+06
288846
6827.16
30.5733
0.0485513
7.49083e-05
4.41354e-07
1.8859e-08
-1.12201e-10
-4.17397e-11
-3.55635e-10
-3.10285e-12
-9.66458e-13
-4.98443e-11
-8.7094e-14
-6.40219e-12
-7.09451e-15
-1.96162e-15
-5.33315e-16
-1.47121e-16
-4.54646e-17
-1.77516e-17
-4.91682e-18
4.9554e-11
6.37697e-12
5.79636e-18
-2.96825e-20
-8.97958e-21
-2.6892e-21
-9.93834e-22
-2.73791e-22
-8.37938e-23
1.41866e-21
-6.08967e-24
-1.52242e-24
-3.61574e-25
-9.75298e-26
-6.37699e-12
-6.15508e-27
-1.48674e-27
-3.73542e-28
-9.66378e-29
-2.36948e-29
-3.36838e-30
-4.16925e-24
2.4038e-32
0
0
2.49957e-06
-6.40928e-21
-1.56694e-24
0
0
2.18589e-18
0
-6.99485e-17
0
0
0
1.29053e-23
0
0
2.49956e-06
-2.29205e-12
-6.88173e-12
1.83349e-11
0
0
8.78654e-10
0
0
-9.00795e-09
-2.47842e-17
-1.88498e-15
2.31069e-07
3.69186e-05
0.00373501
0.175898
4.06202
51.6087
404.715
2150.99
8333.22
25202.2
63461.2
142450
298779
685947
1.66252e+06
3.99871e+06
9.27404e+06
2.08714e+07
4.46945e+07
9.88568e+07
2.1764e+08
2.74014e+08
1.11143e+08
4.33912e+07
1.58085e+07
5.26371e+06
1.6644e+06
278521
6802
33.1226
0.0559116
9.11874e-05
5.08918e-07
2.67268e-08
-3.28744e-09
-3.81816e-11
-5.30672e-10
-3.36191e-12
-1.05429e-12
-3.22202e-13
-9.65093e-14
-2.82471e-14
-8.07532e-15
-2.23134e-15
-6.10963e-16
-1.69088e-16
-5.10838e-17
-1.02415e-15
-7.08788e-18
-1.8039e-18
2.31276e-17
-1.26213e-19
-2.00029e-18
4.80741e-19
4.9554e-11
-1.06788e-21
-3.10817e-22
-8.93963e-23
6.37699e-12
-6.66819e-24
-1.766e-24
-4.4721e-25
-1.02287e-25
-2.46203e-26
-5.12924e-27
-8.93088e-26
-3.44737e-28
-9.989e-29
-1.39963e-27
-3.07801e-30
0
0
2.49957e-06
0
-1.60232e-21
-6.15372e-30
0
0
2.49957e-06
0
0
0
0
0
0
0
0
-2.1506e-13
0
0
0
-2.49932e-06
0
0
0
0
0
0
-2.4729e-17
-1.46183e-12
2.01674e-07
3.9741e-05
0.00388222
0.178759
4.0717
51.3783
401.787
2133.34
8263.92
25025.7
63241.4
142427
299553
690027
1.67727e+06
4.03662e+06
9.373e+06
2.11107e+07
4.51939e+07
9.99932e+07
2.20175e+08
2.71603e+08
1.10051e+08
4.29078e+07
1.56097e+07
5.18989e+06
1.63779e+06
276122
7051.97
36.5266
0.0682441
0.000115612
6.32616e-07
1.83544e-08
-1.96345e-10
-4.20167e-11
-1.19212e-11
-3.72955e-12
-1.17977e-12
-1.68471e-11
-1.11417e-13
-3.28242e-14
-9.44844e-15
-2.64818e-15
-7.27434e-16
-1.99227e-16
-5.74693e-17
-2.0689e-17
-7.79029e-18
6.37699e-12
6.37699e-12
-7.99867e-18
2.90978e-18
-6.37699e-12
-3.47647e-21
-1.21209e-21
6.37699e-12
-1.10101e-22
-2.63074e-23
-7.73388e-24
-1.96392e-24
-4.33889e-25
-6.37699e-12
-6.37699e-12
-7.73102e-27
-2.05913e-27
-4.92481e-28
-7.44609e-27
-2.55533e-29
-4.6896e-30
0
2.4038e-32
0
0
1.53843e-30
0
2.49957e-06
-6.26774e-24
-2.49957e-06
-7.65333e-18
0
-3.50612e-17
0
-1.11918e-15
0
0
0
-7.18053e-14
0
0
0
8.41154e-16
0
-2.4971e-06
0
0
-1.15205e-08
-2.392e-06
-2.27935e-06
-2.56132e-15
3.44741e-07
4.49264e-05
0.00419046
0.187537
4.18683
52.004
402.638
2126.47
8223.08
24886
62910.6
141923
299015
689238
1.67759e+06
4.04062e+06
9.38754e+06
2.11495e+07
4.52707e+07
1.00165e+08
2.20536e+08
2.71014e+08
1.09762e+08
4.27748e+07
1.55561e+07
5.17137e+06
1.63135e+06
282237
7682.48
41.8861
0.0844582
0.000147613
7.68489e-07
3.0119e-08
-2.15313e-10
-4.51881e-11
-1.27872e-11
-4.01359e-12
-1.27177e-12
-3.99607e-13
-1.21878e-13
-3.60935e-14
-1.04946e-14
-2.96695e-15
-8.21428e-16
-2.25791e-16
-6.35994e-17
-2.10082e-17
-8.01378e-18
-2.09125e-18
-5.64716e-19
-1.5814e-19
-2.99471e-18
-1.30952e-20
-2.49506e-19
-6.37699e-12
6.37699e-12
-1.21306e-22
-3.94611e-23
2.30599e-22
-2.52721e-24
-6.26094e-25
-1.37018e-25
-3.46112e-26
-8.77174e-27
-2.41595e-27
-5.11065e-28
-6.37699e-12
-3.04316e-29
-4.63153e-30
-4.16925e-24
5.00725e-23
0
0
-2.49957e-06
-1.28186e-20
0
-2.05097e-19
0
0
-2.49957e-06
0
-2.79794e-16
2.49957e-06
0
-1.34412e-14
0
0
0
0
2.49948e-06
2.75246e-11
0
0
0
0
0
0
-4.92843e-17
-2.78498e-15
3.72854e-07
4.65332e-05
0.00439298
0.193484
4.25632
52.4318
403.511
2121.95
8182.05
24737.4
62483.9
140910
296995
683079
1.6627e+06
4.0104e+06
9.31716e+06
2.09927e+07
4.49435e+07
9.9428e+07
2.18852e+08
2.72048e+08
1.10191e+08
4.29619e+07
1.56387e+07
5.20602e+06
1.64376e+06
293728
8573.94
50.7996
0.107521
0.000189579
9.07959e-07
2.57399e-08
-2.3607e-10
-4.87538e-11
5.12181e-10
2.07291e-12
-7.75113e-12
-4.33078e-13
-1.33386e-13
-4.01474e-14
-6.38864e-12
-3.3184e-15
-4.3178e-11
-2.54398e-16
-6.99849e-17
6.37697e-12
-8.04571e-18
-2.23492e-18
-6.2458e-19
-1.77596e-19
-5.03854e-20
-6.37699e-12
-4.42743e-21
-1.44983e-21
-5.10558e-22
-1.3787e-22
-4.31149e-23
-1.06874e-23
-2.82408e-24
-7.5721e-23
-1.87448e-25
-6.37699e-12
-1.03477e-26
-2.66126e-27
-5.85402e-28
-1.65864e-28
-3.67038e-29
-6.44639e-30
-6.25907e-24
0
2.0029e-22
0
-2.49957e-06
1.28186e-20
3.41545e-20
0
0
4.37178e-18
0
0
-2.79794e-16
0
0
1.29053e-23
0
6.5722e-18
8.60237e-13
0
-9.16775e-12
0
0
0
0
0
0
8.96674e-09
-2.46027e-17
-3.14361e-15
3.4334e-07
5.10948e-05
0.00466609
0.201443
4.36524
53.1504
405.755
2121.68
8148.25
24566.8
61982.7
139606
294114
673656
1.63825e+06
3.95863e+06
9.19369e+06
2.07151e+07
4.43749e+07
9.81596e+07
2.16005e+08
2.74087e+08
1.11068e+08
4.33471e+07
1.58039e+07
5.2718e+06
1.66608e+06
307266
9566.62
60.4622
0.134693
0.00023999
1.11176e-06
2.5363e-08
-2.57065e-10
-5.19203e-11
-1.45515e-11
-4.56483e-12
-1.46414e-12
-4.64456e-13
-1.43847e-13
6.33363e-12
-5.27795e-13
-3.64534e-15
-1.02168e-15
-2.7994e-16
-7.66258e-17
-4.95541e-11
4.9554e-11
-4.95541e-11
-7.18367e-19
-1.94558e-19
-5.36281e-20
-1.53401e-20
4.9554e-11
-1.35629e-21
-5.14455e-22
-1.35921e-22
-3.58073e-23
-1.11136e-23
1.17498e-22
-6.03258e-25
-1.67466e-25
-4.42453e-26
-1.14776e-26
-2.92887e-27
-6.03986e-28
-6.37699e-12
-4.04206e-29
-5.8366e-30
0
0
0
5.33689e-22
0
0
-1.56694e-24
0
-7.87676e-28
0
0
0
-1.28363e-20
0
-2.49957e-06
0
-2.49957e-06
0
0
0
-1.37633e-11
-8.41141e-16
0
0
-8.4314e-19
5.33979e-14
0
0
-4.91467e-17
-3.45733e-15
3.42787e-07
5.2946e-05
0.00488472
0.20788
4.4536
53.7641
407.83
2122.23
8119.88
24408.6
61437.5
138222
290962
662923
1.60934e+06
3.89622e+06
9.04212e+06
2.03706e+07
4.36761e+07
9.66006e+07
2.12517e+08
2.76706e+08
1.12213e+08
4.38543e+07
1.60206e+07
5.3569e+06
1.69517e+06
324710
10960.9
72.692
0.168059
0.000300448
1.31174e-06
2.49765e-08
-2.77508e-10
-5.5085e-11
-1.53499e-11
1.92916e-10
-6.74523e-11
-2.52333e-11
-1.53262e-13
-2.10659e-12
-1.36659e-14
-3.92324e-15
-1.1075e-15
-3.0446e-16
-8.27559e-17
-1.53272e-15
-7.18367e-18
-2.05932e-18
-7.54285e-19
-1.95555e-19
-5.36281e-20
-1.55896e-20
-4.61451e-21
-1.56675e-21
-4.65738e-22
-1.62229e-22
-4.55507e-23
-9.86527e-24
-2.62617e-24
-7.26954e-25
-1.68893e-25
-3.34218e-26
-9.66378e-27
-1.19204e-25
-6.0027e-28
-1.65399e-28
-3.11285e-29
-5.40103e-30
0
0
0
0
0
2.49957e-06
-1.56694e-24
0
-2.49957e-06
0
-2.49957e-06
0
-1.28363e-20
0
-1.02691e-19
0
0
0
0
1.05157e-16
-2.49948e-06
2.64268e-20
0
-2.49674e-06
-2.68344e-14
0
0
0
2.55643e-08
2.09761e-06
2.38244e-06
5.82926e-05
0.00509838
0.214118
4.53474
54.3088
409.625
2122.72
8096.62
24280.6
60994.8
137025
288084
652483
1.57976e+06
3.831e+06
8.88094e+06
1.99993e+07
4.2885e+07
9.48389e+07
2.08602e+08
2.79865e+08
1.13599e+08
4.44642e+07
1.62771e+07
5.45611e+06
1.72844e+06
341234
12274.7
85.265
0.204412
0.000367498
1.56834e-06
3.6552e-08
-4.41917e-09
-5.8116e-11
-5.41694e-10
-5.04913e-12
-1.6314e-12
-5.20936e-13
-1.62677e-13
-6.42634e-12
-1.46467e-14
4.95498e-11
-1.18923e-15
-3.2898e-16
-8.96522e-17
-2.43925e-17
-6.92825e-18
-4.95541e-11
-5.44761e-19
-1.56145e-19
4.95541e-11
-1.39682e-20
-2.49896e-19
-9.36042e-20
-5.28096e-22
-1.59793e-22
2.83561e-21
-1.15704e-23
-2.96871e-24
-7.15536e-25
-1.76505e-25
-4.30559e-26
-1.0764e-26
-2.60179e-27
-6.8204e-28
-1.57966e-28
-3.89107e-29
-4.71864e-30
0
0
0
0
9.79335e-26
0
-3.41545e-20
2.05097e-19
0
0
0
0
0
-8.06581e-25
0
0
0
-6.5722e-18
0
0
0
0
2.49848e-06
0
8.78043e-10
2.32713e-09
0
0
-2.45225e-17
-3.14768e-08
3.41808e-07
6.14847e-05
0.00528026
0.219026
4.60293
54.7815
411.184
2123.01
8076.61
24179.1
60680
136158
286077
645531
1.56031e+06
3.78594e+06
8.75869e+06
1.96821e+07
4.21549e+07
9.29238e+07
2.04389e+08
2.83958e+08
1.15356e+08
4.52175e+07
1.65851e+07
5.57194e+06
1.76678e+06
357782
13633.4
98.6207
0.244206
0.000440876
1.81424e-06
3.61394e-08
-3.17817e-10
-6.08816e-11
-1.67466e-11
2.58106e-10
-1.6983e-12
-5.46038e-13
-1.70523e-13
-5.20476e-14
-4.95693e-11
-6.38145e-12
-1.26279e-15
-6.37734e-12
-9.60377e-17
-2.59251e-17
6.37698e-12
4.95541e-11
6.37704e-12
-1.52154e-19
4.95541e-11
-1.36565e-20
3.64346e-19
-1.43034e-21
-5.69019e-22
-1.42255e-22
-4.39674e-23
7.10121e-22
-2.42064e-24
-6.79379e-25
-1.6366e-25
-4.38884e-26
-4.7985e-25
-1.19517e-25
-2.98438e-26
-1.18474e-28
-3.1477e-29
-4.57346e-30
0
0
0
0
0
0
-4.92298e-29
2.05097e-19
0
0
0
0
-2.10019e-16
0
0
0
5.16212e-23
0
2.49956e-06
0
0
3.66684e-11
0
0
2.68314e-14
-2.32682e-09
0
8.94398e-09
-2.45024e-17
-4.16969e-15
4.26818e-07
6.41706e-05
0.00543906
0.223159
4.65993
55.154
412.183
2121.16
8050.21
24061.1
60343.1
135436
284741
641673
1.55174e+06
3.77306e+06
8.74218e+06
1.9687e+07
4.22731e+07
9.03463e+07
2.0033e+08
2.8983e+08
1.1767e+08
4.61364e+07
1.69377e+07
5.69827e+06
1.80694e+06
373323
14948.4
112.155
0.28606
0.000518782
2.11002e-06
3.5732e-08
-3.3691e-10
-2.20148e-09
-1.74116e-11
-5.46656e-12
-1.76519e-12
-6.9451e-12
-1.78368e-13
-5.4663e-14
-1.6216e-14
-4.70788e-15
-1.32818e-15
-3.69847e-16
-1.01146e-16
-2.74576e-17
6.37698e-12
6.37699e-12
-6.37699e-12
-1.59637e-19
-4.6644e-20
-1.41553e-20
4.95541e-11
-1.55116e-21
-3.11669e-20
6.37699e-12
-4.03136e-23
6.37699e-12
-2.45109e-24
-7.04118e-25
-1.83642e-25
-4.68619e-26
-1.17749e-26
-2.80993e-27
-6.85757e-28
-1.7051e-28
-3.229e-29
-5.77852e-30
-3.00475e-33
0
2.49957e-06
-4.89664e-26
0
0
-2.46149e-29
2.05097e-19
0
2.18589e-18
0
0
-2.49957e-06
0
0
0
0
-6.5722e-18
0
5.73296e-12
0
0
0
0
0
2.47777e-06
0
0
-2.55037e-08
-4.3926e-15
5.11731e-07
6.51165e-05
0.00558925
0.22766
4.71487
55.4853
412.952
2118.65
8022.6
23939.8
59959.5
134464
282602
634441
1.53207e+06
3.73048e+06
8.63449e+06
1.94281e+07
4.17204e+07
8.90504e+07
1.97495e+08
2.92465e+08
1.18821e+08
4.66382e+07
1.71467e+07
5.77862e+06
1.83342e+06
385659
16114.7
125.228
0.328369
0.000598083
2.33122e-06
6.31417e-08
-3.53919e-10
-6.57502e-11
-1.78766e-11
-5.63349e-12
-1.83209e-12
-5.85781e-13
-1.84645e-13
-5.64938e-14
6.36016e-12
-4.90405e-15
-9.80407e-14
2.37766e-14
-1.05744e-16
4.9554e-11
6.37698e-12
-2.12317e-18
-4.95541e-11
7.69237e-18
2.90092e-18
-1.46542e-20
-4.70805e-21
-1.52778e-21
-5.65122e-22
-1.47126e-22
-4.23841e-23
-1.15095e-23
1.7737e-22
-7.99269e-25
-1.5202e-23
-3.80122e-24
-9.50245e-25
-3.18162e-27
-7.80536e-28
-1.98851e-28
-3.69361e-29
-3.49792e-28
6.25907e-24
0
9.61519e-32
0
0
-2.49957e-06
0
0
0
0
0
0
-6.41797e-21
-1.11918e-15
0
1.79072e-14
2.49957e-06
0
0
0
0
-2.64265e-20
7.33196e-11
-2.49656e-06
-2.68293e-14
0
0
-8.93708e-09
-2.44729e-17
-4.57044e-15
4.82875e-07
6.89473e-05
0.00570396
0.230729
4.75267
55.6987
413.223
2114.83
7993.03
23817.4
59582.5
133506
280454
626955
1.51143e+06
3.68661e+06
8.52613e+06
1.91968e+07
4.12632e+07
8.80389e+07
1.9521e+08
2.94307e+08
1.19627e+08
4.6995e+07
1.72992e+07
5.83889e+06
1.85363e+06
396223
17255.6
138.47
0.371121
0.000677951
2.5964e-06
5.08484e-08
-3.69886e-10
-1.17028e-10
-1.84084e-11
2.51203e-10
-1.87389e-12
4.89416e-11
-1.90921e-13
-5.85861e-14
-1.75237e-14
-5.08386e-15
-1.44669e-15
-4.02541e-16
-1.10341e-16
-2.97564e-17
-8.10956e-18
1.86561e-16
3.08253e-17
-1.73605e-19
-3.0002e-18
-1.52154e-20
-4.75482e-21
9.05603e-20
-4.85225e-22
-1.16791e-20
-4.7743e-23
-6.37699e-12
-3.34932e-24
-9.02033e-25
-2.17896e-25
-5.13816e-26
-1.20128e-26
-3.15188e-27
-6.37699e-12
-1.77479e-28
-4.32083e-29
-7.60791e-30
-4.16926e-24
0
2.49957e-06
2.44834e-26
0
0
2.56356e-20
0
0
0
0
0
0
0
0
2.49957e-06
0
0
-2.62887e-17
-2.29204e-12
-4.20604e-16
8.4113e-16
-1.10065e-10
0
2.49111e-06
0
-2.44543e-06
0
-2.44623e-17
-4.74877e-15
4.25828e-07
7.06345e-05
0.00579963
0.233256
4.7829
55.8568
413.276
2110.67
7964.56
23705.2
59243.3
132656
278564
620362
1.49318e+06
3.64806e+06
8.43089e+06
1.89972e+07
4.0868e+07
8.71666e+07
1.93234e+08
2.95884e+08
1.20311e+08
4.72973e+07
1.74284e+07
5.89018e+06
1.87084e+06
405334
18310.5
150.238
0.411161
0.000753722
2.81865e-06
5.05094e-08
-3.84302e-10
-6.99597e-11
-1.87402e-11
-5.90054e-12
4.45818e-12
-3.3579e-11
-6.57229e-12
-6.04169e-14
6.35898e-12
-2.62754e-13
-1.48756e-15
-6.37741e-12
-1.13917e-16
-3.09057e-17
-8.39691e-18
1.86481e-16
-6.30567e-19
-1.78095e-19
-5.21315e-20
6.37699e-12
-4.72364e-21
-1.58234e-21
-5.59275e-22
6.37699e-12
-4.39674e-23
9.45099e-22
-6.37699e-12
-9.36287e-25
-2.07429e-25
-5.4474e-26
-1.18939e-26
-3.06268e-27
-6.37699e-12
-6.37699e-12
-2.78521e-27
-6.64966e-30
0
0
-9.61519e-32
2.49957e-06
0
0
0
-1.36618e-19
0
0
1.31262e-17
0
-2.49957e-06
0
0
0
0
0
0
0
0
8.41129e-16
0
2.49651e-06
2.6828e-14
0
0
0
2.54688e-08
4.70825e-08
2.42674e-06
7.19732e-05
0.0058735
0.235172
4.80511
55.9614
413.161
2106.49
7937.93
23600.6
58944.3
131919
276940
614685
1.4774e+06
3.61479e+06
8.3484e+06
1.8825e+07
4.05261e+07
8.64115e+07
1.91524e+08
2.97259e+08
1.20907e+08
4.75603e+07
1.75408e+07
5.93483e+06
1.88577e+06
413190
19243
161.014
0.448248
0.000824691
3.09386e-06
6.20445e-08
-6.5601e-09
-7.12716e-11
-1.9139e-11
-6.01737e-12
-1.95751e-12
5.73995e-12
-2.00859e-13
-6.14631e-14
-1.84391e-14
6.38766e-13
-6.37851e-12
-4.25018e-16
7.93113e-15
-3.1672e-17
-8.6204e-18
-2.34667e-18
-4.95541e-11
4.95541e-11
-5.33787e-20
-1.59014e-20
-4.9263e-21
-6.37699e-12
-4.9302e-22
-1.49075e-22
-4.46982e-23
-1.40671e-23
-3.69948e-24
6.37699e-12
-2.15042e-25
-6.37699e-12
-1.34401e-26
-2.58692e-27
6.37699e-12
6.37699e-12
-3.86784e-29
-6.85292e-30
0
-2.4038e-32
0
0
0
2.49957e-06
2.49957e-06
0
-2.5071e-23
0
0
0
2.79794e-16
0
2.49957e-06
0
0
2.15053e-13
0
0
0
-2.64264e-20
0
-2.49693e-06
0
1.67634e-18
2.44489e-06
0
-4.8893e-17
-4.92561e-15
2.51093e-06
7.12237e-05
0.0059288
0.236623
4.82166
56.033
412.991
2102.84
7916
23515.7
58695.8
131305
275583
609919
1.46407e+06
3.5867e+06
8.27835e+06
1.86789e+07
4.02345e+07
8.57708e+07
1.90075e+08
2.98436e+08
1.21417e+08
4.77851e+07
1.76368e+07
5.97286e+06
1.89847e+06
419692
20045.7
171.103
0.481455
0.00088953
3.29069e-06
6.18189e-08
-4.0693e-10
2.00777e-09
-6.88223e-11
-6.11752e-12
-5.15282e-11
3.23131e-11
-2.03997e-13
-6.25093e-14
-1.88315e-14
2.52063e-13
-1.55295e-15
-4.35235e-16
-1.19536e-16
-3.24383e-17
4.95541e-11
-2.39456e-18
-6.60499e-19
-1.86576e-19
-3.98362e-18
-5.59311e-11
-5.01984e-21
-1.6447e-21
-4.79379e-22
-1.81229e-22
-4.62815e-23
-1.43107e-23
-3.42544e-24
-8.94421e-25
-1.52115e-23
-4.75756e-26
-1.21318e-26
-2.914e-27
-6.89474e-28
-1.81196e-28
-6.37699e-12
-6.64966e-30
0
0
2.49957e-06
2.44834e-26
0
2.49957e-06
0
0
0
-1.00284e-22
-4.01136e-22
6.99485e-17
0
0
4.4767e-15
0
0
2.49957e-06
0
3.44092e-12
0
0
0
0
8.4285e-19
0
2.44471e-06
2.37745e-06
-2.44411e-17
-1.44293e-12
5.67097e-07
7.21166e-05
0.0059743
0.237794
4.83419
56.0792
412.778
2099.61
7897.7
23446.6
58495.5
130812
274499
606104
1.45337e+06
3.56421e+06
8.22215e+06
1.85622e+07
4.00017e+07
8.52525e+07
1.88901e+08
2.99393e+08
1.21833e+08
4.7968e+07
1.77148e+07
6.00373e+06
1.90868e+06
424674
20690
179.247
0.511264
0.000945045
3.41772e-06
6.16077e-08
-4.1463e-10
-2.16018e-09
-1.9737e-11
-6.16755e-12
-2.01603e-12
-3.36101e-11
-2.07136e-13
-6.35554e-14
1.011e-12
-4.95596e-11
-6.59665e-14
2.37215e-14
-1.21069e-16
-3.30768e-17
-8.97161e-18
1.23309e-16
4.65225e-17
-1.89569e-19
3.87437e-18
-1.66497e-20
-5.03543e-21
-1.61352e-21
-5.18353e-22
-1.84152e-22
-5.94352e-23
-1.7112e-23
-4.0953e-24
-1.15704e-24
-2.59763e-25
-5.78043e-26
-6.37699e-12
-3.6425e-27
-9.32927e-28
-2.30444e-28
3.60527e-27
-9.35018e-30
-6.0095e-33
0
2.49957e-06
3.84608e-31
-4.89668e-26
0
0
0
0
0
0
5.04113e-26
0
0
4.4767e-15
-1.79068e-14
0
-2.86509e-13
0
2.49954e-06
9.16832e-12
0
-2.49851e-06
0
0
-3.49171e-09
0
0
-2.44373e-17
-2.08574e-06
2.45294e-06
7.28123e-05
0.00600892
0.238588
4.84228
56.1024
412.553
2096.92
7883.11
23393.2
58342.9
130439
273682
603220
1.44526e+06
3.54717e+06
8.17944e+06
1.84736e+07
3.98247e+07
8.48611e+07
1.88017e+08
3.00123e+08
1.22149e+08
4.81069e+07
1.77738e+07
6.02689e+06
1.91578e+06
428443
21155.4
185.393
0.533663
0.00098869
3.54882e-06
6.14361e-08
-4.21315e-10
-7.45568e-11
-1.99364e-11
-6.25104e-12
-8.40644e-12
-5.02045e-11
-2.09228e-13
6.31254e-12
-4.84977e-12
-2.63146e-13
-1.60199e-15
-4.45451e-16
-1.23112e-16
-3.33322e-17
-5.12043e-16
-2.46639e-18
-6.78458e-19
-1.91565e-19
-5.56236e-20
-1.66497e-20
-2.50722e-19
-1.65249e-21
-4.91071e-22
-1.83177e-22
-5.09097e-23
-1.5894e-23
-4.08008e-24
-1.17987e-24
-2.28155e-23
-6.82709e-26
-1.59378e-26
-3.62764e-27
-9.2921e-28
-1.9978e-28
-4.83189e-29
-7.95636e-30
0
2.50363e-23
0
0
-1.53843e-30
0
-1.56694e-24
-3.41715e-19
-2.49957e-06
0
0
0
0
-2.49957e-06
0
0
2.49957e-06
2.1506e-13
-2.62887e-17
1.05154e-16
0
0
0
0
0
2.47695e-06
0
0
-2.44349e-17
-5.05808e-15
4.81834e-07
7.15213e-05
0.00602753
0.239062
4.8469
56.1113
412.366
2094.98
7872.95
23356.7
58239.8
130188
273134
601285
1.4398e+06
3.53574e+06
8.15073e+06
1.84142e+07
3.97059e+07
8.46007e+07
1.8743e+08
3.00614e+08
1.22361e+08
4.82e+07
1.78132e+07
6.04231e+06
1.92027e+06
432491
21456.2
189.542
0.549177
0.00101888
3.67007e-06
7.3179e-08
-4.31624e-10
-7.49499e-11
-2.00693e-11
-6.28441e-12
-2.04111e-12
-6.65266e-13
-2.10274e-13
-6.48631e-14
-1.94199e-14
-5.656e-15
-1.61016e-15
2.37112e-14
-1.23623e-16
-3.37154e-17
-9.09932e-18
-2.48236e-18
3.07535e-17
-1.92562e-19
3.87387e-18
-1.6712e-20
-6.37699e-12
-1.62911e-21
-6.00198e-22
-1.58331e-22
-2.92745e-21
-1.68075e-23
2.35909e-22
-1.19129e-24
-2.28269e-23
5.54449e-24
-6.37699e-12
-3.98445e-27
-9.1806e-28
-2.13718e-28
-4.73897e-29
-4.65119e-28
-6.25907e-24
2.4038e-32
0
0
1.53843e-30
0
0
0
0
-2.49957e-06
0
0
0
8.06581e-25
0
0
0
0
0
0
0
0
0
0
0
0
0
1.3403e-08
-2.44338e-17
-5.14811e-15
4.81805e-07
7.33064e-05
0.00603716
0.23927
4.84889
56.1138
412.267
2094.01
7867.91
23338.9
58189.6
130066
272867
600339
1.43713e+06
3.53015e+06
8.1367e+06
1.83853e+07
3.96481e+07
8.44735e+07
1.87146e+08
3.00851e+08
1.22463e+08
4.82446e+07
1.78321e+07
6.04967e+06
1.9224e+06
434358
21596.8
191.47
0.556338
0.00103272
3.70912e-06
6.1276e-08
-4.81849e-10
-7.52128e-11
-1.37189e-11
-6.3011e-12
-2.04947e-12
-6.63174e-13
-2.1132e-13
-6.48631e-14
4.95343e-11
-4.95597e-11
-6.59991e-14
6.37654e-12
-1.24134e-16
-4.95541e-11
-9.13124e-18
-2.48236e-18
-6.82449e-19
-1.92562e-19
6.37699e-12
-1.64626e-20
2.4048e-19
-9.38498e-20
-1.59821e-20
-1.60767e-22
-5.40763e-23
-1.68684e-23
-4.04963e-24
-1.24077e-24
-3.22562e-25
-7.89754e-26
-1.47484e-26
-3.93985e-27
-6.37699e-12
-7.49673e-27
1.78893e-27
-6.94004e-30
0
2.49957e-06
2.49957e-06
0
0
-6.40929e-21
2.49957e-06
0
0
-2.18589e-18
0
-2.49957e-06
2.01645e-25
0
0
-1.79068e-14
0
-6.5722e-18
8.25936e-22
0
0
8.41127e-16
-2.49862e-06
-4.39894e-10
0
-5.33519e-14
0
4.09593e-13
-2.44338e-17
-5.14811e-15
5.66863e-07
7.16187e-05
0.00603684
0.239266
4.84879
56.1128
412.26
2093.98
7867.83
23338.7
58189.4
130066
272868
600342
1.43714e+06
3.53019e+06
8.13682e+06
1.83856e+07
3.96488e+07
8.44752e+07
1.8715e+08
3.00846e+08
1.22461e+08
4.82437e+07
1.78317e+07
6.0495e+06
1.92235e+06
434321
21594.2
191.437
0.556221
0.00103251
3.67996e-06
6.12771e-08
-4.7513e-10
-7.53452e-11
-2.0069e-11
-6.26768e-12
-2.04947e-12
-6.65266e-13
-2.1132e-13
-6.51247e-14
-1.94199e-14
4.92908e-11
4.95524e-11
-4.49538e-16
-1.24134e-16
-3.37154e-17
-9.09932e-18
4.95541e-11
6.37702e-12
-1.91565e-19
-5.53741e-20
-1.64626e-20
-4.91071e-21
-4.95541e-11
-6.46967e-22
-1.92921e-22
-5.65122e-23
-1.33973e-23
-4.04963e-24
6.37699e-12
-2.1409e-25
-6.01831e-26
-1.51052e-26
-3.68711e-27
-8.99476e-28
-1.71904e-28
-4.57636e-29
-7.95636e-30
6.0095e-33
3.3354e-23
2.49957e-06
-2.44834e-26
0
6.40929e-21
-3.41545e-20
1.36618e-19
8.20414e-19
0
0
1.60459e-21
0
0
-2.49957e-06
0
0
0
0
2.29204e-12
0
0
2.49851e-06
4.39895e-10
0
0
-2.10613e-13
0
-2.44349e-17
2.08548e-06
5.38496e-07
7.14706e-05
0.00602704
0.239044
4.84661
56.1084
412.347
2094.89
7872.63
23356
58238.6
130186
273132
601276
1.43979e+06
3.53576e+06
8.15086e+06
1.84148e+07
3.97072e+07
8.46046e+07
1.87441e+08
3.00599e+08
1.22353e+08
4.81964e+07
1.78116e+07
6.04166e+06
1.92005e+06
432366
21448.3
189.443
0.548797
0.00101821
3.67028e-06
8.89698e-08
-4.25425e-10
-7.49499e-11
-2.00693e-11
-4.0157e-10
-2.04948e-12
-7.03697e-12
-2.10274e-13
-6.46016e-14
-1.93546e-14
-5.63965e-15
-4.95557e-11
-4.49538e-16
-1.23623e-16
-3.35876e-17
-9.06739e-18
4.95541e-11
4.65166e-17
-1.90567e-19
-5.48753e-20
-1.65873e-20
-3.73622e-19
-6.37699e-12
-6.37699e-12
-1.64665e-22
-5.21276e-23
-1.37627e-23
-3.88217e-24
-1.05808e-24
-2.37878e-25
-3.81002e-24
-1.61757e-26
-3.74658e-27
-8.88325e-28
-6.37699e-12
-6.37699e-12
-7.86925e-30
4.16926e-24
0
0
0
0
-6.15372e-30
0
-1.36618e-19
0
0
0
0
-2.1002e-16
0
0
0
5.16212e-23
-2.86509e-13
2.49956e-06
-2.29204e-12
0
2.49923e-06
0
0
-8.42841e-19
0
6.89227e-09
-4.09631e-13
-7.77839e-13
-5.10389e-15
4.819e-07
7.11244e-05
0.00600981
0.238562
4.84183
56.098
412.527
2096.82
7882.89
23392.5
58341.5
130437
273680
603213
1.44525e+06
3.54723e+06
8.17969e+06
1.84745e+07
3.98269e+07
8.48686e+07
1.88038e+08
3.00098e+08
1.22136e+08
4.8101e+07
1.77711e+07
6.02581e+06
1.91541e+06
428234
21142.7
185.237
0.533101
0.000987683
3.50524e-06
8.90901e-08
-4.21317e-10
-7.4557e-11
-1.98697e-11
-6.23433e-12
4.34093e-12
-6.58991e-13
-3.73899e-11
-6.434e-14
4.95346e-11
-5.60696e-15
-1.60199e-15
-4.45451e-16
7.925e-15
-3.32045e-17
-9.00353e-18
-2.43447e-18
-6.6848e-19
-1.88571e-19
-5.43764e-20
-1.62755e-20
-4.91071e-21
-1.62911e-21
3.02003e-20
-1.80254e-22
-5.21276e-23
7.05919e-22
-3.89739e-24
-6.37699e-12
-2.94968e-25
-5.94695e-26
-9.5304e-25
-6.37699e-12
-1.01841e-27
-2.36019e-28
-5.43588e-29
-6.37699e-12
0
0
0
0
4.89668e-26
0
0
0
2.50702e-23
0
0
0
0
0
0
0
-2.49957e-06
2.1506e-13
0
0
9.1679e-12
8.41127e-16
0
4.39898e-10
0
2.47705e-06
0
0
-2.44411e-17
-5.05974e-15
4.82005e-07
7.22183e-05
0.00597417
0.237751
4.83354
56.0733
412.743
2099.47
7897.3
23445.7
58494.1
130811
274502
606112
1.45342e+06
3.56441e+06
8.22278e+06
1.8564e+07
4.00059e+07
8.5264e+07
1.88932e+08
2.99353e+08
1.21814e+08
4.79591e+07
1.77108e+07
6.00214e+06
1.90811e+06
424470
20671.3
179.043
0.51064
0.000943752
3.41817e-06
8.92692e-08
-4.15153e-10
-6.73297e-11
-1.98037e-11
-6.18427e-12
-2.01603e-12
-6.52716e-13
-8.44638e-12
-6.35554e-14
-1.90276e-14
2.51998e-13
6.28033e-14
6.37655e-12
4.95539e-11
4.9554e-11
-7.63932e-16
-2.40254e-18
-6.60499e-19
-1.8458e-19
6.37699e-12
-1.60884e-20
-4.9263e-21
-1.56675e-21
-4.79379e-22
-1.45178e-22
2.82977e-21
-1.47979e-23
-3.82127e-24
-6.37699e-12
-3.06387e-25
-7.08876e-26
-1.71867e-26
-4.35614e-27
-9.40361e-28
-2.09072e-28
-4.97127e-29
-8.47904e-30
0
0
0
0
-1.60232e-21
-6.40929e-21
0
2.05097e-19
0
0
0
2.49957e-06
0
0
-4.4767e-15
2.49957e-06
0
2.06485e-22
0
0
0
0
0
0
0
1.67634e-18
-6.61808e-18
2.37779e-06
-7.78158e-13
-4.92561e-15
4.82153e-07
6.96364e-05
0.00592865
0.236591
4.82095
56.0256
412.943
2102.63
7915.3
23514.6
58694.6
131305
275592
609949
1.4642e+06
3.58712e+06
8.27962e+06
1.86823e+07
4.02424e+07
8.57871e+07
1.90116e+08
2.98378e+08
1.2139e+08
4.77728e+07
1.76314e+07
5.97073e+06
1.89772e+06
419414
20019.1
170.799
0.480422
0.000887661
3.29137e-06
4.60154e-08
-4.06412e-10
-7.25857e-11
-1.94713e-11
-6.11753e-12
-1.98259e-12
4.88328e-11
-2.02951e-13
-6.25093e-14
-1.87007e-14
-5.44349e-15
-1.55295e-15
-4.31148e-16
-1.18515e-16
-3.21828e-17
-8.71619e-18
-2.35465e-18
-4.95541e-11
-1.82086e-19
-5.23809e-20
-1.57143e-20
-4.89512e-21
-1.4888e-21
-2.348e-20
-1.16713e-20
-4.50636e-23
-1.39453e-23
-3.62335e-24
-1.06189e-24
-2.74987e-25
-6.54164e-26
-1.58189e-26
-6.37699e-12
-9.58945e-28
-2.13718e-28
-5.13389e-29
4.48713e-28
4.16926e-24
-2.50363e-23
0
0
-1.06733e-21
0
0
-6.26774e-24
0
3.28155e-18
0
0
0
0
0
0
-7.16273e-14
0
-2.49956e-06
0
-2.29312e-11
0
0
0
0
-3.49206e-09
0
0
-2.44533e-17
2.0875e-06
6.2421e-07
7.18208e-05
0.00587224
0.235136
4.80434
55.9535
413.113
2106.31
7937.48
23599.5
58942.8
131920
276949
614714
1.47752e+06
3.6152e+06
8.34964e+06
1.88283e+07
4.05334e+07
8.64302e+07
1.91573e+08
2.97192e+08
1.20876e+08
4.75458e+07
1.75345e+07
5.93231e+06
1.88488e+06
412849
19211.4
160.664
0.447335
0.000822982
3.06512e-06
5.81059e-08
-3.9613e-10
-7.12718e-11
-1.92057e-11
-5.54997e-11
-1.95751e-12
-6.33891e-13
-1.25705e-11
-6.14631e-14
-4.95722e-11
-5.32906e-15
-1.52026e-15
-4.22974e-16
4.95539e-11
-3.14166e-17
-8.49269e-18
-2.30676e-18
4.65625e-17
-1.77596e-19
2.89818e-18
-1.54648e-20
-4.70805e-21
-1.47321e-21
-4.69636e-22
1.13892e-20
-4.74994e-23
-1.14486e-23
-3.60813e-24
-9.89572e-25
-2.18848e-25
-6.0421e-26
-1.53431e-26
-4.04392e-27
5.76211e-26
-2.19294e-28
-5.45911e-29
-9.20499e-30
0
2.50363e-23
0
2.49957e-06
1.53843e-30
0
5.97917e-20
0
0
0
0
1.60454e-21
0
0
0
0
0
0
-8.60237e-13
3.30371e-21
0
0
1.05676e-19
0
0
0
0
-1.34131e-08
-2.44624e-17
-4.74878e-15
4.2583e-07
6.89448e-05
0.00579722
0.233188
4.7818
55.8465
413.216
2110.41
7963.49
23700.3
59239
132654
278574
620396
1.49332e+06
3.64854e+06
8.43236e+06
1.90012e+07
4.08769e+07
8.71887e+07
1.93291e+08
2.95807e+08
1.20275e+08
4.72806e+07
1.74212e+07
5.88729e+06
1.86981e+06
404951
18279.9
149.995
0.410247
0.000751957
2.78986e-06
5.05174e-08
5.78236e-09
-6.9695e-11
-1.8807e-11
-5.90054e-12
-1.00838e-10
-6.21341e-13
-1.95629e-13
-6.01554e-14
-1.7916e-14
-5.19829e-15
-1.47939e-15
-4.12758e-16
4.9554e-11
-3.05226e-17
-8.23727e-18
-4.95541e-11
4.95541e-11
7.68688e-18
-4.96372e-20
-1.48413e-20
6.37699e-12
6.00148e-20
-4.13123e-22
-1.16801e-20
-5.23712e-23
-1.5346e-23
-6.37699e-12
-6.09793e-23
-2.74035e-25
-6.37699e-12
-1.51647e-26
-3.24108e-27
-6.37699e-12
1.07891e-26
-4.80866e-29
-8.07251e-30
0
0
0
-3.84608e-31
0
0
-2.46149e-29
6.26774e-24
0
-1.00284e-22
0
-2.49957e-06
0
0
0
0
0
0
-8.60237e-13
2.29215e-12
0
-3.66683e-11
0
0
0
0
-2.44577e-06
-1.34167e-08
-2.44729e-17
1.43576e-12
5.11342e-07
6.87955e-05
0.00570084
0.230638
4.75123
55.6861
413.157
2114.63
7992.91
23819.8
59584
133510
280468
626992
1.51158e+06
3.68718e+06
8.52787e+06
1.92015e+07
4.12736e+07
8.80644e+07
1.95275e+08
2.94222e+08
1.19587e+08
4.69771e+07
1.72915e+07
5.83583e+06
1.85256e+06
395773
17210.7
138.027
0.369941
0.000675957
2.60445e-06
3.50042e-08
-1.06485e-08
-3.2023e-09
-1.84084e-11
-5.78372e-12
4.50006e-12
-6.04607e-13
-1.90398e-13
-5.80631e-14
-1.7393e-14
-5.03482e-15
-6.58152e-14
-3.98454e-16
6.37688e-12
-2.96286e-17
-7.98185e-18
-2.16308e-18
-5.90657e-19
-1.66122e-19
-2.99745e-18
-1.428e-20
-4.39626e-21
-1.54337e-21
-4.31771e-11
-1.40793e-22
-4.26277e-23
-6.37699e-12
-3.18185e-24
-9.17257e-25
-2.42635e-25
-5.82801e-26
-7.14768e-25
-2.70586e-27
-6.37699e-12
-1.63076e-28
-6.37699e-12
-6.911e-30
0
3.3354e-23
1.00145e-22
0
1.53843e-30
0
0
6.26774e-24
-5.46473e-19
0
0
-2.49957e-06
0
0
0
0
0
-2.1506e-13
8.25936e-22
2.29194e-12
0
0
3.36361e-15
0
-8.77961e-10
2.47777e-06
0
1.34218e-08
-4.89738e-17
-4.39263e-15
4.83251e-07
6.51682e-05
0.00558443
0.22756
4.71322
55.4702
412.865
2118.3
8021.62
23937.6
59958
134465
282606
634428
1.53214e+06
3.73105e+06
8.63666e+06
1.94345e+07
4.17325e+07
8.90782e+07
1.97565e+08
2.92385e+08
1.18788e+08
4.66246e+07
1.71411e+07
5.77642e+06
1.83262e+06
385266
16088.8
124.902
0.327308
0.000596148
2.33192e-06
5.12428e-08
-3.53923e-10
-6.5618e-11
-1.79433e-11
-5.61678e-12
-1.82373e-12
3.23722e-11
-1.84122e-13
-5.64938e-14
6.36022e-12
-4.855e-15
-1.38131e-15
-3.82107e-16
-1.04722e-16
-2.83515e-17
-7.66258e-18
-2.05932e-18
3.08692e-17
7.69985e-18
-4.58957e-20
-1.37188e-20
-6.37699e-12
-6.2856e-20
-4.482e-22
-1.24229e-22
-3.33714e-23
-6.37699e-12
-3.02961e-24
-9.13451e-25
-2.29314e-25
-1.91845e-24
-1.2667e-26
-2.89914e-27
-7.69386e-28
-1.90488e-28
1.78951e-27
-7.20138e-30
0
-8.34266e-23
0
0
0
0
0
0
0
0
0
0
6.41817e-21
0
0
0
-1.64305e-18
2.1506e-13
-8.25936e-22
0
0
0
0
4.39925e-10
0
0
0
-2.38127e-06
-2.45025e-17
-4.21504e-15
4.26822e-07
6.41714e-05
0.00543553
0.223055
4.65807
55.1367
412.083
2120.78
8049.39
24061
60345.4
135440
284745
641713
1.55213e+06
3.77419e+06
8.74528e+06
1.9693e+07
4.22791e+07
9.036e+07
2.00371e+08
2.89812e+08
1.17669e+08
4.6137e+07
1.69377e+07
5.69796e+06
1.80676e+06
372920
14892.2
111.643
0.284682
0.000516575
2.08856e-06
3.57482e-08
-3.36392e-10
-6.3382e-11
-1.73449e-11
-5.43313e-12
-1.76519e-12
-5.66956e-13
-1.77845e-13
-5.41399e-14
-1.81938e-12
-4.67519e-15
-1.32001e-15
-3.6576e-16
-1.00124e-16
-2.70745e-17
-7.24752e-18
-1.96354e-18
4.66522e-17
-1.51156e-19
-4.37755e-20
-1.29705e-20
4.95541e-11
-1.35629e-21
-4.11175e-22
-1.39332e-22
-1.95694e-21
-1.24229e-23
-3.66903e-24
-9.74347e-25
-2.49296e-25
-5.42361e-26
-1.33806e-26
-3.13701e-27
2.86321e-26
-1.51461e-28
-2.78103e-27
-5.92371e-30
0
-4.8076e-32
1.33416e-22
2.49957e-06
-2.49957e-06
0
2.49957e-06
0
0
-2.00568e-22
0
-2.49957e-06
0
0
4.4767e-15
-2.49957e-06
-5.37666e-14
0
0
2.29205e-12
0
2.49929e-06
-1.10068e-10
6.72218e-15
0
0
0
2.38253e-06
-2.45226e-17
-3.94723e-15
3.41811e-07
6.13325e-05
0.00527722
0.21894
4.6012
54.7634
411.072
2122.61
8076.14
24182.4
60699.5
136205
286131
645456
1.55995e+06
3.78546e+06
8.75802e+06
1.96795e+07
4.21491e+07
9.29095e+07
2.04351e+08
2.83995e+08
1.15365e+08
4.52186e+07
1.65844e+07
5.57122e+06
1.76641e+06
357487
13607.4
98.3268
0.243296
0.000439168
1.83722e-06
4.41074e-08
-2.6894e-10
-6.07493e-11
-8.05714e-10
-5.4758e-11
-1.6983e-12
-5.43946e-13
-1.69999e-13
-5.17861e-14
4.95385e-11
2.53093e-13
-1.25053e-15
-3.46349e-16
-9.45052e-17
6.37697e-12
-3.84377e-16
-1.84381e-18
-5.06848e-19
-1.43175e-19
6.37699e-12
-6.37699e-12
-2.49444e-19
-4.95541e-11
-4.61841e-22
-1.18383e-22
-2.92062e-21
-1.03524e-23
-3.31887e-24
-8.14493e-25
-1.78884e-25
-4.0796e-26
-1.12397e-26
-2.43081e-27
-6.09562e-28
-1.44492e-28
-1.86849e-27
-4.97998e-30
0
0
9.61519e-32
-4.00556e-22
0
-1.23074e-29
0
0
0
-3.15071e-27
0
0
4.0329e-25
0
-4.4767e-15
0
0
-2.06484e-22
0
-2.29205e-12
0
0
0
-2.11201e-19
-2.49077e-06
2.32744e-09
1.14996e-08
0
-2.4545e-17
-3.67938e-15
3.99272e-07
5.82934e-05
0.00509454
0.213981
4.53262
54.2889
409.505
2122.27
8095.96
24284.4
61023.8
137127
288271
652644
1.57949e+06
3.83048e+06
8.88016e+06
1.99983e+07
4.28922e+07
9.48566e+07
2.08651e+08
2.79766e+08
1.13539e+08
4.4434e+07
1.62635e+07
5.45066e+06
1.72654e+06
340546
12229.5
84.8754
0.203406
0.000365769
1.56156e-06
3.65613e-08
-2.49537e-10
-5.7851e-11
-6.54005e-11
4.4462e-11
-1.6314e-12
-5.20936e-13
-1.62154e-13
-4.91706e-14
-1.44505e-14
-4.16844e-15
-1.17697e-15
-3.23872e-16
-8.81197e-17
1.48642e-15
-6.6409e-18
-1.84381e-18
-5.1483e-19
1.16536e-17
-2.0064e-18
-1.24093e-20
2.41867e-19
-5.5931e-11
6.37699e-12
6.37699e-12
-3.47111e-23
-9.77392e-24
-2.58811e-24
-7.49791e-25
-1.77933e-25
-1.92083e-24
-1.20128e-26
-2.60922e-27
-7.24784e-28
-1.80267e-28
-4.11175e-29
-6.62062e-30
-6.00949e-33
0
9.61519e-32
0
0
0
-5.12743e-20
0
1.09295e-18
0
0
0
-4.20039e-16
0
0
0
0
2.06484e-22
-8.60237e-13
0
0
8.41141e-16
0
2.49681e-06
0
1.67765e-18
-2.45364e-06
0
-2.45734e-17
-3.36636e-15
4.85632e-07
5.44934e-05
0.00488261
0.207758
4.45156
53.7451
407.72
2121.81
8118.9
24408.7
61451.1
138287
291147
663400
1.61007e+06
3.89711e+06
9.04289e+06
2.03762e+07
4.36839e+07
9.66315e+07
2.12611e+08
2.76581e+08
1.12143e+08
4.38183e+07
1.60039e+07
5.35003e+06
1.69268e+06
323910
10912.8
72.2957
0.167061
0.000298758
1.34225e-06
3.29746e-08
-2.77251e-10
-5.50854e-11
-1.52833e-11
-2.68217e-10
-1.54777e-12
-4.9165e-13
-5.60815e-11
-4.62937e-14
-4.95675e-11
-3.89054e-15
-1.09524e-15
-6.37729e-12
-8.17342e-17
-1.53253e-15
-6.57705e-18
-4.95541e-11
-7.46303e-19
-1.86576e-19
-4.96371e-20
4.9554e-11
-4.06887e-21
-6.26338e-20
-3.11337e-20
-1.42742e-22
-4.50636e-23
-1.0931e-23
-1.22735e-22
-8.60166e-25
-2.02672e-25
-6.37699e-12
-6.37699e-12
-1.79034e-25
-8.43723e-28
-2.18364e-28
-6.37699e-12
-5.54622e-30
6.00949e-33
-4.80759e-32
0
0
1.53843e-30
0
0
0
0
2.00568e-22
-2.49957e-06
3.20908e-21
-4.0329e-25
0
0
0
0
0
0
0
-2.10303e-16
0
0
-6.72294e-15
8.78228e-10
0
0
1.34613e-08
-2.46027e-17
-3.18919e-15
3.43344e-07
4.93927e-05
0.00466551
0.201324
4.36321
53.1318
405.65
2121.25
8146.85
24562.8
61973.6
139590
294101
673558
1.63784e+06
3.9577e+06
9.19118e+06
2.07102e+07
4.43846e+07
9.81968e+07
2.16111e+08
2.73958e+08
1.11002e+08
4.33152e+07
1.57896e+07
5.26601e+06
1.66393e+06
306439
9515.97
60.0649
0.133785
0.000238635
1.1123e-06
2.53721e-08
-2.62523e-10
-5.17879e-11
-1.44847e-11
-4.54812e-12
-1.45577e-12
-4.64456e-13
-1.43324e-13
-4.30244e-14
-1.26197e-14
-3.5963e-15
-1.00533e-15
-4.95543e-11
-7.50933e-17
-2.17106e-17
-6.96018e-18
-1.28394e-16
-7.02403e-19
1.16132e-17
-4.98866e-20
-7.51421e-19
3.64549e-19
6.01667e-20
-3.76098e-22
-1.20332e-22
-3.83649e-23
-1.16313e-23
-3.1514e-24
-6.37699e-12
-6.37699e-12
-6.37699e-12
-1.23102e-26
-3.13701e-27
-8.36289e-28
-1.81196e-28
-4.57636e-29
-6.37699e-12
-6.00949e-33
0
0
2.49957e-06
0
0
0
0
-2.49957e-06
0
0
1.00823e-25
0
0
0
0
1.64305e-18
0
0
0
-9.16797e-12
0
0
0
0
0
0
0
-2.46422e-17
-2.785e-15
3.44121e-07
4.62774e-05
0.0043898
0.193376
4.25459
52.4136
403.397
2121.44
8180.15
24731.4
62466.4
140873
296938
682902
1.66236e+06
4.01016e+06
9.31738e+06
2.09954e+07
4.49551e+07
9.9465e+07
2.18958e+08
2.71912e+08
1.10125e+08
4.29299e+07
1.56245e+07
5.2003e+06
1.64167e+06
292927
8533.24
50.5189
0.106871
0.000188522
9.23453e-07
1.77207e-08
-2.35811e-10
-4.84885e-11
5.12149e-10
1.93459e-10
-1.37214e-12
-1.69127e-11
6.24391e-12
-3.97551e-14
-1.16062e-14
6.3737e-12
-9.15422e-16
-4.95543e-11
-6.81969e-17
-2.04974e-17
-6.377e-12
-2.18703e-18
-3.20386e-17
-1.68118e-19
-4.71428e-20
-1.33447e-20
4.9554e-11
-1.2004e-21
-3.62457e-22
-1.25204e-22
-3.98264e-23
-1.10832e-23
-3.13618e-24
-7.23148e-25
-1.85545e-25
-4.92407e-26
-1.24291e-26
-2.52002e-27
2.86117e-26
-1.79337e-28
-4.69251e-29
-4.7622e-30
-8.33851e-24
0
0
2.49957e-06
1.53843e-30
0
0
1.96919e-28
-7.87676e-28
0
-8.02271e-22
-1.0501e-16
0
0
3.36031e-15
1.34412e-14
0
0
0
0
0
0
0
0
0
0
0
8.98433e-09
-4.936e-17
-2.5156e-15
3.44745e-07
4.49272e-05
0.00418673
0.187404
4.18441
51.9814
402.496
2125.81
8220.7
24878.3
62891.6
141888
298968
689112
1.67749e+06
4.0409e+06
9.38898e+06
2.11546e+07
4.52857e+07
1.00207e+08
2.20648e+08
2.70884e+08
1.097e+08
4.27456e+07
1.55432e+07
5.16623e+06
1.62944e+06
281552
7651.19
41.6491
0.0839028
0.000146681
7.46206e-07
2.60975e-08
-2.14792e-10
-4.50555e-11
-5.38723e-10
-3.98015e-12
-1.16711e-10
-3.97515e-13
-1.21355e-13
-3.59627e-14
-7.83637e-13
-1.96245e-13
-8.13255e-16
-2.21704e-16
-6.20669e-17
9.85197e-16
6.37698e-12
-6.37699e-12
-5.4077e-19
-1.47664e-19
-4.14059e-20
-4.9554e-11
6.37699e-12
-1.06009e-21
-3.26406e-22
-9.84091e-23
-3.03266e-23
-1.0322e-23
-2.78602e-24
-7.72627e-25
-1.93157e-25
-4.92407e-26
-1.20723e-26
-2.94374e-27
-7.39651e-28
-1.41704e-28
-3.33354e-29
-5.98179e-30
0
0
0
3.84607e-31
0
0
-2.49957e-06
0
2.49957e-06
0
0
0
0
0
0
0
0
2.1506e-13
0
0
6.60731e-21
-2.49932e-06
0
-6.72357e-15
0
0
0
-8.99479e-09
-2.47292e-17
-2.15543e-15
2.01677e-07
3.98448e-05
0.00387813
0.178618
4.06905
51.3512
401.605
2132.48
8260.86
25016.9
63222.5
142391
299499
689842
1.67692e+06
4.03649e+06
9.37368e+06
2.11145e+07
4.52053e+07
1.00027e+08
2.20277e+08
2.71461e+08
1.09982e+08
4.2875e+07
1.55951e+07
5.18405e+06
1.63562e+06
275296
7014.4
36.2858
0.0677389
0.000114753
6.10182e-07
2.64164e-08
-1.95822e-10
1.48124e-09
-1.19213e-11
-3.6961e-12
4.8364e-11
-3.65089e-13
-1.10894e-13
4.95211e-11
-9.35036e-15
-2.62366e-15
-7.21304e-16
7.85144e-15
4.9554e-11
9.85836e-16
-7.53487e-18
-6.3769e-12
-4.88888e-19
-1.29705e-19
-3.56689e-20
-1.02891e-20
6.37699e-12
-9.08091e-22
-2.59176e-22
-6.37699e-12
-3.09355e-23
-9.92616e-24
-2.80125e-24
-7.65015e-25
-1.97914e-25
-5.01922e-26
-9.63405e-27
-2.60179e-27
-6.37699e-12
-6.37699e-12
-3.72845e-29
-4.57345e-30
0
0
0
0
0
0
0
-6.26774e-24
0
0
0
-1.60454e-21
2.49957e-06
0
0
4.10776e-19
0
0
0
-2.49955e-06
6.88173e-12
0
-1.682e-15
0
0
-5.34691e-14
0
0
7.88812e-13
-3.1897e-08
2.06576e-06
3.66615e-05
0.00373064
0.175743
4.05904
51.578
404.503
2149.96
8329.46
25191.7
63434.6
142395
298681
685620
1.66188e+06
3.99811e+06
9.27413e+06
2.08743e+07
4.47047e+07
9.88946e+07
2.17755e+08
2.73847e+08
1.11064e+08
4.33541e+07
1.57921e+07
5.25709e+06
1.66193e+06
277585
6761.06
32.8743
0.0554497
9.05682e-05
4.93974e-07
3.07329e-08
-1.81009e-10
-3.80488e-11
-1.08217e-11
-1.35109e-10
-1.05011e-12
-3.22202e-13
-9.65093e-14
-2.81163e-14
-4.95619e-11
-4.95562e-11
-6.00746e-16
-1.22479e-14
-5.00622e-17
1.49242e-15
-6.89632e-18
-1.72408e-18
-4.40997e-19
-1.15737e-19
-3.15533e-20
4.3177e-11
-2.75935e-21
-4.9554e-11
-2.49433e-22
-7.55119e-23
-2.5333e-23
3.53051e-22
-1.77362e-24
-6.37699e-12
-1.20366e-25
-3.02105e-26
-6.37699e-12
-1.18922e-25
2.16228e-26
-9.94254e-29
-2.49725e-29
-4.15241e-30
0
-2.4038e-32
0
0
0
-2.49957e-06
2.56371e-20
0
2.49957e-06
0
0
0
-2.10019e-16
0
0
0
0
0
-2.49956e-06
0
2.49951e-06
0
0
0
0
0
0
0
4.30899e-08
-1.61293e-15
1.44763e-07
3.33296e-05
0.00353079
0.172195
4.0563
52.0582
410.218
2182.61
8444.93
25374.1
63553.5
141851
295929
673585
1.6218e+06
3.89841e+06
9.01178e+06
2.02643e+07
4.34844e+07
9.608e+07
2.11415e+08
2.79453e+08
1.13612e+08
4.44888e+07
1.6259e+07
5.42765e+06
1.71805e+06
287805
6781.77
30.3158
0.0480973
7.43067e-05
4.11054e-07
1.88655e-08
-1.60149e-10
-3.52691e-11
-5.36322e-10
3.26459e-10
-9.62274e-13
-2.92914e-13
-8.7094e-14
-2.51086e-14
6.36988e-12
-1.9371e-15
4.95535e-11
-1.45078e-16
-4.46984e-17
-1.72408e-17
-3.82285e-16
6.15988e-17
1.53777e-17
-4.02203e-18
-2.60657e-20
-4.98701e-19
-2.32284e-21
-7.7558e-22
-2.13382e-22
-6.50377e-23
9.38704e-22
-2.45744e-22
-1.59854e-24
-4.0344e-25
-1.09424e-25
-2.85453e-26
-7.34447e-27
-1.34178e-27
-3.47524e-28
-9.01333e-29
-2.11976e-29
-3.1506e-30
0
0
0
-4.0058e-22
0
0
0
-3.42395e-20
0
0
0
0
-2.01645e-25
-2.49957e-06
2.23835e-15
-6.45264e-24
8.21525e-19
-3.2861e-18
0
-1.72047e-12
0
0
0
6.72513e-15
0
-1.7514e-09
0
0
0
-1.25031e-15
1.45339e-07
3.16297e-05
0.003457
0.174684
4.18548
54.1546
427.016
2259.21
8646.57
25786
63937.5
141316
292415
658842
1.57334e+06
3.78157e+06
8.70386e+06
1.94784e+07
4.17192e+07
9.19435e+07
2.01955e+08
2.87325e+08
1.17197e+08
4.61233e+07
1.69647e+07
5.7027e+06
1.81431e+06
313360
7325.91
30.5933
0.0424049
5.51271e-05
3.09156e-07
7.10234e-09
-1.31428e-10
-2.95051e-11
-8.38784e-12
-1.34308e-10
-7.69856e-13
-2.28058e-13
-5.27121e-11
-6.39566e-12
-5.16559e-15
-1.39357e-15
-3.76999e-16
-6.3771e-12
-4.21442e-17
-1.25155e-17
1.85292e-16
-9.17913e-19
-2.41451e-19
-6.53514e-20
-1.8458e-20
-5.44075e-21
-1.67588e-21
-5.10558e-22
-2.02664e-22
-6.04095e-23
-1.45647e-21
-6.37699e-12
-6.10744e-23
-3.04483e-25
3.66777e-24
-1.94465e-26
-5.27791e-27
-1.15594e-27
-1.49414e-26
-7.89828e-29
-1.96876e-29
1.12381e-28
)
;

boundaryField
{
    fuel
    {
        type            calculated;
        value           uniform 0;
    }
    air
    {
        type            calculated;
        value           uniform 0;
    }
    outlet
    {
        type            calculated;
        value           uniform 0;
    }
    frontAndBack
    {
        type            empty;
    }
}


// ************************************************************************* //
