/*--------------------------------*- C++ -*----------------------------------*\
  =========                 |
  \\      /  F ield         | OpenFOAM: The Open Source CFD Toolbox
   \\    /   O peration     | Website:  https://openfoam.org
    \\  /    A nd           | Version:  11
     \\/     M anipulation  |
\*---------------------------------------------------------------------------*/
FoamFile
{
    format      ascii;
    class       volScalarField;
    location    "0.1";
    object      rho;
}
// * * * * * * * * * * * * * * * * * * * * * * * * * * * * * * * * * * * * * //

dimensions      [1 -3 0 0 0 0 0];

internalField   nonuniform List<scalar> 
4000
(
0.658534
0.658534
0.658534
0.658534
0.658534
0.658534
0.658534
0.658534
0.658534
0.658534
0.658534
0.658534
0.658534
0.658534
0.658534
0.658534
0.658534
0.658533
0.658533
0.65853
0.65852
0.658487
0.658382
0.658063
0.657143
0.654654
0.648422
0.634349
0.606779
0.56331
0.509394
0.45417
0.404612
0.3632
0.329477
0.301973
0.279271
0.260259
0.244117
0.230064
0.217703
0.206726
0.196911
0.1881
0.180184
0.1731
0.166835
0.161456
0.157421
0.154865
0.155118
0.161738
0.17954
0.205904
0.24107
0.286615
0.344549
0.420481
0.526758
0.662407
0.819027
0.970353
1.07925
1.13918
1.16653
1.17757
1.18168
1.18312
1.1836
1.18375
1.1838
1.18382
1.18382
1.18382
1.18382
1.18382
1.18382
1.18382
1.18382
1.18382
1.18382
1.18382
1.18382
1.18382
1.18382
1.18382
1.18382
1.18382
1.18382
1.18382
1.18382
1.18382
1.18382
1.18382
1.18382
1.18382
1.18382
1.18382
1.18382
1.18382
0.658534
0.658534
0.658534
0.658534
0.658534
0.658534
0.658534
0.658534
0.658534
0.658534
0.658534
0.658534
0.658534
0.658534
0.658534
0.658534
0.658534
0.658533
0.658532
0.658529
0.658517
0.658478
0.658355
0.657986
0.656946
0.654191
0.647449
0.632582
0.604159
0.560585
0.507379
0.453159
0.404357
0.363332
0.329802
0.302403
0.279739
0.260709
0.244494
0.230439
0.21804
0.207008
0.197132
0.188258
0.180282
0.173144
0.16684
0.161446
0.157441
0.154849
0.155322
0.162484
0.180707
0.207474
0.243028
0.288871
0.346836
0.422554
0.528086
0.66198
0.815538
0.963223
1.07259
1.13485
1.16429
1.17656
1.18126
1.18296
1.18354
1.18373
1.1838
1.18381
1.18382
1.18382
1.18382
1.18382
1.18382
1.18382
1.18382
1.18382
1.18382
1.18382
1.18382
1.18382
1.18382
1.18382
1.18382
1.18382
1.18382
1.18382
1.18382
1.18382
1.18382
1.18382
1.18382
1.18382
1.18382
1.18382
1.18382
1.18382
0.658534
0.658534
0.658534
0.658534
0.658534
0.658534
0.658534
0.658534
0.658534
0.658534
0.658534
0.658534
0.658534
0.658534
0.658534
0.658534
0.658534
0.658533
0.658532
0.658529
0.658516
0.658474
0.658343
0.657954
0.656864
0.653998
0.64704
0.631827
0.603005
0.559273
0.506116
0.452157
0.403749
0.363087
0.329766
0.302484
0.279887
0.260894
0.244703
0.230603
0.218186
0.207137
0.197238
0.188336
0.180328
0.173158
0.166824
0.16141
0.157414
0.154863
0.155469
0.162988
0.181459
0.208415
0.244078
0.289904
0.347643
0.422948
0.527478
0.659469
0.811844
0.958554
1.06913
1.13279
1.16325
1.17609
1.18107
1.18289
1.18352
1.18373
1.18379
1.18381
1.18382
1.18382
1.18382
1.18382
1.18382
1.18382
1.18382
1.18382
1.18382
1.18382
1.18382
1.18382
1.18382
1.18382
1.18382
1.18382
1.18382
1.18382
1.18382
1.18382
1.18382
1.18382
1.18382
1.18382
1.18382
1.18382
1.18382
1.18382
0.658534
0.658534
0.658534
0.658534
0.658534
0.658534
0.658534
0.658534
0.658534
0.658534
0.658534
0.658534
0.658534
0.658534
0.658534
0.658534
0.658534
0.658533
0.658532
0.658528
0.658514
0.658468
0.658326
0.65791
0.656753
0.653743
0.646517
0.630902
0.601664
0.557869
0.504972
0.451394
0.403301
0.36288
0.329709
0.302504
0.279943
0.26097
0.244795
0.230708
0.218275
0.207207
0.19729
0.188372
0.180349
0.173163
0.166816
0.161393
0.157401
0.154867
0.155526
0.163186
0.181746
0.208755
0.244425
0.29018
0.347707
0.422431
0.526027
0.65668
0.806751
0.952941
1.06474
1.13008
1.16185
1.17545
1.1808
1.18278
1.18348
1.18371
1.18379
1.18381
1.18382
1.18382
1.18382
1.18382
1.18382
1.18382
1.18382
1.18382
1.18382
1.18382
1.18382
1.18382
1.18382
1.18382
1.18382
1.18382
1.18382
1.18382
1.18382
1.18382
1.18382
1.18382
1.18382
1.18382
1.18382
1.18382
1.18382
1.18382
0.658534
0.658534
0.658534
0.658534
0.658534
0.658534
0.658534
0.658534
0.658534
0.658534
0.658534
0.658534
0.658534
0.658534
0.658534
0.658534
0.658534
0.658534
0.658532
0.658528
0.658513
0.658465
0.658316
0.657883
0.656682
0.653572
0.64614
0.630168
0.600467
0.556386
0.503501
0.450188
0.402446
0.362318
0.329351
0.30231
0.279859
0.260952
0.244812
0.230744
0.218325
0.20726
0.197339
0.18841
0.180374
0.173178
0.166822
0.161392
0.157398
0.154864
0.15553
0.163209
0.181764
0.208735
0.244311
0.289874
0.347044
0.420872
0.52337
0.653001
0.801456
0.947228
1.06054
1.12766
1.16067
1.17494
1.1806
1.1827
1.18345
1.1837
1.18378
1.18381
1.18382
1.18382
1.18382
1.18382
1.18382
1.18382
1.18382
1.18382
1.18382
1.18382
1.18382
1.18382
1.18382
1.18382
1.18382
1.18382
1.18382
1.18382
1.18382
1.18382
1.18382
1.18382
1.18382
1.18382
1.18382
1.18382
1.18382
1.18382
0.658534
0.658534
0.658534
0.658534
0.658534
0.658534
0.658534
0.658534
0.658534
0.658534
0.658534
0.658534
0.658534
0.658534
0.658534
0.658534
0.658534
0.658534
0.658532
0.658527
0.658512
0.658461
0.658305
0.657851
0.656604
0.653394
0.645778
0.629535
0.599549
0.555383
0.502592
0.449463
0.401908
0.361941
0.329128
0.302167
0.279773
0.260907
0.244796
0.230747
0.218339
0.207282
0.197364
0.188437
0.180401
0.173202
0.166843
0.161408
0.157406
0.154857
0.155485
0.163062
0.181512
0.208336
0.24369
0.28893
0.345682
0.418808
0.520202
0.647938
0.795475
0.941369
1.05631
1.1252
1.15944
1.17439
1.18037
1.18262
1.18342
1.18369
1.18378
1.18381
1.18382
1.18382
1.18382
1.18382
1.18382
1.18382
1.18382
1.18382
1.18382
1.18382
1.18382
1.18382
1.18382
1.18382
1.18382
1.18382
1.18382
1.18382
1.18382
1.18382
1.18382
1.18382
1.18382
1.18382
1.18382
1.18382
1.18382
1.18382
0.658534
0.658534
0.658534
0.658534
0.658534
0.658534
0.658534
0.658534
0.658534
0.658534
0.658534
0.658534
0.658534
0.658534
0.658534
0.658534
0.658534
0.658534
0.658532
0.658527
0.658511
0.658458
0.658296
0.657828
0.656545
0.653252
0.645467
0.628935
0.598588
0.554217
0.501456
0.448532
0.401223
0.361465
0.328804
0.30196
0.279644
0.260831
0.244756
0.230731
0.21834
0.207293
0.197383
0.188461
0.180428
0.173232
0.166872
0.161435
0.157423
0.154848
0.155415
0.162827
0.181128
0.207772
0.242885
0.287802
0.344167
0.416645
0.517112
0.643451
0.789956
0.935871
1.05232
1.12289
1.15831
1.1739
1.18017
1.18254
1.18339
1.18368
1.18378
1.18381
1.18382
1.18382
1.18382
1.18382
1.18382
1.18382
1.18382
1.18382
1.18382
1.18382
1.18382
1.18382
1.18382
1.18382
1.18382
1.18382
1.18382
1.18382
1.18382
1.18382
1.18382
1.18382
1.18382
1.18382
1.18382
1.18382
1.18382
1.18382
0.658534
0.658534
0.658534
0.658534
0.658534
0.658534
0.658534
0.658534
0.658534
0.658534
0.658534
0.658534
0.658534
0.658534
0.658534
0.658534
0.658534
0.658534
0.658532
0.658527
0.65851
0.658455
0.658289
0.657807
0.656491
0.653127
0.645208
0.628464
0.597874
0.553384
0.500648
0.447852
0.400702
0.361088
0.328541
0.301781
0.279525
0.260755
0.244711
0.230709
0.218334
0.207299
0.197398
0.188482
0.180455
0.173262
0.166904
0.161465
0.157442
0.154838
0.155331
0.162544
0.180674
0.207119
0.241975
0.286538
0.342428
0.413938
0.513259
0.638678
0.784514
0.930619
1.0485
1.12069
1.15723
1.17343
1.17998
1.18247
1.18336
1.18367
1.18377
1.18381
1.18382
1.18382
1.18382
1.18382
1.18382
1.18382
1.18382
1.18382
1.18382
1.18382
1.18382
1.18382
1.18382
1.18382
1.18382
1.18382
1.18382
1.18382
1.18382
1.18382
1.18382
1.18382
1.18382
1.18382
1.18382
1.18382
1.18382
1.18382
0.658534
0.658534
0.658534
0.658534
0.658534
0.658534
0.658534
0.658534
0.658534
0.658534
0.658534
0.658534
0.658534
0.658534
0.658534
0.658534
0.658534
0.658534
0.658532
0.658527
0.658509
0.658453
0.658282
0.657788
0.656444
0.653016
0.644969
0.628018
0.597183
0.552568
0.499863
0.447204
0.400214
0.360731
0.328301
0.30162
0.279418
0.260688
0.244671
0.230689
0.218329
0.207306
0.197412
0.188503
0.180479
0.173288
0.166931
0.161489
0.157459
0.154827
0.155239
0.16223
0.180185
0.206441
0.241064
0.285328
0.340851
0.411704
0.510164
0.634612
0.779721
0.925898
1.04498
1.11863
1.15623
1.17299
1.1798
1.1824
1.18334
1.18366
1.18377
1.18381
1.18382
1.18382
1.18382
1.18382
1.18382
1.18382
1.18382
1.18382
1.18382
1.18382
1.18382
1.18382
1.18382
1.18382
1.18382
1.18382
1.18382
1.18382
1.18382
1.18382
1.18382
1.18382
1.18382
1.18382
1.18382
1.18382
1.18382
1.18382
0.658534
0.658534
0.658534
0.658534
0.658534
0.658534
0.658534
0.658534
0.658534
0.658534
0.658534
0.658534
0.658534
0.658534
0.658534
0.658534
0.658534
0.658534
0.658532
0.658527
0.658508
0.658451
0.658276
0.657774
0.656407
0.652929
0.644782
0.627668
0.596637
0.551912
0.499218
0.446665
0.399812
0.360453
0.328099
0.301477
0.279321
0.260625
0.244634
0.230672
0.218326
0.207313
0.197427
0.188521
0.180499
0.173308
0.166949
0.161504
0.157466
0.154822
0.155147
0.161896
0.179679
0.205762
0.240178
0.284176
0.339373
0.40965
0.507309
0.630888
0.775342
0.921608
1.04168
1.11674
1.15531
1.17259
1.17964
1.18234
1.18332
1.18366
1.18377
1.18381
1.18382
1.18382
1.18382
1.18382
1.18382
1.18382
1.18382
1.18382
1.18382
1.18382
1.18382
1.18382
1.18382
1.18382
1.18382
1.18382
1.18382
1.18382
1.18382
1.18382
1.18382
1.18382
1.18382
1.18382
1.18382
1.18382
1.18382
1.18382
0.658534
0.658534
0.658534
0.658534
0.658534
0.658534
0.658534
0.658534
0.658534
0.658534
0.658534
0.658534
0.658534
0.658534
0.658534
0.658534
0.658534
0.658534
0.658532
0.658526
0.658508
0.658449
0.658271
0.65776
0.656371
0.652844
0.644603
0.627336
0.596148
0.551336
0.49866
0.446203
0.399468
0.360222
0.327927
0.301357
0.279241
0.260574
0.244606
0.23066
0.218328
0.207324
0.197445
0.188544
0.180522
0.173327
0.166957
0.161491
0.157418
0.154889
0.155091
0.161578
0.179208
0.205146
0.239383
0.283148
0.338055
0.40783
0.504784
0.627569
0.77142
0.917746
1.03869
1.115
1.15445
1.17221
1.17949
1.18228
1.18329
1.18365
1.18377
1.18381
1.18382
1.18382
1.18382
1.18382
1.18382
1.18382
1.18382
1.18382
1.18382
1.18382
1.18382
1.18382
1.18382
1.18382
1.18382
1.18382
1.18382
1.18382
1.18382
1.18382
1.18382
1.18382
1.18382
1.18382
1.18382
1.18382
1.18382
1.18382
0.658534
0.658534
0.658534
0.658534
0.658534
0.658534
0.658534
0.658534
0.658534
0.658534
0.658534
0.658534
0.658534
0.658534
0.658534
0.658534
0.658534
0.658534
0.658532
0.658526
0.658508
0.658448
0.658268
0.65775
0.656345
0.652784
0.644472
0.627086
0.595768
0.55087
0.498193
0.445798
0.399146
0.359972
0.327761
0.301247
0.27917
0.260532
0.244584
0.230654
0.218333
0.207339
0.197467
0.188571
0.180553
0.173359
0.166988
0.161517
0.157433
0.154887
0.155026
0.161348
0.178853
0.204655
0.238723
0.28227
0.336913
0.406257
0.502649
0.624689
0.767979
0.914349
1.03606
1.11348
1.15371
1.17189
1.17936
1.18223
1.18328
1.18364
1.18376
1.1838
1.18382
1.18382
1.18382
1.18382
1.18382
1.18382
1.18382
1.18382
1.18382
1.18382
1.18382
1.18382
1.18382
1.18382
1.18382
1.18382
1.18382
1.18382
1.18382
1.18382
1.18382
1.18382
1.18382
1.18382
1.18382
1.18382
1.18382
1.18382
0.658534
0.658534
0.658534
0.658534
0.658534
0.658534
0.658534
0.658534
0.658534
0.658534
0.658534
0.658534
0.658534
0.658534
0.658534
0.658534
0.658534
0.658534
0.658532
0.658526
0.658507
0.658447
0.658264
0.65774
0.65632
0.652724
0.644345
0.626852
0.595428
0.550473
0.49781
0.44548
0.398905
0.359799
0.327641
0.301166
0.279118
0.260501
0.24457
0.230652
0.218342
0.207356
0.197491
0.1886
0.180586
0.173395
0.167024
0.16155
0.15745
0.154884
0.154972
0.161164
0.178561
0.204242
0.238157
0.281502
0.335897
0.404836
0.500705
0.622057
0.764904
0.911337
1.03372
1.11211
1.15304
1.1716
1.17924
1.18218
1.18326
1.18364
1.18376
1.1838
1.18382
1.18382
1.18382
1.18382
1.18382
1.18382
1.18382
1.18382
1.18382
1.18382
1.18382
1.18382
1.18382
1.18382
1.18382
1.18382
1.18382
1.18382
1.18382
1.18382
1.18382
1.18382
1.18382
1.18382
1.18382
1.18382
1.18382
1.18382
0.658534
0.658534
0.658534
0.658534
0.658534
0.658534
0.658534
0.658534
0.658534
0.658534
0.658534
0.658534
0.658534
0.658534
0.658534
0.658534
0.658534
0.658534
0.658532
0.658526
0.658507
0.658446
0.658262
0.657733
0.656302
0.652682
0.644255
0.626681
0.595172
0.550162
0.497503
0.445219
0.398704
0.359655
0.327542
0.3011
0.279076
0.260477
0.24456
0.230653
0.218351
0.207373
0.197513
0.188627
0.180617
0.173428
0.167058
0.161581
0.157466
0.154882
0.154926
0.161006
0.178309
0.203884
0.237666
0.280836
0.335016
0.403605
0.498962
0.619855
0.762304
0.908771
1.03171
1.11094
1.15247
1.17135
1.17914
1.18215
1.18325
1.18363
1.18376
1.1838
1.18382
1.18382
1.18382
1.18382
1.18382
1.18382
1.18382
1.18382
1.18382
1.18382
1.18382
1.18382
1.18382
1.18382
1.18382
1.18382
1.18382
1.18382
1.18382
1.18382
1.18382
1.18382
1.18382
1.18382
1.18382
1.18382
1.18382
1.18382
0.658534
0.658534
0.658534
0.658534
0.658534
0.658534
0.658534
0.658534
0.658534
0.658534
0.658534
0.658534
0.658534
0.658534
0.658534
0.658534
0.658534
0.658534
0.658532
0.658526
0.658507
0.658445
0.658259
0.657727
0.656286
0.652644
0.644173
0.626529
0.594951
0.549904
0.497255
0.445014
0.398549
0.359545
0.327466
0.30105
0.279045
0.260461
0.244554
0.230656
0.218361
0.207389
0.197534
0.188652
0.180645
0.173457
0.167088
0.161608
0.15748
0.154881
0.154887
0.160869
0.178093
0.203577
0.237243
0.280264
0.334258
0.402555
0.497514
0.618029
0.760095
0.906578
1.02999
1.10994
1.15198
1.17113
1.17905
1.18211
1.18323
1.18363
1.18376
1.1838
1.18382
1.18382
1.18382
1.18382
1.18382
1.18382
1.18382
1.18382
1.18382
1.18382
1.18382
1.18382
1.18382
1.18382
1.18382
1.18382
1.18382
1.18382
1.18382
1.18382
1.18382
1.18382
1.18382
1.18382
1.18382
1.18382
1.18382
1.18382
0.658534
0.658534
0.658534
0.658534
0.658534
0.658534
0.658534
0.658534
0.658534
0.658534
0.658534
0.658534
0.658534
0.658534
0.658534
0.658534
0.658534
0.658534
0.658532
0.658526
0.658506
0.658445
0.658258
0.657722
0.656274
0.652616
0.644114
0.626418
0.594787
0.549708
0.497065
0.444857
0.398434
0.359461
0.327407
0.301011
0.279022
0.260449
0.244551
0.23066
0.218371
0.207403
0.197552
0.188674
0.180669
0.173483
0.167113
0.161632
0.157492
0.15488
0.154854
0.160754
0.17791
0.203319
0.23689
0.279787
0.33363
0.401682
0.496294
0.616378
0.758268
0.904728
1.02855
1.10911
1.15158
1.17096
1.17898
1.18209
1.18322
1.18362
1.18376
1.1838
1.18382
1.18382
1.18382
1.18382
1.18382
1.18382
1.18382
1.18382
1.18382
1.18382
1.18382
1.18382
1.18382
1.18382
1.18382
1.18382
1.18382
1.18382
1.18382
1.18382
1.18382
1.18382
1.18382
1.18382
1.18382
1.18382
1.18382
1.18382
0.658534
0.658534
0.658534
0.658534
0.658534
0.658534
0.658534
0.658534
0.658534
0.658534
0.658534
0.658534
0.658534
0.658534
0.658534
0.658534
0.658534
0.658534
0.658532
0.658526
0.658506
0.658444
0.658256
0.657718
0.656265
0.652593
0.644066
0.626329
0.594655
0.549551
0.496912
0.444729
0.398338
0.359392
0.327361
0.300982
0.279005
0.260441
0.24455
0.230664
0.21838
0.207415
0.197568
0.188692
0.180689
0.173504
0.167134
0.161651
0.157503
0.15488
0.154828
0.160661
0.177764
0.203112
0.236607
0.279406
0.333128
0.401001
0.495325
0.615085
0.756692
0.903227
1.02739
1.10845
1.15126
1.17082
1.17893
1.18206
1.18322
1.18362
1.18376
1.1838
1.18382
1.18382
1.18382
1.18382
1.18382
1.18382
1.18382
1.18382
1.18382
1.18382
1.18382
1.18382
1.18382
1.18382
1.18382
1.18382
1.18382
1.18382
1.18382
1.18382
1.18382
1.18382
1.18382
1.18382
1.18382
1.18382
1.18382
1.18382
0.658534
0.658534
0.658534
0.658534
0.658534
0.658534
0.658534
0.658534
0.658534
0.658534
0.658534
0.658534
0.658534
0.658534
0.658534
0.658534
0.658534
0.658534
0.658532
0.658526
0.658506
0.658444
0.658255
0.657716
0.656258
0.652578
0.644032
0.626265
0.594561
0.54944
0.496804
0.444638
0.398267
0.359344
0.327329
0.300962
0.278993
0.260436
0.24455
0.230668
0.218387
0.207425
0.19758
0.188706
0.180704
0.17352
0.167151
0.161666
0.157511
0.154879
0.154808
0.160592
0.177654
0.202958
0.236397
0.279122
0.332756
0.400464
0.494589
0.614124
0.755562
0.90211
1.02653
1.10796
1.15102
1.17072
1.17889
1.18205
1.18321
1.18362
1.18376
1.1838
1.18382
1.18382
1.18382
1.18382
1.18382
1.18382
1.18382
1.18382
1.18382
1.18382
1.18382
1.18382
1.18382
1.18382
1.18382
1.18382
1.18382
1.18382
1.18382
1.18382
1.18382
1.18382
1.18382
1.18382
1.18382
1.18382
1.18382
1.18382
0.658534
0.658534
0.658534
0.658534
0.658534
0.658534
0.658534
0.658534
0.658534
0.658534
0.658534
0.658534
0.658534
0.658534
0.658534
0.658534
0.658534
0.658534
0.658532
0.658526
0.658506
0.658444
0.658255
0.657714
0.656254
0.652567
0.64401
0.626225
0.594503
0.549371
0.496736
0.444582
0.398225
0.359314
0.32731
0.300949
0.278986
0.260433
0.244551
0.230672
0.218392
0.207432
0.197588
0.188715
0.180715
0.173531
0.167162
0.161676
0.157516
0.15488
0.154795
0.160546
0.177581
0.202856
0.236258
0.278937
0.332515
0.400115
0.494109
0.613492
0.754811
0.901369
1.02597
1.10764
1.15087
1.17065
1.17886
1.18204
1.18321
1.18362
1.18376
1.1838
1.18382
1.18382
1.18382
1.18382
1.18382
1.18382
1.18382
1.18382
1.18382
1.18382
1.18382
1.18382
1.18382
1.18382
1.18382
1.18382
1.18382
1.18382
1.18382
1.18382
1.18382
1.18382
1.18382
1.18382
1.18382
1.18382
1.18382
1.18382
0.658534
0.658534
0.658534
0.658534
0.658534
0.658534
0.658534
0.658534
0.658534
0.658534
0.658534
0.658534
0.658534
0.658534
0.658534
0.658534
0.658534
0.658534
0.658532
0.658526
0.658506
0.658443
0.658254
0.657713
0.656252
0.652563
0.644001
0.626208
0.594477
0.54934
0.496706
0.444557
0.398206
0.359301
0.327301
0.300944
0.278983
0.260433
0.244551
0.230673
0.218395
0.207436
0.197593
0.18872
0.18072
0.173537
0.167168
0.161682
0.157519
0.15488
0.154789
0.160524
0.177547
0.202807
0.236192
0.278849
0.332402
0.399953
0.493887
0.613203
0.754471
0.901034
1.02571
1.1075
1.1508
1.17062
1.17885
1.18203
1.1832
1.18362
1.18376
1.1838
1.18382
1.18382
1.18382
1.18382
1.18382
1.18382
1.18382
1.18382
1.18382
1.18382
1.18382
1.18382
1.18382
1.18382
1.18382
1.18382
1.18382
1.18382
1.18382
1.18382
1.18382
1.18382
1.18382
1.18382
1.18382
1.18382
1.18382
1.18382
0.658534
0.658534
0.658534
0.658534
0.658534
0.658534
0.658534
0.658534
0.658534
0.658534
0.658534
0.658534
0.658534
0.658534
0.658534
0.658534
0.658534
0.658534
0.658532
0.658526
0.658506
0.658443
0.658254
0.657713
0.656252
0.652563
0.644001
0.626208
0.594477
0.54934
0.496706
0.444557
0.398207
0.359301
0.327301
0.300944
0.278984
0.260433
0.244551
0.230674
0.218395
0.207436
0.197593
0.18872
0.18072
0.173537
0.167168
0.161682
0.15752
0.15488
0.154789
0.160524
0.177547
0.202808
0.236194
0.278851
0.332404
0.399956
0.493891
0.613208
0.754476
0.901039
1.02571
1.1075
1.1508
1.17062
1.17885
1.18203
1.1832
1.18362
1.18376
1.1838
1.18382
1.18382
1.18382
1.18382
1.18382
1.18382
1.18382
1.18382
1.18382
1.18382
1.18382
1.18382
1.18382
1.18382
1.18382
1.18382
1.18382
1.18382
1.18382
1.18382
1.18382
1.18382
1.18382
1.18382
1.18382
1.18382
1.18382
1.18382
0.658534
0.658534
0.658534
0.658534
0.658534
0.658534
0.658534
0.658534
0.658534
0.658534
0.658534
0.658534
0.658534
0.658534
0.658534
0.658534
0.658534
0.658534
0.658532
0.658526
0.658506
0.658444
0.658255
0.657714
0.656254
0.652567
0.64401
0.626225
0.594503
0.549371
0.496737
0.444582
0.398226
0.359315
0.32731
0.30095
0.278987
0.260434
0.244551
0.230672
0.218393
0.207433
0.197589
0.188716
0.180716
0.173532
0.167163
0.161677
0.157517
0.154881
0.154796
0.160548
0.177584
0.202859
0.236262
0.278942
0.332522
0.400124
0.49412
0.613506
0.754828
0.901383
1.02598
1.10765
1.15087
1.17065
1.17886
1.18204
1.18321
1.18362
1.18376
1.1838
1.18382
1.18382
1.18382
1.18382
1.18382
1.18382
1.18382
1.18382
1.18382
1.18382
1.18382
1.18382
1.18382
1.18382
1.18382
1.18382
1.18382
1.18382
1.18382
1.18382
1.18382
1.18382
1.18382
1.18382
1.18382
1.18382
1.18382
1.18382
0.658534
0.658534
0.658534
0.658534
0.658534
0.658534
0.658534
0.658534
0.658534
0.658534
0.658534
0.658534
0.658534
0.658534
0.658534
0.658534
0.658534
0.658534
0.658532
0.658526
0.658506
0.658444
0.658255
0.657716
0.656258
0.652577
0.644032
0.626265
0.594561
0.549441
0.496804
0.444638
0.398268
0.359345
0.32733
0.300963
0.278994
0.260437
0.244551
0.230669
0.218388
0.207426
0.197581
0.188707
0.180705
0.173521
0.167152
0.161667
0.157512
0.154881
0.15481
0.160595
0.177658
0.202963
0.236404
0.279131
0.332766
0.400478
0.494607
0.614147
0.755588
0.902134
1.02655
1.10797
1.15102
1.17072
1.17889
1.18205
1.18321
1.18362
1.18376
1.1838
1.18382
1.18382
1.18382
1.18382
1.18382
1.18382
1.18382
1.18382
1.18382
1.18382
1.18382
1.18382
1.18382
1.18382
1.18382
1.18382
1.18382
1.18382
1.18382
1.18382
1.18382
1.18382
1.18382
1.18382
1.18382
1.18382
1.18382
1.18382
0.658534
0.658534
0.658534
0.658534
0.658534
0.658534
0.658534
0.658534
0.658534
0.658534
0.658534
0.658534
0.658534
0.658534
0.658534
0.658534
0.658534
0.658534
0.658532
0.658526
0.658506
0.658444
0.658256
0.657718
0.656265
0.652593
0.644066
0.626329
0.594655
0.549552
0.496913
0.44473
0.39834
0.359394
0.327363
0.300983
0.279006
0.260442
0.244551
0.230666
0.218381
0.207417
0.197569
0.188693
0.18069
0.173505
0.167136
0.161653
0.157504
0.154881
0.15483
0.160666
0.17777
0.20312
0.236617
0.279418
0.333144
0.401021
0.49535
0.615116
0.756737
0.903259
1.02742
1.10847
1.15126
1.17082
1.17893
1.18206
1.18322
1.18362
1.18376
1.1838
1.18382
1.18382
1.18382
1.18382
1.18382
1.18382
1.18382
1.18382
1.18382
1.18382
1.18382
1.18382
1.18382
1.18382
1.18382
1.18382
1.18382
1.18382
1.18382
1.18382
1.18382
1.18382
1.18382
1.18382
1.18382
1.18382
1.18382
1.18382
0.658534
0.658534
0.658534
0.658534
0.658534
0.658534
0.658534
0.658534
0.658534
0.658534
0.658534
0.658534
0.658534
0.658534
0.658534
0.658534
0.658534
0.658534
0.658532
0.658526
0.658506
0.658445
0.658258
0.657722
0.656274
0.652616
0.644114
0.626418
0.594787
0.549708
0.497065
0.444857
0.398433
0.359461
0.327409
0.301013
0.279023
0.260451
0.244553
0.230662
0.218373
0.207405
0.197554
0.188675
0.180671
0.173485
0.167115
0.161634
0.157494
0.154882
0.154858
0.160761
0.177919
0.20333
0.236903
0.279804
0.33365
0.401708
0.496328
0.616421
0.758305
0.904774
1.02858
1.10913
1.15158
1.17096
1.17898
1.18209
1.18322
1.18362
1.18376
1.1838
1.18382
1.18382
1.18382
1.18382
1.18382
1.18382
1.18382
1.18382
1.18382
1.18382
1.18382
1.18382
1.18382
1.18382
1.18382
1.18382
1.18382
1.18382
1.18382
1.18382
1.18382
1.18382
1.18382
1.18382
1.18382
1.18382
1.18382
1.18382
0.658534
0.658534
0.658534
0.658534
0.658534
0.658534
0.658534
0.658534
0.658534
0.658534
0.658534
0.658534
0.658534
0.658534
0.658534
0.658534
0.658534
0.658534
0.658532
0.658526
0.658507
0.658445
0.658259
0.657727
0.656286
0.652644
0.644173
0.626529
0.594951
0.549904
0.497255
0.445014
0.39855
0.359546
0.327468
0.301052
0.279047
0.260463
0.244556
0.230658
0.218364
0.207391
0.197536
0.188654
0.180647
0.17346
0.16709
0.16161
0.157482
0.154884
0.154891
0.160877
0.178103
0.20359
0.237259
0.280283
0.334283
0.402586
0.497556
0.61808
0.760145
0.906625
1.03002
1.10996
1.15199
1.17114
1.17906
1.18211
1.18323
1.18363
1.18376
1.1838
1.18382
1.18382
1.18382
1.18382
1.18382
1.18382
1.18382
1.18382
1.18382
1.18382
1.18382
1.18382
1.18382
1.18382
1.18382
1.18382
1.18382
1.18382
1.18382
1.18382
1.18382
1.18382
1.18382
1.18382
1.18382
1.18382
1.18382
1.18382
0.658534
0.658534
0.658534
0.658534
0.658534
0.658534
0.658534
0.658534
0.658534
0.658534
0.658534
0.658534
0.658534
0.658534
0.658534
0.658534
0.658534
0.658534
0.658532
0.658526
0.658507
0.658446
0.658262
0.657733
0.656302
0.652682
0.644255
0.626681
0.595172
0.550164
0.497505
0.445222
0.398707
0.359658
0.327545
0.301103
0.279079
0.26048
0.244563
0.230656
0.218354
0.207375
0.197516
0.18863
0.18062
0.17343
0.16706
0.161583
0.157469
0.154886
0.154932
0.161015
0.178321
0.2039
0.237684
0.280859
0.335044
0.403643
0.499027
0.619898
0.762356
0.908821
1.03175
1.11096
1.15248
1.17135
1.17914
1.18215
1.18325
1.18363
1.18376
1.1838
1.18382
1.18382
1.18382
1.18382
1.18382
1.18382
1.18382
1.18382
1.18382
1.18382
1.18382
1.18382
1.18382
1.18382
1.18382
1.18382
1.18382
1.18382
1.18382
1.18382
1.18382
1.18382
1.18382
1.18382
1.18382
1.18382
1.18382
1.18382
0.658534
0.658534
0.658534
0.658534
0.658534
0.658534
0.658534
0.658534
0.658534
0.658534
0.658534
0.658534
0.658534
0.658534
0.658534
0.658534
0.658534
0.658534
0.658532
0.658526
0.658507
0.658447
0.658264
0.65774
0.65632
0.652724
0.644346
0.626852
0.59543
0.550475
0.497814
0.445484
0.398909
0.359803
0.327645
0.30117
0.279122
0.260505
0.244573
0.230655
0.218345
0.207359
0.197494
0.188603
0.180589
0.173397
0.167027
0.161553
0.157453
0.154888
0.154978
0.161174
0.178574
0.204259
0.238178
0.281528
0.335929
0.404878
0.50074
0.622128
0.764977
0.911403
1.03377
1.11214
1.15305
1.1716
1.17924
1.18219
1.18326
1.18364
1.18376
1.1838
1.18382
1.18382
1.18382
1.18382
1.18382
1.18382
1.18382
1.18382
1.18382
1.18382
1.18382
1.18382
1.18382
1.18382
1.18382
1.18382
1.18382
1.18382
1.18382
1.18382
1.18382
1.18382
1.18382
1.18382
1.18382
1.18382
1.18382
1.18382
0.658534
0.658534
0.658534
0.658534
0.658534
0.658534
0.658534
0.658534
0.658534
0.658534
0.658534
0.658534
0.658534
0.658534
0.658534
0.658534
0.658534
0.658534
0.658532
0.658526
0.658508
0.658448
0.658268
0.65775
0.656345
0.652784
0.644472
0.627086
0.595769
0.550873
0.498197
0.445803
0.399151
0.359976
0.327766
0.301252
0.279175
0.260536
0.244588
0.230658
0.218337
0.207343
0.197471
0.188575
0.180557
0.173362
0.166991
0.16152
0.157437
0.154892
0.155032
0.161359
0.178867
0.204673
0.238747
0.282299
0.336947
0.406297
0.502688
0.624747
0.76805
0.914418
1.03611
1.11351
1.15373
1.1719
1.17936
1.18223
1.18328
1.18364
1.18376
1.1838
1.18382
1.18382
1.18382
1.18382
1.18382
1.18382
1.18382
1.18382
1.18382
1.18382
1.18382
1.18382
1.18382
1.18382
1.18382
1.18382
1.18382
1.18382
1.18382
1.18382
1.18382
1.18382
1.18382
1.18382
1.18382
1.18382
1.18382
1.18382
0.658534
0.658534
0.658534
0.658534
0.658534
0.658534
0.658534
0.658534
0.658534
0.658534
0.658534
0.658534
0.658534
0.658534
0.658534
0.658534
0.658534
0.658534
0.658532
0.658526
0.658508
0.658449
0.658271
0.65776
0.656371
0.652844
0.644604
0.627337
0.59615
0.551339
0.498665
0.446208
0.399474
0.360227
0.327932
0.301361
0.279245
0.260579
0.24461
0.230664
0.218332
0.207328
0.197449
0.188547
0.180526
0.17333
0.16696
0.161493
0.157421
0.154892
0.155096
0.161586
0.179221
0.205164
0.239409
0.283183
0.338101
0.407899
0.504889
0.627681
0.771531
0.917841
1.03875
1.11503
1.15447
1.17222
1.17949
1.18228
1.1833
1.18365
1.18377
1.18381
1.18382
1.18382
1.18382
1.18382
1.18382
1.18382
1.18382
1.18382
1.18382
1.18382
1.18382
1.18382
1.18382
1.18382
1.18382
1.18382
1.18382
1.18382
1.18382
1.18382
1.18382
1.18382
1.18382
1.18382
1.18382
1.18382
1.18382
1.18382
0.658534
0.658534
0.658534
0.658534
0.658534
0.658534
0.658534
0.658534
0.658534
0.658534
0.658534
0.658534
0.658534
0.658534
0.658534
0.658534
0.658534
0.658534
0.658532
0.658527
0.658508
0.658451
0.658276
0.657774
0.656407
0.652929
0.644783
0.627669
0.59664
0.551916
0.499222
0.44667
0.399817
0.360457
0.328103
0.301482
0.279326
0.26063
0.244639
0.230676
0.218331
0.207318
0.197431
0.188525
0.180502
0.17331
0.166951
0.161506
0.15747
0.154827
0.155153
0.161901
0.179688
0.205778
0.240201
0.284208
0.339412
0.409697
0.507358
0.630955
0.775423
0.921688
1.04174
1.11677
1.15532
1.17259
1.17964
1.18234
1.18332
1.18366
1.18377
1.18381
1.18382
1.18382
1.18382
1.18382
1.18382
1.18382
1.18382
1.18382
1.18382
1.18382
1.18382
1.18382
1.18382
1.18382
1.18382
1.18382
1.18382
1.18382
1.18382
1.18382
1.18382
1.18382
1.18382
1.18382
1.18382
1.18382
1.18382
1.18382
0.658534
0.658534
0.658534
0.658534
0.658534
0.658534
0.658534
0.658534
0.658534
0.658534
0.658534
0.658534
0.658534
0.658534
0.658534
0.658534
0.658534
0.658534
0.658532
0.658527
0.658509
0.658453
0.658282
0.657788
0.656444
0.653016
0.644969
0.628019
0.597185
0.552572
0.499867
0.44721
0.40022
0.360738
0.328307
0.301625
0.279424
0.260693
0.244676
0.230694
0.218334
0.207311
0.197417
0.188507
0.180483
0.173292
0.166935
0.161493
0.157464
0.154834
0.155247
0.162244
0.180204
0.206466
0.241097
0.28537
0.340901
0.41177
0.510246
0.634709
0.779826
0.925994
1.04505
1.11867
1.15624
1.17299
1.17981
1.1824
1.18334
1.18366
1.18377
1.18381
1.18382
1.18382
1.18382
1.18382
1.18382
1.18382
1.18382
1.18382
1.18382
1.18382
1.18382
1.18382
1.18382
1.18382
1.18382
1.18382
1.18382
1.18382
1.18382
1.18382
1.18382
1.18382
1.18382
1.18382
1.18382
1.18382
1.18382
1.18382
0.658534
0.658534
0.658534
0.658534
0.658534
0.658534
0.658534
0.658534
0.658534
0.658534
0.658534
0.658534
0.658534
0.658534
0.658534
0.658534
0.658534
0.658534
0.658532
0.658527
0.65851
0.658455
0.658289
0.657807
0.656491
0.653127
0.645208
0.628464
0.597876
0.553387
0.500652
0.447857
0.400708
0.361094
0.328547
0.301787
0.279531
0.260761
0.244717
0.230715
0.218339
0.207305
0.197403
0.188487
0.18046
0.173267
0.166909
0.16147
0.157449
0.154846
0.155341
0.162561
0.180698
0.20715
0.242014
0.286587
0.342486
0.414015
0.513357
0.638796
0.784643
0.930734
1.04858
1.12073
1.15725
1.17344
1.17998
1.18247
1.18336
1.18367
1.18377
1.18381
1.18382
1.18382
1.18382
1.18382
1.18382
1.18382
1.18382
1.18382
1.18382
1.18382
1.18382
1.18382
1.18382
1.18382
1.18382
1.18382
1.18382
1.18382
1.18382
1.18382
1.18382
1.18382
1.18382
1.18382
1.18382
1.18382
1.18382
1.18382
0.658534
0.658534
0.658534
0.658534
0.658534
0.658534
0.658534
0.658534
0.658534
0.658534
0.658534
0.658534
0.658534
0.658534
0.658534
0.658534
0.658534
0.658534
0.658532
0.658527
0.658511
0.658458
0.658296
0.657828
0.656545
0.653252
0.645468
0.628935
0.59859
0.55422
0.50146
0.448537
0.401229
0.361472
0.328811
0.301967
0.279651
0.260838
0.244763
0.230738
0.218346
0.207299
0.197389
0.188467
0.180434
0.173238
0.166879
0.161442
0.157431
0.154857
0.155426
0.162847
0.181155
0.207805
0.242927
0.287855
0.344234
0.416738
0.517235
0.643598
0.790105
0.935995
1.0524
1.12293
1.15833
1.17391
1.18018
1.18254
1.18339
1.18368
1.18378
1.18381
1.18382
1.18382
1.18382
1.18382
1.18382
1.18382
1.18382
1.18382
1.18382
1.18382
1.18382
1.18382
1.18382
1.18382
1.18382
1.18382
1.18382
1.18382
1.18382
1.18382
1.18382
1.18382
1.18382
1.18382
1.18382
1.18382
1.18382
1.18382
0.658534
0.658534
0.658534
0.658534
0.658534
0.658534
0.658534
0.658534
0.658534
0.658534
0.658534
0.658534
0.658534
0.658534
0.658534
0.658534
0.658534
0.658534
0.658532
0.658527
0.658512
0.658461
0.658305
0.657851
0.656604
0.653394
0.645779
0.629535
0.599551
0.555386
0.502597
0.449469
0.401914
0.361947
0.329135
0.302174
0.27978
0.260914
0.244803
0.230754
0.218346
0.207289
0.197371
0.188443
0.180408
0.173209
0.16685
0.161416
0.157415
0.154866
0.155497
0.163082
0.181539
0.20837
0.243733
0.288983
0.345747
0.418899
0.520316
0.648063
0.795606
0.941483
1.05639
1.12524
1.15946
1.1744
1.18038
1.18262
1.18342
1.18369
1.18378
1.18381
1.18382
1.18382
1.18382
1.18382
1.18382
1.18382
1.18382
1.18382
1.18382
1.18382
1.18382
1.18382
1.18382
1.18382
1.18382
1.18382
1.18382
1.18382
1.18382
1.18382
1.18382
1.18382
1.18382
1.18382
1.18382
1.18382
1.18382
1.18382
0.658534
0.658534
0.658534
0.658534
0.658534
0.658534
0.658534
0.658534
0.658534
0.658534
0.658534
0.658534
0.658534
0.658534
0.658534
0.658534
0.658534
0.658534
0.658532
0.658528
0.658513
0.658465
0.658316
0.657883
0.656682
0.653573
0.646141
0.63017
0.60047
0.55639
0.503508
0.450195
0.402454
0.362326
0.329359
0.302318
0.279867
0.26096
0.24482
0.230751
0.218332
0.207268
0.197346
0.188418
0.180381
0.173185
0.166829
0.1614
0.157406
0.154874
0.155543
0.163229
0.181791
0.208771
0.244355
0.289927
0.347106
0.420947
0.52346
0.653123
0.801596
0.947356
1.06063
1.12771
1.16069
1.17495
1.1806
1.18271
1.18345
1.1837
1.18378
1.18381
1.18382
1.18382
1.18382
1.18382
1.18382
1.18382
1.18382
1.18382
1.18382
1.18382
1.18382
1.18382
1.18382
1.18382
1.18382
1.18382
1.18382
1.18382
1.18382
1.18382
1.18382
1.18382
1.18382
1.18382
1.18382
1.18382
1.18382
1.18382
0.658534
0.658534
0.658534
0.658534
0.658534
0.658534
0.658534
0.658534
0.658534
0.658534
0.658534
0.658534
0.658534
0.658534
0.658534
0.658534
0.658534
0.658533
0.658532
0.658528
0.658514
0.658468
0.658326
0.65791
0.656753
0.653743
0.646517
0.630904
0.601667
0.557875
0.50498
0.451403
0.40331
0.36289
0.329718
0.302513
0.279952
0.260979
0.244804
0.230717
0.218283
0.207215
0.197299
0.18838
0.180357
0.173172
0.166824
0.161402
0.15741
0.154877
0.155539
0.163207
0.181774
0.208792
0.244472
0.290239
0.34778
0.422531
0.526151
0.656827
0.806911
0.95308
1.06483
1.13013
1.16187
1.17546
1.18081
1.18278
1.18348
1.18371
1.18379
1.18381
1.18382
1.18382
1.18382
1.18382
1.18382
1.18382
1.18382
1.18382
1.18382
1.18382
1.18382
1.18382
1.18382
1.18382
1.18382
1.18382
1.18382
1.18382
1.18382
1.18382
1.18382
1.18382
1.18382
1.18382
1.18382
1.18382
1.18382
1.18382
0.658534
0.658534
0.658534
0.658534
0.658534
0.658534
0.658534
0.658534
0.658534
0.658534
0.658534
0.658534
0.658534
0.658534
0.658534
0.658534
0.658534
0.658533
0.658532
0.658529
0.658516
0.658474
0.658343
0.657954
0.656864
0.653998
0.647041
0.631829
0.60301
0.55928
0.506125
0.452168
0.403759
0.363097
0.329776
0.302494
0.279897
0.260903
0.244713
0.230613
0.218196
0.207147
0.197247
0.188345
0.180337
0.173167
0.166833
0.161419
0.157424
0.154874
0.155483
0.163011
0.181491
0.208455
0.244129
0.289969
0.347724
0.423062
0.527623
0.65964
0.812024
0.958703
1.06922
1.13284
1.16327
1.1761
1.18108
1.18289
1.18352
1.18373
1.18379
1.18381
1.18382
1.18382
1.18382
1.18382
1.18382
1.18382
1.18382
1.18382
1.18382
1.18382
1.18382
1.18382
1.18382
1.18382
1.18382
1.18382
1.18382
1.18382
1.18382
1.18382
1.18382
1.18382
1.18382
1.18382
1.18382
1.18382
1.18382
1.18382
0.658534
0.658534
0.658534
0.658534
0.658534
0.658534
0.658534
0.658534
0.658534
0.658534
0.658534
0.658534
0.658534
0.658534
0.658534
0.658534
0.658534
0.658533
0.658532
0.658529
0.658517
0.658478
0.658355
0.657986
0.656946
0.654191
0.64745
0.632584
0.604164
0.560593
0.50739
0.453171
0.404369
0.363344
0.329814
0.302414
0.27975
0.26072
0.244505
0.23045
0.21805
0.207018
0.197141
0.188267
0.180291
0.173153
0.166849
0.161455
0.157451
0.15486
0.155337
0.16251
0.180741
0.207518
0.243084
0.288942
0.346923
0.422676
0.528245
0.662174
0.815744
0.96339
1.07269
1.1349
1.16431
1.17657
1.18127
1.18296
1.18354
1.18373
1.1838
1.18381
1.18382
1.18382
1.18382
1.18382
1.18382
1.18382
1.18382
1.18382
1.18382
1.18382
1.18382
1.18382
1.18382
1.18382
1.18382
1.18382
1.18382
1.18382
1.18382
1.18382
1.18382
1.18382
1.18382
1.18382
1.18382
1.18382
1.18382
1.18382
0.658534
0.658534
0.658534
0.658534
0.658534
0.658534
0.658534
0.658534
0.658534
0.658534
0.658534
0.658534
0.658534
0.658534
0.658534
0.658534
0.658534
0.658533
0.658533
0.65853
0.65852
0.658487
0.658382
0.658063
0.657143
0.654654
0.648423
0.634352
0.606786
0.56332
0.509407
0.454184
0.404626
0.363213
0.32949
0.301985
0.279283
0.260271
0.244128
0.230075
0.217714
0.206736
0.196921
0.18811
0.180194
0.17311
0.166845
0.161467
0.157432
0.154877
0.155135
0.161766
0.179579
0.205954
0.241133
0.286694
0.344646
0.420614
0.526928
0.662611
0.819234
0.970527
1.07936
1.13923
1.16656
1.17758
1.18168
1.18312
1.1836
1.18375
1.1838
1.18382
1.18382
1.18382
1.18382
1.18382
1.18382
1.18382
1.18382
1.18382
1.18382
1.18382
1.18382
1.18382
1.18382
1.18382
1.18382
1.18382
1.18382
1.18382
1.18382
1.18382
1.18382
1.18382
1.18382
1.18382
1.18382
1.18382
1.18382
1.18382
)
;

boundaryField
{
    fuel
    {
        type            calculated;
        value           nonuniform List<scalar> 
40
(
0.658534
0.658534
0.658534
0.658534
0.658534
0.658534
0.658534
0.658534
0.658534
0.658534
0.658534
0.658534
0.658534
0.658534
0.658534
0.658534
0.658534
0.658534
0.658534
0.658534
0.658534
0.658534
0.658534
0.658534
0.658534
0.658534
0.658534
0.658534
0.658534
0.658534
0.658534
0.658534
0.658534
0.658534
0.658534
0.658534
0.658534
0.658534
0.658534
0.658534
)
;
    }
    air
    {
        type            calculated;
        value           nonuniform List<scalar> 
40
(
1.18382
1.18382
1.18382
1.18382
1.18382
1.18382
1.18382
1.18382
1.18382
1.18382
1.18382
1.18382
1.18382
1.18382
1.18382
1.18382
1.18382
1.18382
1.18382
1.18382
1.18382
1.18382
1.18382
1.18382
1.18382
1.18382
1.18382
1.18382
1.18382
1.18382
1.18382
1.18382
1.18382
1.18382
1.18382
1.18382
1.18382
1.18382
1.18382
1.18382
)
;
    }
    outlet
    {
        type            calculated;
        value           nonuniform List<scalar> 
200
(
0.658534
0.658534
0.658534
0.658534
0.658534
0.658534
0.658534
0.658534
0.658534
0.658534
0.658534
0.658534
0.658534
0.658534
0.658534
0.658534
0.658534
0.658533
0.658533
0.65853
0.65852
0.658487
0.658383
0.658064
0.657145
0.654658
0.648435
0.634376
0.60683
0.563383
0.509478
0.454253
0.404686
0.363264
0.329532
0.30202
0.279312
0.260295
0.244148
0.230091
0.217727
0.206747
0.196929
0.188116
0.180197
0.173111
0.166847
0.161483
0.157493
0.15479
0.155082
0.161673
0.179465
0.205822
0.240976
0.286504
0.344413
0.420294
0.526514
0.662109
0.818717
0.970089
1.07909
1.1391
1.1665
1.17756
1.18167
1.18312
1.1836
1.18375
1.1838
1.18382
1.18382
1.18382
1.18382
1.18382
1.18382
1.18382
1.18382
1.18382
1.18382
1.18382
1.18382
1.18382
1.18382
1.18382
1.18382
1.18382
1.18382
1.18382
1.18382
1.18382
1.18382
1.18382
1.18382
1.18382
1.18382
1.18382
1.18382
1.18382
0.658534
0.658534
0.658534
0.658534
0.658534
0.658534
0.658534
0.658534
0.658534
0.658534
0.658534
0.658534
0.658534
0.658534
0.658534
0.658534
0.658534
0.658533
0.658533
0.65853
0.65852
0.658487
0.658383
0.658064
0.657145
0.654659
0.648436
0.634379
0.606836
0.563393
0.509491
0.454267
0.4047
0.363278
0.329545
0.302033
0.279324
0.260307
0.244159
0.230101
0.217738
0.206758
0.19694
0.188126
0.180208
0.173121
0.166858
0.161493
0.157504
0.154803
0.155099
0.161702
0.179504
0.205872
0.241039
0.286583
0.344512
0.420427
0.526685
0.662314
0.818924
0.970265
1.07919
1.13915
1.16652
1.17757
1.18168
1.18312
1.1836
1.18375
1.1838
1.18382
1.18382
1.18382
1.18382
1.18382
1.18382
1.18382
1.18382
1.18382
1.18382
1.18382
1.18382
1.18382
1.18382
1.18382
1.18382
1.18382
1.18382
1.18382
1.18382
1.18382
1.18382
1.18382
1.18382
1.18382
1.18382
1.18382
1.18382
1.18382
)
;
    }
    frontAndBack
    {
        type            empty;
    }
}


// ************************************************************************* //
