/*--------------------------------*- C++ -*----------------------------------*\
  =========                 |
  \\      /  F ield         | OpenFOAM: The Open Source CFD Toolbox
   \\    /   O peration     | Website:  https://openfoam.org
    \\  /    A nd           | Version:  11
     \\/     M anipulation  |
\*---------------------------------------------------------------------------*/
FoamFile
{
    format      ascii;
    class       volScalarField;
    location    "0.1";
    object      CH4;
}
// * * * * * * * * * * * * * * * * * * * * * * * * * * * * * * * * * * * * * //

dimensions      [0 0 0 0 0 0 0];

internalField   nonuniform List<scalar> 
4000
(
1
0.999999
0.999997
0.999994
0.999988
0.999977
0.999958
0.999925
0.999868
0.999769
0.999602
0.99932
0.998848
0.998066
0.99679
0.994756
0.991593
0.986807
0.979799
0.969909
0.956505
0.939099
0.917449
0.891609
0.861912
0.828901
0.793236
0.755617
0.716721
0.677166
0.637488
0.598139
0.559486
0.521819
0.485358
0.450263
0.416642
0.384563
0.35406
0.325141
0.297797
0.271998
0.247704
0.224869
0.203435
0.183346
0.16454
0.146955
0.130529
0.115202
0.100916
0.0876132
0.0752417
0.0637532
0.0531066
0.0432708
0.034231
0.0261148
0.0189516
0.0125465
0.00732374
0.00376409
0.00189748
0.00093222
0.000443998
0.000203968
8.98804e-05
3.77661e-05
1.5036e-05
5.65108e-06
2.09753e-06
9.46719e-07
6.31787e-07
5.23242e-07
4.37404e-07
3.48845e-07
2.61786e-07
1.84324e-07
1.2212e-07
7.65209e-08
4.55817e-08
2.5934e-08
1.4159e-08
7.45205e-09
3.79725e-09
1.88002e-09
9.11225e-10
4.35242e-10
2.05227e-10
9.56586e-11
4.4122e-11
2.01539e-11
9.11995e-12
4.0871e-12
1.81084e-12
7.89454e-13
3.3469e-13
1.33885e-13
4.61057e-14
8.19746e-15
1
0.999999
0.999997
0.999994
0.999988
0.999977
0.999957
0.999923
0.999863
0.99976
0.999585
0.999288
0.99879
0.997967
0.996628
0.994504
0.991216
0.986273
0.979083
0.969003
0.955426
0.937892
0.916177
0.890341
0.860709
0.827805
0.792271
0.754787
0.716017
0.676568
0.636974
0.597686
0.55907
0.521421
0.484961
0.449852
0.416208
0.384099
0.353563
0.32461
0.297231
0.2714
0.247078
0.224216
0.20276
0.182652
0.16383
0.146234
0.1298
0.114469
0.100182
0.086881
0.0745147
0.063035
0.052401
0.0425825
0.0335661
0.0255202
0.0183992
0.0120335
0.00691811
0.0035473
0.00178256
0.000872332
0.000413562
0.000188957
8.27382e-05
3.45085e-05
1.36218e-05
5.074e-06
1.90096e-06
9.00354e-07
6.23414e-07
5.16748e-07
4.2783e-07
3.37514e-07
2.5059e-07
1.74803e-07
1.15008e-07
7.1769e-08
4.27031e-08
2.4337e-08
1.33414e-08
7.06393e-09
3.62654e-09
1.81196e-09
8.86037e-10
4.25358e-10
2.01375e-10
9.41436e-11
4.35126e-11
1.99011e-11
9.01163e-12
4.03945e-12
1.78958e-12
7.79993e-13
3.30582e-13
1.32209e-13
4.55223e-14
8.09333e-15
1
0.999999
0.999997
0.999994
0.999988
0.999976
0.999956
0.99992
0.999859
0.999752
0.999569
0.999261
0.998744
0.997889
0.996503
0.994309
0.990926
0.985858
0.978513
0.968255
0.954493
0.936787
0.914932
0.889002
0.859329
0.826434
0.790948
0.753537
0.714853
0.675491
0.635975
0.596752
0.558186
0.520569
0.484125
0.449017
0.415362
0.383232
0.352667
0.323682
0.296269
0.270404
0.246048
0.223155
0.201672
0.18154
0.162699
0.145088
0.128644
0.113307
0.0990186
0.0857215
0.0733633
0.0618962
0.0512799
0.0414846
0.0324987
0.0245696
0.0175205
0.0112573
0.00631336
0.00322503
0.00161281
0.000784682
0.000369549
0.000167568
7.27389e-05
3.0042e-05
1.17306e-05
4.32607e-06
1.6594e-06
8.49108e-07
6.09031e-07
5.05119e-07
4.14657e-07
3.23989e-07
2.38446e-07
1.65235e-07
1.08292e-07
6.74923e-08
4.01913e-08
2.29595e-08
1.26292e-08
6.71386e-09
3.46163e-09
1.73674e-09
8.51834e-10
4.11494e-10
1.95672e-10
9.17618e-11
4.25016e-11
1.9465e-11
8.82077e-12
3.95502e-12
1.75207e-12
7.63421e-13
3.23421e-13
1.29286e-13
4.45e-14
7.91033e-15
1
0.999999
0.999997
0.999994
0.999987
0.999976
0.999955
0.999919
0.999855
0.999746
0.999559
0.999242
0.998711
0.997834
0.996414
0.994172
0.99072
0.98556
0.978101
0.967711
0.953808
0.93596
0.913978
0.887945
0.858195
0.825251
0.789741
0.752326
0.713651
0.674305
0.634807
0.5956
0.557045
0.519433
0.482986
0.44787
0.4142
0.38205
0.351462
0.32245
0.29501
0.269116
0.244734
0.221817
0.200312
0.180162
0.161308
0.143687
0.127239
0.111903
0.0976209
0.0843353
0.0719944
0.0605508
0.0499648
0.0402088
0.0312732
0.0234388
0.016488
0.0103701
0.00563633
0.00286986
0.00142859
0.000691039
0.000323237
0.000145412
6.25527e-05
2.55741e-05
9.8798e-06
3.61933e-06
1.42477e-06
7.6983e-07
5.82398e-07
4.87422e-07
3.98157e-07
3.08471e-07
2.25067e-07
1.5485e-07
1.0097e-07
6.27341e-08
3.7305e-08
2.13105e-08
1.17354e-08
6.25119e-09
3.23135e-09
1.62561e-09
7.98488e-10
3.85882e-10
1.83772e-10
8.63648e-11
4.00978e-11
1.84089e-11
8.36169e-12
3.75727e-12
1.6677e-12
7.279e-13
3.08819e-13
1.23593e-13
4.25806e-14
7.5747e-15
1
0.999999
0.999997
0.999994
0.999987
0.999975
0.999955
0.999918
0.999853
0.999741
0.99955
0.999225
0.998682
0.997783
0.996331
0.99404
0.990518
0.985264
0.977685
0.967154
0.953096
0.935092
0.912966
0.88681
0.856967
0.823957
0.788406
0.750971
0.712288
0.672944
0.633452
0.59425
0.555698
0.518086
0.481635
0.44651
0.412826
0.38066
0.350054
0.321023
0.293562
0.26765
0.24325
0.220318
0.198801
0.178643
0.159784
0.142163
0.125721
0.110395
0.0961283
0.0828647
0.0705521
0.0591445
0.048604
0.038906
0.0300487
0.022318
0.0155029
0.00951976
0.00500487
0.00254139
0.00125973
0.000606047
0.000281612
0.000125707
5.35969e-05
2.16957e-05
8.29629e-06
3.02512e-06
1.23006e-06
7.09773e-07
5.57113e-07
4.68018e-07
3.8049e-07
2.92713e-07
2.12077e-07
1.45079e-07
9.4217e-08
5.83935e-08
3.46834e-08
1.98109e-08
1.09178e-08
5.8238e-09
3.016e-09
1.52052e-09
7.48177e-10
3.62179e-10
1.72758e-10
8.13088e-11
3.78022e-11
1.73769e-11
7.9022e-12
3.55464e-12
1.57932e-12
6.89942e-13
2.92936e-13
1.17304e-13
4.04339e-14
7.19583e-15
1
0.999999
0.999997
0.999994
0.999987
0.999975
0.999954
0.999917
0.999851
0.999737
0.999542
0.999212
0.998659
0.997743
0.996265
0.993935
0.990357
0.985025
0.977345
0.96669
0.952491
0.934338
0.912064
0.885773
0.855813
0.822709
0.787085
0.749597
0.710879
0.671509
0.632001
0.592787
0.554227
0.516607
0.480147
0.445012
0.411318
0.379141
0.348523
0.31948
0.292009
0.266087
0.24168
0.218742
0.197224
0.177068
0.158215
0.140605
0.124177
0.108871
0.0946297
0.0813966
0.0691206
0.0577563
0.0472673
0.037631
0.028893
0.0212665
0.0145522
0.00874696
0.00450716
0.00227935
0.00112392
0.000537399
0.000247949
0.000109792
4.6391e-05
1.85937e-05
7.04135e-06
2.56164e-06
1.08201e-06
6.65047e-07
5.36124e-07
4.50229e-07
3.63746e-07
2.77796e-07
1.99925e-07
1.36027e-07
8.79821e-08
5.43739e-08
3.22363e-08
1.83955e-08
1.01361e-08
5.40952e-09
2.80434e-09
1.41583e-09
6.97802e-10
3.3828e-10
1.61598e-10
7.61683e-11
3.54632e-11
1.63242e-11
7.43311e-12
3.34767e-12
1.48901e-12
6.51128e-13
2.76682e-13
1.10863e-13
3.82329e-14
6.80715e-15
1
0.999999
0.999997
0.999994
0.999987
0.999975
0.999954
0.999916
0.999849
0.999734
0.999536
0.999201
0.998638
0.997708
0.996206
0.993839
0.990207
0.984801
0.977024
0.96625
0.951914
0.933615
0.911194
0.884766
0.854684
0.821478
0.785772
0.748219
0.709451
0.670045
0.630509
0.591275
0.552699
0.515065
0.478595
0.443451
0.409749
0.377565
0.34694
0.317893
0.290419
0.264496
0.24009
0.217158
0.195647
0.175502
0.156665
0.139074
0.122669
0.107391
0.0931818
0.0799855
0.0677513
0.0564342
0.0459985
0.0364225
0.0278094
0.0202652
0.013673
0.00806183
0.004132
0.00207751
0.00101786
0.000483376
0.000221364
9.72213e-05
4.07115e-05
1.61583e-05
6.06076e-06
2.21494e-06
9.85337e-07
6.37059e-07
5.20544e-07
4.35069e-07
3.48844e-07
2.64417e-07
1.89056e-07
1.27969e-07
8.24506e-08
5.08128e-08
3.00672e-08
1.71379e-08
9.43858e-09
5.03776e-09
2.61306e-09
1.32045e-09
6.51546e-10
3.1618e-10
1.51206e-10
7.13516e-11
3.32589e-11
1.5327e-11
6.98687e-12
3.15008e-12
1.40255e-12
6.13881e-13
2.61052e-13
1.04658e-13
3.6111e-14
6.43335e-15
1
0.999999
0.999997
0.999994
0.999987
0.999975
0.999953
0.999915
0.999848
0.999731
0.999531
0.999191
0.998621
0.997677
0.996154
0.993755
0.990076
0.984604
0.976738
0.965853
0.951387
0.932947
0.910382
0.883815
0.853607
0.820291
0.784493
0.746866
0.708039
0.668587
0.629016
0.589756
0.55116
0.513512
0.477031
0.44188
0.408173
0.375985
0.34536
0.316314
0.288844
0.262928
0.238532
0.215612
0.194117
0.173991
0.155176
0.137611
0.121236
0.105992
0.0918197
0.0786652
0.0664778
0.0552136
0.0448391
0.035337
0.0268778
0.0194587
0.0127927
0.00740812
0.00378842
0.00189816
0.000925801
0.000437344
0.000199065
8.68236e-05
3.60752e-05
1.4195e-05
5.27939e-06
1.94483e-06
9.0408e-07
6.12618e-07
5.06305e-07
4.21584e-07
3.35772e-07
2.52734e-07
1.7958e-07
1.20941e-07
7.76181e-08
4.76933e-08
2.81601e-08
1.60273e-08
8.81958e-09
4.70607e-09
2.44146e-09
1.23441e-09
6.09594e-10
2.96061e-10
1.41715e-10
6.69387e-11
3.1234e-11
1.4409e-11
6.57523e-12
2.96753e-12
1.32255e-12
5.79384e-13
2.46565e-13
9.8902e-14
3.41415e-14
6.08643e-15
1
0.999999
0.999997
0.999994
0.999987
0.999975
0.999953
0.999914
0.999847
0.999729
0.999526
0.999183
0.998605
0.99765
0.996108
0.99368
0.989957
0.984422
0.976474
0.965485
0.950896
0.932321
0.909618
0.882915
0.852583
0.819157
0.783265
0.74556
0.70667
0.667169
0.62756
0.58827
0.549653
0.51199
0.475499
0.440342
0.406632
0.374445
0.343824
0.314785
0.287325
0.261421
0.237041
0.214139
0.192665
0.172564
0.153776
0.136242
0.119901
0.104693
0.0905608
0.0774493
0.0653081
0.0540937
0.0437732
0.0343307
0.0260055
0.0186641
0.0120925
0.0068674
0.00350165
0.00174799
0.000848808
0.000398995
0.000180596
7.82748e-05
3.22959e-05
1.26103e-05
4.65694e-06
1.73778e-06
8.49452e-07
5.96169e-07
4.94987e-07
4.10019e-07
3.24412e-07
2.42603e-07
1.71391e-07
1.1488e-07
7.34511e-08
4.50006e-08
2.6511e-08
1.50647e-08
8.28147e-09
4.41676e-09
2.29123e-09
1.15879e-09
5.72575e-10
2.78255e-10
1.3329e-10
6.30109e-11
2.94272e-11
1.35879e-11
6.20639e-12
2.80368e-12
1.25066e-12
5.48343e-13
2.33516e-13
9.37137e-14
3.23654e-14
5.77345e-15
1
0.999999
0.999997
0.999994
0.999987
0.999975
0.999953
0.999914
0.999846
0.999727
0.999523
0.999175
0.998592
0.997626
0.996067
0.993612
0.989849
0.984257
0.976232
0.965147
0.950444
0.931742
0.908906
0.882074
0.851621
0.818087
0.782102
0.744319
0.705365
0.665813
0.626165
0.586846
0.548207
0.51053
0.47403
0.438868
0.405159
0.372977
0.342363
0.313335
0.285888
0.260001
0.23564
0.212761
0.191312
0.171239
0.152482
0.134981
0.118675
0.103506
0.0894138
0.0763448
0.0642483
0.0530808
0.04281
0.0334209
0.0252239
0.0179552
0.011481
0.00639993
0.0032554
0.00161988
0.000783617
0.000366749
0.000165182
7.1197e-05
2.91943e-05
1.13226e-05
4.15783e-06
1.5782e-06
8.13994e-07
5.85391e-07
4.86086e-07
4.00268e-07
3.14661e-07
2.33876e-07
1.64346e-07
1.09675e-07
6.98765e-08
4.26902e-08
2.50944e-08
1.42363e-08
7.81735e-09
4.16657e-09
2.16096e-09
1.09303e-09
5.40295e-10
2.62696e-10
1.25914e-10
5.95665e-11
2.78403e-11
1.28659e-11
5.88163e-12
2.65926e-12
1.18724e-12
5.20943e-13
2.21992e-13
8.91297e-14
3.07958e-14
5.49681e-15
1
0.999999
0.999997
0.999993
0.999987
0.999975
0.999953
0.999914
0.999845
0.999725
0.999519
0.999168
0.998579
0.997604
0.99603
0.99355
0.989751
0.984107
0.976012
0.964837
0.950028
0.931207
0.908248
0.881295
0.850727
0.81709
0.781015
0.743157
0.704142
0.66454
0.624853
0.585506
0.546847
0.509156
0.472649
0.437485
0.403779
0.371603
0.340999
0.311984
0.284554
0.258687
0.234348
0.211494
0.190073
0.170029
0.151304
0.133837
0.117567
0.102436
0.0883838
0.0753567
0.0633041
0.0521831
0.0419628
0.0326305
0.0245144
0.017321
0.010941
0.00599146
0.00304164
0.00150948
0.000727879
0.000339392
0.000152208
6.52892e-05
2.6628e-05
1.02671e-05
3.75279e-06
1.4501e-06
7.76868e-07
5.72736e-07
4.76939e-07
3.91368e-07
3.06108e-07
2.26321e-07
1.58285e-07
1.05215e-07
6.68215e-08
4.07183e-08
2.38858e-08
1.35291e-08
7.42067e-09
3.95241e-09
2.04924e-09
1.03652e-09
5.12494e-10
2.49276e-10
1.19543e-10
5.6587e-11
2.64659e-11
1.22398e-11
5.59975e-12
2.53382e-12
1.13211e-12
4.97113e-13
2.11965e-13
8.51403e-14
2.94295e-14
5.25601e-15
1
0.999999
0.999997
0.999993
0.999987
0.999975
0.999952
0.999913
0.999844
0.999723
0.999516
0.999162
0.998569
0.997585
0.995996
0.993495
0.989663
0.983972
0.975812
0.964556
0.949649
0.93072
0.907647
0.880581
0.849907
0.816174
0.780016
0.742086
0.703012
0.663364
0.623641
0.584267
0.545589
0.507887
0.471374
0.43621
0.402508
0.37034
0.339748
0.310749
0.283337
0.25749
0.233175
0.210346
0.188953
0.168939
0.150246
0.132813
0.116579
0.101484
0.0874709
0.0744839
0.0624731
0.0513964
0.0412235
0.0319433
0.0238876
0.0167631
0.0104688
0.00563727
0.00285732
0.00141486
0.000680422
0.000316256
0.000141312
6.03628e-05
2.45042e-05
9.40125e-06
3.42355e-06
1.34711e-06
7.42754e-07
5.58363e-07
4.67123e-07
3.82878e-07
2.98449e-07
2.19744e-07
1.53076e-07
1.01407e-07
6.42219e-08
3.90435e-08
2.28601e-08
1.29291e-08
7.084e-09
3.77046e-09
1.9542e-09
9.88382e-10
4.88778e-10
2.37814e-10
1.14096e-10
5.4037e-11
2.52885e-11
1.1703e-11
5.35794e-12
2.42615e-12
1.08477e-12
4.76644e-13
2.0335e-13
8.1712e-14
2.82553e-14
5.04907e-15
1
0.999999
0.999997
0.999993
0.999987
0.999975
0.999952
0.999913
0.999843
0.999722
0.999513
0.999157
0.998559
0.997567
0.995967
0.993446
0.989584
0.98385
0.975633
0.964303
0.949309
0.930282
0.907105
0.879937
0.849166
0.815345
0.77911
0.741116
0.701988
0.662297
0.622541
0.583142
0.544448
0.506735
0.470218
0.435056
0.401359
0.3692
0.338621
0.309637
0.282244
0.256419
0.232127
0.209324
0.187958
0.167973
0.149311
0.13191
0.115709
0.100649
0.0866719
0.073722
0.0617497
0.0507132
0.0405829
0.031349
0.0233459
0.0162823
0.0100645
0.00533841
0.00270223
0.00133554
0.000640794
0.000297025
0.000132301
5.63113e-05
2.27685e-05
8.70001e-06
3.16345e-06
1.26616e-06
7.06944e-07
5.44564e-07
4.58127e-07
3.75289e-07
2.91741e-07
2.14074e-07
1.48632e-07
9.81773e-08
6.20251e-08
3.76313e-08
2.19964e-08
1.24241e-08
6.80062e-09
3.61725e-09
1.87411e-09
9.47772e-10
4.68748e-10
2.28126e-10
1.09487e-10
5.1878e-11
2.4291e-11
1.1248e-11
5.15282e-12
2.33477e-12
1.04459e-12
4.59263e-13
1.96034e-13
7.88003e-14
2.72581e-14
4.87338e-15
1
0.999999
0.999997
0.999993
0.999987
0.999974
0.999952
0.999913
0.999843
0.999721
0.999511
0.999153
0.99855
0.997552
0.995941
0.993402
0.989514
0.983743
0.975475
0.96408
0.949008
0.929893
0.906625
0.879365
0.848508
0.814608
0.778305
0.740252
0.701077
0.661347
0.621561
0.582141
0.543433
0.505712
0.469193
0.434032
0.400341
0.368192
0.337625
0.308658
0.281282
0.255477
0.231208
0.208429
0.187089
0.167131
0.148497
0.131126
0.114956
0.0999276
0.0859826
0.0730659
0.0611278
0.0501268
0.0400338
0.0308437
0.0228862
0.0158757
0.00972634
0.00509569
0.00257615
0.00127107
0.000608625
0.000281442
0.000125017
5.30467e-05
2.13751e-05
8.13943e-06
2.95688e-06
1.2009e-06
6.85811e-07
5.35096e-07
4.50872e-07
3.68813e-07
2.85987e-07
2.09251e-07
1.44883e-07
9.54682e-08
6.01883e-08
3.64527e-08
2.12764e-08
1.20034e-08
6.56461e-09
3.48962e-09
1.80735e-09
9.13898e-10
4.52027e-10
2.20033e-10
1.05635e-10
5.00722e-11
2.34562e-11
1.0867e-11
4.98102e-12
2.25822e-12
1.01091e-12
4.44695e-13
1.89901e-13
7.63592e-14
2.64223e-14
4.72619e-15
1
0.999999
0.999997
0.999993
0.999987
0.999974
0.999952
0.999912
0.999842
0.99972
0.999509
0.999149
0.998543
0.997539
0.995918
0.993365
0.989454
0.983651
0.975338
0.963886
0.948747
0.929556
0.906208
0.878869
0.847937
0.813969
0.777606
0.739502
0.700285
0.660522
0.620711
0.581272
0.542552
0.504824
0.468303
0.433145
0.39946
0.36732
0.336766
0.307813
0.280454
0.254668
0.230419
0.207662
0.186345
0.166412
0.147804
0.130459
0.114316
0.0993156
0.0853988
0.0725109
0.0606021
0.049631
0.039569
0.0304249
0.0225049
0.0155395
0.00944991
0.00490342
0.00247634
0.00122006
0.000583194
0.000269137
0.000119274
5.04768e-05
2.02803e-05
7.69974e-06
2.79427e-06
1.14653e-06
6.68668e-07
5.27299e-07
4.44735e-07
3.63272e-07
2.81084e-07
2.05185e-07
1.41755e-07
9.32242e-08
5.86732e-08
3.54828e-08
2.06847e-08
1.1658e-08
6.37086e-09
3.38483e-09
1.75252e-09
8.86063e-10
4.38278e-10
2.13374e-10
1.02464e-10
4.85851e-11
2.27684e-11
1.05529e-11
4.83939e-12
2.19509e-12
9.83135e-13
4.3268e-13
1.84843e-13
7.43458e-14
2.57329e-14
4.60483e-15
1
0.999999
0.999997
0.999993
0.999987
0.999974
0.999952
0.999912
0.999842
0.999719
0.999507
0.999145
0.998537
0.997528
0.995899
0.993334
0.989404
0.983573
0.975223
0.963724
0.948527
0.929273
0.905858
0.878451
0.847455
0.81343
0.777016
0.738869
0.699616
0.659826
0.619993
0.580539
0.541809
0.504077
0.467554
0.432399
0.39872
0.366588
0.336045
0.307105
0.279762
0.253993
0.229762
0.207024
0.185727
0.165816
0.147229
0.129907
0.113787
0.0988101
0.0849173
0.0720536
0.0601695
0.0492238
0.0391883
0.0300848
0.0221974
0.0152719
0.00923211
0.00475811
0.00240085
0.00118145
0.000563921
0.000259802
0.000114913
4.85246e-05
1.94486e-05
7.36592e-06
2.67121e-06
1.10611e-06
6.55723e-07
5.21059e-07
4.39664e-07
3.58659e-07
2.77016e-07
2.01838e-07
1.39202e-07
9.14038e-08
5.74492e-08
3.47013e-08
2.02086e-08
1.13803e-08
6.21513e-09
3.30061e-09
1.70845e-09
8.63677e-10
4.27215e-10
2.08015e-10
9.99106e-11
4.73869e-11
2.22141e-11
1.02998e-11
4.72516e-12
2.14416e-12
9.60727e-13
4.22985e-13
1.80761e-13
7.27212e-14
2.51767e-14
4.50693e-15
1
0.999999
0.999997
0.999993
0.999987
0.999974
0.999952
0.999912
0.999841
0.999718
0.999505
0.999143
0.998532
0.997519
0.995884
0.993308
0.989363
0.98351
0.97513
0.963592
0.94835
0.929043
0.905574
0.878113
0.847066
0.812994
0.776539
0.738358
0.699076
0.659263
0.619413
0.579947
0.541209
0.503473
0.46695
0.431797
0.398123
0.365999
0.335466
0.306537
0.279206
0.253451
0.229235
0.206513
0.185233
0.165339
0.146771
0.129467
0.113366
0.0984085
0.0845351
0.071691
0.0598269
0.0489017
0.0388877
0.0298184
0.0219573
0.0150635
0.00906829
0.00465957
0.00234876
0.00115443
0.000550294
0.000253146
0.000111783
4.71158e-05
1.8846e-05
7.12354e-06
2.58208e-06
1.07774e-06
6.46685e-07
5.1644e-07
4.35713e-07
3.55008e-07
2.73792e-07
1.99196e-07
1.37195e-07
8.99783e-08
5.64933e-08
3.4092e-08
1.98379e-08
1.11641e-08
6.09398e-09
3.23509e-09
1.67415e-09
8.46249e-10
4.18599e-10
2.03839e-10
9.79205e-11
4.64529e-11
2.17818e-11
1.01023e-11
4.63605e-12
2.10443e-12
9.43243e-13
4.1542e-13
1.77576e-13
7.14534e-14
2.47427e-14
4.43055e-15
1
0.999999
0.999997
0.999993
0.999987
0.999974
0.999952
0.999912
0.999841
0.999718
0.999504
0.999141
0.998528
0.997513
0.995873
0.993289
0.989332
0.983462
0.975059
0.963492
0.948215
0.92887
0.905359
0.877857
0.846771
0.812663
0.776177
0.737969
0.698666
0.658835
0.618973
0.579498
0.540754
0.503015
0.466493
0.431342
0.397672
0.365554
0.335028
0.306108
0.278787
0.253043
0.228838
0.206129
0.184863
0.164982
0.146427
0.129138
0.113051
0.0981082
0.0842496
0.0714204
0.0595714
0.0486617
0.038664
0.0296214
0.0217803
0.0149113
0.00895077
0.00459373
0.00231377
0.00113618
0.000541038
0.000248602
0.000109637
4.61462e-05
1.84301e-05
6.95594e-06
2.52076e-06
1.05891e-06
6.40794e-07
5.13272e-07
4.32842e-07
3.52294e-07
2.71385e-07
1.97225e-07
1.35701e-07
8.89203e-08
5.57853e-08
3.36416e-08
1.95642e-08
1.10047e-08
6.00463e-09
3.18676e-09
1.64884e-09
8.3339e-10
4.12239e-10
2.00756e-10
9.64512e-11
4.57632e-11
2.14626e-11
9.95646e-12
4.57023e-12
2.07509e-12
9.3033e-13
4.09834e-13
1.75224e-13
7.05174e-14
2.44223e-14
4.37416e-15
1
0.999999
0.999997
0.999993
0.999987
0.999974
0.999952
0.999912
0.999841
0.999717
0.999504
0.999139
0.998526
0.997508
0.995865
0.993276
0.989311
0.98343
0.975012
0.963425
0.948124
0.928752
0.905213
0.877684
0.846571
0.81244
0.775932
0.737707
0.698389
0.658547
0.618675
0.579194
0.540446
0.502706
0.466183
0.431034
0.397367
0.365254
0.334733
0.305819
0.278505
0.252768
0.228572
0.205871
0.184614
0.164742
0.146197
0.128917
0.112841
0.0979075
0.0840588
0.0712397
0.0594009
0.0485016
0.0385149
0.0294906
0.0216631
0.014811
0.00887399
0.0045521
0.00229167
0.00112466
0.000535195
0.000245733
0.00010828
4.55331e-05
1.81668e-05
6.84989e-06
2.48218e-06
1.04746e-06
6.37287e-07
5.11309e-07
4.30971e-07
3.5049e-07
2.69775e-07
1.95908e-07
1.34704e-07
8.82142e-08
5.53126e-08
3.33406e-08
1.93812e-08
1.08981e-08
5.9449e-09
3.15448e-09
1.63196e-09
8.24814e-10
4.08002e-10
1.98703e-10
9.5473e-11
4.53041e-11
2.12502e-11
9.85945e-12
4.52646e-12
2.05558e-12
9.21745e-13
4.0612e-13
1.73661e-13
6.98953e-14
2.42094e-14
4.33669e-15
1
0.999999
0.999997
0.999993
0.999987
0.999974
0.999952
0.999912
0.999841
0.999717
0.999503
0.999139
0.998524
0.997506
0.995861
0.993269
0.989301
0.983414
0.974988
0.963392
0.948079
0.928694
0.905141
0.877598
0.846471
0.812328
0.775809
0.737574
0.698249
0.658401
0.618525
0.57904
0.540291
0.502549
0.466027
0.430878
0.397213
0.365102
0.334584
0.305673
0.278362
0.252629
0.228437
0.205741
0.184488
0.164621
0.146081
0.128806
0.112735
0.0978063
0.0839627
0.0711487
0.059315
0.048421
0.0384397
0.0294247
0.0216039
0.0147605
0.00883552
0.00453146
0.00228075
0.00111898
0.000532322
0.000244324
0.000107615
4.52327e-05
1.8038e-05
6.79806e-06
2.46335e-06
1.042e-06
6.35633e-07
5.10361e-07
4.30047e-07
3.49594e-07
2.68979e-07
1.95259e-07
1.34216e-07
8.78689e-08
5.50808e-08
3.31919e-08
1.92902e-08
1.08449e-08
5.91516e-09
3.13843e-09
1.62357e-09
8.20563e-10
4.05902e-10
1.97686e-10
9.49881e-11
4.50764e-11
2.11446e-11
9.81116e-12
4.50462e-12
2.04581e-12
9.17436e-13
4.0425e-13
1.72871e-13
6.95803e-14
2.41014e-14
4.31765e-15
1
0.999999
0.999997
0.999993
0.999987
0.999974
0.999952
0.999912
0.999841
0.999717
0.999503
0.999139
0.998524
0.997506
0.995861
0.993269
0.9893
0.983413
0.974986
0.963389
0.948075
0.928689
0.905135
0.877591
0.846463
0.812318
0.775799
0.737564
0.698238
0.658389
0.618513
0.579028
0.540279
0.502538
0.466015
0.430867
0.397203
0.365092
0.334574
0.305663
0.278354
0.252621
0.22843
0.205734
0.184481
0.164615
0.146075
0.1288
0.112729
0.0978014
0.0839581
0.0711444
0.059311
0.0484173
0.0384363
0.0294218
0.0216013
0.0147583
0.00883381
0.00453055
0.00228027
0.00111874
0.000532199
0.000244265
0.000107588
4.52205e-05
1.80328e-05
6.796e-06
2.46262e-06
1.04179e-06
6.35563e-07
5.10306e-07
4.29985e-07
3.49534e-07
2.68927e-07
1.95219e-07
1.34187e-07
8.78491e-08
5.50678e-08
3.31837e-08
1.92853e-08
1.08421e-08
5.91352e-09
3.13753e-09
1.62309e-09
8.20314e-10
4.05776e-10
1.97624e-10
9.49577e-11
4.50618e-11
2.11377e-11
9.80792e-12
4.50312e-12
2.04513e-12
9.17127e-13
4.04113e-13
1.72812e-13
6.95564e-14
2.40931e-14
4.31616e-15
1
0.999999
0.999997
0.999993
0.999987
0.999974
0.999952
0.999912
0.999841
0.999717
0.999503
0.999139
0.998525
0.997508
0.995864
0.993274
0.989309
0.983426
0.975006
0.963417
0.948113
0.928738
0.905196
0.877663
0.846547
0.812412
0.775902
0.737674
0.698355
0.658512
0.61864
0.579158
0.540411
0.502671
0.466149
0.431001
0.397336
0.365223
0.334704
0.305791
0.278479
0.252743
0.228549
0.205849
0.184593
0.164723
0.146179
0.1289
0.112825
0.0978928
0.0840451
0.0712269
0.059389
0.0484906
0.0385046
0.0294817
0.0216551
0.0148042
0.00886884
0.00454934
0.00229021
0.00112391
0.000534824
0.000245554
0.000108197
4.54958e-05
1.81511e-05
6.84364e-06
2.47999e-06
1.04681e-06
6.37055e-07
5.11128e-07
4.3078e-07
3.50309e-07
2.69623e-07
1.9579e-07
1.34619e-07
8.81561e-08
5.52746e-08
3.33167e-08
1.93667e-08
1.08896e-08
5.9401e-09
3.15184e-09
1.63055e-09
8.24083e-10
4.07631e-10
1.9852e-10
9.53836e-11
4.52612e-11
2.12298e-11
9.84988e-12
4.52201e-12
2.05353e-12
9.20819e-13
4.05708e-13
1.73483e-13
6.98232e-14
2.41843e-14
4.33219e-15
1
0.999999
0.999997
0.999993
0.999987
0.999974
0.999952
0.999912
0.999841
0.999717
0.999504
0.99914
0.998528
0.997512
0.995871
0.993286
0.989327
0.983455
0.975049
0.963478
0.948195
0.928844
0.905328
0.87782
0.846728
0.812616
0.776125
0.737914
0.698608
0.658776
0.618912
0.579437
0.540694
0.502956
0.466435
0.431286
0.397618
0.365502
0.334979
0.306061
0.278743
0.253001
0.228799
0.206092
0.184828
0.164949
0.146397
0.129109
0.113025
0.0980833
0.0842263
0.0713987
0.0595512
0.048643
0.0386467
0.0296063
0.0217669
0.0148998
0.00894204
0.00458899
0.00231125
0.00113489
0.000540393
0.000248291
0.000109492
4.60818e-05
1.84027e-05
6.94501e-06
2.51678e-06
1.0577e-06
6.40363e-07
5.1295e-07
4.32509e-07
3.51982e-07
2.71121e-07
1.97021e-07
1.35554e-07
8.88187e-08
5.57186e-08
3.35994e-08
1.95386e-08
1.09897e-08
5.99615e-09
3.18211e-09
1.64637e-09
8.32108e-10
4.11592e-10
2.00436e-10
9.62957e-11
4.56886e-11
2.14272e-11
9.93993e-12
4.56258e-12
2.07159e-12
9.28746e-13
4.0913e-13
1.74921e-13
7.03948e-14
2.43797e-14
4.36651e-15
1
0.999999
0.999997
0.999993
0.999987
0.999974
0.999952
0.999912
0.999841
0.999718
0.999505
0.999142
0.998531
0.997518
0.995882
0.993304
0.989356
0.9835
0.975116
0.963572
0.948322
0.929008
0.90553
0.878062
0.847006
0.812927
0.776466
0.73828
0.698995
0.659179
0.619328
0.579862
0.541124
0.50339
0.466869
0.431719
0.398048
0.365927
0.335397
0.306471
0.279144
0.253392
0.229179
0.206461
0.185185
0.165293
0.146728
0.129427
0.113329
0.0983735
0.0845024
0.0716606
0.0597986
0.0488755
0.0388635
0.0297972
0.0219383
0.0150472
0.00905578
0.00465247
0.00234498
0.00115248
0.000549319
0.000252676
0.000111565
4.70189e-05
1.88051e-05
7.10717e-06
2.57607e-06
1.07584e-06
6.45989e-07
5.15951e-07
4.35233e-07
3.54566e-07
2.73422e-07
1.9891e-07
1.36987e-07
8.98353e-08
5.63992e-08
3.40326e-08
1.98018e-08
1.1143e-08
6.082e-09
3.22852e-09
1.67065e-09
8.44436e-10
4.17682e-10
2.03386e-10
9.77003e-11
4.63472e-11
2.17317e-11
1.00788e-11
4.62518e-12
2.09946e-12
9.40993e-13
4.14422e-13
1.77146e-13
7.12794e-14
2.46823e-14
4.4197e-15
1
0.999999
0.999997
0.999993
0.999987
0.999974
0.999952
0.999912
0.999842
0.999719
0.999506
0.999145
0.998536
0.997526
0.995896
0.993328
0.989395
0.98356
0.975205
0.963698
0.948492
0.929228
0.905802
0.878385
0.847378
0.813344
0.776922
0.738769
0.699512
0.659718
0.619884
0.58043
0.5417
0.50397
0.46745
0.432298
0.398622
0.366495
0.335956
0.307021
0.279682
0.253917
0.22969
0.206957
0.185664
0.165757
0.147174
0.129855
0.113739
0.098765
0.0848752
0.0720144
0.060133
0.0491899
0.039157
0.0300573
0.0221726
0.0152504
0.009215
0.00474725
0.00239513
0.00117852
0.000562472
0.000259108
0.000114593
4.8383e-05
1.93889e-05
7.34219e-06
2.66251e-06
1.10325e-06
6.54659e-07
5.20361e-07
4.3902e-07
3.58083e-07
2.76537e-07
2.01468e-07
1.38933e-07
9.12182e-08
5.73268e-08
3.46238e-08
2.01615e-08
1.13526e-08
6.19946e-09
3.29201e-09
1.70386e-09
8.61301e-10
4.26015e-10
2.07422e-10
9.96227e-11
4.72488e-11
2.21486e-11
1.02691e-11
4.71097e-12
2.13767e-12
9.5779e-13
4.21681e-13
1.80199e-13
7.24937e-14
2.50977e-14
4.49275e-15
1
0.999999
0.999997
0.999993
0.999987
0.999974
0.999952
0.999912
0.999842
0.999719
0.999508
0.999148
0.998542
0.997537
0.995914
0.993359
0.989444
0.983635
0.975316
0.963855
0.948704
0.929501
0.90614
0.878788
0.847843
0.813864
0.777491
0.739379
0.700156
0.660389
0.620576
0.581137
0.542418
0.504693
0.468175
0.43302
0.39934
0.367205
0.336656
0.307709
0.280356
0.254575
0.230331
0.20758
0.186268
0.16634
0.147736
0.130395
0.114257
0.0992602
0.0853472
0.0724627
0.0605573
0.0495894
0.0395306
0.0303907
0.022474
0.0155123
0.00942735
0.00488711
0.002468
0.00121588
0.000581151
0.000268167
0.000118829
5.02806e-05
2.01978e-05
7.66695e-06
2.78221e-06
1.14242e-06
6.67147e-07
5.26363e-07
4.43916e-07
3.62554e-07
2.80493e-07
2.04729e-07
1.41423e-07
9.29939e-08
5.85208e-08
3.53862e-08
2.06258e-08
1.16234e-08
6.35122e-09
3.37405e-09
1.74678e-09
8.83088e-10
4.36775e-10
2.12633e-10
1.02103e-10
4.8412e-11
2.26864e-11
1.05146e-11
4.82161e-12
2.18695e-12
9.79457e-13
4.31047e-13
1.8414e-13
7.40613e-14
2.5634e-14
4.5871e-15
1
0.999999
0.999997
0.999993
0.999987
0.999974
0.999952
0.999912
0.999842
0.99972
0.99951
0.999152
0.998549
0.997549
0.995936
0.993395
0.989502
0.983725
0.975448
0.964042
0.948957
0.929828
0.906544
0.879268
0.848396
0.814484
0.778169
0.740107
0.700924
0.66119
0.621402
0.581981
0.543274
0.505556
0.46904
0.433884
0.400199
0.368055
0.337495
0.308534
0.281165
0.255367
0.231104
0.208331
0.186997
0.167045
0.148416
0.13105
0.114885
0.0998617
0.0859212
0.0730087
0.0610746
0.0500774
0.0399881
0.0308028
0.022849
0.015843
0.00969931
0.00507642
0.00256615
0.00126597
0.000606099
0.000280228
0.000124454
5.27964e-05
2.1269e-05
8.09705e-06
2.9412e-06
1.19545e-06
6.8381e-07
5.33919e-07
4.49876e-07
3.67955e-07
2.85283e-07
2.08706e-07
1.44484e-07
9.51902e-08
6.00038e-08
3.63354e-08
2.12048e-08
1.19613e-08
6.54073e-09
3.4765e-09
1.80036e-09
9.10276e-10
4.50197e-10
2.1913e-10
1.05196e-10
4.98616e-11
2.33565e-11
1.08203e-11
4.9594e-12
2.24832e-12
1.00643e-12
4.42709e-13
1.89046e-13
7.60129e-14
2.63018e-14
4.70461e-15
1
0.999999
0.999997
0.999993
0.999987
0.999974
0.999952
0.999913
0.999843
0.999722
0.999512
0.999156
0.998557
0.997564
0.995961
0.993437
0.98957
0.983829
0.975602
0.96426
0.949251
0.930206
0.907012
0.879825
0.849036
0.8152
0.778952
0.740947
0.701811
0.662115
0.622356
0.582956
0.544263
0.506554
0.470042
0.434884
0.401194
0.369042
0.33847
0.309494
0.282108
0.25629
0.232006
0.20921
0.187851
0.167873
0.149217
0.131822
0.115627
0.100573
0.0866005
0.0736555
0.0616879
0.050656
0.0405302
0.0313008
0.0233024
0.0162439
0.0100326
0.00531529
0.00269022
0.0013294
0.000637732
0.000295543
0.000131609
5.60015e-05
2.26366e-05
8.6471e-06
3.144e-06
1.25973e-06
7.04205e-07
5.43001e-07
4.56907e-07
3.74279e-07
2.9092e-07
2.13436e-07
1.48162e-07
9.78487e-08
6.18064e-08
3.74919e-08
2.19111e-08
1.23739e-08
6.77212e-09
3.60159e-09
1.86576e-09
9.43443e-10
4.6656e-10
2.27045e-10
1.08962e-10
5.16258e-11
2.41715e-11
1.1192e-11
5.12691e-12
2.32291e-12
1.03922e-12
4.56884e-13
1.9501e-13
7.83856e-14
2.7114e-14
4.84756e-15
1
0.999999
0.999997
0.999993
0.999987
0.999975
0.999952
0.999913
0.999844
0.999723
0.999515
0.999161
0.998566
0.997581
0.99599
0.993485
0.989647
0.983948
0.975777
0.964506
0.949583
0.930634
0.90754
0.880453
0.849759
0.816008
0.779835
0.741894
0.702811
0.663156
0.62343
0.584055
0.545379
0.50768
0.471172
0.436014
0.402319
0.370159
0.339575
0.310585
0.283181
0.257343
0.233036
0.210216
0.188831
0.168824
0.150138
0.132712
0.116485
0.101397
0.0873892
0.0744078
0.0624024
0.0513309
0.0411631
0.031888
0.0238376
0.0167189
0.0104318
0.00560982
0.00284306
0.00140755
0.00067676
0.000314474
0.000140475
5.99857e-05
2.43427e-05
9.33676e-06
3.40131e-06
1.34627e-06
7.31912e-07
5.54608e-07
4.65261e-07
3.81617e-07
2.97482e-07
2.19e-07
1.52528e-07
1.01022e-07
6.39655e-08
3.88799e-08
2.27599e-08
1.287e-08
7.0504e-09
3.75198e-09
1.94434e-09
9.83264e-10
4.86189e-10
2.36536e-10
1.13474e-10
5.37386e-11
2.51472e-11
1.16368e-11
5.32728e-12
2.4121e-12
1.07842e-12
4.73827e-13
2.02137e-13
8.1221e-14
2.80846e-14
5.01852e-15
1
0.999999
0.999997
0.999993
0.999987
0.999975
0.999953
0.999913
0.999844
0.999725
0.999518
0.999167
0.998577
0.9976
0.996023
0.993539
0.989733
0.98408
0.975972
0.964781
0.949953
0.93111
0.908128
0.881151
0.850561
0.816903
0.780812
0.74294
0.703914
0.664306
0.624615
0.585266
0.546609
0.508922
0.472421
0.437264
0.403566
0.371398
0.340804
0.311799
0.284379
0.258521
0.234192
0.211347
0.189934
0.169899
0.151182
0.133723
0.117461
0.102337
0.0882915
0.0752707
0.0632241
0.052109
0.0418945
0.0325679
0.0244579
0.0172711
0.010899
0.00596001
0.00302525
0.00150103
0.000723619
0.000337304
0.000151219
6.48395e-05
2.64335e-05
1.0188e-05
3.72364e-06
1.44055e-06
7.72466e-07
5.69796e-07
4.74981e-07
3.8995e-07
3.05008e-07
2.25468e-07
1.57652e-07
1.04769e-07
6.65233e-08
4.05276e-08
2.37687e-08
1.346e-08
7.38135e-09
3.93076e-09
2.03768e-09
1.03052e-09
5.09458e-10
2.47776e-10
1.18813e-10
5.62365e-11
2.62998e-11
1.21619e-11
5.56371e-12
2.51732e-12
1.12466e-12
4.93807e-13
2.10543e-13
8.45645e-14
2.92294e-14
5.22019e-15
1
0.999999
0.999997
0.999993
0.999987
0.999975
0.999953
0.999914
0.999845
0.999726
0.999522
0.999174
0.998589
0.997621
0.996059
0.993599
0.989829
0.984227
0.976188
0.965085
0.95036
0.931633
0.908771
0.881913
0.851435
0.817878
0.781874
0.744076
0.705111
0.665551
0.625898
0.586579
0.547942
0.510269
0.473775
0.438622
0.404921
0.372749
0.342145
0.313128
0.285692
0.259816
0.235466
0.212597
0.191158
0.171094
0.152346
0.134854
0.118557
0.103395
0.0893107
0.0762487
0.0641588
0.0529976
0.0427327
0.0333492
0.0251632
0.0179005
0.0114345
0.00636474
0.00323694
0.0016103
0.000778754
0.000364349
0.000164037
7.06734e-05
2.8966e-05
1.12285e-05
4.12173e-06
1.56708e-06
8.11151e-07
5.83819e-07
4.84643e-07
3.98921e-07
3.13488e-07
2.32926e-07
1.63628e-07
1.09164e-07
6.95329e-08
4.24696e-08
2.49587e-08
1.4156e-08
7.77159e-09
4.14135e-09
2.14748e-09
1.08603e-09
5.36748e-10
2.60943e-10
1.25061e-10
5.91571e-11
2.76463e-11
1.2775e-11
5.83956e-12
2.64001e-12
1.17854e-12
5.17087e-13
2.20333e-13
8.84584e-14
3.05626e-14
5.4551e-15
1
0.999999
0.999997
0.999994
0.999987
0.999975
0.999953
0.999914
0.999846
0.999728
0.999525
0.999181
0.998602
0.997645
0.9961
0.993666
0.989935
0.984389
0.976425
0.965416
0.950804
0.932201
0.909468
0.882737
0.852377
0.818925
0.783012
0.74529
0.706388
0.666878
0.627264
0.587974
0.549359
0.511701
0.475216
0.440068
0.406368
0.374193
0.343583
0.314556
0.287107
0.261216
0.236847
0.213957
0.192494
0.172403
0.153626
0.136101
0.119769
0.104571
0.0904468
0.0773432
0.0652095
0.0540022
0.0436883
0.0342523
0.0259386
0.0186037
0.0120406
0.00682767
0.00348074
0.00173709
0.000843241
0.000396232
0.000179271
7.76645e-05
3.20277e-05
1.24985e-05
4.6131e-06
1.72321e-06
8.45309e-07
5.94304e-07
4.93413e-07
4.08535e-07
3.23104e-07
2.41533e-07
1.70576e-07
1.14295e-07
7.30553e-08
4.47452e-08
2.63534e-08
1.49712e-08
8.22817e-09
4.38737e-09
2.27553e-09
1.15064e-09
5.68447e-10
2.76214e-10
1.32297e-10
6.25344e-11
2.92015e-11
1.34823e-11
6.15752e-12
2.78133e-12
1.24058e-12
5.43877e-13
2.31596e-13
9.29373e-14
3.20959e-14
5.72525e-15
1
0.999999
0.999997
0.999994
0.999987
0.999975
0.999953
0.999915
0.999848
0.999731
0.99953
0.999189
0.998617
0.997671
0.996145
0.99374
0.990052
0.984567
0.976684
0.965778
0.951285
0.932815
0.910218
0.883618
0.853379
0.820035
0.784214
0.746568
0.707727
0.668266
0.62869
0.589429
0.550835
0.513193
0.47672
0.441578
0.407882
0.375706
0.345094
0.316062
0.288605
0.262702
0.238319
0.215412
0.193929
0.173815
0.155011
0.137457
0.121092
0.105858
0.0916949
0.0785493
0.0663703
0.0551142
0.0447473
0.0352524
0.0268047
0.0193921
0.0127345
0.00736308
0.0037647
0.00188576
0.000919447
0.000434176
0.000197537
8.61148e-05
3.5761e-05
1.40627e-05
5.22687e-06
1.9271e-06
8.98676e-07
6.10427e-07
5.04537e-07
4.19896e-07
3.34274e-07
2.51507e-07
1.78642e-07
1.20267e-07
7.71598e-08
4.73968e-08
2.79769e-08
1.59187e-08
8.75763e-09
4.67193e-09
2.42323e-09
1.22494e-09
6.04804e-10
2.93695e-10
1.40564e-10
6.63871e-11
3.09729e-11
1.42869e-11
6.51878e-12
2.94173e-12
1.31092e-12
5.74235e-13
2.44353e-13
9.80081e-14
3.38314e-14
6.031e-15
1
0.999999
0.999997
0.999994
0.999987
0.999975
0.999954
0.999915
0.999849
0.999733
0.999535
0.999199
0.998635
0.997701
0.996195
0.993822
0.990181
0.984761
0.976966
0.966168
0.951802
0.93347
0.911014
0.884551
0.854435
0.821198
0.785466
0.747892
0.709108
0.669692
0.630151
0.590915
0.552342
0.514715
0.478253
0.44312
0.40943
0.377259
0.346649
0.317616
0.290157
0.264248
0.239857
0.216939
0.195441
0.175309
0.156484
0.138905
0.122512
0.107245
0.0930453
0.0798587
0.0676336
0.0563251
0.0458974
0.0363291
0.0277279
0.0201916
0.0136094
0.00801309
0.00410604
0.00206379
0.00101076
0.000479799
0.000219622
9.64049e-05
4.03455e-05
1.60023e-05
5.99796e-06
2.19295e-06
9.78168e-07
6.34396e-07
5.18617e-07
4.33237e-07
3.47182e-07
2.63027e-07
1.8798e-07
1.27189e-07
8.1918e-08
5.04675e-08
2.98536e-08
1.70113e-08
9.36642e-09
4.99806e-09
2.59189e-09
1.30947e-09
6.45998e-10
3.13442e-10
1.49876e-10
7.07147e-11
3.29578e-11
1.51865e-11
6.92199e-12
3.12049e-12
1.38922e-12
6.0799e-13
2.58525e-13
1.03638e-13
3.57571e-14
6.37016e-15
1
0.999999
0.999997
0.999994
0.999987
0.999975
0.999954
0.999916
0.99985
0.999736
0.999541
0.99921
0.998655
0.997737
0.996254
0.993917
0.990328
0.984982
0.977282
0.966601
0.95237
0.934181
0.911868
0.885538
0.855541
0.822403
0.786751
0.74924
0.710504
0.671124
0.631609
0.592395
0.553838
0.516224
0.479774
0.444651
0.410971
0.378808
0.348205
0.319179
0.291723
0.265817
0.241426
0.218504
0.197
0.176858
0.158019
0.140422
0.124006
0.108712
0.0944815
0.0812587
0.0689925
0.0576375
0.0471573
0.0375296
0.0288039
0.0211865
0.0144835
0.008694
0.00447778
0.00226342
0.00111552
0.000533119
0.000245843
0.000108797
4.59412e-05
1.84006e-05
6.96349e-06
2.53319e-06
1.07341e-06
6.61958e-07
5.33998e-07
4.48158e-07
3.61828e-07
2.76179e-07
1.9867e-07
1.35119e-07
8.73625e-08
5.39722e-08
3.19879e-08
1.82484e-08
1.00523e-08
5.3635e-09
2.77984e-09
1.40315e-09
6.91412e-10
3.35133e-10
1.60071e-10
7.54383e-11
3.51187e-11
1.61636e-11
7.35908e-12
3.31395e-12
1.47386e-12
6.44438e-13
2.73815e-13
1.09707e-13
3.78323e-14
6.73569e-15
1
0.999999
0.999997
0.999994
0.999987
0.999975
0.999954
0.999917
0.999852
0.99974
0.999548
0.999223
0.998678
0.997776
0.996319
0.99402
0.990487
0.985217
0.977617
0.967057
0.952965
0.934922
0.912753
0.886555
0.856671
0.823625
0.788043
0.750583
0.711882
0.672525
0.633026
0.593823
0.555275
0.51767
0.48123
0.446117
0.412449
0.380299
0.34971
0.320696
0.293254
0.267359
0.242976
0.22006
0.198559
0.178417
0.159572
0.141966
0.125537
0.110223
0.0959686
0.0827161
0.0704141
0.0590165
0.0484857
0.0387971
0.029952
0.0222317
0.0154263
0.0094568
0.00496074
0.00251859
0.00124811
0.000600257
0.000278807
0.000124394
5.30065e-05
2.14427e-05
8.19391e-06
2.98684e-06
1.21682e-06
7.05209e-07
5.54503e-07
4.65679e-07
3.78357e-07
2.90905e-07
2.10661e-07
1.44044e-07
9.35057e-08
5.79304e-08
3.43963e-08
1.96408e-08
1.0821e-08
5.77073e-09
2.9878e-09
1.50595e-09
7.40876e-10
3.58586e-10
1.71018e-10
8.04783e-11
3.74111e-11
1.7195e-11
7.8185e-12
3.51659e-12
1.56225e-12
6.82415e-13
2.89715e-13
1.16006e-13
3.99846e-14
7.11572e-15
1
0.999999
0.999997
0.999994
0.999987
0.999976
0.999955
0.999919
0.999855
0.999745
0.999557
0.999239
0.998707
0.997826
0.996402
0.994151
0.990687
0.98551
0.978027
0.967607
0.953666
0.935777
0.913749
0.887669
0.857875
0.824892
0.789347
0.751906
0.71321
0.67385
0.634346
0.595138
0.556587
0.518983
0.482549
0.447447
0.413793
0.381661
0.351091
0.322099
0.294677
0.268803
0.24444
0.22154
0.200053
0.17992
0.161082
0.143476
0.127042
0.11172
0.09745
0.0841764
0.0718466
0.0604135
0.0498376
0.0400911
0.031165
0.02334
0.0164015
0.0102977
0.00558261
0.00284198
0.00141431
0.000683884
0.000319747
0.000143765
6.18055e-05
2.52506e-05
9.74737e-06
3.56911e-06
1.40718e-06
7.6357e-07
5.79168e-07
4.84757e-07
3.95779e-07
3.06446e-07
2.2346e-07
1.53664e-07
1.00151e-07
6.22002e-08
3.69746e-08
2.11151e-08
1.16245e-08
6.19057e-09
3.19924e-09
1.60907e-09
7.9023e-10
3.81829e-10
1.81814e-10
8.54317e-11
3.96591e-11
1.8205e-11
8.26809e-12
3.71478e-12
1.64867e-12
7.19522e-13
3.05239e-13
1.22151e-13
4.20819e-14
7.48585e-15
1
0.999999
0.999997
0.999994
0.999987
0.999976
0.999956
0.99992
0.999858
0.999751
0.999568
0.999258
0.998739
0.99788
0.996489
0.994287
0.990891
0.985805
0.978434
0.968143
0.954342
0.936589
0.914684
0.888705
0.858984
0.826046
0.790522
0.753083
0.714377
0.675
0.635478
0.596254
0.557693
0.520086
0.483654
0.448562
0.414925
0.382814
0.352271
0.323307
0.295915
0.27007
0.245734
0.222861
0.201397
0.181283
0.162459
0.144864
0.128435
0.113113
0.0988377
0.0855531
0.0732066
0.0617505
0.0511443
0.0413586
0.0323817
0.0244687
0.0174296
0.0111795
0.00625423
0.00319383
0.00159655
0.000776375
0.000365428
0.000165591
7.18282e-05
2.96418e-05
1.1565e-05
4.26443e-06
1.64548e-06
8.34732e-07
6.03932e-07
5.01941e-07
4.12e-07
3.21734e-07
2.36644e-07
1.63895e-07
1.07362e-07
6.6884e-08
3.98143e-08
2.27367e-08
1.2503e-08
6.64497e-09
3.42525e-09
1.71807e-09
8.42528e-10
4.06924e-10
1.93466e-10
9.07131e-11
4.20101e-11
1.92374e-11
8.71664e-12
3.90791e-12
1.73103e-12
7.54185e-13
3.19483e-13
1.27704e-13
4.39536e-14
7.81306e-15
1
0.999999
0.999997
0.999994
0.999988
0.999977
0.999957
0.999922
0.999862
0.999759
0.999583
0.999285
0.998785
0.997958
0.996614
0.99448
0.99118
0.986217
0.979
0.968885
0.955265
0.93768
0.915912
0.890021
0.860337
0.827386
0.791812
0.754297
0.715503
0.67604
0.636439
0.59715
0.558541
0.520902
0.484457
0.449366
0.415743
0.383655
0.353142
0.324212
0.296856
0.271048
0.246747
0.223906
0.202471
0.182382
0.163579
0.146
0.129582
0.114267
0.0999932
0.0867059
0.0743521
0.0628841
0.052261
0.042453
0.0334466
0.0254166
0.018305
0.0119499
0.00685285
0.00351226
0.00176393
0.00086263
0.000408659
0.000186565
8.16173e-05
3.40077e-05
1.34097e-05
4.98984e-06
1.87267e-06
8.9074e-07
6.18865e-07
5.13211e-07
4.24718e-07
3.34893e-07
2.48525e-07
1.73283e-07
1.13957e-07
7.10844e-08
4.22802e-08
2.40882e-08
1.32012e-08
6.98794e-09
3.58673e-09
1.7917e-09
8.75977e-10
4.20465e-10
1.99032e-10
9.30366e-11
4.29956e-11
1.96622e-11
8.90245e-12
3.99008e-12
1.76753e-12
7.70312e-13
3.26453e-13
1.30549e-13
4.4949e-14
7.99131e-15
1
0.999999
0.999997
0.999994
0.999988
0.999977
0.999958
0.999925
0.999867
0.999768
0.999601
0.999317
0.998843
0.998057
0.996775
0.994732
0.991554
0.986747
0.97971
0.969781
0.956329
0.938869
0.91716
0.891261
0.861509
0.828447
0.79274
0.755089
0.716171
0.676601
0.636917
0.597569
0.558924
0.52127
0.484827
0.449751
0.416153
0.384097
0.353619
0.324725
0.297405
0.27163
0.247361
0.224548
0.203136
0.183067
0.16428
0.146713
0.130305
0.114994
0.100722
0.0874338
0.0750756
0.0636002
0.0529664
0.0431439
0.0341178
0.0260188
0.0188636
0.0124491
0.00724627
0.0037234
0.00187614
0.000921187
0.000438427
0.000201241
8.85948e-05
3.71866e-05
1.47878e-05
5.55082e-06
2.06193e-06
9.34427e-07
6.26301e-07
5.19196e-07
4.33897e-07
3.45909e-07
2.59474e-07
1.82617e-07
1.20936e-07
7.57465e-08
4.51026e-08
2.56524e-08
1.40009e-08
7.3669e-09
3.75298e-09
1.85773e-09
9.00337e-10
4.30004e-10
2.02738e-10
9.44895e-11
4.35786e-11
1.99039e-11
9.00606e-12
4.03575e-12
1.78796e-12
7.79438e-13
3.30429e-13
1.32177e-13
4.55168e-14
8.09271e-15
)
;

boundaryField
{
    fuel
    {
        type            fixedValue;
        value           uniform 1;
    }
    air
    {
        type            fixedValue;
        value           uniform 0;
    }
    outlet
    {
        type            inletOutlet;
        inletValue      uniform 0;
        value           nonuniform List<scalar> 
200
(
1
0.999999
0.999997
0.999994
0.999988
0.999977
0.999958
0.999925
0.999868
0.999769
0.999602
0.99932
0.998848
0.998066
0.99679
0.994756
0.991593
0.986807
0.979799
0.969909
0.956505
0.939099
0.917449
0.891609
0.861912
0.828901
0.793236
0.755617
0.716721
0.677166
0.637488
0.598139
0.559486
0.521819
0.485358
0.450263
0.416642
0.384563
0.35406
0.325141
0.297797
0.271998
0.247704
0.224869
0.203435
0.183346
0.16454
0.146955
0.130529
0.115202
0.100916
0.0876132
0.0752417
0.0637532
0.0531066
0.0432708
0.034231
0.0261148
0.0189516
0.0125465
0.00732374
0.00376409
0.00189748
0.00093222
0.000443998
0.000203968
8.98804e-05
3.77661e-05
1.5036e-05
5.65108e-06
2.09753e-06
9.46719e-07
6.31787e-07
5.23242e-07
4.37404e-07
3.48845e-07
2.61786e-07
1.84324e-07
1.2212e-07
7.65209e-08
4.55817e-08
2.5934e-08
1.4159e-08
7.45205e-09
3.79725e-09
1.88002e-09
9.11225e-10
4.35242e-10
2.05227e-10
9.56586e-11
4.4122e-11
2.01539e-11
9.11995e-12
4.0871e-12
1.81084e-12
7.89454e-13
3.3469e-13
1.33885e-13
4.61057e-14
8.19746e-15
1
0.999999
0.999997
0.999994
0.999988
0.999977
0.999958
0.999925
0.999867
0.999768
0.999601
0.999317
0.998843
0.998057
0.996775
0.994732
0.991554
0.986747
0.97971
0.969781
0.956329
0.938869
0.91716
0.891261
0.861509
0.828447
0.79274
0.755089
0.716171
0.676601
0.636917
0.597569
0.558924
0.52127
0.484827
0.449751
0.416153
0.384097
0.353619
0.324725
0.297405
0.27163
0.247361
0.224548
0.203136
0.183067
0.16428
0.146713
0.130305
0.114994
0.100722
0.0874338
0.0750756
0.0636002
0.0529664
0.0431439
0.0341178
0.0260188
0.0188636
0.0124491
0.00724627
0.0037234
0.00187614
0.000921187
0.000438427
0.000201241
8.85948e-05
3.71866e-05
1.47878e-05
5.55082e-06
2.06193e-06
9.34427e-07
6.26301e-07
5.19196e-07
4.33897e-07
3.45909e-07
2.59474e-07
1.82617e-07
1.20936e-07
7.57465e-08
4.51026e-08
2.56524e-08
1.40009e-08
7.3669e-09
3.75298e-09
1.85773e-09
9.00337e-10
4.30004e-10
2.02738e-10
9.44895e-11
4.35786e-11
1.99039e-11
9.00606e-12
4.03575e-12
1.78796e-12
7.79438e-13
3.30429e-13
1.32177e-13
4.55168e-14
8.09271e-15
)
;
    }
    frontAndBack
    {
        type            empty;
    }
}


// ************************************************************************* //
