/*--------------------------------*- C++ -*----------------------------------*\
  =========                 |
  \\      /  F ield         | OpenFOAM: The Open Source CFD Toolbox
   \\    /   O peration     | Website:  https://openfoam.org
    \\  /    A nd           | Version:  11
     \\/     M anipulation  |
\*---------------------------------------------------------------------------*/
FoamFile
{
    format      ascii;
    class       volScalarField;
    location    "0.1";
    object      CO2;
}
// * * * * * * * * * * * * * * * * * * * * * * * * * * * * * * * * * * * * * //

dimensions      [0 0 0 0 0 0 0];

internalField   nonuniform List<scalar> 
4000
(
1.40501e-10
7.67809e-10
2.17109e-09
5.28191e-09
1.21249e-08
2.70823e-08
5.95815e-08
1.29755e-07
2.8022e-07
6.0027e-07
1.27474e-06
2.68081e-06
5.57533e-06
1.14465e-05
2.31249e-05
4.56794e-05
8.7969e-05
0.000164608
0.000298192
0.000521042
0.000875336
0.00141061
0.00217853
0.00322633
0.00459092
0.00629533
0.008348
0.010744
0.0134676
0.0164948
0.0197962
0.0233389
0.0270887
0.031011
0.0350725
0.0392413
0.0434877
0.0477843
0.0521062
0.0564308
0.0607377
0.065009
0.0692286
0.0733828
0.0774595
0.0814484
0.0853405
0.0891283
0.092805
0.096365
0.0998016
0.103108
0.106272
0.109278
0.112097
0.114681
0.116944
0.118714
0.11976
0.119687
0.117704
0.112434
0.103706
0.0935993
0.0832073
0.0730946
0.0635381
0.0546645
0.0465235
0.0391363
0.0326248
0.026911
0.0216178
0.0168536
0.0127778
0.00937654
0.00662561
0.00448661
0.002901
0.0017882
0.00105172
0.000592027
0.000320422
0.000167583
8.51008e-05
4.2132e-05
2.05069e-05
9.86769e-06
4.70317e-06
2.22377e-06
1.04427e-06
4.8738e-07
2.26104e-07
1.04174e-07
4.75409e-08
2.13573e-08
9.31546e-09
3.81827e-09
1.3383e-09
2.39998e-10
1.47994e-10
8.10137e-10
2.29816e-09
5.61329e-09
1.2941e-08
2.90344e-08
6.4164e-08
1.40343e-07
3.04265e-07
6.53835e-07
1.39154e-06
2.92954e-06
6.09144e-06
1.24873e-05
2.51286e-05
4.93767e-05
9.44845e-05
0.000175526
0.000315511
0.000546941
0.00091176
0.00145878
0.00223864
0.00329751
0.00467155
0.00638354
0.00844205
0.0108426
0.0135701
0.016601
0.0199063
0.0234535
0.0272086
0.0311371
0.0352056
0.0393822
0.043637
0.0479425
0.0522734
0.0566071
0.0609229
0.0652027
0.0694305
0.0735922
0.0776759
0.081671
0.0855687
0.0893612
0.0930419
0.0966048
0.100043
0.10335
0.106513
0.109515
0.112325
0.114892
0.117127
0.118839
0.119802
0.119589
0.117347
0.111614
0.102666
0.0924695
0.0820586
0.0719654
0.0624497
0.0536291
0.0455482
0.0382275
0.0318376
0.0261861
0.0209137
0.0162306
0.0122487
0.00894532
0.00629109
0.00424238
0.0027351
0.00168432
0.000992068
0.000560667
0.000305315
0.00016092
8.24348e-05
4.12015e-05
2.02019e-05
9.77042e-06
4.6754e-06
2.2172e-06
1.04334e-06
4.8759e-07
2.26361e-07
1.04316e-07
4.76007e-08
2.13777e-08
9.32089e-09
3.81919e-09
1.33829e-09
2.39968e-10
1.56553e-10
8.57357e-10
2.43594e-09
5.97053e-09
1.38168e-08
3.10868e-08
6.88668e-08
1.50895e-07
3.27481e-07
7.03914e-07
1.49739e-06
3.14859e-06
6.53469e-06
1.33632e-05
2.67884e-05
5.24176e-05
9.98542e-05
0.000184629
0.000330259
0.00056969
0.000945059
0.00150498
0.00229948
0.0033738
0.0047632
0.00648972
0.00856158
0.0109743
0.0137128
0.0167541
0.0200695
0.0236269
0.0273925
0.0313322
0.0354125
0.0396015
0.0438694
0.0481884
0.0525333
0.0568809
0.0612105
0.0655037
0.0697444
0.0739185
0.0780136
0.0820192
0.0859263
0.089727
0.0934147
0.0969832
0.100425
0.103734
0.106895
0.109891
0.112688
0.115231
0.117422
0.119043
0.119877
0.119438
0.116801
0.110382
0.101114
0.0907951
0.0803752
0.0703346
0.0609061
0.0521923
0.0442293
0.0370338
0.030844
0.025278
0.0200644
0.0155192
0.0116746
0.0085009
0.00596391
0.00401551
0.00258805
0.0015956
0.000942266
0.000534576
0.0002925
0.000154991
7.98415e-05
4.01251e-05
1.97647e-05
9.60902e-06
4.6172e-06
2.19665e-06
1.03618e-06
4.8509e-07
2.25467e-07
1.0398e-07
4.74646e-08
2.13187e-08
9.29449e-09
3.80779e-09
1.33417e-09
2.3923e-10
1.65693e-10
9.07323e-10
2.57645e-09
6.30563e-09
1.45975e-08
3.29149e-08
7.29655e-08
1.59843e-07
3.46727e-07
7.44713e-07
1.58252e-06
3.32319e-06
6.8861e-06
1.4056e-05
2.81023e-05
5.48291e-05
0.000104122
0.000191882
0.000342059
0.000588009
0.000972156
0.00154317
0.00235085
0.00344004
0.00484541
0.00658853
0.00867719
0.0111067
0.0138618
0.0169196
0.0202514
0.0238252
0.0276073
0.0315636
0.0356606
0.0398665
0.0441514
0.0484873
0.052849
0.0572132
0.061559
0.0658679
0.0701235
0.0743115
0.0784196
0.0824371
0.0863548
0.0901646
0.0938597
0.0974339
0.100879
0.104188
0.107346
0.110333
0.113112
0.115622
0.117756
0.119279
0.119958
0.119253
0.116165
0.108989
0.0993776
0.0889418
0.0785293
0.0685641
0.0592487
0.0506697
0.0428562
0.0358263
0.0298245
0.0242657
0.0191934
0.01481
0.0111058
0.00805844
0.00563402
0.00378179
0.00243173
0.00149725
0.000884076
0.000502114
0.000275342
0.000146349
7.56687e-05
3.81802e-05
1.88659e-05
9.20066e-06
4.43655e-06
2.1184e-06
1.00283e-06
4.71045e-07
2.19599e-07
1.01541e-07
4.64554e-08
2.09038e-08
9.12657e-09
3.74277e-09
1.31231e-09
2.35436e-10
1.74181e-10
9.5387e-10
2.70913e-09
6.6317e-09
1.53304e-08
3.45149e-08
7.66077e-08
1.67925e-07
3.64404e-07
7.82741e-07
1.66293e-06
3.49016e-06
7.22596e-06
1.47327e-05
2.93998e-05
5.72356e-05
0.000108424
0.000199268
0.000354189
0.000607007
0.00100047
0.00158333
0.00240516
0.00351033
0.00493298
0.00669415
0.00880123
0.0112492
0.0140229
0.0170992
0.0204496
0.0240419
0.0278426
0.0318174
0.0359331
0.0401577
0.044461
0.0488153
0.0531949
0.0575766
0.0619393
0.0662643
0.0705351
0.0747373
0.0788583
0.0828873
0.0868149
0.0906331
0.0943348
0.0979132
0.10136
0.104667
0.107819
0.110792
0.113547
0.116015
0.11808
0.119492
0.119996
0.118997
0.115417
0.107533
0.0976152
0.087089
0.0767021
0.066825
0.0576314
0.0491924
0.0415287
0.0346543
0.0287959
0.0233696
0.0184231
0.0141677
0.0105866
0.00765459
0.00533381
0.0035699
0.00229043
0.00140843
0.000831396
0.000472525
0.000259517
0.000138243
7.16699e-05
3.62719e-05
1.79714e-05
8.78819e-06
4.24899e-06
2.03412e-06
9.65344e-07
4.5452e-07
2.12373e-07
9.84053e-08
4.51067e-08
2.0331e-08
8.88877e-09
3.64906e-09
1.28047e-09
2.29855e-10
1.8183e-10
9.95799e-10
2.82861e-09
6.92594e-09
1.60184e-08
3.60562e-08
7.99123e-08
1.75227e-07
3.80172e-07
8.16249e-07
1.73318e-06
3.63504e-06
7.51933e-06
1.53148e-05
3.05146e-05
5.93059e-05
0.00011214
0.00020569
0.000364836
0.000623883
0.00102599
0.00162011
0.00245576
0.00357701
0.00501751
0.00679779
0.00892477
0.0113931
0.0141873
0.0172841
0.0206548
0.0242674
0.0280881
0.0320829
0.0362182
0.0404621
0.0447844
0.0491571
0.0535547
0.0579535
0.0623326
0.0666729
0.070958
0.0751732
0.0793059
0.083345
0.0872812
0.091106
0.0948124
0.0983932
0.10184
0.105142
0.108285
0.111241
0.113967
0.116388
0.118365
0.119651
0.119953
0.118596
0.114395
0.106003
0.095879
0.0853126
0.0749751
0.0651955
0.0561253
0.047824
0.0403085
0.0335923
0.027869
0.0225561
0.0177263
0.0135855
0.0101158
0.00728804
0.00506066
0.00337613
0.00216015
0.0013256
0.000781561
0.000444057
0.000244002
0.000130132
6.75837e-05
3.42792e-05
1.70258e-05
8.34513e-06
4.04449e-06
1.94094e-06
9.23361e-07
4.35786e-07
2.04086e-07
9.47708e-08
4.35279e-08
1.96545e-08
8.60594e-09
3.53701e-09
1.24223e-09
2.23131e-10
1.88726e-10
1.03356e-09
2.93594e-09
7.18928e-09
1.66295e-08
3.74359e-08
8.29473e-08
1.81835e-07
3.94445e-07
8.46865e-07
1.79788e-06
3.76942e-06
7.79317e-06
1.58613e-05
3.15685e-05
6.12757e-05
0.000115695
0.000211863
0.00037511
0.000640218
0.00105075
0.00165589
0.00250512
0.00364226
0.00510055
0.00690002
0.00904716
0.0115362
0.0143514
0.0174693
0.0208611
0.0244945
0.0283358
0.0323507
0.0365058
0.0407688
0.0451097
0.0495004
0.0539151
0.0583302
0.0627244
0.0670788
0.0713767
0.0756033
0.0797459
0.0837934
0.0877361
0.0915658
0.0952749
0.098856
0.102301
0.105597
0.108728
0.111666
0.114362
0.116734
0.118618
0.119773
0.11985
0.118092
0.113186
0.104464
0.0942213
0.083657
0.0733861
0.0637072
0.0547546
0.0465792
0.0391969
0.0326512
0.0270649
0.0218196
0.0170932
0.013059
0.00969213
0.00695955
0.00481647
0.0032031
0.00204382
0.00125155
0.000736885
0.000418419
0.000229937
0.000122718
6.38095e-05
3.24163e-05
1.61311e-05
7.92101e-06
3.84643e-06
1.84965e-06
8.81757e-07
4.17017e-07
1.95696e-07
9.10546e-08
4.18987e-08
1.89507e-08
8.30943e-09
3.41876e-09
1.20172e-09
2.16027e-10
1.95051e-10
1.06818e-09
3.0343e-09
7.4305e-09
1.71889e-08
3.86994e-08
8.57702e-08
1.87962e-07
4.07648e-07
8.7503e-07
1.85706e-06
3.89183e-06
8.04209e-06
1.63578e-05
3.2527e-05
6.30719e-05
0.000118949
0.000217541
0.000384613
0.000655424
0.00107396
0.00168967
0.00255206
0.00370472
0.00518051
0.006999
0.00916623
0.011676
0.0145123
0.0176513
0.0210641
0.0247182
0.0285798
0.0326145
0.0367887
0.0410703
0.0454289
0.0498364
0.054267
0.0586969
0.0631048
0.0674716
0.0717805
0.0760168
0.0801674
0.0842214
0.0881689
0.0920014
0.0957116
0.0992913
0.102732
0.106021
0.10914
0.112057
0.114722
0.117045
0.118837
0.119868
0.11974
0.117608
0.112046
0.10304
0.0927068
0.0821582
0.0719573
0.0623755
0.0535321
0.0454697
0.0382024
0.0318096
0.0263121
0.0211482
0.0165254
0.0125899
0.00931609
0.00666848
0.00460023
0.00304983
0.00194064
0.00118569
0.000696994
0.000395405
0.000217232
0.000115972
6.03486e-05
3.06942e-05
1.52971e-05
7.52305e-06
3.6594e-06
1.76291e-06
8.41993e-07
3.98976e-07
1.87589e-07
8.74447e-08
4.03084e-08
1.82604e-08
8.01742e-09
3.30188e-09
1.16157e-09
2.08979e-10
2.00853e-10
1.09992e-09
3.12432e-09
7.65067e-09
1.7698e-08
3.98453e-08
8.83028e-08
1.93464e-07
4.19646e-07
9.00732e-07
1.9113e-06
4.00457e-06
8.27221e-06
1.68181e-05
3.3419e-05
6.47489e-05
0.000121997
0.000222873
0.000393559
0.000669773
0.00109591
0.00172168
0.00259664
0.00376419
0.00525684
0.00709372
0.00928043
0.0118104
0.0146672
0.0178268
0.0212599
0.0249341
0.0288152
0.0328689
0.0370613
0.0413603
0.0457354
0.0501584
0.0546034
0.0590466
0.0634665
0.0678441
0.0721623
0.0764064
0.0805635
0.0846222
0.0885728
0.0924067
0.0961164
0.0996935
0.103129
0.10641
0.109516
0.112416
0.115052
0.11733
0.119037
0.119955
0.119634
0.11717
0.111031
0.101774
0.0913631
0.0808315
0.0706958
0.0612029
0.0524583
0.044497
0.0373322
0.0310837
0.0256699
0.0205561
0.0160223
0.012175
0.0089843
0.00641225
0.00441019
0.00291528
0.00185011
0.00112791
0.000661954
0.000375146
0.000206012
0.00010999
5.72649e-05
2.91513e-05
1.45454e-05
7.16258e-06
3.48911e-06
1.68353e-06
8.05423e-07
3.82305e-07
1.80062e-07
8.40792e-08
3.88197e-08
1.76118e-08
7.74214e-09
3.19139e-09
1.12354e-09
2.02294e-10
2.06185e-10
1.12907e-09
3.20695e-09
7.85263e-09
1.81648e-08
4.08967e-08
9.06381e-08
1.98559e-07
4.30699e-07
9.24306e-07
1.96104e-06
4.108e-06
8.48349e-06
1.72408e-05
3.42399e-05
6.62957e-05
0.000124814
0.000227814
0.000401873
0.000683143
0.00111642
0.00175167
0.00263851
0.00382017
0.00532883
0.00718323
0.00938852
0.0119378
0.0148141
0.0179933
0.0214459
0.0251391
0.0290386
0.03311
0.0373194
0.0416344
0.0460246
0.0504617
0.0549196
0.0593744
0.0638048
0.0681914
0.0725173
0.0767677
0.0809296
0.0849916
0.088944
0.0927781
0.0964864
0.10006
0.10349
0.106763
0.109857
0.112739
0.115349
0.117586
0.119215
0.120034
0.11954
0.116782
0.110142
0.100666
0.0901892
0.0796734
0.0695957
0.0601817
0.0515247
0.0436526
0.0365772
0.0304584
0.0251117
0.0200342
0.01558
0.0118113
0.00869418
0.00618847
0.00424438
0.00279799
0.00177125
0.00107757
0.000631403
0.000357455
0.000196191
0.000104738
5.45481e-05
2.77867e-05
1.38779e-05
6.84134e-06
3.33682e-06
1.61229e-06
7.72489e-07
3.67242e-07
1.73241e-07
8.10195e-08
3.74625e-08
1.70189e-08
7.4899e-09
3.08996e-09
1.08857e-09
1.96143e-10
2.11062e-10
1.15573e-09
3.28251e-09
8.03725e-09
1.85913e-08
4.18566e-08
9.27682e-08
2.0326e-07
4.4079e-07
9.45877e-07
2.00659e-06
4.20278e-06
8.67741e-06
1.7629e-05
3.49951e-05
6.77214e-05
0.000127415
0.000232383
0.00040957
0.000695537
0.00113546
0.00177954
0.00267744
0.00387228
0.00539593
0.00726673
0.00948943
0.0120567
0.0149514
0.018149
0.0216196
0.0253305
0.0292471
0.0333348
0.0375597
0.0418893
0.0462931
0.0507427
0.0552119
0.0596769
0.0641161
0.0685104
0.0728426
0.0770979
0.0812633
0.0853274
0.0892805
0.093114
0.09682
0.10039
0.103814
0.107078
0.110161
0.113026
0.115612
0.11781
0.119378
0.120104
0.119457
0.11644
0.109365
0.0997009
0.0891693
0.0786685
0.0686424
0.059298
0.0507188
0.0429264
0.0359304
0.0299288
0.0246228
0.0195721
0.0151916
0.0114942
0.00844201
0.00599427
0.00410065
0.00269646
0.00170305
0.00103407
0.000605007
0.00034216
0.000187689
0.000100183
5.21861e-05
2.65971e-05
1.32941e-05
6.55969e-06
3.20293e-06
1.54947e-06
7.43367e-07
3.53886e-07
1.67175e-07
7.82923e-08
3.62498e-08
1.6488e-08
7.26361e-09
2.99881e-09
1.05712e-09
1.90607e-10
2.15499e-10
1.17998e-09
3.35119e-09
8.20497e-09
1.89784e-08
4.27269e-08
9.46953e-08
2.07479e-07
4.49927e-07
9.6544e-07
2.04794e-06
4.28894e-06
8.85392e-06
1.79824e-05
3.56835e-05
6.9022e-05
0.000129791
0.00023656
0.000416614
0.000706892
0.00115291
0.0018051
0.0027132
0.00392017
0.00545762
0.00734352
0.00958227
0.0121662
0.0150778
0.0182922
0.0217794
0.0255064
0.0294386
0.0335411
0.03778
0.0421226
0.0465385
0.050999
0.0554781
0.0599518
0.0643985
0.068799
0.0731363
0.0773953
0.0815632
0.0856286
0.0895816
0.0934137
0.097117
0.100683
0.104101
0.107357
0.110429
0.113278
0.11584
0.118004
0.11952
0.120166
0.119382
0.116137
0.108686
0.098863
0.0882863
0.0778002
0.0678198
0.0585369
0.0500266
0.0423067
0.0353844
0.0294911
0.0241837
0.019162
0.0148545
0.0112209
0.00822488
0.00582707
0.003977
0.0026092
0.00164451
0.000996761
0.000582377
0.000329046
0.000180393
9.62695e-05
5.01535e-05
2.55713e-05
1.27897e-05
6.31581e-06
3.08674e-06
1.49484e-06
7.17987e-07
3.4222e-07
1.61867e-07
7.59005e-08
3.51843e-08
1.60207e-08
7.06411e-09
2.91835e-09
1.02933e-09
1.85715e-10
2.19497e-10
1.2018e-09
3.41295e-09
8.35575e-09
1.93263e-08
4.35086e-08
9.6426e-08
2.11275e-07
4.5813e-07
9.83009e-07
2.0851e-06
4.3664e-06
9.01273e-06
1.83006e-05
3.63039e-05
7.01952e-05
0.000131935
0.000240333
0.000422981
0.000717159
0.0011687
0.00182824
0.00274557
0.00396353
0.00551347
0.00741307
0.00966635
0.0122653
0.0151921
0.0184217
0.0219239
0.0256655
0.0296115
0.0337272
0.0379785
0.0423326
0.046759
0.0512291
0.0557166
0.0601977
0.0646506
0.0690562
0.0733974
0.0776593
0.0818289
0.0858948
0.0898472
0.0936775
0.0973779
0.100939
0.104352
0.1076
0.110662
0.113497
0.116038
0.118171
0.11964
0.120213
0.119307
0.115858
0.108093
0.098138
0.0875259
0.0770546
0.0671145
0.0578847
0.0494341
0.0417787
0.03493
0.0291322
0.0237439
0.0188149
0.0145716
0.0109899
0.00804032
0.00568461
0.00387163
0.0025349
0.00159473
0.000965063
0.000563161
0.00031791
0.000174196
9.29425e-05
4.84235e-05
2.46971e-05
1.2359e-05
6.10728e-06
2.98723e-06
1.44797e-06
6.96171e-07
3.32174e-07
1.57287e-07
7.38336e-08
3.4262e-08
1.56157e-08
6.89094e-09
2.84843e-09
1.00516e-09
1.81461e-10
2.23042e-10
1.22115e-09
3.46771e-09
8.48937e-09
1.96344e-08
4.42007e-08
9.7957e-08
2.14622e-07
4.65388e-07
9.98559e-07
2.11801e-06
4.43503e-06
9.15346e-06
1.85827e-05
3.68541e-05
7.12362e-05
0.000133839
0.000243685
0.000428638
0.000726284
0.00118273
0.00184881
0.00277434
0.00400207
0.00556312
0.00747488
0.00974107
0.0123534
0.0152937
0.0185368
0.0220522
0.0258065
0.0297648
0.033892
0.038154
0.0425181
0.0469535
0.0514317
0.0559264
0.0604136
0.0648717
0.0692814
0.0736257
0.0778897
0.0820603
0.0861263
0.0900777
0.0939061
0.0976036
0.101161
0.104568
0.107809
0.110861
0.113683
0.116206
0.11831
0.119738
0.120245
0.119227
0.115589
0.107574
0.0975146
0.0868768
0.0764202
0.0665152
0.0573303
0.0489289
0.0413243
0.0345275
0.0287762
0.0234259
0.0185394
0.0143378
0.0107963
0.00788493
0.00556457
0.00378288
0.00247239
0.00155288
0.000938446
0.000547034
0.000308566
0.000168995
9.0149e-05
4.69697e-05
2.39616e-05
1.19963e-05
5.93143e-06
2.9032e-06
1.40834e-06
6.77696e-07
3.23654e-07
1.53397e-07
7.20755e-08
3.34764e-08
1.52702e-08
6.74308e-09
2.78866e-09
9.84496e-10
1.77825e-10
2.26122e-10
1.23795e-09
3.51524e-09
8.60537e-09
1.99019e-08
4.48015e-08
9.92859e-08
2.17517e-07
4.7169e-07
1.01206e-06
2.14657e-06
4.49457e-06
9.27558e-06
1.88276e-05
3.7332e-05
7.21407e-05
0.000135493
0.000246598
0.000433558
0.00073422
0.00119493
0.00186669
0.00279935
0.00403557
0.00560627
0.00752859
0.00980597
0.0124298
0.0153819
0.0186366
0.0221634
0.0259286
0.0298974
0.0340345
0.0383057
0.0426782
0.0471212
0.0516062
0.0561069
0.0605991
0.0650614
0.0694744
0.0738211
0.0780865
0.0822578
0.0863235
0.0902739
0.0941004
0.0977951
0.101349
0.104751
0.107986
0.11103
0.11384
0.116346
0.118423
0.119814
0.120263
0.119144
0.115336
0.107125
0.0969864
0.0863311
0.0758887
0.0660141
0.0568671
0.0485069
0.0409445
0.0341908
0.0284783
0.0231623
0.018311
0.0141437
0.0106355
0.00775593
0.00546497
0.00370931
0.00242062
0.00151826
0.000916442
0.00053371
0.000300849
0.000164699
8.78406e-05
4.57677e-05
2.3353e-05
1.16958e-05
5.78564e-06
2.83346e-06
1.37541e-06
6.62327e-07
3.16558e-07
1.50154e-07
7.06077e-08
3.28198e-08
1.49812e-08
6.61924e-09
2.73856e-09
9.67168e-10
1.74777e-10
2.28719e-10
1.25212e-09
3.55533e-09
8.70317e-09
2.01274e-08
4.53077e-08
1.00405e-07
2.19972e-07
4.76995e-07
1.02343e-06
2.17063e-06
4.54477e-06
9.37856e-06
1.90342e-05
3.77352e-05
7.29041e-05
0.00013689
0.000249058
0.000437711
0.000740919
0.00120523
0.00188179
0.00282046
0.00406383
0.00564267
0.00757388
0.00986068
0.0124943
0.0154562
0.0187206
0.022257
0.0260314
0.0300089
0.0341542
0.038433
0.0428124
0.0472617
0.0517523
0.0562577
0.060754
0.0652196
0.0696351
0.0739836
0.0782501
0.0824216
0.086487
0.0904363
0.094261
0.0979533
0.101504
0.104902
0.108132
0.111168
0.113968
0.11646
0.118513
0.119871
0.120267
0.119059
0.1151
0.106744
0.0965474
0.0858818
0.0754532
0.0656044
0.0564889
0.0481626
0.0406349
0.0339165
0.0282358
0.0229475
0.0181251
0.0139858
0.0105048
0.00765117
0.00538417
0.00364967
0.0023787
0.00149025
0.000898654
0.000522945
0.000294615
0.00016123
8.59759e-05
4.47962e-05
2.28608e-05
1.14526e-05
5.66755e-06
2.77693e-06
1.34869e-06
6.49843e-07
3.10787e-07
1.47513e-07
6.94115e-08
3.22842e-08
1.47451e-08
6.51803e-09
2.69759e-09
9.5299e-10
1.72283e-10
2.30821e-10
1.26359e-09
3.58776e-09
8.78228e-09
2.03097e-08
4.57171e-08
1.01311e-07
2.21955e-07
4.81286e-07
1.03263e-06
2.1901e-06
4.58539e-06
9.46191e-06
1.92015e-05
3.80617e-05
7.35224e-05
0.000138021
0.000251051
0.000441076
0.000746346
0.00121358
0.00189401
0.00283755
0.00408671
0.00567212
0.0076105
0.00990491
0.0125464
0.0155162
0.0187885
0.0223325
0.0261143
0.0300988
0.0342506
0.0385355
0.0429204
0.0473747
0.0518696
0.0563788
0.0608782
0.0653463
0.0697637
0.0741135
0.0783807
0.0825524
0.0866173
0.0905656
0.0943888
0.0980789
0.101627
0.105021
0.108246
0.111277
0.114068
0.116548
0.118579
0.119909
0.120259
0.11897
0.11487
0.106422
0.0961921
0.0855235
0.0751081
0.0652808
0.0561908
0.0478914
0.0403914
0.0337011
0.0280455
0.0227787
0.0179791
0.013862
0.0104024
0.00756914
0.00532091
0.003603
0.0023459
0.00146835
0.000884758
0.000514539
0.000289749
0.000158521
8.45194e-05
4.40371e-05
2.2476e-05
1.12624e-05
5.57511e-06
2.73265e-06
1.32774e-06
6.40049e-07
3.06256e-07
1.45438e-07
6.84707e-08
3.18626e-08
1.45592e-08
6.43825e-09
2.66528e-09
9.41802e-10
1.70315e-10
2.32415e-10
1.27229e-09
3.61237e-09
8.84232e-09
2.04481e-08
4.60279e-08
1.01998e-07
2.23459e-07
4.84544e-07
1.03961e-06
2.20488e-06
4.61624e-06
9.52523e-06
1.93285e-05
3.83098e-05
7.39922e-05
0.000138881
0.000252566
0.000443633
0.000750471
0.00121992
0.0019033
0.00285053
0.00410408
0.00569447
0.0076383
0.00993847
0.0125859
0.0155617
0.0188399
0.0223897
0.0261771
0.0301668
0.0343236
0.0386129
0.043002
0.0474599
0.051958
0.05647
0.0609717
0.0654416
0.0698604
0.074211
0.0784787
0.0826504
0.0867148
0.0906624
0.0944844
0.0981728
0.101718
0.10511
0.108332
0.111357
0.114143
0.116612
0.118627
0.119934
0.120246
0.118892
0.114679
0.106173
0.0959229
0.0852547
0.0748506
0.0650399
0.0559691
0.0476901
0.0402108
0.0335416
0.0279048
0.0226536
0.0178711
0.0137705
0.0103267
0.00750846
0.00527411
0.00356847
0.00232163
0.00145215
0.000874483
0.000508326
0.000286152
0.000156518
8.34422e-05
4.34755e-05
2.21912e-05
1.11215e-05
5.50664e-06
2.69983e-06
1.31221e-06
6.32783e-07
3.02893e-07
1.43897e-07
6.77716e-08
3.15491e-08
1.44209e-08
6.37887e-09
2.64122e-09
9.33472e-10
1.68849e-10
2.3349e-10
1.27815e-09
3.62893e-09
8.88268e-09
2.05411e-08
4.62364e-08
1.0246e-07
2.24475e-07
4.8675e-07
1.04434e-06
2.2149e-06
4.63715e-06
9.56814e-06
1.94146e-05
3.84779e-05
7.43106e-05
0.000139464
0.000253591
0.000445364
0.000753263
0.00122421
0.00190958
0.00285931
0.00411583
0.00570959
0.0076571
0.00996116
0.0126126
0.0155924
0.0188746
0.0224283
0.0262194
0.0302126
0.0343727
0.0386651
0.0430569
0.0475172
0.0520175
0.0565313
0.0610345
0.0655056
0.0699252
0.0742764
0.0785443
0.082716
0.0867801
0.090727
0.0945482
0.0982354
0.10178
0.10517
0.108389
0.111411
0.114192
0.116655
0.118658
0.119949
0.120236
0.118837
0.114545
0.106005
0.0957421
0.0850751
0.0746789
0.0648795
0.0558217
0.0475564
0.0400911
0.0334362
0.027812
0.0225709
0.0177997
0.0137099
0.0102766
0.00746832
0.00524314
0.00354558
0.00230552
0.00144138
0.000867628
0.000504174
0.000283745
0.000155178
8.27216e-05
4.31e-05
2.2001e-05
1.10275e-05
5.46095e-06
2.67793e-06
1.30185e-06
6.27937e-07
3.0065e-07
1.42869e-07
6.7305e-08
3.13398e-08
1.43285e-08
6.3392e-09
2.62514e-09
9.27903e-10
1.67869e-10
2.34047e-10
1.28118e-09
3.63752e-09
8.90359e-09
2.05892e-08
4.63444e-08
1.02699e-07
2.24993e-07
4.87864e-07
1.04672e-06
2.2199e-06
4.64753e-06
9.58939e-06
1.94571e-05
3.85607e-05
7.4467e-05
0.00013975
0.000254094
0.000446213
0.000754633
0.00122632
0.00191267
0.00286364
0.00412163
0.00571708
0.00766643
0.00997245
0.0126259
0.0156078
0.018892
0.0224477
0.0262406
0.0302357
0.0343974
0.0386913
0.0430845
0.0475461
0.0520474
0.0565621
0.0610661
0.0655377
0.0699578
0.0743093
0.0785773
0.0827489
0.0868129
0.0907595
0.0945802
0.0982669
0.10181
0.105199
0.108417
0.111438
0.114216
0.116676
0.118673
0.119956
0.12023
0.118808
0.114477
0.105919
0.0956509
0.0849846
0.0745925
0.064799
0.0557478
0.0474895
0.0400313
0.0333836
0.0277658
0.0225298
0.0177644
0.0136801
0.0102521
0.00744873
0.00522808
0.00353449
0.00229771
0.00143611
0.000864247
0.000502108
0.000282544
0.000154508
8.23624e-05
4.29132e-05
2.19065e-05
1.09808e-05
5.43829e-06
2.66707e-06
1.29671e-06
6.25528e-07
2.99532e-07
1.42355e-07
6.70713e-08
3.12346e-08
1.42819e-08
6.31912e-09
2.61698e-09
9.2507e-10
1.6737e-10
2.34101e-10
1.28148e-09
3.63835e-09
8.90561e-09
2.05938e-08
4.63546e-08
1.02721e-07
2.2504e-07
4.87962e-07
1.04692e-06
2.22032e-06
4.6484e-06
9.59115e-06
1.94606e-05
3.85674e-05
7.44795e-05
0.000139772
0.000254134
0.000446279
0.000754737
0.00122648
0.0019129
0.00286396
0.00412205
0.00571761
0.00766709
0.00997323
0.0126268
0.0156088
0.0188932
0.0224489
0.026242
0.0302371
0.0343989
0.0386928
0.0430861
0.0475477
0.052049
0.0565637
0.0610677
0.0655393
0.0699594
0.0743108
0.0785788
0.0827504
0.0868143
0.0907609
0.0945815
0.0982681
0.101811
0.1052
0.108418
0.111439
0.114217
0.116677
0.118674
0.119956
0.120229
0.118807
0.114474
0.105915
0.0956468
0.0849806
0.0745887
0.0647955
0.0557446
0.0474866
0.0400287
0.0333814
0.0277638
0.022528
0.0177629
0.0136788
0.010251
0.00744788
0.00522742
0.003534
0.00229737
0.00143589
0.000864101
0.000502019
0.000282492
0.000154479
8.23462e-05
4.29045e-05
2.19019e-05
1.09785e-05
5.43714e-06
2.66651e-06
1.29643e-06
6.25393e-07
2.99468e-07
1.42324e-07
6.70567e-08
3.12278e-08
1.42788e-08
6.31774e-09
2.6164e-09
9.24868e-10
1.67333e-10
2.33648e-10
1.27901e-09
3.63139e-09
8.88868e-09
2.05549e-08
4.62673e-08
1.02527e-07
2.24615e-07
4.87037e-07
1.04495e-06
2.21616e-06
4.63974e-06
9.57339e-06
1.9425e-05
3.84978e-05
7.43477e-05
0.000139531
0.000253708
0.000445558
0.000753571
0.00122468
0.00191026
0.00286025
0.00411708
0.00571118
0.00765906
0.0099635
0.0126153
0.0155955
0.0188781
0.0224321
0.0262234
0.0302169
0.0343772
0.0386697
0.0430617
0.0475221
0.0520224
0.0565362
0.0610394
0.0655104
0.0699299
0.074281
0.0785488
0.0827203
0.0867844
0.0907311
0.0945521
0.0982392
0.101783
0.105173
0.108392
0.111414
0.114194
0.116657
0.118659
0.119949
0.120234
0.118832
0.114536
0.105993
0.0957298
0.0850631
0.0746674
0.064869
0.0558121
0.0475478
0.0400836
0.0334298
0.0278062
0.0225657
0.0177952
0.0137061
0.0102735
0.00746583
0.00524121
0.00354416
0.00230452
0.0014407
0.000867195
0.000503908
0.000283589
0.000155089
8.2673e-05
4.3074e-05
2.19874e-05
1.10206e-05
5.45751e-06
2.67624e-06
1.30102e-06
6.27534e-07
3.00456e-07
1.42776e-07
6.7261e-08
3.13192e-08
1.43191e-08
6.33499e-09
2.62339e-09
9.27285e-10
1.67757e-10
2.32683e-10
1.27375e-09
3.61649e-09
8.85232e-09
2.0471e-08
4.60789e-08
1.02111e-07
2.23706e-07
4.85078e-07
1.04073e-06
2.20721e-06
4.62099e-06
9.53478e-06
1.93473e-05
3.83457e-05
7.40589e-05
0.000139001
0.000252773
0.000443978
0.000751019
0.00122075
0.0019045
0.00285219
0.00410626
0.00569725
0.00764171
0.00994253
0.0125906
0.015567
0.0188458
0.0223961
0.026184
0.0301741
0.0343312
0.0386208
0.0430101
0.0474682
0.0519663
0.0564783
0.06098
0.0654498
0.0698684
0.0742189
0.0784863
0.0826578
0.086722
0.0906693
0.094491
0.0981791
0.101724
0.105116
0.108337
0.111362
0.114147
0.116616
0.118629
0.119934
0.120244
0.118885
0.114663
0.106154
0.0959022
0.0852344
0.0748312
0.0650219
0.0559527
0.0476754
0.0401978
0.0335304
0.027895
0.0226447
0.0178635
0.013764
0.0103213
0.00750412
0.00527074
0.00356596
0.00231985
0.00145095
0.000873711
0.000507853
0.000285874
0.000156361
8.33561e-05
4.34297e-05
2.21675e-05
1.11094e-05
5.50064e-06
2.69687e-06
1.31077e-06
6.32087e-07
3.02559e-07
1.43738e-07
6.76966e-08
3.15141e-08
1.44049e-08
6.37176e-09
2.63827e-09
9.32429e-10
1.68661e-10
2.31189e-10
1.26559e-09
3.59342e-09
8.79601e-09
2.03412e-08
4.57872e-08
1.01465e-07
2.22292e-07
4.82007e-07
1.03414e-06
2.19325e-06
4.59184e-06
9.47495e-06
1.92271e-05
3.81109e-05
7.3614e-05
0.000138186
0.000251337
0.000441552
0.000747104
0.00121473
0.00189568
0.00283985
0.00408975
0.00567598
0.00761525
0.00991057
0.0125529
0.0155236
0.0187967
0.0223415
0.026124
0.030109
0.0342613
0.0385465
0.0429318
0.0473862
0.0518812
0.0563904
0.0608898
0.0653577
0.069775
0.0741245
0.0783914
0.0825628
0.0866273
0.0905753
0.0943981
0.0980878
0.101635
0.105029
0.108254
0.111283
0.114074
0.116553
0.118583
0.11991
0.120256
0.118961
0.114849
0.106396
0.0961634
0.085495
0.075081
0.0652557
0.0561678
0.0478707
0.0403729
0.0336849
0.0280313
0.022766
0.0179683
0.0138528
0.0103948
0.007563
0.00531615
0.00359946
0.00234339
0.00146666
0.00088367
0.000513873
0.000289358
0.000158299
8.43982e-05
4.39726e-05
2.24426e-05
1.12454e-05
5.56665e-06
2.72848e-06
1.32571e-06
6.39067e-07
3.05785e-07
1.45213e-07
6.83648e-08
3.18132e-08
1.45366e-08
6.42824e-09
2.66113e-09
9.40337e-10
1.7005e-10
2.29179e-10
1.25463e-09
3.56241e-09
8.72035e-09
2.01667e-08
4.53952e-08
1.00597e-07
2.20391e-07
4.77885e-07
1.02531e-06
2.17456e-06
4.55284e-06
9.39491e-06
1.90665e-05
3.77972e-05
7.30198e-05
0.000137099
0.000249421
0.000438316
0.000741884
0.0012067
0.00188391
0.0028234
0.00406772
0.00564761
0.00757995
0.00986792
0.0125027
0.0154657
0.0187312
0.0222685
0.0260438
0.030022
0.0341679
0.0384472
0.042827
0.0472766
0.0517672
0.0562727
0.0607689
0.0652343
0.0696496
0.0739977
0.0782639
0.082435
0.0864999
0.0904487
0.094273
0.0979647
0.101515
0.104912
0.108141
0.111177
0.113976
0.116467
0.118517
0.119873
0.120265
0.11905
0.115078
0.106711
0.0965114
0.0858455
0.0754184
0.065572
0.0564592
0.0481357
0.040611
0.0338954
0.0282173
0.022931
0.018111
0.0139739
0.0104949
0.00764322
0.005378
0.00364508
0.00237543
0.00148805
0.000897239
0.000522077
0.000294105
0.000160941
8.58176e-05
4.4712e-05
2.28171e-05
1.14304e-05
5.65653e-06
2.77151e-06
1.34605e-06
6.48569e-07
3.10177e-07
1.47223e-07
6.92747e-08
3.22204e-08
1.4716e-08
6.50509e-09
2.69223e-09
9.51093e-10
1.7194e-10
2.26672e-10
1.24095e-09
3.52371e-09
8.62592e-09
1.99489e-08
4.49059e-08
9.95144e-08
2.1802e-07
4.72747e-07
1.0143e-06
2.15125e-06
4.50422e-06
9.29513e-06
1.88663e-05
3.74064e-05
7.22798e-05
0.000135745
0.000247036
0.000434288
0.000735386
0.00119671
0.00186927
0.00280292
0.00404029
0.00561229
0.00753598
0.00981479
0.0124401
0.0153935
0.0186495
0.0221775
0.0259438
0.0299135
0.0340513
0.0383231
0.0426961
0.0471394
0.0516245
0.0561252
0.0606174
0.0650794
0.0694921
0.0738384
0.0781034
0.0822742
0.0863393
0.0902892
0.094115
0.0978091
0.101362
0.104764
0.107998
0.111041
0.11385
0.116355
0.118429
0.119817
0.120262
0.119136
0.115317
0.107089
0.0969437
0.0862872
0.0758463
0.0659744
0.0568308
0.048474
0.0409151
0.0341649
0.0284555
0.0231421
0.0182937
0.014129
0.0106233
0.0077461
0.00545733
0.00370361
0.00241657
0.00151552
0.00091468
0.000532628
0.000300212
0.000164339
8.7643e-05
4.56625e-05
2.32984e-05
1.16681e-05
5.77188e-06
2.82671e-06
1.37212e-06
6.60742e-07
3.15799e-07
1.49793e-07
7.04379e-08
3.27408e-08
1.4945e-08
6.60323e-09
2.73193e-09
9.64823e-10
1.74353e-10
2.23683e-10
1.22464e-09
3.47756e-09
8.51326e-09
1.9689e-08
4.4322e-08
9.82217e-08
2.1519e-07
4.66615e-07
1.00116e-06
2.12344e-06
4.44623e-06
9.17618e-06
1.86277e-05
3.69408e-05
7.13985e-05
0.000134132
0.000244197
0.000429494
0.000727652
0.00118481
0.00185183
0.00277853
0.00400763
0.00557021
0.0074836
0.00975147
0.0123655
0.0153074
0.018552
0.0220688
0.0258244
0.0297837
0.0339119
0.0381746
0.0425392
0.046975
0.0514534
0.0559481
0.0604352
0.0648931
0.0693025
0.0736463
0.0779098
0.0820798
0.0861451
0.0900959
0.0939235
0.0976202
0.101177
0.104583
0.107824
0.110874
0.113695
0.116216
0.118318
0.119742
0.120244
0.119218
0.115565
0.107531
0.097464
0.0868248
0.0763699
0.0664682
0.0572872
0.04889
0.0412896
0.0344969
0.0287492
0.0234019
0.0185187
0.0143202
0.0107817
0.00787312
0.00555537
0.00377601
0.0024675
0.00154957
0.000936312
0.000545722
0.000307794
0.000168558
8.99093e-05
4.68421e-05
2.38954e-05
1.19627e-05
5.91478e-06
2.89503e-06
1.40437e-06
6.75785e-07
3.2274e-07
1.52964e-07
7.18714e-08
3.33814e-08
1.52268e-08
6.72385e-09
2.78069e-09
9.81679e-10
1.77317e-10
2.20227e-10
1.20578e-09
3.42418e-09
8.38296e-09
1.93884e-08
4.36465e-08
9.67265e-08
2.11916e-07
4.59521e-07
9.85959e-07
2.09128e-06
4.37914e-06
9.03859e-06
1.83519e-05
3.64027e-05
7.03803e-05
0.00013227
0.000240918
0.00042396
0.000718725
0.00117108
0.00183171
0.00275038
0.00396992
0.00552163
0.00742311
0.00967834
0.0122792
0.015208
0.0184394
0.0219432
0.0256862
0.0296335
0.0337503
0.0380023
0.0423571
0.0467839
0.0512542
0.0557418
0.0602227
0.0646754
0.0690806
0.0734213
0.0776826
0.0818515
0.0859166
0.0898682
0.0936977
0.0973972
0.100958
0.104369
0.107617
0.110677
0.11351
0.11605
0.11818
0.119646
0.120213
0.119297
0.115832
0.108044
0.0980794
0.0874655
0.0769961
0.0670599
0.0578348
0.0493895
0.0417395
0.0348963
0.0291029
0.0237138
0.0187895
0.0145506
0.0109726
0.0080264
0.00567377
0.00386353
0.00252913
0.00159081
0.000962535
0.000561604
0.000316993
0.000173676
9.26574e-05
4.82717e-05
2.46183e-05
1.23191e-05
6.08748e-06
2.97752e-06
1.44326e-06
6.93901e-07
3.31089e-07
1.56773e-07
7.35918e-08
3.41496e-08
1.55643e-08
6.86822e-09
2.83901e-09
1.00183e-09
1.8086e-10
2.16322e-10
1.18447e-09
3.36384e-09
8.23559e-09
1.90483e-08
4.2882e-08
9.5034e-08
2.0821e-07
4.51491e-07
9.68752e-07
2.05487e-06
4.30324e-06
8.88295e-06
1.804e-05
3.57946e-05
6.92301e-05
0.000130168
0.000237219
0.000417717
0.000708657
0.0011556
0.00180903
0.00271865
0.00392741
0.00546686
0.00735491
0.00959588
0.012182
0.0150957
0.0183122
0.0218013
0.0255299
0.0294636
0.0335673
0.0378071
0.0421505
0.0465668
0.0510276
0.0555068
0.0599804
0.0644268
0.0688268
0.0731635
0.0774219
0.081589
0.0856535
0.0896056
0.0934367
0.097139
0.100704
0.104121
0.107376
0.110446
0.113294
0.115854
0.118015
0.119527
0.120166
0.119372
0.116109
0.108631
0.0987963
0.0882173
0.0777335
0.0677578
0.0584811
0.0499789
0.0422704
0.0353677
0.0295211
0.0240826
0.0191142
0.0148255
0.0111998
0.00820849
0.00581443
0.00396758
0.00260247
0.00163994
0.000993805
0.000580555
0.00032797
0.000179783
9.59345e-05
4.9975e-05
2.54787e-05
1.27427e-05
6.29253e-06
3.07534e-06
1.48931e-06
7.15328e-07
3.40951e-07
1.61265e-07
7.56179e-08
3.50529e-08
1.59608e-08
7.03757e-09
2.90735e-09
1.02544e-09
1.85014e-10
2.1198e-10
1.16074e-09
3.29661e-09
8.07137e-09
1.86691e-08
4.20291e-08
9.31444e-08
2.04071e-07
4.42524e-07
9.49551e-07
2.01429e-06
4.21868e-06
8.70969e-06
1.7693e-05
3.51185e-05
6.79526e-05
0.000127834
0.000233115
0.000410796
0.000697503
0.00113846
0.00178391
0.00268352
0.00388037
0.00540626
0.00727947
0.00950466
0.0120744
0.0149716
0.0181714
0.0216441
0.0253569
0.0292751
0.0333642
0.0375902
0.0419206
0.0463249
0.0507748
0.0552441
0.059709
0.0641479
0.0685416
0.0728732
0.0771277
0.0812923
0.0853555
0.0893075
0.0931399
0.0968448
0.100413
0.103836
0.1071
0.110181
0.113044
0.115627
0.117822
0.119385
0.120105
0.119446
0.11641
0.109302
0.0996256
0.0890911
0.0785927
0.0685719
0.0592349
0.0506649
0.0428843
0.0359039
0.0299166
0.0245657
0.0195221
0.015157
0.011469
0.00842282
0.00597962
0.00408976
0.00268868
0.00169776
0.00103064
0.000602889
0.000340909
0.000186978
9.97926e-05
5.19782e-05
2.64892e-05
1.32394e-05
6.53259e-06
3.18966e-06
1.54304e-06
7.40276e-07
3.52411e-07
1.66477e-07
7.79648e-08
3.60977e-08
1.64186e-08
7.23293e-09
2.9861e-09
1.05263e-09
1.89798e-10
2.07188e-10
1.13454e-09
3.2224e-09
7.89009e-09
1.82504e-08
4.10873e-08
9.10573e-08
1.99499e-07
4.32621e-07
9.2835e-07
1.96949e-06
4.1254e-06
8.51876e-06
1.73109e-05
3.43751e-05
6.65494e-05
0.000125275
0.000228619
0.000403223
0.00068531
0.00111974
0.00175651
0.00264523
0.00382912
0.00534028
0.00719735
0.00940541
0.0119574
0.0148365
0.0180182
0.0214731
0.0251684
0.0290698
0.0331426
0.0373532
0.0416692
0.04606
0.0504974
0.0549554
0.0594101
0.0638401
0.0682262
0.0725514
0.076801
0.0809619
0.0850228
0.0889741
0.092807
0.096514
0.100086
0.103515
0.106786
0.109879
0.112759
0.115367
0.1176
0.119224
0.120034
0.119527
0.116748
0.110072
0.100581
0.090101
0.0795876
0.0695155
0.0601085
0.0514594
0.0435954
0.0365282
0.0304207
0.0250719
0.0199959
0.0155477
0.0117849
0.00867301
0.006172
0.00423203
0.00278913
0.00176519
0.00107363
0.000628966
0.000356012
0.000195369
0.000104286
5.43071e-05
2.76615e-05
1.38144e-05
6.80992e-06
3.32146e-06
1.60485e-06
7.68919e-07
3.65542e-07
1.72436e-07
8.06424e-08
3.72874e-08
1.69391e-08
7.45463e-09
3.07535e-09
1.08342e-09
1.95214e-10
2.01945e-10
1.10587e-09
3.14114e-09
7.6915e-09
1.77916e-08
4.00546e-08
8.87659e-08
1.94439e-07
4.21766e-07
9.05141e-07
1.92048e-06
4.02347e-06
8.31048e-06
1.68941e-05
3.35659e-05
6.50246e-05
0.000122498
0.000223749
0.000395032
0.000672139
0.00109954
0.00172698
0.00260401
0.00377402
0.00526942
0.00710925
0.00929902
0.0118321
0.0146918
0.0178542
0.02129
0.0249665
0.0288496
0.0329049
0.0370986
0.0413986
0.0457744
0.0501979
0.054643
0.059086
0.0635055
0.0678824
0.0721999
0.0764431
0.0805991
0.0846566
0.088606
0.0924386
0.0961469
0.0997226
0.103157
0.106436
0.10954
0.112437
0.115071
0.117345
0.119045
0.119956
0.11962
0.117132
0.110952
0.101678
0.0912635
0.0807349
0.0706054
0.06112
0.0523832
0.0444293
0.0372713
0.031033
0.0256251
0.0205146
0.0159869
0.0121455
0.00896048
0.00639361
0.00439616
0.00290518
0.00184319
0.00112339
0.000659146
0.000373479
0.000205061
0.000109467
5.69861e-05
2.90066e-05
1.44721e-05
7.12631e-06
3.47139e-06
1.67496e-06
8.01315e-07
3.80352e-07
1.7914e-07
8.36476e-08
3.86197e-08
1.75207e-08
7.70194e-09
3.17476e-09
1.11767e-09
2.01236e-10
1.9623e-10
1.07461e-09
3.05243e-09
7.47439e-09
1.7289e-08
3.89207e-08
8.62439e-08
1.88932e-07
4.09832e-07
8.79712e-07
1.86686e-06
3.91211e-06
8.08329e-06
1.64399e-05
3.26856e-05
6.33695e-05
0.00011949
0.000218488
0.000386207
0.000657989
0.0010779
0.00169543
0.00256009
0.00371544
0.00519425
0.00701598
0.00918656
0.0116997
0.0145393
0.0176814
0.021097
0.0247536
0.0286174
0.0326539
0.0368296
0.0411123
0.0454717
0.0498797
0.0543103
0.05874
0.0631475
0.0675136
0.0718217
0.0760569
0.0802064
0.0842591
0.0882052
0.0920363
0.0957449
0.099323
0.102762
0.106049
0.109166
0.112081
0.114743
0.117062
0.118847
0.119869
0.119725
0.117567
0.111957
0.102932
0.0925955
0.0820505
0.0718567
0.0622834
0.0534486
0.0453942
0.0381344
0.0317528
0.0262606
0.0211
0.016484
0.0125557
0.00928861
0.00664712
0.00458419
0.00303828
0.0019327
0.00118051
0.000693767
0.000393487
0.000216137
0.000115369
6.00272e-05
3.05274e-05
1.52127e-05
7.48136e-06
3.63906e-06
1.75309e-06
8.37295e-07
3.96745e-07
1.86537e-07
8.69528e-08
4.00807e-08
1.81568e-08
7.97175e-09
3.283e-09
1.15491e-09
2.0778e-10
1.89996e-10
1.04048e-09
2.95549e-09
7.23667e-09
1.67377e-08
3.76757e-08
8.34867e-08
1.82947e-07
3.96812e-07
8.51931e-07
1.80847e-06
3.79119e-06
7.83728e-06
1.59492e-05
3.17383e-05
6.15947e-05
0.000116275
0.000212881
0.000376825
0.00064298
0.001055
0.00166211
0.00251382
0.00365388
0.00511545
0.00691845
0.00906926
0.011562
0.0143808
0.017502
0.0208969
0.0245331
0.0283768
0.0323937
0.0365503
0.0408146
0.0451563
0.0495475
0.0539622
0.0583771
0.0627709
0.0671246
0.0714215
0.075647
0.0797883
0.0838344
0.0877757
0.0916037
0.0953112
0.0988906
0.102333
0.105628
0.108757
0.111692
0.114384
0.116752
0.118629
0.119775
0.119835
0.118049
0.113092
0.10435
0.0941019
0.0835407
0.0732766
0.0636063
0.0546626
0.0464958
0.039122
0.0325882
0.0270082
0.0217674
0.0170481
0.0130212
0.00966148
0.0069355
0.0047983
0.00318995
0.00203475
0.0012456
0.000733175
0.000416209
0.000228676
0.000122024
6.34395e-05
3.22245e-05
1.60342e-05
7.87317e-06
3.82313e-06
1.83842e-06
8.76397e-07
4.14478e-07
1.94502e-07
9.04974e-08
4.16414e-08
1.88338e-08
8.25796e-09
3.3975e-09
1.19423e-09
2.14678e-10
1.83184e-10
1.00318e-09
2.84942e-09
6.97639e-09
1.61338e-08
3.63107e-08
8.0442e-08
1.76446e-07
3.82709e-07
8.21592e-07
1.74436e-06
3.65809e-06
7.56612e-06
1.54081e-05
3.06951e-05
5.96453e-05
0.000112758
0.000206775
0.000366668
0.000626839
0.00103054
0.00162679
0.00246511
0.00358952
0.00503359
0.00681771
0.00894867
0.011421
0.014219
0.0173195
0.0206936
0.0243092
0.0281325
0.0321295
0.0362665
0.0405117
0.0448348
0.0492081
0.0536057
0.0580044
0.0623829
0.0667224
0.0710065
0.0752205
0.0793518
0.0833894
0.0873239
0.0911471
0.0948517
0.0984306
0.101875
0.105176
0.108316
0.111269
0.113992
0.116409
0.118378
0.119654
0.11994
0.118553
0.114301
0.105885
0.0957534
0.0851886
0.0748572
0.0650859
0.0560248
0.0477329
0.0402274
0.0335223
0.0278085
0.0224997
0.0176766
0.0135434
0.0100812
0.00726079
0.00504
0.00336114
0.00214979
0.00131879
0.000777306
0.000441521
0.000242553
0.000129335
6.71594e-05
3.40596e-05
1.69151e-05
8.29062e-06
4.01799e-06
1.9282e-06
9.1729e-07
4.32916e-07
2.02739e-07
9.41433e-08
4.32387e-08
1.95234e-08
8.54828e-09
3.51321e-09
1.23385e-09
2.21625e-10
1.75618e-10
9.61701e-10
2.73115e-09
6.68488e-09
1.54544e-08
3.47734e-08
7.71612e-08
1.6915e-07
3.67053e-07
7.88348e-07
1.67465e-06
3.51432e-06
7.27506e-06
1.48307e-05
2.959e-05
5.75939e-05
0.000109078
0.000200418
0.000356135
0.000610154
0.00100533
0.00159047
0.00241517
0.00352375
0.00495025
0.00671556
0.00882694
0.0112793
0.0140572
0.0171374
0.0204914
0.024087
0.0278904
0.0318676
0.0359852
0.0402111
0.0445154
0.0488702
0.0532499
0.0576313
0.0619934
0.0663175
0.0705872
0.0747881
0.0789076
0.082935
0.0868609
0.0906773
0.094377
0.0979535
0.101399
0.104703
0.107852
0.110823
0.113574
0.116038
0.118096
0.1195
0.11999
0.118969
0.115351
0.107422
0.0974875
0.0869585
0.076576
0.0667066
0.0575223
0.0490932
0.0414395
0.0345749
0.0287238
0.0233062
0.0183683
0.0141212
0.0105483
0.00762418
0.0053106
0.00355298
0.00227867
0.00140067
0.000826537
0.000469624
0.00025786
0.000137332
7.11854e-05
3.60215e-05
1.78461e-05
8.72653e-06
4.21907e-06
2.01976e-06
9.5852e-07
4.51301e-07
2.10866e-07
9.77049e-08
4.47844e-08
2.01851e-08
8.8247e-09
3.62265e-09
1.27118e-09
2.28185e-10
1.67196e-10
9.15521e-10
2.59946e-09
6.36031e-09
1.4715e-08
3.31823e-08
7.35723e-08
1.61145e-07
3.49499e-07
7.50557e-07
1.59471e-06
3.34831e-06
6.93715e-06
1.4158e-05
2.83004e-05
5.52032e-05
0.000104806
0.00019309
0.000344107
0.000591332
0.0009773
0.00155076
0.00236152
0.00345437
0.00486388
0.00661147
0.00870476
0.0111389
0.0138985
0.0169605
0.0202963
0.0238736
0.0276586
0.0316174
0.0357164
0.0399238
0.0442096
0.0485461
0.0529078
0.0572717
0.0616169
0.0659248
0.0701792
0.0743658
0.0784723
0.082488
0.0864038
0.0902117
0.0939048
0.0974768
0.10092
0.104226
0.107382
0.110366
0.113142
0.115648
0.117777
0.119291
0.119958
0.119232
0.11611
0.108878
0.0992442
0.0888029
0.0783937
0.0684361
0.0591302
0.0505616
0.0427589
0.03574
0.0297481
0.0241958
0.0191304
0.0147575
0.0110628
0.00802428
0.00560788
0.00376266
0.0024184
0.00148844
0.000878553
0.000498818
0.000273461
0.000145317
7.51214e-05
3.78984e-05
1.87254e-05
9.13174e-06
4.40318e-06
2.10242e-06
9.95247e-07
4.67473e-07
2.1793e-07
1.00767e-07
4.60997e-08
2.07431e-08
9.0561e-09
3.71376e-09
1.30211e-09
2.33603e-10
1.58027e-10
8.65336e-10
2.45809e-09
6.02342e-09
1.39398e-08
3.1368e-08
6.94787e-08
1.52216e-07
3.30306e-07
7.09887e-07
1.50988e-06
3.17438e-06
6.58723e-06
1.34684e-05
2.69935e-05
5.2806e-05
0.000100567
0.000185892
0.000332409
0.000573191
0.000950496
0.00151303
0.00231081
0.00338906
0.00478289
0.0065142
0.00859102
0.0110087
0.013752
0.0167979
0.0201174
0.0236786
0.0274473
0.0313896
0.035472
0.0396626
0.0439314
0.048251
0.0525959
0.0569431
0.061272
0.0655642
0.0698035
0.073976
0.0780693
0.082073
0.0859781
0.0897767
0.0934622
0.0970285
0.100468
0.103774
0.106933
0.109926
0.112721
0.11526
0.117445
0.119056
0.119878
0.119418
0.116746
0.110266
0.100972
0.0906461
0.0802292
0.0701968
0.0607791
0.0520782
0.0441314
0.0369601
0.03082
0.0251456
0.0199816
0.0154587
0.011627
0.00846327
0.005935
0.00399421
0.00257313
0.00158569
0.000936032
0.000530851
0.000290374
0.000153826
7.92258e-05
3.98091e-05
1.96075e-05
9.53182e-06
4.57995e-06
2.17888e-06
1.02778e-06
4.81148e-07
2.23631e-07
1.0313e-07
4.70758e-08
2.11435e-08
9.21788e-09
3.77631e-09
1.32311e-09
2.37247e-10
1.49512e-10
8.18454e-10
2.32181e-09
5.67147e-09
1.30739e-08
2.93281e-08
6.47994e-08
1.41698e-07
3.07137e-07
6.59878e-07
1.40414e-06
2.95555e-06
6.14442e-06
1.25936e-05
2.53363e-05
4.97715e-05
9.52126e-05
0.000176822
0.000317728
0.000550573
0.000917432
0.00146722
0.00225059
0.00331366
0.00469246
0.00640958
0.00847342
0.0108793
0.0136119
0.0166476
0.0199573
0.0235085
0.0272669
0.0311982
0.0352688
0.039447
0.0437027
0.0480087
0.0523396
0.0566728
0.0609878
0.0652664
0.0694927
0.0736528
0.0777345
0.0817276
0.0856231
0.0894133
0.0930917
0.0966523
0.100088
0.103392
0.106553
0.109552
0.112359
0.114921
0.11715
0.118852
0.119803
0.119568
0.117288
0.111488
0.102512
0.0923083
0.0819011
0.0718168
0.0623124
0.0535037
0.0454347
0.0381256
0.0317541
0.0261032
0.02084
0.0161692
0.0121982
0.00890473
0.00625956
0.00421897
0.0027186
0.00167333
0.00098515
0.000556541
0.000302971
0.000159643
8.17644e-05
4.08598e-05
2.00323e-05
9.68817e-06
4.63592e-06
2.19844e-06
1.03449e-06
4.83442e-07
2.24429e-07
1.03423e-07
4.71921e-08
2.11936e-08
9.2404e-09
3.7861e-09
1.32666e-09
2.37881e-10
1.4208e-10
7.76408e-10
2.19524e-09
5.34015e-09
1.22572e-08
2.73738e-08
6.02131e-08
1.31107e-07
2.83092e-07
6.06316e-07
1.28736e-06
2.70689e-06
5.62862e-06
1.15539e-05
2.33359e-05
4.60837e-05
8.87205e-05
0.000165957
0.00030052
0.000524883
0.000881371
0.00141962
0.00219132
0.00324364
0.00461331
0.00632318
0.00838146
0.010783
0.013512
0.0165442
0.01985
0.0233967
0.0271498
0.031075
0.0351386
0.0393088
0.0435561
0.0478531
0.0521749
0.0564989
0.0608049
0.0650748
0.0692929
0.0734453
0.07752
0.0815067
0.0853965
0.0891819
0.0928563
0.0964137
0.0998477
0.103151
0.106313
0.109315
0.11213
0.114709
0.116965
0.118724
0.119756
0.119666
0.117642
0.112297
0.10354
0.0934284
0.0830415
0.0729387
0.0633941
0.0545328
0.0464039
0.0390288
0.0325367
0.0268327
0.0215459
0.0167913
0.0127253
0.00933356
0.00659178
0.00446118
0.00288287
0.00177602
0.001044
0.00058742
0.00031781
0.000166168
8.43635e-05
4.17605e-05
2.03254e-05
9.78012e-06
4.66139e-06
2.20401e-06
1.03499e-06
4.83049e-07
2.24094e-07
1.03246e-07
4.71165e-08
2.11659e-08
9.23167e-09
3.78378e-09
1.32616e-09
2.37813e-10
)
;

boundaryField
{
    fuel
    {
        type            fixedValue;
        value           uniform 0;
    }
    air
    {
        type            fixedValue;
        value           uniform 0;
    }
    outlet
    {
        type            inletOutlet;
        inletValue      uniform 0;
        value           nonuniform List<scalar> 
200
(
1.40501e-10
7.67809e-10
2.17109e-09
5.28191e-09
1.21249e-08
2.70823e-08
5.95815e-08
1.29755e-07
2.8022e-07
6.0027e-07
1.27474e-06
2.68081e-06
5.57533e-06
1.14465e-05
2.31249e-05
4.56794e-05
8.7969e-05
0.000164608
0.000298192
0.000521042
0.000875336
0.00141061
0.00217853
0.00322633
0.00459092
0.00629533
0.008348
0.010744
0.0134676
0.0164948
0.0197962
0.0233389
0.0270887
0.031011
0.0350725
0.0392413
0.0434877
0.0477843
0.0521062
0.0564308
0.0607377
0.065009
0.0692286
0.0733828
0.0774595
0.0814484
0.0853405
0.0891283
0.092805
0.096365
0.0998016
0.103108
0.106272
0.109278
0.112097
0.114681
0.116944
0.118714
0.11976
0.119687
0.117704
0.112434
0.103706
0.0935993
0.0832073
0.0730946
0.0635381
0.0546645
0.0465235
0.0391363
0.0326248
0.026911
0.0216178
0.0168536
0.0127778
0.00937654
0.00662561
0.00448661
0.002901
0.0017882
0.00105172
0.000592027
0.000320422
0.000167583
8.51008e-05
4.2132e-05
2.05069e-05
9.86769e-06
4.70317e-06
2.22377e-06
1.04427e-06
4.8738e-07
2.26104e-07
1.04174e-07
4.75409e-08
2.13573e-08
9.31546e-09
3.81827e-09
1.3383e-09
2.39998e-10
1.4208e-10
7.76408e-10
2.19524e-09
5.34015e-09
1.22572e-08
2.73738e-08
6.02131e-08
1.31107e-07
2.83092e-07
6.06316e-07
1.28736e-06
2.70689e-06
5.62862e-06
1.15539e-05
2.33359e-05
4.60837e-05
8.87205e-05
0.000165957
0.00030052
0.000524883
0.000881371
0.00141962
0.00219132
0.00324364
0.00461331
0.00632318
0.00838146
0.010783
0.013512
0.0165442
0.01985
0.0233967
0.0271498
0.031075
0.0351386
0.0393088
0.0435561
0.0478531
0.0521749
0.0564989
0.0608049
0.0650748
0.0692929
0.0734453
0.07752
0.0815067
0.0853965
0.0891819
0.0928563
0.0964137
0.0998477
0.103151
0.106313
0.109315
0.11213
0.114709
0.116965
0.118724
0.119756
0.119666
0.117642
0.112297
0.10354
0.0934284
0.0830415
0.0729387
0.0633941
0.0545328
0.0464039
0.0390288
0.0325367
0.0268327
0.0215459
0.0167913
0.0127253
0.00933356
0.00659178
0.00446118
0.00288287
0.00177602
0.001044
0.00058742
0.00031781
0.000166168
8.43635e-05
4.17605e-05
2.03254e-05
9.78012e-06
4.66139e-06
2.20401e-06
1.03499e-06
4.83049e-07
2.24094e-07
1.03246e-07
4.71165e-08
2.11659e-08
9.23167e-09
3.78378e-09
1.32616e-09
2.37813e-10
)
;
    }
    frontAndBack
    {
        type            empty;
    }
}


// ************************************************************************* //
