/*--------------------------------*- C++ -*----------------------------------*\
  =========                 |
  \\      /  F ield         | OpenFOAM: The Open Source CFD Toolbox
   \\    /   O peration     | Website:  https://openfoam.org
    \\  /    A nd           | Version:  11
     \\/     M anipulation  |
\*---------------------------------------------------------------------------*/
FoamFile
{
    format      ascii;
    class       volScalarField;
    location    "0.1";
    object      Qdot;
}
// * * * * * * * * * * * * * * * * * * * * * * * * * * * * * * * * * * * * * //

dimensions      [1 -1 -3 0 0 0 0];

internalField   nonuniform List<scalar> 
4000
(
0
0
0
0
0
0
0
4.28574e-13
0
-1.24483e-06
-6.70058e-15
0
1.24206e-06
-1.2397e-06
-1.08881e-10
0
0
0
0
0
-6.07837e-18
-7.44425e-13
-5.81449e-09
3.67876e-08
2.92216e-07
4.76103e-06
5.76405e-05
0.000621027
0.00527932
0.0359326
0.198965
0.913923
3.55212
11.9
34.9326
91.1368
213.888
456.308
894.175
1627.73
2781.99
4519.8
7082.03
10871.6
16596
25478.5
39537.2
61907.3
97185.9
180707
318228
590486
1.07525e+06
1.9437e+06
3.47902e+06
6.17365e+06
1.09009e+07
1.90503e+07
3.30152e+07
5.73974e+07
1.01612e+08
1.13947e+08
6.06432e+07
3.1943e+07
1.64796e+07
8.26219e+06
3.99756e+06
1.8541e+06
818743
342606
141487
50689.6
11526.8
1386.67
92.8076
3.90739
0.113667
0.00270602
6.73071e-05
2.27505e-06
1.27554e-07
8.68616e-09
2.84558e-09
-4.18843e-11
5.04832e-10
-4.77169e-12
1.21568e-12
-8.4114e-13
-3.74752e-13
1.21491e-11
-7.65941e-14
-3.45922e-14
-1.55717e-14
-6.93934e-15
-3.0707e-15
-1.33582e-15
-5.65085e-16
2.46919e-11
-7.78908e-17
2.46922e-11
0
0
0
0
0
8.23069e-22
8.3828e-16
0
0
0
1.24427e-06
0
-2.6749e-14
3.63667e-11
0
0
2.86134e-10
0
0
0
-6.06086e-18
4.04333e-09
1.41501e-12
1.00525e-06
3.39936e-07
5.27944e-06
6.34673e-05
0.000666262
0.00559289
0.0376935
0.207259
0.947405
3.67036
12.2711
35.979
93.8095
220.11
469.581
920.365
1676.01
2866.15
4660.85
7313.52
11249.9
17218.1
26509.2
41245.9
64710.9
101696
192235
335256
624779
1.13852e+06
2.05533e+06
3.67404e+06
6.51498e+06
1.15154e+07
2.0056e+07
3.47373e+07
6.11368e+07
1.07986e+08
1.07636e+08
5.72402e+07
3.00853e+07
1.54715e+07
7.72418e+06
3.71776e+06
1.71346e+06
750976
311745
129045
43771.8
9113.87
989.038
61.6571
2.46117
0.0697273
0.00168138
4.4162e-05
1.59921e-06
9.85678e-08
8.90529e-09
2.86802e-09
-3.87815e-11
-1.23034e-11
-4.59815e-12
-1.89247e-12
-8.22415e-13
7.77705e-12
2.45037e-11
-7.54214e-14
-3.42012e-14
-1.53762e-14
-6.87418e-15
-3.03404e-15
-1.31953e-15
2.46914e-11
-2.22981e-16
-7.68726e-17
-1.36818e-17
0
2.23069e-15
0
0
-2.09585e-16
-1.24544e-06
-1.64605e-21
0
6.58267e-21
0
1.24421e-06
0
5.25173e-20
0
-1.08791e-10
0
0
0
1.59916e-18
-1.62531e-09
-9.06885e-18
-1.33664e-16
1.02472e-06
1.82787e-08
3.7346e-07
5.14586e-06
7.08096e-05
0.000733114
0.00607094
0.0404784
0.220704
1.00245
3.86561
12.8817
37.6861
98.1224
230.037
490.541
961.394
1751.19
2996.74
4879.49
7672.93
11839.7
18193.9
28137.7
43966
69206.8
108984
210664
362978
680548
1.24161e+06
2.23882e+06
3.99785e+06
7.12273e+06
1.25586e+07
2.17822e+07
3.77561e+07
6.6567e+07
1.17385e+08
9.85976e+07
5.23258e+07
2.73964e+07
1.40167e+07
6.95362e+06
3.3217e+06
1.51755e+06
658629
271097
112352
33012
6621.03
654.882
38.5662
1.49007
0.04223
0.0010591
2.99107e-05
1.21065e-06
7.60915e-08
1.19864e-08
1.37199e-09
-6.01242e-11
1.27117e-11
-2.61822e-10
-1.81571e-12
-2.54199e-11
-3.57571e-13
-1.62241e-13
3.10224e-12
-3.34846e-14
-1.50504e-14
-6.71128e-15
-2.96888e-15
-1.28899e-15
2.46914e-11
-2.18399e-16
-7.50908e-17
-3.1776e-12
0
1.24551e-06
0
1.78453e-14
0
0
-1.24538e-06
0
0
0
0
0
2.67424e-14
0
2.0885e-19
1.05768e-13
0
0
0
0
-1.20687e-17
4.02294e-09
-2.61204e-15
1.82311e-08
4.55235e-07
5.85535e-06
7.83724e-05
0.000804913
0.00659954
0.0436693
0.236594
1.06922
4.10704
13.646
39.836
103.558
242.507
516.722
1012.3
1843.8
3156.46
5145.15
8107.28
12549.5
19364.4
30085.2
47208.4
74547.9
117619
232037
406092
747136
1.36514e+06
2.45989e+06
4.42319e+06
7.84214e+06
1.38033e+07
2.38706e+07
4.13497e+07
7.28568e+07
1.27852e+08
8.85498e+07
4.69212e+07
2.44758e+07
1.24565e+07
6.13839e+06
2.9088e+06
1.3166e+06
565695
231277
94308.4
26129.2
4627.43
421.123
23.4698
0.876001
0.0247212
0.000640491
1.93194e-05
8.44301e-07
6.48715e-08
6.24454e-09
-1.23331e-10
-3.22209e-11
-1.06337e-11
-4.0659e-12
-1.69554e-12
2.38812e-11
-3.35197e-13
-1.52347e-13
-6.95596e-14
-3.15954e-14
2.46742e-11
-6.38549e-15
-2.82634e-15
-1.23197e-15
6.36375e-14
-2.08726e-16
-7.1909e-17
-1.27909e-17
0
-1.24551e-06
0
2.67901e-14
0
0
0
0
0
5.70977e-12
0
9.11938e-12
0
0
0
0
0
0
0
0
3.13637e-09
-1.79345e-16
-7.65911e-09
2.54506e-08
4.88358e-07
6.74193e-06
8.75014e-05
0.00088793
0.00722512
0.0474241
0.255245
1.14737
4.3886
14.5336
42.3193
109.798
256.725
546.352
1069.48
1947.04
3333.17
5436.93
8580.9
13317.6
20619.9
32150.9
50597.6
80025.5
131669
253987
456501
825000
1.51038e+06
2.73604e+06
4.88351e+06
8.63208e+06
1.51634e+07
2.61678e+07
4.52226e+07
7.97943e+07
1.36339e+08
7.90979e+07
4.18627e+07
2.17634e+07
1.10199e+07
5.39487e+06
2.53626e+06
1.13749e+06
484018
196881
77403.4
20344.6
3223.15
272.587
14.4473
0.523787
0.0147978
0.00039732
1.27824e-05
6.02984e-07
4.15701e-08
4.39936e-09
-1.06945e-10
-2.88249e-11
-9.70888e-12
1.91931e-10
-1.57951e-12
-6.96686e-13
-3.14908e-13
-1.43495e-13
-6.5522e-14
-2.97715e-14
2.4675e-11
2.39136e-11
-2.67566e-15
-1.16885e-15
-4.95849e-16
-3.16173e-12
-6.82181e-17
-1.21864e-17
0
-1.24551e-06
0
0
0
0
0
0
1.71396e-12
-3.42695e-12
0
0
0
0
0
-1.22671e-06
2.85407e-10
0
0
0
-1.80374e-17
-1.06647e-06
-1.01724e-06
2.53868e-08
5.55681e-07
7.66326e-06
9.75525e-05
0.000980751
0.00791494
0.051591
0.275988
1.23428
4.70116
15.5153
45.0516
116.619
272.156
578.26
1130.62
2056.64
3519.71
5743.67
9077.48
14121.5
21931
34299.7
54100
85636.1
148043
276606
506095
922176
1.68146e+06
3.02979e+06
5.39456e+06
9.52566e+06
1.6692e+07
2.87975e+07
4.98741e+07
8.80671e+07
1.34203e+08
7.14699e+07
3.77378e+07
1.95387e+07
9.83859e+06
4.78371e+06
2.23088e+06
991324
417787
169595
64432
15929.3
2275.87
179.701
9.08107
0.320575
0.00907214
0.000251805
8.59999e-06
4.24722e-07
3.50412e-08
4.53092e-09
-9.23776e-11
7.46185e-10
5.13059e-10
1.92289e-10
-1.46349e-12
2.39802e-11
2.43276e-11
-1.34122e-13
-6.14845e-14
-2.80127e-14
-1.26724e-14
-5.67691e-15
2.54106e-13
-1.10165e-15
-4.6734e-16
3.17739e-12
-6.46545e-17
-1.15182e-17
-1.24551e-06
0
-1.02888e-22
0
-1.24547e-06
0
0
0
-1.7173e-12
0
0
-9.11859e-12
-2.67359e-14
1.23834e-06
-1.0869e-10
-1.22634e-06
0
0
1.10463e-09
0
-1.80084e-17
-2.18975e-16
7.62461e-09
3.61845e-08
6.36379e-07
8.65128e-06
0.000108574
0.00108246
0.00866432
0.0560994
0.298373
1.32776
5.036
16.5617
47.9475
123.802
288.289
611.408
1193.67
2169.11
3710.57
6057.59
9587.56
14952.5
23296.8
36555.3
57803.2
91613.3
164871
300565
557055
1.01949e+06
1.85452e+06
3.33403e+06
5.93288e+06
1.04887e+07
1.83735e+07
3.17556e+07
5.5037e+07
9.74497e+07
1.23963e+08
6.57847e+07
3.45779e+07
1.78048e+07
8.90816e+06
4.29977e+06
1.98876e+06
875670
365614
148673
53622.7
12583.9
1631.09
121.155
5.86943
0.202591
0.00575473
0.000164971
5.95721e-06
3.23643e-07
2.62511e-08
4.59091e-09
1.44375e-09
-2.29962e-11
-4.88426e-12
-3.17909e-12
2.32292e-11
-6.03193e-13
2.4382e-11
3.04914e-12
4.04675e-12
-5.16034e-12
-1.19069e-14
-5.34298e-15
-2.37837e-15
-1.03852e-15
-4.40868e-16
-1.76654e-16
-3.17764e-12
-1.08818e-17
0
-3.34881e-15
1.2455e-06
0
-4.11543e-22
0
-1.24536e-06
0
-1.14168e-12
3.42686e-12
-1.24404e-06
5.25717e-20
0
0
-1.08619e-10
0
0
0
-1.59084e-18
0
-7.63145e-13
-2.3584e-16
-4.2663e-15
4.33192e-08
7.16756e-07
9.719e-06
0.000120347
0.0011889
0.00945783
0.0608717
0.32198
1.42595
5.38598
17.6496
50.9396
131.174
304.729
644.923
1257.06
2281.6
3900.92
6370.81
10098.4
15789.9
24682
38854.7
61588.7
97726.6
181438
324460
606257
1.11106e+06
2.01617e+06
3.61669e+06
6.43013e+06
1.1382e+07
1.98368e+07
3.42612e+07
6.03037e+07
1.06456e+08
1.1451e+08
6.07053e+07
3.18151e+07
1.63142e+07
8.11967e+06
3.89483e+06
1.78855e+06
781135
323455
131553
45319.2
9963.75
1192.49
84.0986
3.92569
0.132889
0.0037915
0.000112041
4.26331e-06
2.47502e-07
2.10636e-08
4.6631e-09
-7.37067e-11
-2.06936e-11
-7.3499e-12
-2.93976e-12
-9.94778e-11
-5.62676e-13
2.43666e-11
-1.17981e-13
-5.40608e-14
2.02791e-12
1.5297e-12
-7.75537e-13
-2.23991e-15
-9.81506e-16
-4.1745e-16
-1.66981e-16
-5.75272e-17
-1.5153e-15
-8.37204e-16
-1.24551e-06
0
1.24549e-06
-2.09584e-16
0
0
0
-1.71393e-12
-6.70231e-15
6.69886e-15
0
0
0
0
0
0
0
1.65559e-09
0
-1.79572e-17
5.9811e-09
-4.7397e-15
4.32267e-08
7.83234e-07
1.00108e-05
0.000131073
0.00130044
0.0102847
0.0658135
0.346327
1.52675
5.74353
18.755
53.9625
138.575
321.123
678.12
1319.44
2391.68
4086.49
6675.76
10596.4
16608.8
26041.6
41117.7
65318.3
103749
197267
347573
652932
1.19708e+06
2.16849e+06
3.88467e+06
6.93257e+06
1.22426e+07
2.12605e+07
3.67612e+07
6.48174e+07
1.14424e+08
1.06505e+08
5.63835e+07
2.94647e+07
1.50503e+07
7.4547e+06
3.55575e+06
1.62233e+06
703430
289265
117694
38279.6
8010.22
892.279
60.1219
2.71781
0.0905397
0.00259741
7.90013e-05
3.14268e-06
1.83079e-07
1.76375e-08
4.71819e-09
9.55242e-10
-1.87622e-11
-6.75123e-12
-2.7251e-12
3.96635e-11
-2.1992e-11
-2.41034e-13
3.06412e-12
-5.09349e-14
-2.32575e-14
-1.05876e-14
-5.18001e-13
-2.58749e-13
-1.29247e-13
-3.95051e-16
-2.46682e-11
-8.07466e-15
1.49524e-15
0
0
0
0
0
-2.1431e-13
0
0
-1.24502e-06
-3.4268e-12
0
5.25686e-20
0
7.26545e-11
1.44734e-10
0
0
-5.62e-10
0
0
-7.61136e-13
-2.86688e-16
-5.21198e-15
5.03279e-08
8.63121e-07
1.1182e-05
0.000143811
0.0014151
0.0111277
0.0708362
0.370961
1.62825
6.10184
19.8571
56.9597
145.87
337.178
710.416
1379.72
2497.36
4263.66
6965.76
11069.1
17385.9
27332.1
43264.6
68851.4
109441
211854
369046
695659
1.27521e+06
2.3067e+06
4.14591e+06
7.38389e+06
1.30236e+07
2.25314e+07
3.89837e+07
6.87899e+07
1.21284e+08
9.95836e+07
5.26574e+07
2.74487e+07
1.39722e+07
6.89122e+06
3.27051e+06
1.48365e+06
639219
261403
106385
31995.5
6550.53
685.447
44.3881
1.95078
0.0641068
0.00184993
5.77754e-05
2.40844e-06
1.50079e-07
1.79764e-08
-1.24298e-09
-3.23398e-11
-1.71704e-11
2.53555e-10
-2.54756e-12
-1.10288e-12
-4.97221e-13
-2.48867e-11
1.22148e-11
-6.20993e-12
2.46641e-11
-1.00175e-14
5.08725e-13
-2.01185e-15
3.27296e-12
-3.75705e-16
-1.50436e-16
-5.20545e-17
-9.32273e-18
0
0
-1.02888e-22
0
-4.11543e-22
0
-2.85494e-13
0
0
0
-6.69866e-15
1.24286e-06
2.7334e-11
-7.26491e-11
1.23295e-06
-2.15889e-10
0
0
0
0
-1.79138e-17
-3.14909e-16
-7.56813e-09
5.38315e-08
9.49614e-07
1.32213e-05
0.000156662
0.00152966
0.0119717
0.0758417
0.395396
1.72848
6.45399
20.935
59.8759
152.928
352.617
741.271
1436.9
2596.85
4429.2
7234.86
11505.2
18099.2
28511.5
45218
72049.9
114570
224735
390080
733443
1.34403e+06
2.42823e+06
4.37833e+06
7.77747e+06
1.3705e+07
2.36653e+07
4.09468e+07
7.22848e+07
1.27134e+08
9.35346e+07
4.94126e+07
2.57039e+07
1.30454e+07
6.41027e+06
3.0289e+06
1.36711e+06
585742
238439
96763.9
28223.6
5389.55
538.491
33.7942
1.4503
0.0471232
0.00136815
4.37798e-05
1.89747e-06
1.2134e-07
1.82324e-08
4.79738e-09
-5.11185e-11
-1.30655e-09
1.85719e-11
-2.39475e-12
2.35544e-11
-4.70203e-13
-2.15019e-13
2.45744e-11
3.13049e-12
-2.09776e-14
-1.03597e-12
3.17306e-12
-1.91818e-15
-8.41001e-16
-3.58397e-16
-1.44072e-16
-4.97636e-17
-8.90909e-18
0
0
0
0
7.13798e-14
0
0
0
-1.14166e-12
-1.31605e-20
0
-5.25661e-20
0
0
0
-2.15851e-10
2.09046e-13
8.42956e-10
-1.10063e-09
0
4.13836e-09
-1.05623e-06
-1.13445e-08
7.16553e-08
1.02916e-06
1.3503e-05
0.00016935
0.00164228
0.0128001
0.0807287
0.419151
1.8255
6.79336
21.9691
62.6601
159.631
367.193
770.208
1490.12
2688.65
4580.51
7478.39
11895.9
18732.1
29547.3
46913.3
74785.8
118878
235203
414800
765608
1.40341e+06
2.54951e+06
4.57937e+06
8.12146e+06
1.42999e+07
2.46757e+07
4.26808e+07
7.5359e+07
1.32076e+08
8.82665e+07
4.65976e+07
2.41983e+07
1.22507e+07
6.00081e+06
2.82478e+06
1.26948e+06
541429
219885
89168.6
24618.7
4470.35
433.339
26.5259
1.11567
0.0359135
0.00104911
3.43082e-05
1.52608e-06
1.04797e-07
1.15956e-08
-1.91567e-10
-6.78271e-11
-1.47802e-11
-8.63911e-12
1.90582e-10
3.18193e-11
-4.47341e-13
-2.05394e-13
-9.48082e-14
-4.37063e-14
-2.0033e-14
1.5318e-12
-4.1213e-15
-3.1793e-12
-8.06384e-16
3.17363e-14
3.17744e-12
2.46922e-11
-8.575e-18
-1.24551e-06
0
0
0
0
0
0
0
0
0
0
0
0
0
0
-2.87622e-10
0
0
-1.17151e-06
-3.08569e-18
-2.38373e-17
-3.65544e-16
-6.62439e-15
6.08118e-08
1.1289e-06
1.54712e-05
0.000180029
0.00175268
0.0135946
0.0853977
0.44175
1.91742
7.11356
22.9406
65.2642
165.869
380.683
796.822
1538.7
2771.72
4716.08
7694.36
12239.1
19283.8
30445.1
48378
77146.8
122603
244229
435556
793765
1.45609e+06
2.656e+06
4.75718e+06
8.42798e+06
1.48309e+07
2.55785e+07
4.42295e+07
7.81027e+07
1.35832e+08
8.37927e+07
4.42105e+07
2.29255e+07
1.15816e+07
5.65776e+06
2.65472e+06
1.18865e+06
504984
204645
81915.2
22107.8
3826.82
359.508
21.4816
0.887217
0.028336
0.000832699
2.77801e-05
1.27678e-06
9.89264e-08
1.27169e-08
2.84018e-09
-4.3595e-11
-1.38932e-11
-5.20808e-12
-2.15512e-12
-9.45296e-13
-3.59886e-12
-1.96808e-13
-9.07723e-14
6.12001e-12
2.46672e-11
-8.77965e-15
-3.95841e-15
-1.77157e-15
-7.77876e-16
3.17723e-12
2.39469e-14
-4.60727e-17
-8.27273e-18
0
-2.61988e-17
0
0
-7.13798e-14
0
1.64602e-21
0
0
-3.43342e-12
0
0
0
0
0
2.15786e-10
-8.20587e-19
0
-1.58483e-18
-3.0837e-18
-2.97718e-17
-3.82287e-16
1.37617e-12
7.14525e-08
1.18803e-06
1.57091e-05
0.000192339
0.00185426
0.0143366
0.0897482
0.462732
2.00244
7.40861
23.8324
67.6446
171.546
392.896
820.773
1582.11
2845.31
4835
7881.77
12533.8
19753.1
31203.4
49608
79121
127060
251891
452877
822602
1.51362e+06
2.74933e+06
4.91629e+06
8.70378e+06
1.53096e+07
2.6395e+07
4.56358e+07
8.0607e+07
1.38069e+08
8.01329e+07
4.22527e+07
2.18809e+07
1.1033e+07
5.37707e+06
2.51598e+06
1.12296e+06
475513
192456
75627.8
20145.5
3352.3
306.216
17.91
0.728252
0.0231121
0.000683018
2.31987e-05
1.08643e-06
8.12873e-08
8.88938e-09
2.85641e-09
-1.06314e-09
-1.31768e-11
-4.9698e-12
-1.32666e-10
1.00535e-10
-4.12005e-13
2.98389e-12
-8.76478e-14
-4.05152e-14
-2.47051e-11
-8.48646e-15
-3.82809e-15
-1.94349e-13
-7.52422e-16
-3.24007e-14
-1.29309e-16
-4.4609e-17
-8.03409e-18
0
-1.24551e-06
-8.92271e-15
-2.67901e-14
2.09584e-16
0
0
5.70928e-13
-1.245e-06
0
-6.84966e-12
-1.33843e-14
0
0
0
0
0
0
0
-3.08199e-18
-2.38003e-17
-4.04752e-16
-7.44538e-15
6.06612e-08
2.13758e-06
1.58539e-05
0.000201974
0.00194819
0.0150111
0.0936851
0.481652
2.07886
7.67295
24.6287
69.7627
176.578
403.673
841.8
1619.98
2909.01
4936.91
8040.48
12780
20139.1
31816.5
50583.4
80650.8
131906
258137
466991
850598
1.56228e+06
2.8318e+06
5.05889e+06
8.95222e+06
1.57335e+07
2.71219e+07
4.68897e+07
8.28334e+07
1.39132e+08
7.71908e+07
4.06804e+07
2.10433e+07
1.05938e+07
5.15278e+06
2.40536e+06
1.07071e+06
452144
182823
71370.2
18606.2
2995.31
267.239
15.3506
0.61616
0.0194587
0.000578064
1.99265e-05
9.68776e-07
7.27444e-08
8.9936e-09
8.57391e-10
-1.06156e-09
-1.25985e-11
-7.92226e-12
-1.73532e-10
-8.77888e-13
-4.64416e-11
-1.83539e-13
4.02856e-12
-3.9343e-14
2.03459e-12
-8.25843e-15
3.81525e-13
-1.66568e-15
-7.31041e-16
-3.17787e-12
-1.25745e-16
-4.34636e-17
-2.46923e-11
-5.57673e-16
-2.61988e-17
0
0
0
0
-4.28595e-13
0
0
0
0
0
0
5.33139e-14
0
0
0
0
0
-3.08054e-18
-2.37859e-17
-4.21541e-16
-7.80762e-15
-8.66702e-07
1.32004e-06
1.75722e-05
0.000211869
0.00203041
0.0156019
0.0971237
0.49813
2.14521
7.90178
25.3159
71.5852
180.893
412.881
859.696
1652.06
2962.7
5022.34
8172.82
12984.3
20458.9
32325.2
51397.3
81941.2
135986
263548
479187
874663
1.60449e+06
2.90417e+06
5.1847e+06
9.17183e+06
1.61074e+07
2.77648e+07
4.80002e+07
8.482e+07
1.39275e+08
7.49516e+07
3.94807e+07
2.04029e+07
1.02576e+07
4.98088e+06
2.32053e+06
1.03063e+06
434223
175391
67854.7
17400.8
2727.26
238.742
13.5129
0.536761
0.0168879
0.000504009
1.75775e-05
8.64633e-07
6.77372e-08
9.06096e-09
2.88227e-09
-3.71023e-11
-3.64214e-11
-4.62459e-12
-2.64821e-11
-8.54034e-13
-3.88619e-13
-1.79116e-13
-8.29609e-14
-3.8301e-14
2.4669e-11
1.01839e-12
-2.46942e-11
-1.62903e-15
-7.16787e-16
7.99344e-14
-1.22945e-16
-4.25727e-17
-7.66818e-18
0
0
0
2.67901e-14
0
1.24543e-06
-1.24535e-06
0
3.35207e-15
-1.2446e-06
0
-1.24274e-06
0
1.23748e-06
0
-2.87389e-10
-1.21201e-06
0
-4.03134e-13
-1.07086e-09
-2.37742e-17
-4.38367e-16
-8.10558e-15
8.19376e-08
1.36603e-06
1.82872e-05
0.000218574
0.0020987
0.0160952
0.0999835
0.511799
2.20012
8.09073
25.8821
73.0829
184.431
420.41
874.291
1678.16
3006.27
5091.6
8280.16
13150.6
20720.8
32745.4
52077.2
83033.1
139409
268180
489561
895025
1.64039e+06
2.96626e+06
5.29333e+06
9.36247e+06
1.64335e+07
2.83298e+07
4.89856e+07
8.66044e+07
1.37877e+08
7.33956e+07
3.86358e+07
1.99471e+07
1.00163e+07
4.85671e+06
2.25893e+06
1.00142e+06
421125
169969
65169.5
16503.9
2531.58
218.304
12.2128
0.481158
0.0150955
0.000452215
1.59593e-05
7.93204e-07
6.06467e-08
9.0862e-09
1.37486e-09
-3.58474e-11
-1.17918e-11
-4.51363e-12
-1.8906e-12
-8.35364e-13
-8.23798e-11
-1.75473e-13
-2.47566e-11
-3.75846e-14
-1.72971e-14
-2.46971e-11
-3.57561e-15
-3.17907e-12
-7.03551e-16
4.78595e-14
-1.20654e-16
-4.17454e-17
-7.54091e-18
0
0
0
0
-4.11542e-22
0
0
-8.571e-13
0
0
0
0
0
0
0
0
0
0
0
2.13579e-09
-2.37654e-17
-4.5524e-16
-8.33956e-15
8.54375e-08
1.39879e-06
1.88652e-05
0.000225863
0.00215192
0.0164771
0.102203
0.522386
2.24256
8.23645
26.3177
74.233
187.142
426.167
885.431
1698.06
3039.47
5144.42
8362.3
13278.6
20924
33074.7
52615.1
83905
142115
271897
497831
911185
1.66899e+06
3.01606e+06
5.38091e+06
9.51687e+06
1.66988e+07
2.87951e+07
4.97954e+07
8.80689e+07
1.36343e+08
7.23638e+07
3.80706e+07
1.96399e+07
9.85255e+06
4.77194e+06
2.21666e+06
981280
412072
166209
63233
15872.3
2395.14
204.206
11.3244
0.443426
0.0138823
0.000417068
1.47945e-05
7.48124e-07
5.90893e-08
6.19111e-09
1.35614e-09
-3.80247e-11
7.64849e-10
-3.91971e-10
-1.32497e-10
-8.20841e-13
7.76744e-12
-1.72611e-13
-8.00966e-14
-3.69984e-14
-2.47038e-11
-7.7698e-15
-3.52674e-15
-1.57609e-15
9.56244e-14
-2.46923e-11
-1.19381e-16
-4.12363e-17
-7.46137e-18
0
-2.23624e-15
8.92271e-15
-3.56905e-14
-1.07158e-13
1.24543e-06
0
8.57099e-13
0
0
9.12514e-12
5.25616e-20
1.04957e-19
0
1.44637e-10
0
0
1.19398e-06
-4.02992e-13
-6.1558e-18
-2.37595e-17
-4.551e-16
-8.49897e-15
9.60833e-08
1.43181e-06
1.92628e-05
0.000229562
0.00218846
0.0167417
0.103727
0.529644
2.27162
8.33604
26.6151
75.0168
188.986
430.08
892.995
1711.56
3062.01
5180.34
8418.34
13366.4
21064.3
33303.6
52991.4
84518.1
144002
274511
503617
922447
1.68896e+06
3.05094e+06
5.44234e+06
9.62521e+06
1.68906e+07
2.91251e+07
5.03631e+07
8.90992e+07
1.35249e+08
7.17302e+07
3.77219e+07
1.94496e+07
9.7507e+06
4.71902e+06
2.19019e+06
968634
406376
163839
61974.4
15470.5
2308.78
195.339
10.7689
0.419943
0.0131285
0.000395173
1.40976e-05
7.04586e-07
5.93152e-08
6.21253e-09
-1.29926e-10
-6.14652e-11
-1.13678e-11
-4.36559e-12
-1.83685e-12
-8.11505e-13
-3.69908e-13
-1.70789e-13
3.09625e-12
-3.66728e-14
-1.68736e-14
1.01875e-12
-3.48602e-15
1.91074e-13
-6.88278e-16
3.17863e-14
-1.18109e-16
-4.09181e-17
-7.38182e-18
-8.37204e-16
2.57222e-23
0
0
0
0
0
1.24522e-06
6.58217e-21
0
0
0
0
-1.23749e-06
-1.23226e-06
0
0
0
0
1.13161e-06
-1.09704e-06
-4.60719e-16
-8.56242e-15
-8.50775e-07
2.34593e-06
1.94615e-05
0.000230977
0.00220662
0.0168756
0.104499
0.533322
2.28633
8.38649
26.7656
75.4135
189.919
432.057
896.816
1718.37
3073.4
5198.5
8446.74
13411
21135.9
33420.8
53184.7
84834.2
144970
275860
506593
928229
1.69922e+06
3.06889e+06
5.47398e+06
9.681e+06
1.69891e+07
2.9295e+07
5.06554e+07
8.96292e+07
1.34697e+08
7.14218e+07
3.75524e+07
1.93571e+07
9.70122e+06
4.6933e+06
2.17732e+06
962486
403608
162700
61350.6
15275
2267.13
191.1
10.5055
0.408893
0.0127755
0.000384899
1.377e-05
6.99011e-07
4.99139e-08
9.17749e-09
-1.28568e-10
-1.05804e-09
5.05962e-10
-4.33681e-12
-1.82444e-12
7.2881e-11
-4.64141e-11
-1.65759e-11
-1.23995e-11
-3.64774e-14
-1.68085e-14
-7.67207e-15
-3.46973e-15
2.48824e-11
-6.84206e-16
-2.92216e-16
-1.17345e-16
-2.46923e-11
-1.00986e-15
0
0
1.2455e-06
1.04794e-16
0
4.19154e-16
4.28594e-13
-1.67634e-15
0
-1.24459e-06
0
0
1.24075e-06
0
0
0
0
0
0
-1.13694e-06
-2.37563e-17
-4.66402e-16
-8.58396e-15
8.53854e-08
1.45165e-06
1.94738e-05
0.000231974
0.00220802
0.0168841
0.10455
0.533562
2.28727
8.38963
26.7747
75.4367
189.972
432.166
897.018
1718.72
3073.95
5199.34
8447.96
13412.8
21138.5
33424.8
53191.2
84844.6
145004
275908
506703
928449
1.69963e+06
3.06962e+06
5.47529e+06
9.68336e+06
1.69933e+07
2.93023e+07
5.06681e+07
8.96522e+07
1.34672e+08
7.14082e+07
3.7545e+07
1.93532e+07
9.69915e+06
4.69225e+06
2.1768e+06
962241
403499
162655
61325.8
15266.9
2265.36
190.918
10.4942
0.40842
0.0127605
0.000384462
1.37513e-05
7.09949e-07
5.18234e-08
6.22351e-09
-1.31519e-10
-3.40124e-11
-1.12781e-11
-4.33681e-12
2.27257e-11
-8.07357e-13
-3.68349e-13
-1.65759e-11
-7.87946e-14
-3.64774e-14
-1.67759e-14
-7.67207e-15
-3.46973e-15
-1.55573e-15
-6.48426e-14
-4.84526e-14
-1.176e-16
-4.07272e-17
-7.35e-18
0
-1.24551e-06
-1.2455e-06
0
0
8.23058e-22
0
0
-3.35207e-15
0
0
0
0
-5.33102e-14
0
0
2.08813e-13
0
0
-1.14024e-06
-2.96985e-17
-4.55085e-16
-8.50947e-15
1.04307e-06
5.37335e-07
1.92936e-05
0.000229234
0.00219271
0.0167687
0.103883
0.530366
2.27443
8.34543
26.6423
75.0862
189.144
430.403
893.598
1712.59
3063.67
5182.83
8421.97
13371.6
21072
33315.3
53010
84548.2
144101
274650
503938
923095
1.69015e+06
3.05308e+06
5.44622e+06
9.6322e+06
1.69031e+07
2.91469e+07
5.04007e+07
8.91674e+07
1.35176e+08
7.16886e+07
3.76993e+07
1.94375e+07
9.7443e+06
4.71574e+06
2.18857e+06
967870
406036
163700
61898.1
15445.5
2303.39
194.788
10.7348
0.418524
0.0130833
0.000393876
1.40719e-05
7.04794e-07
5.93259e-08
6.21386e-09
-1.29736e-10
-3.42861e-11
-8.22459e-12
-7.50837e-12
-1.83478e-12
-8.12545e-13
-3.69908e-13
-3.34466e-12
-7.93155e-14
-3.66077e-14
2.1493e-11
2.46815e-11
-3.49416e-15
-3.17904e-12
-6.86242e-16
-2.93234e-16
-1.18109e-16
-4.07909e-17
2.46923e-11
-6.43057e-24
0
-1.33952e-14
0
0
0
2.85493e-13
-8.571e-13
0
0
0
0
-1.24077e-06
0
0
-1.22416e-06
0
0
0
-3.07838e-18
-1.09739e-06
3.94771e-09
-8.37149e-15
-8.5122e-07
1.39868e-06
1.89145e-05
0.000225101
0.00215834
0.0165241
0.102464
0.523601
2.2473
8.25223
26.3634
74.3495
187.407
426.711
886.447
1699.8
3042.27
5148.64
8368.44
13287.5
20937.1
33094.5
52646.4
83955.1
142281
272126
498362
912256
1.67095e+06
3.01957e+06
5.38723e+06
9.52822e+06
1.67191e+07
2.88305e+07
4.98566e+07
8.81801e+07
1.36219e+08
7.22898e+07
3.80304e+07
1.96184e+07
9.84123e+06
4.76615e+06
2.21381e+06
979931
411471
165972
63106.9
15829.2
2385.59
203.218
11.2626
0.440827
0.0137991
0.000414662
1.4746e-05
7.48509e-07
5.91142e-08
6.19355e-09
1.38016e-09
-5.88977e-11
1.27815e-11
-2.88632e-11
-1.85545e-12
2.34584e-12
2.4269e-11
-1.7235e-13
-7.98362e-14
2.05409e-11
-1.70039e-14
-7.7698e-15
-3.51045e-15
3.1759e-12
2.46269e-11
-2.96288e-16
-3.16165e-12
5.97886e-15
-7.42955e-18
-1.24551e-06
2.57222e-23
0
0
-1.24547e-06
0
8.38259e-16
3.2917e-21
3.35207e-15
1.2446e-06
0
0
2.67258e-14
0
0
0
-1.21199e-06
0
0
-3.07922e-18
-2.37727e-17
-4.44025e-16
-8.13734e-15
8.19279e-08
1.36589e-06
1.75482e-05
0.000219665
0.00210701
0.0161578
0.100341
0.513467
2.20663
8.11243
25.9449
73.2434
184.796
421.159
875.692
1680.57
3010.13
5097.43
8288.63
13162.8
20738.6
32772.3
52119
83099.5
139631
268482
490264
896447
1.64298e+06
2.97088e+06
5.30162e+06
9.37732e+06
1.64592e+07
2.83748e+07
4.90647e+07
8.67472e+07
1.37709e+08
7.32796e+07
3.85734e+07
1.9914e+07
9.99901e+06
4.84792e+06
2.25462e+06
999384
420219
169590
64977.8
16438.9
2517.28
216.818
12.1194
0.477209
0.0149688
0.000448559
1.58207e-05
7.93779e-07
5.49866e-08
6.16192e-09
1.37542e-09
-3.57346e-11
-1.17673e-11
2.5573e-10
-2.64342e-11
-8.33289e-13
5.20079e-11
2.99887e-12
1.22394e-11
4.06714e-12
-1.72645e-14
-7.86752e-15
2.4687e-11
-1.59645e-15
3.17683e-12
-2.99852e-16
-1.204e-16
-4.16818e-17
-7.525e-18
-1.39488e-15
-4.46138e-15
0
0
0
-8.23058e-22
0
-1.24522e-06
0
3.43339e-12
9.12524e-12
5.25627e-20
0
0
1.23226e-06
0
0
1.19446e-06
0
-7.84357e-13
-7.57047e-13
-4.27194e-16
-7.86091e-15
8.19882e-08
1.31985e-06
1.68322e-05
0.00021248
0.00204033
0.0156808
0.0975704
0.500216
2.15337
7.92905
25.395
71.7876
181.355
413.83
861.473
1655.13
2967.61
5029.76
8183.61
12999.8
20481.4
32358.6
51448.6
82021.5
136257
263909
480034
876388
1.60762e+06
2.90972e+06
5.19463e+06
9.1896e+06
1.61383e+07
2.78188e+07
4.80949e+07
8.49916e+07
1.39212e+08
7.47892e+07
3.93932e+07
2.03562e+07
1.02332e+07
4.96848e+06
2.31444e+06
1.02777e+06
432942
174854
67591.5
17309.9
2707.26
236.649
13.3803
0.531113
0.0167062
0.000498749
1.74281e-05
8.58228e-07
6.77878e-08
6.1172e-09
2.88004e-09
-3.69735e-11
1.21865e-11
-7.75835e-12
-1.98027e-10
-8.51959e-13
-3.87059e-13
-1.78335e-13
-8.27005e-14
3.13809e-12
-1.75576e-14
-8.01411e-15
2.78848e-12
-1.62089e-15
2.15136e-11
-3.04943e-16
-1.2269e-16
-4.24454e-17
-1.01015e-15
-1.24551e-06
-2.61988e-17
0
-1.24549e-06
0
-2.1431e-13
0
0
1.71389e-12
0
-1.24393e-06
0
0
0
0
-2.87437e-10
0
1.19474e-06
0
-3.08174e-18
-2.97473e-17
-4.04702e-16
1.13024e-08
6.06516e-08
1.26053e-06
1.60038e-05
0.000204383
0.001961
0.0151042
0.0942141
0.48413
2.08857
7.70547
24.7232
70.0049
177.132
404.813
843.939
1623.68
2914.95
4945.93
8053.63
12798.8
20166.4
31856.8
50644.4
80744.3
132223
258547
467957
852572
1.56584e+06
2.83806e+06
5.07002e+06
8.97205e+06
1.57678e+07
2.71818e+07
4.69942e+07
8.30207e+07
1.39392e+08
7.69684e+07
4.05613e+07
2.09799e+07
1.05608e+07
5.13596e+06
2.3971e+06
1.06682e+06
450406
182099
71029.8
18486
2968.43
264.381
15.167
0.608258
0.0192031
0.000570679
1.96908e-05
9.51882e-07
7.28122e-08
9.00306e-09
-1.50193e-10
-6.26066e-11
-5.29417e-10
-3.95323e-10
-1.98567e-12
-8.73736e-13
-3.96933e-13
-1.83279e-13
-8.47836e-14
-3.91476e-14
2.46686e-11
-8.22586e-15
-3.18108e-12
1.90972e-13
-3.17826e-12
-2.47405e-11
3.17745e-12
-4.33363e-17
3.17758e-12
-1.24551e-06
-2.61988e-17
0
2.05775e-22
-1.24547e-06
0
2.85494e-13
0
-6.58222e-21
0
-9.12537e-12
0
0
0
0
0
1.21255e-06
0
0
-3.08342e-18
-1.09662e-06
-3.87936e-16
-7.12592e-15
6.07196e-08
1.19455e-06
1.58969e-05
0.000194127
0.00186975
0.0144418
0.0903503
0.465555
2.01354
7.44586
23.9409
67.9234
172.185
394.215
823.257
1586.43
2852.29
4845.67
7897.49
12556.6
19786.4
31252.8
49682.5
79233.4
127438
252359
453971
824833
1.51757e+06
2.75614e+06
4.92825e+06
8.72494e+06
1.53465e+07
2.64587e+07
4.57461e+07
8.08031e+07
1.38227e+08
7.98427e+07
4.2098e+07
2.17987e+07
1.09901e+07
5.35517e+06
2.5052e+06
1.11787e+06
473236
191514
75225.9
19994.3
3316.96
302.36
17.6577
0.717225
0.0227527
0.000672684
2.28737e-05
1.07717e-06
8.13773e-08
8.92078e-09
-2.1471e-09
-1.66418e-11
-1.31115e-11
-4.94924e-12
-2.058e-12
6.4559e-11
-4.09925e-13
-1.88742e-13
-8.73874e-14
4.06428e-12
-1.85673e-14
-8.4376e-15
3.17355e-12
-1.71048e-15
-7.49367e-16
2.46917e-11
-2.42086e-14
-4.44181e-17
-8.00228e-18
0
0
1.33952e-14
0
0
0
0
0
-1.14165e-12
0
1.24395e-06
1.3687e-11
0
0
0
0
0
0
1.17141e-06
-3.08536e-18
-2.3834e-17
1.05483e-06
-1.39131e-12
7.1532e-08
1.10835e-06
1.56717e-05
0.000182798
0.00176897
0.0137101
0.0860627
0.444884
1.92977
7.1551
23.0619
65.5764
166.587
382.169
799.629
1543.61
2779.71
4728.42
7712.79
12266.4
19324.4
30507
48474.1
77297.7
122840
244821
436942
795698
1.46091e+06
2.66362e+06
4.77026e+06
8.45094e+06
1.48712e+07
2.56479e+07
4.43498e+07
7.83171e+07
1.36067e+08
8.34411e+07
4.40224e+07
2.2825e+07
1.15287e+07
5.63067e+06
2.6413e+06
1.18229e+06
502118
203445
81324.7
21912.6
3780.18
354.301
21.134
0.871758
0.0278272
0.000818072
2.73243e-05
1.25018e-06
9.71579e-08
8.81446e-09
2.84179e-09
-1.92907e-11
-1.38117e-11
-5.18342e-12
1.28436e-10
-9.41146e-13
-4.26035e-13
-1.95767e-13
-9.03817e-14
-4.16874e-14
-1.91536e-14
-8.73078e-15
-3.95026e-15
-2.58396e-13
9.55449e-14
-3.17789e-12
2.39474e-14
2.46922e-11
-8.225e-18
1.24551e-06
0
-5.23974e-17
0
0
0
-2.85494e-13
-3.29172e-21
0
-3.42675e-12
0
1.36872e-11
-3.64135e-11
0
0
2.87555e-10
-2.09037e-13
5.61469e-10
-4.03919e-13
0
-1.78921e-17
-3.48746e-16
-6.23983e-15
6.08883e-08
1.02888e-06
1.45539e-05
0.00017066
0.00166064
0.0129241
0.0814486
0.422552
1.83895
6.83869
22.1018
63.0026
160.42
368.832
773.317
1495.58
2697.61
4594.47
7499.46
11927.4
18779.6
29620.3
47027.3
74964.5
119156
235891
416429
767785
1.40751e+06
2.55806e+06
4.59376e+06
8.14658e+06
1.43439e+07
2.47514e+07
4.2812e+07
7.55923e+07
1.32429e+08
8.78535e+07
4.63763e+07
2.40797e+07
1.2188e+07
5.96847e+06
2.80866e+06
1.26178e+06
537934
218399
88432.2
24348.6
4403.89
426.035
26.036
1.0936
0.0351812
0.00102814
3.3677e-05
1.50391e-06
1.04956e-07
8.70024e-09
2.82182e-09
-4.65797e-11
-5.30984e-10
-8.6063e-12
-2.25015e-12
-9.84696e-13
-4.44221e-13
-2.04092e-13
-1.24141e-11
-4.33807e-14
-3.19676e-12
2.7857e-11
-4.09686e-15
2.10627e-11
-2.46926e-11
-3.42106e-16
-1.37199e-16
-4.74727e-17
-8.51137e-18
0
2.61988e-17
0
0
0
0
0
0
-3.35212e-15
-1.24463e-06
0
1.33852e-14
0
0
0
0
1.21343e-06
0
-1.10118e-09
3.21837e-09
-1.79106e-17
-3.97145e-09
-5.76918e-15
5.38165e-08
9.62886e-07
1.339e-05
0.000158879
0.00154825
0.0121042
0.0766063
0.39902
1.74286
6.50262
21.0778
60.2451
153.78
354.393
744.649
1442.86
2606.67
4444.63
7258.35
11540.7
18153.2
28595.5
45350.7
72260.4
114902
225570
392158
735974
1.34874e+06
2.43667e+06
4.39453e+06
7.80536e+06
1.37536e+07
2.37488e+07
4.10915e+07
7.25426e+07
1.27564e+08
9.30636e+07
4.91596e+07
2.55676e+07
1.29728e+07
6.3726e+06
3.00996e+06
1.35797e+06
581564
236752
96810.9
27366.6
5255.77
526.991
33.0748
1.41797
0.0460424
0.00133735
4.28481e-05
1.85526e-06
1.21557e-07
1.23989e-08
-2.1085e-10
-5.06689e-11
-1.57397e-11
-5.79931e-12
-1.32921e-10
-1.03446e-12
-4.67084e-13
-2.14499e-13
-9.87137e-14
4.05904e-12
-2.08473e-14
-9.48002e-15
-4.2679e-15
-3.17937e-12
-8.34892e-16
-3.5636e-16
-3.17772e-12
-8.06944e-15
-8.86137e-18
-3.27486e-18
-4.46138e-15
1.33952e-14
2.05775e-22
0
0
0
0
0
1.31606e-20
-6.69874e-15
1.36879e-11
0
0
0
4.1463e-19
0
8.43632e-10
0
0
4.14671e-09
-2.92351e-16
-5.28699e-15
5.39136e-08
-2.0792e-08
1.2224e-05
0.000146099
0.00143446
0.0112658
0.0716371
0.374772
1.64342
6.1533
20.0086
57.3522
146.778
339.074
714.028
1386.11
2507.92
4280.3
6991.19
11107.7
17444.8
27424.1
43411.1
69086.1
109815
212824
370478
698539
1.28053e+06
2.31624e+06
4.16456e+06
7.4158e+06
1.30796e+07
2.26225e+07
3.91448e+07
6.90789e+07
1.21772e+08
9.90557e+07
5.23725e+07
2.72942e+07
1.38895e+07
6.84797e+06
3.24862e+06
1.47302e+06
634305
259283
105594
31489.4
6445.99
671.81
43.3907
1.90322
0.0624813
0.0018036
5.64152e-05
2.34341e-06
1.50374e-07
1.21593e-08
-1.24038e-09
-1.60962e-09
4.98725e-10
-6.21796e-12
-2.52689e-12
-2.56914e-11
-4.96966e-11
-2.25425e-13
-1.03921e-13
-4.77439e-14
-2.18895e-14
2.46789e-11
-2.46949e-11
-1.99556e-15
-1.29192e-13
-3.72651e-16
-3.17772e-12
3.17753e-12
-9.25909e-18
0
0
8.92271e-15
0
2.09584e-16
-1.42755e-13
-8.38265e-16
0
6.58234e-21
-2.28266e-12
0
0
0
0
0
0
0
0
1.10268e-09
-3.09576e-18
-4.15187e-09
-5.9795e-09
-4.81483e-15
5.04107e-08
8.16987e-07
1.10679e-05
0.000134228
0.00131958
0.0104266
0.066642
0.35029
1.54257
5.79739
18.9139
54.3752
139.532
323.123
681.934
1326.19
2402.84
4104.06
6702.54
10636.9
16670.4
26137.7
41270.5
65564.4
104145
198328
349134
656120
1.20302e+06
2.17919e+06
3.90377e+06
6.96837e+06
1.23049e+07
2.13636e+07
3.69432e+07
6.51443e+07
1.14999e+08
1.05904e+08
5.60587e+07
2.92877e+07
1.49549e+07
7.40456e+06
3.53024e+06
1.60988e+06
697634
286715
116641
37752.8
7877.93
873.191
58.6465
2.64505
0.0880095
0.00252541
7.69263e-05
3.08069e-06
1.83491e-07
1.76699e-08
4.69906e-09
-6.20035e-11
-1.85833e-11
-6.702e-12
-2.70444e-12
6.42641e-11
-5.23195e-13
-2.39473e-13
-1.56043e-11
-5.05442e-14
-2.30621e-14
-1.04899e-14
-4.724e-15
-2.10144e-15
-9.18381e-16
-4.85518e-14
-1.57054e-16
-5.42181e-17
-3.1776e-12
-3.27486e-18
-4.43518e-15
-1.2455e-06
0
0
1.42755e-13
0
-3.29175e-21
0
0
-6.85024e-12
0
0
0
0
4.14819e-19
0
-1.19734e-06
0
-2.15003e-09
-1.79776e-17
3.98958e-09
-7.60631e-09
4.33027e-08
7.233e-07
9.10247e-06
0.000121055
0.00120908
0.00960274
0.0617212
0.326063
1.44231
5.44185
17.8148
51.3696
132.172
306.817
648.908
1264.1
2293.23
3919.17
6398.47
10139.8
15852.4
24778.6
39007.8
61835.5
98126.1
182554
326090
609665
1.1175e+06
2.02779e+06
3.6375e+06
6.47032e+06
1.14506e+07
1.99521e+07
3.44654e+07
6.06727e+07
1.07118e+08
1.13813e+08
6.03308e+07
3.16116e+07
1.62046e+07
8.06188e+06
3.86531e+06
1.77406e+06
774344
320440
130324
44725.2
9782.5
1163.58
81.7674
3.80815
0.128759
0.00367464
0.000108793
4.1467e-06
2.40695e-07
2.49745e-08
4.66865e-09
-9.36534e-11
-2.35798e-11
-2.66901e-10
-2.91084e-12
2.33407e-11
-5.5852e-13
2.43687e-11
-1.16679e-13
-5.35398e-14
-2.07706e-12
-1.11088e-14
3.17233e-12
-2.22362e-15
-9.71325e-16
-4.13378e-16
-1.65708e-16
3.17753e-12
-1.02136e-17
8.37204e-16
0
0
0
0
4.19156e-16
-8.38268e-16
-2.86179e-13
1.24504e-06
0
0
0
1.24124e-06
0
0
0
4.28237e-10
0
0
0
-1.20024e-17
-3.9966e-09
-3.89998e-15
-9.08251e-07
6.36093e-07
8.841e-06
0.000110908
0.00110201
0.00881023
0.0569641
0.302543
1.34456
5.09351
16.7323
48.3923
124.836
290.454
615.538
1200.96
2181.12
3729.31
6085.81
9629.43
15015.1
23392.4
36705.6
58044.2
92002.3
166005
302191
560542
1.02618e+06
1.86659e+06
3.35561e+06
5.97149e+06
1.05608e+07
1.84953e+07
3.19704e+07
5.54138e+07
9.81355e+07
1.23231e+08
6.5386e+07
3.43583e+07
1.7685e+07
8.84428e+06
4.26673e+06
1.97232e+06
867859
362094
147249
52955.9
12355.1
1590.49
117.621
5.68085
0.195741
0.00555987
0.00015973
5.78965e-06
3.20831e-07
3.01661e-08
7.5862e-09
-7.93763e-11
-2.27202e-11
-3.54685e-11
-3.1502e-12
-1.3433e-12
-5.97998e-13
-2.71728e-13
-1.2475e-13
-5.70563e-14
-2.60585e-14
-2.47004e-11
-5.18545e-13
-2.35394e-15
2.46907e-11
2.47557e-11
-1.75127e-16
-6.03272e-17
-1.07705e-17
0
0
0
0
0
1.42756e-13
0
0
0
0
0
-1.33874e-14
0
0
1.08708e-10
0
0
0
0
0
-1.20215e-17
4.00422e-09
-3.47909e-15
3.62568e-08
5.89694e-07
7.86655e-06
9.90671e-05
0.00100178
0.00806282
0.0524643
0.280223
1.2514
4.76
15.6902
45.5087
117.683
274.384
582.508
1138.1
2068.94
3538.81
5772.21
9119.36
14183.2
22023.7
34442.8
54325.5
85994
149133
278114
509435
928737
1.69329e+06
3.05075e+06
5.432e+06
9.59258e+06
1.68082e+07
2.90026e+07
5.02387e+07
8.87349e+07
1.33409e+08
7.10107e+07
3.74811e+07
1.93974e+07
9.76261e+06
4.74413e+06
2.21105e+06
981829
413474
167854
63556.3
15641.9
2216.26
174.043
8.76269
0.308681
0.00873376
0.000242881
8.33919e-06
4.18716e-07
2.9365e-08
4.51682e-09
-9.10712e-11
-2.53611e-11
-1.18462e-11
-3.41837e-12
-1.44898e-12
-6.41629e-13
-2.90977e-13
-1.33081e-13
4.04332e-12
-2.77521e-14
2.62169e-11
-5.62804e-15
-2.50054e-15
1.27227e-13
2.47397e-11
-1.85308e-16
-6.38908e-17
-1.51639e-15
0
0
5.23974e-17
1.24549e-06
0
1.24544e-06
1.24537e-06
0
0
0
0
1.36903e-11
0
0
0
0
0
5.63661e-10
-1.17684e-06
0
-3.1354e-09
-1.73494e-16
-3.07871e-15
3.27033e-08
5.22472e-07
6.92645e-06
8.98371e-05
0.000908655
0.00737114
0.0483004
0.25952
1.16473
4.44847
14.712
42.7863
110.885
259.004
550.695
1077.13
1959.56
3352.55
5465.74
8622.84
13378.7
20710.4
32288.2
50808.7
80350.9
132702
255325
459555
831172
1.52133e+06
2.75479e+06
4.91615e+06
8.68923e+06
1.52627e+07
2.63374e+07
4.55175e+07
8.03133e+07
1.36718e+08
7.84304e+07
4.15068e+07
2.15737e+07
1.09201e+07
5.34367e+06
2.51083e+06
1.12536e+06
478542
194598
76399.1
19965.4
3136.02
263.617
13.912
0.503018
0.0142018
0.000381961
1.23397e-05
5.97731e-07
3.78669e-08
4.4114e-09
-1.05227e-10
-2.84364e-11
-9.59423e-12
1.8883e-10
2.30175e-11
6.48359e-11
-3.11266e-13
-1.41933e-13
-6.48708e-14
-2.95109e-14
-2.47018e-11
-5.97012e-15
-2.64715e-15
-1.15459e-15
-4.86495e-14
-1.62361e-14
-2.46923e-11
-2.46923e-11
0
-3.34881e-15
0
0
0
-4.19158e-16
0
-1.6764e-15
1.24507e-06
2.28281e-12
0
0
0
0
0
2.16301e-10
0
-2.07055e-13
-1.66326e-09
0
-1.20647e-17
-1.56498e-16
-2.68822e-15
1.82213e-08
4.54972e-07
6.06013e-06
8.06113e-05
0.000823055
0.00674619
0.0445483
0.240905
1.0868
4.16782
13.8276
40.3116
104.666
244.828
521.144
1020.07
1856.52
3176.12
5174.35
8149.82
12611.6
19456.8
30226.5
47429.1
74896.1
118169
233413
409401
751652
1.3738e+06
2.47875e+06
4.45372e+06
7.89488e+06
1.38955e+07
2.40291e+07
4.16187e+07
7.33282e+07
1.28578e+08
8.77453e+07
4.64916e+07
2.4246e+07
1.23351e+07
6.07566e+06
2.8774e+06
1.3015e+06
558790
228337
92969.5
25627.3
4492.44
406.283
22.5408
0.838696
0.0236433
0.000613504
1.85808e-05
8.00374e-07
5.55509e-08
6.26079e-09
-1.63861e-09
-3.17519e-11
-1.04863e-11
-4.01228e-12
-1.67482e-12
2.43276e-12
-3.31555e-13
-1.50785e-13
-6.87782e-14
-3.12697e-14
-2.78796e-11
-5.19545e-13
-2.79376e-15
-1.21975e-15
-5.15194e-16
-2.06181e-16
1.19692e-14
-2.46923e-11
5.57673e-16
0
0
1.78453e-14
0
0
0
1.67641e-15
0
0
0
1.24325e-06
-2.67448e-14
5.45816e-11
0
1.05806e-13
0
0
0
0
-9.06562e-18
-1.33606e-16
-2.35097e-15
1.82681e-08
4.07785e-07
5.35137e-06
7.38076e-05
0.000752602
0.00621647
0.041361
0.225052
1.02025
3.92733
13.0662
38.1699
99.2493
232.396
495.031
969.273
1764.08
3016.67
4909.09
7716.1
11902.8
18288
28281.5
44190.5
69560.7
109541
212092
365102
684879
1.24975e+06
2.25362e+06
4.02602e+06
7.17321e+06
1.26477e+07
2.19304e+07
3.80197e+07
6.70414e+07
1.18209e+08
9.77084e+07
5.18444e+07
2.71346e+07
1.38762e+07
6.87995e+06
3.28428e+06
1.49929e+06
650164
267452
110824
32174.4
6435.51
631.392
36.9833
1.42352
0.0402772
0.00101123
2.86766e-05
1.15442e-06
7.63456e-08
9.05503e-09
1.37495e-09
-3.23678e-11
-1.14682e-11
-2.88189e-11
-1.79707e-12
-6.63053e-11
-3.52889e-13
3.01431e-12
-6.23421e-12
-3.30286e-14
1.01155e-12
-6.64612e-15
3.82333e-13
1.91358e-13
-5.3963e-16
2.38647e-14
-7.41999e-17
-1.51821e-15
0
2.61988e-17
0
1.79501e-14
0
-7.13783e-14
0
-5.70953e-13
0
0
-6.8515e-12
0
0
-3.63659e-11
1.08827e-10
0
0
0
1.11099e-09
0
-6.05857e-18
-1.16505e-16
-1.99105e-15
1.83238e-08
3.39706e-07
5.46555e-06
6.47935e-05
0.000686189
0.00573783
0.0385802
0.211661
0.9655
3.73325
12.4593
36.4721
94.9565
222.507
474.13
928.329
1689.01
2886.22
4690.66
7357
11313.5
17312.7
26653.2
41468.6
65056.3
102227
193601
337198
628684
1.14578e+06
2.06845e+06
3.69775e+06
6.56149e+06
1.15969e+07
2.01976e+07
3.50024e+07
6.16484e+07
1.08877e+08
1.06604e+08
5.6668e+07
2.97676e+07
1.5298e+07
7.63189e+06
3.6703e+06
1.69005e+06
739976
306847
127041
42773.6
8849.18
952.108
59.0169
2.34593
0.0663203
0.00160039
4.21834e-05
1.55272e-06
9.3243e-08
1.28374e-08
2.89562e-09
-6.22016e-11
-1.21235e-11
2.56051e-10
-1.29469e-10
-6.63315e-11
-3.633e-13
-1.6575e-11
-2.47543e-11
-3.36801e-14
-1.51808e-14
3.17054e-12
-2.99739e-15
-1.30324e-15
-6.47117e-14
-3.17779e-12
-7.58544e-17
-1.34591e-17
0
0
0
0
0
4.19161e-16
0
0
-1.14176e-12
1.31626e-20
-4.56412e-12
0
0
1.23967e-06
0
0
0
0
0
-3.99026e-13
-9.11381e-18
-9.93373e-17
-1.68493e-15
3.67624e-08
-6.19177e-07
4.88863e-06
5.97697e-05
0.000640328
0.0054267
0.0368372
0.20347
0.932461
3.61652
12.0925
35.436
92.3049
216.324
460.922
902.233
1640.86
2802.22
4549.78
7125.61
10934.9
16689.4
25618.5
39748.9
62225.1
97651.8
181869
319733
593293
1.08e+06
1.95137e+06
3.49115e+06
6.19224e+06
1.09284e+07
1.90809e+07
3.30475e+07
5.81603e+07
1.02629e+08
1.1254e+08
5.98974e+07
3.15426e+07
1.62659e+07
8.15011e+06
3.94037e+06
1.82596e+06
805491
336674
139079
49646.1
11199.7
1334.58
88.7561
3.7191
0.107887
0.00256854
6.40838e-05
2.17231e-06
1.22387e-07
1.26392e-08
-1.73259e-10
-4.11097e-11
-1.27708e-11
-4.70575e-12
-1.92157e-12
2.37934e-11
-3.70071e-13
-1.67192e-13
-7.56824e-14
-3.41362e-14
-1.53762e-14
-6.8579e-15
-3.02997e-15
2.46904e-11
-5.58976e-16
-2.2349e-16
-7.67453e-17
-2.46923e-11
)
;

boundaryField
{
    fuel
    {
        type            calculated;
        value           uniform 0;
    }
    air
    {
        type            calculated;
        value           uniform 0;
    }
    outlet
    {
        type            calculated;
        value           uniform 0;
    }
    frontAndBack
    {
        type            empty;
    }
}


// ************************************************************************* //
