/*--------------------------------*- C++ -*----------------------------------*\
  =========                 |
  \\      /  F ield         | OpenFOAM: The Open Source CFD Toolbox
   \\    /   O peration     | Website:  https://openfoam.org
    \\  /    A nd           | Version:  11
     \\/     M anipulation  |
\*---------------------------------------------------------------------------*/
FoamFile
{
    format      ascii;
    class       volScalarField;
    location    "0.1";
    object      rho;
}
// * * * * * * * * * * * * * * * * * * * * * * * * * * * * * * * * * * * * * //

dimensions      [1 -3 0 0 0 0 0];

internalField   nonuniform List<scalar> 
4000
(
0.658533
0.658532
0.65853
0.658525
0.658516
0.6585
0.658472
0.658422
0.658334
0.658183
0.657925
0.657485
0.656746
0.655516
0.653504
0.650301
0.645343
0.637934
0.627317
0.612844
0.594201
0.57161
0.545882
0.518254
0.490079
0.462539
0.436468
0.412337
0.390314
0.370366
0.352348
0.336061
0.321298
0.307864
0.295584
0.284311
0.273923
0.264322
0.255408
0.247073
0.239258
0.231914
0.224999
0.218479
0.212322
0.206504
0.201002
0.195798
0.190876
0.186222
0.181826
0.177681
0.173785
0.170142
0.166766
0.163693
0.160985
0.158794
0.157312
0.156865
0.158231
0.162968
0.172069
0.184447
0.199712
0.217825
0.238979
0.263535
0.291995
0.32494
0.362231
0.404515
0.455857
0.517499
0.588437
0.668008
0.753924
0.841879
0.925933
0.999982
1.05977
1.10411
1.13464
1.15441
1.16664
1.17394
1.17819
1.18062
1.182
1.18279
1.18324
1.1835
1.18364
1.18372
1.18377
1.18379
1.18381
1.18382
1.18382
1.18382
0.658533
0.658532
0.65853
0.658525
0.658515
0.658499
0.658469
0.658416
0.658324
0.658164
0.65789
0.657423
0.656637
0.655331
0.653206
0.649839
0.644663
0.636987
0.626078
0.611332
0.592487
0.569809
0.54412
0.516635
0.488668
0.461353
0.435495
0.411545
0.389668
0.369834
0.351901
0.335676
0.320959
0.307557
0.295299
0.284042
0.273665
0.264071
0.25516
0.246827
0.239012
0.231667
0.224751
0.218228
0.21207
0.20625
0.200746
0.195541
0.190618
0.185964
0.181568
0.177425
0.173532
0.169894
0.166528
0.16347
0.160789
0.158653
0.157244
0.156921
0.158536
0.163777
0.173256
0.185978
0.201595
0.220098
0.241702
0.266788
0.295882
0.329574
0.367383
0.410653
0.463738
0.526823
0.599021
0.679463
0.765563
0.852761
0.935107
1.00684
1.06428
1.10671
1.13594
1.15497
1.16682
1.17398
1.17818
1.1806
1.18199
1.18279
1.18324
1.1835
1.18364
1.18372
1.18377
1.18379
1.18381
1.18382
1.18382
1.18382
0.658533
0.658532
0.658529
0.658524
0.658515
0.658497
0.658466
0.658411
0.658315
0.658147
0.657859
0.65737
0.656547
0.655183
0.652971
0.64948
0.644137
0.636249
0.625095
0.610096
0.59103
0.568199
0.542452
0.515004
0.487147
0.459986
0.434296
0.410507
0.388773
0.369059
0.351222
0.335075
0.320417
0.30706
0.294836
0.283604
0.273246
0.263665
0.254762
0.246432
0.238619
0.231274
0.224357
0.217833
0.211672
0.205849
0.200343
0.195136
0.190211
0.185556
0.181161
0.177019
0.173131
0.169501
0.16615
0.163115
0.160475
0.158425
0.157131
0.157013
0.15901
0.165012
0.175066
0.188303
0.204431
0.223479
0.245686
0.271454
0.301323
0.335886
0.374116
0.418636
0.473649
0.53792
0.610969
0.691716
0.777335
0.863173
0.943458
1.01286
1.06816
1.10897
1.13712
1.15552
1.16705
1.17405
1.17819
1.1806
1.18199
1.18278
1.18323
1.18349
1.18364
1.18372
1.18377
1.18379
1.18381
1.18382
1.18382
1.18382
0.658533
0.658532
0.658529
0.658524
0.658514
0.658496
0.658464
0.658407
0.658307
0.658134
0.657836
0.65733
0.65648
0.655072
0.652795
0.649212
0.643742
0.635692
0.624349
0.609153
0.589906
0.566939
0.541119
0.513664
0.485854
0.458776
0.433187
0.409502
0.387865
0.368237
0.350474
0.334387
0.319779
0.306461
0.29427
0.283062
0.272724
0.263158
0.254264
0.245941
0.238132
0.230789
0.223872
0.217348
0.211186
0.205362
0.199854
0.194646
0.189721
0.185066
0.180673
0.176536
0.172655
0.169038
0.165706
0.162704
0.160116
0.158157
0.157001
0.157127
0.159568
0.166439
0.177146
0.190959
0.20765
0.227288
0.250135
0.276605
0.307233
0.342552
0.38132
0.427969
0.484335
0.549537
0.623393
0.704497
0.789758
0.874397
0.952767
1.0199
1.07302
1.11204
1.13893
1.15652
1.16757
1.17431
1.17832
1.18066
1.18201
1.18279
1.18324
1.18349
1.18364
1.18372
1.18377
1.18379
1.18381
1.18382
1.18382
1.18382
0.658533
0.658532
0.658529
0.658524
0.658514
0.658495
0.658462
0.658404
0.658301
0.658122
0.657815
0.657293
0.656418
0.654969
0.65263
0.648954
0.643357
0.635143
0.623605
0.608201
0.588761
0.565645
0.539739
0.512267
0.484498
0.4575
0.432009
0.408427
0.386888
0.367346
0.349657
0.333632
0.319074
0.305798
0.293639
0.282459
0.272141
0.262593
0.253711
0.245396
0.237592
0.230253
0.223339
0.216816
0.210655
0.204831
0.199325
0.194117
0.189194
0.184542
0.180154
0.176025
0.172155
0.168555
0.16525
0.162289
0.159766
0.157907
0.156912
0.157307
0.160241
0.167967
0.17932
0.193704
0.210955
0.231178
0.254658
0.281822
0.313205
0.349319
0.388933
0.436644
0.494259
0.560578
0.635265
0.716679
0.801519
0.884941
0.961455
1.02645
1.07755
1.11493
1.14066
1.1575
1.1681
1.17458
1.17846
1.18073
1.18205
1.18281
1.18325
1.1835
1.18364
1.18372
1.18377
1.18379
1.18381
1.18382
1.18382
1.18382
0.658533
0.658532
0.658529
0.658524
0.658513
0.658495
0.658461
0.658401
0.658295
0.658112
0.657798
0.657264
0.656367
0.654885
0.652494
0.648743
0.64304
0.634687
0.622981
0.607392
0.587771
0.564505
0.5385
0.510985
0.483227
0.456278
0.430861
0.407361
0.385903
0.366436
0.348814
0.332847
0.318337
0.305101
0.292976
0.281822
0.271528
0.261999
0.253129
0.244823
0.237027
0.229695
0.222785
0.216266
0.210108
0.204288
0.198784
0.19358
0.188661
0.184015
0.179635
0.175516
0.17166
0.168081
0.164806
0.161892
0.159452
0.157709
0.156894
0.157624
0.161192
0.169612
0.181525
0.196424
0.214192
0.234965
0.259043
0.28686
0.318934
0.355723
0.396105
0.444886
0.50366
0.57105
0.646518
0.728208
0.812648
0.894942
0.969745
1.03276
1.08198
1.11783
1.14243
1.15853
1.16868
1.1749
1.17863
1.18082
1.18209
1.18283
1.18326
1.18351
1.18365
1.18373
1.18377
1.18379
1.18381
1.18382
1.18382
1.18382
0.658533
0.658532
0.658529
0.658523
0.658513
0.658494
0.658459
0.658398
0.658291
0.658104
0.657783
0.657238
0.656322
0.654809
0.652371
0.648549
0.642746
0.63426
0.622393
0.606625
0.586831
0.563418
0.537313
0.509754
0.482
0.455092
0.429738
0.406311
0.384928
0.365531
0.347971
0.332058
0.317594
0.304397
0.292304
0.281178
0.270907
0.261397
0.252541
0.244247
0.236461
0.229136
0.222233
0.21572
0.209567
0.203752
0.198254
0.193056
0.188143
0.183505
0.179134
0.175027
0.171188
0.167631
0.164388
0.161521
0.159171
0.157545
0.156933
0.158041
0.162349
0.171309
0.183692
0.19904
0.217275
0.238551
0.263188
0.291627
0.324368
0.36163
0.402584
0.452675
0.512574
0.58093
0.657063
0.738945
0.822957
0.904165
0.977367
1.03856
1.08606
1.1205
1.14409
1.15951
1.16923
1.1752
1.17879
1.18091
1.18214
1.18286
1.18327
1.18351
1.18365
1.18373
1.18377
1.1838
1.18381
1.18382
1.18382
1.18382
0.658533
0.658532
0.658529
0.658523
0.658513
0.658493
0.658458
0.658396
0.658287
0.658097
0.65777
0.657215
0.656283
0.654742
0.652262
0.648378
0.642485
0.63388
0.621864
0.605931
0.585971
0.562416
0.536209
0.508598
0.480838
0.453961
0.42866
0.405298
0.383981
0.364648
0.347146
0.331283
0.316864
0.303704
0.291642
0.280544
0.270296
0.260806
0.251965
0.243684
0.235908
0.228592
0.221698
0.215192
0.209046
0.203238
0.197747
0.192556
0.187652
0.183024
0.178664
0.17457
0.170748
0.167215
0.164005
0.161187
0.158928
0.157417
0.156975
0.158444
0.163458
0.172917
0.185725
0.20148
0.220136
0.241869
0.267016
0.296032
0.329414
0.367111
0.408881
0.460061
0.520894
0.590081
0.666782
0.748803
0.83239
0.912584
0.984315
1.04386
1.08979
1.12297
1.14562
1.16042
1.16976
1.1755
1.17895
1.18099
1.18219
1.18288
1.18329
1.18352
1.18365
1.18373
1.18377
1.1838
1.18381
1.18382
1.18382
1.18382
0.658533
0.658532
0.658529
0.658523
0.658512
0.658493
0.658457
0.658394
0.658283
0.65809
0.657759
0.657195
0.656248
0.654683
0.652164
0.648222
0.642246
0.633529
0.621376
0.605287
0.585171
0.561481
0.535177
0.507513
0.479745
0.452893
0.427638
0.404333
0.383076
0.363802
0.346353
0.330538
0.31616
0.303036
0.291005
0.279933
0.269708
0.260239
0.251413
0.243145
0.23538
0.228074
0.221189
0.214692
0.208555
0.202755
0.197272
0.19209
0.187195
0.182577
0.178229
0.17415
0.170345
0.166834
0.163654
0.16088
0.158704
0.157294
0.157027
0.158816
0.164464
0.174378
0.187576
0.2037
0.222736
0.244881
0.270486
0.300023
0.33398
0.371998
0.414441
0.466818
0.528538
0.59847
0.675654
0.757763
0.840929
0.920175
0.990561
1.0486
1.09314
1.12518
1.14701
1.16126
1.17025
1.17577
1.17911
1.18108
1.18223
1.18291
1.1833
1.18353
1.18366
1.18373
1.18377
1.1838
1.18381
1.18382
1.18382
1.18382
0.658533
0.658532
0.658529
0.658523
0.658512
0.658492
0.658456
0.658393
0.65828
0.658085
0.657749
0.657177
0.656217
0.654629
0.652076
0.648081
0.64203
0.633211
0.62093
0.604697
0.584436
0.560618
0.534221
0.506506
0.478726
0.451894
0.426681
0.403427
0.382225
0.363004
0.345605
0.329834
0.315494
0.302404
0.290402
0.279356
0.269153
0.259704
0.250893
0.242638
0.234885
0.227591
0.220715
0.214227
0.2081
0.202309
0.196835
0.191662
0.186777
0.18217
0.177834
0.173768
0.16998
0.166489
0.163337
0.160602
0.158502
0.157183
0.157073
0.159148
0.16536
0.175683
0.189229
0.205685
0.225063
0.247576
0.27359
0.30359
0.338063
0.376331
0.419424
0.472975
0.535485
0.606061
0.683653
0.765817
0.84858
0.926952
0.996121
1.05282
1.09612
1.12716
1.14825
1.162
1.17068
1.17602
1.17924
1.18115
1.18227
1.18293
1.18331
1.18353
1.18366
1.18373
1.18377
1.1838
1.18381
1.18382
1.18382
1.18382
0.658533
0.658532
0.658529
0.658523
0.658512
0.658492
0.658456
0.658391
0.658278
0.65808
0.65774
0.657161
0.656189
0.654581
0.651997
0.647954
0.641833
0.632921
0.620523
0.604157
0.583762
0.559827
0.533343
0.505579
0.477787
0.450972
0.425795
0.402588
0.381436
0.362263
0.344909
0.329179
0.314875
0.301816
0.289842
0.278819
0.268639
0.259208
0.250412
0.24217
0.234429
0.227145
0.22028
0.213802
0.207683
0.201902
0.196437
0.191274
0.186399
0.181803
0.177478
0.173426
0.169653
0.166182
0.163057
0.16036
0.158319
0.157083
0.157114
0.159444
0.166153
0.176839
0.190694
0.207446
0.227127
0.249965
0.276337
0.306737
0.341654
0.380097
0.423908
0.47859
0.541766
0.612872
0.690799
0.772987
0.855368
0.932946
1.00102
1.05654
1.09874
1.12889
1.14934
1.16266
1.17107
1.17624
1.17937
1.18122
1.18231
1.18295
1.18332
1.18354
1.18366
1.18373
1.18378
1.1838
1.18381
1.18382
1.18382
1.18382
0.658533
0.658532
0.658529
0.658523
0.658512
0.658492
0.658455
0.65839
0.658275
0.658076
0.657732
0.657146
0.656164
0.654539
0.651926
0.64784
0.641656
0.632659
0.620155
0.603668
0.583151
0.559108
0.532544
0.504735
0.476932
0.450131
0.424986
0.401821
0.380714
0.361585
0.344272
0.328579
0.314308
0.301278
0.289329
0.278329
0.268169
0.258756
0.249973
0.241744
0.234015
0.226742
0.219887
0.213418
0.207309
0.201536
0.196081
0.190927
0.186062
0.181476
0.177163
0.173123
0.169366
0.165914
0.162813
0.160149
0.158157
0.156995
0.157152
0.159708
0.166853
0.177858
0.191985
0.208996
0.228943
0.252067
0.278748
0.309484
0.344755
0.383276
0.428034
0.483707
0.54736
0.618892
0.697102
0.779301
0.86133
0.938193
1.0053
1.05977
1.10101
1.1304
1.1503
1.16324
1.17141
1.17644
1.17948
1.18128
1.18235
1.18297
1.18333
1.18354
1.18367
1.18374
1.18378
1.1838
1.18381
1.18382
1.18382
1.18382
0.658533
0.658532
0.658529
0.658523
0.658512
0.658491
0.658454
0.658389
0.658273
0.658072
0.657725
0.657134
0.656142
0.654501
0.651862
0.647738
0.641498
0.632425
0.619825
0.60323
0.582603
0.558463
0.531828
0.503978
0.476163
0.449376
0.424259
0.401131
0.380064
0.360975
0.343699
0.328039
0.313798
0.300793
0.288868
0.277888
0.267746
0.25835
0.24958
0.241363
0.233645
0.226382
0.219536
0.213077
0.206976
0.201213
0.195766
0.190622
0.185766
0.181189
0.176887
0.172859
0.169116
0.16568
0.162601
0.159968
0.158019
0.156923
0.157193
0.159953
0.167473
0.178751
0.193113
0.210349
0.230529
0.253901
0.280852
0.311869
0.347385
0.385927
0.432268
0.488141
0.552164
0.624095
0.702573
0.784787
0.866503
0.942733
1.00899
1.06255
1.10297
1.13169
1.15111
1.16374
1.1717
1.1766
1.17957
1.18133
1.18238
1.18299
1.18334
1.18355
1.18367
1.18374
1.18378
1.1838
1.18381
1.18382
1.18382
1.18382
0.658533
0.658532
0.658529
0.658523
0.658512
0.658491
0.658454
0.658388
0.658271
0.658068
0.657719
0.657123
0.656122
0.654467
0.651807
0.647648
0.641359
0.632219
0.619535
0.602844
0.58212
0.557894
0.531195
0.50331
0.475485
0.448709
0.423617
0.400521
0.37949
0.360435
0.343192
0.327562
0.313347
0.300366
0.288461
0.2775
0.267374
0.257992
0.249235
0.241028
0.23332
0.226066
0.21923
0.212779
0.206687
0.200931
0.195493
0.190356
0.185509
0.180941
0.176649
0.172632
0.1689
0.16548
0.162421
0.159816
0.157906
0.15687
0.157244
0.160194
0.16802
0.179529
0.194089
0.211517
0.231897
0.255485
0.282676
0.313959
0.349758
0.388608
0.435391
0.491731
0.556214
0.62854
0.707264
0.789489
0.870927
0.946606
1.01213
1.06491
1.10463
1.13279
1.15181
1.16416
1.17195
1.17675
1.17965
1.18138
1.1824
1.183
1.18335
1.18355
1.18367
1.18374
1.18378
1.1838
1.18381
1.18382
1.18382
1.18382
0.658533
0.658532
0.658529
0.658523
0.658512
0.658491
0.658454
0.658387
0.65827
0.658065
0.657713
0.657114
0.656106
0.654439
0.651759
0.647571
0.641239
0.632041
0.619284
0.602511
0.581703
0.557403
0.530649
0.502732
0.474899
0.448133
0.423063
0.399995
0.378994
0.35997
0.342754
0.32715
0.312958
0.299997
0.288109
0.277164
0.267054
0.257684
0.248938
0.24074
0.233041
0.225796
0.218967
0.212524
0.206439
0.200691
0.19526
0.190131
0.185291
0.180731
0.176447
0.172439
0.168719
0.165312
0.16227
0.159692
0.157816
0.156833
0.157301
0.160423
0.168497
0.180194
0.194919
0.212508
0.233055
0.256827
0.284222
0.315731
0.351772
0.390887
0.438021
0.494755
0.55963
0.63229
0.711218
0.793445
0.874642
0.949852
1.01476
1.06689
1.10602
1.13371
1.15239
1.16451
1.17216
1.17687
1.17972
1.18142
1.18242
1.18301
1.18336
1.18356
1.18367
1.18374
1.18378
1.1838
1.18381
1.18382
1.18382
1.18382
0.658533
0.658532
0.658529
0.658523
0.658511
0.658491
0.658453
0.658386
0.658269
0.658063
0.657709
0.657106
0.656092
0.654415
0.651719
0.647506
0.641139
0.631891
0.619074
0.602231
0.581352
0.55699
0.530191
0.502248
0.474408
0.447649
0.422597
0.399553
0.378577
0.359578
0.342387
0.326804
0.312631
0.299687
0.287815
0.276884
0.266786
0.257427
0.248689
0.2405
0.232809
0.225571
0.218749
0.212312
0.206233
0.200491
0.195067
0.189944
0.18511
0.180557
0.176281
0.172281
0.16857
0.165174
0.162147
0.159593
0.157748
0.156813
0.157364
0.16064
0.168906
0.180751
0.195608
0.213328
0.234012
0.257935
0.285497
0.317193
0.353434
0.392766
0.440193
0.497251
0.562447
0.635378
0.714469
0.796693
0.877687
0.952506
1.0169
1.06849
1.10714
1.13446
1.15286
1.1648
1.17233
1.17696
1.17978
1.18145
1.18244
1.18302
1.18336
1.18356
1.18368
1.18374
1.18378
1.1838
1.18381
1.18382
1.18382
1.18382
0.658533
0.658532
0.658529
0.658523
0.658511
0.658491
0.658453
0.658386
0.658268
0.658061
0.657705
0.657099
0.65608
0.654395
0.651687
0.647454
0.641058
0.631771
0.618904
0.602005
0.581069
0.556658
0.529821
0.501857
0.474012
0.44726
0.422222
0.399197
0.378242
0.359264
0.342091
0.326525
0.312368
0.299438
0.287578
0.276658
0.26657
0.25722
0.24849
0.240308
0.232622
0.22539
0.218574
0.212142
0.206069
0.200332
0.194913
0.189795
0.184967
0.18042
0.176149
0.172156
0.168452
0.165066
0.162052
0.159519
0.157699
0.156807
0.157434
0.160854
0.169253
0.181206
0.196162
0.213982
0.234775
0.258816
0.286511
0.318354
0.354752
0.394255
0.441918
0.499231
0.564679
0.637824
0.717042
0.799261
0.88009
0.954598
1.01859
1.06976
1.10803
1.13504
1.15323
1.16502
1.17246
1.17704
1.17982
1.18147
1.18245
1.18303
1.18337
1.18356
1.18368
1.18374
1.18378
1.1838
1.18381
1.18382
1.18382
1.18382
0.658533
0.658532
0.658529
0.658523
0.658511
0.65849
0.658453
0.658385
0.658267
0.65806
0.657703
0.657095
0.656072
0.654381
0.651662
0.647414
0.640996
0.631679
0.618775
0.601833
0.580855
0.556406
0.529541
0.501562
0.473712
0.446965
0.421939
0.398928
0.377988
0.359025
0.341868
0.326315
0.312169
0.29925
0.2874
0.276488
0.266408
0.257065
0.24834
0.240163
0.232482
0.225255
0.218443
0.212015
0.205946
0.200213
0.194798
0.189684
0.18486
0.180317
0.17605
0.172062
0.168365
0.164986
0.161981
0.159465
0.157667
0.156808
0.157497
0.161034
0.169523
0.181551
0.19658
0.214474
0.235346
0.259476
0.287269
0.319222
0.355735
0.395364
0.443207
0.500709
0.566344
0.639647
0.718959
0.801174
0.881881
0.956156
1.01985
1.0707
1.10868
1.13548
1.1535
1.16519
1.17256
1.1771
1.17985
1.18149
1.18246
1.18303
1.18337
1.18356
1.18368
1.18374
1.18378
1.1838
1.18381
1.18382
1.18382
1.18382
0.658533
0.658532
0.658529
0.658523
0.658511
0.65849
0.658453
0.658385
0.658266
0.658059
0.657701
0.657091
0.656066
0.654371
0.651646
0.647388
0.640954
0.631617
0.618688
0.601718
0.58071
0.556236
0.529352
0.501362
0.47351
0.446766
0.421747
0.398746
0.377817
0.358865
0.341717
0.326173
0.312036
0.299123
0.287279
0.276373
0.266298
0.25696
0.248239
0.240065
0.232388
0.225163
0.218354
0.21193
0.205864
0.200133
0.19472
0.18961
0.184788
0.180248
0.175984
0.172
0.168307
0.164933
0.161935
0.15943
0.157646
0.156811
0.157542
0.161159
0.169706
0.181785
0.19686
0.214803
0.235728
0.259916
0.287775
0.319799
0.356388
0.3961
0.444063
0.501691
0.567451
0.640859
0.720234
0.802447
0.883073
0.957195
1.02068
1.07132
1.10913
1.13577
1.15369
1.1653
1.17262
1.17714
1.17987
1.18151
1.18247
1.18304
1.18337
1.18357
1.18368
1.18374
1.18378
1.1838
1.18381
1.18382
1.18382
1.18382
0.658533
0.658532
0.658529
0.658523
0.658511
0.65849
0.658453
0.658385
0.658266
0.658058
0.6577
0.65709
0.656063
0.654366
0.651638
0.647374
0.640934
0.631587
0.618645
0.601661
0.58064
0.556152
0.529259
0.501264
0.47341
0.446667
0.421652
0.398656
0.377732
0.358785
0.341641
0.326102
0.311968
0.299059
0.287219
0.276316
0.266243
0.256907
0.248188
0.240016
0.232341
0.225117
0.21831
0.211887
0.205822
0.200093
0.194682
0.189572
0.184752
0.180213
0.175951
0.171969
0.168277
0.164906
0.161911
0.159412
0.157636
0.156812
0.157565
0.161223
0.169799
0.181902
0.197002
0.214969
0.23592
0.260137
0.288028
0.320089
0.356714
0.396467
0.44449
0.502178
0.567997
0.641454
0.720858
0.803067
0.883652
0.9577
1.02109
1.07164
1.10935
1.13592
1.15378
1.16536
1.17266
1.17716
1.17989
1.18151
1.18247
1.18304
1.18337
1.18357
1.18368
1.18374
1.18378
1.1838
1.18381
1.18382
1.18382
1.18382
0.658533
0.658532
0.658529
0.658523
0.658511
0.65849
0.658453
0.658385
0.658266
0.658058
0.6577
0.65709
0.656063
0.654366
0.651637
0.647373
0.640932
0.631585
0.618642
0.601657
0.580634
0.556146
0.529253
0.501257
0.473403
0.446661
0.421646
0.39865
0.377726
0.358779
0.341636
0.326097
0.311964
0.299055
0.287215
0.276312
0.26624
0.256904
0.248185
0.240013
0.232338
0.225115
0.218308
0.211885
0.20582
0.200091
0.19468
0.18957
0.18475
0.180212
0.17595
0.171967
0.168276
0.164905
0.16191
0.159412
0.157635
0.156813
0.157566
0.161226
0.169803
0.181908
0.197008
0.214976
0.235928
0.260147
0.288039
0.3201
0.356727
0.396482
0.444507
0.502198
0.568019
0.641478
0.720883
0.803092
0.883675
0.95772
1.02111
1.07165
1.10935
1.13592
1.15378
1.16536
1.17266
1.17716
1.17989
1.18151
1.18247
1.18304
1.18337
1.18357
1.18368
1.18374
1.18378
1.1838
1.18381
1.18382
1.18382
1.18382
0.658533
0.658532
0.658529
0.658523
0.658511
0.65849
0.658453
0.658385
0.658266
0.658059
0.657701
0.657091
0.656066
0.65437
0.651644
0.647384
0.64095
0.631611
0.618678
0.601705
0.580695
0.556218
0.529332
0.501341
0.473489
0.446746
0.421728
0.398728
0.3778
0.358849
0.341702
0.326159
0.312023
0.299111
0.287268
0.276363
0.266288
0.25695
0.24823
0.240057
0.23238
0.225156
0.218347
0.211923
0.205857
0.200127
0.194715
0.189604
0.184783
0.180243
0.17598
0.171996
0.168303
0.164929
0.161932
0.159428
0.157645
0.156811
0.157545
0.161168
0.169718
0.1818
0.196878
0.214824
0.235752
0.259944
0.287806
0.319834
0.356426
0.396144
0.444115
0.501749
0.567516
0.640929
0.720308
0.80252
0.883141
0.957254
1.02073
1.07136
1.10915
1.13579
1.1537
1.16531
1.17263
1.17714
1.17988
1.18151
1.18247
1.18304
1.18337
1.18357
1.18368
1.18374
1.18378
1.1838
1.18381
1.18382
1.18382
1.18382
0.658533
0.658532
0.658529
0.658523
0.658511
0.65849
0.658453
0.658385
0.658267
0.65806
0.657702
0.657094
0.656071
0.654379
0.651659
0.647409
0.640988
0.631667
0.618758
0.601811
0.580828
0.556374
0.529506
0.501525
0.473675
0.446929
0.421905
0.398896
0.377959
0.358998
0.341842
0.326291
0.312147
0.299229
0.28738
0.27647
0.266391
0.257049
0.248325
0.240148
0.232469
0.225242
0.218431
0.212004
0.205935
0.200203
0.194788
0.189675
0.184851
0.180309
0.176043
0.172055
0.168358
0.16498
0.161976
0.159461
0.157664
0.156808
0.157502
0.161048
0.169543
0.181577
0.196611
0.21451
0.235387
0.259522
0.287322
0.319281
0.355801
0.395438
0.443294
0.500808
0.566456
0.639769
0.719088
0.801303
0.882001
0.956261
1.01993
1.07076
1.10873
1.13551
1.15352
1.1652
1.17256
1.1771
1.17985
1.18149
1.18246
1.18303
1.18337
1.18356
1.18368
1.18374
1.18378
1.1838
1.18381
1.18382
1.18382
1.18382
0.658533
0.658532
0.658529
0.658523
0.658511
0.658491
0.658453
0.658386
0.658267
0.658061
0.657705
0.657098
0.656079
0.654392
0.651682
0.647446
0.641046
0.631754
0.61888
0.601974
0.581031
0.556614
0.529773
0.501806
0.473961
0.44721
0.422175
0.399153
0.3782
0.359225
0.342055
0.326492
0.312337
0.299409
0.287551
0.276633
0.266546
0.257198
0.248469
0.240288
0.232603
0.225372
0.218557
0.212126
0.206054
0.200318
0.194899
0.189783
0.184955
0.180408
0.176138
0.172146
0.168443
0.165058
0.162044
0.159513
0.157696
0.156807
0.15744
0.160872
0.16928
0.181241
0.196205
0.214032
0.234832
0.258881
0.286585
0.318439
0.354847
0.394361
0.442041
0.499371
0.564836
0.637995
0.717223
0.799441
0.88026
0.954746
1.01871
1.06985
1.10809
1.13508
1.15326
1.16504
1.17247
1.17705
1.17982
1.18148
1.18245
1.18303
1.18337
1.18356
1.18368
1.18374
1.18378
1.1838
1.18381
1.18382
1.18382
1.18382
0.658533
0.658532
0.658529
0.658523
0.658511
0.658491
0.658453
0.658386
0.658268
0.658063
0.657708
0.657104
0.656089
0.654411
0.651713
0.647497
0.641124
0.63187
0.619044
0.602192
0.581304
0.556934
0.530128
0.502183
0.474342
0.447585
0.422536
0.399496
0.378524
0.359529
0.342341
0.326761
0.312591
0.29965
0.28778
0.276851
0.266755
0.257398
0.248662
0.240475
0.232784
0.225548
0.218727
0.212291
0.206214
0.200473
0.195049
0.189928
0.185095
0.180543
0.176267
0.172268
0.168558
0.165164
0.162138
0.159586
0.157743
0.156812
0.15737
0.160659
0.168939
0.180795
0.195662
0.213391
0.234085
0.258019
0.285593
0.317302
0.353556
0.392903
0.440352
0.497431
0.562649
0.635599
0.714702
0.796926
0.877905
0.952697
1.01706
1.06861
1.10722
1.13451
1.15289
1.16482
1.17234
1.17697
1.17978
1.18145
1.18244
1.18302
1.18336
1.18356
1.18368
1.18374
1.18378
1.1838
1.18381
1.18382
1.18382
1.18382
0.658533
0.658532
0.658529
0.658523
0.658512
0.658491
0.658454
0.658387
0.65827
0.658065
0.657712
0.657112
0.656103
0.654434
0.651752
0.647559
0.641222
0.632015
0.619248
0.602463
0.581644
0.557334
0.530573
0.502653
0.474819
0.448055
0.422988
0.399925
0.378928
0.359909
0.342698
0.327097
0.312908
0.299951
0.288067
0.277124
0.267016
0.257649
0.248904
0.240709
0.233011
0.225768
0.218941
0.212499
0.206415
0.200668
0.195238
0.190111
0.185272
0.180713
0.17643
0.172424
0.168704
0.165299
0.162258
0.159682
0.157809
0.156831
0.157305
0.160439
0.168534
0.180246
0.194983
0.212584
0.233144
0.256929
0.284338
0.315863
0.351921
0.391054
0.438213
0.494974
0.559876
0.632559
0.711502
0.79373
0.87491
0.950087
1.01495
1.06703
1.10612
1.13378
1.15243
1.16454
1.17217
1.17688
1.17973
1.18142
1.18242
1.18301
1.18336
1.18356
1.18367
1.18374
1.18378
1.1838
1.18381
1.18382
1.18382
1.18382
0.658533
0.658532
0.658529
0.658523
0.658512
0.658491
0.658454
0.658388
0.658271
0.658068
0.657718
0.657121
0.656119
0.654462
0.651798
0.647635
0.641339
0.632188
0.619493
0.602789
0.582051
0.557813
0.531106
0.503215
0.47539
0.448616
0.423529
0.400438
0.379412
0.360363
0.343125
0.327499
0.313289
0.300311
0.28841
0.277452
0.26733
0.25795
0.249195
0.240991
0.233284
0.226033
0.219198
0.212749
0.206658
0.200904
0.195467
0.190332
0.185486
0.18092
0.176629
0.172613
0.168883
0.165465
0.162407
0.159804
0.157897
0.156866
0.157248
0.160213
0.168063
0.179589
0.194165
0.211607
0.232001
0.255604
0.282812
0.314113
0.349931
0.388804
0.435617
0.491988
0.556504
0.628859
0.707601
0.789828
0.871247
0.946887
1.01236
1.06509
1.10475
1.13287
1.15186
1.16419
1.17197
1.17676
1.17966
1.18138
1.1824
1.183
1.18335
1.18355
1.18367
1.18374
1.18378
1.1838
1.18381
1.18382
1.18382
1.18382
0.658533
0.658532
0.658529
0.658523
0.658512
0.658491
0.658454
0.658389
0.658273
0.658071
0.657724
0.657132
0.656138
0.654495
0.651853
0.647722
0.641475
0.63239
0.619777
0.603166
0.582523
0.558369
0.531724
0.503869
0.476053
0.449269
0.424157
0.401034
0.379973
0.360891
0.343621
0.327967
0.31373
0.30073
0.288809
0.277833
0.267695
0.258301
0.249534
0.241319
0.233603
0.226343
0.219499
0.213042
0.206943
0.201181
0.195737
0.190594
0.185739
0.181164
0.176864
0.172838
0.169095
0.165662
0.162585
0.159954
0.158009
0.156918
0.157198
0.159974
0.167522
0.178821
0.1932
0.210452
0.230648
0.254037
0.281005
0.31204
0.347572
0.386135
0.432546
0.488452
0.552506
0.624466
0.702965
0.785181
0.866876
0.943062
1.00926
1.06275
1.10311
1.13179
1.15117
1.16377
1.17172
1.17662
1.17958
1.18134
1.18238
1.18299
1.18334
1.18355
1.18367
1.18374
1.18378
1.1838
1.18381
1.18382
1.18382
1.18382
0.658533
0.658532
0.658529
0.658523
0.658512
0.658492
0.658455
0.65839
0.658275
0.658075
0.65773
0.657144
0.65616
0.654532
0.651915
0.647822
0.64163
0.632619
0.6201
0.603595
0.58306
0.559001
0.532426
0.504611
0.476806
0.450009
0.424869
0.40171
0.38061
0.361489
0.344183
0.328496
0.314231
0.301206
0.289262
0.278266
0.268109
0.2587
0.249921
0.241694
0.233968
0.226697
0.219845
0.213378
0.207271
0.201501
0.196047
0.190896
0.186032
0.181448
0.177136
0.173099
0.169343
0.165892
0.162794
0.160133
0.158145
0.156989
0.157156
0.159729
0.166908
0.177936
0.192082
0.209112
0.229076
0.252216
0.278908
0.309636
0.344836
0.383036
0.428985
0.484291
0.547825
0.619338
0.697555
0.779753
0.861758
0.938571
1.00561
1.06
1.10118
1.13051
1.15037
1.16328
1.17143
1.17645
1.17948
1.18129
1.18235
1.18297
1.18333
1.18355
1.18367
1.18374
1.18378
1.1838
1.18381
1.18382
1.18382
1.18382
0.658533
0.658532
0.658529
0.658523
0.658512
0.658492
0.658456
0.658391
0.658277
0.658079
0.657738
0.657158
0.656184
0.654574
0.651985
0.647935
0.641803
0.632877
0.620461
0.604075
0.58366
0.559706
0.533209
0.505438
0.477645
0.450834
0.425662
0.402463
0.381319
0.362155
0.344808
0.329085
0.314788
0.301734
0.289766
0.278748
0.268572
0.259145
0.250352
0.242114
0.234376
0.227095
0.220233
0.213757
0.207641
0.201861
0.196399
0.191238
0.186365
0.181771
0.177448
0.173398
0.169627
0.166159
0.163036
0.160342
0.158305
0.157075
0.157118
0.159467
0.166213
0.176926
0.190803
0.207575
0.227275
0.25013
0.276514
0.30691
0.341789
0.380168
0.424423
0.479186
0.542307
0.613393
0.691319
0.773502
0.855855
0.933377
1.00138
1.05681
1.09893
1.12902
1.14943
1.16271
1.1711
1.17626
1.17938
1.18123
1.18231
1.18295
1.18332
1.18354
1.18366
1.18374
1.18378
1.1838
1.18381
1.18382
1.18382
1.18382
0.658533
0.658532
0.658529
0.658523
0.658512
0.658492
0.658456
0.658392
0.65828
0.658084
0.657747
0.657174
0.656212
0.654621
0.652063
0.64806
0.641997
0.633162
0.620861
0.604605
0.584322
0.560484
0.534072
0.506349
0.478567
0.451739
0.426532
0.403287
0.382095
0.362882
0.345492
0.329729
0.315397
0.302313
0.290317
0.279276
0.269078
0.259634
0.250827
0.242575
0.234826
0.227534
0.220662
0.214177
0.208052
0.202264
0.196792
0.191622
0.186739
0.182134
0.1778
0.173737
0.169951
0.166462
0.163313
0.160581
0.158488
0.157175
0.157077
0.159174
0.165427
0.175779
0.18935
0.205828
0.225228
0.247764
0.273801
0.303824
0.338319
0.376581
0.419767
0.473413
0.535975
0.606593
0.684213
0.766383
0.849121
0.927435
0.996521
1.05313
1.09634
1.1273
1.14835
1.16206
1.17071
1.17604
1.17925
1.18116
1.18228
1.18293
1.18331
1.18353
1.18366
1.18373
1.18377
1.1838
1.18381
1.18382
1.18382
1.18382
0.658533
0.658532
0.658529
0.658523
0.658512
0.658493
0.658457
0.658394
0.658283
0.658089
0.657757
0.657192
0.656243
0.654673
0.652149
0.648198
0.64221
0.633475
0.6213
0.605186
0.585045
0.561332
0.535012
0.507339
0.479568
0.45272
0.427473
0.404177
0.382931
0.363666
0.346228
0.330422
0.316051
0.302934
0.29091
0.279844
0.269625
0.260161
0.251339
0.243075
0.235314
0.228012
0.221131
0.214636
0.208503
0.202705
0.197225
0.192046
0.187154
0.182538
0.178192
0.174115
0.170313
0.166804
0.163628
0.160857
0.158688
0.157285
0.157031
0.158844
0.164538
0.174485
0.187709
0.203857
0.222918
0.245089
0.270723
0.300294
0.334292
0.372328
0.414817
0.467278
0.52906
0.599046
0.676267
0.758388
0.841531
0.920715
0.991011
1.04895
1.09339
1.12535
1.14712
1.16132
1.17028
1.1758
1.17912
1.18108
1.18224
1.18291
1.1833
1.18353
1.18366
1.18373
1.18377
1.1838
1.18381
1.18382
1.18382
1.18382
0.658533
0.658532
0.658529
0.658523
0.658513
0.658493
0.658458
0.658396
0.658286
0.658096
0.657768
0.657212
0.656277
0.654732
0.652246
0.648352
0.642445
0.63382
0.621781
0.60582
0.585831
0.562251
0.536027
0.508404
0.480642
0.45377
0.428477
0.405125
0.383819
0.364498
0.347007
0.331154
0.316743
0.303592
0.291538
0.280446
0.270204
0.26072
0.251884
0.243607
0.235835
0.228524
0.221633
0.21513
0.208989
0.203184
0.197696
0.192508
0.187606
0.182981
0.178623
0.174533
0.170714
0.167183
0.163977
0.161163
0.158911
0.157408
0.15698
0.158475
0.16354
0.173034
0.185871
0.201651
0.220333
0.242094
0.267272
0.296325
0.329751
0.367471
0.4093
0.460579
0.521485
0.590731
0.667469
0.7495
0.833062
0.913189
0.984822
1.04425
1.09008
1.12316
1.14575
1.1605
1.16981
1.17553
1.17897
1.181
1.18219
1.18289
1.18329
1.18352
1.18365
1.18373
1.18377
1.1838
1.18381
1.18382
1.18382
1.18382
0.658533
0.658532
0.658529
0.658523
0.658513
0.658494
0.658459
0.658398
0.65829
0.658103
0.657781
0.657234
0.656316
0.654798
0.652353
0.648521
0.642702
0.634196
0.622302
0.606504
0.586678
0.563238
0.537113
0.509541
0.481784
0.454881
0.429536
0.406121
0.38475
0.365366
0.347818
0.331916
0.317462
0.304274
0.292189
0.281071
0.270806
0.261302
0.252452
0.244163
0.236382
0.229061
0.222162
0.215653
0.209504
0.203692
0.198198
0.193003
0.188093
0.183458
0.17909
0.174986
0.171149
0.167596
0.164357
0.161494
0.159152
0.157534
0.156937
0.158072
0.162434
0.171431
0.183844
0.19922
0.217483
0.23879
0.263461
0.29194
0.324727
0.362017
0.403029
0.453215
0.513195
0.581622
0.657805
0.739707
0.823697
0.904839
0.977935
1.03901
1.08638
1.12072
1.14423
1.15959
1.16928
1.17523
1.17881
1.18091
1.18215
1.18286
1.18327
1.18351
1.18365
1.18373
1.18377
1.1838
1.18381
1.18382
1.18382
1.18382
0.658533
0.658532
0.658529
0.658524
0.658513
0.658494
0.658461
0.6584
0.658295
0.658111
0.657796
0.65726
0.656361
0.654873
0.652475
0.648713
0.642993
0.634617
0.622882
0.60726
0.587605
0.564309
0.53828
0.510753
0.482991
0.456047
0.430639
0.407152
0.385708
0.366255
0.348647
0.332691
0.318193
0.304967
0.29285
0.281705
0.271418
0.261896
0.253032
0.244732
0.236941
0.229613
0.222708
0.216193
0.210039
0.204223
0.198723
0.193523
0.188607
0.183964
0.179587
0.175471
0.171618
0.168042
0.164771
0.161862
0.15943
0.157696
0.156896
0.157654
0.161276
0.169734
0.181681
0.196609
0.214409
0.235215
0.259331
0.287189
0.319308
0.356137
0.396562
0.445447
0.504318
0.571794
0.647325
0.729043
0.813465
0.895691
0.970381
1.03326
1.08234
1.11807
1.14259
1.15863
1.16874
1.17493
1.17865
1.18083
1.1821
1.18284
1.18326
1.18351
1.18365
1.18373
1.18377
1.18379
1.18381
1.18382
1.18382
1.18382
0.658533
0.658532
0.658529
0.658524
0.658514
0.658495
0.658462
0.658403
0.6583
0.658121
0.657813
0.657289
0.656411
0.654956
0.652609
0.648922
0.643306
0.635067
0.623499
0.608059
0.588581
0.565432
0.539501
0.512014
0.48424
0.457247
0.431767
0.408199
0.386675
0.367148
0.349474
0.333463
0.318917
0.305652
0.293503
0.282331
0.272022
0.262482
0.253606
0.245297
0.237498
0.230165
0.223256
0.216737
0.210581
0.204761
0.199259
0.194055
0.189135
0.184487
0.180103
0.175977
0.17211
0.168513
0.165212
0.162256
0.159739
0.15789
0.156906
0.157323
0.160296
0.168078
0.179473
0.193893
0.211179
0.231438
0.254959
0.282167
0.313601
0.349771
0.389458
0.437248
0.494955
0.561364
0.636126
0.717579
0.802409
0.885765
0.962161
1.02701
1.07795
1.11521
1.14084
1.15761
1.16816
1.17462
1.17848
1.18074
1.18205
1.18281
1.18325
1.1835
1.18364
1.18372
1.18377
1.18379
1.18381
1.18382
1.18382
1.18382
0.658533
0.658532
0.658529
0.658524
0.658514
0.658496
0.658464
0.658407
0.658306
0.658132
0.657833
0.657325
0.656472
0.655059
0.652773
0.649177
0.643688
0.635611
0.624235
0.609
0.589712
0.566709
0.540861
0.513388
0.485574
0.458501
0.432923
0.409253
0.387633
0.368022
0.350275
0.334203
0.319608
0.306303
0.294122
0.282924
0.272595
0.263037
0.254151
0.245835
0.238031
0.230694
0.223783
0.217263
0.211106
0.205287
0.199784
0.194579
0.189658
0.185007
0.180618
0.176485
0.172607
0.168993
0.165665
0.162668
0.160085
0.158134
0.15699
0.157136
0.159611
0.166548
0.177301
0.191154
0.207882
0.227559
0.250448
0.276965
0.307646
0.343021
0.381852
0.428605
0.485099
0.550388
0.62432
0.70547
0.790727
0.875301
0.953548
1.02052
1.07348
1.11235
1.13913
1.15664
1.16764
1.17435
1.17834
1.18067
1.18202
1.18279
1.18324
1.1835
1.18364
1.18372
1.18377
1.18379
1.18381
1.18382
1.18382
1.18382
0.658533
0.658532
0.658529
0.658524
0.658515
0.658497
0.658466
0.658411
0.658314
0.658145
0.657856
0.657365
0.656539
0.655169
0.652947
0.649443
0.64408
0.636163
0.624973
0.609932
0.590821
0.56795
0.542172
0.514706
0.486844
0.459688
0.43401
0.410238
0.388522
0.368826
0.351007
0.334876
0.320233
0.306889
0.294677
0.283456
0.273107
0.263536
0.25464
0.246318
0.238512
0.231173
0.224262
0.217743
0.211587
0.20577
0.200268
0.195065
0.190144
0.185493
0.181102
0.176965
0.173079
0.169454
0.166106
0.163076
0.160441
0.158401
0.157118
0.157019
0.159052
0.165123
0.175227
0.188506
0.204672
0.22376
0.246009
0.271818
0.301719
0.336263
0.374253
0.419809
0.474612
0.538855
0.611951
0.692744
0.778369
0.864149
0.944311
1.01355
1.06867
1.10931
1.13735
1.15566
1.16713
1.1741
1.17822
1.18062
1.18199
1.18278
1.18324
1.18349
1.18364
1.18372
1.18377
1.18379
1.18381
1.18382
1.18382
1.18382
0.658533
0.658532
0.65853
0.658525
0.658515
0.658499
0.658469
0.658416
0.658323
0.658163
0.657887
0.657418
0.656628
0.655317
0.653182
0.649801
0.644603
0.636897
0.62595
0.611158
0.592266
0.569543
0.54382
0.516314
0.48834
0.46103
0.435185
0.411254
0.389397
0.369583
0.351669
0.335463
0.320761
0.307374
0.295129
0.283884
0.273518
0.263933
0.255031
0.246706
0.238898
0.23156
0.22465
0.218134
0.211981
0.206166
0.200668
0.195467
0.190548
0.185898
0.181507
0.177368
0.173478
0.169844
0.166483
0.16343
0.160755
0.158629
0.157231
0.156929
0.158581
0.163895
0.173425
0.18619
0.201847
0.220391
0.242038
0.267173
0.296324
0.330083
0.367914
0.411342
0.46455
0.527728
0.600017
0.68053
0.766653
0.853804
0.936029
1.00759
1.06483
1.10709
1.13619
1.15512
1.16691
1.17403
1.17821
1.18062
1.182
1.18279
1.18324
1.1835
1.18364
1.18372
1.18377
1.18379
1.18381
1.18382
1.18382
1.18382
0.658533
0.658532
0.65853
0.658525
0.658516
0.6585
0.658471
0.658421
0.658333
0.658181
0.657922
0.65748
0.656737
0.655501
0.653479
0.65026
0.645279
0.637838
0.627179
0.612656
0.593959
0.571319
0.545553
0.517901
0.48972
0.462187
0.436132
0.412022
0.390022
0.370098
0.352101
0.335835
0.321089
0.307671
0.295405
0.284145
0.273769
0.264179
0.255274
0.246947
0.23914
0.231803
0.224895
0.218381
0.21223
0.206417
0.200921
0.195722
0.190804
0.186155
0.181763
0.177623
0.173731
0.170091
0.166721
0.163653
0.160953
0.158773
0.157303
0.15687
0.158276
0.163095
0.172248
0.184668
0.199971
0.218125
0.239323
0.263929
0.292448
0.32546
0.362775
0.405141
0.456616
0.51838
0.589434
0.669096
0.755054
0.84298
0.926923
1.0008
1.06038
1.10453
1.13491
1.15458
1.16673
1.174
1.17821
1.18063
1.18201
1.1828
1.18325
1.1835
1.18364
1.18372
1.18377
1.18379
1.18381
1.18382
1.18382
1.18382
)
;

boundaryField
{
    fuel
    {
        type            calculated;
        value           nonuniform List<scalar> 
40
(
0.658534
0.658534
0.658534
0.658534
0.658534
0.658534
0.658534
0.658534
0.658534
0.658534
0.658534
0.658534
0.658534
0.658534
0.658534
0.658534
0.658534
0.658534
0.658534
0.658534
0.658534
0.658534
0.658534
0.658534
0.658534
0.658534
0.658534
0.658534
0.658534
0.658534
0.658534
0.658534
0.658534
0.658534
0.658534
0.658534
0.658534
0.658534
0.658534
0.658534
)
;
    }
    air
    {
        type            calculated;
        value           nonuniform List<scalar> 
40
(
1.18382
1.18382
1.18382
1.18382
1.18382
1.18382
1.18382
1.18382
1.18382
1.18382
1.18382
1.18382
1.18382
1.18382
1.18382
1.18382
1.18382
1.18382
1.18382
1.18382
1.18382
1.18382
1.18382
1.18382
1.18382
1.18382
1.18382
1.18382
1.18382
1.18382
1.18382
1.18382
1.18382
1.18382
1.18382
1.18382
1.18382
1.18382
1.18382
1.18382
)
;
    }
    outlet
    {
        type            calculated;
        value           nonuniform List<scalar> 
200
(
0.658533
0.658532
0.65853
0.658525
0.658516
0.658499
0.65847
0.658418
0.658329
0.658174
0.657909
0.657459
0.656704
0.655449
0.653399
0.650141
0.645108
0.637601
0.626867
0.612267
0.593505
0.570821
0.545043
0.517409
0.48927
0.461795
0.435805
0.41176
0.389821
0.369951
0.352003
0.335779
0.321071
0.307685
0.295447
0.284211
0.273856
0.264283
0.255393
0.24708
0.239283
0.231955
0.225054
0.218545
0.212398
0.206588
0.201092
0.195893
0.190975
0.186324
0.181931
0.177787
0.17389
0.170246
0.166868
0.16379
0.161075
0.158869
0.157365
0.156917
0.158228
0.162866
0.171893
0.184203
0.199399
0.217438
0.238506
0.262962
0.291309
0.324123
0.361055
0.403166
0.454345
0.515773
0.586412
0.665677
0.751361
0.839242
0.923426
0.997799
1.05803
1.10284
1.13376
1.15384
1.16628
1.17373
1.17806
1.18054
1.18196
1.18277
1.18323
1.18349
1.18364
1.18372
1.18377
1.18379
1.18381
1.18382
1.18382
1.18382
0.658533
0.658532
0.65853
0.658525
0.658515
0.658499
0.65847
0.658418
0.658328
0.658172
0.657906
0.657454
0.656695
0.655433
0.653374
0.6501
0.645043
0.637503
0.626726
0.612076
0.59326
0.570528
0.544711
0.517054
0.48891
0.461441
0.435468
0.411444
0.389528
0.369682
0.351756
0.335551
0.320861
0.307491
0.295267
0.284044
0.273701
0.264138
0.255258
0.246953
0.239164
0.231843
0.224949
0.218446
0.212305
0.206501
0.201011
0.195817
0.190903
0.186257
0.181867
0.177727
0.173835
0.170194
0.166821
0.163748
0.16104
0.158846
0.157362
0.156911
0.158267
0.162982
0.172062
0.184416
0.199654
0.217734
0.238847
0.263355
0.291762
0.324645
0.361596
0.403772
0.455099
0.516652
0.587407
0.666763
0.752492
0.840345
0.924421
0.99862
1.05864
1.10326
1.13404
1.15401
1.16638
1.17378
1.17808
1.18056
1.18197
1.18277
1.18323
1.18349
1.18364
1.18372
1.18377
1.18379
1.18381
1.18382
1.18382
1.18382
)
;
    }
    frontAndBack
    {
        type            empty;
    }
}


// ************************************************************************* //
