/*--------------------------------*- C++ -*----------------------------------*\
  =========                 |
  \\      /  F ield         | OpenFOAM: The Open Source CFD Toolbox
   \\    /   O peration     | Website:  https://openfoam.org
    \\  /    A nd           | Version:  11
     \\/     M anipulation  |
\*---------------------------------------------------------------------------*/
FoamFile
{
    format      ascii;
    class       volScalarField;
    location    "0.05";
    object      CH4;
}
// * * * * * * * * * * * * * * * * * * * * * * * * * * * * * * * * * * * * * //

dimensions      [0 0 0 0 0 0 0];

internalField   nonuniform List<scalar> 
4000
(
0.994311
0.977862
0.955725
0.927681
0.893966
0.855241
0.812467
0.766765
0.719275
0.671059
0.623038
0.575973
0.530456
0.486922
0.445672
0.406888
0.37066
0.337004
0.305881
0.277211
0.250888
0.226786
0.20477
0.184702
0.166441
0.149848
0.134802
0.121142
0.108738
0.0975326
0.0874122
0.0782852
0.0700629
0.0626639
0.0560127
0.0500395
0.0446802
0.0398755
0.0355711
0.0317174
0.0282687
0.0251832
0.022423
0.0199533
0.0177426
0.0157622
0.0139863
0.0123916
0.0109571
0.00966412
0.0084962
0.0074419
0.00648598
0.00561442
0.00482196
0.00410192
0.00344944
0.00286138
0.00233601
0.00187262
0.00147157
0.00113179
0.0008502
0.000624127
0.000448143
0.000315217
0.000217667
0.00014793
9.92099e-05
6.5837e-05
4.33671e-05
2.84532e-05
1.86669e-05
1.2301e-05
8.18513e-06
5.53341e-06
3.8281e-06
2.73148e-06
2.02422e-06
1.56396e-06
1.25785e-06
1.04504e-06
8.85855e-07
7.55568e-07
6.40372e-07
5.34229e-07
4.35939e-07
3.46593e-07
2.67782e-07
2.0063e-07
1.45453e-07
1.0179e-07
6.85705e-08
4.43274e-08
2.74007e-08
1.61185e-08
8.94262e-09
4.57115e-09
1.98908e-09
4.68905e-10
0.99455
0.978803
0.957621
0.93076
0.898389
0.86106
0.819623
0.775098
0.728558
0.681031
0.63344
0.586567
0.541039
0.497335
0.455792
0.416631
0.37997
0.345851
0.314252
0.285109
0.258322
0.233773
0.211328
0.190869
0.17223
0.155223
0.139719
0.125618
0.112901
0.101398
0.0910096
0.0816338
0.0731798
0.0655639
0.0587089
0.0525438
0.0470036
0.0420283
0.0375629
0.0335571
0.0299646
0.0267433
0.0238547
0.0212634
0.0189377
0.0168484
0.0149692
0.0132764
0.0117487
0.0103671
0.00911473
0.00798009
0.0069485
0.00600409
0.00514266
0.00435782
0.0036452
0.00300238
0.00242858
0.00192426
0.00149125
0.00112764
0.000830442
0.000596392
0.000418293
0.000287106
0.00019342
0.000128294
8.3992e-05
5.43095e-05
3.48814e-05
2.23588e-05
1.43698e-05
9.30706e-06
6.10726e-06
4.07286e-06
2.78035e-06
1.96092e-06
1.44061e-06
1.10827e-06
8.92385e-07
7.46307e-07
6.3946e-07
5.52451e-07
4.74297e-07
4.00268e-07
3.29732e-07
2.64081e-07
2.05156e-07
1.54347e-07
1.12277e-07
7.88276e-08
5.33004e-08
3.46237e-08
2.15424e-08
1.27802e-08
7.16389e-09
3.70332e-09
1.62831e-09
3.86466e-10
0.994741
0.979557
0.959148
0.933278
0.90209
0.866088
0.826052
0.782922
0.737694
0.691333
0.644716
0.5986
0.553607
0.510226
0.468815
0.42962
0.392793
0.358399
0.326445
0.29689
0.269668
0.244643
0.221618
0.200457
0.181047
0.163432
0.147446
0.132982
0.119847
0.107936
0.097149
0.0873902
0.0785692
0.0706024
0.0634125
0.0569282
0.0510837
0.0458188
0.041078
0.0368104
0.0329692
0.0295117
0.0263989
0.0235949
0.0210672
0.0187861
0.0167249
0.0148591
0.0131668
0.0116287
0.0102273
0.00895034
0.00778504
0.00671212
0.00572894
0.00482949
0.00401018
0.00326982
0.00260934
0.002032
0.00154055
0.00113251
0.00080738
0.000558666
0.000375999
0.000246011
0.000157805
9.99318e-05
6.27203e-05
3.91145e-05
2.42966e-05
1.5072e-05
9.36726e-06
5.8577e-06
3.70716e-06
2.39358e-06
1.59379e-06
1.10658e-06
8.0282e-07
6.1306e-07
4.94292e-07
4.18249e-07
3.65883e-07
3.24413e-07
2.8625e-07
2.47896e-07
2.08911e-07
1.70581e-07
1.347e-07
1.02774e-07
7.57096e-08
5.37911e-08
3.6807e-08
2.42087e-08
1.52638e-08
9.18472e-09
5.22428e-09
2.73869e-09
1.2182e-09
2.9117e-10
0.994872
0.98008
0.960217
0.93506
0.904758
0.8698
0.830929
0.789041
0.745074
0.699937
0.654456
0.609347
0.565205
0.522502
0.481592
0.44273
0.406088
0.371743
0.339688
0.309825
0.282077
0.256408
0.232765
0.211164
0.191485
0.173488
0.157077
0.142128
0.12852
0.116146
0.104904
0.0947006
0.0854466
0.0770601
0.0694646
0.0625894
0.0563693
0.050744
0.045658
0.0410602
0.0369036
0.0331452
0.0297455
0.0266682
0.0238804
0.0213518
0.0190551
0.0169652
0.0150599
0.013319
0.0117246
0.010263
0.00892454
0.00768537
0.0065444
0.00549583
0.00453677
0.00366733
0.00289043
0.00221372
0.00163981
0.00116818
0.000799834
0.000523931
0.00033452
0.000209427
0.000129422
7.9315e-05
4.82666e-05
2.92145e-05
1.76182e-05
1.06028e-05
6.38107e-06
3.85196e-06
2.33914e-06
1.44061e-06
9.10349e-07
5.96414e-07
4.11769e-07
3.04652e-07
2.4038e-07
2.02274e-07
1.79101e-07
1.63137e-07
1.49019e-07
1.33782e-07
1.16568e-07
9.79992e-08
7.93612e-08
6.18986e-08
4.65034e-08
3.36442e-08
2.34216e-08
1.56669e-08
1.00454e-08
6.14645e-09
3.55307e-09
1.89006e-09
8.50515e-10
2.04678e-10
0.994945
0.980384
0.960859
0.936175
0.906499
0.872325
0.834384
0.793541
0.750694
0.706705
0.662354
0.618313
0.575144
0.533304
0.493111
0.454777
0.418389
0.384031
0.351775
0.321648
0.293767
0.268047
0.244418
0.222647
0.202638
0.18428
0.167465
0.152085
0.138034
0.125209
0.113516
0.102862
0.0931631
0.084339
0.0763154
0.0690232
0.0623982
0.0563809
0.0509166
0.0459545
0.0414479
0.0373538
0.0336326
0.0302479
0.0271664
0.0243577
0.021794
0.0194498
0.0173023
0.0153308
0.013517
0.0118454
0.0103098
0.00888194
0.007561
0.00634124
0.00522011
0.00419858
0.00328147
0.00248118
0.00179982
0.00123716
0.000810828
0.000513374
0.000319007
0.000196071
0.000119562
7.24662e-05
4.36756e-05
2.61816e-05
1.56113e-05
9.26127e-06
5.46974e-06
3.22037e-06
1.89362e-06
1.11703e-06
6.6485e-07
4.04325e-07
2.55482e-07
1.71552e-07
1.25155e-07
9.98557e-08
8.60406e-08
7.83157e-08
7.29103e-08
6.73981e-08
6.06662e-08
5.26579e-08
4.39114e-08
3.51631e-08
2.70486e-08
1.99938e-08
1.41987e-08
9.67762e-09
6.31708e-09
3.93129e-09
2.30843e-09
1.24477e-09
5.65971e-10
1.37016e-10
0.994985
0.980559
0.961252
0.936897
0.907685
0.874119
0.836929
0.796958
0.755077
0.712109
0.668805
0.625782
0.583535
0.54241
0.502714
0.464697
0.428542
0.394542
0.362711
0.333073
0.305444
0.279775
0.255999
0.234027
0.213763
0.195105
0.177954
0.162206
0.147765
0.134535
0.122425
0.111349
0.101226
0.0919791
0.0835364
0.0758313
0.0688016
0.0623893
0.0565406
0.0512059
0.046339
0.0418974
0.0378418
0.0341362
0.0307471
0.0276441
0.024799
0.0221864
0.0197828
0.0175672
0.0155206
0.0136263
0.0118768
0.0102553
0.00873997
0.00733431
0.00603458
0.00484006
0.00375991
0.00281414
0.00201049
0.0013555
0.000869173
0.000543885
0.000337121
0.000207598
0.000127147
7.74356e-05
4.68782e-05
2.81996e-05
1.68496e-05
9.99677e-06
5.88755e-06
3.44166e-06
1.99747e-06
1.15224e-06
6.62891e-07
3.82773e-07
2.24494e-07
1.36401e-07
8.82025e-08
6.22394e-08
4.8633e-08
4.15832e-08
3.77968e-08
3.50906e-08
3.21886e-08
2.86137e-08
2.44479e-08
2.00341e-08
1.57493e-08
1.18796e-08
8.59556e-09
5.96013e-09
3.95211e-09
2.49467e-09
1.4832e-09
8.07969e-10
3.7007e-10
8.99563e-11
0.995007
0.980667
0.961513
0.937407
0.908562
0.875496
0.838935
0.799711
0.758665
0.71657
0.674084
0.631769
0.590124
0.549555
0.510556
0.473339
0.43809
0.404723
0.373311
0.343866
0.316358
0.290733
0.266922
0.244845
0.224415
0.20554
0.188126
0.172081
0.157312
0.143732
0.131255
0.1198
0.109289
0.0996504
0.0908153
0.0827196
0.0753033
0.0685105
0.0622889
0.0565902
0.0513694
0.0465847
0.0421975
0.0381721
0.0344754
0.031077
0.0279489
0.0250655
0.022403
0.0199402
0.0176576
0.0155378
0.0135702
0.0117441
0.0100291
0.00843042
0.0069458
0.00557713
0.00433245
0.00323354
0.00229415
0.0015344
0.000980238
0.000616675
0.000385659
0.000240083
0.000148617
9.14389e-05
5.5893e-05
3.39277e-05
2.04419e-05
1.22192e-05
7.24247e-06
4.25424e-06
2.47531e-06
1.42623e-06
8.14058e-07
4.61163e-07
2.60648e-07
1.48764e-07
8.75638e-08
5.48874e-08
3.77579e-08
2.87278e-08
2.39937e-08
2.13348e-08
1.93437e-08
1.73018e-08
1.49947e-08
1.24975e-08
9.99098e-09
7.65338e-09
5.61293e-09
3.93621e-09
2.63372e-09
1.67391e-09
1.00015e-09
5.46691e-10
2.50919e-10
6.10588e-11
0.995023
0.980754
0.961729
0.937838
0.909314
0.876684
0.840666
0.802057
0.761631
0.720135
0.678235
0.63664
0.595861
0.556326
0.518176
0.481641
0.446868
0.413933
0.382874
0.353693
0.326362
0.300835
0.277049
0.254931
0.234399
0.21537
0.197757
0.181473
0.166434
0.152557
0.139762
0.127973
0.117117
0.107125
0.097932
0.0894766
0.0817015
0.0745528
0.0679802
0.0619369
0.056379
0.0512659
0.0465599
0.0422257
0.0382309
0.0345454
0.0311413
0.0279929
0.0250766
0.0223708
0.0198557
0.0175135
0.0153305
0.0133025
0.0113944
0.0096112
0.00794914
0.00640866
0.00499761
0.00374106
0.00266113
0.00178981
0.0011476
0.000728766
0.000460707
0.000289846
0.000181212
0.000112588
6.94805e-05
4.25679e-05
2.58778e-05
1.56013e-05
9.3224e-06
5.5175e-06
3.23224e-06
1.87285e-06
1.07271e-06
6.07284e-07
3.40276e-07
1.89704e-07
1.06618e-07
6.18862e-08
3.84174e-08
2.63376e-08
1.99399e-08
1.64665e-08
1.43192e-08
1.26016e-08
1.09088e-08
9.15032e-09
7.38461e-09
5.71311e-09
4.22695e-09
2.98432e-09
2.00519e-09
1.27632e-09
7.61792e-10
4.15149e-10
1.89827e-10
4.60729e-11
0.995042
0.980844
0.961947
0.938261
0.91003
0.877776
0.842184
0.804035
0.764127
0.723306
0.682277
0.641534
0.601528
0.56262
0.525078
0.489095
0.454802
0.422278
0.391555
0.362635
0.335494
0.310087
0.286355
0.26423
0.243637
0.224497
0.20673
0.190254
0.174991
0.160863
0.147796
0.135716
0.124555
0.114249
0.104734
0.0959537
0.0878516
0.0803766
0.0734803
0.0671174
0.0612455
0.0558251
0.0508194
0.046194
0.041917
0.0379587
0.0342915
0.03089
0.0277305
0.0247914
0.0220526
0.0194959
0.0171056
0.0148818
0.0127995
0.0108366
0.00900221
0.00729799
0.00573115
0.00432242
0.00310008
0.00210064
0.00135765
0.000870538
0.000555662
0.000352828
0.00022266
0.000139602
8.6915e-05
5.37067e-05
3.29205e-05
2.00063e-05
1.20466e-05
7.18235e-06
4.23696e-06
2.47101e-06
1.42352e-06
8.09455e-07
4.54218e-07
2.51922e-07
1.39031e-07
7.7684e-08
4.53385e-08
2.86711e-08
2.00827e-08
1.55155e-08
1.28979e-08
1.10722e-08
9.4875e-09
7.94724e-09
6.43398e-09
5.00189e-09
3.71821e-09
2.63402e-09
1.7722e-09
1.12689e-09
6.70416e-10
3.63555e-10
1.65349e-10
3.99865e-11
0.995065
0.980948
0.962183
0.938691
0.910716
0.87877
0.843582
0.80597
0.766763
0.726633
0.686235
0.646116
0.606717
0.568384
0.531375
0.495877
0.462013
0.429857
0.39944
0.370763
0.343802
0.318516
0.294847
0.272733
0.252101
0.232879
0.214989
0.198357
0.182906
0.168565
0.155263
0.142931
0.131504
0.120919
0.111119
0.102048
0.0936514
0.0858815
0.0786911
0.0720366
0.065877
0.0601739
0.0548916
0.0499964
0.045457
0.0412444
0.0373314
0.0336927
0.030305
0.0271465
0.0241972
0.0214394
0.0188571
0.016446
0.0141913
0.0120609
0.0100671
0.00820967
0.00649514
0.00494501
0.0035873
0.00245836
0.00160202
0.00103581
0.000666585
0.000426549
0.000271459
0.000171564
0.000107648
6.70217e-05
4.13833e-05
2.53274e-05
1.53548e-05
9.2149e-06
5.47023e-06
3.20942e-06
1.85934e-06
1.06265e-06
5.98671e-07
3.32475e-07
1.82539e-07
1.00162e-07
5.63859e-08
3.38446e-08
2.24165e-08
1.63872e-08
1.30649e-08
1.09442e-08
9.27015e-09
7.73517e-09
6.26373e-09
4.87977e-09
3.63675e-09
2.58184e-09
1.73913e-09
1.1058e-09
6.57008e-10
3.55479e-10
1.61267e-10
3.8937e-11
0.995091
0.981061
0.962428
0.939121
0.91141
0.879844
0.845128
0.808036
0.769344
0.729765
0.689928
0.650364
0.6115
0.573672
0.537131
0.502057
0.468567
0.436734
0.406586
0.378125
0.351326
0.32615
0.302544
0.280445
0.259787
0.240499
0.222509
0.205745
0.190136
0.175613
0.162108
0.149557
0.137897
0.127069
0.117017
0.107687
0.0990293
0.0909957
0.0835416
0.0766245
0.070205
0.0642457
0.0587118
0.0535706
0.0487914
0.0443457
0.0402067
0.0363495
0.032751
0.0293896
0.0262457
0.0233016
0.0205411
0.017956
0.0155401
0.0132546
0.0111125
0.00911316
0.00726257
0.00557928
0.00409546
0.00284278
0.00186962
0.00121773
0.000789442
0.000508971
0.000326156
0.000207531
0.000131082
8.21427e-05
5.10411e-05
3.143e-05
1.91676e-05
1.1569e-05
6.90555e-06
4.07294e-06
2.37148e-06
1.36174e-06
7.70374e-07
4.29112e-07
2.35559e-07
1.28227e-07
7.05916e-08
4.08e-08
2.58291e-08
1.8151e-08
1.40297e-08
1.15362e-08
9.68756e-09
8.06429e-09
6.53787e-09
5.10843e-09
3.82077e-09
2.72161e-09
1.83809e-09
1.17057e-09
6.95837e-10
3.76341e-10
1.70595e-10
4.1171e-11
0.99512
0.981182
0.962691
0.939598
0.912177
0.880961
0.846647
0.810004
0.771789
0.732705
0.693366
0.654289
0.615893
0.578505
0.54237
0.507661
0.474495
0.442939
0.413023
0.384747
0.358089
0.333009
0.309458
0.287374
0.266695
0.247352
0.229277
0.212401
0.196657
0.181977
0.168297
0.155556
0.143694
0.132653
0.122381
0.112824
0.103936
0.0956693
0.0879812
0.0808308
0.0741795
0.0679912
0.0622318
0.0568695
0.0518743
0.047218
0.0428746
0.0388193
0.0350294
0.0314835
0.0281623
0.025048
0.0221245
0.0193805
0.0168175
0.0143901
0.0121125
0.00998358
0.00800841
0.00620412
0.00460357
0.00323581
0.00215061
0.00140955
0.000919456
0.000596369
0.000384301
0.000246022
0.000156312
9.85134e-05
6.15526e-05
3.81059e-05
2.33593e-05
1.41694e-05
8.49835e-06
5.03552e-06
2.94488e-06
1.69807e-06
9.64353e-07
5.38901e-07
2.96319e-07
1.60859e-07
8.74149e-08
4.91945e-08
3.00353e-08
2.04746e-08
1.54359e-08
1.2504e-08
1.04315e-08
8.6719e-09
7.04177e-09
5.51959e-09
4.14407e-09
2.96325e-09
2.0082e-09
1.28249e-09
7.63925e-10
4.13709e-10
1.87672e-10
4.53147e-11
0.995153
0.981318
0.96298
0.940094
0.912937
0.88204
0.848095
0.811855
0.774069
0.735423
0.696522
0.657872
0.619883
0.582875
0.547088
0.512692
0.479801
0.448481
0.418761
0.390642
0.364102
0.339103
0.315596
0.293525
0.272827
0.253437
0.235289
0.218317
0.202456
0.187641
0.173811
0.160907
0.148869
0.137644
0.12718
0.117427
0.108337
0.0998674
0.0919746
0.0846194
0.0777643
0.0713742
0.0654157
0.0598578
0.0546709
0.0498277
0.0453022
0.0410703
0.0371094
0.0333984
0.0299183
0.0266511
0.0235809
0.0206945
0.0179992
0.0154453
0.0130461
0.0108005
0.0087135
0.0068007
0.00509675
0.0036259
0.00243732
0.00160513
0.00105224
0.00068596
0.000444364
0.000285879
0.000182506
0.000115567
7.25433e-05
4.51135e-05
2.77769e-05
1.69209e-05
1.01905e-05
6.06212e-06
3.55877e-06
2.0595e-06
1.1736e-06
6.57817e-07
3.62487e-07
1.9672e-07
1.06161e-07
5.86524e-08
3.48921e-08
2.31707e-08
1.70812e-08
1.36483e-08
1.13182e-08
9.39799e-09
7.64295e-09
6.00855e-09
4.52756e-09
3.24974e-09
2.2103e-09
1.41609e-09
8.45784e-10
4.59013e-10
2.08541e-10
5.04031e-11
0.995186
0.981453
0.963259
0.940566
0.913653
0.883047
0.849432
0.813553
0.776143
0.737882
0.699361
0.661079
0.623439
0.586756
0.551265
0.517135
0.484476
0.453353
0.423797
0.395808
0.369365
0.344433
0.320963
0.2989
0.278184
0.258753
0.240542
0.223488
0.207527
0.192597
0.178639
0.165594
0.153407
0.142025
0.131397
0.121474
0.112212
0.103567
0.0954972
0.0879651
0.0809338
0.0743687
0.0682374
0.0625093
0.0571556
0.0521492
0.0474646
0.0430781
0.0389672
0.0351113
0.0314913
0.0280892
0.0248892
0.021877
0.0190572
0.0164075
0.0138976
0.0115474
0.00936051
0.00735132
0.0055544
0.00399177
0.00270925
0.00179269
0.00118062
0.000773135
0.000503058
0.000325028
0.000208382
0.0001325
8.35089e-05
5.2137e-05
3.22237e-05
1.97022e-05
1.19077e-05
7.10795e-06
4.18644e-06
2.43035e-06
1.38903e-06
7.8068e-07
4.31128e-07
2.34148e-07
1.25941e-07
6.87747e-08
4.00961e-08
2.60217e-08
1.88016e-08
1.48392e-08
1.22417e-08
1.01554e-08
8.27034e-09
6.51869e-09
4.92765e-09
3.54891e-09
2.42179e-09
1.55635e-09
9.32072e-10
5.06983e-10
2.3073e-10
5.58264e-11
0.995217
0.981578
0.963516
0.940997
0.914301
0.883952
0.850626
0.815058
0.777974
0.740042
0.701845
0.663876
0.626531
0.590122
0.554879
0.52097
0.488503
0.457545
0.428124
0.400241
0.373878
0.348998
0.325557
0.3035
0.282768
0.263301
0.245037
0.227913
0.211867
0.196841
0.182775
0.169612
0.157299
0.145784
0.135018
0.124953
0.115545
0.106752
0.0985328
0.090851
0.0836701
0.0769565
0.0706783
0.0648054
0.0593094
0.0541637
0.0493433
0.0448244
0.0405851
0.036605
0.032865
0.0293473
0.0260363
0.0229178
0.0199929
0.0172486
0.0146461
0.0122069
0.00993453
0.00784213
0.00596557
0.00431943
0.0029668
0.00196938
0.00130135
0.000855142
0.000558343
0.000361955
0.000232881
0.000148593
9.39706e-05
5.88632e-05
3.64981e-05
2.23854e-05
1.35703e-05
8.12391e-06
4.79819e-06
2.79293e-06
1.6003e-06
9.01525e-07
4.98846e-07
2.712e-07
1.45593e-07
7.87592e-08
4.50565e-08
2.8711e-08
2.04373e-08
1.59822e-08
1.31354e-08
1.08916e-08
8.88077e-09
7.01492e-09
5.31677e-09
3.84001e-09
2.62783e-09
1.69328e-09
1.01652e-09
5.54056e-10
2.52555e-10
6.11692e-11
0.995245
0.981688
0.96374
0.941372
0.914861
0.88473
0.851647
0.816341
0.77953
0.741871
0.703944
0.666234
0.629133
0.592948
0.557909
0.52418
0.49187
0.461045
0.431733
0.403936
0.377636
0.352799
0.329379
0.307325
0.28658
0.267083
0.248774
0.231592
0.215478
0.200371
0.186216
0.172957
0.160541
0.148917
0.138037
0.127855
0.118328
0.109412
0.101071
0.0932656
0.0859614
0.0791252
0.0727255
0.0667327
0.0611189
0.0558577
0.0509244
0.0462956
0.0419496
0.0378661
0.0340262
0.0304122
0.0270086
0.0238013
0.0207886
0.0179641
0.0152841
0.0127705
0.0104268
0.00826525
0.00632234
0.00460743
0.00318826
0.00212317
0.00140739
0.000927703
0.000607592
0.00039511
0.000254952
0.000163142
0.000103461
6.49854e-05
4.04017e-05
2.48437e-05
1.50982e-05
9.06042e-06
5.36374e-06
3.12906e-06
1.79668e-06
1.01414e-06
5.62123e-07
3.05936e-07
1.64121e-07
8.82786e-08
4.98143e-08
3.11795e-08
2.19442e-08
1.7037e-08
1.39604e-08
1.15704e-08
9.44265e-09
7.47097e-09
5.67409e-09
4.10732e-09
2.81718e-09
1.81927e-09
1.09436e-09
5.97519e-10
2.72739e-10
6.61148e-11
0.995268
0.981778
0.963925
0.941678
0.915318
0.885363
0.852476
0.817381
0.780787
0.743348
0.705636
0.668132
0.631224
0.595217
0.560339
0.526753
0.494567
0.463845
0.434619
0.406889
0.380638
0.355834
0.332431
0.310379
0.289621
0.2701
0.251756
0.234528
0.218359
0.20319
0.188965
0.175629
0.163132
0.151422
0.140452
0.130178
0.120555
0.111544
0.103105
0.0952018
0.0877998
0.0808663
0.0743701
0.0682821
0.0625745
0.0572214
0.0521982
0.0474818
0.0430507
0.0388846
0.0349647
0.0312737
0.0277961
0.0245176
0.0214347
0.0185457
0.0158034
0.0132302
0.0108293
0.00861245
0.00661633
0.00484633
0.00337302
0.00225166
0.00149619
0.00098863
0.000649063
0.000423092
0.000273651
0.000175512
0.000111557
7.02247e-05
4.37523e-05
2.69598e-05
1.6417e-05
9.87089e-06
5.85438e-06
3.42136e-06
1.96784e-06
1.11252e-06
6.1752e-07
3.36423e-07
1.80444e-07
9.67101e-08
5.40794e-08
3.33972e-08
2.32822e-08
1.79633e-08
1.46791e-08
1.21588e-08
9.92804e-09
7.86418e-09
5.98194e-09
4.33765e-09
2.98046e-09
1.92803e-09
1.16163e-09
6.35138e-10
2.90229e-10
7.04035e-11
0.995285
0.981847
0.964064
0.94191
0.915663
0.88584
0.853101
0.818164
0.781733
0.744459
0.706907
0.669557
0.632794
0.59692
0.562161
0.528681
0.496587
0.465943
0.436779
0.409099
0.382885
0.358104
0.334713
0.312663
0.291896
0.272357
0.253986
0.236725
0.220515
0.205299
0.191022
0.17763
0.165071
0.153298
0.142262
0.131918
0.122225
0.113142
0.104631
0.0966553
0.0891806
0.0821745
0.0756065
0.0694474
0.0636699
0.0582482
0.0531578
0.0483759
0.0438811
0.0396532
0.0356735
0.0319248
0.0283916
0.0250597
0.0219242
0.0189869
0.0161977
0.0135798
0.0111359
0.00887749
0.0068415
0.0050301
0.003516
0.00235132
0.00156516
0.00103604
0.0006814
0.000444955
0.000288293
0.00018522
0.000117925
7.43553e-05
4.63998e-05
2.86355e-05
1.74636e-05
1.05153e-05
6.2453e-06
3.65469e-06
2.10472e-06
1.19132e-06
6.61974e-07
3.60938e-07
1.93611e-07
1.03558e-07
5.75619e-08
3.5211e-08
2.43673e-08
1.87078e-08
1.52529e-08
1.26264e-08
1.03128e-08
8.17549e-09
6.22561e-09
4.52006e-09
3.10988e-09
2.01433e-09
1.21508e-09
6.65055e-10
3.0415e-10
7.3819e-11
0.995297
0.981892
0.964156
0.942063
0.915892
0.886156
0.853515
0.818683
0.782361
0.745195
0.707751
0.670503
0.633836
0.59805
0.563371
0.529961
0.497928
0.467336
0.438214
0.410567
0.384377
0.359612
0.336229
0.314179
0.293407
0.273856
0.255467
0.238183
0.221946
0.2067
0.192388
0.178959
0.166361
0.154545
0.143465
0.133076
0.123337
0.114207
0.105647
0.0976235
0.0901006
0.0830466
0.0764309
0.0702247
0.0644008
0.0589336
0.0537986
0.0489732
0.044436
0.0401669
0.0361474
0.0323603
0.0287901
0.0254227
0.0222521
0.0192827
0.0164623
0.0138146
0.0113419
0.0090558
0.0069933
0.00515431
0.00361298
0.00241913
0.00161217
0.00106841
0.000703503
0.000459921
0.000298333
0.000191887
0.000122305
7.72012e-05
4.82268e-05
2.97937e-05
1.8188e-05
1.09621e-05
6.51669e-06
3.8169e-06
2.2e-06
1.24625e-06
6.92994e-07
3.78059e-07
2.02807e-07
1.08322e-07
5.99514e-08
3.64669e-08
2.51208e-08
1.92247e-08
1.56507e-08
1.29499e-08
1.05786e-08
8.39038e-09
6.3938e-09
4.646e-09
3.19929e-09
2.07401e-09
1.25207e-09
6.8578e-10
3.13801e-10
7.61877e-11
0.995302
0.981914
0.9642
0.942136
0.916001
0.886307
0.853713
0.818932
0.782663
0.745552
0.70816
0.670963
0.634343
0.598602
0.563963
0.530588
0.498586
0.46802
0.43892
0.411289
0.385112
0.360355
0.336977
0.314928
0.294154
0.274597
0.2562
0.238906
0.222656
0.207394
0.193066
0.179619
0.167001
0.155164
0.144063
0.133652
0.123889
0.114736
0.106153
0.098105
0.0905582
0.0834804
0.0768411
0.0706116
0.0647647
0.0592747
0.0541176
0.0492706
0.0447123
0.0404228
0.0363835
0.0325773
0.0289886
0.0256035
0.0224155
0.01943
0.016594
0.0139314
0.0114445
0.00914463
0.00706891
0.00521616
0.0036614
0.00245309
0.00163574
0.00108465
0.000714612
0.000467451
0.000303388
0.000195247
0.000124515
7.86382e-05
4.915e-05
3.03794e-05
1.85547e-05
1.11884e-05
6.65426e-06
3.89918e-06
2.24836e-06
1.27414e-06
7.08751e-07
3.86759e-07
2.07481e-07
1.10742e-07
6.11588e-08
3.71029e-08
2.55023e-08
1.9486e-08
1.58512e-08
1.31126e-08
1.0712e-08
8.49812e-09
6.47809e-09
4.70915e-09
3.24417e-09
2.10401e-09
1.2707e-09
6.9624e-10
3.18683e-10
7.73877e-11
0.995302
0.981913
0.964198
0.942132
0.915995
0.8863
0.853705
0.818922
0.782652
0.745539
0.708147
0.67095
0.63433
0.598588
0.563949
0.530575
0.498573
0.468007
0.438907
0.411277
0.3851
0.360344
0.336967
0.314918
0.294144
0.274588
0.256191
0.238897
0.222648
0.207387
0.193059
0.179612
0.166994
0.155158
0.144057
0.133646
0.123884
0.114731
0.106148
0.0981004
0.0905539
0.0834763
0.0768372
0.0706078
0.0647611
0.0592713
0.0541144
0.0492675
0.0447093
0.04042
0.0363808
0.0325747
0.0289861
0.0256011
0.0224132
0.0194278
0.016592
0.0139295
0.0114427
0.00914296
0.00706742
0.00521489
0.00366039
0.0024524
0.00163528
0.00108434
0.000714406
0.000467314
0.000303298
0.000195189
0.000124478
7.86143e-05
4.91352e-05
3.03702e-05
1.85492e-05
1.11851e-05
6.65231e-06
3.89805e-06
2.24772e-06
1.27378e-06
7.08557e-07
3.86655e-07
2.07428e-07
1.10716e-07
6.11471e-08
3.70978e-08
2.54999e-08
1.94849e-08
1.58505e-08
1.31121e-08
1.07116e-08
8.49791e-09
6.47802e-09
4.70917e-09
3.24424e-09
2.10409e-09
1.27077e-09
6.96291e-10
3.1871e-10
7.73949e-11
0.995296
0.981888
0.964149
0.942052
0.915876
0.886136
0.853491
0.818655
0.78233
0.745161
0.707715
0.670466
0.633798
0.598012
0.563333
0.529923
0.497891
0.467299
0.438178
0.410532
0.384343
0.359579
0.336198
0.314149
0.293378
0.273828
0.255441
0.238159
0.221923
0.206678
0.192367
0.178939
0.166342
0.154527
0.143448
0.13306
0.123321
0.114192
0.105634
0.0976102
0.090088
0.0830345
0.0764194
0.0702138
0.0643904
0.0589236
0.053789
0.048964
0.0444272
0.0401586
0.0361394
0.0323526
0.0287827
0.0254156
0.0222454
0.0192763
0.0164562
0.0138088
0.0113365
0.00905087
0.00698888
0.00515056
0.00360999
0.0024171
0.0016108
0.00106749
0.000702896
0.000459518
0.000298065
0.000191713
0.000122195
7.71314e-05
4.81833e-05
2.97669e-05
1.81719e-05
1.09525e-05
6.51104e-06
3.81365e-06
2.19816e-06
1.24523e-06
6.9244e-07
3.77765e-07
2.02657e-07
1.08249e-07
5.99191e-08
3.64532e-08
2.51147e-08
1.92217e-08
1.56488e-08
1.29485e-08
1.05776e-08
8.38985e-09
6.39365e-09
4.64612e-09
3.19955e-09
2.07429e-09
1.25231e-09
6.85942e-10
3.13887e-10
7.62099e-11
0.995284
0.981841
0.964053
0.941893
0.91564
0.88581
0.853065
0.818122
0.781686
0.744407
0.706853
0.6695
0.632735
0.59686
0.562101
0.528621
0.496527
0.465884
0.436722
0.409044
0.382831
0.358052
0.334663
0.312614
0.29185
0.272313
0.253944
0.236685
0.220476
0.205263
0.190987
0.177597
0.16504
0.153268
0.142234
0.131892
0.1222
0.113119
0.104609
0.0966338
0.0891601
0.0821551
0.0755879
0.0694297
0.063653
0.058232
0.0531423
0.0483611
0.0438668
0.0396395
0.0356604
0.0319122
0.0283795
0.0250481
0.0219131
0.0189764
0.0161877
0.0135703
0.011127
0.0088694
0.00683424
0.00502395
0.00351111
0.00234802
0.00156295
0.00103456
0.000680417
0.000444307
0.00028787
0.000184947
0.000117751
7.42455e-05
4.63314e-05
2.85935e-05
1.74382e-05
1.05002e-05
6.23645e-06
3.64959e-06
2.10184e-06
1.18973e-06
6.6111e-07
3.6048e-07
1.93376e-07
1.03443e-07
5.75095e-08
3.51892e-08
2.43578e-08
1.87032e-08
1.525e-08
1.26242e-08
1.03113e-08
8.17474e-09
6.22547e-09
4.52032e-09
3.11034e-09
2.01483e-09
1.21549e-09
6.65332e-10
3.04296e-10
7.38568e-11
0.995266
0.981772
0.963912
0.941658
0.915291
0.885327
0.852432
0.817329
0.780728
0.743283
0.705566
0.668058
0.631147
0.595139
0.560259
0.526673
0.494487
0.463767
0.434542
0.406814
0.380566
0.355763
0.332363
0.310314
0.289559
0.270041
0.251699
0.234474
0.218308
0.203141
0.188919
0.175586
0.16309
0.151383
0.140415
0.130143
0.120522
0.111512
0.103075
0.0951732
0.0877726
0.0808403
0.0743454
0.0682585
0.062552
0.0571998
0.0521776
0.047462
0.0430316
0.0388663
0.0349471
0.0312568
0.0277798
0.024502
0.0214198
0.0185316
0.0157899
0.0132174
0.0108172
0.00860149
0.00660648
0.00483801
0.00336643
0.00224723
0.00149322
0.000986655
0.000647757
0.000422236
0.000273096
0.000175154
0.000111328
7.00806e-05
4.36627e-05
2.69048e-05
1.63838e-05
9.85118e-06
5.84287e-06
3.41475e-06
1.96412e-06
1.11046e-06
6.16408e-07
3.35837e-07
1.80145e-07
9.65653e-08
5.40147e-08
3.33714e-08
2.32714e-08
1.79583e-08
1.4676e-08
1.21565e-08
9.92657e-09
7.86358e-09
5.98208e-09
4.33828e-09
2.98129e-09
1.92883e-09
1.16227e-09
6.3556e-10
2.90447e-10
7.04598e-11
0.995243
0.981681
0.963726
0.94135
0.914831
0.88469
0.851598
0.816283
0.779462
0.741796
0.703863
0.666147
0.629041
0.592853
0.557813
0.524083
0.491773
0.460949
0.431638
0.403844
0.377547
0.352712
0.329296
0.307245
0.286503
0.26701
0.248704
0.231526
0.215415
0.200312
0.18616
0.172904
0.160491
0.14887
0.137993
0.127813
0.118288
0.109375
0.101035
0.0932314
0.0859289
0.0790942
0.0726959
0.0667045
0.0610919
0.0558319
0.0508996
0.0462718
0.0419267
0.0378441
0.0340049
0.0303917
0.0269889
0.0237823
0.0207705
0.0179468
0.0152676
0.0127548
0.010412
0.00825179
0.00631025
0.00459725
0.00318023
0.00211779
0.0014038
0.000925314
0.000606014
0.000394077
0.000254283
0.000162711
0.000103187
6.48132e-05
4.02949e-05
2.47784e-05
1.50589e-05
9.03718e-06
5.35021e-06
3.12132e-06
1.79234e-06
1.01176e-06
5.6084e-07
3.05264e-07
1.63782e-07
8.81186e-08
4.97456e-08
3.11538e-08
2.19342e-08
1.70328e-08
1.39579e-08
1.15687e-08
9.44169e-09
7.4709e-09
5.67477e-09
4.10847e-09
2.81847e-09
1.82042e-09
1.09524e-09
5.98093e-10
2.73032e-10
6.619e-11
0.995215
0.98157
0.9635
0.940973
0.914267
0.883907
0.850569
0.814991
0.777897
0.739955
0.70175
0.663774
0.626425
0.590011
0.554766
0.520856
0.488389
0.457432
0.428013
0.400133
0.373773
0.348897
0.32546
0.303407
0.28268
0.263217
0.244957
0.227837
0.211796
0.196774
0.182711
0.169553
0.157243
0.145732
0.134968
0.124906
0.115501
0.10671
0.0984932
0.0908133
0.0836344
0.0769225
0.0706458
0.0647742
0.0592796
0.0541351
0.0493157
0.0447979
0.0405596
0.0365803
0.0328411
0.0293242
0.026014
0.0228963
0.0199723
0.0172288
0.0146272
0.0121889
0.00991758
0.00782666
0.00595167
0.00430776
0.00295764
0.00196328
0.00129729
0.000852457
0.000556577
0.000360802
0.000232135
0.000148116
9.36684e-05
5.86743e-05
3.63816e-05
2.23145e-05
1.35278e-05
8.09887e-06
4.78368e-06
2.78467e-06
1.59569e-06
8.99e-07
4.97496e-07
2.70497e-07
1.45242e-07
7.85969e-08
4.49916e-08
2.86901e-08
2.04308e-08
1.59805e-08
1.31346e-08
1.08912e-08
8.88089e-09
7.01576e-09
5.31824e-09
3.8418e-09
2.62961e-09
1.69479e-09
1.01764e-09
5.54767e-10
2.52915e-10
6.12607e-11
0.995183
0.981443
0.963239
0.940536
0.91361
0.882992
0.849363
0.813471
0.77605
0.737778
0.699248
0.660958
0.623313
0.586626
0.551133
0.517002
0.484343
0.453223
0.42367
0.395684
0.369246
0.344318
0.320853
0.298796
0.278086
0.258661
0.240455
0.223406
0.20745
0.192526
0.178572
0.165532
0.153349
0.14197
0.131345
0.121426
0.112166
0.103524
0.0954567
0.0879267
0.0808973
0.0743339
0.0682041
0.0624774
0.0571249
0.0521196
0.0474361
0.0430505
0.0389405
0.0350854
0.0314661
0.0280648
0.0248654
0.0218539
0.019035
0.0163862
0.0138771
0.0115279
0.00934205
0.00733448
0.00553936
0.00397901
0.00269937
0.00178613
0.00117627
0.000770271
0.000501178
0.000323797
0.000207592
0.000131997
8.31919e-05
5.19397e-05
3.21025e-05
1.96289e-05
1.1864e-05
7.08232e-06
4.17167e-06
2.42199e-06
1.38439e-06
7.78158e-07
4.29789e-07
2.33458e-07
1.25603e-07
6.86246e-08
4.00415e-08
2.60041e-08
1.8799e-08
1.48408e-08
1.22437e-08
1.01571e-08
8.27213e-09
6.52083e-09
4.9301e-09
3.55142e-09
2.42407e-09
1.5582e-09
9.33395e-10
5.07806e-10
2.31141e-10
5.59306e-11
0.995149
0.981305
0.962954
0.940053
0.91288
0.881967
0.848006
0.811751
0.773951
0.735294
0.696383
0.657725
0.61973
0.582719
0.546931
0.512536
0.479648
0.448331
0.418616
0.390502
0.363968
0.338976
0.315477
0.293413
0.272722
0.25334
0.235199
0.218233
0.202378
0.187569
0.173745
0.160845
0.148812
0.137592
0.127131
0.117381
0.108295
0.0998272
0.0919367
0.0845835
0.0777302
0.0713416
0.0653845
0.0598277
0.0546418
0.0497995
0.0452748
0.0410436
0.0370832
0.0333729
0.0298933
0.0266266
0.0235569
0.0206711
0.0179766
0.0154233
0.0130249
0.0107801
0.00869423
0.00678316
0.00508109
0.00361264
0.00242713
0.00159843
0.00104784
0.000683084
0.000442497
0.00028468
0.000181738
0.000115079
7.22369e-05
4.49235e-05
2.76607e-05
1.68509e-05
1.01489e-05
6.03787e-06
3.54486e-06
2.05167e-06
1.16928e-06
6.55483e-07
3.61258e-07
1.96094e-07
1.05862e-07
5.85242e-08
3.48454e-08
2.31593e-08
1.70836e-08
1.36541e-08
1.13237e-08
9.40257e-09
7.647e-09
6.0124e-09
4.53124e-09
3.2531e-09
2.21313e-09
1.41827e-09
8.47294e-10
4.59933e-10
2.08994e-10
5.0517e-11
0.995115
0.981163
0.962655
0.939545
0.912102
0.880864
0.846531
0.809869
0.771639
0.732542
0.693192
0.654108
0.615708
0.578319
0.542184
0.507479
0.474317
0.442768
0.41286
0.384592
0.357943
0.332874
0.309332
0.287258
0.266588
0.247255
0.229188
0.21232
0.196583
0.18191
0.168237
0.155501
0.143644
0.132608
0.122339
0.112786
0.1039
0.0956363
0.0879503
0.0808015
0.0741516
0.0679644
0.0622059
0.0568443
0.0518496
0.0471938
0.0428507
0.0387957
0.035006
0.0314603
0.0281393
0.0250251
0.0221018
0.0193581
0.0167956
0.0143687
0.0120916
0.00996339
0.00798923
0.00618664
0.00458802
0.00322281
0.00214087
0.00140317
0.000915284
0.000593654
0.000382546
0.000244898
0.000155595
9.80606e-05
6.12698e-05
3.79314e-05
2.32531e-05
1.41057e-05
8.46079e-06
5.01373e-06
2.93247e-06
1.69113e-06
9.60553e-07
5.36866e-07
2.95261e-07
1.60332e-07
8.71761e-08
4.91007e-08
3.00111e-08
2.04772e-08
1.54476e-08
1.25167e-08
1.04423e-08
8.68064e-09
7.04902e-09
5.52579e-09
4.14939e-09
2.96768e-09
2.01168e-09
1.28503e-09
7.65631e-10
4.14724e-10
1.88164e-10
4.54375e-11
0.995085
0.981036
0.96238
0.939046
0.911307
0.879716
0.844977
0.807865
0.769154
0.729561
0.689714
0.650143
0.611276
0.573449
0.536912
0.501844
0.468364
0.436541
0.406405
0.377956
0.351171
0.326009
0.302416
0.28033
0.259684
0.240408
0.222428
0.205674
0.190074
0.175559
0.162061
0.149516
0.137861
0.127038
0.116989
0.107662
0.0990071
0.0909754
0.0835226
0.0766066
0.0701878
0.0642289
0.0586951
0.0535539
0.0487745
0.0443285
0.0401891
0.0363315
0.0327326
0.0293708
0.0262265
0.023282
0.0205212
0.017936
0.0155203
0.0132349
0.011093
0.00909417
0.00724438
0.00556278
0.00408089
0.00283086
0.0018611
0.00121214
0.00078578
0.000506585
0.000324608
0.000206538
0.00013045
8.17447e-05
5.07932e-05
3.12776e-05
1.90753e-05
1.15139e-05
6.87326e-06
4.05434e-06
2.36096e-06
1.35591e-06
7.67216e-07
4.27443e-07
2.34708e-07
1.27821e-07
7.04282e-08
4.07561e-08
2.58374e-08
1.81739e-08
1.40555e-08
1.15593e-08
9.70654e-09
8.07944e-09
6.54999e-09
5.11817e-09
3.82853e-09
2.72761e-09
1.84253e-09
1.17366e-09
6.97826e-10
3.77491e-10
1.71142e-10
4.13063e-11
0.995057
0.980918
0.962126
0.938602
0.910591
0.87861
0.843396
0.80578
0.766533
0.726383
0.685976
0.645852
0.606452
0.568123
0.531122
0.495635
0.461785
0.429645
0.399246
0.370587
0.343645
0.318377
0.294726
0.272628
0.252012
0.232804
0.214927
0.198306
0.182866
0.168534
0.155238
0.142912
0.13149
0.12091
0.111113
0.102044
0.0936492
0.0858802
0.0786901
0.0720356
0.0658755
0.0601717
0.0548884
0.0499921
0.0454515
0.0412376
0.0373232
0.0336832
0.0302941
0.0271343
0.024184
0.0214251
0.0188419
0.0164301
0.014175
0.0120442
0.0100502
0.00819286
0.00647887
0.00493022
0.00357421
0.00244782
0.00159474
0.00103106
0.000663495
0.000424549
0.000270175
0.000170743
0.000107127
6.6695e-05
4.11807e-05
2.52034e-05
1.528e-05
9.17054e-06
5.44437e-06
3.19462e-06
1.85103e-06
1.0581e-06
5.96229e-07
3.31207e-07
1.81916e-07
9.9893e-08
5.63026e-08
3.38414e-08
2.24471e-08
1.64298e-08
1.31081e-08
1.09828e-08
9.3023e-09
7.76109e-09
6.28421e-09
4.89564e-09
3.64873e-09
2.59057e-09
1.74523e-09
1.10982e-09
6.59489e-10
3.56865e-10
1.61911e-10
3.90942e-11
0.995032
0.980809
0.96188
0.938156
0.909885
0.877586
0.841945
0.803735
0.763823
0.722999
0.681979
0.641231
0.601223
0.562322
0.524792
0.488827
0.454556
0.422054
0.391356
0.362462
0.335345
0.309962
0.286252
0.264148
0.243574
0.224452
0.206699
0.190237
0.174985
0.160866
0.147806
0.135732
0.124575
0.114272
0.104759
0.0959795
0.0878775
0.0804018
0.0735043
0.0671396
0.0612656
0.0558429
0.0508346
0.0462065
0.0419268
0.0379657
0.0342959
0.0308918
0.0277298
0.0247884
0.0220474
0.0194888
0.0170966
0.0148714
0.0127881
0.0108241
0.00898896
0.0072844
0.00571765
0.00431004
0.00308912
0.0020919
0.00135163
0.000866648
0.000553153
0.000351218
0.000221629
0.000138947
8.65011e-05
5.34478e-05
3.27603e-05
1.99085e-05
1.19878e-05
7.14759e-06
4.21677e-06
2.45952e-06
1.41712e-06
8.05978e-07
4.52386e-07
2.51001e-07
1.38609e-07
7.75308e-08
4.5328e-08
2.87226e-08
2.01547e-08
1.55925e-08
1.29707e-08
1.11354e-08
9.54003e-09
7.98936e-09
6.46672e-09
5.02656e-09
3.73617e-09
2.6466e-09
1.78063e-09
1.13225e-09
6.73616e-10
3.65297e-10
1.66145e-10
4.01789e-11
0.995012
0.980711
0.961648
0.937713
0.909143
0.876468
0.840407
0.801753
0.761281
0.719744
0.67782
0.636233
0.595474
0.555969
0.517854
0.481356
0.446614
0.413712
0.382686
0.353538
0.326239
0.300743
0.276985
0.254891
0.234382
0.215372
0.197775
0.181505
0.166477
0.152609
0.139821
0.128036
0.117182
0.107191
0.0979982
0.0895416
0.0817642
0.0746125
0.0680364
0.061989
0.0564268
0.0513091
0.0465984
0.0422595
0.0382601
0.03457
0.0311615
0.0280089
0.0250886
0.0223791
0.0198606
0.0175153
0.0153294
0.0132991
0.011389
0.00960397
0.00794049
0.00639892
0.00498743
0.00373168
0.00265272
0.00178311
0.0011429
0.000725716
0.00045874
0.00028858
0.000180408
0.00011208
6.91617e-05
4.23699e-05
2.57562e-05
1.55276e-05
9.2783e-06
5.49157e-06
3.21727e-06
1.86439e-06
1.06804e-06
6.04789e-07
3.3901e-07
1.89119e-07
1.06416e-07
6.18716e-08
3.8499e-08
2.64607e-08
2.00789e-08
1.66077e-08
1.4452e-08
1.27192e-08
1.10071e-08
9.22879e-09
7.4446e-09
5.75711e-09
4.25789e-09
3.00514e-09
2.01856e-09
1.28447e-09
7.66461e-10
4.17605e-10
1.90919e-10
4.63333e-11
0.994993
0.980618
0.961419
0.937262
0.908364
0.875246
0.83864
0.79938
0.758304
0.716182
0.673664
0.631334
0.589692
0.549167
0.510232
0.473134
0.43787
0.404534
0.373165
0.343761
0.31629
0.2907
0.266921
0.244873
0.224468
0.205613
0.188216
0.172183
0.157425
0.143851
0.131378
0.119924
0.109413
0.0997726
0.0909342
0.082834
0.0754123
0.0686132
0.062385
0.0566792
0.051451
0.0466589
0.0422643
0.0382316
0.0345278
0.0311226
0.027988
0.0250984
0.0224301
0.019962
0.0176744
0.0155502
0.0135784
0.0117488
0.0100305
0.00842915
0.0069423
0.00557191
0.00432611
0.00322738
0.00228825
0.00152919
0.000976421
0.000614218
0.000384099
0.000239093
0.000147991
9.10456e-05
5.56478e-05
3.37764e-05
2.03496e-05
1.21636e-05
7.20952e-06
4.23498e-06
2.46426e-06
1.42005e-06
8.10728e-07
4.59471e-07
2.59889e-07
1.48515e-07
8.75973e-08
5.50708e-08
3.80252e-08
2.90236e-08
2.43021e-08
2.16366e-08
1.96211e-08
1.75421e-08
1.51921e-08
1.26517e-08
1.01061e-08
7.73549e-09
5.66884e-09
3.97251e-09
2.65615e-09
1.68704e-09
1.00738e-09
5.50359e-10
2.52501e-10
6.14293e-11
0.99497
0.980505
0.961148
0.936737
0.907465
0.873842
0.836602
0.796593
0.754687
0.711712
0.668414
0.625404
0.583169
0.542036
0.502335
0.464287
0.428278
0.394398
0.362721
0.333091
0.305485
0.27985
0.256105
0.23416
0.213918
0.195278
0.17814
0.162402
0.147967
0.134739
0.122629
0.111551
0.101423
0.0921695
0.0837191
0.0760052
0.0689658
0.0625431
0.0566837
0.051338
0.0464601
0.0420075
0.0379413
0.0342252
0.0308261
0.0277135
0.0248594
0.0222383
0.0198268
0.0176039
0.0155506
0.0136502
0.0118951
0.0102689
0.0087492
0.00733969
0.00603661
0.00483915
0.00375707
0.00281049
0.00200752
0.00135032
0.000865684
0.000541659
0.000335758
0.000206755
0.000126625
7.7113e-05
4.668e-05
2.8079e-05
1.67771e-05
9.95386e-06
5.86256e-06
3.42724e-06
1.98894e-06
1.14788e-06
6.60847e-07
3.81999e-07
2.24408e-07
1.36679e-07
8.86912e-08
6.28692e-08
4.93273e-08
4.23087e-08
3.85174e-08
3.57678e-08
3.27895e-08
2.91181e-08
2.48499e-08
2.03396e-08
1.59713e-08
1.20335e-08
8.6972e-09
6.02396e-09
3.99011e-09
2.51603e-09
1.49444e-09
8.13388e-10
3.72309e-10
9.04673e-11
0.99493
0.980328
0.960751
0.936008
0.90627
0.872037
0.834047
0.793167
0.750301
0.70631
0.661974
0.617966
0.574847
0.533061
0.492921
0.454629
0.418246
0.383895
0.351614
0.32163
0.293875
0.268302
0.24468
0.222921
0.202925
0.184579
0.167771
0.152394
0.138342
0.125515
0.113815
0.103153
0.0934439
0.084608
0.0765712
0.0692648
0.0626249
0.0565923
0.0511124
0.0461348
0.0416128
0.0375037
0.0337679
0.0303692
0.0272744
0.024453
0.0218774
0.0195221
0.0173643
0.0153833
0.0135608
0.0118812
0.0103386
0.00890449
0.00757794
0.00635331
0.005228
0.004203
0.00328317
0.002481
0.00179834
0.00123461
0.000808603
0.00051169
0.000317848
0.000195322
0.000119098
7.21797e-05
4.35008e-05
2.60762e-05
1.55489e-05
9.22535e-06
5.44996e-06
3.21034e-06
1.88944e-06
1.11553e-06
6.64892e-07
4.05189e-07
2.56843e-07
1.73137e-07
1.26906e-07
1.01647e-07
8.78471e-08
8.00869e-08
7.45764e-08
6.88904e-08
6.19374e-08
5.36874e-08
4.47057e-08
3.57476e-08
2.74587e-08
2.02681e-08
1.43732e-08
9.78294e-09
6.37707e-09
3.96337e-09
2.3244e-09
1.25204e-09
5.68814e-10
1.37641e-10
0.994857
0.980027
0.960114
0.934902
0.904541
0.869529
0.830615
0.788698
0.744722
0.699595
0.654142
0.609079
0.564995
0.52236
0.481524
0.442738
0.406176
0.371894
0.339875
0.31001
0.282259
0.256562
0.233016
0.211483
0.191857
0.173901
0.157505
0.142555
0.128942
0.116559
0.105306
0.0950882
0.085818
0.0774135
0.0697987
0.0629034
0.0566626
0.0510163
0.0459094
0.041291
0.0371144
0.0333365
0.0299181
0.026823
0.0240182
0.0214737
0.019162
0.0170583
0.0151401
0.0133873
0.0117821
0.0103106
0.00896346
0.00771638
0.00656842
0.00551376
0.00454948
0.00367567
0.00289522
0.00221642
0.00164061
0.00116768
0.000798599
0.000522689
0.000333545
0.000208712
0.000128952
7.90207e-05
4.80875e-05
2.911e-05
1.75598e-05
1.05721e-05
6.36656e-06
3.84631e-06
2.33873e-06
1.44316e-06
9.14484e-07
6.00973e-07
4.16548e-07
3.0948e-07
2.45037e-07
2.0678e-07
1.83411e-07
1.67145e-07
1.52601e-07
1.36843e-07
1.19063e-07
9.99419e-08
8.08075e-08
6.29279e-08
4.72027e-08
3.40966e-08
2.36992e-08
1.58276e-08
1.01326e-08
6.19041e-09
3.57343e-09
1.89856e-09
8.53546e-10
2.05299e-10
0.994729
0.979512
0.959062
0.933145
0.90191
0.865868
0.825803
0.782661
0.73744
0.691106
0.644534
0.598477
0.553556
0.510252
0.468922
0.429808
0.393058
0.358735
0.326843
0.297349
0.270166
0.245146
0.222112
0.200944
0.181556
0.163959
0.14802
0.133526
0.120377
0.108453
0.0976502
0.087872
0.0790289
0.0710381
0.0638228
0.0573124
0.0514415
0.0461503
0.0413834
0.0370903
0.0332244
0.0297432
0.0266076
0.023782
0.0212339
0.0189337
0.0168546
0.0149722
0.0132646
0.0117124
0.0102981
0.00900926
0.00783361
0.00675127
0.00575975
0.004853
0.00402742
0.00328179
0.00261702
0.00203683
0.00154299
0.0011332
0.000807086
0.000557963
0.000375221
0.000245287
0.000157273
9.95791e-05
6.25012e-05
3.89864e-05
2.42272e-05
1.5039e-05
9.35584e-06
5.8585e-06
3.71449e-06
2.4041e-06
1.60573e-06
1.11882e-06
8.14221e-07
6.2384e-07
5.04496e-07
4.27814e-07
3.74655e-07
3.32212e-07
2.92928e-07
2.53384e-07
2.13235e-07
1.73849e-07
1.37065e-07
1.04413e-07
7.67921e-08
5.44703e-08
3.72094e-08
2.44319e-08
1.53786e-08
9.23859e-09
5.24687e-09
2.74688e-09
1.22061e-09
2.9158e-10
0.994542
0.978772
0.957561
0.930671
0.898271
0.860922
0.819479
0.774965
0.728454
0.680974
0.633444
0.586644
0.541196
0.497574
0.456114
0.41703
0.380442
0.346386
0.314842
0.285744
0.258993
0.234468
0.212045
0.191598
0.172929
0.155883
0.140311
0.126236
0.113517
0.102
0.0915904
0.0821903
0.0737096
0.0660649
0.05918
0.0529844
0.0474133
0.0424073
0.0379117
0.0338764
0.0302555
0.027007
0.0240923
0.0214764
0.0191275
0.0170165
0.015117
0.0134055
0.0118604
0.0104629
0.009196
0.00804792
0.0070046
0.00604953
0.00517866
0.00438554
0.0036658
0.00301699
0.0024383
0.00193024
0.00149446
0.00112894
0.000830595
0.000595965
0.000417681
0.000286516
0.000192947
0.000127958
8.37765e-05
5.4188e-05
3.48276e-05
2.23478e-05
1.43832e-05
9.33268e-06
6.13719e-06
4.10112e-06
2.8069e-06
1.98565e-06
1.46348e-06
1.12932e-06
9.11631e-07
7.63651e-07
6.54746e-07
5.65537e-07
4.85124e-07
4.08904e-07
3.36362e-07
2.68976e-07
2.08624e-07
1.56698e-07
1.13795e-07
7.97545e-08
5.38319e-08
3.49064e-08
2.16795e-08
1.28392e-08
7.18531e-09
3.70919e-09
1.62916e-09
3.8644e-10
0.994305
0.977841
0.955688
0.92763
0.893908
0.855186
0.812431
0.766763
0.719323
0.671169
0.623221
0.576235
0.5308
0.487347
0.446174
0.407461
0.371297
0.337695
0.306617
0.277982
0.251684
0.227599
0.205591
0.185524
0.167254
0.150649
0.135591
0.121901
0.109465
0.098225
0.08807
0.0789076
0.0706496
0.0632148
0.0565278
0.0505191
0.0451247
0.0402857
0.0359481
0.0320622
0.0285825
0.0254675
0.0226792
0.020183
0.0179473
0.0159436
0.014146
0.0125312
0.0110781
0.00976815
0.0085847
0.00751605
0.00654755
0.00566458
0.00486199
0.00413306
0.00347291
0.00287835
0.00234764
0.00188002
0.00147615
0.00113413
0.000851096
0.000624204
0.000447825
0.000314785
0.000217269
0.000147627
9.901e-05
6.57234e-05
4.33168e-05
2.84445e-05
1.86832e-05
1.23307e-05
8.22071e-06
5.57034e-06
3.86413e-06
2.76557e-06
2.05593e-06
1.59308e-06
1.28425e-06
1.06853e-06
9.06274e-07
7.72805e-07
6.54456e-07
5.45342e-07
4.44393e-07
3.52783e-07
2.72133e-07
2.03553e-07
1.4732e-07
1.02914e-07
6.92023e-08
4.46535e-08
2.75516e-08
1.61783e-08
8.961e-09
4.57406e-09
1.98824e-09
4.68437e-10
)
;

boundaryField
{
    fuel
    {
        type            fixedValue;
        value           uniform 1;
    }
    air
    {
        type            fixedValue;
        value           uniform 0;
    }
    outlet
    {
        type            inletOutlet;
        inletValue      uniform 0;
        value           nonuniform List<scalar> 
200
(
0.994311
0.977862
0.955725
0.927681
0.893966
0.855241
0.812467
0.766765
0.719275
0.671059
0.623038
0.575973
0.530456
0.486922
0.445672
0.406888
0.37066
0.337004
0.305881
0.277211
0.250888
0.226786
0.20477
0.184702
0.166441
0.149848
0.134802
0.121142
0.108738
0.0975326
0.0874122
0.0782852
0.0700629
0.0626639
0.0560127
0.0500395
0.0446802
0.0398755
0.0355711
0.0317174
0.0282687
0.0251832
0.022423
0.0199533
0.0177426
0.0157622
0.0139863
0.0123916
0.0109571
0.00966412
0.0084962
0.0074419
0.00648598
0.00561442
0.00482196
0.00410192
0.00344944
0.00286138
0.00233601
0.00187262
0.00147157
0.00113179
0.0008502
0.000624127
0.000448143
0.000315217
0.000217667
0.00014793
9.92099e-05
6.5837e-05
4.33671e-05
2.84532e-05
1.86669e-05
1.2301e-05
8.18513e-06
5.53341e-06
3.8281e-06
2.73148e-06
2.02422e-06
1.56396e-06
1.25785e-06
1.04504e-06
8.85855e-07
7.55568e-07
6.40372e-07
5.34229e-07
4.35939e-07
3.46593e-07
2.67782e-07
2.0063e-07
1.45453e-07
1.0179e-07
6.85705e-08
4.43274e-08
2.74007e-08
1.61185e-08
8.94262e-09
4.57115e-09
1.98908e-09
4.68905e-10
0.994305
0.977841
0.955688
0.92763
0.893908
0.855186
0.812431
0.766763
0.719323
0.671169
0.623221
0.576235
0.5308
0.487347
0.446174
0.407461
0.371297
0.337695
0.306617
0.277982
0.251684
0.227599
0.205591
0.185524
0.167254
0.150649
0.135591
0.121901
0.109465
0.098225
0.08807
0.0789076
0.0706496
0.0632148
0.0565278
0.0505191
0.0451247
0.0402857
0.0359481
0.0320622
0.0285825
0.0254675
0.0226792
0.020183
0.0179473
0.0159436
0.014146
0.0125312
0.0110781
0.00976815
0.0085847
0.00751605
0.00654755
0.00566458
0.00486199
0.00413306
0.00347291
0.00287835
0.00234764
0.00188002
0.00147615
0.00113413
0.000851096
0.000624204
0.000447825
0.000314785
0.000217269
0.000147627
9.901e-05
6.57234e-05
4.33168e-05
2.84445e-05
1.86832e-05
1.23307e-05
8.22071e-06
5.57034e-06
3.86413e-06
2.76557e-06
2.05593e-06
1.59308e-06
1.28425e-06
1.06853e-06
9.06274e-07
7.72805e-07
6.54456e-07
5.45342e-07
4.44393e-07
3.52783e-07
2.72133e-07
2.03553e-07
1.4732e-07
1.02914e-07
6.92023e-08
4.46535e-08
2.75516e-08
1.61783e-08
8.961e-09
4.57406e-09
1.98824e-09
4.68437e-10
)
;
    }
    frontAndBack
    {
        type            empty;
    }
}


// ************************************************************************* //
