/*--------------------------------*- C++ -*----------------------------------*\
  =========                 |
  \\      /  F ield         | OpenFOAM: The Open Source CFD Toolbox
   \\    /   O peration     | Website:  https://openfoam.org
    \\  /    A nd           | Version:  11
     \\/     M anipulation  |
\*---------------------------------------------------------------------------*/
FoamFile
{
    format      ascii;
    class       volScalarField;
    location    "0.05";
    object      N2;
}
// * * * * * * * * * * * * * * * * * * * * * * * * * * * * * * * * * * * * * //

dimensions      [0 0 0 0 0 0 0];

internalField   nonuniform List<scalar> 
4000
(
0.00568859
0.022138
0.044275
0.0723189
0.106032
0.144757
0.18753
0.23323
0.280718
0.328931
0.376948
0.424008
0.46952
0.513046
0.554287
0.593061
0.629276
0.662917
0.694023
0.722673
0.748973
0.773048
0.795033
0.815065
0.833286
0.849833
0.864827
0.878428
0.890766
0.901898
0.911934
0.920967
0.929083
0.936362
0.942879
0.948701
0.953891
0.958505
0.962596
0.966211
0.969392
0.972178
0.974603
0.976699
0.978492
0.980008
0.981267
0.982289
0.983087
0.983677
0.98407
0.984273
0.984296
0.984143
0.983819
0.983325
0.982662
0.98183
0.980826
0.979648
0.978292
0.976751
0.975028
0.973103
0.97097
0.968615
0.966028
0.963197
0.960107
0.956748
0.953107
0.949172
0.944932
0.940377
0.935499
0.930291
0.924748
0.918869
0.912653
0.906106
0.899237
0.892058
0.884589
0.876855
0.86889
0.860733
0.852434
0.844053
0.835658
0.827331
0.819165
0.811263
0.803741
0.796722
0.790331
0.784684
0.779876
0.775959
0.772932
0.770737
0.00544953
0.0211968
0.0423789
0.0692389
0.10161
0.138938
0.180374
0.224896
0.271434
0.318957
0.366543
0.41341
0.458931
0.502627
0.544159
0.583308
0.619954
0.654056
0.685635
0.714756
0.741515
0.766034
0.788444
0.808863
0.827456
0.844411
0.859858
0.873894
0.886538
0.897958
0.908253
0.917523
0.925859
0.933341
0.940047
0.946045
0.951397
0.956163
0.960393
0.964137
0.967436
0.97033
0.972853
0.975038
0.976911
0.978498
0.979819
0.980895
0.98174
0.98237
0.982795
0.983024
0.983066
0.982927
0.982611
0.982121
0.981457
0.980621
0.979611
0.978424
0.977061
0.975514
0.973756
0.971801
0.969639
0.967254
0.964636
0.961771
0.958647
0.955252
0.951573
0.947601
0.943322
0.938729
0.933814
0.928569
0.922991
0.917079
0.910834
0.904262
0.897373
0.89018
0.882705
0.874974
0.867022
0.858891
0.850635
0.842313
0.833999
0.825775
0.817735
0.809982
0.80263
0.795795
0.789596
0.784138
0.779503
0.775733
0.772822
0.770709
0.00525912
0.0204428
0.0408515
0.0667214
0.0979083
0.133908
0.173943
0.21707
0.262294
0.308651
0.355262
0.401371
0.446354
0.489725
0.531123
0.570302
0.607112
0.641484
0.673414
0.70294
0.730129
0.755117
0.7781
0.799214
0.818571
0.836125
0.852042
0.866426
0.879473
0.891284
0.901959
0.911592
0.920272
0.928081
0.935095
0.941382
0.947007
0.952027
0.956494
0.960457
0.963959
0.96704
0.969734
0.972074
0.974087
0.975799
0.977232
0.978405
0.979335
0.980037
0.980521
0.980799
0.980879
0.980769
0.980472
0.979992
0.979332
0.978492
0.977471
0.976269
0.974884
0.973299
0.971508
0.969532
0.967333
0.964907
0.962244
0.959332
0.95616
0.952716
0.94899
0.94497
0.940647
0.936012
0.931058
0.925781
0.920178
0.914249
0.907998
0.901433
0.894563
0.887405
0.879981
0.872319
0.864455
0.856434
0.848309
0.840141
0.832004
0.823976
0.81615
0.808623
0.801502
0.794896
0.788912
0.783649
0.779179
0.775542
0.77273
0.770687
0.00512821
0.0199194
0.0397826
0.0649381
0.0952389
0.130196
0.169064
0.210949
0.254911
0.300042
0.345515
0.390615
0.434745
0.477435
0.518327
0.55717
0.593789
0.628108
0.660132
0.68996
0.717667
0.743291
0.766883
0.788425
0.808036
0.825957
0.842282
0.857134
0.870633
0.882884
0.893989
0.904039
0.913122
0.921318
0.9287
0.935339
0.941295
0.946628
0.951389
0.955627
0.959384
0.962701
0.965612
0.968151
0.970344
0.972219
0.973797
0.975098
0.97614
0.976938
0.977504
0.97785
0.977984
0.977915
0.977649
0.97719
0.976542
0.975705
0.97468
0.973472
0.972074
0.970473
0.96867
0.966629
0.964384
0.96192
0.959221
0.956274
0.953069
0.949592
0.945834
0.941784
0.937433
0.932775
0.927802
0.922515
0.916913
0.910996
0.904768
0.898239
0.891425
0.884343
0.877017
0.869478
0.86176
0.853908
0.845969
0.838005
0.830085
0.822287
0.814696
0.807404
0.800513
0.794123
0.788336
0.783243
0.778915
0.775388
0.772657
0.770669
0.00505493
0.0196157
0.0391401
0.0638228
0.0934972
0.12767
0.165607
0.206446
0.249286
0.293268
0.337609
0.381637
0.424792
0.466614
0.506786
0.545095
0.581455
0.61578
0.647999
0.678083
0.705914
0.731577
0.75514
0.776837
0.796762
0.815025
0.831733
0.846993
0.86091
0.873585
0.885111
0.895578
0.905069
0.913663
0.92143
0.928438
0.934748
0.940417
0.945496
0.950033
0.95407
0.957648
0.960801
0.963562
0.965959
0.968017
0.969761
0.97121
0.972382
0.973294
0.973957
0.974386
0.974587
0.974574
0.97435
0.973922
0.973294
0.972469
0.97145
0.970244
0.968844
0.96724
0.965435
0.963425
0.961183
0.958713
0.956001
0.953037
0.949815
0.946324
0.942555
0.938499
0.934146
0.929489
0.924517
0.919217
0.913622
0.907729
0.90154
0.895069
0.888336
0.881359
0.874158
0.866763
0.859208
0.851536
0.843798
0.836051
0.828358
0.820791
0.813431
0.806364
0.799685
0.79349
0.787875
0.782926
0.778712
0.775272
0.772603
0.770656
0.00501532
0.0194402
0.0387464
0.0631
0.0923108
0.125874
0.16306
0.203024
0.244899
0.287856
0.331147
0.374156
0.416384
0.457487
0.497157
0.535144
0.571265
0.605224
0.637008
0.666592
0.694159
0.719756
0.743451
0.765332
0.785493
0.804034
0.821056
0.836658
0.850937
0.863985
0.875893
0.886745
0.896619
0.905591
0.913728
0.921097
0.927755
0.933757
0.939155
0.943994
0.948317
0.952161
0.955564
0.958555
0.961164
0.963417
0.965336
0.966943
0.968256
0.969291
0.970063
0.970584
0.970863
0.970913
0.970741
0.970353
0.969754
0.968949
0.967941
0.966739
0.965336
0.963732
0.96191
0.959875
0.957615
0.955141
0.952425
0.94946
0.946238
0.942749
0.938986
0.934943
0.930614
0.925996
0.92109
0.915903
0.910403
0.904602
0.898506
0.892123
0.885455
0.878569
0.871489
0.864249
0.856869
0.849387
0.841848
0.834308
0.826826
0.819473
0.812325
0.805462
0.798974
0.792952
0.787486
0.782662
0.778546
0.775179
0.77256
0.770646
0.00499325
0.0193323
0.0384853
0.0625899
0.0914322
0.124495
0.16105
0.200267
0.241304
0.283387
0.325857
0.368154
0.409777
0.45032
0.489288
0.526468
0.561673
0.594989
0.626344
0.655722
0.683155
0.708694
0.732407
0.754373
0.774679
0.793416
0.810673
0.826545
0.84112
0.854484
0.866722
0.877913
0.888131
0.897446
0.905924
0.913627
0.920612
0.926931
0.932633
0.937763
0.942362
0.946468
0.950114
0.953334
0.956154
0.958601
0.960698
0.962465
0.963923
0.965086
0.965971
0.96659
0.966955
0.967075
0.966962
0.966621
0.966059
0.965281
0.964292
0.963102
0.961707
0.960105
0.958284
0.956249
0.953997
0.9515
0.948771
0.945799
0.942576
0.939093
0.935342
0.93132
0.927021
0.922442
0.917582
0.91244
0.907018
0.901321
0.895358
0.889144
0.882697
0.875994
0.869057
0.861957
0.854736
0.847437
0.840092
0.83275
0.825469
0.818314
0.811356
0.804675
0.798355
0.792483
0.787148
0.782433
0.778402
0.775098
0.772523
0.770637
0.00497631
0.0192455
0.0382688
0.0621581
0.0906793
0.123305
0.159316
0.197917
0.238332
0.279814
0.321696
0.363269
0.404021
0.443524
0.481635
0.518125
0.552846
0.58572
0.61671
0.645812
0.673052
0.698476
0.722147
0.744135
0.76452
0.783386
0.800816
0.816896
0.831708
0.845334
0.857851
0.869333
0.87985
0.889469
0.898253
0.906259
0.913541
0.920151
0.926135
0.931536
0.936394
0.940746
0.944625
0.948063
0.951086
0.953722
0.955992
0.957917
0.959518
0.96081
0.961809
0.962529
0.962982
0.963177
0.963128
0.96284
0.962321
0.961578
0.960616
0.959444
0.958064
0.956473
0.954656
0.952622
0.950364
0.947872
0.945155
0.942194
0.938983
0.935518
0.931793
0.927804
0.923546
0.919019
0.914221
0.909152
0.903818
0.898222
0.892375
0.886286
0.879973
0.873453
0.866754
0.859861
0.85281
0.845675
0.838504
0.831348
0.824253
0.81728
0.810497
0.803979
0.797809
0.792071
0.786851
0.78223
0.778275
0.775026
0.77249
0.77063
0.00495773
0.0191548
0.0380501
0.0617344
0.0899613
0.122211
0.157795
0.195934
0.235829
0.276633
0.317641
0.358357
0.398331
0.437201
0.474698
0.510628
0.544859
0.577313
0.607954
0.636781
0.663817
0.689104
0.712702
0.734675
0.755099
0.774049
0.791605
0.807846
0.822849
0.836689
0.849439
0.861169
0.871945
0.881829
0.890881
0.899155
0.906704
0.913576
0.919815
0.925464
0.93056
0.935139
0.939235
0.942876
0.94609
0.948903
0.951338
0.953415
0.955153
0.956571
0.957682
0.958503
0.959044
0.959317
0.959334
0.959103
0.958633
0.95793
0.957
0.955854
0.954495
0.952922
0.951119
0.949098
0.946853
0.944379
0.941674
0.93873
0.935542
0.932105
0.928414
0.924466
0.920259
0.91579
0.91106
0.906071
0.900825
0.895331
0.889595
0.883629
0.877448
0.871072
0.864521
0.857821
0.851009
0.844086
0.8371
0.830103
0.823174
0.816366
0.809742
0.803371
0.797333
0.791711
0.78659
0.782051
0.778161
0.774961
0.772459
0.770622
0.00493489
0.019051
0.0378138
0.0613028
0.0892737
0.121214
0.156394
0.193994
0.233186
0.273296
0.313669
0.353758
0.393119
0.431408
0.468365
0.503802
0.537594
0.569669
0.599992
0.628562
0.655402
0.680552
0.704066
0.726008
0.746446
0.765453
0.783103
0.79947
0.814627
0.828644
0.84159
0.85353
0.864526
0.87464
0.883925
0.892435
0.900219
0.907323
0.913791
0.919662
0.924973
0.929758
0.93405
0.937878
0.941269
0.944246
0.946834
0.949053
0.950923
0.952459
0.953679
0.954597
0.955225
0.955575
0.95566
0.955488
0.955069
0.95441
0.953517
0.952401
0.95107
0.949521
0.947741
0.945741
0.943519
0.941072
0.938382
0.935463
0.932304
0.928901
0.925251
0.92135
0.917196
0.912789
0.90813
0.90322
0.898064
0.892667
0.887038
0.881188
0.875132
0.868888
0.862476
0.855921
0.849253
0.842504
0.835713
0.828926
0.822175
0.815526
0.809047
0.802809
0.796891
0.791376
0.786347
0.781883
0.778053
0.774899
0.77243
0.770615
0.00490853
0.0189376
0.0375684
0.0608719
0.0885789
0.120137
0.154844
0.191922
0.230597
0.270154
0.309962
0.349492
0.388313
0.426091
0.462572
0.497578
0.530986
0.562727
0.592769
0.62111
0.647771
0.672793
0.696226
0.718131
0.738572
0.75762
0.775342
0.791811
0.807093
0.821257
0.834367
0.846485
0.857671
0.867981
0.877468
0.886183
0.894173
0.901481
0.90815
0.914218
0.91972
0.92469
0.929159
0.933155
0.936705
0.939833
0.942562
0.944912
0.946902
0.94855
0.949871
0.950881
0.951593
0.952019
0.952169
0.952057
0.95169
0.951076
0.950224
0.949142
0.947842
0.946321
0.944566
0.94259
0.940391
0.937965
0.935308
0.932423
0.9293
0.925937
0.922331
0.91848
0.914383
0.910039
0.90545
0.900618
0.895547
0.890244
0.884716
0.878975
0.873034
0.866911
0.860626
0.854203
0.847671
0.841059
0.834403
0.827748
0.82114
0.814635
0.808297
0.802195
0.796403
0.791002
0.786074
0.781695
0.777932
0.77483
0.772397
0.770608
0.00487947
0.0188158
0.0373045
0.060394
0.0878098
0.119019
0.153321
0.18995
0.228145
0.267204
0.306511
0.345549
0.383897
0.421229
0.457298
0.491929
0.525005
0.556458
0.586256
0.614398
0.640904
0.665813
0.689173
0.711041
0.731482
0.750559
0.76834
0.784891
0.800278
0.814565
0.827813
0.840082
0.851429
0.861907
0.871568
0.88046
0.888628
0.896114
0.902959
0.909199
0.914869
0.920002
0.924628
0.928774
0.932466
0.935729
0.938584
0.941053
0.943153
0.944903
0.946318
0.947414
0.948205
0.948701
0.948916
0.948861
0.948545
0.947977
0.947166
0.94612
0.944853
0.943363
0.941636
0.939689
0.937519
0.935125
0.932506
0.929649
0.92656
0.923237
0.919676
0.915875
0.911834
0.907552
0.903031
0.898273
0.893284
0.888068
0.882634
0.876993
0.871158
0.865147
0.858978
0.852675
0.84627
0.839784
0.833256
0.826728
0.820249
0.81387
0.807654
0.801668
0.795983
0.790679
0.785836
0.78153
0.777825
0.774767
0.772368
0.7706
0.00484654
0.0186795
0.0370156
0.0598979
0.087049
0.117937
0.15187
0.188093
0.225858
0.264475
0.303342
0.341949
0.379887
0.416832
0.452546
0.486857
0.519649
0.550856
0.580446
0.608418
0.634792
0.659604
0.682901
0.704739
0.725176
0.744278
0.762107
0.778727
0.794201
0.808591
0.821955
0.834352
0.845835
0.856457
0.866266
0.875309
0.88363
0.891269
0.898265
0.904655
0.910471
0.915746
0.920508
0.924786
0.928603
0.931985
0.934953
0.937527
0.939726
0.941568
0.943068
0.944242
0.945105
0.945667
0.945941
0.94594
0.945673
0.94515
0.944379
0.943369
0.942136
0.940677
0.938981
0.937062
0.934921
0.932557
0.929966
0.927146
0.924097
0.920816
0.9173
0.913548
0.909561
0.905338
0.90088
0.896192
0.891277
0.886141
0.880793
0.875244
0.869505
0.863594
0.857529
0.851334
0.845042
0.83867
0.832256
0.825843
0.819475
0.813207
0.807097
0.80121
0.795618
0.790398
0.785628
0.781384
0.77773
0.774712
0.772341
0.770594
0.00481328
0.0185448
0.0367363
0.0594246
0.0863313
0.116928
0.15053
0.186391
0.223777
0.262008
0.300491
0.338727
0.37631
0.412926
0.448338
0.482376
0.514928
0.545928
0.575344
0.603174
0.629437
0.654168
0.677412
0.699223
0.719659
0.73878
0.756649
0.773327
0.788874
0.80335
0.816812
0.829316
0.840914
0.851657
0.861591
0.870762
0.879212
0.886981
0.894106
0.900623
0.906564
0.91196
0.91684
0.921231
0.925157
0.928642
0.931708
0.934374
0.93666
0.938583
0.940158
0.941403
0.942329
0.942951
0.943279
0.943328
0.943107
0.942625
0.941892
0.940917
0.939716
0.938288
0.936621
0.934732
0.93262
0.930285
0.927726
0.92494
0.921928
0.918685
0.915212
0.911506
0.907568
0.903399
0.899001
0.894375
0.889528
0.884465
0.879193
0.873724
0.868071
0.862248
0.856275
0.850175
0.843982
0.837709
0.831395
0.82508
0.81881
0.812636
0.806617
0.800815
0.795303
0.790154
0.785447
0.781257
0.777647
0.774663
0.772318
0.770588
0.00478205
0.0184197
0.036479
0.0589929
0.085682
0.116021
0.149333
0.184882
0.221941
0.259841
0.297997
0.335916
0.373201
0.409538
0.444696
0.478507
0.510859
0.541686
0.570957
0.59867
0.624842
0.649506
0.672708
0.694497
0.714932
0.73407
0.751972
0.768697
0.784305
0.798852
0.812395
0.824988
0.836681
0.847523
0.857561
0.866839
0.875396
0.883274
0.890507
0.897131
0.903177
0.908675
0.913654
0.918141
0.922159
0.925732
0.928881
0.931626
0.933986
0.935978
0.937619
0.938924
0.939907
0.940581
0.940957
0.94105
0.940869
0.940425
0.939726
0.938783
0.937611
0.936207
0.934581
0.932716
0.930631
0.928324
0.925795
0.923042
0.920061
0.916853
0.913418
0.909754
0.905861
0.90174
0.897393
0.892823
0.888035
0.883035
0.877831
0.872432
0.866852
0.861105
0.855211
0.849192
0.843081
0.836898
0.830668
0.824436
0.818248
0.812154
0.806211
0.800481
0.795035
0.789947
0.785294
0.781148
0.777576
0.774621
0.772298
0.770583
0.0047544
0.0183096
0.0362541
0.0586175
0.0851207
0.115242
0.148309
0.183595
0.22038
0.258004
0.295889
0.333546
0.370584
0.406693
0.441642
0.475267
0.507456
0.538143
0.567297
0.594914
0.621012
0.645623
0.66879
0.690562
0.710996
0.730148
0.748077
0.764841
0.780497
0.795102
0.808711
0.821375
0.833146
0.844069
0.854191
0.863555
0.872201
0.880166
0.887487
0.894198
0.90033
0.905912
0.910972
0.915538
0.919631
0.923276
0.926494
0.929305
0.931727
0.933778
0.935473
0.936829
0.93786
0.938578
0.938995
0.939126
0.93898
0.938569
0.9379
0.936985
0.93584
0.93446
0.93286
0.93102
0.928959
0.926677
0.924174
0.921448
0.918497
0.915322
0.91192
0.908292
0.904438
0.900359
0.896057
0.891535
0.886797
0.88185
0.876702
0.871363
0.865844
0.860161
0.854333
0.848381
0.842338
0.836228
0.830068
0.823906
0.817785
0.811757
0.805876
0.800206
0.794815
0.789777
0.785167
0.781059
0.777517
0.774586
0.772281
0.770579
0.00473153
0.0182189
0.0360694
0.0583105
0.0846628
0.114607
0.147478
0.182552
0.219119
0.256522
0.294189
0.331639
0.36848
0.404408
0.439192
0.47267
0.50473
0.535306
0.564368
0.591911
0.617951
0.64252
0.66566
0.687419
0.707852
0.727015
0.744965
0.761759
0.777453
0.792104
0.805764
0.818484
0.830314
0.841301
0.85149
0.860921
0.869635
0.87767
0.88506
0.891839
0.898038
0.903686
0.908811
0.913438
0.917592
0.921295
0.924567
0.92743
0.929902
0.931999
0.933738
0.935135
0.936204
0.936958
0.93741
0.937571
0.937454
0.93707
0.936426
0.935535
0.934412
0.933052
0.931473
0.929654
0.927614
0.925354
0.922872
0.920169
0.917244
0.914094
0.910721
0.907123
0.903301
0.899256
0.89499
0.890507
0.88581
0.880907
0.875804
0.870512
0.865043
0.859412
0.853636
0.847738
0.84175
0.835697
0.829592
0.823485
0.817418
0.811442
0.805612
0.799989
0.794641
0.789642
0.785067
0.780988
0.777471
0.774559
0.772268
0.770576
0.00471417
0.0181501
0.0359297
0.0580784
0.0843172
0.114129
0.146852
0.181768
0.218169
0.255407
0.292912
0.330206
0.366901
0.402693
0.437355
0.470722
0.502687
0.533181
0.562175
0.589662
0.61566
0.640197
0.663317
0.685066
0.705499
0.724669
0.742635
0.759451
0.775173
0.789857
0.803554
0.816316
0.828191
0.839224
0.849461
0.858942
0.867707
0.875793
0.883234
0.890063
0.896312
0.902009
0.907182
0.911855
0.916053
0.919799
0.923112
0.926014
0.928522
0.930655
0.932427
0.933855
0.934953
0.935734
0.936211
0.936395
0.936301
0.935937
0.935314
0.93444
0.933335
0.931991
0.930428
0.928625
0.926601
0.924357
0.921893
0.919208
0.916302
0.913173
0.909821
0.906246
0.902449
0.89843
0.894192
0.889738
0.885073
0.880202
0.875134
0.869877
0.864446
0.858853
0.853117
0.847259
0.841311
0.835301
0.829238
0.823172
0.817145
0.811208
0.805415
0.799827
0.794511
0.789541
0.784992
0.780935
0.777436
0.774538
0.772258
0.770573
0.00470271
0.0181048
0.0358375
0.057925
0.0840885
0.113812
0.146437
0.181247
0.21754
0.254668
0.292065
0.329255
0.365852
0.401554
0.436134
0.469429
0.50133
0.53177
0.560718
0.588168
0.614137
0.638654
0.66176
0.683503
0.703935
0.723111
0.741086
0.757916
0.773657
0.788362
0.802084
0.814873
0.826776
0.837841
0.848109
0.857623
0.866421
0.87454
0.882015
0.888877
0.895159
0.900888
0.906092
0.910796
0.915024
0.918797
0.922138
0.925066
0.927599
0.929754
0.931548
0.932997
0.934114
0.934914
0.935408
0.935608
0.935529
0.935179
0.934568
0.933707
0.932614
0.93128
0.929729
0.927937
0.925924
0.923691
0.921239
0.918566
0.915673
0.912558
0.909221
0.905661
0.901881
0.89788
0.89366
0.889226
0.884582
0.879733
0.874688
0.869455
0.864049
0.858481
0.852772
0.846941
0.84102
0.835038
0.829003
0.822964
0.816964
0.811052
0.805284
0.799719
0.794425
0.789475
0.784942
0.7809
0.777413
0.774524
0.772251
0.770572
0.00469722
0.0180831
0.0357934
0.0578519
0.0839794
0.113661
0.146238
0.180997
0.217236
0.25431
0.291654
0.328793
0.365341
0.400998
0.435537
0.468796
0.500664
0.531076
0.560001
0.587432
0.613387
0.637893
0.660991
0.68273
0.703161
0.722338
0.740318
0.757155
0.772904
0.78762
0.801354
0.814155
0.826073
0.837152
0.847436
0.856966
0.86578
0.873915
0.881406
0.888286
0.894583
0.900328
0.905548
0.910266
0.914509
0.918296
0.92165
0.924591
0.927136
0.929303
0.931108
0.932567
0.933694
0.934502
0.935005
0.935213
0.935141
0.934798
0.934194
0.933339
0.932252
0.930924
0.929378
0.927592
0.925584
0.923358
0.920911
0.918245
0.915358
0.91225
0.908921
0.905369
0.901597
0.897605
0.893395
0.888971
0.884337
0.879499
0.874466
0.869246
0.863851
0.858297
0.852601
0.846783
0.840876
0.834907
0.828886
0.82286
0.816874
0.810975
0.805219
0.799665
0.794382
0.789441
0.784917
0.780883
0.777401
0.774517
0.772248
0.770571
0.00469758
0.0180844
0.035796
0.0578559
0.083985
0.113668
0.146247
0.181007
0.217247
0.254322
0.291667
0.328806
0.365355
0.401012
0.435551
0.468809
0.500677
0.531089
0.560013
0.587444
0.613398
0.637903
0.661001
0.68274
0.70317
0.722347
0.740326
0.757163
0.772911
0.787626
0.80136
0.814161
0.826078
0.837157
0.84744
0.85697
0.865783
0.873918
0.881409
0.888288
0.894585
0.90033
0.905549
0.910268
0.914509
0.918297
0.921651
0.924591
0.927136
0.929302
0.931107
0.932566
0.933693
0.934501
0.935004
0.935212
0.93514
0.934797
0.934193
0.933338
0.932251
0.930922
0.929376
0.92759
0.925583
0.923356
0.92091
0.918243
0.915356
0.912248
0.908919
0.905368
0.901595
0.897603
0.893393
0.888969
0.884335
0.879497
0.874464
0.869244
0.863849
0.858295
0.852599
0.846781
0.840875
0.834906
0.828885
0.822859
0.816873
0.810974
0.805218
0.799664
0.794381
0.789441
0.784917
0.780882
0.777401
0.774517
0.772247
0.770571
0.00470373
0.0181086
0.0358448
0.0579365
0.0841043
0.113833
0.146461
0.181275
0.217571
0.254701
0.2921
0.329292
0.36589
0.401592
0.436172
0.469467
0.501366
0.531805
0.560752
0.588202
0.614169
0.638685
0.66179
0.683531
0.703961
0.723135
0.741109
0.757938
0.773677
0.788381
0.802101
0.814889
0.826791
0.837854
0.848121
0.857634
0.866431
0.874549
0.882022
0.888884
0.895165
0.900893
0.906096
0.910799
0.915026
0.918799
0.922139
0.925066
0.927598
0.929753
0.931547
0.932995
0.934112
0.934911
0.935404
0.935604
0.935525
0.935174
0.934564
0.933702
0.932609
0.931275
0.929723
0.927931
0.925919
0.923686
0.921234
0.918561
0.915668
0.912553
0.909215
0.905656
0.901875
0.897874
0.893655
0.889221
0.884576
0.879727
0.874682
0.86945
0.864044
0.858477
0.852767
0.846936
0.841016
0.835034
0.828999
0.82296
0.81696
0.811049
0.805281
0.799716
0.794423
0.789473
0.78494
0.780899
0.777412
0.774524
0.772251
0.770572
0.00471571
0.0181559
0.0359408
0.0580955
0.0843407
0.114159
0.146888
0.181809
0.218216
0.255458
0.292967
0.330263
0.366959
0.402752
0.437414
0.470782
0.502745
0.533238
0.56223
0.589716
0.615711
0.640247
0.663364
0.685111
0.705541
0.72471
0.742672
0.759486
0.775206
0.789887
0.803583
0.816342
0.828215
0.839246
0.849481
0.85896
0.867723
0.875807
0.883246
0.890074
0.896321
0.902017
0.907188
0.91186
0.916057
0.919801
0.923114
0.926015
0.928522
0.930653
0.932425
0.933852
0.934949
0.93573
0.936206
0.936389
0.936295
0.93593
0.935306
0.934432
0.933327
0.931982
0.93042
0.928617
0.926592
0.924348
0.921884
0.919199
0.916292
0.913163
0.909812
0.906237
0.902439
0.898421
0.894183
0.889729
0.885063
0.880193
0.875125
0.869869
0.864437
0.858845
0.853109
0.847251
0.841304
0.835294
0.829232
0.823166
0.81714
0.811203
0.80541
0.799823
0.794508
0.789539
0.78499
0.780934
0.777435
0.774537
0.772257
0.770573
0.0047333
0.0182255
0.0360822
0.0583305
0.0846907
0.114643
0.147522
0.182604
0.219177
0.256586
0.294259
0.331712
0.368556
0.404485
0.439271
0.472748
0.504807
0.535383
0.564443
0.591983
0.618021
0.642587
0.665724
0.68748
0.707909
0.727069
0.745015
0.761806
0.777497
0.792145
0.805801
0.818519
0.830346
0.84133
0.851516
0.860944
0.869656
0.877688
0.885076
0.891853
0.89805
0.903696
0.908819
0.913445
0.917596
0.921298
0.924569
0.92743
0.9299
0.931996
0.933735
0.93513
0.936198
0.936952
0.937402
0.937562
0.937445
0.93706
0.936416
0.935524
0.934401
0.933041
0.931462
0.929642
0.927602
0.925341
0.92286
0.920156
0.917231
0.914081
0.910708
0.90711
0.903288
0.899243
0.894977
0.890494
0.885798
0.880894
0.875792
0.8705
0.865032
0.859401
0.853626
0.847728
0.84174
0.835688
0.829584
0.823477
0.817412
0.811436
0.805606
0.799984
0.794637
0.789639
0.785064
0.780986
0.777469
0.774558
0.772267
0.770576
0.00475628
0.0183166
0.0362677
0.0586391
0.085151
0.115281
0.148358
0.183653
0.220447
0.258079
0.29597
0.333633
0.370674
0.406786
0.441737
0.475362
0.50755
0.538236
0.567388
0.595003
0.621098
0.645706
0.668868
0.690637
0.711066
0.730214
0.748139
0.764898
0.780551
0.795152
0.808756
0.821417
0.833183
0.844103
0.854222
0.863583
0.872225
0.880187
0.887506
0.894214
0.900343
0.905923
0.910981
0.915544
0.919636
0.923279
0.926495
0.929304
0.931724
0.933773
0.935468
0.936822
0.937851
0.938569
0.938985
0.939114
0.938968
0.938556
0.937887
0.936971
0.935825
0.934445
0.932845
0.931005
0.928944
0.926662
0.924158
0.921432
0.918481
0.915305
0.911904
0.908276
0.904422
0.900343
0.896041
0.891519
0.886781
0.881835
0.876687
0.871348
0.86583
0.860148
0.85432
0.848369
0.842327
0.836217
0.830058
0.823896
0.817777
0.811749
0.80587
0.800201
0.794811
0.789773
0.785164
0.781057
0.777516
0.774585
0.77228
0.770579
0.00478418
0.0184277
0.0364944
0.0590172
0.0857163
0.116066
0.149389
0.184949
0.222018
0.259927
0.298091
0.336017
0.373306
0.409648
0.444807
0.478619
0.51097
0.541796
0.571065
0.598774
0.624942
0.649602
0.672799
0.694584
0.715013
0.734146
0.752043
0.768763
0.784365
0.798907
0.812446
0.825034
0.836722
0.84756
0.857594
0.866868
0.875422
0.883296
0.890526
0.897146
0.903189
0.908685
0.913662
0.918146
0.922161
0.925732
0.928879
0.931622
0.933981
0.935971
0.937611
0.938914
0.939896
0.940569
0.940944
0.941035
0.940854
0.940409
0.939709
0.938765
0.937593
0.936188
0.934562
0.932697
0.930612
0.928305
0.925775
0.923023
0.920041
0.916834
0.913398
0.909734
0.905841
0.90172
0.897374
0.892804
0.888016
0.883016
0.877812
0.872414
0.866835
0.861089
0.855196
0.849177
0.843067
0.836885
0.830656
0.824425
0.818238
0.812145
0.806203
0.800475
0.79503
0.789943
0.78529
0.781146
0.777574
0.77462
0.772297
0.770583
0.004816
0.018555
0.0367558
0.0594552
0.0863741
0.116983
0.150598
0.186473
0.22387
0.262112
0.300604
0.338847
0.376436
0.413055
0.448468
0.482507
0.515058
0.546055
0.575467
0.603293
0.629551
0.654276
0.677515
0.699319
0.719749
0.738864
0.756726
0.773397
0.788938
0.803408
0.816865
0.829363
0.840956
0.851694
0.861623
0.87079
0.879235
0.887001
0.894122
0.900636
0.906574
0.911967
0.916845
0.921233
0.925157
0.92864
0.931703
0.934367
0.936651
0.938572
0.940146
0.941389
0.942314
0.942935
0.943262
0.94331
0.943088
0.942605
0.941871
0.940896
0.939694
0.938266
0.936599
0.93471
0.932597
0.930263
0.927703
0.924918
0.921905
0.918662
0.915189
0.911483
0.907545
0.903376
0.898978
0.894353
0.889506
0.884443
0.879172
0.873704
0.868051
0.862229
0.856257
0.850158
0.843966
0.837694
0.831382
0.825068
0.818799
0.812627
0.806608
0.800808
0.795297
0.790149
0.785443
0.781254
0.777645
0.774661
0.772317
0.770588
0.00485021
0.0186932
0.0370418
0.0599385
0.0871054
0.11801
0.151959
0.188197
0.225975
0.264604
0.30348
0.342095
0.380038
0.416986
0.452701
0.48701
0.5198
0.551002
0.580587
0.608553
0.63492
0.659724
0.683013
0.704842
0.725272
0.744365
0.762186
0.778798
0.794265
0.808648
0.822006
0.834396
0.845874
0.85649
0.866294
0.875332
0.883649
0.891284
0.898276
0.904662
0.910476
0.915747
0.920507
0.924782
0.928598
0.931977
0.934943
0.937515
0.939712
0.941553
0.943052
0.944225
0.945086
0.945647
0.94592
0.945918
0.945651
0.945127
0.944355
0.943345
0.942111
0.940652
0.938955
0.937036
0.934895
0.932531
0.92994
0.927119
0.924071
0.920789
0.917274
0.913522
0.909535
0.905312
0.900855
0.896167
0.891252
0.886117
0.88077
0.87522
0.869483
0.863572
0.857509
0.851315
0.845024
0.838653
0.832241
0.825828
0.819463
0.813196
0.807087
0.801201
0.795611
0.790392
0.785623
0.78138
0.777728
0.77471
0.772341
0.770594
0.00488463
0.0188349
0.0373405
0.0604478
0.0878846
0.119115
0.153437
0.190084
0.228294
0.267366
0.306684
0.345728
0.384081
0.421414
0.457482
0.492109
0.52518
0.556625
0.586415
0.614547
0.641044
0.665942
0.689291
0.711149
0.731579
0.750646
0.768417
0.784959
0.800337
0.814616
0.827856
0.840118
0.851459
0.861931
0.871587
0.880474
0.888637
0.896119
0.90296
0.909197
0.914865
0.919995
0.924619
0.928762
0.932453
0.935714
0.938567
0.941034
0.943133
0.944882
0.946296
0.947391
0.94818
0.948676
0.94889
0.948834
0.948518
0.94795
0.947138
0.946092
0.944825
0.943334
0.941608
0.93966
0.93749
0.935096
0.932477
0.929619
0.926531
0.923208
0.919647
0.915847
0.911806
0.907524
0.903003
0.898246
0.893256
0.888041
0.882607
0.876967
0.871133
0.865123
0.858955
0.852653
0.846249
0.839764
0.833238
0.826712
0.820234
0.813857
0.807643
0.801657
0.795975
0.790672
0.78583
0.781525
0.777822
0.774765
0.772367
0.7706
0.00491508
0.0189623
0.0376164
0.0609474
0.0886814
0.120266
0.154995
0.192094
0.230787
0.270357
0.310175
0.349711
0.388535
0.426312
0.462789
0.497787
0.531186
0.562916
0.592945
0.621272
0.64792
0.672927
0.696346
0.718236
0.738665
0.757699
0.77541
0.791867
0.80714
0.821294
0.834396
0.846506
0.857685
0.867989
0.877471
0.886182
0.894167
0.901472
0.908138
0.914203
0.919703
0.924671
0.929138
0.933133
0.936682
0.939808
0.942536
0.944885
0.946874
0.948521
0.949842
0.950851
0.951563
0.951988
0.952138
0.952025
0.951658
0.951044
0.950192
0.94911
0.94781
0.946289
0.944534
0.942558
0.940359
0.937934
0.935277
0.932392
0.929269
0.925906
0.9223
0.918449
0.914352
0.910009
0.90542
0.900588
0.895518
0.890214
0.884687
0.878947
0.873007
0.866885
0.860601
0.854179
0.847648
0.841037
0.834383
0.827729
0.821123
0.81462
0.808284
0.802183
0.796393
0.790994
0.786067
0.78169
0.777929
0.774827
0.772396
0.770607
0.00494276
0.0190804
0.0378704
0.0613921
0.0893987
0.121374
0.156579
0.194184
0.233415
0.273545
0.313927
0.35402
0.393382
0.431667
0.468615
0.504041
0.537819
0.569877
0.600182
0.628732
0.655553
0.680683
0.704179
0.726103
0.746524
0.765516
0.783152
0.799506
0.814652
0.828658
0.841595
0.853527
0.864518
0.874625
0.883905
0.892412
0.900192
0.907294
0.913759
0.919629
0.924938
0.929723
0.934014
0.937841
0.941231
0.944209
0.946797
0.949016
0.950885
0.952421
0.953641
0.954559
0.955188
0.955538
0.955622
0.955451
0.955032
0.954373
0.953481
0.952365
0.951035
0.949486
0.947706
0.945706
0.943485
0.941039
0.938348
0.935429
0.932271
0.928868
0.925218
0.921317
0.917164
0.912758
0.908099
0.903189
0.898033
0.892636
0.887008
0.881159
0.875104
0.86886
0.862448
0.855895
0.849228
0.84248
0.835691
0.828905
0.822156
0.815509
0.809031
0.802795
0.796879
0.791366
0.786339
0.781877
0.778049
0.774896
0.772428
0.770615
0.00496724
0.0191902
0.0381177
0.061839
0.0901061
0.1224
0.158034
0.196234
0.236133
0.27694
0.317937
0.358659
0.398635
0.437498
0.474981
0.510893
0.545102
0.577532
0.608148
0.636949
0.663959
0.689222
0.712795
0.734747
0.75515
0.774082
0.791622
0.807849
0.822839
0.836669
0.84941
0.861133
0.871902
0.881782
0.89083
0.899102
0.906649
0.913519
0.919758
0.925406
0.930503
0.935083
0.939179
0.942821
0.946036
0.94885
0.951286
0.953364
0.955104
0.956522
0.957635
0.958456
0.958998
0.959272
0.95929
0.95906
0.95859
0.957888
0.956959
0.955814
0.954456
0.952883
0.951082
0.949061
0.946816
0.944343
0.941639
0.938696
0.935509
0.932072
0.928382
0.924434
0.920227
0.915758
0.911029
0.90604
0.900795
0.8953
0.889565
0.883599
0.877419
0.871042
0.864492
0.857793
0.850981
0.844059
0.837074
0.830078
0.823151
0.816345
0.809722
0.803354
0.797318
0.791699
0.786581
0.782044
0.778156
0.774958
0.772458
0.770622
0.0049877
0.0192879
0.0383497
0.0622828
0.0908501
0.12352
0.159575
0.198221
0.238681
0.280203
0.32211
0.363675
0.404406
0.443878
0.481954
0.518407
0.553096
0.585937
0.616893
0.645961
0.673169
0.698562
0.722203
0.744165
0.764527
0.783372
0.800784
0.816849
0.831649
0.845265
0.857773
0.869249
0.879763
0.889379
0.898161
0.906166
0.913449
0.92006
0.926045
0.931448
0.936309
0.940663
0.944545
0.947986
0.951012
0.95365
0.955923
0.957851
0.959454
0.960748
0.96175
0.962472
0.962927
0.963124
0.963076
0.96279
0.962273
0.961531
0.96057
0.959401
0.958022
0.956432
0.954616
0.952583
0.950326
0.947836
0.94512
0.942159
0.93895
0.935486
0.931762
0.927773
0.923516
0.918989
0.914191
0.909124
0.90379
0.898195
0.892347
0.886259
0.879945
0.873424
0.866724
0.859832
0.852781
0.845646
0.838477
0.831322
0.824229
0.817258
0.810477
0.803962
0.797794
0.792058
0.786841
0.782223
0.778269
0.775023
0.772488
0.770629
0.00500641
0.0193814
0.0385792
0.0627346
0.0916303
0.124744
0.161346
0.200598
0.241665
0.283775
0.326277
0.368589
0.410208
0.450707
0.48961
0.52667
0.561889
0.595175
0.626485
0.655822
0.683216
0.708719
0.732399
0.754336
0.774616
0.793331
0.810571
0.826428
0.840992
0.854349
0.866581
0.877768
0.887984
0.8973
0.90578
0.913485
0.920474
0.926797
0.932503
0.937638
0.942243
0.946354
0.950006
0.95323
0.956056
0.958508
0.960609
0.962381
0.963843
0.965011
0.965899
0.966522
0.966889
0.967013
0.966902
0.966564
0.966005
0.96523
0.964243
0.963056
0.961662
0.960062
0.958242
0.956209
0.953959
0.951463
0.948736
0.945767
0.942544
0.939062
0.935314
0.931293
0.926995
0.922418
0.917559
0.912418
0.906996
0.901299
0.895338
0.889125
0.882675
0.875968
0.869029
0.861929
0.854709
0.84741
0.840065
0.832725
0.825445
0.818291
0.811336
0.804657
0.798339
0.79247
0.787138
0.782424
0.778396
0.775094
0.772521
0.770637
0.00502985
0.0194945
0.0388504
0.0632606
0.0925308
0.126151
0.163387
0.203389
0.245288
0.288252
0.331538
0.374533
0.416749
0.457859
0.497535
0.535553
0.571526
0.605366
0.636994
0.666569
0.694111
0.719674
0.743338
0.76519
0.785328
0.803851
0.820858
0.836449
0.85072
0.863765
0.875672
0.886524
0.896401
0.905377
0.913521
0.920896
0.927561
0.933572
0.938978
0.943826
0.948158
0.952012
0.955422
0.958422
0.961039
0.963299
0.965226
0.966839
0.968158
0.969199
0.969977
0.970503
0.970787
0.970841
0.970673
0.970289
0.969694
0.968893
0.967889
0.966691
0.965293
0.963684
0.961867
0.959834
0.957577
0.955106
0.952392
0.949431
0.94621
0.942723
0.938962
0.934921
0.930596
0.925986
0.921095
0.915892
0.910385
0.904579
0.898479
0.892093
0.885427
0.878544
0.871466
0.864225
0.856845
0.849363
0.841824
0.834284
0.826803
0.819452
0.812304
0.805444
0.798958
0.792938
0.787475
0.782653
0.77854
0.775175
0.772558
0.770645
0.00506998
0.019672
0.0392481
0.0639899
0.0937261
0.127957
0.165944
0.206819
0.249679
0.293662
0.337988
0.381983
0.425088
0.466855
0.506974
0.545241
0.581595
0.615913
0.648156
0.678097
0.705801
0.731315
0.754871
0.776555
0.796466
0.814716
0.831415
0.846671
0.860588
0.873264
0.884795
0.895269
0.904768
0.913371
0.92115
0.92817
0.934493
0.940175
0.945267
0.949817
0.953868
0.957459
0.960624
0.963396
0.965804
0.967873
0.969627
0.971085
0.972266
0.973185
0.973856
0.974292
0.9745
0.974492
0.974273
0.97385
0.973227
0.972408
0.971393
0.970191
0.968796
0.967196
0.965395
0.963388
0.961151
0.958683
0.955973
0.953011
0.949791
0.946302
0.942535
0.938479
0.934125
0.929462
0.924476
0.919192
0.913603
0.907712
0.901524
0.895053
0.88832
0.881343
0.874142
0.866746
0.85919
0.851518
0.843779
0.836031
0.828338
0.820772
0.813412
0.806347
0.79967
0.793477
0.787863
0.782917
0.778706
0.775268
0.772601
0.770656
0.00514247
0.0199727
0.039885
0.0650968
0.0954558
0.130467
0.169378
0.211291
0.255263
0.300384
0.345828
0.390882
0.434954
0.477575
0.518394
0.55716
0.593699
0.627953
0.659941
0.689771
0.717481
0.743133
0.766627
0.788099
0.807656
0.825535
0.841843
0.856695
0.870197
0.882457
0.893571
0.903634
0.912731
0.920943
0.928343
0.935
0.940975
0.946326
0.951106
0.955362
0.959137
0.96247
0.965398
0.967952
0.97016
0.972048
0.973639
0.974952
0.976005
0.976812
0.977388
0.977742
0.977884
0.977823
0.977564
0.977112
0.976469
0.975638
0.974619
0.973417
0.972024
0.970428
0.968629
0.966593
0.964352
0.961891
0.959196
0.956253
0.95305
0.949577
0.945821
0.941773
0.937424
0.932766
0.927795
0.92251
0.916909
0.910993
0.904766
0.898237
0.891422
0.88434
0.877012
0.869472
0.861753
0.853898
0.845958
0.837993
0.830072
0.822272
0.814681
0.80739
0.8005
0.794111
0.788326
0.783235
0.778909
0.775384
0.772655
0.770668
0.00527118
0.0204877
0.0409375
0.0668539
0.0980878
0.134129
0.174192
0.217331
0.262548
0.308878
0.355444
0.401492
0.446405
0.489697
0.531014
0.570112
0.606844
0.641146
0.673013
0.702478
0.729627
0.75461
0.7776
0.798721
0.818054
0.835589
0.851457
0.865871
0.878931
0.890754
0.901443
0.911094
0.919794
0.927626
0.934663
0.940974
0.946623
0.951666
0.956157
0.960143
0.963668
0.96677
0.969484
0.971843
0.973874
0.975603
0.977051
0.978238
0.979181
0.979895
0.98039
0.980679
0.980768
0.980666
0.980378
0.979906
0.979253
0.97842
0.977406
0.976211
0.974833
0.973253
0.971467
0.969495
0.967301
0.96488
0.962222
0.959314
0.956147
0.952708
0.948986
0.94497
0.940649
0.936017
0.931065
0.92579
0.920189
0.914261
0.908011
0.901445
0.894575
0.887416
0.87999
0.872326
0.864459
0.856436
0.848308
0.840138
0.831999
0.823969
0.816142
0.808614
0.801493
0.794887
0.788905
0.783642
0.779174
0.775539
0.772729
0.770686
0.00545813
0.0212282
0.0424383
0.0693285
0.101727
0.139075
0.180517
0.225029
0.271537
0.319014
0.366538
0.413333
0.458773
0.502386
0.543836
0.582907
0.619481
0.653519
0.685042
0.714117
0.740841
0.765334
0.787722
0.808128
0.82675
0.843744
0.859258
0.873267
0.885911
0.897344
0.907658
0.916951
0.925311
0.932821
0.939555
0.945581
0.950962
0.955756
0.960014
0.963784
0.967109
0.970028
0.972574
0.974781
0.976675
0.97828
0.97962
0.980711
0.981572
0.982215
0.982652
0.982893
0.982946
0.982817
0.98251
0.982028
0.981372
0.980543
0.979539
0.978358
0.977001
0.97546
0.973709
0.971762
0.969606
0.967228
0.964616
0.961757
0.958639
0.955249
0.951576
0.947607
0.943333
0.938744
0.933832
0.92859
0.923014
0.917104
0.91086
0.904288
0.897398
0.890205
0.882728
0.874995
0.86704
0.858907
0.850647
0.842322
0.834005
0.825778
0.817735
0.809981
0.802627
0.795792
0.789593
0.784135
0.7795
0.775731
0.772821
0.770709
0.00569461
0.0221588
0.0443117
0.0723694
0.10609
0.144812
0.187566
0.233232
0.28067
0.328821
0.376765
0.423746
0.469175
0.51262
0.553784
0.592486
0.628637
0.662224
0.693284
0.721898
0.748172
0.77223
0.794206
0.814237
0.832466
0.849025
0.864029
0.877659
0.890029
0.901193
0.911263
0.920329
0.928479
0.935792
0.942343
0.948199
0.953421
0.958067
0.962189
0.965833
0.969043
0.971855
0.974306
0.976425
0.978241
0.979777
0.981055
0.982094
0.982909
0.983513
0.983919
0.984135
0.984169
0.984027
0.983712
0.983227
0.982573
0.981749
0.980753
0.979582
0.978235
0.976701
0.974985
0.973068
0.970941
0.968593
0.966012
0.963186
0.960103
0.95675
0.953114
0.949184
0.944949
0.940398
0.935524
0.930319
0.92478
0.918902
0.912688
0.906142
0.899272
0.892093
0.884623
0.876887
0.868919
0.860759
0.852457
0.844072
0.835674
0.827344
0.819174
0.811269
0.803744
0.796723
0.790331
0.784683
0.779875
0.775958
0.772932
0.770736
)
;

boundaryField
{
    fuel
    {
        type            fixedValue;
        value           uniform 0;
    }
    air
    {
        type            fixedValue;
        value           uniform 0.77;
    }
    outlet
    {
        type            inletOutlet;
        inletValue      uniform 1;
        value           nonuniform List<scalar> 
200
(
0.00568859
0.022138
0.044275
0.0723189
0.106032
0.144757
0.18753
0.23323
0.280718
0.328931
0.376948
0.424008
0.46952
0.513046
0.554287
0.593061
0.629276
0.662917
0.694023
0.722673
0.748973
0.773048
0.795033
0.815065
0.833286
0.849833
0.864827
0.878428
0.890766
0.901898
0.911934
0.920967
0.929083
0.936362
0.942879
0.948701
0.953891
0.958505
0.962596
0.966211
0.969392
0.972178
0.974603
0.976699
0.978492
0.980008
0.981267
0.982289
0.983087
0.983677
0.98407
0.984273
0.984296
0.984143
0.983819
0.983325
0.982662
0.98183
0.980826
0.979648
0.978292
0.976751
0.975028
0.973103
0.97097
0.968615
0.966028
0.963197
0.960107
0.956748
0.953107
0.949172
0.944932
0.940377
0.935499
0.930291
0.924748
0.918869
0.912653
0.906106
0.899237
0.892058
0.884589
0.876855
0.86889
0.860733
0.852434
0.844053
0.835658
0.827331
0.819165
0.811263
0.803741
0.796722
0.790331
0.784684
0.779876
0.775959
0.772932
0.770737
0.00569461
0.0221588
0.0443117
0.0723694
0.10609
0.144812
0.187566
0.233232
0.28067
0.328821
0.376765
0.423746
0.469175
0.51262
0.553784
0.592486
0.628637
0.662224
0.693284
0.721898
0.748172
0.77223
0.794206
0.814237
0.832466
0.849025
0.864029
0.877659
0.890029
0.901193
0.911263
0.920329
0.928479
0.935792
0.942343
0.948199
0.953421
0.958067
0.962189
0.965833
0.969043
0.971855
0.974306
0.976425
0.978241
0.979777
0.981055
0.982094
0.982909
0.983513
0.983919
0.984135
0.984169
0.984027
0.983712
0.983227
0.982573
0.981749
0.980753
0.979582
0.978235
0.976701
0.974985
0.973068
0.970941
0.968593
0.966012
0.963186
0.960103
0.95675
0.953114
0.949184
0.944949
0.940398
0.935524
0.930319
0.92478
0.918902
0.912688
0.906142
0.899272
0.892093
0.884623
0.876887
0.868919
0.860759
0.852457
0.844072
0.835674
0.827344
0.819174
0.811269
0.803744
0.796723
0.790331
0.784683
0.779875
0.775958
0.772932
0.770736
)
;
    }
    frontAndBack
    {
        type            empty;
    }
}


// ************************************************************************* //
