/*--------------------------------*- C++ -*----------------------------------*\
  =========                 |
  \\      /  F ield         | OpenFOAM: The Open Source CFD Toolbox
   \\    /   O peration     | Website:  https://openfoam.org
    \\  /    A nd           | Version:  11
     \\/     M anipulation  |
\*---------------------------------------------------------------------------*/
FoamFile
{
    format      ascii;
    class       volScalarField;
    location    "0.05";
    object      O2;
}
// * * * * * * * * * * * * * * * * * * * * * * * * * * * * * * * * * * * * * //

dimensions      [0 0 0 0 0 0 0];

internalField   nonuniform List<scalar> 
4000
(
4.13732e-09
1.6978e-08
3.75499e-08
7.02426e-08
1.20731e-07
1.95908e-07
3.03776e-07
4.53397e-07
6.54983e-07
9.20125e-07
1.26215e-06
1.69658e-06
2.24157e-06
2.91854e-06
3.75275e-06
4.77401e-06
6.0175e-06
7.52468e-06
9.34443e-06
1.15343e-05
1.41621e-05
1.73076e-05
2.10645e-05
2.55429e-05
3.08723e-05
3.72043e-05
4.47173e-05
5.36195e-05
6.41567e-05
7.66126e-05
9.13213e-05
0.000108671
0.000129111
0.000153164
0.000181434
0.000214617
0.000253513
0.000299041
0.00035225
0.000414341
0.00048668
0.000570824
0.000668549
0.000781885
0.000913162
0.00106507
0.00124075
0.00144388
0.00167886
0.00195095
0.00226656
0.00263249
0.00305901
0.00355983
0.004148
0.0048411
0.00566002
0.00662889
0.0077745
0.00912501
0.0107053
0.0125393
0.0146567
0.0170587
0.0197472
0.0227171
0.0259594
0.0294649
0.0332268
0.0372419
0.0415108
0.0460375
0.0508286
0.0558918
0.0612353
0.0668668
0.0727925
0.0790167
0.0855407
0.0923624
0.0994755
0.106869
0.114525
0.122422
0.130528
0.138804
0.147204
0.15567
0.164134
0.172516
0.180727
0.188662
0.196209
0.203247
0.20965
0.215304
0.220118
0.224038
0.227067
0.229263
4.7419e-09
1.9449e-08
4.2926e-08
7.99911e-08
1.36726e-07
2.20337e-07
3.39003e-07
5.01814e-07
7.18888e-07
1.00165e-06
1.36321e-06
1.81887e-06
2.38656e-06
3.08745e-06
3.9465e-06
4.99314e-06
6.26198e-06
7.79375e-06
9.63623e-06
1.18455e-05
1.44873e-05
1.76385e-05
2.13892e-05
2.58451e-05
3.11282e-05
3.73809e-05
4.47728e-05
5.35037e-05
6.37966e-05
7.59181e-05
9.01741e-05
0.00010692
0.000126566
0.000149587
0.000176527
0.000208011
0.000244756
0.000287579
0.000337411
0.000395314
0.000462496
0.000540333
0.000630399
0.000734503
0.000854734
0.000993538
0.0011538
0.00133899
0.0015533
0.00180191
0.00209123
0.0024284
0.00282379
0.00329243
0.00384864
0.00451216
0.00530685
0.00626076
0.00740544
0.00877397
0.0103937
0.0122966
0.0145044
0.0170205
0.0198401
0.0229504
0.0263357
0.0299818
0.0338782
0.0380198
0.0424077
0.047046
0.0519413
0.0571017
0.0625357
0.068251
0.074254
0.0805485
0.0871357
0.094013
0.101173
0.108605
0.11629
0.124203
0.132312
0.140578
0.148948
0.157365
0.165758
0.174046
0.182137
0.189929
0.197311
0.204166
0.21038
0.215848
0.22049
0.224263
0.227177
0.22929
5.7354e-09
2.34293e-08
5.13448e-08
9.47893e-08
1.60311e-07
2.55508e-07
3.88841e-07
5.69572e-07
8.07874e-07
1.11512e-06
1.50428e-06
1.99035e-06
2.59091e-06
3.32658e-06
4.22157e-06
5.30433e-06
6.60814e-06
8.17185e-06
1.00408e-05
1.22678e-05
1.49144e-05
1.80507e-05
2.17577e-05
2.61315e-05
3.12866e-05
3.73519e-05
4.44742e-05
5.28202e-05
6.25886e-05
7.40041e-05
8.73249e-05
0.000102848
0.000120911
0.000141902
0.000166261
0.000194492
0.000227164
0.000264923
0.000308504
0.000358741
0.000416584
0.000483119
0.000559601
0.00064749
0.000748511
0.00086473
0.000998661
0.00115342
0.00133292
0.00154217
0.00178758
0.00207685
0.00242042
0.00283495
0.00333683
0.00394904
0.00470016
0.00562464
0.00676208
0.00815256
0.0098336
0.0118498
0.0142133
0.0169272
0.0199718
0.0233174
0.0269435
0.0308262
0.0349475
0.0392989
0.0438797
0.0486944
0.0537505
0.0590569
0.0646221
0.0704536
0.0765572
0.0829361
0.08959
0.0965151
0.103704
0.111144
0.118815
0.126693
0.134744
0.142925
0.151186
0.159467
0.1677
0.175804
0.183692
0.191266
0.198424
0.205056
0.211058
0.216334
0.220811
0.224453
0.227268
0.229313
6.92645e-09
2.81581e-08
6.12159e-08
1.11881e-07
1.87139e-07
2.94944e-07
4.44009e-07
6.43733e-07
9.04311e-07
1.237e-06
1.65451e-06
2.17138e-06
2.8045e-06
3.57349e-06
4.50123e-06
5.61431e-06
6.9438e-06
8.52509e-06
1.03985e-05
1.26101e-05
1.52141e-05
1.82754e-05
2.18687e-05
2.60733e-05
3.09796e-05
3.66935e-05
4.33332e-05
5.10338e-05
5.99483e-05
7.02495e-05
8.21325e-05
9.58176e-05
0.000111553
0.00012962
0.000150334
0.000174052
0.000201177
0.000232162
0.000267527
0.00030786
0.000353841
0.000406263
0.000466058
0.000534349
0.000612504
0.000702228
0.000805681
0.000925642
0.00106574
0.00123075
0.00142702
0.0016627
0.00194814
0.00230108
0.00273979
0.00329022
0.00398562
0.00486747
0.00598516
0.00738741
0.00912937
0.0112657
0.0138089
0.0167401
0.0200672
0.0237245
0.0276577
0.0318279
0.0362128
0.0408039
0.045602
0.0506129
0.0558454
0.061309
0.0670127
0.0729623
0.0791631
0.0856178
0.0923267
0.0992847
0.10648
0.1139
0.121523
0.129321
0.137263
0.14531
0.153412
0.161515
0.169549
0.177441
0.185108
0.192457
0.199393
0.205815
0.211625
0.216734
0.221073
0.224606
0.22734
0.22933
8.21387e-09
3.323e-08
7.16803e-08
1.29736e-07
2.14707e-07
3.34766e-07
4.98721e-07
7.15945e-07
9.96468e-07
1.35122e-06
1.79238e-06
2.33366e-06
2.99084e-06
3.78216e-06
4.72795e-06
5.85154e-06
7.17919e-06
8.74232e-06
1.05779e-05
1.27284e-05
1.52385e-05
1.81577e-05
2.15409e-05
2.54525e-05
2.99625e-05
3.51487e-05
4.10973e-05
4.79032e-05
5.56718e-05
6.45195e-05
7.45755e-05
8.59833e-05
9.8903e-05
0.000113513
0.000130016
0.000148638
0.000169637
0.000193308
0.000219993
0.000250092
0.000284078
0.000322523
0.000366127
0.000415767
0.000472558
0.000537938
0.000613793
0.000702618
0.000807752
0.000933686
0.00108649
0.00127433
0.00150715
0.00180261
0.00217991
0.00266636
0.00329798
0.00412139
0.00519538
0.00657844
0.00834068
0.0105382
0.0132482
0.0164683
0.0201205
0.0241057
0.0283487
0.0328044
0.0374495
0.0422761
0.0472859
0.0524857
0.0578854
0.0634963
0.0693314
0.0754069
0.0817049
0.0882324
0.094989
0.101967
0.109153
0.116531
0.124085
0.13179
0.139613
0.147516
0.155451
0.163365
0.171196
0.178876
0.186327
0.193464
0.200198
0.206433
0.212077
0.217045
0.221272
0.22472
0.227394
0.229343
9.48651e-09
3.82026e-08
8.18087e-08
1.46735e-07
2.40455e-07
3.71172e-07
5.4759e-07
7.78825e-07
1.07448e-06
1.44487e-06
1.90136e-06
2.45618e-06
3.12303e-06
3.9171e-06
4.85669e-06
5.96316e-06
7.26111e-06
8.77591e-06
1.05353e-05
1.25697e-05
1.49143e-05
1.76065e-05
2.06874e-05
2.42009e-05
2.81943e-05
3.27181e-05
3.78266e-05
4.35776e-05
5.00334e-05
5.72614e-05
6.53356e-05
7.43374e-05
8.43584e-05
9.55023e-05
0.000107888
0.000121654
0.000136962
0.000154005
0.000173015
0.000194274
0.000218134
0.000245032
0.000275527
0.000310339
0.000350407
0.000396972
0.000451682
0.00051675
0.00059516
0.000690956
0.000809643
0.000958729
0.0011477
0.00139065
0.00170871
0.0021266
0.00267868
0.00340725
0.00439043
0.00571331
0.00747948
0.00974455
0.0126506
0.0161653
0.0201477
0.0244609
0.0290159
0.0337625
0.0386766
0.0437491
0.0489804
0.0543762
0.0599443
0.0656929
0.0716284
0.0777517
0.0840908
0.0906439
0.0974101
0.104389
0.11158
0.118932
0.126425
0.134029
0.141726
0.149481
0.157253
0.164991
0.172636
0.180124
0.187381
0.194329
0.200883
0.206954
0.212454
0.217302
0.221433
0.224811
0.227436
0.229353
1.06502e-08
4.27076e-08
9.08483e-08
1.61604e-07
2.62424e-07
4.01341e-07
5.86728e-07
8.27217e-07
1.13165e-06
1.50915e-06
1.96929e-06
2.52304e-06
3.18308e-06
3.9639e-06
4.88046e-06
5.94873e-06
7.18592e-06
8.61202e-06
1.02482e-05
1.2117e-05
1.42425e-05
1.66496e-05
1.93644e-05
2.24135e-05
2.58242e-05
2.96241e-05
3.38411e-05
3.85043e-05
4.36439e-05
4.92926e-05
5.54867e-05
6.22681e-05
6.96859e-05
7.77997e-05
8.6682e-05
9.64223e-05
0.000107132
0.000118949
0.000132048
0.000146649
0.000163031
0.000181555
0.000202686
0.000227031
0.000255391
0.000288825
0.000328745
0.000377041
0.000436248
0.00050978
0.000602237
0.000719809
0.000870464
0.00106477
0.00131918
0.00165999
0.0021279
0.00277701
0.00368242
0.00493614
0.00666235
0.00898201
0.0120652
0.0158467
0.0201251
0.0247383
0.0295875
0.0346164
0.0397958
0.0451136
0.0505678
0.0561622
0.0619038
0.0678004
0.0738598
0.0800885
0.0864923
0.0930729
0.0998281
0.106751
0.113829
0.121086
0.128503
0.136025
0.143613
0.151232
0.158849
0.166422
0.173895
0.181209
0.188294
0.195076
0.201473
0.207403
0.212779
0.217523
0.221573
0.224889
0.227471
0.229361
1.16273e-08
4.6447e-08
9.82085e-08
1.73386e-07
2.79227e-07
4.23405e-07
6.13684e-07
8.5777e-07
1.16343e-06
1.53909e-06
1.99394e-06
2.53765e-06
3.17988e-06
3.93083e-06
4.80212e-06
5.80612e-06
6.95593e-06
8.26533e-06
9.74866e-06
1.14205e-05
1.32956e-05
1.53881e-05
1.77121e-05
2.02804e-05
2.31051e-05
2.61972e-05
2.9567e-05
3.32247e-05
3.71809e-05
4.14484e-05
4.60432e-05
5.09867e-05
5.63077e-05
6.20447e-05
6.8249e-05
7.49875e-05
8.23473e-05
9.04399e-05
9.94083e-05
0.000109436
0.000120759
0.000133681
0.000148599
0.000166029
0.00018665
0.000211359
0.000241343
0.00027818
0.000323969
0.000381506
0.0004545
0.000547871
0.000667974
0.000824991
0.00104007
0.00133792
0.0017537
0.00233578
0.0031593
0.00433269
0.00600352
0.00834923
0.0115301
0.015511
0.0200331
0.0249097
0.0300272
0.0353196
0.0407507
0.0463033
0.0519719
0.057758
0.0636668
0.0697052
0.0758802
0.082198
0.0886629
0.095277
0.102039
0.108945
0.115987
0.123152
0.130421
0.137807
0.145282
0.152783
0.160267
0.16769
0.175007
0.182163
0.189094
0.195729
0.201989
0.207795
0.213063
0.217717
0.221695
0.224958
0.227503
0.229369
1.23708e-08
4.92491e-08
1.03573e-07
1.81622e-07
2.9026e-07
4.36544e-07
6.27525e-07
8.70389e-07
1.17255e-06
1.54104e-06
1.98281e-06
2.50511e-06
3.11561e-06
3.82229e-06
4.63349e-06
5.55779e-06
6.60396e-06
7.78074e-06
9.0967e-06
1.05599e-05
1.21778e-05
1.39565e-05
1.59013e-05
1.80156e-05
2.03018e-05
2.27608e-05
2.53928e-05
2.81981e-05
3.11779e-05
3.43361e-05
3.76803e-05
4.1224e-05
4.49882e-05
4.90037e-05
5.33129e-05
5.7973e-05
6.30585e-05
6.86659e-05
7.49187e-05
8.19756e-05
9.00399e-05
9.93741e-05
0.000110318
0.000123316
0.000138947
0.000157973
0.000181401
0.000210559
0.000247204
0.000293658
0.000352985
0.000429219
0.000530425
0.000668019
0.000858741
0.00112647
0.00150027
0.00203653
0.00280952
0.00391695
0.00551564
0.00781418
0.0110328
0.0151517
0.0198688
0.0249719
0.0303302
0.0358648
0.0415305
0.047304
0.0531756
0.059144
0.0652123
0.0713863
0.0776723
0.084076
0.0906018
0.0972519
0.104026
0.110921
0.117929
0.125039
0.132237
0.139504
0.14681
0.154157
0.161501
0.1688
0.175981
0.182998
0.189791
0.196295
0.202436
0.208134
0.21331
0.217888
0.221804
0.225021
0.227533
0.229376
1.28679e-08
5.10752e-08
1.06895e-07
1.86282e-07
2.95648e-07
4.41594e-07
6.30718e-07
8.6922e-07
1.16289e-06
1.51748e-06
1.93861e-06
2.43181e-06
3.00265e-06
3.6567e-06
4.39948e-06
5.23643e-06
6.17272e-06
7.21312e-06
8.36179e-06
9.62204e-06
1.09961e-05
1.24849e-05
1.4088e-05
1.58036e-05
1.76285e-05
1.95588e-05
2.15903e-05
2.37194e-05
2.59444e-05
2.82666e-05
3.06918e-05
3.32315e-05
3.5905e-05
3.87403e-05
4.17763e-05
4.50646e-05
4.86722e-05
5.26849e-05
5.72123e-05
6.23939e-05
6.84087e-05
7.54864e-05
8.39245e-05
9.41094e-05
0.000106546
0.000121898
0.000141036
0.000165109
0.000195631
0.000234596
0.000284632
0.000350982
0.000441688
0.000566834
0.000740358
0.000985174
0.00133591
0.00184028
0.00257081
0.00363236
0.00516777
0.00739576
0.0105847
0.0147818
0.0196481
0.0249421
0.0305122
0.036265
0.0421456
0.0481236
0.0541847
0.0603241
0.066543
0.0728457
0.0792378
0.0857246
0.0923107
0.0989986
0.105789
0.112678
0.119661
0.126728
0.133865
0.141055
0.148276
0.155503
0.162702
0.169835
0.176873
0.183757
0.190426
0.196814
0.202847
0.208449
0.21354
0.218047
0.221907
0.22508
0.227561
0.229382
1.31349e-08
5.20007e-08
1.08385e-07
1.87929e-07
2.96643e-07
4.40477e-07
6.25061e-07
8.55657e-07
1.13712e-06
1.47394e-06
1.87032e-06
2.33023e-06
2.85742e-06
3.45544e-06
4.12755e-06
4.8767e-06
5.70537e-06
6.61542e-06
7.60794e-06
8.68309e-06
9.83991e-06
1.10762e-05
1.23887e-05
1.37728e-05
1.52234e-05
1.67347e-05
1.83017e-05
1.99203e-05
2.1589e-05
2.33095e-05
2.50882e-05
2.69372e-05
2.88755e-05
3.09302e-05
3.31378e-05
3.55462e-05
3.82165e-05
4.12265e-05
4.46747e-05
4.86863e-05
5.34215e-05
5.90857e-05
6.59448e-05
7.43447e-05
8.4737e-05
9.77142e-05
0.000114055
0.000134785
0.000161253
0.00019523
0.000239908
0.000300754
0.000384832
0.000501279
0.000662948
0.000895604
0.00122904
0.00171143
0.00241288
0.00343216
0.00491303
0.00706749
0.0101885
0.0144144
0.0193889
0.0248393
0.0305921
0.0365389
0.0426136
0.0487786
0.0550141
0.061312
0.0676713
0.0740948
0.0805872
0.0871536
0.0937985
0.100525
0.107333
0.114222
0.121187
0.128219
0.135306
0.142432
0.149576
0.156717
0.163824
0.170862
0.17779
0.184557
0.191107
0.197377
0.203299
0.208798
0.213797
0.218225
0.222022
0.225146
0.227592
0.22939
1.32186e-08
5.2226e-08
1.08495e-07
1.87295e-07
2.94083e-07
4.34155e-07
6.12409e-07
8.33231e-07
1.10049e-06
1.4176e-06
1.78754e-06
2.21293e-06
2.69606e-06
3.23887e-06
3.84292e-06
4.50934e-06
5.2387e-06
6.03095e-06
6.88525e-06
7.79989e-06
8.77221e-06
9.79856e-06
1.08744e-05
1.19945e-05
1.31533e-05
1.43453e-05
1.55662e-05
1.68129e-05
1.80851e-05
1.93861e-05
2.07234e-05
2.21098e-05
2.35645e-05
2.51138e-05
2.67923e-05
2.86446e-05
3.07271e-05
3.31111e-05
3.58867e-05
3.91683e-05
4.3102e-05
4.78758e-05
5.3733e-05
6.09909e-05
7.00644e-05
8.1499e-05
9.60129e-05
0.000114554
0.000138375
0.000169206
0.000210901
0.000268328
0.000347889
0.000458052
0.000613731
0.000837787
0.00116023
0.00162755
0.0023065
0.00329489
0.00472496
0.0068091
0.00985179
0.014065
0.0191114
0.0246864
0.0305941
0.03671
0.0429573
0.0492902
0.0556839
0.0621265
0.0686147
0.0751497
0.0817355
0.0883768
0.095078
0.101842
0.108671
0.115563
0.122515
0.129518
0.136563
0.143634
0.150708
0.157772
0.164794
0.171741
0.17857
0.185237
0.191686
0.197858
0.203686
0.209098
0.21402
0.218381
0.222123
0.225205
0.22762
0.229397
1.31638e-08
5.1916e-08
1.07523e-07
1.84871e-07
2.88922e-07
4.24365e-07
5.95401e-07
8.05637e-07
1.05809e-06
1.35523e-06
1.69903e-06
2.09105e-06
2.53243e-06
3.02392e-06
3.56586e-06
4.15814e-06
4.8001e-06
5.49052e-06
6.22748e-06
7.00837e-06
7.82978e-06
8.68764e-06
9.57729e-06
1.04937e-05
1.14319e-05
1.23876e-05
1.33573e-05
1.43397e-05
1.5336e-05
1.63505e-05
1.7392e-05
1.84738e-05
1.96149e-05
2.08407e-05
2.2184e-05
2.36866e-05
2.54012e-05
2.73938e-05
2.97482e-05
3.25705e-05
3.59966e-05
4.02018e-05
4.54132e-05
5.19271e-05
6.01317e-05
7.05368e-05
8.38125e-05
0.000100839
0.000122772
0.000151943
0.000191843
0.000246941
0.000323146
0.000430545
0.00058252
0.000800857
0.00111668
0.00157302
0.00223701
0.00320134
0.00459609
0.00662218
0.00958719
0.0137486
0.0188336
0.0245038
0.0305398
0.0368009
0.0431989
0.0496804
0.0562151
0.0627878
0.0693924
0.0760288
0.0827001
0.0894105
0.0961644
0.102965
0.109814
0.116712
0.123654
0.130635
0.137645
0.144669
0.151683
0.15868
0.165628
0.172495
0.179241
0.185822
0.192185
0.198273
0.20402
0.209358
0.214214
0.218518
0.222213
0.225258
0.227645
0.229403
1.30114e-08
5.12368e-08
1.05842e-07
1.81357e-07
2.82286e-07
4.1278e-07
5.76422e-07
7.76153e-07
1.01427e-06
1.29247e-06
1.61195e-06
1.97342e-06
2.3772e-06
2.82318e-06
3.31089e-06
3.83941e-06
4.40738e-06
5.01293e-06
5.65367e-06
6.32663e-06
7.02833e-06
7.75481e-06
8.50179e-06
9.26496e-06
1.00403e-05
1.08245e-05
1.16156e-05
1.24134e-05
1.32204e-05
1.40421e-05
1.48876e-05
1.57706e-05
1.67097e-05
1.77293e-05
1.88607e-05
2.01431e-05
2.16262e-05
2.33722e-05
2.54598e-05
2.79892e-05
3.10889e-05
3.49249e-05
3.97127e-05
4.57343e-05
5.33595e-05
6.30746e-05
7.55202e-05
9.15407e-05
0.00011234
0.000140501
0.000179241
0.000232754
0.000307054
0.000412601
0.0005618
0.000775934
0.0010865
0.00153642
0.00218779
0.00313345
0.00449372
0.00646815
0.00935186
0.0134531
0.01856
0.0243045
0.0304466
0.036831
0.043359
0.04997
0.0566286
0.0633159
0.0700237
0.0767506
0.0834985
0.0902713
0.0970734
0.103908
0.110778
0.117682
0.124619
0.131582
0.138563
0.145549
0.152513
0.159452
0.166338
0.173137
0.179813
0.186321
0.192611
0.198628
0.204308
0.209582
0.214382
0.218637
0.222291
0.225304
0.227667
0.229408
1.2806e-08
5.03655e-08
1.03819e-07
1.77378e-07
2.75149e-07
4.00815e-07
5.57445e-07
7.47422e-07
9.7246e-07
1.23366e-06
1.53161e-06
1.8664e-06
2.23776e-06
2.64502e-06
3.08717e-06
3.56284e-06
4.07027e-06
4.60734e-06
5.17152e-06
5.75985e-06
6.36905e-06
6.99555e-06
7.63567e-06
8.28589e-06
8.9431e-06
9.60508e-06
1.02709e-05
1.09415e-05
1.16202e-05
1.2313e-05
1.30296e-05
1.37835e-05
1.45929e-05
1.54811e-05
1.6478e-05
1.7621e-05
1.89572e-05
2.05459e-05
2.2462e-05
2.48015e-05
2.76872e-05
3.12783e-05
3.57821e-05
4.14692e-05
4.86946e-05
5.79242e-05
6.97689e-05
8.50284e-05
0.000105218
0.000132747
0.000170645
0.000222878
0.000296293
0.000400497
0.000548211
0.000759845
0.00106701
0.00151101
0.0021541
0.00308442
0.00442195
0.00636195
0.00915968
0.0131906
0.0183042
0.0241048
0.0303331
0.0368202
0.0434581
0.0501794
0.0569441
0.0637302
0.0705275
0.0773329
0.0841478
0.0909757
0.0978205
0.104686
0.111574
0.118486
0.12542
0.13237
0.139329
0.146284
0.153209
0.160096
0.166931
0.173674
0.180291
0.186739
0.192969
0.198927
0.20455
0.209772
0.214524
0.218738
0.222358
0.225344
0.227686
0.229413
1.25856e-08
4.94495e-08
1.01753e-07
1.73439e-07
2.68278e-07
3.89572e-07
5.3997e-07
7.21411e-07
9.35154e-07
1.18185e-06
1.46162e-06
1.77414e-06
2.11872e-06
2.49433e-06
2.89964e-06
3.33304e-06
3.79262e-06
4.27618e-06
4.78125e-06
5.30506e-06
5.84463e-06
6.39687e-06
6.95871e-06
7.52732e-06
8.10043e-06
8.67665e-06
9.25591e-06
9.83984e-06
1.04323e-05
1.10398e-05
1.16721e-05
1.23425e-05
1.30685e-05
1.38728e-05
1.47841e-05
1.58381e-05
1.70802e-05
1.85673e-05
2.03718e-05
2.25861e-05
2.53296e-05
2.87564e-05
3.30681e-05
3.85281e-05
4.54822e-05
5.43842e-05
6.58301e-05
8.06002e-05
0.000100413
0.00012755
0.000164928
0.000216399
0.000289173
0.000392265
0.000539316
0.000749134
0.00105417
0.00149358
0.00212911
0.00304676
0.0043619
0.00626748
0.00900682
0.012968
0.0180787
0.02392
0.030216
0.0367862
0.0435141
0.0503266
0.0571796
0.0640484
0.0709206
0.0777923
0.0846639
0.0915384
0.0984199
0.105312
0.112218
0.119137
0.126069
0.13301
0.139951
0.146881
0.153775
0.160622
0.167414
0.174113
0.180682
0.187081
0.193262
0.199171
0.204748
0.209927
0.21464
0.218821
0.222413
0.225376
0.227702
0.229417
1.23799e-08
4.86042e-08
9.98775e-08
1.69924e-07
2.62252e-07
3.79858e-07
5.25067e-07
6.99481e-07
9.04018e-07
1.13899e-06
1.4042e-06
1.69904e-06
2.02254e-06
2.37344e-06
2.75026e-06
3.15127e-06
3.57451e-06
4.01784e-06
4.4789e-06
4.95516e-06
5.44399e-06
5.9427e-06
6.44875e-06
6.95991e-06
7.47452e-06
7.99184e-06
8.51236e-06
9.03822e-06
9.57365e-06
1.01254e-05
1.0703e-05
1.13197e-05
1.19926e-05
1.27436e-05
1.36002e-05
1.45974e-05
1.57788e-05
1.71999e-05
1.89309e-05
2.1062e-05
2.37096e-05
2.70245e-05
3.12037e-05
3.65052e-05
4.32676e-05
5.19358e-05
6.30937e-05
7.75558e-05
9.7106e-05
0.000123926
0.000160827
0.000212079
0.000284585
0.000387087
0.000533655
0.000742133
0.00104503
0.00148145
0.00211095
0.00301909
0.00431661
0.00619633
0.00888994
0.0127885
0.0178916
0.0237615
0.0301089
0.0367435
0.0435423
0.0504271
0.0573505
0.0642853
0.0712179
0.0781429
0.0850603
0.0919729
0.0988844
0.105799
0.112718
0.119645
0.126576
0.13351
0.140437
0.147348
0.154219
0.161035
0.167795
0.174458
0.18099
0.187351
0.193493
0.199364
0.204905
0.21005
0.214733
0.218887
0.222456
0.225402
0.227715
0.22942
1.22105e-08
4.79123e-08
9.83563e-08
1.67104e-07
2.57465e-07
3.72215e-07
5.13442e-07
6.82504e-07
8.80079e-07
1.10625e-06
1.3606e-06
1.64232e-06
1.95029e-06
2.28313e-06
2.63925e-06
3.01688e-06
3.4141e-06
3.82883e-06
4.25886e-06
4.70187e-06
5.15551e-06
5.61745e-06
6.08552e-06
6.55792e-06
7.03347e-06
7.51184e-06
7.99391e-06
8.48216e-06
8.981e-06
9.49724e-06
1.00405e-05
1.06235e-05
1.12632e-05
1.19808e-05
1.28033e-05
1.37647e-05
1.49077e-05
1.62865e-05
1.79699e-05
2.00464e-05
2.26303e-05
2.58696e-05
2.99581e-05
3.51489e-05
4.17741e-05
5.02685e-05
6.12014e-05
7.55023e-05
9.48961e-05
0.000121507
0.000158079
0.000209167
0.000281381
0.000383561
0.000529604
0.000737577
0.00103915
0.00147362
0.00209892
0.00299993
0.00428513
0.00614583
0.00880555
0.0126537
0.017748
0.0236372
0.0300214
0.0367033
0.0435545
0.0504931
0.057469
0.0644534
0.0714312
0.0783964
0.0853485
0.0922898
0.0992242
0.106155
0.113086
0.120018
0.12695
0.133878
0.140797
0.147694
0.154547
0.161341
0.168076
0.174714
0.181218
0.187551
0.193664
0.199508
0.205021
0.210141
0.214801
0.218936
0.222489
0.225421
0.227724
0.229422
1.2092e-08
4.74297e-08
9.73004e-08
1.65157e-07
2.54179e-07
3.66996e-07
5.05541e-07
6.71016e-07
8.63944e-07
1.08426e-06
1.33143e-06
1.60451e-06
1.90229e-06
2.22333e-06
2.56599e-06
2.92851e-06
3.30899e-06
3.70542e-06
4.11572e-06
4.53771e-06
4.96924e-06
5.40821e-06
5.85272e-06
6.30126e-06
6.75291e-06
7.20764e-06
7.66655e-06
8.13229e-06
8.60941e-06
9.10471e-06
9.62773e-06
1.01912e-05
1.08115e-05
1.15097e-05
1.23123e-05
1.32527e-05
1.43729e-05
1.57265e-05
1.73814e-05
1.94249e-05
2.19699e-05
2.5163e-05
2.91955e-05
3.43179e-05
4.08582e-05
4.92461e-05
6.00432e-05
7.42515e-05
9.35549e-05
0.00012004
0.000156411
0.000207364
0.000279327
0.000381434
0.000527228
0.000734971
0.00103578
0.00146891
0.00209145
0.00298752
0.00426505
0.00611328
0.00875059
0.0125642
0.0176516
0.0235526
0.0299608
0.0366738
0.0435595
0.0505337
0.0575445
0.0645618
0.0715698
0.0785619
0.0855371
0.0924977
0.0994474
0.10639
0.113328
0.120264
0.127196
0.134122
0.141034
0.147922
0.154764
0.161543
0.168263
0.174883
0.181369
0.187683
0.193778
0.199603
0.205098
0.210202
0.214847
0.218968
0.22251
0.225434
0.22773
0.229424
1.20332e-08
4.71908e-08
9.67792e-08
1.64199e-07
2.52566e-07
3.64437e-07
5.0167e-07
6.65387e-07
8.56039e-07
1.07349e-06
1.31713e-06
1.58597e-06
1.87876e-06
2.19401e-06
2.53009e-06
2.88521e-06
3.25752e-06
3.64504e-06
4.04573e-06
4.45754e-06
4.87838e-06
5.30628e-06
5.73948e-06
6.1766e-06
6.61688e-06
7.06038e-06
7.50835e-06
7.96352e-06
8.43046e-06
8.91602e-06
9.42966e-06
9.98401e-06
1.05954e-05
1.12847e-05
1.20781e-05
1.30088e-05
1.41185e-05
1.54604e-05
1.7102e-05
1.91301e-05
2.16569e-05
2.48284e-05
2.88349e-05
3.39254e-05
4.04265e-05
4.87654e-05
5.95008e-05
7.36687e-05
9.29343e-05
0.000119367
0.000155653
0.000206551
0.000278414
0.000380503
0.000526202
0.000733823
0.00103422
0.00146656
0.00208798
0.00298175
0.0042555
0.00609744
0.00872421
0.012521
0.0176049
0.0235118
0.0299318
0.0366601
0.0435629
0.0505548
0.0575829
0.0646166
0.0716395
0.0786448
0.0856314
0.0926016
0.0995588
0.106507
0.113449
0.120386
0.127319
0.134242
0.141151
0.148035
0.154871
0.161643
0.168355
0.174967
0.181444
0.187749
0.193834
0.19965
0.205137
0.210232
0.21487
0.218985
0.222521
0.225441
0.227734
0.229425
1.20362e-08
4.72024e-08
9.68026e-08
1.64238e-07
2.52623e-07
3.64517e-07
5.01773e-07
6.65515e-07
8.56191e-07
1.07366e-06
1.31732e-06
1.58618e-06
1.87897e-06
2.19422e-06
2.53028e-06
2.88538e-06
3.25765e-06
3.64512e-06
4.04576e-06
4.45749e-06
4.87824e-06
5.30604e-06
5.73913e-06
6.17614e-06
6.61629e-06
7.05967e-06
7.50751e-06
7.96256e-06
8.4294e-06
8.91486e-06
9.42842e-06
9.98271e-06
1.05941e-05
1.12833e-05
1.20768e-05
1.30076e-05
1.41175e-05
1.54596e-05
1.71014e-05
1.91299e-05
2.16573e-05
2.48294e-05
2.88367e-05
3.39284e-05
4.04309e-05
4.87717e-05
5.95094e-05
7.36815e-05
9.2953e-05
0.000119394
0.000155691
0.000206605
0.000278491
0.000380614
0.00052636
0.000734047
0.00103453
0.00146701
0.00208862
0.00298266
0.00425678
0.00609923
0.00872674
0.0125246
0.0176091
0.0235164
0.0299367
0.036665
0.0435678
0.0505595
0.0575875
0.064621
0.0716438
0.0786489
0.0856353
0.0926053
0.0995623
0.10651
0.113452
0.120389
0.127321
0.134245
0.141154
0.148037
0.154873
0.161645
0.168357
0.174969
0.181446
0.18775
0.193836
0.199651
0.205138
0.210233
0.21487
0.218985
0.222521
0.225441
0.227734
0.229425
1.21009e-08
4.74641e-08
9.73695e-08
1.65271e-07
2.54348e-07
3.67229e-07
5.05843e-07
6.71391e-07
8.64391e-07
1.08478e-06
1.33199e-06
1.60512e-06
1.90292e-06
2.22394e-06
2.56656e-06
2.92901e-06
3.30937e-06
3.70565e-06
4.11576e-06
4.53752e-06
4.96877e-06
5.40743e-06
5.85159e-06
6.29976e-06
6.75103e-06
7.20535e-06
7.66386e-06
8.12922e-06
8.60598e-06
9.10098e-06
9.62374e-06
1.0187e-05
1.08072e-05
1.15054e-05
1.23081e-05
1.32488e-05
1.43695e-05
1.57236e-05
1.73793e-05
1.9424e-05
2.19705e-05
2.51655e-05
2.92006e-05
3.43263e-05
4.08709e-05
4.92642e-05
6.00684e-05
7.42889e-05
9.36101e-05
0.00012012
0.000156523
0.000207523
0.000279553
0.000381761
0.000527693
0.000735635
0.00103672
0.00147025
0.00209336
0.00299021
0.00426885
0.00611862
0.00875814
0.0125748
0.0176642
0.0235664
0.0299752
0.0366883
0.0435739
0.0505478
0.0575583
0.0645751
0.0715826
0.0785741
0.0855487
0.0925088
0.0994579
0.1064
0.113338
0.120273
0.127204
0.134129
0.141041
0.147929
0.15477
0.161548
0.168268
0.174888
0.181374
0.187687
0.193781
0.199606
0.205101
0.210204
0.214848
0.21897
0.222511
0.225435
0.227731
0.229424
1.22251e-08
4.79687e-08
9.84697e-08
1.67291e-07
2.57742e-07
3.72597e-07
5.1394e-07
6.83125e-07
8.80822e-07
1.10711e-06
1.36155e-06
1.64335e-06
1.95136e-06
2.28419e-06
2.64025e-06
3.01777e-06
3.41481e-06
3.82929e-06
4.25899e-06
4.70161e-06
5.15477e-06
5.61616e-06
6.08361e-06
6.55535e-06
7.03019e-06
7.50782e-06
7.98916e-06
8.47669e-06
8.97485e-06
9.49048e-06
1.00332e-05
1.06159e-05
1.12553e-05
1.19728e-05
1.27955e-05
1.37572e-05
1.49008e-05
1.62806e-05
1.79653e-05
2.00437e-05
2.263e-05
2.58726e-05
2.99653e-05
3.51615e-05
4.17936e-05
5.02969e-05
6.1241e-05
7.55622e-05
9.49854e-05
0.000121636
0.000158261
0.000209429
0.000281753
0.000384102
0.000530373
0.000738678
0.00104072
0.00147586
0.00210209
0.00300438
0.00429144
0.00615468
0.00881809
0.0126714
0.0177689
0.0236599
0.0300451
0.0367273
0.0435783
0.0505164
0.0574918
0.0644754
0.0714523
0.0784166
0.0853677
0.0923081
0.0992415
0.106172
0.113102
0.120032
0.126963
0.133891
0.140808
0.147705
0.154557
0.16135
0.168084
0.174721
0.181225
0.187556
0.19367
0.199512
0.205025
0.210144
0.214804
0.218938
0.22249
0.225422
0.227725
0.229422
1.23999e-08
4.86818e-08
1.00034e-07
1.70184e-07
2.62639e-07
3.80397e-07
5.25776e-07
7.00373e-07
9.05095e-07
1.14025e-06
1.40562e-06
1.70058e-06
2.02415e-06
2.37508e-06
2.75184e-06
3.1527e-06
3.5757e-06
4.01868e-06
4.47927e-06
4.95494e-06
5.44305e-06
5.94093e-06
6.44604e-06
6.95615e-06
7.46964e-06
7.98578e-06
8.50509e-06
9.02977e-06
9.56406e-06
1.01147e-05
1.06915e-05
1.13074e-05
1.19797e-05
1.27304e-05
1.3587e-05
1.45845e-05
1.57667e-05
1.7189e-05
1.89218e-05
2.10554e-05
2.37063e-05
2.70256e-05
3.12106e-05
3.65196e-05
4.32917e-05
5.1972e-05
6.31451e-05
7.7635e-05
9.72261e-05
0.000124102
0.000161077
0.000212447
0.000285118
0.000387846
0.000534734
0.000743655
0.00104719
0.00148454
0.00211534
0.00302528
0.00432536
0.00620859
0.00890734
0.012813
0.0179205
0.0237929
0.0301415
0.0367765
0.043575
0.0504592
0.0573817
0.0643155
0.0712469
0.0781707
0.0850868
0.091998
0.0989082
0.105821
0.112739
0.119664
0.126595
0.133527
0.140453
0.147363
0.154232
0.161047
0.167805
0.174468
0.180999
0.187358
0.1935
0.19937
0.204909
0.210054
0.214736
0.218889
0.222458
0.225403
0.227715
0.22942
1.26114e-08
4.95497e-08
1.01956e-07
1.73777e-07
2.68787e-07
3.90285e-07
5.40917e-07
7.22615e-07
9.36625e-07
1.18358e-06
1.46359e-06
1.77632e-06
2.12105e-06
2.49673e-06
2.90201e-06
3.33525e-06
3.79454e-06
4.27766e-06
4.78211e-06
5.30511e-06
5.84369e-06
6.39475e-06
6.95522e-06
7.52229e-06
8.09372e-06
8.66815e-06
9.24555e-06
9.8276e-06
1.04182e-05
1.1024e-05
1.16547e-05
1.23237e-05
1.30486e-05
1.38522e-05
1.4763e-05
1.58172e-05
1.70599e-05
1.85482e-05
2.03547e-05
2.25721e-05
2.53196e-05
2.8752e-05
3.30711e-05
3.85409e-05
4.55078e-05
5.44269e-05
6.58954e-05
8.06958e-05
0.00010056
0.00012777
0.000165249
0.000216855
0.000289832
0.000393204
0.000540664
0.000751046
0.00105691
0.00149748
0.00213465
0.0030546
0.004373
0.00628304
0.00902893
0.012999
0.0181151
0.0239595
0.030257
0.0368276
0.0435553
0.050367
0.0572189
0.0640863
0.0709571
0.0778272
0.0846972
0.0915701
0.0984499
0.10534
0.112244
0.119162
0.126092
0.133031
0.13997
0.146899
0.153792
0.160637
0.167428
0.174125
0.180693
0.18709
0.19327
0.199178
0.204754
0.209931
0.214644
0.218824
0.222414
0.225377
0.227703
0.229417
1.2839e-08
5.0494e-08
1.0408e-07
1.77815e-07
2.75809e-07
4.01748e-07
5.58695e-07
7.49027e-07
9.74442e-07
1.23603e-06
1.53434e-06
1.86947e-06
2.24109e-06
2.64852e-06
3.09071e-06
3.56625e-06
4.07338e-06
4.60993e-06
5.17334e-06
5.76064e-06
6.36853e-06
6.99341e-06
7.63164e-06
8.27967e-06
8.93445e-06
9.59379e-06
1.02568e-05
1.09245e-05
1.16003e-05
1.22903e-05
1.30042e-05
1.37557e-05
1.4563e-05
1.54495e-05
1.64453e-05
1.75877e-05
1.89241e-05
2.05137e-05
2.24318e-05
2.47743e-05
2.76645e-05
3.12619e-05
3.57741e-05
4.14725e-05
4.87128e-05
5.79618e-05
6.98317e-05
8.51238e-05
0.000105372
0.000132986
0.000171
0.000223387
0.000297039
0.000401567
0.000549767
0.000762072
0.00107025
0.00151565
0.00216076
0.00309382
0.00443534
0.00638066
0.00918631
0.0132275
0.0183474
0.0241516
0.0303817
0.0368693
0.0435069
0.0502273
0.0569907
0.0637753
0.0705708
0.0773744
0.0841874
0.0910133
0.0978561
0.104719
0.111606
0.118516
0.125447
0.132396
0.139352
0.146305
0.153228
0.160114
0.166946
0.173688
0.180303
0.18675
0.192978
0.198934
0.204556
0.209776
0.214527
0.218741
0.22236
0.225345
0.227687
0.229413
1.3054e-08
5.14029e-08
1.0618e-07
1.81925e-07
2.8315e-07
4.14007e-07
5.78079e-07
7.78297e-07
1.01694e-06
1.2957e-06
1.61573e-06
1.97772e-06
2.38195e-06
2.82828e-06
3.31618e-06
3.84469e-06
4.41241e-06
5.01742e-06
5.65729e-06
6.329e-06
7.02904e-06
7.75341e-06
8.49784e-06
9.258e-06
1.00299e-05
1.08103e-05
1.15972e-05
1.23907e-05
1.31932e-05
1.40104e-05
1.48515e-05
1.57304e-05
1.66657e-05
1.76821e-05
1.88108e-05
2.00914e-05
2.15734e-05
2.33194e-05
2.54081e-05
2.79401e-05
3.1044e-05
3.48863e-05
3.9683e-05
4.57168e-05
5.33579e-05
6.30938e-05
7.55659e-05
9.16194e-05
0.000112483
0.00014074
0.00017961
0.000233296
0.00030788
0.000413828
0.000563561
0.000778491
0.00109018
0.00154175
0.0021954
0.00314419
0.00450911
0.00649009
0.00938322
0.0134957
0.0186094
0.0243578
0.0305018
0.0368867
0.0434144
0.0500244
0.0566816
0.0633672
0.0700731
0.0767979
0.0835437
0.0903144
0.0971141
0.103947
0.110814
0.117716
0.12465
0.131612
0.13859
0.145574
0.152535
0.159472
0.166356
0.173153
0.179826
0.186333
0.192621
0.198636
0.204315
0.209588
0.214386
0.21864
0.222293
0.225306
0.227668
0.229408
1.32187e-08
5.21301e-08
1.0796e-07
1.85609e-07
2.90049e-07
4.25978e-07
5.97595e-07
8.08501e-07
1.0617e-06
1.35963e-06
1.70425e-06
2.09708e-06
2.53921e-06
3.03134e-06
3.57375e-06
4.16626e-06
4.80816e-06
5.49814e-06
6.23423e-06
7.01371e-06
7.83315e-06
8.68839e-06
9.57472e-06
1.04871e-05
1.14207e-05
1.23709e-05
1.33347e-05
1.43107e-05
1.53001e-05
1.63076e-05
1.7342e-05
1.8417e-05
1.95515e-05
2.07713e-05
2.21093e-05
2.36075e-05
2.53185e-05
2.7309e-05
2.96625e-05
3.24858e-05
3.59149e-05
4.01255e-05
4.53454e-05
5.18717e-05
6.00935e-05
7.05219e-05
8.38289e-05
0.000100898
0.000122886
0.00015216
0.000192212
0.000247516
0.000323993
0.000431807
0.000584337
0.000803573
0.00112064
0.00157885
0.00224546
0.00321345
0.00461347
0.00664686
0.00962226
0.0137957
0.0188881
0.0245624
0.0306004
0.0368621
0.0432597
0.0497402
0.0562735
0.0628443
0.0694469
0.0760812
0.0827502
0.0894583
0.0962097
0.103008
0.109855
0.11675
0.12369
0.130668
0.137675
0.144697
0.151708
0.158703
0.165649
0.172513
0.179257
0.185835
0.192197
0.198283
0.204029
0.209365
0.214219
0.218522
0.222215
0.22526
0.227646
0.229403
1.32882e-08
5.24985e-08
1.09054e-07
1.88242e-07
2.95539e-07
4.36254e-07
6.15287e-07
8.37024e-07
1.10532e-06
1.42357e-06
1.7947e-06
2.22132e-06
2.70565e-06
3.24957e-06
3.85456e-06
4.52166e-06
5.25137e-06
6.0435e-06
6.89712e-06
7.8104e-06
8.78057e-06
9.80386e-06
1.08756e-05
1.19906e-05
1.31432e-05
1.43279e-05
1.55404e-05
1.67778e-05
1.80399e-05
1.93302e-05
2.06564e-05
2.20316e-05
2.34752e-05
2.50139e-05
2.66824e-05
2.85255e-05
3.06e-05
3.29775e-05
3.57482e-05
3.90269e-05
4.29602e-05
4.77364e-05
5.35997e-05
6.08679e-05
6.9957e-05
8.14137e-05
9.59575e-05
0.000114538
0.000138408
0.000169347
0.000211212
0.000268877
0.000348764
0.000459361
0.000615697
0.000840691
0.00116457
0.0016339
0.00231584
0.00330823
0.00474428
0.00683677
0.00989104
0.0141162
0.0191698
0.024749
0.0306587
0.0367753
0.0430221
0.0493541
0.0557462
0.0621871
0.0686732
0.075206
0.0817895
0.0884284
0.0951271
0.101889
0.108715
0.115604
0.122553
0.129554
0.136596
0.143665
0.150736
0.157797
0.164817
0.171761
0.178589
0.185253
0.1917
0.19787
0.203695
0.209105
0.214026
0.218386
0.222126
0.225207
0.227621
0.229397
1.32199e-08
5.23341e-08
1.09074e-07
1.89117e-07
2.98491e-07
4.43162e-07
6.28776e-07
8.606e-07
1.14348e-06
1.48189e-06
1.88e-06
2.34173e-06
2.87078e-06
3.47061e-06
4.14441e-06
4.895e-06
5.72474e-06
6.63535e-06
7.62777e-06
8.70196e-06
9.85679e-06
1.10899e-05
1.23978e-05
1.37758e-05
1.52185e-05
1.67203e-05
1.8276e-05
1.98816e-05
2.15357e-05
2.32403e-05
2.5002e-05
2.68333e-05
2.87533e-05
3.07898e-05
3.29795e-05
3.53706e-05
3.80247e-05
4.10199e-05
4.44551e-05
4.84561e-05
5.31833e-05
5.88429e-05
6.57016e-05
7.41061e-05
8.45092e-05
9.75049e-05
0.000113874
0.000134644
0.000161166
0.000195215
0.000240048
0.000301134
0.000385545
0.000502425
0.00066484
0.000898594
0.00123354
0.00171821
0.0024229
0.00344678
0.00493441
0.00709833
0.0102322
0.0144689
0.01945
0.0249043
0.030659
0.0366063
0.0426808
0.0488448
0.0550789
0.0613751
0.0677324
0.0741537
0.0806438
0.0872079
0.0938503
0.100574
0.10738
0.114267
0.121229
0.128258
0.135342
0.142465
0.149607
0.156745
0.16385
0.170885
0.17781
0.184574
0.191122
0.197391
0.20331
0.208807
0.213804
0.218231
0.222025
0.225148
0.227593
0.22939
1.29712e-08
5.14809e-08
1.07732e-07
1.87716e-07
2.97892e-07
4.44918e-07
6.35397e-07
8.75507e-07
1.17109e-06
1.52786e-06
1.9514e-06
2.44723e-06
3.02084e-06
3.67771e-06
4.42329e-06
5.26285e-06
6.20143e-06
7.24361e-06
8.39333e-06
9.65365e-06
1.10265e-05
1.25126e-05
1.41112e-05
1.58201e-05
1.7636e-05
1.95546e-05
2.15717e-05
2.36835e-05
2.58884e-05
2.81879e-05
3.05878e-05
3.31003e-05
3.57448e-05
3.855e-05
4.15552e-05
4.48125e-05
4.83895e-05
5.23726e-05
5.68719e-05
6.20276e-05
6.80193e-05
7.50775e-05
8.35007e-05
9.36766e-05
0.000106112
0.000121471
0.000140627
0.000164731
0.000195302
0.000234337
0.000284468
0.00035104
0.000442095
0.000567727
0.000741895
0.000987885
0.0013403
0.00184699
0.00258113
0.00364746
0.00518978
0.00742782
0.0106299
0.014837
0.0197095
0.0250072
0.0305791
0.0363326
0.042213
0.0481902
0.05425
0.0603878
0.0666049
0.0729056
0.0792955
0.0857801
0.0923639
0.0990493
0.105837
0.112724
0.119704
0.126769
0.133903
0.141091
0.148309
0.155533
0.16273
0.16986
0.176896
0.183777
0.190444
0.196829
0.20286
0.208459
0.213549
0.218054
0.221911
0.225083
0.227562
0.229383
1.24932e-08
4.97319e-08
1.04578e-07
1.83356e-07
2.92979e-07
4.4054e-07
6.33175e-07
8.78154e-07
1.18286e-06
1.55428e-06
1.99928e-06
2.52522e-06
3.13969e-06
3.85059e-06
4.66612e-06
5.59475e-06
6.64505e-06
7.82556e-06
9.14457e-06
1.06098e-05
1.22284e-05
1.40061e-05
1.59475e-05
1.80559e-05
2.03329e-05
2.2779e-05
2.5394e-05
2.81779e-05
3.11317e-05
3.42591e-05
3.75678e-05
4.10716e-05
4.47918e-05
4.87596e-05
5.30182e-05
5.76253e-05
6.26563e-05
6.82082e-05
7.44057e-05
8.14081e-05
8.942e-05
9.87049e-05
0.000109604
0.000122562
0.000138161
0.000157166
0.000180583
0.000209745
0.000246411
0.000292907
0.000352301
0.000428634
0.000530144
0.000668238
0.000859687
0.00112846
0.00150392
0.00204272
0.00281936
0.00393136
0.00553734
0.00784588
0.0110766
0.0152049
0.0199279
0.0250346
0.0303948
0.0359302
0.0415958
0.0473687
0.0532393
0.0592062
0.0652729
0.0714451
0.0777291
0.0841307
0.0906544
0.0973024
0.104074
0.110967
0.117973
0.125081
0.132277
0.139541
0.146846
0.15419
0.161533
0.168829
0.176008
0.183022
0.189812
0.196313
0.202451
0.208147
0.21332
0.217895
0.221809
0.225024
0.227534
0.229376
1.17677e-08
4.70031e-08
9.93721e-08
1.75415e-07
2.82448e-07
4.28209e-07
6.20497e-07
8.67047e-07
1.17573e-06
1.5551e-06
2.01448e-06
2.56322e-06
3.21096e-06
3.96779e-06
4.8454e-06
5.85601e-06
7.01253e-06
8.32852e-06
9.818e-06
1.14952e-05
1.33743e-05
1.54692e-05
1.7793e-05
2.03581e-05
2.31757e-05
2.6256e-05
2.96085e-05
3.32425e-05
3.71681e-05
4.13973e-05
4.59458e-05
5.08347e-05
5.60929e-05
6.1759e-05
6.78847e-05
7.45377e-05
8.18057e-05
8.98011e-05
9.86683e-05
0.000108592
0.000119809
0.000132626
0.00014744
0.000164771
0.000185299
0.000209924
0.000239836
0.000276616
0.000322367
0.000379884
0.000452881
0.000546275
0.000666416
0.000823799
0.00103957
0.00133847
0.00175574
0.00233982
0.00316701
0.00434519
0.00602329
0.00837861
0.0115701
0.0155595
0.0200872
0.0249672
0.0300867
0.0353801
0.0408114
0.0463636
0.0520313
0.0578162
0.0637236
0.0697603
0.0759335
0.0822494
0.0887123
0.0953244
0.102085
0.108989
0.116029
0.123193
0.130461
0.137846
0.145319
0.152818
0.1603
0.16772
0.175035
0.182188
0.189116
0.195748
0.202005
0.207808
0.213073
0.217725
0.221701
0.224962
0.227505
0.229369
1.08058e-08
4.33261e-08
9.21513e-08
1.63896e-07
2.66099e-07
4.06883e-07
5.94705e-07
8.38284e-07
1.14647e-06
1.5284e-06
1.99374e-06
2.55368e-06
3.22093e-06
4.01012e-06
4.93563e-06
6.01327e-06
7.26065e-06
8.69722e-06
1.03439e-05
1.22229e-05
1.43577e-05
1.67728e-05
1.94934e-05
2.25454e-05
2.59547e-05
2.97478e-05
3.39515e-05
3.85934e-05
4.37021e-05
4.93091e-05
5.54493e-05
6.21634e-05
6.94996e-05
7.75167e-05
8.62868e-05
9.58994e-05
0.000106466
0.000118125
0.000131053
0.00014547
0.000161658
0.000179979
0.000200901
0.000225035
0.000253185
0.000286415
0.000326141
0.000374256
0.000433304
0.000506701
0.000599053
0.000716553
0.000867177
0.00106146
0.00131587
0.00165739
0.0021266
0.00277777
0.00368642
0.0049441
0.00667664
0.00900465
0.0120975
0.0158872
0.0201711
0.024788
0.0296394
0.0346694
0.0398493
0.0451668
0.0506203
0.0562135
0.0619534
0.0678481
0.0739053
0.0801327
0.086535
0.0931134
0.0998659
0.106787
0.113866
0.121124
0.128541
0.136062
0.143648
0.151265
0.158881
0.166451
0.173923
0.181234
0.188316
0.195095
0.20149
0.207417
0.21279
0.217532
0.221579
0.224893
0.227473
0.229362
9.65229e-09
3.8865e-08
8.32148e-08
1.49231e-07
2.44497e-07
3.77333e-07
5.56555e-07
7.9139e-07
1.09155e-06
1.46746e-06
1.9305e-06
2.49293e-06
3.16846e-06
3.97242e-06
4.92353e-06
6.04327e-06
7.35569e-06
8.88578e-06
1.06609e-05
1.2712e-05
1.50733e-05
1.77819e-05
2.08778e-05
2.4404e-05
2.84067e-05
3.29348e-05
3.80408e-05
4.37805e-05
5.02139e-05
5.7406e-05
6.54282e-05
7.43593e-05
8.42882e-05
9.5316e-05
0.00010756
0.000121155
0.000136263
0.000153075
0.000171822
0.000192789
0.000216325
0.000242871
0.000272989
0.000307403
0.000347057
0.000393199
0.000447485
0.000512136
0.000590147
0.000685573
0.000803931
0.000952742
0.00114151
0.00138429
0.00170228
0.00212015
0.00267213
0.00340016
0.00438453
0.0057096
0.00747807
0.00976214
0.0126746
0.0161958
0.0201834
0.0245003
0.0290576
0.0338057
0.0387205
0.0437929
0.0490235
0.0544177
0.059983
0.0657263
0.0716506
0.0777839
0.0841273
0.0906825
0.0974504
0.10443
0.111619
0.118968
0.126458
0.134061
0.141757
0.149512
0.157282
0.165019
0.172663
0.180149
0.187404
0.194349
0.2009
0.206968
0.212466
0.217311
0.22144
0.224815
0.227438
0.229353
8.38367e-09
3.3912e-08
7.31393e-08
1.32351e-07
2.18988e-07
3.4136e-07
5.08419e-07
7.2968e-07
1.01532e-06
1.37641e-06
1.82525e-06
2.37574e-06
3.0438e-06
3.84767e-06
4.80776e-06
5.94743e-06
7.29289e-06
8.87651e-06
1.07355e-05
1.2911e-05
1.5447e-05
1.83922e-05
2.1803e-05
2.57416e-05
3.02768e-05
3.54848e-05
4.14498e-05
4.82645e-05
5.60313e-05
6.48631e-05
7.48854e-05
8.62373e-05
9.90743e-05
0.00011357
0.000129921
0.000148349
0.000169107
0.000192485
0.000218821
0.000248509
0.000282022
0.000319929
0.000362934
0.000411914
0.000467988
0.000532605
0.000607659
0.000695661
0.000799966
0.000925087
0.00107712
0.00126427
0.00149647
0.00179148
0.00216852
0.00265497
0.00328694
0.0041112
0.00518682
0.00657226
0.00833796
0.0105404
0.0132581
0.0164851
0.020143
0.0241324
0.0283785
0.0328361
0.0374822
0.0423093
0.0473192
0.0525193
0.0579202
0.0635347
0.0693794
0.0754438
0.081737
0.0882624
0.0950179
0.101995
0.10918
0.116557
0.12411
0.131814
0.139637
0.14754
0.155475
0.163388
0.171219
0.178897
0.186347
0.193483
0.200214
0.206447
0.212089
0.217054
0.221278
0.224724
0.227396
0.229344
7.09372e-09
2.88335e-08
6.26732e-08
1.1452e-07
1.91507e-07
3.01749e-07
4.5413e-07
6.58222e-07
9.24402e-07
1.26412e-06
1.69027e-06
2.21762e-06
2.86326e-06
3.64705e-06
4.59206e-06
5.72516e-06
7.07767e-06
8.68484e-06
1.05871e-05
1.28305e-05
1.54708e-05
1.85731e-05
2.2209e-05
2.64578e-05
3.14086e-05
3.71666e-05
4.38488e-05
5.15879e-05
6.05333e-05
7.08541e-05
8.27409e-05
9.64084e-05
0.000112099
0.000130086
0.000150677
0.00017422
0.000201108
0.000231786
0.00026676
0.00030661
0.000352007
0.000403734
0.000462717
0.000530075
0.000607176
0.00069573
0.000797903
0.000916492
0.00105515
0.00121867
0.00141346
0.00164772
0.00193179
0.00228356
0.00272137
0.00327128
0.00396671
0.00484932
0.00596872
0.00737246
0.00911807
0.0112591
0.0138072
0.0167445
0.0200773
0.023739
0.0276754
0.0318476
0.0362336
0.0408251
0.045623
0.0506335
0.0558656
0.0613289
0.067032
0.0729797
0.0791786
0.0856321
0.0923401
0.0992975
0.106493
0.113912
0.121535
0.129334
0.137277
0.145324
0.153428
0.161531
0.169566
0.177458
0.185124
0.192473
0.199407
0.205828
0.211636
0.216742
0.221079
0.22461
0.227342
0.229331
5.89515e-09
2.40779e-08
5.27558e-08
9.73711e-08
1.64633e-07
2.62318e-07
3.99083e-07
5.84393e-07
8.2864e-07
1.14343e-06
1.54198e-06
2.03958e-06
2.65408e-06
3.40643e-06
4.32119e-06
5.42717e-06
6.75801e-06
8.35293e-06
1.02576e-05
1.25254e-05
1.52176e-05
1.84041e-05
2.21667e-05
2.6602e-05
3.18251e-05
3.79612e-05
4.51545e-05
5.35747e-05
6.3414e-05
7.48942e-05
8.82696e-05
0.000103831
0.00012191
0.000142886
0.000167189
0.000195311
0.000227808
0.000265313
0.000308543
0.000358315
0.000415561
0.000481351
0.000556921
0.000643718
0.000743454
0.000858188
0.000990436
0.00114332
0.00132078
0.00152785
0.00177099
0.00205802
0.00239931
0.00281175
0.00331182
0.00392265
0.00467299
0.00559751
0.00673604
0.00812769
0.00981226
0.0118338
0.0142022
0.016921
0.0199701
0.0233194
0.0269486
0.0308333
0.0349556
0.0393071
0.0438874
0.0487011
0.053756
0.0590609
0.0646245
0.0704544
0.0765564
0.0829342
0.0895872
0.0965118
0.103701
0.111141
0.118813
0.126692
0.134745
0.142927
0.15119
0.159473
0.167707
0.175813
0.183701
0.191276
0.198433
0.205065
0.211066
0.21634
0.220816
0.224456
0.227269
0.229313
4.89149e-09
2.00591e-08
4.42635e-08
8.24626e-08
1.40908e-07
2.27003e-07
3.4914e-07
5.16639e-07
7.39869e-07
1.03052e-06
1.40202e-06
1.86998e-06
2.45271e-06
3.17177e-06
4.05256e-06
5.12499e-06
6.42421e-06
7.99145e-06
9.87509e-06
1.21318e-05
1.48277e-05
1.80402e-05
2.186e-05
2.63927e-05
3.17599e-05
3.81055e-05
4.55994e-05
5.44347e-05
6.48358e-05
7.70667e-05
9.14288e-05
0.000108272
0.000128002
0.000151082
0.000178048
0.000209513
0.000246178
0.000288843
0.000338421
0.000395951
0.000462617
0.000539771
0.00062896
0.000731969
0.000850864
0.000988074
0.00114647
0.00132952
0.00154144
0.00178741
0.00207392
0.00240825
0.00280066
0.00326646
0.0038201
0.00448148
0.00527467
0.0062279
0.00737288
0.00874251
0.0103644
0.0122706
0.0144832
0.0170045
0.0198289
0.0229431
0.0263314
0.0299793
0.0338764
0.0380179
0.0424049
0.0470417
0.0519351
0.0570935
0.0625253
0.0682385
0.0742395
0.0805325
0.0871185
0.093995
0.101155
0.108587
0.116273
0.124187
0.132299
0.140566
0.148939
0.157359
0.165754
0.174045
0.182138
0.189931
0.197314
0.20417
0.210384
0.215852
0.220493
0.224265
0.227178
0.229291
4.28013e-09
1.75615e-08
3.88339e-08
7.26279e-08
1.24794e-07
2.02431e-07
3.1377e-07
4.68122e-07
6.7597e-07
9.49203e-07
1.30148e-06
1.74866e-06
2.30933e-06
3.00534e-06
3.86247e-06
4.91105e-06
6.18687e-06
7.73203e-06
9.5961e-06
1.18374e-05
1.45243e-05
1.77372e-05
2.15707e-05
2.61352e-05
3.15605e-05
3.79983e-05
4.56264e-05
5.46523e-05
6.53215e-05
7.79144e-05
9.27621e-05
0.000110248
0.000130815
0.000154979
0.000183333
0.00021656
0.000255448
0.000300895
0.000353933
0.000415735
0.000487644
0.000571187
0.000668112
0.000780417
0.000910404
0.00106074
0.00123454
0.00143548
0.00166796
0.00193727
0.00224985
0.00261268
0.00303589
0.00353351
0.0041187
0.00480926
0.00562628
0.0065941
0.00773972
0.00909147
0.0106727
0.0125101
0.0146317
0.0170382
0.0197309
0.0227043
0.0259492
0.0294563
0.0332187
0.0372333
0.0415009
0.0460258
0.0508146
0.0558753
0.0612162
0.0668451
0.0727686
0.0789908
0.0855132
0.0923339
0.0994465
0.10684
0.114497
0.122395
0.130503
0.138782
0.147184
0.155653
0.16412
0.172505
0.180719
0.188657
0.196207
0.203246
0.20965
0.215305
0.220119
0.224039
0.227067
0.229263
)
;

boundaryField
{
    fuel
    {
        type            fixedValue;
        value           uniform 0;
    }
    air
    {
        type            fixedValue;
        value           uniform 0.23;
    }
    outlet
    {
        type            inletOutlet;
        inletValue      uniform 0;
        value           nonuniform List<scalar> 
200
(
4.13732e-09
1.6978e-08
3.75499e-08
7.02426e-08
1.20731e-07
1.95908e-07
3.03776e-07
4.53397e-07
6.54983e-07
9.20125e-07
1.26215e-06
1.69658e-06
2.24157e-06
2.91854e-06
3.75275e-06
4.77401e-06
6.0175e-06
7.52468e-06
9.34443e-06
1.15343e-05
1.41621e-05
1.73076e-05
2.10645e-05
2.55429e-05
3.08723e-05
3.72043e-05
4.47173e-05
5.36195e-05
6.41567e-05
7.66126e-05
9.13213e-05
0.000108671
0.000129111
0.000153164
0.000181434
0.000214617
0.000253513
0.000299041
0.00035225
0.000414341
0.00048668
0.000570824
0.000668549
0.000781885
0.000913162
0.00106507
0.00124075
0.00144388
0.00167886
0.00195095
0.00226656
0.00263249
0.00305901
0.00355983
0.004148
0.0048411
0.00566002
0.00662889
0.0077745
0.00912501
0.0107053
0.0125393
0.0146567
0.0170587
0.0197472
0.0227171
0.0259594
0.0294649
0.0332268
0.0372419
0.0415108
0.0460375
0.0508286
0.0558918
0.0612353
0.0668668
0.0727925
0.0790167
0.0855407
0.0923624
0.0994755
0.106869
0.114525
0.122422
0.130528
0.138804
0.147204
0.15567
0.164134
0.172516
0.180727
0.188662
0.196209
0.203247
0.20965
0.215304
0.220118
0.224038
0.227067
0.229263
4.28013e-09
1.75615e-08
3.88339e-08
7.26279e-08
1.24794e-07
2.02431e-07
3.1377e-07
4.68122e-07
6.7597e-07
9.49203e-07
1.30148e-06
1.74866e-06
2.30933e-06
3.00534e-06
3.86247e-06
4.91105e-06
6.18687e-06
7.73203e-06
9.5961e-06
1.18374e-05
1.45243e-05
1.77372e-05
2.15707e-05
2.61352e-05
3.15605e-05
3.79983e-05
4.56264e-05
5.46523e-05
6.53215e-05
7.79144e-05
9.27621e-05
0.000110248
0.000130815
0.000154979
0.000183333
0.00021656
0.000255448
0.000300895
0.000353933
0.000415735
0.000487644
0.000571187
0.000668112
0.000780417
0.000910404
0.00106074
0.00123454
0.00143548
0.00166796
0.00193727
0.00224985
0.00261268
0.00303589
0.00353351
0.0041187
0.00480926
0.00562628
0.0065941
0.00773972
0.00909147
0.0106727
0.0125101
0.0146317
0.0170382
0.0197309
0.0227043
0.0259492
0.0294563
0.0332187
0.0372333
0.0415009
0.0460258
0.0508146
0.0558753
0.0612162
0.0668451
0.0727686
0.0789908
0.0855132
0.0923339
0.0994465
0.10684
0.114497
0.122395
0.130503
0.138782
0.147184
0.155653
0.16412
0.172505
0.180719
0.188657
0.196207
0.203246
0.20965
0.215305
0.220119
0.224039
0.227067
0.229263
)
;
    }
    frontAndBack
    {
        type            empty;
    }
}


// ************************************************************************* //
