/*--------------------------------*- C++ -*----------------------------------*\
  =========                 |
  \\      /  F ield         | OpenFOAM: The Open Source CFD Toolbox
   \\    /   O peration     | Website:  https://openfoam.org
    \\  /    A nd           | Version:  11
     \\/     M anipulation  |
\*---------------------------------------------------------------------------*/
FoamFile
{
    format      ascii;
    class       volScalarField;
    location    "0.05";
    object      Qdot;
}
// * * * * * * * * * * * * * * * * * * * * * * * * * * * * * * * * * * * * * //

dimensions      [1 -1 -3 0 0 0 0];

internalField   nonuniform List<scalar> 
4000
(
0
-7.90156e-14
0
4.43055e-07
4.32578e-07
3.86315e-12
4.09198e-07
8.6022e-10
1.10789e-08
1.1993e-07
1.08001e-06
7.02981e-06
4.65428e-05
0.000251096
0.00116544
0.00474585
0.0171834
0.0560099
0.166186
0.453251
1.14611
2.70726
6.01369
12.6363
25.2497
48.1996
88.2575
155.66
265.473
438.035
701.278
1095.51
1673.1
2504.54
3682.82
5330.52
7608.63
10728.3
14966.3
20685.4
28360.5
38612.2
52249.9
70325.5
94199.7
125621
166816
220594
290438
380589
496069
642150
825235
1.05198e+06
1.32632e+06
1.64954e+06
2.01702e+06
2.41483e+06
2.81642e+06
3.18127e+06
3.45799e+06
3.59574e+06
3.54801e+06
3.31868e+06
2.93412e+06
2.46192e+06
1.96867e+06
1.50887e+06
1.11534e+06
799926
559676
383821
259078
172760
114190
75038.3
49138.1
32092.3
20860.5
13403.2
8400.65
5036.08
2818.78
1436.12
650.252
256.077
85.977
24.1305
5.54898
1.02523
0.149716
0.0171353
0.00154691
0.000113453
7.17803e-06
4.29452e-07
2.7182e-08
2.00874e-09
1.85427e-10
1.29914e-11
-4.64345e-07
0
-4.50519e-07
4.40699e-07
-5.81057e-19
-4.16944e-07
1.00879e-10
1.51016e-09
1.93821e-08
2.07129e-07
1.46975e-06
1.23579e-05
7.56671e-05
0.000395899
0.00179651
0.00716291
0.0254468
0.0815615
0.238467
0.642167
1.60624
3.75939
8.28589
17.2971
34.4001
65.4231
119.097
208.408
351.407
576.605
922.426
1439.07
2195.96
3284.54
4825.8
6978.39
9949.9
14011.5
19516.4
26925
36836
50027.1
67506.3
90575.4
120910
160653
212527
279960
367211
479482
622980
804319
1.03145e+06
1.31339e+06
1.65544e+06
2.05982e+06
2.52101e+06
3.02057e+06
3.52162e+06
3.96611e+06
4.27898e+06
4.38821e+06
4.25776e+06
3.88461e+06
3.33062e+06
2.69944e+06
2.0815e+06
1.53901e+06
1.09964e+06
790995
547039
367919
242210
156465
99001.1
63789.9
41508.7
27081.4
17689.1
11496.4
7336.67
4502.34
2587.26
1353.45
627.87
252.497
86.269
24.5609
5.71232
1.06412
0.156083
0.0178531
0.00160017
0.000115578
7.13767e-06
4.13491e-07
2.52049e-08
1.79855e-09
1.5261e-10
1.94418e-11
-4.64031e-07
0
-3.08577e-13
4.37365e-07
-7.79194e-13
4.11498e-07
-3.97722e-07
3.88081e-07
4.1478e-08
4.36217e-07
3.41778e-06
2.45454e-05
0.000147762
0.000754611
0.00333884
0.0130033
0.0452126
0.142137
0.408461
1.08328
2.67427
6.19124
13.5093
27.8541
54.5469
102.004
183.227
318.538
537.747
880.67
1404.05
2183.82
3321.6
4951.12
7247.02
10435.9
14810.3
20747.2
28731
39382.9
53499.4
72099.5
96485.3
128317
169709
223342
292608
381771
496163
642377
828440
1.06335e+06
1.35767e+06
1.72523e+06
2.17508e+06
2.71337e+06
3.33596e+06
4.01927e+06
4.70908e+06
5.31173e+06
5.70246e+06
5.76204e+06
5.42807e+06
4.7365e+06
3.85552e+06
3.17974e+06
2.38258e+06
1.66567e+06
1.12085e+06
736638
476628
305119
193938
122757
77584.5
49045.3
30931
19106.8
12391.5
8212.18
5403.54
3454.49
2081.56
1143.06
554.678
231.956
81.9156
23.9872
5.7171
1.08813
0.162554
0.0188531
0.00170171
0.000122501
7.43207e-06
4.15643e-07
2.40328e-08
1.59222e-09
1.25794e-10
-9.52392e-13
0
7.71377e-20
4.45895e-07
2.93544e-19
1.54105e-12
2.75461e-11
4.88289e-10
7.33682e-09
9.3023e-08
9.63842e-07
7.47158e-06
5.22598e-05
0.000304389
0.00151615
0.00654605
0.0249068
0.0847436
0.261305
0.737549
1.92146
4.6436
10.4992
22.3787
45.275
87.7186
163.3
293.348
508.046
851.233
1383.83
2188.7
3376.05
5090.15
7517.11
10894.7
15524.1
21784.8
30153.5
41227.3
55753.4
74667.2
99139.6
130639
171011
222577
288277
371824
477945
612653
783586
1.0004e+06
1.27476e+06
1.62028e+06
2.05729e+06
2.60185e+06
3.26918e+06
4.06378e+06
4.96497e+06
5.90461e+06
6.74176e+06
7.27149e+06
7.27525e+06
6.64841e+06
6.51537e+06
4.99255e+06
3.5916e+06
2.42726e+06
1.57128e+06
1.00322e+06
632045
393262
242628
148617
90312.9
55404.2
34015
20736
12983.4
8250
5060.51
3392.74
2259.16
1439.47
842.454
435.197
192.4
71.2257
21.7056
5.35529
1.05094
0.161262
0.0191161
0.00175017
0.000126311
7.55647e-06
4.08081e-07
2.22875e-08
1.37811e-09
9.54394e-11
5.92466e-12
0
4.54615e-07
0
-1.18437e-12
4.7628e-12
4.00196e-07
1.05954e-09
1.61251e-08
2.03025e-07
1.72731e-06
1.55163e-05
0.00010747
0.000611882
0.00297373
0.0125426
0.0466108
0.154683
0.462916
1.2666
3.20317
7.56114
16.8603
35.6621
71.9384
138.383
254.993
451.826
772.284
1277.05
2048.44
3195.25
4857.92
7214.3
10486.2
14946.8
20930.1
28842
39175.2
52527.7
69627.9
91367.9
118844
153418
196796
251135
319192
404531
511796
647083
818427
1.0364e+06
1.31467e+06
1.66927e+06
2.12613e+06
2.70934e+06
3.44576e+06
4.35527e+06
5.43294e+06
6.6158e+06
7.73129e+06
8.48246e+06
1.01044e+07
9.8417e+06
8.03775e+06
5.66722e+06
3.71883e+06
2.3724e+06
1.48402e+06
918628
563858
343999
208747
126018
75579.6
45243.4
26893.9
16081.4
9577.74
5775.73
3551.93
2199.51
1394.02
917.289
566.31
311.511
146.396
57.2054
18.265
4.69341
0.954959
0.151302
0.0184229
0.00171901
0.000124929
7.3973e-06
3.86688e-07
1.9954e-08
1.1416e-09
8.27079e-11
3.00765e-12
-7.96645e-14
0
-4.41098e-07
-5.77585e-19
-4.11048e-07
1.17375e-10
-3.769e-07
3.97001e-07
7.62282e-07
3.80713e-06
3.07971e-05
0.000205831
0.00114657
0.00541458
0.0220495
0.0789851
0.252775
0.739261
1.99297
4.9948
11.7347
25.8695
53.9
106.73
201.732
365.361
636.219
1068.44
1735.2
2732.19
4180.83
6231.28
9065.3
12899.2
17987.8
24629.3
33173.3
44030.4
57689.2
74734.6
95879.1
122004
154217
193933
242986
303785
379527
474491
594440
747144
943061
1.19619e+06
1.52366e+06
1.94975e+06
2.50792e+06
3.23104e+06
4.15445e+06
5.89966e+06
7.9172e+06
9.89056e+06
1.08894e+07
1.3076e+07
1.24516e+07
9.28177e+06
6.10484e+06
3.87049e+06
2.42228e+06
1.50513e+06
929765
570981
348566
211474
127462
76324.5
45392.2
26814.2
15735
9176.06
5326.41
3090.56
1792.92
1059.32
632.707
391.717
222.731
109.731
44.9853
14.9999
4.00593
0.843782
0.137872
0.0172271
0.00163701
0.000119766
7.02191e-06
3.55819e-07
1.73832e-08
9.09151e-10
5.93324e-11
-7.90888e-12
0
0
-4.38913e-07
-5.73313e-19
7.46822e-12
2.07572e-10
3.94894e-09
4.19354e-07
7.59785e-07
6.8642e-06
5.46592e-05
0.000352927
0.00189042
0.00860153
0.0342544
0.121187
0.386593
1.11852
2.96937
7.3036
16.7796
36.245
74.036
143.724
266.299
472.69
806.445
1326.29
2108.31
3247.43
4858.25
7075.24
10052.7
13965.3
19010.1
25409.5
33417.1
43327.8
55492.2
70337.9
88398
110352
137081
169741
209870
259529
321490
399500
498614
625635
789659
1.00272e+06
1.27983e+06
1.64008e+06
2.32079e+06
3.30114e+06
4.5597e+06
6.19531e+06
8.2841e+06
1.077e+07
1.32215e+07
1.62082e+07
1.48787e+07
1.03972e+07
6.68053e+06
4.23606e+06
2.67223e+06
1.67714e+06
1.04667e+06
649193
399995
244716
148597
89518.4
53481.9
31677.9
18596.9
10812.6
6223.83
3523.62
1968.94
1081.28
583.933
329.588
183.14
90.9243
38.1707
13.0933
3.59694
0.778196
0.130277
0.016608
0.00159925
0.000117321
6.79348e-06
3.33459e-07
1.54618e-08
7.74521e-10
4.28892e-11
2.099e-12
-3.91073e-20
0
0
-1.13897e-18
1.03616e-11
3.39832e-10
3.755e-07
1.01651e-07
9.01006e-07
1.09513e-05
8.39732e-05
0.000529052
0.00280397
0.0127561
0.0503255
0.175234
0.546828
1.54904
4.02764
9.70291
21.8309
46.1828
92.386
175.615
318.541
553.344
923.518
1485.16
2307.46
3472.37
5073.47
7214.58
10009.3
13580.4
18061.7
23601.4
30369.8
38569.5
48450.5
60330.4
74620.9
91864.2
112781
138338
169831
209006
258213
320607
400402
503189
636312
809299
1.09429e+06
1.56984e+06
2.18327e+06
2.99632e+06
4.091e+06
5.79953e+06
8.35781e+06
1.15598e+07
1.52591e+07
1.79355e+07
1.7416e+07
1.17903e+07
7.58673e+06
4.86204e+06
3.10234e+06
1.96934e+06
1.24278e+06
779196
485123
299771
183755
111679
67258.1
40116.3
23686.1
13839.6
7997.69
4559.33
2541.08
1378.67
720.573
355.039
188.197
91.1931
38.1315
13.1711
3.66194
0.803343
0.136336
0.017575
0.00170225
0.000124515
7.09837e-06
3.37374e-07
1.48075e-08
6.86616e-10
4.05144e-11
2.1385e-12
0
-1.52277e-19
-2.94517e-19
4.18295e-07
1.90986e-11
5.21804e-10
-3.55226e-07
1.48184e-07
1.77229e-06
1.52965e-05
0.000118743
0.00075001
0.00393379
0.017535
0.0677862
0.231262
0.706985
1.96207
4.99825
11.7974
26.0044
53.889
105.584
196.531
348.975
593.269
968.711
1523.66
2314.83
3405.84
4865.63
6767.19
9186.88
12204.5
15906.3
20390.6
25774.7
32206.3
39876.5
49038.3
60029.8
73305.2
89475.8
109364
134077
165099
204411
254652
319302
402917
511405
715486
1.01554e+06
1.40201e+06
1.91842e+06
2.62284e+06
3.9252e+06
5.60943e+06
7.89121e+06
1.14716e+07
1.59884e+07
2.01691e+07
2.00397e+07
1.3514e+07
8.77608e+06
5.68324e+06
3.66358e+06
2.34933e+06
1.49751e+06
948185
596029
371755
229946
140969
85603.1
51455.8
30596
17985.4
10448.7
5997.29
3387.22
1857.55
970.035
478.808
227.54
107.516
44.464
15.3086
4.25962
0.937257
0.159652
0.020634
0.00199701
0.000145075
8.13736e-06
3.75671e-07
1.57708e-08
7.00333e-10
2.60421e-11
-8.06905e-12
0
8.23834e-13
4.33734e-07
-3.05335e-12
3.9778e-07
6.7933e-10
1.30007e-08
5.44335e-07
2.73754e-06
2.09909e-05
0.000158798
0.000982573
0.00505517
0.0221096
0.0838622
0.280727
0.842049
2.29281
5.73019
13.2675
28.6843
58.2933
111.984
204.334
355.604
592.387
947.699
1460.36
2173.74
3134.28
4390.29
5990.78
7985.32
10426.1
13371.4
16891.5
21075.6
26041.9
31949.4
39013.8
47527.6
57886.5
70624.5
86459.8
106355
131595
163884
205469
259291
329169
460228
654993
906972
1.24201e+06
1.73229e+06
2.56981e+06
3.66188e+06
5.32113e+06
7.78377e+06
1.11141e+07
1.59395e+07
2.13273e+07
2.27825e+07
1.55026e+07
1.01518e+07
6.62906e+06
4.31265e+06
2.79081e+06
1.79492e+06
1.14654e+06
726928
457205
285102
176159
107783
65258.5
39069.7
23111.3
13499.4
7784.54
4429.42
2468.42
1312.42
655.987
297.652
139.417
56.9911
19.4869
5.40447
1.18819
0.202429
0.0261482
0.00252259
0.000181781
1.00396e-05
4.51919e-07
1.83604e-08
7.67674e-10
4.62408e-11
-1.22538e-13
2.11643e-13
0
0
-2.80537e-18
3.95697e-07
-3.75965e-07
-3.42275e-07
2.53462e-07
2.38133e-06
2.63185e-05
0.000194905
0.00118737
0.00600815
0.0258422
0.0963773
0.317182
0.935259
2.50312
6.14818
13.9884
29.7141
59.3218
111.936
200.597
342.836
560.863
881.218
1333.88
1951.03
2766.08
3812.53
5123.4
6732.46
8676.55
10999.5
13757.4
17025.4
20906.1
25540.5
31121.5
37911.7
46267.1
56667.4
69756.4
86393.8
107721
135241
170927
217337
296305
427610
595658
818575
1.13644e+06
1.68925e+06
2.40787e+06
3.52162e+06
5.13455e+06
7.4507e+06
1.09035e+07
1.55902e+07
2.16029e+07
2.52287e+07
1.76257e+07
1.1633e+07
7.65892e+06
5.02254e+06
3.2756e+06
2.12307e+06
1.36653e+06
872921
553058
347337
216100
133107
81111.1
48860.5
29071.7
17071.1
9887.76
5650.56
3180.33
1727.78
880.383
404.999
182.903
75.7845
26.1791
7.31297
1.61753
0.277111
0.0359418
0.00346946
0.000248641
1.35351e-05
5.93589e-07
2.31449e-08
9.39159e-10
3.40893e-11
-1.32343e-13
0
1.23333e-12
4.31534e-07
2.8473e-13
4.3349e-11
1.02209e-09
3.75981e-07
3.0022e-07
3.24063e-06
3.0316e-05
0.000223942
0.00134242
0.00669702
0.0283865
0.104309
0.338183
0.982219
2.58903
6.26218
14.0289
29.3396
57.665
107.117
188.979
317.989
512.264
792.778
1182.47
1705.51
2386.27
3248.63
4316.44
5614.91
7173.19
9028.07
11228.9
13843.5
16966.1
20726.6
25303.3
30939
37962.3
46815.4
58090.4
72574.8
91309.6
115661
147413
190479
282594
398174
549824
753262
1.12636e+06
1.60804e+06
2.33456e+06
3.41534e+06
4.9608e+06
7.26452e+06
1.05242e+07
1.52967e+07
2.16677e+07
2.70045e+07
1.98282e+07
1.31703e+07
8.72829e+06
5.7616e+06
3.78304e+06
2.46848e+06
1.59943e+06
1.02837e+06
655713
414374
259368
160694
98475.6
59643.5
35671.8
21048.5
12243.8
7020.53
3970.7
2193.78
1141.9
545.323
236.315
99.088
34.5626
9.71683
2.15953
0.371537
0.0483468
0.0046711
0.000333622
1.79823e-05
7.74299e-07
2.93643e-08
1.10362e-09
4.0987e-11
-1.484e-13
0
-4.47461e-07
0
2.83858e-13
4.0291e-11
1.12648e-09
3.76325e-07
3.35576e-07
3.6326e-06
3.32914e-05
0.000243166
0.00144118
0.00710093
0.0297202
0.107814
0.345034
0.989059
2.57284
6.1409
13.575
28.0142
54.332
99.601
173.438
288.122
458.391
700.92
1033.65
1475.23
2044.21
2758.89
3638.08
4702.69
5978.21
7498.18
9308.64
11473.6
14082.2
17257.4
21167.7
26042.4
32191.3
40030.3
50114.2
63177.4
80185.1
102396
131439
187327
269573
375470
516079
754526
1.09278e+06
1.54846e+06
2.29955e+06
3.3034e+06
4.87086e+06
7.0575e+06
1.03057e+07
1.48142e+07
2.13003e+07
2.76757e+07
2.20409e+07
1.47136e+07
9.80261e+06
6.50513e+06
4.29564e+06
2.81895e+06
1.83686e+06
1.18763e+06
761412
483747
304369
189529
116715
71023.9
42670.4
25285.9
14766.2
8493.86
4817.03
2686.15
1431.04
690.739
296.952
125.887
44.3184
12.5311
2.79539
0.482409
0.0629193
0.00608248
0.00043328
2.31782e-05
9.83928e-07
3.66286e-08
1.38781e-09
4.42101e-11
-8.10124e-12
3.90124e-20
4.47058e-07
4.29936e-07
-4.10828e-07
4.87713e-11
3.72455e-07
2.37132e-08
6.9429e-07
3.88169e-06
3.52614e-05
0.000253748
0.00148901
0.00725908
0.0300555
0.107842
0.341319
0.967556
2.48888
5.87435
12.8416
26.2086
50.2769
91.1828
157.128
258.406
407.176
616.996
902.456
1278.56
1760.28
2362.8
3102.32
3997.68
5072.72
6359.5
7902.4
9763.26
12028
14815
18286.3
22662
28238.6
35413.2
44713.3
56834
72683.9
93442.2
122568
183398
259470
358953
500866
746758
1.06016e+06
1.55864e+06
2.24037e+06
3.28987e+06
4.74358e+06
6.94907e+06
1.00176e+07
1.45652e+07
2.08753e+07
2.84593e+07
2.41528e+07
1.61923e+07
1.08367e+07
7.22601e+06
4.79417e+06
3.1609e+06
2.06938e+06
1.34423e+06
865790
552556
349205
218386
135049
82513.4
49766.1
29600.3
17345.3
10006.9
5687.09
3185.6
1715.42
835.68
360.257
154.467
54.9222
15.6208
3.49584
0.604613
0.0789747
0.00763545
0.000542632
2.88507e-05
1.21094e-06
4.42912e-08
1.62424e-09
5.78833e-11
5.88748e-12
0
4.4674e-07
0
2.82619e-13
5.14999e-11
1.26613e-09
2.46865e-08
7.05978e-07
4.01141e-06
3.5557e-05
0.00025747
0.00149865
0.00724128
0.0297112
0.105633
0.331252
0.930357
2.37116
5.54532
12.0128
24.2996
46.212
83.1104
142.073
231.886
362.831
546.331
794.702
1120.65
1537.05
2057.35
2696.45
3472.23
4407.84
5534.67
6896.22
8553.02
10589
13119.4
16302.1
20350.4
25551.7
32289.1
41069.3
52556.3
67612.3
87347.5
123327
179850
251865
346804
508403
734630
1.05046e+06
1.54221e+06
2.2218e+06
3.23997e+06
4.71031e+06
6.80965e+06
9.89617e+06
1.42421e+07
2.04681e+07
2.8339e+07
2.61018e+07
1.75566e+07
1.17918e+07
7.89248e+06
5.25644e+06
3.47939e+06
2.28693e+06
1.49141e+06
964333
617807
391906
245986
152656
93591.3
56634.2
33791.8
19860.3
11488
6541.35
3672.84
2005.31
1005.7
428.992
183.273
65.832
18.8298
4.22484
0.731706
0.0956471
0.0092447
0.000655577
3.46796e-05
1.44258e-06
5.1981e-08
1.86264e-09
9.18369e-11
-2.08103e-13
0
0
-3.14669e-12
-2.82205e-13
5.71211e-11
3.7046e-07
-3.25088e-07
3.77588e-07
3.73932e-06
3.60404e-05
0.000256913
0.00148463
0.0071217
0.0290054
0.102354
0.318569
0.888068
2.24667
5.21601
11.2192
22.5382
42.5791
76.0974
129.324
209.943
326.913
490.226
710.712
999.618
1368.61
1830.21
2398.65
3091.43
3931.4
4949.69
6189.3
7709.98
9594.27
11955.5
14948.3
18781.7
23736.3
30185.1
38620.2
49683.8
64208.4
83265.1
123466
177170
246478
338372
508837
723742
1.05886e+06
1.52305e+06
2.21981e+06
3.1918e+06
4.65837e+06
6.72125e+06
9.7277e+06
1.39918e+07
2.01438e+07
2.82385e+07
2.77741e+07
1.8737e+07
1.26232e+07
8.47582e+06
5.66295e+06
3.76095e+06
2.48022e+06
1.6228e+06
1.05271e+06
676580
430530
271052
168709
103729
62941.6
37654.3
22185.6
12861.9
7336.27
4125.08
2265.79
1154.73
509.281
211.176
76.4832
21.9745
4.93898
0.855987
0.111918
0.0108116
0.000765211
4.03115e-05
1.66492e-06
5.93019e-08
2.12423e-09
4.94434e-11
-4.77061e-12
0
0
3.14431e-12
4.08962e-07
3.88589e-07
-3.67138e-07
2.52567e-08
3.78589e-07
3.73574e-06
3.58183e-05
0.000254172
0.00145995
0.00696351
0.0281961
0.0989157
0.306067
0.84828
2.13382
4.92655
10.5399
21.0653
39.6049
70.4655
119.265
192.916
299.469
447.98
648.306
910.809
1246.45
1667.24
2187.12
2823.44
3598.96
4544.67
5703.33
7134.14
8918.72
11169
14037.3
17729.1
22519.5
28773.1
36968.4
47727.4
61851.8
81417.9
123176
174964
242258
343981
506888
715377
1.05798e+06
1.50712e+06
2.20632e+06
3.18386e+06
4.6054e+06
6.66367e+06
9.58038e+06
1.3807e+07
1.98141e+07
2.79619e+07
2.91405e+07
1.97091e+07
1.33107e+07
8.96037e+06
6.00269e+06
3.997e+06
2.64279e+06
1.73368e+06
1.12754e+06
726517
463457
292490
182482
112453
68385.7
40997.6
24203.7
14057.6
8030.06
4519.84
2495.21
1280.7
577.983
236.274
86.1406
24.8361
5.58867
0.968879
0.126674
0.01223
0.000864203
4.53777e-05
1.86384e-06
6.58974e-08
2.30607e-09
7.41674e-11
-2.43012e-13
0
0
-2.899e-19
4.08625e-07
5.12649e-11
1.29624e-09
2.51955e-08
3.77482e-07
3.71108e-06
3.54557e-05
0.000250819
0.00143448
0.0068131
0.0274673
0.0959415
0.295587
0.815768
2.04357
4.69941
10.0158
19.9463
37.3769
66.3016
111.92
180.624
279.883
418.129
604.629
849.208
1162.43
1556.03
2043.83
2643.12
3376.67
4275.42
5381.97
6755.16
8476.05
10655.5
13444.3
17045.3
21729.4
27854.7
35889.4
46439.7
60284.1
82461.8
122832
173376
239320
347425
504315
715600
1.05385e+06
1.51392e+06
2.19278e+06
3.17634e+06
4.56483e+06
6.61009e+06
9.48759e+06
1.36538e+07
1.95601e+07
2.76657e+07
3.01803e+07
2.0457e+07
1.38402e+07
9.33413e+06
6.2651e+06
4.17986e+06
2.7691e+06
1.82008e+06
1.18602e+06
765646
489327
309378
193359
119360
72705.6
43656.6
25812.3
15012.6
8585.33
4835.77
2674.34
1379.18
632.184
256.78
94.0885
27.1985
6.12492
1.06195
0.138824
0.0133964
0.000945461
4.95247e-05
2.02604e-06
7.12091e-08
2.44866e-09
1.04343e-10
-2.55959e-13
4.22653e-13
-1.50941e-19
-3.14149e-12
-3.8694e-18
3.98478e-11
1.3113e-09
-3.23355e-07
3.75913e-07
3.68585e-06
3.51364e-05
0.000247854
0.00141491
0.00670055
0.0269363
0.093816
0.288219
0.793225
1.98176
4.54556
9.66441
19.2031
35.9101
63.5832
107.162
172.722
267.376
399.205
577.115
810.635
1110.11
1487.14
1955.51
2532.5
3240.9
4111.63
5187.21
6526.3
8209.59
10347.4
13089.3
16636.8
21258.3
27307.4
35246.3
45671.4
59347.8
83071.9
122611
172406
237531
348922
502370
720924
1.05049e+06
1.51755e+06
2.18351e+06
3.16788e+06
4.53921e+06
6.57188e+06
9.4443e+06
1.35491e+07
1.93908e+07
2.74479e+07
3.08705e+07
2.09631e+07
1.4199e+07
9.58774e+06
6.44341e+06
4.30433e+06
2.85524e+06
1.87912e+06
1.22605e+06
792487
507107
321006
200862
124133
75696.3
45500.4
26929.6
15677
8972.29
5056.43
2802.16
1455.34
669.915
271.324
99.7377
28.8785
6.50585
1.12796
0.14743
0.0142216
0.00100286
5.24482e-05
2.14e-06
7.48136e-08
2.58973e-09
1.14445e-10
8.83303e-12
4.60903e-07
4.46052e-07
-4.28161e-07
4.08305e-07
5.69139e-11
1.29454e-09
3.7346e-07
3.75125e-07
3.98775e-06
3.46724e-05
0.000246352
0.00140505
0.00664414
0.0266711
0.0927589
0.284565
0.782081
1.9513
4.46994
9.49219
18.8398
35.1954
62.2626
104.858
168.906
261.354
390.121
563.945
792.221
1085.2
1454.44
1913.69
2480.25
3176.92
4034.64
5095.89
6419.26
8085.29
10204
12924.7
16447.9
21040.9
27055.6
34951
45319.5
58919.7
83379.4
122532
171981
236731
349577
501485
723027
1.04889e+06
1.5186e+06
2.17897e+06
3.16294e+06
4.5382e+06
6.55291e+06
9.42084e+06
1.34982e+07
1.93295e+07
2.73379e+07
3.12064e+07
2.12156e+07
1.43782e+07
9.71456e+06
6.53268e+06
4.36672e+06
2.89846e+06
1.90878e+06
1.24618e+06
806001
516069
326874
204652
126546
77209.9
46434.4
27495.9
16014
9168.74
5168.47
2866.79
1495.07
689.021
278.754
102.62
29.7342
6.6994
1.16143
0.151783
0.0146382
0.0010318
5.39203e-05
2.19743e-06
7.68173e-08
2.60028e-09
7.19831e-11
9.0129e-13
-4.60903e-07
1.63609e-12
0
-2.81435e-13
-3.87677e-07
1.31071e-09
-3.23172e-07
4.48626e-08
3.67782e-06
3.50164e-05
0.000246646
0.00140639
0.00665119
0.0266965
0.0928438
0.284811
0.782718
1.95279
4.47314
9.4985
18.8514
35.2153
62.2948
104.907
168.978
261.453
390.253
564.114
792.432
1085.46
1454.75
1914.06
2480.7
3177.47
4035.31
5096.74
6420.37
8086.75
10205.9
12927.3
16451.4
21045.6
27061.9
34959.3
45330.4
58933.8
83421.6
122579
172037
236802
349718
501648
723321
1.04923e+06
1.51914e+06
2.17964e+06
3.16395e+06
4.53972e+06
6.55489e+06
9.42369e+06
1.35021e+07
1.93351e+07
2.7345e+07
3.11985e+07
2.12097e+07
1.43742e+07
9.71189e+06
6.53088e+06
4.36551e+06
2.89766e+06
1.90824e+06
1.24584e+06
805778
515927
326785
204597
126513
77189.8
46422.5
27489
16010.1
9166.55
5167.27
2866.12
1494.65
688.813
278.671
102.585
29.7226
6.69659
1.16092
0.151717
0.0146319
0.00103137
5.39007e-05
2.19704e-06
7.66975e-08
2.59319e-09
1.0669e-10
-2.69577e-13
0
0
4.28227e-07
-4.08405e-07
3.98464e-11
1.29504e-09
2.52188e-08
3.77164e-07
3.70021e-06
3.52618e-05
0.000248715
0.00141939
0.00672035
0.0270123
0.0940689
0.288957
0.795146
1.98628
4.55526
9.6836
19.2383
35.9708
63.6813
107.312
172.94
267.676
399.605
577.627
811.27
1110.88
1488.06
1956.6
2533.81
3242.48
4113.58
5189.67
6529.5
8213.8
10353
13096.9
16647
21271.9
27325.7
35270.5
45703.3
59389.3
83199.4
122751
172573
237742
349348
502858
721821
1.0515e+06
1.51919e+06
2.18553e+06
3.17091e+06
4.54386e+06
6.5778e+06
9.45288e+06
1.35608e+07
1.9407e+07
2.7469e+07
3.08473e+07
2.09458e+07
1.41873e+07
9.57986e+06
6.43809e+06
4.30073e+06
2.85285e+06
1.87755e+06
1.22503e+06
791833
506692
320747
200703
124036
75638.6
45466.5
26910
15665.9
8966.16
5053.11
2800.32
1454.15
669.338
271.097
99.6394
28.8464
6.49811
1.12658
0.14725
0.0142046
0.00100173
5.23946e-05
2.1382e-06
7.48273e-08
2.59805e-09
8.65976e-11
9.05732e-13
-4.22674e-13
4.46173e-07
4.28374e-07
4.08614e-07
5.69704e-11
1.33395e-09
2.53675e-08
3.7946e-07
4.04985e-06
3.56609e-05
0.000251952
0.00144186
0.00684635
0.0275967
0.0963741
0.296858
0.819094
2.05143
4.71638
10.0496
20.0086
37.4843
66.4756
112.186
181.01
280.416
418.834
605.527
850.313
1163.75
1557.59
2045.65
2645.25
3379.21
4278.51
5385.85
6760.17
8482.65
10664.4
13456.2
17061.4
21751.2
27884
35928.4
46491.1
60351
82678.4
123066
173655
239671
348163
505141
717197
1.05558e+06
1.51679e+06
2.1962e+06
3.1815e+06
4.57165e+06
6.62004e+06
9.50213e+06
1.36734e+07
1.9587e+07
2.77003e+07
3.01397e+07
2.04286e+07
1.38211e+07
9.32123e+06
6.25643e+06
4.17408e+06
2.76527e+06
1.81756e+06
1.18438e+06
764593
488659
308961
193102
119204
72612.9
43602.2
25781
14994.9
8575.58
4830.52
2671.53
1377.66
631.267
256.429
93.9371
27.1495
6.11325
1.0599
0.138559
0.013372
0.000943864
4.9451e-05
2.02353e-06
7.12258e-08
2.45702e-09
7.25279e-11
-2.56056e-13
-4.60975e-07
-1.63702e-12
0
-4.08941e-07
3.99162e-11
1.33573e-09
2.54284e-08
7.1323e-07
4.08345e-06
3.61006e-05
0.000255865
0.00147031
0.00701105
0.0283828
0.0995473
0.30794
0.853225
2.1456
4.95216
10.5912
21.1604
39.7696
70.7332
119.675
193.51
300.288
449.06
649.67
912.469
1248.41
1669.49
2189.69
2826.36
3602.34
4548.69
5708.28
7140.46
8927.05
11180.2
14052.6
17750
22548
28811.8
37020.2
47796.1
61941.6
81733.8
123508
175354
242745
345089
508084
716893
1.06049e+06
1.51031e+06
2.21116e+06
3.19133e+06
4.61496e+06
6.67776e+06
9.59943e+06
1.38346e+07
1.98518e+07
2.80083e+07
2.90844e+07
1.96708e+07
1.3285e+07
8.94311e+06
5.99114e+06
3.98933e+06
2.63771e+06
1.73035e+06
1.12538e+06
725134
462582
291945
182147
112251
68265.2
40927.2
24163.3
14034.8
8017.56
4513.14
2491.6
1278.76
576.795
235.839
85.9542
24.7764
5.57462
0.966444
0.126366
0.0122023
0.000862442
4.52991e-05
1.86149e-06
6.58636e-08
2.26361e-09
1.06656e-10
-2.43205e-13
-4.61028e-07
0
4.28928e-07
-3.87871e-18
4.85461e-11
1.31655e-09
-3.2484e-07
7.13739e-07
4.09626e-06
3.64029e-05
0.000259204
0.001498
0.00718539
0.0292582
0.103218
0.321159
0.894978
2.2633
5.25247
11.2928
22.6757
42.8188
76.489
129.926
210.818
328.118
491.807
712.694
1002
1371.37
1833.3
2402.05
3095.13
3935.49
4954.32
6194.8
7716.86
9603.29
11967.8
14965.3
18805.4
23769.2
30230.7
38682.6
49768.4
64321.7
83415.7
123915
177675
247095
339153
510422
725691
1.06226e+06
1.52717e+06
2.22627e+06
3.20019e+06
4.67085e+06
6.74005e+06
9.75234e+06
1.4028e+07
2.01921e+07
2.82923e+07
2.77045e+07
1.86902e+07
1.25918e+07
8.45468e+06
5.64878e+06
3.75152e+06
2.47399e+06
1.61873e+06
1.05008e+06
674907
429478
270400
168310
103489
62799.8
37571.9
22138.5
12835.6
7321.9
4117.41
2261.37
1152.35
507.848
210.691
76.2783
21.9096
4.9239
0.85341
0.111599
0.0107835
0.000763482
4.02378e-05
1.66281e-06
5.92949e-08
2.1222e-09
1.08441e-10
-2.26998e-13
0
-1.51156e-19
0
-3.88446e-18
5.7229e-11
3.71301e-07
-3.26292e-07
3.76152e-07
4.06095e-06
3.63171e-05
0.000260461
0.00151568
0.00732374
0.0300436
0.106783
0.334736
0.939756
2.39402
5.59595
12.116
24.4942
46.554
83.6735
142.945
233.159
364.588
548.635
797.579
1124.07
1540.95
2061.62
2700.95
3476.88
4412.6
5539.64
6901.68
8559.51
10597.3
13130.9
16318.4
20374
25585.6
32337.5
41137.3
52650.2
67740
87518.4
123910
180488
252636
347787
510487
737007
1.05505e+06
1.54727e+06
2.23029e+06
3.25026e+06
4.72612e+06
6.83063e+06
9.92685e+06
1.42843e+07
2.05271e+07
2.83981e+07
2.60212e+07
1.75029e+07
1.17558e+07
7.86839e+06
5.24022e+06
3.46869e+06
2.27992e+06
1.48686e+06
961414
615955
390747
245271
152222
93331.5
56481.4
33703.5
19810.3
11460.2
6526.3
3664.86
2000.99
1003.05
427.373
182.78
65.6241
18.7643
4.20971
0.72914
0.095332
0.00921731
0.000653924
3.46109e-05
1.44059e-06
5.19935e-08
1.87196e-09
9.29527e-11
5.50727e-12
0
-1.51263e-19
0
-2.77991e-18
-3.90798e-07
-3.69937e-07
3.76545e-07
3.64006e-07
3.94302e-06
3.55218e-05
0.000257569
0.00151108
0.00736455
0.030485
0.109345
0.345927
0.98013
2.51981
5.94366
12.9844
26.481
50.7611
91.9883
158.387
260.26
409.757
620.417
906.71
1283.61
1765.99
2368.93
3108.58
4003.79
5078.45
6364.76
7907.31
9768.24
12033.8
14823.1
18298.5
22680.9
28267.9
35457.5
44778.5
56927.3
72813.8
93618.3
123323
184179
260380
360088
503737
749714
1.06386e+06
1.56503e+06
2.24831e+06
3.30252e+06
4.76025e+06
6.97424e+06
1.00563e+07
1.46153e+07
2.09428e+07
2.85077e+07
2.40652e+07
1.61341e+07
1.0798e+07
7.20037e+06
4.77733e+06
3.14979e+06
2.06211e+06
1.33952e+06
862774
550649
348015
217655
134607
82250.4
49612.3
29511.9
17295.6
9979.52
5672.39
3177.75
1710.99
832.584
359.361
153.998
54.7231
15.558
3.48131
0.602142
0.0786704
0.0076089
0.000541021
2.87834e-05
1.20898e-06
4.41742e-08
1.62534e-09
5.21007e-11
2.83937e-12
-3.17517e-13
0
0
-4.25109e-12
5.46733e-11
3.73784e-07
3.76611e-07
6.78837e-07
3.38496e-06
3.36725e-05
0.000247619
0.00146836
0.00723299
0.0302624
0.109735
0.350993
1.00552
2.61387
6.23407
13.7696
28.3905
55.0103
100.745
175.252
290.83
462.211
706.013
1040.08
1482.94
2052.96
2768.26
3647.54
4711.62
5986.02
7504.41
9313.04
11476.3
14083.8
17259
21171.2
26050.7
32208.4
40061.4
50166.2
63259.2
80307.7
102573
131688
188330
270669
376802
517786
758332
1.09701e+06
1.55713e+06
2.30877e+06
3.31998e+06
4.89008e+06
7.08846e+06
1.03449e+07
1.48679e+07
2.1374e+07
2.77257e+07
2.19482e+07
1.46527e+07
9.76246e+06
6.47867e+06
4.27832e+06
2.80761e+06
1.8295e+06
1.1829e+06
758404
481859
303200
188816
116287
70771.4
42523.9
25202.5
14719.7
8468.51
4803.56
2678.74
1426.77
688.623
296.043
125.435
44.1319
12.4729
2.78193
0.480111
0.0626345
0.00605739
0.000431736
2.31124e-05
9.81971e-07
3.64502e-08
1.38787e-09
6.45152e-11
1.00369e-12
3.90335e-20
1.23327e-12
2.37598e-12
4.54859e-12
-3.93616e-07
3.75489e-07
-3.36053e-07
3.07255e-07
3.32634e-06
3.11197e-05
0.000228985
0.00137493
0.00685613
0.0290474
0.106678
0.345633
1.0031
2.64182
6.38394
14.2873
29.8477
58.5964
108.717
191.56
321.917
517.91
800.455
1192.39
1717.58
2400.21
3263.84
4332.01
5629.74
7186.06
9037.84
11234.6
13844.6
16962.5
20719
25293.3
30929.2
37956.7
46819.6
58111.6
72622.3
91394.9
115798
147614
191797
283915
399695
551737
755778
1.13171e+06
1.61435e+06
2.34678e+06
3.42956e+06
4.98548e+06
7.2951e+06
1.05731e+07
1.53597e+07
2.17467e+07
2.70309e+07
1.97402e+07
1.31124e+07
8.69003e+06
5.73632e+06
3.76651e+06
2.45774e+06
1.5925e+06
1.02394e+06
652916
412630
258296
160045
98089.2
59417.4
35541.8
20975.2
12203.4
6998.84
3959.34
2187.1
1138.72
543.346
235.544
98.6919
34.3983
9.66551
2.1476
0.369486
0.0480902
0.0046482
0.000332185
1.7919e-05
7.72257e-07
2.93211e-08
1.13054e-09
3.62878e-11
-1.48738e-13
0
4.48491e-07
1.58633e-12
-4.14489e-07
-3.95537e-07
8.67618e-10
1.70262e-08
2.6096e-07
2.80104e-06
2.68849e-05
0.000201193
0.00122365
0.00618939
0.0266057
0.0991553
0.326056
0.96053
2.56811
6.30071
14.3181
30.375
60.5579
114.104
204.173
348.406
569.067
892.665
1349.02
1970.03
2788.72
3838.05
5150.52
6759.39
8701.2
11019.6
13770.7
17030
20900.7
25524.5
31095.3
37877.2
46227.5
56628
69724.7
86379.6
107737
135304
171053
217549
298063
429376
597699
821139
1.14415e+06
1.69689e+06
2.41741e+06
3.54018e+06
5.15687e+06
7.49047e+06
1.09521e+07
1.56555e+07
2.16783e+07
2.51922e+07
1.75453e+07
1.15801e+07
7.62412e+06
4.99978e+06
3.26071e+06
2.1134e+06
1.36031e+06
868958
550565
345791
215155
132539
80775.5
48666
28961.1
17009.5
9854.31
5632.92
3171.18
1721.9
876.928
402.92
182.289
75.4596
26.0427
7.27001
1.60745
0.275367
0.0357221
0.00344968
0.000247384
1.34787e-05
5.91855e-07
2.30946e-08
9.60199e-10
2.82354e-11
-9.24411e-12
4.61791e-07
0
-4.33665e-07
-3.05263e-12
3.97658e-07
3.79917e-07
1.34615e-08
2.06187e-07
2.49815e-06
2.18783e-05
0.000165288
0.00102069
0.00524774
0.0229341
0.0869109
0.290637
0.87079
2.36814
5.91053
13.6654
29.4995
59.8534
114.787
209.078
363.194
603.894
964.254
1482.99
2203.17
3170.68
4433.13
6038.61
8035.76
10475.9
13416.8
16928.2
21099.4
26048.9
31936.6
38979
47470.3
57808
70528.3
86352.3
106246
131496
163812
205445
259339
329317
462675
657395
909739
1.24551e+06
1.74378e+06
2.58127e+06
3.67615e+06
5.35078e+06
7.81871e+06
1.11596e+07
1.60151e+07
2.13974e+07
2.27232e+07
1.54305e+07
1.01047e+07
6.59836e+06
4.2927e+06
2.77786e+06
1.78658e+06
1.1412e+06
723553
455096
283803
175372
107314
64984.2
38912.5
23023.1
13451.1
7758.87
4416.18
2460.57
1307.13
653.975
296.84
138.958
56.7483
19.3841
5.37166
1.18038
0.201064
0.0259753
0.0025069
0.000180769
9.99293e-06
4.5038e-07
1.83119e-08
7.68824e-10
2.58465e-11
-1.22973e-13
0
0
-4.35117e-07
4.1816e-07
-4.00105e-07
-3.81499e-07
3.74948e-07
-1.94173e-07
1.85411e-06
1.64435e-05
0.000125355
0.000787486
0.00412185
0.0183531
0.0708685
0.241482
0.737238
2.04304
5.19637
12.2446
26.9426
55.7301
108.98
202.443
358.722
608.523
991.422
1555.88
2358.42
3462.16
4935.13
6849.14
9279
12302.9
16005.7
20484.2
25855
32265.4
39906.6
49032.5
59982.3
73212.3
89336.3
109180
133854
164846
204143
254387
319062
402728
511293
719193
1.01899e+06
1.40588e+06
1.92341e+06
2.63609e+06
3.94358e+06
5.631e+06
7.91978e+06
1.15266e+07
1.60507e+07
2.02118e+07
1.99882e+07
1.34499e+07
8.7348e+06
5.65669e+06
3.6465e+06
2.33837e+06
1.4905e+06
943741
593238
370023
228886
140331
85225.8
51237.1
30472
17916.8
10411.9
5977.98
3377.37
1852.29
966.362
476.889
227.111
107.256
44.3177
15.2444
4.2388
0.932237
0.158747
0.020514
0.00198556
0.000144301
8.10028e-06
3.7451e-07
1.57763e-08
6.67162e-10
4.64484e-11
-2.40061e-12
0
6.20788e-13
-1.20269e-12
-1.13852e-18
1.3314e-11
3.85966e-07
6.97436e-09
1.07342e-07
9.69318e-07
1.15875e-05
8.82561e-05
0.000557831
0.00296098
0.0134732
0.0531308
0.184794
0.575828
1.62855
4.22693
10.1639
22.8231
48.1822
96.1787
182.417
330.113
572.072
952.423
1527.78
2367.61
3553.72
5178.99
7345.95
10166.4
13760.9
18260.3
23810.3
30578.5
38765.5
48619.8
60458.1
74692.4
91866
112702
138169
169568
208649
257769
320086
399818
502554
635634
808564
1.10115e+06
1.57547e+06
2.18886e+06
3.00298e+06
4.09971e+06
5.83468e+06
8.39421e+06
1.16025e+07
1.5308e+07
1.79498e+07
1.73753e+07
1.17373e+07
7.55209e+06
4.83984e+06
3.08818e+06
1.96035e+06
1.2371e+06
775638
482913
298414
182933
111188
66970.1
39950.8
23593.2
13788.9
7970.19
4545.47
2531.52
1375.05
719.106
354.94
188.211
91.1574
38.0756
13.1367
3.64862
0.799745
0.135633
0.0174761
0.00169236
0.000123816
7.06334e-06
3.3606e-07
1.48214e-08
6.85633e-10
4.05097e-11
3.65515e-12
1.06049e-13
4.14514e-13
-2.01277e-12
-5.73043e-19
1.04473e-11
-3.89564e-07
-3.69071e-07
-2.92386e-07
4.70672e-07
7.40327e-06
5.84827e-05
0.000376501
0.00201607
0.00917178
0.0365057
0.129066
0.411335
1.18865
3.15046
7.73489
17.7323
38.2173
77.8863
150.84
278.793
493.598
839.886
1377.53
2183.67
3354
5003.4
7265.86
10294.3
14261.1
19360.5
25810.5
33860.5
43800.5
55976.7
70812.5
88838.1
110731
137371
169916
209908
259411
321207
399049
498003
624880
788779
1.00173e+06
1.27874e+06
1.63879e+06
2.33596e+06
3.31387e+06
4.57243e+06
6.21016e+06
8.30356e+06
1.07946e+07
1.32467e+07
1.62475e+07
1.48698e+07
1.03558e+07
6.65205e+06
4.21784e+06
2.66068e+06
1.66986e+06
1.04211e+06
646364
398260
243665
147969
89149.2
53268.7
31557.7
18531
10777.8
6203.94
3512.9
1964.52
1080.79
582.655
330.778
183.838
91.1858
38.2209
13.0885
3.59
0.775619
0.129692
0.0165183
0.00158972
0.000116609
6.75539e-06
3.31877e-07
1.53497e-08
7.67375e-10
3.99383e-11
1.62471e-13
4.62933e-07
0
0
-5.77266e-19
8.10287e-12
-3.94384e-07
2.30906e-09
3.99322e-07
7.97589e-07
4.17223e-06
3.34572e-05
0.000224294
0.0012448
0.00585874
0.0237969
0.0850782
0.272038
0.794823
2.14172
5.37176
12.5675
27.6294
57.4338
113.448
213.875
386.314
670.84
1123.37
1819.1
2855.81
4356.86
6473.9
9389.4
13319.4
18517.1
25277.7
33946.5
44928.6
58705.2
75853.8
97078.7
123254
155479
195166
244145
304826
380412
475193
594950
747474
943253
1.19632e+06
1.52384e+06
1.95004e+06
2.50847e+06
3.23186e+06
4.15501e+06
5.95507e+06
7.96956e+06
9.94862e+06
1.09652e+07
1.30808e+07
1.2435e+07
9.25699e+06
6.08043e+06
3.85449e+06
2.41204e+06
1.49873e+06
925798
568549
347095
210600
126951
76034.1
45232.5
26729.7
15692.7
9157.33
5321.89
3096.08
1799.45
1062.74
637.899
395.076
224.391
110.319
45.1184
15.0094
3.99996
0.840919
0.137177
0.0171171
0.00162504
0.000118846
6.9704e-06
3.53652e-07
1.73187e-08
9.17886e-10
5.93331e-11
1.2677e-11
0
4.54516e-07
-4.43265e-07
-4.29898e-07
4.75865e-12
6.1604e-11
1.14843e-09
-3.52266e-07
2.23985e-07
1.94435e-06
1.76532e-05
0.000118732
0.000674685
0.00327712
0.0137978
0.0511499
0.169105
0.504355
1.37539
3.4649
8.19077
18.2667
38.6682
77.7086
149.002
273.766
483.661
824.259
1358.99
2173.45
3380.11
5123.31
7584.8
10989.9
15614.5
21794.4
29935.6
40529.1
54169.4
71578.8
93641.6
121444
156336
200012
254616
322897
408412
515810
651198
822636
1.04074e+06
1.31927e+06
1.67425e+06
2.13182e+06
2.71615e+06
3.45421e+06
4.36591e+06
5.4462e+06
6.63177e+06
7.74843e+06
8.4969e+06
1.01894e+07
9.84712e+06
8.03143e+06
5.65539e+06
3.70844e+06
2.36358e+06
1.4784e+06
915041
561665
342688
207980
125579
75318.9
45123.3
26833
16063.5
9586.07
5784.21
3572.25
2211.57
1409.67
927.89
572.169
313.998
147.144
57.3321
18.2557
4.67926
0.949906
0.150198
0.0182579
0.0017016
0.000123599
7.32091e-06
3.83235e-07
1.97895e-08
1.12256e-09
8.12471e-11
3.04207e-12
-1.96102e-20
0
0
-4.33459e-07
3.85073e-12
3.27157e-11
5.34872e-10
8.2029e-09
1.04203e-07
1.08138e-06
8.12967e-06
5.82173e-05
0.000341449
0.00169698
0.00731584
0.0277863
0.0943728
0.290366
0.817339
2.12122
5.10697
11.5036
24.4144
49.4246
95.7751
178.449
319.45
551.559
921.615
1494.31
2357.04
3625.5
5450.26
8024.52
11593.6
16466.6
23030.9
31770.5
43288.9
58338.3
77857
103016
135283
176494
228967
295628
380181
487345
623132
795191
1.01321e+06
1.28893e+06
1.63596e+06
2.07487e+06
2.62181e+06
3.29211e+06
4.09032e+06
4.99551e+06
5.93872e+06
6.77694e+06
7.30466e+06
7.30112e+06
6.70345e+06
6.53533e+06
4.99102e+06
3.58963e+06
2.42122e+06
1.56624e+06
999955
629844
391911
241838
148164
90163.5
55364.3
34022.2
20734.5
13042.8
8296.62
5088.42
3431.91
2286.24
1455.37
849.927
437.784
192.933
71.2016
21.6346
5.32315
1.04199
0.159528
0.0188752
0.00172584
0.000124488
7.45074e-06
4.03014e-07
2.20801e-08
1.36405e-09
9.43377e-11
-2.04772e-12
2.65925e-14
-4.57126e-07
-4.48081e-07
0
-4.24395e-07
1.65863e-11
2.46363e-10
3.6953e-09
4.7193e-08
4.9727e-07
4.29929e-06
2.83329e-05
0.000168291
0.00085862
0.00379236
0.0147427
0.051159
0.160496
0.460221
1.21788
3.00084
6.93002
15.0673
30.9565
60.3971
112.515
202.171
351.321
592.493
968.961
1541.44
2391.78
3628.5
5393.79
7872.25
11302
15988.9
22324.6
30809.4
42082.4
56958.1
76474.2
101951
135066
177949
233293
304499
395841
512656
661548
850558
1.08874e+06
1.38659e+06
1.75809e+06
2.21229e+06
2.75527e+06
3.38269e+06
4.07045e+06
4.76322e+06
5.36548e+06
5.75122e+06
5.79836e+06
5.45725e+06
4.75554e+06
3.86432e+06
3.19296e+06
2.38341e+06
1.66329e+06
1.11826e+06
734669
475341
304370
193558
122607
77565.6
49085.8
30975.6
19104.3
12483.9
8285.21
5455.38
3486.32
2097.56
1149.08
555.973
231.778
81.6004
23.8235
5.66187
1.07473
0.160164
0.018539
0.00167108
0.000120238
7.29947e-06
4.09018e-07
2.37254e-08
1.58836e-09
1.25871e-10
7.78663e-12
4.6431e-07
-4.58287e-07
4.50268e-07
0
4.28794e-07
-4.16289e-07
-4.03377e-07
1.73743e-09
2.23804e-08
2.39679e-07
1.76007e-06
1.41289e-05
8.72654e-05
0.000457332
0.00207175
0.00824501
0.0292331
0.0935072
0.272839
0.733251
1.83045
4.27563
9.405
19.5985
38.909
73.7761
133.958
233.704
393.605
644.617
1029.58
1603.42
2442
3644.72
5342.38
7705.55
10956.1
15381.8
21356
29361.7
40023.9
54149.8
72779.9
97251.8
129278
171041
225301
295522
385994
501948
649607
835628
1.06784e+06
1.35535e+06
1.70331e+06
2.11374e+06
2.58077e+06
3.08539e+06
3.58997e+06
4.03572e+06
4.34749e+06
4.45521e+06
4.30657e+06
3.91805e+06
3.35001e+06
2.70903e+06
2.08509e+06
1.53952e+06
1.09921e+06
790219
545948
367004
241552
156008
98657.9
63938.4
41669.5
27228.9
17810.1
11585.2
7393.88
4533.28
2600.18
1356.71
627.507
251.558
85.6765
24.3162
5.63835
1.04734
0.153226
0.0174894
0.00156538
0.000113019
6.98552e-06
4.05606e-07
2.48173e-08
1.7721e-09
1.52735e-10
1.12309e-12
0
7.89915e-14
0
-4.42642e-07
-5.95543e-13
4.62756e-12
6.81729e-11
3.97361e-07
1.29416e-08
1.4038e-07
1.26527e-06
8.77639e-06
5.45435e-05
0.000293208
0.00135893
0.00552189
0.0199506
0.0648926
0.192144
0.523001
1.31994
3.11214
6.90087
14.4762
28.8795
55.0421
100.655
177.397
301.675
496.642
793.446
1236.9
1885
2815.44
4130.15
5962.81
8488
11933.4
16595.6
22860.8
31231.2
42359.6
57092
76522
102056
135491
179108
235764
308993
403074
523054
674235
862904
1.09576e+06
1.37653e+06
1.70623e+06
2.07979e+06
2.48263e+06
2.88732e+06
3.25228e+06
3.52498e+06
3.65413e+06
3.59563e+06
3.35286e+06
2.95725e+06
2.47549e+06
1.97538e+06
1.51142e+06
1.11578e+06
799541
559139
383411
258860
172710
114252
75160.7
49280.1
32226
20969.7
13480.9
8447.58
5058.65
2825.95
1436.09
648.332
254.526
85.1849
23.8324
5.46338
1.00642
0.146576
0.0167391
0.001509
0.000110634
7.00668e-06
4.20281e-07
2.67067e-08
1.99069e-09
1.76668e-10
1.35681e-11
)
;

boundaryField
{
    fuel
    {
        type            calculated;
        value           uniform 0;
    }
    air
    {
        type            calculated;
        value           uniform 0;
    }
    outlet
    {
        type            calculated;
        value           uniform 0;
    }
    frontAndBack
    {
        type            empty;
    }
}


// ************************************************************************* //
