/*--------------------------------*- C++ -*----------------------------------*\
  =========                 |
  \\      /  F ield         | OpenFOAM: The Open Source CFD Toolbox
   \\    /   O peration     | Website:  https://openfoam.org
    \\  /    A nd           | Version:  11
     \\/     M anipulation  |
\*---------------------------------------------------------------------------*/
FoamFile
{
    format      ascii;
    class       volScalarField;
    location    "0.05";
    object      rho;
}
// * * * * * * * * * * * * * * * * * * * * * * * * * * * * * * * * * * * * * //

dimensions      [1 -3 0 0 0 0 0];

internalField   nonuniform List<scalar> 
4000
(
0.655927
0.648436
0.638403
0.625838
0.611111
0.594897
0.578012
0.561234
0.545163
0.530186
0.516484
0.504091
0.492941
0.482919
0.473889
0.465719
0.458284
0.451481
0.44522
0.439431
0.434058
0.429056
0.424392
0.420035
0.415968
0.412172
0.40862
0.405346
0.402362
0.399569
0.396964
0.394525
0.392232
0.390065
0.388004
0.386027
0.384115
0.382248
0.380404
0.378566
0.376717
0.374839
0.372919
0.370946
0.36891
0.366806
0.364629
0.362381
0.360067
0.357695
0.355279
0.352847
0.350419
0.34802
0.345698
0.343506
0.341503
0.339757
0.338341
0.337331
0.336795
0.336786
0.337475
0.338761
0.340659
0.343132
0.346137
0.349633
0.353587
0.357983
0.362822
0.368123
0.373923
0.380275
0.387248
0.394928
0.403415
0.412828
0.423305
0.435006
0.448116
0.462847
0.479447
0.498199
0.519428
0.5435
0.57082
0.601822
0.636947
0.676593
0.721045
0.770351
0.824162
0.88154
0.940792
0.99946
1.05456
1.10317
1.14307
1.17337
0.655659
0.647408
0.636392
0.622668
0.606709
0.589309
0.571389
0.553785
0.537116
0.521748
0.507832
0.49536
0.484231
0.474296
0.465396
0.457375
0.450098
0.443448
0.43733
0.431668
0.426403
0.42149
0.416895
0.41257
0.408523
0.404809
0.401417
0.398302
0.395296
0.392473
0.38981
0.3873
0.384925
0.38267
0.380515
0.378443
0.376434
0.374468
0.372528
0.370595
0.368653
0.366686
0.364681
0.362625
0.360511
0.35833
0.35608
0.353761
0.351376
0.348935
0.34645
0.343949
0.341454
0.338987
0.336603
0.334356
0.332314
0.330553
0.329159
0.328223
0.327835
0.328073
0.328875
0.330375
0.332536
0.335295
0.338588
0.342358
0.346565
0.351185
0.356223
0.361699
0.36765
0.37413
0.381209
0.388973
0.397524
0.406981
0.417482
0.429185
0.442274
0.456962
0.473494
0.492154
0.513267
0.537204
0.564376
0.595227
0.630214
0.669761
0.714186
0.763584
0.817656
0.87551
0.935484
0.9951
1.0513
1.10103
1.14195
1.17307
0.655237
0.645829
0.63341
0.618153
0.600669
0.581876
0.562768
0.544205
0.526794
0.510874
0.49656
0.483815
0.472509
0.462472
0.453524
0.445494
0.438233
0.431613
0.425531
0.4199
0.414643
0.409745
0.405257
0.401165
0.397433
0.393827
0.390374
0.38703
0.383889
0.38093
0.378132
0.375479
0.372957
0.370549
0.368239
0.36601
0.363845
0.361725
0.359635
0.357557
0.355476
0.353376
0.351245
0.349072
0.346846
0.344562
0.342214
0.339802
0.337329
0.334801
0.332232
0.329646
0.327072
0.324524
0.322065
0.319751
0.317658
0.315872
0.314491
0.313621
0.313357
0.313768
0.314877
0.316838
0.319453
0.322654
0.326389
0.33059
0.335199
0.340189
0.345556
0.351324
0.357533
0.364241
0.371521
0.379459
0.388161
0.397742
0.408342
0.420119
0.433253
0.447956
0.464471
0.483074
0.504093
0.527901
0.554912
0.585575
0.620359
0.659711
0.703984
0.753325
0.807514
0.865756
0.926488
0.9873
1.04512
1.09674
1.1396
1.17243
0.654761
0.644071
0.630139
0.613275
0.594237
0.574056
0.553781
0.534274
0.516117
0.499611
0.484837
0.471728
0.460134
0.449867
0.440738
0.432565
0.42518
0.418456
0.412316
0.406747
0.401694
0.397055
0.392742
0.388573
0.38452
0.380699
0.377066
0.373617
0.370346
0.367242
0.364292
0.36148
0.358795
0.35622
0.353742
0.351345
0.349012
0.34673
0.344482
0.342253
0.340029
0.337796
0.335541
0.333255
0.330927
0.32855
0.32612
0.323634
0.321096
0.31851
0.315889
0.313253
0.310635
0.308044
0.305542
0.303189
0.301062
0.299257
0.297888
0.297081
0.296953
0.297604
0.299091
0.301227
0.304255
0.307988
0.312268
0.316979
0.322053
0.327464
0.333214
0.339327
0.345846
0.35283
0.360351
0.368504
0.377393
0.387131
0.397851
0.409709
0.422894
0.437616
0.454118
0.472687
0.493643
0.51735
0.544219
0.5747
0.609278
0.64842
0.692516
0.741772
0.796051
0.854669
0.916181
0.978272
1.03787
1.09165
1.13678
1.17166
0.654268
0.642269
0.626819
0.608381
0.587857
0.566377
0.545028
0.524661
0.505821
0.488766
0.473542
0.460056
0.44814
0.43758
0.428207
0.419867
0.412472
0.40588
0.399933
0.394509
0.389363
0.384459
0.379734
0.375296
0.371106
0.36714
0.363377
0.3598
0.356396
0.353153
0.350058
0.347099
0.344261
0.341533
0.3389
0.33635
0.333867
0.33144
0.329052
0.326693
0.324346
0.322002
0.319647
0.317274
0.314872
0.312435
0.309958
0.30744
0.304881
0.302285
0.299661
0.297027
0.294416
0.291831
0.28933
0.286968
0.284824
0.282992
0.281598
0.280786
0.280685
0.281397
0.283139
0.285939
0.289567
0.293861
0.298632
0.303776
0.309248
0.315029
0.321128
0.327568
0.334392
0.34165
0.349395
0.357672
0.36669
0.376539
0.387345
0.399264
0.412492
0.42724
0.443735
0.462254
0.483114
0.506684
0.533384
0.563676
0.598045
0.636973
0.680879
0.730024
0.784357
0.843305
0.905554
0.968894
1.03028
1.08627
1.13376
1.17082
0.653787
0.64052
0.623627
0.603717
0.581828
0.559174
0.536865
0.515733
0.496282
0.47873
0.463074
0.449234
0.437059
0.426419
0.4171
0.408874
0.401546
0.394759
0.388448
0.382502
0.377001
0.371872
0.367056
0.362515
0.358219
0.354143
0.350269
0.346579
0.343059
0.339696
0.336477
0.333391
0.330426
0.32757
0.324809
0.322133
0.319529
0.316983
0.314484
0.31202
0.30958
0.307154
0.304731
0.302302
0.299859
0.297397
0.294909
0.292393
0.289849
0.28728
0.284691
0.282094
0.279517
0.276979
0.274495
0.272131
0.26995
0.268028
0.266517
0.2656
0.265455
0.266192
0.268098
0.271168
0.275135
0.2798
0.284929
0.290424
0.29623
0.302332
0.308739
0.315482
0.322606
0.330175
0.338266
0.346993
0.356348
0.366466
0.377476
0.38951
0.402691
0.417376
0.433807
0.452287
0.473088
0.496565
0.523129
0.553241
0.587397
0.626103
0.669819
0.718856
0.773237
0.832491
0.895422
0.959924
1.02299
1.08107
1.13083
1.17001
0.653331
0.638879
0.620655
0.599408
0.5763
0.552609
0.52946
0.507656
0.487674
0.469734
0.453887
0.440022
0.427896
0.417262
0.407672
0.398988
0.391028
0.383845
0.377283
0.37123
0.36561
0.360361
0.355434
0.350787
0.34639
0.342216
0.338244
0.334457
0.33084
0.327378
0.32406
0.320875
0.317809
0.314852
0.311992
0.309217
0.306517
0.30388
0.301298
0.298759
0.296254
0.293774
0.291309
0.288851
0.286393
0.283929
0.281452
0.278961
0.276452
0.273928
0.271391
0.268849
0.26632
0.263824
0.261357
0.258983
0.256773
0.254817
0.253243
0.252229
0.251973
0.252695
0.254712
0.257984
0.26219
0.266989
0.272281
0.277958
0.283963
0.290276
0.296904
0.303873
0.311223
0.31901
0.327301
0.336177
0.345726
0.356059
0.36731
0.379641
0.39325
0.408185
0.424657
0.443075
0.463796
0.487212
0.513695
0.543701
0.57773
0.616296
0.65988
0.708837
0.763257
0.822763
0.88627
0.951776
1.01632
1.07628
1.12812
1.16925
0.652914
0.637386
0.617969
0.595542
0.57137
0.546783
0.522933
0.500648
0.480439
0.462429
0.44655
0.432417
0.419817
0.408508
0.398485
0.38952
0.381434
0.374091
0.367373
0.361181
0.355436
0.350073
0.34504
0.340296
0.335807
0.331546
0.327492
0.323625
0.319928
0.31639
0.312995
0.309733
0.30659
0.303555
0.300617
0.297768
0.294997
0.292296
0.289655
0.287065
0.284518
0.282005
0.279517
0.277048
0.274589
0.272136
0.269682
0.267224
0.264759
0.262287
0.259809
0.257328
0.254856
0.252417
0.250012
0.247695
0.245519
0.243559
0.24193
0.240818
0.240448
0.24111
0.243073
0.246362
0.250593
0.255478
0.260891
0.266697
0.272846
0.279317
0.286115
0.293261
0.300793
0.308763
0.317235
0.326287
0.336009
0.346507
0.357911
0.37037
0.384064
0.399196
0.416025
0.434672
0.455426
0.478785
0.505202
0.535157
0.569133
0.607646
0.651191
0.700153
0.754672
0.814443
0.878469
0.944835
1.01062
1.07218
1.12577
1.16859
0.652544
0.636066
0.61561
0.592167
0.567104
0.541842
0.517576
0.495054
0.474617
0.456175
0.439645
0.425018
0.412087
0.400623
0.390415
0.381271
0.373024
0.36553
0.358672
0.352353
0.346491
0.341022
0.335893
0.331062
0.326493
0.322158
0.318035
0.314102
0.310344
0.306745
0.303291
0.299969
0.296766
0.293671
0.290677
0.287773
0.284953
0.282206
0.279526
0.276903
0.274329
0.271797
0.269299
0.266828
0.264378
0.261941
0.259514
0.257092
0.254672
0.252253
0.249833
0.247416
0.245009
0.242644
0.240328
0.238074
0.235942
0.234011
0.232386
0.231217
0.230731
0.231235
0.233068
0.236289
0.240496
0.245405
0.250852
0.256725
0.262966
0.269549
0.276474
0.283758
0.291437
0.299557
0.308181
0.317383
0.327251
0.33789
0.349421
0.361992
0.375777
0.390981
0.407841
0.426637
0.447714
0.471303
0.497826
0.52774
0.561707
0.600241
0.643836
0.692889
0.747567
0.807611
0.87209
0.939161
1.00595
1.06879
1.12382
1.16803
0.652224
0.634934
0.613603
0.589346
0.563637
0.537915
0.513179
0.490102
0.469004
0.450139
0.43339
0.418568
0.405453
0.393815
0.383441
0.374139
0.365743
0.358111
0.351125
0.344688
0.33872
0.333155
0.32794
0.323031
0.318392
0.313995
0.309813
0.305828
0.30202
0.298374
0.294873
0.291503
0.288253
0.285115
0.282079
0.279138
0.276283
0.273506
0.270799
0.268154
0.265565
0.263024
0.260523
0.258056
0.255617
0.2532
0.2508
0.248414
0.246036
0.243667
0.241303
0.23895
0.236615
0.234319
0.232076
0.229889
0.227822
0.225936
0.224325
0.223138
0.22257
0.222916
0.224555
0.227647
0.231783
0.236673
0.242099
0.247999
0.254293
0.260952
0.26797
0.275361
0.283154
0.291397
0.300146
0.309474
0.319467
0.330227
0.341872
0.354544
0.368413
0.383681
0.400584
0.419394
0.440434
0.464073
0.490745
0.520938
0.555063
0.593691
0.637363
0.686511
0.741341
0.80164
0.866535
0.934236
1.00191
1.06585
1.12213
1.16755
0.651959
0.634002
0.611973
0.587066
0.560724
0.53431
0.508985
0.485485
0.464151
0.445059
0.428107
0.413102
0.399815
0.388016
0.377488
0.36804
0.359507
0.351748
0.344645
0.338102
0.332037
0.326386
0.321093
0.316115
0.311416
0.306963
0.302734
0.298705
0.294857
0.291172
0.287631
0.284223
0.280939
0.277768
0.274703
0.271735
0.268856
0.266058
0.263334
0.260676
0.258078
0.255533
0.253033
0.250574
0.248148
0.245751
0.243377
0.241023
0.238685
0.236361
0.23405
0.231756
0.229485
0.227251
0.225075
0.222957
0.22095
0.219114
0.217533
0.216334
0.215709
0.215919
0.217347
0.220269
0.224287
0.229099
0.23451
0.24042
0.246747
0.253458
0.260543
0.268015
0.2759
0.284241
0.293094
0.302528
0.312628
0.323493
0.33524
0.348007
0.361958
0.377293
0.394244
0.413081
0.434119
0.457732
0.484338
0.514408
0.548456
0.587031
0.630676
0.679844
0.734777
0.795317
0.860651
0.929043
0.997682
1.06282
1.12041
1.16707
0.65174
0.63323
0.610586
0.585021
0.558065
0.531181
0.505489
0.481693
0.46012
0.440823
0.423688
0.408516
0.395072
0.383124
0.372455
0.362875
0.354217
0.346343
0.339135
0.332495
0.326343
0.320614
0.315253
0.310214
0.305461
0.300962
0.296691
0.292626
0.288743
0.285023
0.28145
0.278014
0.274703
0.271508
0.268422
0.265434
0.262538
0.259727
0.256991
0.254326
0.251724
0.249178
0.246683
0.244232
0.241819
0.239441
0.237091
0.234766
0.232463
0.230178
0.227914
0.225672
0.223457
0.221278
0.219164
0.217107
0.215158
0.21337
0.21182
0.210626
0.209956
0.210055
0.211296
0.214033
0.217926
0.22266
0.22804
0.233923
0.240254
0.246992
0.254123
0.261654
0.269609
0.278029
0.286967
0.296491
0.306683
0.31764
0.329478
0.342333
0.356364
0.371768
0.388778
0.407661
0.428718
0.452345
0.478951
0.509011
0.543048
0.581618
0.625272
0.674481
0.729517
0.790258
0.855937
0.924868
0.994261
1.06035
1.11899
1.16666
0.651547
0.632546
0.609363
0.583286
0.555883
0.528625
0.502629
0.478585
0.456803
0.437325
0.420028
0.404706
0.391121
0.379039
0.368244
0.358544
0.349775
0.341798
0.334495
0.327769
0.32154
0.315742
0.310319
0.305227
0.300427
0.295887
0.291581
0.287485
0.283571
0.279822
0.276223
0.272764
0.269433
0.26622
0.263118
0.260116
0.257209
0.254387
0.251645
0.248976
0.246372
0.243828
0.241338
0.238895
0.236496
0.234134
0.231805
0.229506
0.227232
0.224983
0.222759
0.220561
0.218392
0.216264
0.214203
0.212201
0.210304
0.208561
0.207044
0.205859
0.205167
0.205185
0.206269
0.208808
0.212562
0.217201
0.222517
0.228377
0.234709
0.241464
0.248627
0.256202
0.264213
0.272696
0.281703
0.291302
0.301571
0.312608
0.324527
0.337461
0.351568
0.367041
0.384112
0.403048
0.424142
0.4478
0.474431
0.504511
0.538566
0.577158
0.620844
0.670111
0.72525
0.786169
0.852138
0.921507
0.991508
1.05836
1.11784
1.16634
0.651391
0.631995
0.608387
0.581901
0.554134
0.526569
0.500321
0.476066
0.454106
0.434471
0.417031
0.401576
0.387866
0.375666
0.36476
0.354955
0.346089
0.33802
0.330634
0.323833
0.317536
0.311677
0.306201
0.301062
0.296222
0.291647
0.287311
0.283186
0.279245
0.275472
0.271853
0.268375
0.265028
0.261801
0.258687
0.255675
0.252759
0.249932
0.247185
0.244514
0.24191
0.239369
0.236884
0.23445
0.232062
0.229715
0.227404
0.225127
0.222879
0.22066
0.218469
0.216307
0.214179
0.212092
0.21007
0.208127
0.206272
0.204567
0.203078
0.201906
0.201193
0.201147
0.202092
0.204454
0.208082
0.212632
0.21789
0.22372
0.230039
0.2368
0.243983
0.25159
0.259643
0.268176
0.27724
0.2869
0.297235
0.308339
0.320328
0.333332
0.347508
0.363046
0.380176
0.399167
0.420299
0.443994
0.470658
0.50077
0.534857
0.573482
0.617212
0.666543
0.721781
0.782858
0.849073
0.918802
0.989296
1.05676
1.11692
1.16607
0.651267
0.631559
0.607617
0.580807
0.55275
0.524938
0.498482
0.474053
0.451942
0.432173
0.414611
0.399042
0.385225
0.372923
0.36192
0.352026
0.343075
0.334929
0.327471
0.320605
0.31425
0.308339
0.302817
0.297638
0.292763
0.288159
0.283797
0.279647
0.275684
0.271891
0.268255
0.264762
0.261402
0.258165
0.255041
0.252022
0.2491
0.246268
0.243519
0.240846
0.238244
0.235705
0.233226
0.2308
0.228422
0.226087
0.223793
0.221533
0.219307
0.217113
0.21495
0.212819
0.210724
0.208673
0.206686
0.204782
0.202964
0.201293
0.199831
0.198669
0.197948
0.197856
0.19869
0.20089
0.204401
0.20887
0.214074
0.219875
0.226174
0.232932
0.240126
0.247756
0.25584
0.264412
0.273521
0.28323
0.293619
0.30478
0.316827
0.329891
0.344128
0.359724
0.376908
0.395949
0.417129
0.440844
0.467548
0.497695
0.531818
0.570482
0.614258
0.663651
0.71898
0.780194
0.846614
0.916638
0.987529
1.05548
1.11619
1.16586
0.651171
0.631223
0.607021
0.579959
0.551675
0.523667
0.497045
0.472475
0.45024
0.430361
0.412697
0.397032
0.383125
0.370738
0.359655
0.349686
0.340664
0.332453
0.324936
0.318016
0.311612
0.305658
0.300098
0.294886
0.289982
0.285353
0.280969
0.276798
0.272816
0.269007
0.265357
0.261853
0.258483
0.255237
0.252106
0.249081
0.246155
0.24332
0.24057
0.237897
0.235296
0.232761
0.230286
0.227866
0.225497
0.223173
0.220891
0.218647
0.216439
0.214265
0.212124
0.210018
0.207951
0.205929
0.203971
0.202097
0.200311
0.198667
0.197226
0.196074
0.195345
0.195214
0.195966
0.198029
0.20144
0.205837
0.21099
0.216756
0.223041
0.229796
0.236997
0.244643
0.25275
0.261352
0.270496
0.280245
0.290677
0.301885
0.31398
0.327093
0.34138
0.357025
0.374255
0.393341
0.414565
0.438302
0.465039
0.49522
0.529377
0.568078
0.611898
0.661347
0.716754
0.778083
0.84467
0.914931
0.986138
1.05448
1.11561
1.1657
0.651099
0.63097
0.606573
0.57932
0.550862
0.522704
0.495954
0.471273
0.448941
0.428973
0.411228
0.395488
0.381509
0.369054
0.357907
0.347877
0.3388
0.330537
0.322972
0.316009
0.309566
0.303578
0.297987
0.292748
0.287821
0.283173
0.278771
0.274582
0.270586
0.266764
0.263103
0.25959
0.256212
0.25296
0.249824
0.246795
0.243866
0.241029
0.238278
0.235605
0.233005
0.230473
0.228002
0.225588
0.223226
0.220911
0.218639
0.216407
0.214213
0.212054
0.209931
0.207845
0.205799
0.2038
0.201864
0.200015
0.198252
0.19663
0.195206
0.194063
0.193329
0.193171
0.193859
0.195812
0.199142
0.203478
0.208589
0.214326
0.220596
0.227346
0.23455
0.242207
0.250331
0.258955
0.268126
0.277905
0.288371
0.299614
0.311747
0.3249
0.339227
0.354912
0.37218
0.391301
0.41256
0.436322
0.463087
0.493297
0.527483
0.566216
0.610073
0.65957
0.715041
0.776462
0.84318
0.913624
0.985075
1.05371
1.11517
1.16557
0.651047
0.630788
0.606251
0.57886
0.550278
0.52201
0.495166
0.470404
0.448
0.427967
0.410161
0.394364
0.380331
0.367826
0.356631
0.346556
0.337436
0.329135
0.321534
0.314539
0.308067
0.302052
0.296439
0.29118
0.286236
0.281573
0.277157
0.272955
0.268948
0.265117
0.261448
0.257928
0.254545
0.251288
0.248148
0.245116
0.242185
0.239347
0.236595
0.233923
0.231325
0.228795
0.226327
0.223917
0.22156
0.219251
0.216987
0.214765
0.212581
0.210434
0.208324
0.206252
0.204222
0.202239
0.200321
0.198489
0.196744
0.195138
0.193727
0.192592
0.191855
0.191678
0.192321
0.19419
0.197458
0.201749
0.206827
0.212542
0.218799
0.225543
0.232749
0.240412
0.248547
0.257187
0.266377
0.276179
0.286669
0.297939
0.310099
0.323282
0.337639
0.353354
0.370651
0.3898
0.411085
0.434867
0.461655
0.491888
0.526097
0.564856
0.608743
0.658276
0.713797
0.775285
0.842101
0.912679
0.984307
1.05316
1.11486
1.16548
0.651014
0.63067
0.606042
0.578562
0.549899
0.52156
0.494654
0.469838
0.447386
0.42731
0.409464
0.393629
0.37956
0.367021
0.355794
0.345689
0.336542
0.328214
0.32059
0.313573
0.307081
0.30105
0.295421
0.290149
0.285193
0.28052
0.276095
0.271885
0.26787
0.264033
0.260359
0.256835
0.253448
0.250188
0.247046
0.244012
0.24108
0.238241
0.235489
0.232818
0.23022
0.227692
0.225226
0.222819
0.220466
0.218162
0.215903
0.213686
0.211509
0.20937
0.207269
0.205207
0.203187
0.201216
0.199308
0.197489
0.195755
0.19416
0.192757
0.191627
0.190889
0.1907
0.191315
0.193129
0.196355
0.200616
0.205671
0.211371
0.217619
0.224359
0.231565
0.239232
0.247375
0.256024
0.265227
0.275043
0.285549
0.296836
0.309016
0.322217
0.336595
0.35233
0.369647
0.388815
0.410118
0.433915
0.460719
0.490968
0.525194
0.563971
0.607879
0.657437
0.712991
0.774526
0.841405
0.912071
0.983813
1.05281
1.11465
1.16543
0.650997
0.630612
0.605939
0.578416
0.549712
0.521339
0.494403
0.46956
0.447085
0.426987
0.409121
0.393267
0.37918
0.366623
0.35538
0.345259
0.336098
0.327757
0.32012
0.313092
0.306591
0.30055
0.294913
0.289634
0.284673
0.279995
0.275564
0.27135
0.267332
0.263492
0.259815
0.256288
0.2529
0.249638
0.246495
0.243461
0.240528
0.237689
0.234937
0.232266
0.229669
0.227142
0.224678
0.222272
0.219921
0.217619
0.215363
0.213149
0.210976
0.208841
0.206745
0.204687
0.202672
0.200707
0.198805
0.196992
0.195264
0.193675
0.192277
0.191148
0.19041
0.190216
0.190817
0.192605
0.195811
0.200057
0.205102
0.210794
0.217037
0.223776
0.230982
0.238651
0.246797
0.255452
0.264661
0.274485
0.284999
0.296295
0.308484
0.321696
0.336084
0.35183
0.369157
0.388335
0.409649
0.433453
0.460266
0.490524
0.52476
0.563547
0.607465
0.657037
0.712608
0.774165
0.841075
0.911783
0.983579
1.05264
1.11455
1.1654
0.650997
0.63061
0.605936
0.578411
0.549706
0.52133
0.494394
0.46955
0.447075
0.426977
0.40911
0.393256
0.379169
0.366612
0.355369
0.345248
0.336086
0.327745
0.320108
0.31308
0.306578
0.300537
0.294901
0.289622
0.28466
0.279983
0.275552
0.271338
0.26732
0.26348
0.259803
0.256277
0.252888
0.249627
0.246484
0.24345
0.240518
0.237679
0.234927
0.232256
0.22966
0.227133
0.224669
0.222264
0.219913
0.217611
0.215355
0.213142
0.210969
0.208835
0.206738
0.204681
0.202667
0.200702
0.1988
0.196987
0.19526
0.193671
0.192273
0.191146
0.190408
0.190215
0.190817
0.192606
0.195813
0.200059
0.205105
0.210798
0.217042
0.22378
0.230986
0.238656
0.246803
0.255458
0.264667
0.274491
0.285005
0.296302
0.308491
0.321703
0.336092
0.351838
0.369165
0.388343
0.409657
0.433462
0.460276
0.490534
0.52477
0.563557
0.607476
0.657048
0.712619
0.774176
0.841086
0.911792
0.983586
1.05264
1.11456
1.1654
0.651012
0.630664
0.606031
0.578547
0.549879
0.521537
0.494628
0.46981
0.447357
0.427279
0.409433
0.393597
0.379527
0.366987
0.35576
0.345654
0.336506
0.328178
0.320553
0.313536
0.307044
0.301012
0.295383
0.290111
0.285155
0.280483
0.276057
0.271848
0.267833
0.263997
0.260323
0.256799
0.253413
0.250153
0.247012
0.243979
0.241048
0.23821
0.235459
0.232788
0.230192
0.227664
0.225199
0.222793
0.220441
0.218138
0.21588
0.213664
0.211488
0.209351
0.20725
0.205189
0.20317
0.2012
0.199293
0.197475
0.195743
0.194149
0.192747
0.191618
0.190882
0.190696
0.191314
0.193131
0.196361
0.200623
0.205681
0.211382
0.217632
0.224373
0.23158
0.239247
0.247391
0.256042
0.265245
0.275062
0.285568
0.296857
0.309037
0.322239
0.336618
0.352354
0.369671
0.38884
0.410144
0.433941
0.460746
0.490996
0.525224
0.564002
0.607909
0.657468
0.713022
0.774556
0.841434
0.912097
0.983833
1.05282
1.11466
1.16543
0.651045
0.630778
0.606234
0.578836
0.550247
0.521974
0.495125
0.470359
0.447952
0.427917
0.41011
0.39431
0.380276
0.367769
0.356573
0.346497
0.337376
0.329074
0.321472
0.314476
0.308004
0.301989
0.296375
0.291116
0.286172
0.281509
0.277093
0.272892
0.268885
0.265055
0.261387
0.257868
0.254485
0.25123
0.248091
0.245061
0.242131
0.239294
0.236544
0.233873
0.231276
0.228748
0.226282
0.223873
0.221518
0.219211
0.216949
0.214728
0.212546
0.210401
0.208292
0.206222
0.204194
0.202213
0.200296
0.198467
0.196723
0.19512
0.19371
0.192578
0.191844
0.191671
0.192319
0.194195
0.197467
0.201762
0.206843
0.21256
0.218819
0.225565
0.232773
0.240437
0.248574
0.257215
0.266407
0.27621
0.286701
0.297972
0.310134
0.323318
0.337676
0.353393
0.370691
0.389841
0.411128
0.434911
0.4617
0.491934
0.526145
0.564905
0.608792
0.658325
0.713845
0.775332
0.842144
0.912718
0.984338
1.05318
1.11487
1.16549
0.651096
0.630958
0.606552
0.57929
0.550824
0.522657
0.495901
0.471214
0.448877
0.428906
0.411158
0.395414
0.381432
0.368975
0.357826
0.347794
0.338715
0.33045
0.322884
0.315919
0.309475
0.303486
0.297895
0.292656
0.287729
0.283081
0.278679
0.274491
0.270495
0.266675
0.263015
0.259503
0.256127
0.252876
0.249742
0.246715
0.243788
0.240953
0.238204
0.235533
0.232936
0.230406
0.227937
0.225525
0.223165
0.220853
0.218584
0.216354
0.214162
0.212007
0.209886
0.207802
0.205759
0.203762
0.201829
0.199982
0.198222
0.196603
0.195182
0.194044
0.193314
0.193161
0.193856
0.195818
0.199154
0.203496
0.208611
0.214352
0.220624
0.227377
0.234584
0.242242
0.250369
0.258995
0.268168
0.277949
0.288416
0.299662
0.311796
0.324951
0.33928
0.354966
0.372236
0.391359
0.412619
0.436382
0.463149
0.49336
0.527547
0.566281
0.610138
0.659633
0.715104
0.776521
0.843234
0.913671
0.985112
1.05374
1.11519
1.16558
0.651167
0.63121
0.606998
0.579924
0.551629
0.523611
0.49698
0.472402
0.45016
0.430275
0.412606
0.396937
0.383025
0.370635
0.359548
0.349575
0.340551
0.332338
0.324819
0.317897
0.311491
0.305536
0.299976
0.294763
0.289859
0.285231
0.280847
0.276676
0.272696
0.268888
0.26524
0.261737
0.258369
0.255125
0.251997
0.248974
0.246051
0.243219
0.240471
0.237801
0.235203
0.232671
0.2302
0.227783
0.225417
0.223097
0.220818
0.218577
0.216372
0.214202
0.212064
0.209961
0.207897
0.205879
0.203924
0.202054
0.200271
0.198631
0.197194
0.196048
0.195325
0.195201
0.195961
0.198036
0.201457
0.20586
0.211019
0.216789
0.223078
0.229836
0.237041
0.244689
0.252799
0.261404
0.27055
0.280302
0.290736
0.301946
0.314043
0.327159
0.341448
0.357095
0.374327
0.393415
0.41464
0.43838
0.465118
0.4953
0.529457
0.568158
0.611977
0.661424
0.716828
0.778152
0.844732
0.914984
0.98618
1.05451
1.11563
1.1657
0.651262
0.631543
0.607588
0.580764
0.552694
0.524869
0.498402
0.473962
0.451843
0.432066
0.414497
0.398921
0.385098
0.372791
0.361784
0.351885
0.34293
0.334781
0.32732
0.320452
0.314095
0.308183
0.30266
0.29748
0.292605
0.288001
0.28364
0.279491
0.275529
0.271738
0.268104
0.264613
0.261256
0.258022
0.254901
0.251885
0.248966
0.246138
0.243393
0.240724
0.238125
0.235591
0.233115
0.230693
0.22832
0.225989
0.223699
0.221444
0.219222
0.217032
0.214873
0.212746
0.210656
0.208609
0.206627
0.204727
0.202914
0.201248
0.199791
0.198636
0.197922
0.197839
0.198685
0.200898
0.20442
0.208898
0.214109
0.219915
0.226219
0.232982
0.240179
0.247813
0.2559
0.264475
0.273588
0.2833
0.293692
0.304857
0.316906
0.329973
0.344212
0.35981
0.376997
0.39604
0.417223
0.44094
0.467645
0.497793
0.531916
0.570579
0.614354
0.663743
0.719068
0.780275
0.846686
0.916699
0.987577
1.05552
1.11621
1.16587
0.651385
0.631974
0.608349
0.581845
0.554061
0.526481
0.500218
0.475951
0.45398
0.434335
0.416887
0.401424
0.387707
0.3755
0.364588
0.354778
0.345907
0.337834
0.330444
0.32364
0.317341
0.31148
0.306003
0.300863
0.296023
0.291449
0.287114
0.282991
0.279052
0.275281
0.271664
0.268189
0.264845
0.261622
0.258511
0.255504
0.252592
0.249769
0.247028
0.244361
0.241762
0.239226
0.236746
0.234317
0.231934
0.229593
0.227288
0.225015
0.222773
0.220559
0.218373
0.216217
0.214094
0.212013
0.209997
0.208059
0.20621
0.204512
0.20303
0.201864
0.201161
0.201126
0.202084
0.204464
0.208104
0.212664
0.21793
0.223767
0.230092
0.236858
0.244045
0.251657
0.259714
0.268252
0.27732
0.286984
0.297322
0.308431
0.320423
0.33343
0.34761
0.363151
0.380284
0.399278
0.420413
0.44411
0.470776
0.500889
0.534976
0.573601
0.617329
0.666656
0.721888
0.782957
0.849161
0.918877
0.989354
1.0568
1.11695
1.16608
0.651539
0.632518
0.609312
0.583212
0.555787
0.528509
0.502497
0.478437
0.456642
0.437153
0.419846
0.404514
0.39092
0.378831
0.368029
0.358323
0.349548
0.341566
0.334258
0.327529
0.321297
0.315497
0.310073
0.30498
0.30018
0.295642
0.291337
0.287243
0.283332
0.279585
0.27599
0.272534
0.269207
0.265999
0.262901
0.259905
0.257003
0.254187
0.25145
0.248787
0.246189
0.243651
0.241167
0.238732
0.236338
0.233983
0.231661
0.229368
0.227102
0.224859
0.222641
0.22045
0.218288
0.216167
0.214113
0.212118
0.210228
0.208492
0.206984
0.205809
0.205128
0.205159
0.206259
0.208817
0.212585
0.217235
0.22256
0.228427
0.234767
0.241529
0.248698
0.256279
0.264295
0.272784
0.281797
0.2914
0.301675
0.312716
0.324639
0.337578
0.351689
0.367167
0.384241
0.403182
0.424279
0.44794
0.474574
0.504656
0.538712
0.577303
0.620987
0.67025
0.725382
0.786292
0.852249
0.921601
0.991582
1.05841
1.11787
1.16634
0.651731
0.633196
0.610521
0.58492
0.557939
0.531032
0.505319
0.481505
0.459915
0.440604
0.423458
0.408275
0.394821
0.382864
0.372187
0.3626
0.353936
0.346055
0.338842
0.332198
0.326043
0.320312
0.314949
0.30991
0.305157
0.300659
0.296391
0.292328
0.288449
0.284732
0.281163
0.277731
0.274426
0.271237
0.268156
0.265175
0.262285
0.25948
0.256752
0.254094
0.2515
0.248961
0.246474
0.244031
0.241626
0.239256
0.236914
0.234598
0.232302
0.230026
0.22777
0.225537
0.22333
0.22116
0.219054
0.217006
0.215066
0.213287
0.211748
0.210565
0.209908
0.210023
0.211284
0.214042
0.21795
0.222697
0.228087
0.233978
0.240318
0.247064
0.254203
0.261741
0.269703
0.27813
0.287075
0.296605
0.306802
0.317766
0.32961
0.34247
0.356507
0.371917
0.388932
0.40782
0.428882
0.452513
0.479124
0.509186
0.543225
0.581796
0.625448
0.674654
0.729682
0.790412
0.856076
0.924986
0.994355
1.06042
1.11903
1.16667
0.651948
0.633964
0.611906
0.586968
0.560584
0.534133
0.508776
0.485247
0.463893
0.444784
0.427818
0.4128
0.399502
0.387692
0.377155
0.367699
0.359158
0.351393
0.344285
0.337737
0.331669
0.326015
0.320721
0.315743
0.311044
0.306593
0.302366
0.298341
0.294497
0.290816
0.28728
0.283878
0.2806
0.277436
0.274378
0.271417
0.268546
0.265756
0.263041
0.260392
0.257803
0.255267
0.252777
0.250327
0.247911
0.245524
0.24316
0.240816
0.238489
0.236174
0.233874
0.23159
0.22933
0.227107
0.224941
0.222834
0.220838
0.219013
0.217444
0.21626
0.215651
0.21588
0.217332
0.220276
0.224311
0.229136
0.23456
0.24048
0.246817
0.253537
0.260631
0.268112
0.276005
0.284354
0.293215
0.302658
0.312766
0.323638
0.335393
0.348167
0.362125
0.377467
0.394425
0.413269
0.434314
0.457933
0.484545
0.51462
0.548671
0.587249
0.630893
0.680057
0.734982
0.795509
0.860823
0.929191
0.997799
1.06291
1.12045
1.16708
0.652209
0.634879
0.613506
0.589211
0.563465
0.537698
0.512908
0.489743
0.468668
0.449792
0.433025
0.41819
0.405063
0.393414
0.38303
0.373719
0.365314
0.357674
0.350682
0.34424
0.338268
0.332701
0.327484
0.322575
0.317937
0.313542
0.309364
0.305383
0.30158
0.29794
0.294445
0.291081
0.287839
0.284708
0.281681
0.278749
0.275903
0.273136
0.270439
0.267805
0.265227
0.262696
0.260207
0.257752
0.255325
0.25292
0.250533
0.248159
0.245794
0.243437
0.241087
0.238747
0.236425
0.234141
0.231912
0.229738
0.227684
0.225812
0.224217
0.223047
0.222498
0.222866
0.224532
0.227647
0.231801
0.236706
0.242146
0.248059
0.254365
0.261036
0.268064
0.275466
0.28327
0.291523
0.300282
0.30962
0.319623
0.330392
0.342047
0.354728
0.368607
0.383884
0.400795
0.419615
0.440663
0.46431
0.490991
0.521191
0.555321
0.593954
0.637626
0.68677
0.74159
0.801874
0.866746
0.934416
1.00205
1.06595
1.12218
1.16757
0.652524
0.635995
0.615481
0.59198
0.566867
0.541576
0.517299
0.494799
0.474261
0.455757
0.439177
0.424541
0.411603
0.400129
0.38991
0.380755
0.372497
0.364995
0.35813
0.351804
0.345938
0.340466
0.335336
0.330504
0.325937
0.321605
0.317485
0.313557
0.309805
0.306213
0.302767
0.299453
0.296258
0.293172
0.290188
0.287295
0.284485
0.28175
0.279082
0.276471
0.273911
0.271392
0.268908
0.266451
0.264015
0.261594
0.259182
0.256776
0.254372
0.251968
0.249564
0.247163
0.244773
0.242424
0.240124
0.237887
0.235772
0.233859
0.232252
0.231102
0.230639
0.231169
0.23303
0.236277
0.240503
0.24543
0.250893
0.256782
0.263037
0.269634
0.276573
0.28387
0.291562
0.299695
0.308332
0.317546
0.327427
0.338078
0.349621
0.362204
0.376
0.391215
0.408086
0.426892
0.447978
0.471576
0.498105
0.528023
0.561994
0.60053
0.644125
0.693175
0.747844
0.807874
0.87233
0.939368
1.00612
1.0689
1.12389
1.16805
0.652891
0.6373
0.617812
0.595312
0.571069
0.546421
0.522529
0.500229
0.480018
0.462006
0.446106
0.431921
0.419278
0.407933
0.39788
0.38889
0.380791
0.373438
0.366711
0.360512
0.354761
0.349394
0.344359
0.339615
0.335127
0.33087
0.326819
0.322958
0.319268
0.315737
0.312351
0.309098
0.305965
0.302941
0.300014
0.297176
0.294418
0.29173
0.289103
0.286528
0.283996
0.281499
0.279028
0.276576
0.274135
0.2717
0.269265
0.266827
0.264381
0.261929
0.259471
0.257011
0.254559
0.252141
0.249756
0.24746
0.245305
0.243365
0.241759
0.240672
0.240328
0.24102
0.243013
0.246329
0.250584
0.25549
0.260922
0.266747
0.272913
0.279401
0.286216
0.293378
0.300927
0.308914
0.317402
0.326469
0.336207
0.346721
0.35814
0.370615
0.384322
0.399465
0.416306
0.434963
0.455726
0.479097
0.505525
0.535492
0.569476
0.607995
0.651542
0.700502
0.755013
0.814766
0.878763
0.945088
1.01083
1.07232
1.12585
1.16861
0.653303
0.638776
0.620467
0.599131
0.575937
0.55217
0.528956
0.507097
0.487079
0.469126
0.453291
0.439421
0.427275
0.416584
0.406932
0.39814
0.390227
0.383044
0.376469
0.370408
0.364783
0.35953
0.354601
0.349954
0.345557
0.341386
0.337419
0.333638
0.330028
0.326575
0.323267
0.320091
0.317036
0.314092
0.311244
0.308482
0.305795
0.303174
0.300607
0.298086
0.295599
0.293137
0.290692
0.288255
0.285819
0.283377
0.280924
0.278456
0.275973
0.273473
0.270962
0.268446
0.265942
0.263472
0.26103
0.258682
0.256498
0.254569
0.253023
0.252037
0.251812
0.252565
0.254616
0.257919
0.262152
0.266976
0.272293
0.277992
0.284019
0.290355
0.297004
0.303994
0.311366
0.319176
0.32749
0.336383
0.34595
0.356303
0.367578
0.379934
0.393553
0.408496
0.424977
0.443409
0.464146
0.487577
0.514074
0.544094
0.578133
0.616708
0.660297
0.709253
0.763664
0.82315
0.886623
0.95208
1.01656
1.07645
1.12821
1.16927
0.653754
0.6404
0.623407
0.60339
0.581398
0.558651
0.536262
0.515063
0.495557
0.477955
0.462263
0.448397
0.436216
0.425605
0.416313
0.408149
0.400685
0.393805
0.387375
0.381461
0.375974
0.370844
0.366029
0.361489
0.357195
0.353124
0.349255
0.345572
0.342059
0.338705
0.335497
0.332421
0.329467
0.326623
0.323876
0.321215
0.318625
0.316096
0.313615
0.31117
0.308751
0.306346
0.303946
0.301542
0.299126
0.296691
0.294232
0.291746
0.289233
0.286695
0.284138
0.281574
0.27903
0.276525
0.274074
0.271742
0.269592
0.267699
0.266219
0.265336
0.265226
0.266007
0.267953
0.271058
0.275054
0.279755
0.284914
0.290438
0.296272
0.3024
0.308834
0.315605
0.322763
0.330375
0.338539
0.347239
0.356593
0.366718
0.377738
0.389781
0.402987
0.4177
0.43416
0.452664
0.473486
0.496983
0.523566
0.553696
0.587868
0.626587
0.67031
0.719349
0.77372
0.83295
0.895841
0.960285
1.02327
1.08127
1.13094
1.17004
0.654231
0.642132
0.626566
0.608002
0.587355
0.565763
0.544317
0.523869
0.504962
0.487851
0.472578
0.45905
0.44709
0.436499
0.427108
0.418766
0.411407
0.404847
0.398964
0.393423
0.388177
0.383154
0.378456
0.374034
0.369852
0.365891
0.362134
0.358565
0.35517
0.351935
0.348849
0.345899
0.343072
0.340355
0.337736
0.3352
0.332734
0.330324
0.327956
0.325617
0.323294
0.320975
0.318648
0.316303
0.313932
0.311529
0.309087
0.306605
0.304084
0.301527
0.298944
0.296351
0.293782
0.291239
0.288779
0.28646
0.284356
0.282567
0.281214
0.280444
0.280385
0.281138
0.282928
0.285776
0.289453
0.29378
0.298584
0.303761
0.309265
0.315078
0.321206
0.327673
0.334518
0.341782
0.349501
0.357854
0.366919
0.376802
0.387635
0.399579
0.412836
0.427613
0.444136
0.462681
0.483566
0.507161
0.533886
0.5642
0.598589
0.637533
0.681449
0.730595
0.784917
0.843838
0.90604
0.969311
1.03061
1.0865
1.13389
1.17086
0.654719
0.643919
0.629853
0.612844
0.593661
0.573346
0.552954
0.533348
0.51511
0.498535
0.483703
0.470543
0.458903
0.448595
0.439429
0.431224
0.423804
0.417063
0.410931
0.405402
0.400385
0.395806
0.391405
0.387175
0.383076
0.379218
0.375575
0.372128
0.368861
0.365761
0.362815
0.36001
0.357332
0.354767
0.3523
0.349916
0.3476
0.345336
0.343108
0.340902
0.338703
0.336499
0.334275
0.332023
0.329731
0.327394
0.325005
0.322564
0.320072
0.317534
0.314962
0.312377
0.30981
0.307272
0.304822
0.302521
0.300447
0.298695
0.297379
0.296626
0.296552
0.297257
0.298795
0.300985
0.304066
0.307848
0.312173
0.316927
0.322042
0.327492
0.333278
0.339427
0.345978
0.352991
0.360542
0.368731
0.377654
0.387426
0.398176
0.410065
0.423281
0.438034
0.454566
0.473166
0.494151
0.517888
0.544785
0.575293
0.609894
0.649056
0.693165
0.742424
0.796691
0.855276
0.916734
0.978744
1.03824
1.09191
1.13692
1.1717
0.655192
0.645661
0.633093
0.61767
0.600018
0.581067
0.561819
0.543137
0.525626
0.509623
0.495238
0.482431
0.47107
0.460985
0.451993
0.443924
0.436628
0.429978
0.42387
0.41821
0.412941
0.408061
0.403597
0.399518
0.395758
0.392122
0.388594
0.385277
0.382137
0.379171
0.376369
0.373716
0.371196
0.368793
0.366491
0.364273
0.362121
0.360019
0.357949
0.355894
0.35384
0.351772
0.349676
0.347541
0.345358
0.343119
0.34082
0.33846
0.336042
0.333571
0.331061
0.328535
0.326022
0.323538
0.321141
0.318892
0.316863
0.315142
0.313828
0.313027
0.312833
0.313315
0.314483
0.316501
0.319175
0.322435
0.326229
0.330486
0.335148
0.340187
0.345602
0.351414
0.357665
0.364413
0.371731
0.379708
0.388446
0.398063
0.408698
0.42051
0.433678
0.448415
0.464963
0.483599
0.504653
0.528494
0.555537
0.586232
0.621044
0.66042
0.704708
0.754053
0.808229
0.866435
0.927104
0.987824
1.04553
1.09702
1.13975
1.17247
0.655611
0.647227
0.636047
0.622138
0.605988
0.588405
0.570321
0.552575
0.535786
0.520318
0.506318
0.493774
0.482582
0.472592
0.463643
0.455579
0.448264
0.44158
0.435432
0.429744
0.424457
0.419526
0.414909
0.410565
0.406546
0.402867
0.399543
0.396354
0.393313
0.390471
0.387794
0.385275
0.382894
0.380637
0.378484
0.376417
0.374417
0.372466
0.370544
0.368634
0.36672
0.364786
0.362818
0.360806
0.358738
0.356609
0.354415
0.352155
0.349833
0.347458
0.345041
0.342609
0.340186
0.337791
0.33548
0.333308
0.331339
0.329652
0.32833
0.327465
0.327146
0.327452
0.32834
0.329924
0.332168
0.335005
0.33837
0.342208
0.346477
0.351156
0.356249
0.361776
0.367775
0.374301
0.381424
0.389231
0.397823
0.40732
0.417859
0.4296
0.442727
0.457452
0.474021
0.492719
0.51387
0.537844
0.565052
0.595939
0.630958
0.670532
0.714976
0.764378
0.818436
0.876251
0.936154
0.995668
1.05174
1.10133
1.14211
1.17312
0.655876
0.648244
0.638035
0.625269
0.610332
0.593914
0.576844
0.559904
0.543699
0.528609
0.514814
0.502342
0.491126
0.481047
0.471968
0.463754
0.456281
0.449444
0.443153
0.437338
0.431942
0.42692
0.422236
0.417864
0.413784
0.409975
0.4064
0.403126
0.400141
0.397345
0.394738
0.392295
0.39
0.387833
0.385774
0.383803
0.381901
0.380046
0.37822
0.376405
0.374584
0.37274
0.37086
0.368931
0.366946
0.364896
0.36278
0.360596
0.35835
0.356049
0.353708
0.351352
0.349003
0.346683
0.344443
0.342332
0.340412
0.338748
0.337416
0.33649
0.336042
0.336122
0.336899
0.338275
0.340255
0.342807
0.345888
0.349456
0.353478
0.357937
0.362835
0.368192
0.374044
0.380446
0.387466
0.39519
0.403721
0.413176
0.423695
0.435436
0.448586
0.463357
0.479997
0.498789
0.520058
0.54417
0.57153
0.602572
0.637732
0.677408
0.721881
0.771193
0.82499
0.882325
0.941503
1.00006
1.05503
1.10348
1.14324
1.17341
)
;

boundaryField
{
    fuel
    {
        type            calculated;
        value           nonuniform List<scalar> 
40
(
0.658534
0.658534
0.658534
0.658534
0.658534
0.658534
0.658534
0.658534
0.658534
0.658534
0.658534
0.658534
0.658534
0.658534
0.658534
0.658534
0.658534
0.658534
0.658534
0.658534
0.658534
0.658534
0.658534
0.658534
0.658534
0.658534
0.658534
0.658534
0.658534
0.658534
0.658534
0.658534
0.658534
0.658534
0.658534
0.658534
0.658534
0.658534
0.658534
0.658534
)
;
    }
    air
    {
        type            calculated;
        value           nonuniform List<scalar> 
40
(
1.18382
1.18382
1.18382
1.18382
1.18382
1.18382
1.18382
1.18382
1.18382
1.18382
1.18382
1.18382
1.18382
1.18382
1.18382
1.18382
1.18382
1.18382
1.18382
1.18382
1.18382
1.18382
1.18382
1.18382
1.18382
1.18382
1.18382
1.18382
1.18382
1.18382
1.18382
1.18382
1.18382
1.18382
1.18382
1.18382
1.18382
1.18382
1.18382
1.18382
)
;
    }
    outlet
    {
        type            calculated;
        value           nonuniform List<scalar> 
200
(
0.655846
0.648128
0.637815
0.624942
0.609916
0.593448
0.576378
0.559492
0.543385
0.52843
0.514794
0.502497
0.491463
0.48157
0.472678
0.464649
0.457361
0.450707
0.4446
0.438968
0.433756
0.42892
0.424425
0.420244
0.416355
0.41274
0.409384
0.406272
0.403385
0.40075
0.398355
0.396115
0.394026
0.392061
0.3902
0.388421
0.386704
0.385027
0.383369
0.381713
0.380039
0.378331
0.376576
0.374762
0.37288
0.370924
0.368892
0.366786
0.364609
0.362372
0.36009
0.357787
0.355484
0.353204
0.350994
0.3489
0.346975
0.345283
0.343887
0.342855
0.342248
0.34211
0.3426
0.343621
0.345283
0.347476
0.35018
0.353366
0.357014
0.36111
0.365657
0.370675
0.3762
0.382282
0.388989
0.396405
0.404628
0.413774
0.42398
0.435403
0.448225
0.462658
0.478946
0.497371
0.518256
0.541967
0.568911
0.599527
0.634262
0.673531
0.717642
0.76668
0.820339
0.877731
0.937211
0.996337
1.0521
1.10147
1.14216
1.17312
0.655793
0.647931
0.637438
0.624362
0.609123
0.592449
0.575195
0.558148
0.541906
0.526839
0.513111
0.500736
0.489636
0.479685
0.470742
0.462669
0.455342
0.448652
0.442513
0.436853
0.431615
0.426756
0.42224
0.418039
0.414131
0.410498
0.407117
0.403974
0.401101
0.398467
0.39607
0.393826
0.391733
0.389767
0.387906
0.386131
0.384421
0.382755
0.381114
0.379478
0.377832
0.376158
0.374442
0.372674
0.370844
0.368945
0.366976
0.364937
0.362832
0.360671
0.358467
0.356246
0.354026
0.351831
0.349707
0.3477
0.345864
0.344259
0.342951
0.342009
0.341495
0.341459
0.342037
0.34316
0.344893
0.347162
0.34994
0.353199
0.356914
0.361074
0.365681
0.370755
0.376332
0.382464
0.389218
0.396679
0.404945
0.414133
0.42438
0.435843
0.448704
0.463177
0.479504
0.497969
0.518894
0.542645
0.569629
0.600283
0.635054
0.674354
0.718486
0.767531
0.821176
0.878528
0.937934
0.996951
1.05257
1.1018
1.14233
1.17317
)
;
    }
    frontAndBack
    {
        type            empty;
    }
}


// ************************************************************************* //
