/*--------------------------------*- C++ -*----------------------------------*\
  =========                 |
  \\      /  F ield         | OpenFOAM: The Open Source CFD Toolbox
   \\    /   O peration     | Website:  https://openfoam.org
    \\  /    A nd           | Version:  11
     \\/     M anipulation  |
\*---------------------------------------------------------------------------*/
FoamFile
{
    format      ascii;
    class       volScalarField;
    location    "0.05";
    object      T;
}
// * * * * * * * * * * * * * * * * * * * * * * * * * * * * * * * * * * * * * //

dimensions      [0 0 0 1 0 0 0];

internalField   nonuniform List<scalar> 
4000
(
294.881
300.405
308.068
318.139
330.722
345.729
362.898
381.854
402.176
423.451
445.317
467.472
489.678
511.75
533.546
554.959
575.903
596.313
616.131
635.313
653.818
671.612
688.67
704.968
720.489
735.22
749.176
762.286
774.511
786.004
796.768
806.852
816.299
825.162
833.496
841.361
848.819
855.935
862.773
869.396
875.866
882.242
888.58
894.929
901.335
907.834
914.455
921.219
928.133
935.194
942.383
949.64
956.925
964.182
971.274
978.055
984.345
989.935
994.589
998.067
1000.14
1000.65
999.083
995.768
990.703
984.05
976
966.744
956.446
945.228
933.163
920.284
906.585
892.035
876.583
860.165
842.714
824.158
804.432
783.477
761.249
737.716
712.869
686.728
659.342
630.805
601.257
570.899
539.999
508.901
478.029
447.886
419.047
392.124
367.729
346.394
328.496
314.182
303.331
295.583
294.971
300.759
308.786
319.325
332.464
348.084
365.888
385.466
406.37
428.176
450.517
473.095
495.681
518.1
540.222
561.948
583.203
603.928
624.072
643.594
662.46
680.634
698.089
714.833
730.81
745.901
760.083
773.396
786.095
798.066
809.348
819.964
829.955
839.367
848.254
856.672
864.682
872.347
879.729
886.893
893.9
900.811
907.68
914.56
921.498
928.532
935.695
943.008
950.484
958.119
965.895
973.752
981.637
989.501
997.186
1004.52
1011.3
1017.27
1022.14
1025.6
1027.34
1027.12
1025.13
1020.99
1014.87
1007.04
997.773
987.318
975.877
963.592
950.532
936.726
922.163
906.807
890.6
873.471
855.345
836.148
815.807
794.262
771.462
747.375
721.989
695.317
667.405
638.339
608.256
577.349
545.881
514.192
482.706
451.928
422.441
394.871
369.85
347.936
329.531
314.801
303.633
295.658
295.138
301.397
310.034
321.301
335.252
351.727
370.391
390.806
412.51
435.072
458.126
481.379
504.607
527.645
550.373
572.7
594.561
615.904
636.683
656.869
676.446
695.339
713.403
730.579
746.847
762.513
777.523
791.938
805.598
818.532
830.775
842.36
853.326
863.718
873.584
882.979
891.961
900.589
908.928
917.037
924.981
932.818
940.608
948.403
956.253
964.201
972.283
980.525
988.943
997.537
1006.29
1015.14
1024.03
1032.9
1041.57
1049.85
1057.47
1064.13
1069.44
1073.04
1074.55
1073.74
1070.55
1064.5
1056.37
1046.47
1035.08
1022.51
1009.04
994.847
980.007
964.544
948.433
931.62
914.034
895.592
876.211
855.81
834.31
811.644
787.766
762.637
736.243
708.604
679.756
649.778
618.802
587.02
554.688
522.141
489.798
458.16
427.806
399.365
373.473
350.707
331.495
316.04
304.263
295.82
295.336
302.151
311.498
323.603
338.478
355.92
375.556
396.926
419.553
443.003
466.912
490.991
515.024
538.854
562.366
585.48
608.148
630.316
651.909
672.794
692.909
712.274
730.918
749.046
766.664
783.563
799.781
815.302
830.12
844.246
857.701
870.513
882.716
894.352
905.464
916.103
926.325
936.185
945.743
955.06
964.198
973.216
982.172
991.122
1000.12
1009.21
1018.43
1027.81
1037.37
1047.12
1057.03
1067.07
1077.12
1087.17
1097.01
1106.41
1115.06
1122.59
1128.52
1132.33
1133.53
1131.75
1126.81
1119.5
1109.02
1096.24
1081.88
1066.46
1050.31
1033.62
1016.46
998.826
980.688
961.977
942.608
922.473
901.477
879.538
856.584
832.54
807.331
780.915
753.275
724.408
694.362
663.225
631.135
598.28
564.907
531.343
497.997
465.366
434.02
404.585
377.702
353.961
333.82
317.518
305.021
296.016
295.549
302.96
313.061
326.046
341.886
360.334
380.981
403.346
426.943
451.336
476.164
501.142
526.064
550.79
575.185
599.138
622.498
645.215
667.291
688.728
709.736
730.284
750.393
769.841
788.628
806.744
824.187
840.955
857.052
872.486
887.275
901.441
915.014
928.029
940.526
952.551
964.154
975.388
986.309
996.974
1007.44
1017.78
1028.03
1038.25
1048.51
1058.83
1069.27
1079.86
1090.61
1101.54
1112.64
1123.86
1135.09
1146.33
1157.36
1167.94
1177.75
1186.33
1193.12
1197.45
1198.74
1196.54
1189.98
1179.12
1165.11
1148.84
1131.24
1112.82
1093.87
1074.52
1054.85
1034.85
1014.48
993.673
972.401
950.664
928.051
904.547
880.087
854.588
827.952
800.133
771.139
740.98
709.698
677.371
644.118
610.121
575.636
540.988
506.586
472.915
440.536
410.069
382.157
357.401
336.288
319.096
305.834
296.228
295.761
303.764
314.609
328.461
345.247
364.679
386.322
409.673
434.239
459.584
485.363
511.265
537.048
562.472
587.425
611.865
635.765
659.369
682.607
705.495
727.806
749.534
770.677
791.219
811.146
830.447
849.115
867.145
884.539
901.304
917.451
932.999
947.973
962.403
976.325
989.778
1002.81
1015.47
1027.8
1039.87
1051.72
1063.41
1074.99
1086.51
1098.04
1109.6
1121.25
1133.02
1144.94
1157.02
1169.25
1181.62
1194.01
1206.35
1218.6
1230.44
1241.58
1251.63
1259.82
1265.22
1266.92
1264.38
1256.34
1243.03
1226
1206.43
1185.56
1163.96
1141.97
1119.74
1097.31
1074.66
1051.73
1028.43
1004.63
980.161
955.23
929.66
903.344
876.232
848.343
819.276
789.008
757.513
724.925
691.34
656.89
621.754
586.175
550.466
515.019
480.314
446.909
415.423
386.499
360.753
338.692
320.635
306.629
296.435
295.965
304.53
316.08
330.748
348.423
368.783
391.364
415.655
441.148
467.37
493.889
520.383
546.676
572.643
598.462
624.037
649.36
674.16
698.459
722.257
745.535
768.275
790.463
812.085
833.129
853.583
873.44
892.696
911.349
929.405
946.872
963.765
980.105
995.917
1011.24
1026.1
1040.54
1054.61
1068.34
1081.79
1094.99
1108.02
1120.9
1133.7
1146.46
1159.23
1172.05
1184.96
1197.99
1211.15
1224.46
1237.9
1251.41
1264.89
1278.39
1291.59
1304.11
1315.47
1324.93
1331.48
1334.01
1331.33
1321.89
1306.18
1286.25
1264.12
1240.51
1216.12
1191.32
1166.31
1141.16
1115.86
1090.38
1064.62
1038.51
1011.94
984.828
957.085
928.595
899.251
868.935
837.933
806.206
773.446
739.616
704.761
669.084
632.774
596.076
559.301
522.835
487.148
452.786
420.359
390.506
363.851
340.921
322.064
307.368
296.628
296.151
305.232
317.424
332.832
351.312
372.512
395.935
421.012
447.16
473.931
500.971
528.231
555.545
582.824
609.749
636.292
662.422
688.104
713.315
738.041
762.268
785.982
809.171
831.824
853.929
875.477
896.459
916.872
936.712
955.984
974.695
992.856
1010.49
1027.62
1044.28
1060.48
1076.27
1091.68
1106.74
1121.51
1136.01
1150.31
1164.44
1178.45
1192.4
1206.31
1220.25
1234.24
1248.32
1262.51
1276.83
1291.27
1305.82
1320.32
1334.82
1349.02
1362.6
1375.12
1385.86
1393.68
1397.18
1394.65
1384.64
1367.37
1345.44
1320.83
1294.51
1267.37
1239.82
1212.09
1184.27
1156.36
1128.34
1100.13
1071.66
1042.82
1013.53
983.694
953.21
921.984
889.935
857.005
823.117
788.564
753.359
717.299
680.45
642.977
605.163
567.33
529.864
493.231
457.967
424.674
393.988
366.533
342.847
323.3
308.01
296.796
296.317
305.853
318.61
334.667
353.841
375.724
399.754
425.376
452.107
479.69
507.822
536.1
564.313
592.329
620.049
647.407
674.362
700.885
726.955
752.558
777.682
802.315
826.446
850.064
873.161
895.726
917.753
939.236
960.175
980.571
1000.43
1019.77
1038.62
1056.98
1074.87
1092.33
1109.37
1126.03
1142.34
1158.33
1174.06
1189.55
1204.85
1220.01
1235.06
1250.06
1265.05
1280.06
1295.12
1310.27
1325.52
1340.89
1356.34
1371.71
1386.96
1402.04
1416.56
1430.01
1441.7
1450.6
1455.2
1453.5
1443.49
1425.17
1401.55
1374.76
1346.11
1316.47
1286.35
1256.01
1225.61
1195.17
1164.68
1134.09
1103.31
1072.27
1040.85
1008.99
976.573
943.525
909.756
875.199
839.81
803.575
766.474
728.806
690.634
652.101
613.235
574.387
535.963
498.437
462.345
428.285
396.882
368.755
344.444
324.328
308.545
296.936
296.46
306.385
319.62
336.205
355.91
378.298
402.921
429.287
456.946
485.34
514.146
543.103
572.017
600.748
629.201
657.31
685.033
712.341
739.213
765.635
791.595
817.082
842.086
866.598
890.608
914.109
937.093
959.556
981.496
1002.92
1023.84
1044.27
1064.22
1083.7
1102.73
1121.33
1139.52
1157.32
1174.78
1191.91
1208.75
1225.35
1241.73
1257.95
1274.05
1290.05
1306.01
1321.96
1337.94
1353.97
1370.08
1386.26
1402.49
1418.63
1434.61
1450.44
1465.67
1479.88
1492.4
1502.14
1507.69
1507
1497.59
1478.76
1453.83
1425.17
1394.54
1362.64
1330.12
1297.36
1264.52
1231.68
1198.84
1165.97
1132.99
1099.83
1066.39
1032.58
998.32
963.528
928.117
892.017
855.184
817.598
779.276
740.278
700.699
660.697
620.644
580.777
541.448
503.099
466.252
431.491
399.438
370.707
345.84
325.225
309.012
297.059
296.577
306.82
320.437
337.447
357.649
380.666
405.954
432.953
461.159
490.137
519.543
549.115
578.661
608.042
637.164
665.961
694.389
722.418
750.028
777.203
803.932
830.204
856.008
881.337
906.18
930.531
954.382
977.731
1000.58
1022.93
1044.82
1066.23
1087.18
1107.68
1127.73
1147.36
1166.59
1185.43
1203.92
1222.08
1239.94
1257.55
1274.93
1292.12
1309.16
1326.09
1342.95
1359.77
1376.58
1393.42
1410.3
1427.21
1444.13
1460.97
1477.59
1494.03
1509.88
1524.72
1537.89
1548.4
1554.78
1555.09
1546.62
1527.76
1501.98
1471.94
1439.42
1405.41
1370.69
1335.66
1300.55
1265.47
1230.43
1195.42
1160.37
1125.22
1089.86
1054.23
1018.23
981.785
944.824
907.27
869.076
830.223
790.731
750.64
710.063
669.168
628.19
587.423
547.235
508.069
470.443
434.94
402.182
372.787
347.309
326.153
309.487
297.183
296.673
307.178
321.128
338.556
359.23
382.716
408.477
435.961
464.66
494.145
524.074
554.187
584.293
614.254
643.975
673.39
702.454
731.136
759.414
787.272
814.698
841.68
868.208
894.274
919.868
944.982
969.612
993.752
1017.41
1040.62
1063.36
1085.65
1107.49
1128.89
1149.86
1170.41
1190.56
1210.33
1229.75
1248.83
1267.62
1286.13
1304.4
1322.47
1340.37
1358.14
1375.81
1393.41
1410.98
1428.55
1446.11
1463.68
1481.22
1498.68
1515.86
1532.83
1549.2
1564.56
1578.28
1589.4
1596.53
1597.76
1590.27
1571.74
1545.39
1514.16
1479.99
1444.25
1407.6
1370.55
1333.38
1296.24
1259.18
1222.2
1185.24
1148.24
1111.12
1073.79
1036.17
998.195
959.79
920.882
881.417
841.375
800.797
759.672
718.13
676.333
634.505
592.94
552.004
512.138
473.858
437.741
404.408
374.477
348.509
326.916
309.881
297.286
296.756
307.492
321.732
339.489
360.518
384.379
410.53
438.416
467.529
497.444
527.821
558.401
588.994
619.463
649.711
679.672
709.3
738.561
767.434
795.901
823.948
851.563
878.736
905.457
931.718
957.51
982.829
1007.67
1032.07
1056.01
1079.52
1102.58
1125.21
1147.4
1169.18
1190.54
1211.51
1232.1
1252.33
1272.23
1291.83
1311.15
1330.21
1349.06
1367.73
1386.24
1404.63
1422.94
1441.18
1459.39
1477.57
1495.72
1513.82
1531.82
1549.47
1566.9
1583.7
1599.5
1613.66
1625.28
1632.98
1634.96
1628.41
1610.56
1583.96
1551.87
1516.45
1479.12
1440.71
1401.83
1362.81
1323.81
1284.93
1246.15
1207.46
1168.78
1130.05
1091.18
1052.09
1012.72
972.998
932.853
892.23
851.104
809.527
767.463
725.043
682.426
639.836
597.564
555.974
515.505
476.666
440.032
406.221
375.85
349.48
327.534
310.2
297.37
296.824
307.743
322.209
340.227
361.541
385.705
412.172
440.388
469.845
500.12
530.874
561.851
592.86
623.765
654.468
684.902
715.018
744.785
774.177
803.175
831.765
859.935
887.672
914.967
941.811
968.194
994.112
1019.58
1044.61
1069.21
1093.37
1117.11
1140.41
1163.3
1185.77
1207.84
1229.51
1250.82
1271.76
1292.38
1312.68
1332.69
1352.45
1371.98
1391.32
1410.48
1429.51
1448.43
1467.27
1486.04
1504.76
1523.42
1542.01
1560.47
1578.6
1596.3
1613.51
1629.67
1644.22
1656.26
1664.48
1667.12
1661.5
1644.36
1617.65
1584.88
1548.39
1509.71
1469.81
1429.34
1388.69
1348.06
1307.55
1267.19
1226.95
1186.79
1146.62
1106.38
1065.98
1025.36
984.461
943.213
901.557
859.464
817.003
774.111
730.915
687.576
644.318
601.43
559.275
518.287
478.974
441.906
407.696
376.962
350.265
328.031
310.456
297.437
296.876
307.938
322.582
340.804
362.343
386.746
413.467
441.949
471.686
502.257
533.323
564.629
595.986
627.257
658.344
689.177
719.71
749.906
779.74
809.193
838.248
866.892
895.112
922.898
950.239
977.128
1003.56
1029.56
1055.13
1080.29
1105.02
1129.32
1153.21
1176.68
1199.75
1222.41
1244.69
1266.6
1288.15
1309.37
1330.28
1350.89
1371.24
1391.35
1411.26
1430.98
1450.55
1470
1489.34
1508.6
1527.78
1546.88
1565.88
1584.72
1603.23
1621.25
1638.77
1655.24
1670.09
1682.48
1691.09
1694.26
1689.41
1673.09
1646.41
1613.13
1575.75
1535.92
1494.79
1452.98
1410.94
1368.9
1326.99
1285.25
1243.68
1202.22
1160.8
1119.37
1077.84
1036.14
994.21
952.002
909.449
866.518
823.276
779.699
735.829
691.868
648.036
604.624
561.989
520.564
480.854
443.425
408.887
377.856
350.895
328.43
310.661
297.49
296.916
308.088
322.867
341.246
362.958
387.549
414.469
443.161
473.122
503.929
535.247
566.82
598.461
630.03
661.431
692.594
723.469
754.02
784.221
814.051
843.492
872.53
901.151
929.345
957.1
984.409
1011.27
1037.71
1063.74
1089.36
1114.55
1139.33
1163.7
1187.66
1211.22
1234.38
1257.16
1279.57
1301.62
1323.34
1344.74
1365.85
1386.69
1407.29
1427.67
1447.85
1467.87
1487.76
1507.52
1527.18
1546.75
1566.21
1585.55
1604.71
1623.53
1641.82
1659.59
1676.31
1691.42
1704.08
1713.03
1716.66
1712.44
1696.87
1670.28
1636.63
1598.56
1557.85
1515.66
1472.72
1429.5
1386.29
1343.2
1300.31
1257.61
1215.06
1172.6
1130.16
1087.67
1045.06
1002.28
959.261
915.954
872.32
828.422
784.267
739.839
695.361
651.054
607.207
564.176
522.393
482.358
444.636
409.834
378.565
351.392
328.743
310.822
297.533
296.946
308.2
323.08
341.576
363.42
388.153
415.224
444.077
474.21
505.2
536.714
568.496
600.358
632.163
663.812
695.235
726.381
757.214
787.706
817.835
847.584
876.936
905.878
934.397
962.482
990.125
1017.33
1044.13
1070.52
1096.5
1122.07
1147.23
1171.98
1196.32
1220.27
1243.83
1267
1289.81
1312.27
1334.39
1356.19
1377.69
1398.92
1419.9
1440.66
1461.21
1481.59
1501.83
1521.93
1541.91
1561.78
1581.53
1601.14
1620.55
1639.62
1658.13
1676.1
1693.01
1708.32
1721.19
1730.41
1734.39
1730.67
1715.76
1689.28
1655.37
1616.78
1575.37
1532.35
1488.51
1444.37
1400.2
1356.18
1312.36
1268.75
1225.32
1182.02
1138.77
1095.51
1052.17
1008.69
965.021
921.109
876.911
832.487
787.864
742.99
698.1
653.415
609.223
565.879
523.813
483.523
445.571
410.563
379.11
351.773
328.984
310.945
297.565
296.967
308.279
323.232
341.813
363.75
388.585
415.766
444.736
474.994
506.119
537.776
569.712
601.738
633.716
665.549
697.165
728.513
759.556
790.265
820.619
850.597
880.184
909.366
938.129
966.461
994.354
1021.82
1048.88
1075.55
1101.8
1127.65
1153.09
1178.13
1202.76
1227
1250.85
1274.32
1297.43
1320.18
1342.6
1364.7
1386.5
1408.02
1429.29
1450.33
1471.16
1491.81
1512.3
1532.65
1552.87
1572.97
1592.94
1612.75
1632.35
1651.6
1670.27
1688.39
1705.44
1720.89
1733.93
1743.33
1747.57
1744.22
1729.84
1703.48
1669.38
1630.42
1588.48
1544.85
1500.35
1455.5
1410.63
1365.9
1321.38
1277.09
1233
1189.06
1145.21
1101.36
1057.47
1013.47
969.312
924.943
880.321
835.504
790.527
745.319
700.121
655.154
610.704
567.128
524.852
484.373
446.252
411.093
379.505
352.049
329.157
311.034
297.588
296.981
308.331
323.33
341.966
363.965
388.866
416.118
445.165
475.505
506.718
538.47
570.507
602.641
634.735
666.69
698.434
729.917
761.099
791.953
822.456
852.587
882.331
911.673
940.598
969.096
997.156
1024.8
1052.04
1078.88
1105.32
1131.35
1156.98
1182.21
1207.03
1231.47
1255.52
1279.18
1302.49
1325.44
1348.06
1370.35
1392.35
1414.06
1435.52
1456.75
1477.76
1498.59
1519.25
1539.77
1560.15
1580.4
1600.51
1620.46
1640.18
1659.55
1678.32
1696.55
1713.69
1729.24
1742.38
1751.9
1756.31
1753.21
1739.17
1712.9
1678.7
1639.48
1597.2
1553.17
1508.23
1462.92
1417.57
1372.36
1327.38
1282.64
1238.11
1193.74
1149.48
1105.25
1060.99
1016.64
972.152
927.479
882.573
837.494
792.279
746.849
701.446
656.292
611.672
567.942
525.527
484.925
446.694
411.435
379.759
352.227
329.269
311.091
297.603
296.988
308.356
323.379
342.041
364.07
389.004
416.292
445.377
475.757
507.014
538.813
570.902
603.091
635.243
667.259
699.069
730.619
761.873
792.8
823.378
853.588
883.411
912.834
941.841
970.423
998.567
1026.29
1053.63
1080.56
1107.09
1133.22
1158.94
1184.26
1209.19
1233.72
1257.86
1281.63
1305.03
1328.08
1350.8
1373.19
1395.28
1417.1
1438.65
1459.97
1481.07
1501.99
1522.74
1543.34
1563.8
1584.12
1604.31
1624.32
1644.1
1663.53
1682.35
1700.62
1717.82
1733.41
1746.6
1756.18
1760.67
1757.68
1743.82
1717.59
1683.33
1643.99
1601.54
1557.3
1512.14
1466.6
1421.01
1375.57
1330.35
1285.38
1240.63
1196.06
1151.59
1107.16
1062.72
1018.19
973.546
928.721
883.674
838.465
793.131
747.591
702.088
656.841
612.138
568.332
525.85
485.188
446.903
411.597
379.88
352.311
329.322
311.119
297.61
296.988
308.357
323.381
342.045
364.076
389.012
416.301
445.388
475.771
507.029
538.831
570.921
603.113
635.267
667.286
699.097
730.65
761.906
792.836
823.416
853.628
883.453
912.878
941.888
970.471
998.616
1026.35
1053.68
1080.61
1107.15
1133.27
1159
1184.32
1209.25
1233.78
1257.92
1281.69
1305.09
1328.14
1350.86
1373.25
1395.34
1417.16
1438.71
1460.03
1481.13
1502.05
1522.8
1543.39
1563.85
1584.18
1604.36
1624.37
1644.15
1663.58
1682.39
1700.66
1717.85
1733.44
1746.63
1756.2
1760.68
1757.68
1743.81
1717.57
1683.31
1643.96
1601.51
1557.27
1512.11
1466.57
1420.98
1375.54
1330.32
1285.35
1240.6
1196.03
1151.56
1107.14
1062.69
1018.17
973.524
928.701
883.656
838.447
793.115
747.576
702.074
656.829
612.126
568.322
525.842
485.181
446.897
411.592
379.876
352.309
329.32
311.118
297.61
296.982
308.334
323.337
341.977
363.98
388.887
416.144
445.197
475.543
506.762
538.52
570.564
602.705
634.806
666.768
698.519
730.009
761.198
792.06
822.569
852.708
882.458
911.806
940.738
969.241
997.306
1024.95
1052.2
1079.04
1105.49
1131.52
1157.16
1182.39
1207.21
1231.65
1255.7
1279.37
1302.67
1325.62
1348.24
1370.53
1392.53
1414.24
1435.7
1456.92
1477.93
1498.76
1519.42
1539.93
1560.31
1580.55
1600.66
1620.6
1640.32
1659.68
1678.45
1696.66
1713.8
1729.33
1742.46
1751.97
1756.36
1753.22
1739.16
1712.86
1678.64
1639.41
1597.12
1553.08
1508.13
1462.83
1417.48
1372.27
1327.29
1282.55
1238.03
1193.66
1149.4
1105.18
1060.92
1016.57
972.088
927.419
882.517
837.442
792.231
746.805
701.406
656.256
611.64
567.913
525.502
484.904
446.676
411.421
379.749
352.22
329.264
311.089
297.602
296.969
308.285
323.242
341.83
363.775
388.618
415.807
444.787
475.055
506.19
537.858
569.805
601.843
633.833
665.678
697.306
728.666
759.722
790.443
820.808
850.798
880.397
909.589
938.362
966.705
994.607
1022.08
1049.15
1075.82
1102.08
1127.94
1153.38
1178.43
1203.06
1227.31
1251.16
1274.63
1297.74
1320.49
1342.91
1365
1386.8
1408.32
1429.58
1450.62
1471.44
1492.09
1512.57
1532.92
1553.13
1573.22
1593.18
1612.99
1632.58
1651.81
1670.47
1688.58
1705.62
1721.05
1734.06
1743.44
1747.65
1744.25
1729.8
1703.4
1669.28
1630.3
1588.35
1544.71
1500.21
1455.36
1410.49
1365.75
1321.24
1276.95
1232.87
1188.93
1145.08
1101.24
1057.35
1013.36
969.208
924.845
880.229
835.419
790.448
745.247
700.056
655.095
610.652
567.082
524.813
484.341
446.226
411.071
379.489
352.038
329.15
311.031
297.587
296.948
308.206
323.093
341.597
363.45
388.194
415.277
444.143
474.29
505.295
536.824
568.623
600.502
632.324
663.991
695.431
726.595
757.446
787.956
818.102
847.868
877.236
906.194
934.728
962.827
990.483
1017.7
1044.51
1070.91
1096.9
1122.48
1147.65
1172.4
1196.75
1220.7
1244.26
1267.44
1290.25
1312.7
1334.82
1356.62
1378.12
1399.34
1420.32
1441.07
1461.62
1481.99
1502.21
1522.3
1542.27
1562.13
1581.88
1601.47
1620.87
1639.92
1658.41
1676.37
1693.26
1708.54
1721.38
1730.56
1734.49
1730.71
1715.72
1689.19
1655.23
1616.62
1575.19
1532.16
1488.32
1444.17
1400
1355.98
1312.16
1268.56
1225.13
1181.84
1138.59
1095.34
1052.01
1008.53
964.877
920.973
876.784
832.37
787.756
742.892
698.012
653.337
609.154
565.82
523.763
483.482
445.538
410.537
379.09
351.76
328.975
310.941
297.564
296.918
308.095
322.881
341.269
362.994
387.598
414.533
443.242
473.221
504.047
535.386
566.982
598.644
630.237
661.662
692.849
723.748
754.323
784.547
814.4
843.863
872.922
901.565
929.778
957.551
984.876
1011.75
1038.21
1064.25
1089.88
1115.09
1139.88
1164.25
1188.22
1211.78
1234.94
1257.72
1280.13
1302.19
1323.9
1345.3
1366.41
1387.24
1407.83
1428.2
1448.38
1468.39
1488.26
1508.01
1527.66
1547.21
1566.66
1585.98
1605.12
1623.92
1642.19
1659.93
1676.63
1691.7
1704.33
1713.22
1716.8
1712.5
1696.82
1670.15
1636.45
1598.36
1557.63
1515.42
1472.47
1429.25
1386.03
1342.95
1300.06
1257.37
1214.82
1172.37
1129.94
1087.46
1044.86
1002.08
959.076
915.781
872.159
828.273
784.13
739.715
695.25
650.956
607.122
564.104
522.332
482.309
444.597
409.804
378.544
351.378
328.734
310.818
297.531
296.878
307.947
322.599
340.832
362.385
386.805
413.544
442.047
471.808
502.402
533.495
564.829
596.214
627.515
658.631
689.495
720.058
750.285
780.149
809.63
838.714
867.384
895.63
923.44
950.804
977.714
1004.17
1030.18
1055.77
1080.94
1105.68
1130
1153.9
1177.38
1200.45
1223.12
1245.4
1267.3
1288.86
1310.07
1330.97
1351.58
1371.92
1392.02
1411.92
1431.63
1451.18
1470.62
1489.94
1509.19
1528.35
1547.43
1566.41
1585.23
1603.71
1621.71
1639.19
1655.63
1670.44
1682.78
1691.33
1694.42
1689.48
1673.03
1646.27
1612.93
1575.51
1535.65
1494.5
1452.68
1410.63
1368.59
1326.69
1284.95
1243.38
1201.93
1160.52
1119.09
1077.57
1035.88
993.971
951.776
909.237
866.32
823.094
779.531
735.678
691.733
647.918
604.521
561.902
520.492
480.795
443.379
408.853
377.832
350.878
328.419
310.656
297.489
296.827
307.754
322.232
340.264
361.596
385.779
412.27
440.511
469.996
500.301
531.088
562.098
593.142
624.082
654.822
685.293
715.447
745.25
774.677
803.711
832.335
860.537
888.305
915.629
942.499
968.908
994.848
1020.33
1045.38
1070
1094.18
1117.93
1141.25
1164.14
1186.61
1208.68
1230.36
1251.67
1272.61
1293.22
1313.51
1333.52
1353.27
1372.79
1392.11
1411.26
1430.27
1449.17
1467.99
1486.75
1505.44
1524.08
1542.65
1561.08
1579.17
1596.84
1614.01
1630.13
1644.64
1656.62
1664.77
1667.32
1661.58
1644.3
1617.5
1584.66
1548.12
1509.4
1469.49
1429.01
1388.35
1347.71
1307.2
1266.84
1226.61
1186.45
1146.29
1106.05
1065.67
1025.07
984.177
942.944
901.303
859.228
816.785
773.911
730.734
687.414
644.175
601.306
559.17
518.199
478.903
441.85
407.654
376.931
350.245
328.019
310.45
297.435
296.76
307.508
321.763
339.539
360.59
384.476
410.655
438.572
467.72
497.671
528.086
558.707
589.341
619.853
650.145
680.15
709.821
739.125
768.04
796.548
824.635
852.288
879.497
906.251
932.543
958.364
983.708
1008.58
1032.99
1056.96
1080.48
1103.56
1126.19
1148.4
1170.18
1191.54
1212.51
1233.1
1253.33
1273.23
1292.82
1312.12
1331.18
1350.01
1368.66
1387.16
1405.53
1423.81
1442.04
1460.22
1478.38
1496.5
1514.57
1532.53
1550.14
1567.53
1584.3
1600.04
1614.15
1625.7
1633.32
1635.19
1628.51
1610.51
1583.8
1551.64
1516.17
1478.8
1440.37
1401.47
1362.43
1323.43
1284.54
1245.76
1207.07
1168.4
1129.67
1090.81
1051.74
1012.38
972.666
932.538
891.933
850.826
809.268
767.226
724.827
682.232
639.665
597.415
555.847
515.398
476.579
439.964
406.168
375.812
349.455
327.518
310.192
297.368
296.678
307.197
321.168
338.623
359.323
382.84
408.637
436.16
464.9
494.429
524.404
554.564
584.719
614.73
644.502
673.968
703.083
731.814
760.141
788.046
815.517
842.542
869.111
895.214
920.843
945.99
970.648
994.814
1018.5
1041.72
1064.49
1086.79
1108.65
1130.05
1151.03
1171.59
1191.74
1211.51
1230.92
1250
1268.77
1287.27
1305.53
1323.58
1341.46
1359.21
1376.85
1394.43
1411.98
1429.51
1447.05
1464.58
1482.08
1499.51
1516.64
1533.57
1549.89
1565.19
1578.84
1589.88
1596.92
1598.02
1590.38
1571.7
1545.23
1513.93
1479.7
1443.92
1407.24
1370.16
1332.97
1295.82
1258.76
1221.77
1184.81
1147.81
1110.69
1073.37
1035.76
997.8
959.41
920.519
881.073
841.051
800.494
759.392
717.874
676.102
634.299
592.76
551.849
512.008
473.751
437.656
404.343
374.43
348.476
326.896
309.871
297.283
296.583
306.842
320.479
337.515
357.754
380.813
406.149
433.2
461.457
490.488
519.949
549.578
579.181
608.62
637.8
666.655
695.141
723.226
750.891
778.12
804.899
831.219
857.069
882.439
907.321
931.707
955.591
978.968
1001.84
1024.22
1046.12
1067.55
1088.52
1109.02
1129.09
1148.72
1167.95
1186.79
1205.27
1223.42
1241.28
1258.87
1276.23
1293.4
1310.42
1327.33
1344.16
1360.95
1377.73
1394.53
1411.37
1428.24
1445.12
1461.91
1478.49
1494.87
1510.67
1525.44
1538.53
1548.95
1555.22
1555.38
1546.74
1527.74
1501.84
1471.72
1439.13
1405.07
1370.31
1335.26
1300.12
1265.02
1229.97
1194.95
1159.9
1124.74
1089.39
1053.76
1017.77
981.341
944.394
906.857
868.681
829.849
790.379
750.314
709.762
668.894
627.944
587.207
547.048
507.91
470.313
434.836
402.102
372.728
347.269
326.128
309.475
297.18
296.468
306.415
319.678
336.296
356.038
378.477
403.169
429.64
457.324
485.774
514.645
543.667
572.646
601.443
629.962
658.137
685.925
713.296
740.229
766.71
792.726
818.266
843.321
867.879
891.932
915.472
938.491
960.986
982.954
1004.4
1025.34
1045.79
1065.76
1085.25
1104.29
1122.9
1141.09
1158.89
1176.34
1193.46
1210.29
1226.87
1243.24
1259.44
1275.5
1291.48
1307.41
1323.33
1339.27
1355.26
1371.32
1387.46
1403.63
1419.72
1435.64
1451.4
1466.57
1480.71
1493.13
1502.77
1508.2
1507.36
1497.76
1478.78
1453.73
1424.98
1394.29
1362.32
1329.76
1296.96
1264.08
1231.22
1198.36
1165.48
1132.49
1099.32
1065.88
1032.07
997.816
963.033
927.635
891.552
854.736
817.172
778.874
739.902
700.351
660.379
620.356
580.522
541.227
502.911
466.096
431.366
399.342
370.636
345.791
325.194
308.997
297.055
296.327
305.892
318.686
334.788
354.012
375.941
400.012
425.656
452.512
480.202
508.439
536.784
565.065
593.153
620.947
648.38
675.408
702.001
728.139
753.808
778.993
803.685
827.871
851.54
874.684
897.293
919.359
940.878
961.848
982.271
1002.16
1021.52
1040.38
1058.76
1076.67
1094.13
1111.17
1127.83
1144.13
1160.12
1175.83
1191.3
1206.59
1221.72
1236.75
1251.71
1266.66
1281.63
1296.65
1311.75
1326.95
1342.26
1357.66
1372.96
1388.15
1403.15
1417.59
1430.96
1442.54
1451.33
1455.79
1453.93
1443.74
1425.27
1401.52
1374.64
1345.9
1316.19
1286.01
1255.63
1225.18
1194.71
1164.19
1133.58
1102.78
1071.72
1040.3
1008.43
976.022
942.98
909.222
874.681
839.311
803.099
766.025
728.387
690.249
651.754
612.925
574.112
535.724
498.232
462.175
428.146
396.774
368.674
344.388
324.293
308.527
296.932
296.164
305.279
317.516
332.979
351.523
372.795
396.288
421.425
447.626
474.455
501.574
528.946
556.369
583.755
610.782
637.421
663.635
689.395
714.682
739.48
763.775
787.553
810.803
833.513
855.67
877.266
898.293
918.745
938.622
957.926
976.665
994.851
1012.51
1029.66
1046.33
1062.54
1078.34
1093.75
1108.81
1123.57
1138.06
1152.34
1166.45
1180.43
1194.34
1208.22
1222.12
1236.06
1250.09
1264.22
1278.48
1292.86
1307.34
1321.77
1336.19
1350.3
1363.8
1376.22
1386.85
1394.54
1397.88
1395.18
1385
1367.56
1345.5
1320.78
1294.36
1267.15
1239.53
1211.74
1183.86
1155.91
1127.84
1099.6
1071.1
1042.25
1012.94
983.095
952.605
921.381
889.344
856.432
822.567
788.041
752.867
716.836
680.017
642.577
604.8
567.006
529.58
492.986
457.761
424.506
393.857
366.435
342.779
323.258
307.988
296.79
295.979
304.585
316.189
330.922
348.673
369.118
391.79
416.178
441.763
468.064
494.642
521.211
547.593
573.692
599.656
625.436
650.773
675.643
700.027
723.904
747.255
770.066
792.32
814.005
835.108
855.617
875.524
894.826
913.521
931.615
949.117
966.041
982.408
998.243
1013.58
1028.46
1042.91
1056.99
1070.72
1084.16
1097.36
1110.36
1123.22
1135.99
1148.72
1161.44
1174.22
1187.07
1200.04
1213.14
1226.38
1239.75
1253.17
1266.57
1279.98
1293.08
1305.51
1316.75
1326.08
1332.5
1334.87
1332.03
1322.4
1306.52
1286.45
1264.19
1240.47
1215.97
1191.09
1166
1140.78
1115.43
1089.88
1064.08
1037.92
1011.32
984.198
956.435
927.923
898.561
868.27
837.3
805.604
772.869
739.061
704.237
668.594
632.321
595.663
558.929
522.507
486.864
452.546
420.162
390.352
363.736
340.841
322.013
307.343
296.621
295.778
303.828
314.735
328.662
345.536
365.067
386.815
410.276
434.955
460.418
486.31
512.318
538.189
563.66
588.656
613.091
637.227
661.022
684.494
707.413
729.776
751.575
772.788
793.398
813.389
832.751
851.476
869.559
887.003
903.813
920.004
935.591
950.601
965.063
979.011
992.485
1005.53
1018.2
1030.54
1042.61
1054.45
1066.12
1077.68
1089.18
1100.66
1112.18
1123.78
1135.49
1147.34
1159.34
1171.5
1183.77
1196.07
1208.31
1220.46
1232.2
1243.23
1253.16
1261.23
1266.47
1268.01
1265.26
1257.03
1243.55
1226.37
1206.63
1185.63
1163.91
1141.82
1119.5
1096.98
1074.25
1051.23
1027.81
1003.82
979.472
954.581
929.026
902.724
875.629
847.726
818.644
788.37
756.886
724.319
690.761
656.344
621.246
585.708
550.043
514.643
479.986
446.632
415.195
386.319
360.618
338.599
320.576
306.6
296.427
295.567
303.031
313.202
326.274
342.214
360.772
381.538
404.027
427.75
452.27
477.225
502.33
527.38
552.225
576.726
600.763
624.161
646.912
668.975
690.637
711.858
732.655
752.804
772.305
791.155
809.338
826.846
843.676
859.832
875.324
890.167
904.385
918.005
931.062
943.596
955.653
967.281
978.534
989.465
1000.14
1010.6
1020.92
1031.15
1041.35
1051.56
1061.83
1072.22
1082.73
1093.41
1104.26
1115.27
1126.39
1137.51
1148.64
1159.55
1170
1179.67
1188.11
1194.75
1198.91
1200.02
1197.64
1190.87
1179.79
1165.58
1149.17
1131.43
1112.88
1093.81
1074.36
1054.6
1034.52
1014.1
993.294
972.113
950.183
927.476
903.921
879.433
853.917
827.265
799.439
770.447
740.299
709.037
676.736
643.515
609.556
575.114
540.514
506.164
472.546
440.222
409.811
381.952
357.248
336.181
319.029
305.801
296.219
295.356
302.23
311.654
323.853
338.839
356.404
376.173
397.679
420.445
444.034
468.08
492.295
516.462
540.423
564.062
587.299
610.092
632.366
654.033
674.95
695.096
714.453
733.298
751.595
769.367
786.407
802.726
818.327
833.222
847.424
860.952
873.832
886.098
897.79
908.953
919.636
929.892
939.78
949.357
958.684
967.821
976.829
985.765
994.684
1003.64
1012.68
1021.84
1031.15
1040.63
1050.28
1060.09
1070.02
1079.95
1089.87
1099.57
1108.83
1117.33
1124.69
1130.44
1134.05
1135.06
1133.07
1127.93
1120.4
1109.71
1096.74
1082.21
1066.63
1050.35
1033.54
1016.26
998.536
980.317
961.539
942.113
921.909
900.855
878.872
855.886
831.819
806.595
780.173
752.534
723.676
693.649
662.538
630.481
597.666
564.338
530.823
497.532
464.958
433.672
404.298
377.475
353.791
333.701
317.445
304.984
296.007
295.159
301.481
310.201
321.571
335.643
352.252
371.059
391.623
413.477
436.189
459.391
482.79
506.161
529.34
552.204
574.664
596.656
618.124
639.026
659.339
679.024
697.988
716.112
733.358
749.756
765.559
780.782
795.247
808.999
822.034
834.374
846.048
857.096
867.561
877.493
886.945
895.974
904.641
913.006
921.132
929.081
936.912
944.682
952.446
960.253
968.146
976.161
984.325
992.653
1001.15
1009.79
1018.53
1027.28
1036.01
1044.53
1052.65
1060.1
1066.57
1071.69
1075.06
1076.34
1075.29
1071.88
1065.63
1057.29
1047.18
1035.58
1022.83
1009.2
994.852
979.879
964.298
948.084
931.181
913.517
895.006
875.567
855.119
833.582
810.89
786.994
761.856
735.463
707.834
679.002
649.049
618.106
586.363
554.076
521.581
489.295
457.718
427.429
399.053
373.226
350.521
331.366
315.959
304.222
295.81
294.994
300.848
308.962
319.609
332.877
348.641
366.598
386.334
407.399
429.365
451.863
474.596
497.334
519.901
542.167
564.035
585.43
606.291
626.569
646.223
665.218
683.518
701.107
717.981
734.024
749.167
763.343
776.868
789.724
801.824
813.225
823.951
834.044
843.55
852.519
861.01
869.082
876.796
884.215
891.403
898.42
905.327
912.178
919.027
925.919
932.894
939.985
947.214
954.592
962.119
969.775
977.504
985.248
992.962
1000.49
1007.65
1014.25
1020.03
1024.7
1027.96
1029.5
1029.06
1026.8
1022.38
1015.99
1007.91
998.414
987.751
976.124
963.672
950.464
936.526
921.848
906.391
890.095
872.891
854.702
835.452
815.07
793.494
770.673
746.574
721.185
694.519
666.622
637.579
607.527
576.658
545.237
513.6
482.173
451.459
422.038
394.538
369.585
347.738
329.394
314.716
303.59
295.647
294.905
300.496
308.25
318.435
331.153
346.31
363.639
382.761
403.25
424.691
446.72
469.035
491.397
513.622
535.568
557.127
578.216
598.768
618.728
638.049
656.692
674.624
691.817
708.25
723.901
738.764
752.866
766.085
778.42
790.022
800.894
811.081
820.628
829.583
838.003
845.943
853.467
860.637
867.516
874.166
880.649
887.024
893.345
899.663
906.022
912.459
919.005
925.679
932.491
939.438
946.5
953.622
960.758
967.856
974.778
981.377
987.476
992.861
997.298
1000.54
1002.37
1002.61
1000.78
997.195
991.874
984.977
976.699
967.231
956.741
945.349
933.129
920.111
906.291
891.634
876.088
859.591
842.072
823.46
803.69
782.701
760.449
736.902
712.051
685.914
658.542
630.026
600.508
570.188
539.334
508.288
477.475
447.397
418.626
391.775
367.451
346.186
328.352
314.092
303.286
295.571
)
;

boundaryField
{
    fuel
    {
        type            fixedValue;
        value           uniform 293;
    }
    air
    {
        type            fixedValue;
        value           uniform 293;
    }
    outlet
    {
        type            inletOutlet;
        inletValue      uniform 293;
        value           nonuniform List<scalar> 
200
(
294.918
300.547
308.352
318.595
331.37
346.573
363.927
383.043
403.492
424.858
446.779
468.955
491.15
513.182
534.913
556.236
577.066
597.336
616.99
635.983
654.273
671.826
688.615
704.618
719.82
734.209
747.779
760.547
772.548
783.688
793.987
803.613
812.583
820.961
828.805
836.175
843.138
849.758
856.1
862.23
868.21
874.099
879.951
885.817
891.74
897.754
903.887
910.156
916.57
923.122
929.794
936.529
943.291
950.03
956.62
962.936
968.821
974.093
978.55
981.986
984.206
985.075
984.138
981.686
977.435
971.745
964.732
956.529
947.266
937.045
925.929
913.948
901.099
887.352
872.659
856.96
840.187
822.273
803.151
782.764
761.063
738.017
713.615
687.872
660.834
632.589
603.274
573.085
542.286
511.215
480.295
450.031
421
393.826
369.134
347.48
329.267
314.665
303.574
295.645
294.942
300.641
308.539
318.898
331.81
347.165
364.682
383.966
404.583
426.117
448.202
470.54
492.893
515.08
536.962
558.433
579.41
599.825
619.623
638.757
657.189
674.883
691.811
707.954
723.295
737.823
751.54
764.478
776.558
787.798
798.2
807.928
816.997
825.469
833.397
840.844
847.872
854.546
860.93
867.087
873.079
878.964
884.797
890.628
896.498
902.445
908.496
914.669
920.972
927.4
933.935
940.523
947.126
953.693
960.103
966.227
971.91
976.968
981.201
984.4
986.364
986.943
985.751
983
978.536
972.623
965.389
956.981
947.529
937.137
925.868
913.751
900.781
886.928
872.144
856.366
839.527
821.558
802.392
781.972
760.248
737.189
712.783
687.044
660.02
631.797
602.513
572.362
541.608
510.59
479.73
449.532
420.57
393.469
368.85
347.266
329.118
314.573
303.528
295.633
)
;
    }
    frontAndBack
    {
        type            empty;
    }
}


// ************************************************************************* //
