/*--------------------------------*- C++ -*----------------------------------*\
  =========                 |
  \\      /  F ield         | OpenFOAM: The Open Source CFD Toolbox
   \\    /   O peration     | Website:  https://openfoam.org
    \\  /    A nd           | Version:  11
     \\/     M anipulation  |
\*---------------------------------------------------------------------------*/
FoamFile
{
    format      ascii;
    class       volScalarField;
    location    "0.1";
    object      H2O;
}
// * * * * * * * * * * * * * * * * * * * * * * * * * * * * * * * * * * * * * //

dimensions      [0 0 0 0 0 0 0];

internalField   nonuniform List<scalar> 
4000
(
1.15027e-10
6.28599e-10
1.77745e-09
4.32425e-09
9.92659e-09
2.21721e-08
4.87788e-08
1.06229e-07
2.29414e-07
4.91436e-07
1.04362e-06
2.19476e-06
4.56448e-06
9.37118e-06
1.89321e-05
3.73973e-05
7.20194e-05
0.000134763
0.000244127
0.000426573
0.00071663
0.00115485
0.00178354
0.00264137
0.00375854
0.00515393
0.00683443
0.00879603
0.0110258
0.0135041
0.0162069
0.0191073
0.0221772
0.0253885
0.0287136
0.0321265
0.035603
0.0391206
0.0426589
0.0461994
0.0497254
0.0532223
0.0566769
0.0600778
0.0634154
0.0666811
0.0698675
0.0729685
0.0759787
0.0788932
0.0817067
0.0844132
0.087004
0.0894651
0.0917731
0.0938883
0.0957412
0.0971904
0.0980463
0.0979864
0.0963635
0.0920488
0.0849028
0.0766289
0.0681211
0.0598419
0.0520181
0.0447533
0.0380884
0.0320405
0.0267097
0.0220318
0.0176983
0.0137979
0.0104611
0.00767649
0.00542433
0.00367315
0.00237502
0.00146399
0.000861032
0.000484687
0.000262327
0.000137198
6.96713e-05
3.44931e-05
1.67888e-05
8.07859e-06
3.85045e-06
1.82058e-06
8.54933e-07
3.99014e-07
1.85109e-07
8.52863e-08
3.89213e-08
1.7485e-08
7.62649e-09
3.12598e-09
1.09565e-09
1.96484e-10
1.21161e-10
6.63252e-10
1.88148e-09
4.59555e-09
1.05946e-08
2.37702e-08
5.25305e-08
1.14897e-07
2.49099e-07
5.35289e-07
1.13924e-06
2.39839e-06
4.98701e-06
1.02232e-05
2.05726e-05
4.04242e-05
7.73536e-05
0.000143702
0.000258306
0.000447776
0.00074645
0.00119429
0.00183276
0.00269965
0.00382456
0.00522615
0.00691144
0.00887677
0.0111097
0.0135911
0.0162971
0.0192012
0.0222754
0.0254917
0.0288225
0.0322419
0.0357252
0.0392501
0.0427958
0.0463437
0.0498771
0.0533809
0.0568421
0.0602493
0.0635926
0.0668633
0.0700543
0.0731592
0.0761726
0.0790895
0.0819046
0.0846116
0.0872013
0.0896588
0.0919597
0.0940614
0.0958907
0.0972925
0.0980812
0.0979067
0.0960711
0.0913774
0.0840518
0.075704
0.0671806
0.0589174
0.0511271
0.0439057
0.0372899
0.0312965
0.0260651
0.0214384
0.0171218
0.0132878
0.0100279
0.00732346
0.00515046
0.0034732
0.0022392
0.00137894
0.000812197
0.000459013
0.000249959
0.000131743
6.74886e-05
3.37313e-05
1.65391e-05
7.99896e-06
3.82771e-06
1.8152e-06
8.54175e-07
3.99186e-07
1.8532e-07
8.54026e-08
3.89702e-08
1.75017e-08
7.63093e-09
3.12674e-09
1.09564e-09
1.9646e-10
1.28169e-10
7.01911e-10
1.99428e-09
4.88802e-09
1.13117e-08
2.54505e-08
5.63806e-08
1.23536e-07
2.68106e-07
5.76289e-07
1.2259e-06
2.57772e-06
5.34989e-06
1.09403e-05
2.19314e-05
4.29139e-05
8.17498e-05
0.000151154
0.00027038
0.0004664
0.000773711
0.00123212
0.00188256
0.0027621
0.00389959
0.00531308
0.00700929
0.00898454
0.0112265
0.0137164
0.0164307
0.0193431
0.022426
0.0256514
0.0289919
0.0324214
0.0359155
0.0394514
0.0430085
0.0465679
0.0501125
0.0536273
0.0570992
0.0605164
0.063869
0.0671484
0.0703471
0.0734587
0.0764778
0.0793993
0.0822174
0.0849257
0.0875142
0.0899668
0.092257
0.0943389
0.0961321
0.0974592
0.0981424
0.0977827
0.095624
0.0903691
0.0827808
0.0743332
0.0658025
0.0575823
0.0498633
0.0427294
0.0362102
0.0303192
0.0252517
0.0206949
0.0164266
0.0127054
0.00955793
0.00695961
0.0048826
0.00328747
0.00211882
0.00130631
0.000771425
0.000437653
0.000239467
0.000126889
6.53655e-05
3.285e-05
1.61812e-05
7.86682e-06
3.78006e-06
1.79837e-06
8.48309e-07
3.97139e-07
1.84588e-07
8.51274e-08
3.88589e-08
1.74534e-08
7.60932e-09
3.1174e-09
1.09227e-09
1.95856e-10
1.35651e-10
7.42818e-10
2.10932e-09
5.16236e-09
1.19508e-08
2.69472e-08
5.97362e-08
1.30862e-07
2.83862e-07
6.0969e-07
1.2956e-06
2.72066e-06
5.63759e-06
1.15075e-05
2.30071e-05
4.48881e-05
8.52434e-05
0.000157092
0.00028004
0.000481397
0.000795895
0.00126338
0.00192462
0.00281633
0.0039669
0.00539397
0.00710394
0.00909292
0.0113485
0.0138519
0.0165796
0.0195055
0.0226019
0.0258408
0.029195
0.0326384
0.0361463
0.0396962
0.043267
0.0468399
0.0503978
0.0539254
0.0574095
0.0608382
0.0642015
0.0674905
0.0706979
0.073817
0.0768421
0.0797683
0.0825891
0.0852977
0.0878833
0.0903284
0.0926039
0.0946589
0.096406
0.0976524
0.0982089
0.0976317
0.0951036
0.0892281
0.0813596
0.0728159
0.0642913
0.0561328
0.0485064
0.0414829
0.035086
0.0293307
0.0244171
0.0198661
0.0157134
0.0121248
0.0090922
0.00659738
0.00461252
0.00309612
0.00199083
0.00122578
0.000723785
0.000411077
0.00022542
0.000119815
6.19493e-05
3.12578e-05
1.54454e-05
7.5325e-06
3.63217e-06
1.73432e-06
8.2101e-07
3.8564e-07
1.79784e-07
8.31308e-08
3.80326e-08
1.71137e-08
7.47184e-09
3.06417e-09
1.07438e-09
1.92749e-10
1.426e-10
7.80925e-10
2.21794e-09
5.42931e-09
1.25509e-08
2.8257e-08
6.27181e-08
1.37479e-07
2.98334e-07
6.40823e-07
1.36143e-06
2.85736e-06
5.91583e-06
1.20615e-05
2.40694e-05
4.68583e-05
8.87656e-05
0.000163139
0.000289972
0.000496951
0.000819078
0.00129626
0.00196908
0.00287387
0.00403859
0.00548044
0.00720549
0.00920966
0.0114805
0.013999
0.0167419
0.0196829
0.0227945
0.0260487
0.0294181
0.0328767
0.0363998
0.0399646
0.0435502
0.0471374
0.0507091
0.05425
0.0577464
0.0611867
0.0645606
0.0678591
0.0710746
0.0742006
0.0772311
0.0801607
0.0829829
0.0856899
0.0882701
0.0907042
0.0929597
0.0949807
0.096671
0.0978272
0.0982398
0.0974221
0.0944906
0.088036
0.0799167
0.071299
0.0627953
0.054709
0.0471823
0.0402734
0.0339992
0.0283712
0.023575
0.0191325
0.0150828
0.011599
0.00866718
0.00626675
0.00436674
0.00292265
0.00187516
0.00115307
0.000680656
0.000386852
0.000212464
0.000113178
5.86755e-05
2.96955e-05
1.4713e-05
7.19481e-06
3.47861e-06
1.66532e-06
7.90319e-07
3.72111e-07
1.73868e-07
8.05636e-08
3.69284e-08
1.66448e-08
7.27716e-09
2.98746e-09
1.04831e-09
1.88181e-10
1.48863e-10
8.15252e-10
2.31576e-09
5.6702e-09
1.31141e-08
2.95189e-08
6.54235e-08
1.43457e-07
3.11243e-07
6.68256e-07
1.41894e-06
2.97597e-06
6.15601e-06
1.25381e-05
2.4982e-05
4.85532e-05
9.18078e-05
0.000168396
0.000298688
0.000510767
0.000839967
0.00132637
0.00201051
0.00292846
0.00410779
0.00556529
0.00730663
0.00932743
0.011615
0.0141503
0.0169099
0.0198675
0.0229955
0.026266
0.0296515
0.0331259
0.0366646
0.0402445
0.0438447
0.047446
0.0510311
0.0545845
0.0580927
0.0615436
0.064927
0.0682338
0.0714563
0.0745877
0.0776221
0.0805536
0.0833755
0.0860792
0.0886517
0.0910719
0.0933039
0.0952861
0.0969045
0.0979575
0.0982045
0.0970933
0.0936542
0.0867835
0.0784953
0.0698447
0.0613815
0.053375
0.0459493
0.0391531
0.0330002
0.0275017
0.0228161
0.0184665
0.0145123
0.0111224
0.0082817
0.00596666
0.00414312
0.002764
0.00176849
0.00108526
0.000639857
0.000363545
0.000199762
0.000106538
5.53302e-05
2.8064e-05
1.39389e-05
6.83209e-06
3.31119e-06
1.58903e-06
7.55947e-07
3.56774e-07
1.67083e-07
7.7588e-08
3.56359e-08
1.6091e-08
7.04561e-09
2.89572e-09
1.01701e-09
1.82676e-10
1.54508e-10
8.46163e-10
2.40363e-09
5.8858e-09
1.36144e-08
3.06484e-08
6.79082e-08
1.48866e-07
3.22928e-07
6.93321e-07
1.47191e-06
3.08599e-06
6.3802e-06
1.29855e-05
2.58449e-05
5.01659e-05
9.47186e-05
0.000173451
0.000307099
0.000524141
0.00086024
0.00135566
0.00205092
0.00298189
0.00417578
0.00564898
0.00740683
0.00944461
0.0117494
0.014302
0.0170788
0.0200535
0.0231983
0.0264852
0.0298869
0.0333771
0.0369309
0.0405256
0.0441398
0.0477544
0.0513519
0.0549168
0.0584354
0.0618958
0.0652873
0.0686009
0.0718288
0.0749641
0.0780007
0.0809325
0.0837525
0.0864513
0.0890148
0.0914197
0.0936269
0.0955691
0.0971115
0.0980574
0.0981202
0.0966812
0.0926642
0.0855236
0.0771381
0.0684893
0.0600805
0.0521565
0.0448271
0.0381339
0.0320902
0.0267313
0.0221578
0.0178635
0.0139941
0.0106913
0.00793487
0.00569773
0.0039432
0.00262235
0.00167326
0.00102463
0.000603281
0.000342556
0.000188248
0.000100468
5.22403e-05
2.65389e-05
1.32064e-05
6.48486e-06
3.14904e-06
1.51429e-06
7.21887e-07
3.41408e-07
1.60215e-07
7.45456e-08
3.43021e-08
1.55147e-08
6.80286e-09
2.79891e-09
9.8384e-10
1.76859e-10
1.59686e-10
8.74507e-10
2.48416e-09
6.08329e-09
1.40724e-08
3.16829e-08
7.02193e-08
1.53883e-07
3.33738e-07
7.16379e-07
1.52036e-06
3.18621e-06
6.58399e-06
1.3392e-05
2.66296e-05
5.16364e-05
9.73826e-05
0.000178099
0.000314879
0.00053659
0.000879243
0.00138332
0.00208935
0.00303302
0.00424124
0.00573002
0.00750431
0.00955907
0.0118811
0.014451
0.017245
0.0202366
0.023398
0.0267012
0.0301186
0.0336239
0.0371922
0.0408007
0.0444279
0.0480546
0.0516633
0.0552384
0.0587661
0.0622343
0.0656324
0.0689513
0.0721831
0.0753208
0.0783582
0.0812889
0.0841057
0.0867983
0.0893516
0.0917404
0.0939221
0.0958239
0.0972909
0.098135
0.0980298
0.0962846
0.091731
0.0843575
0.0758982
0.0672622
0.0589108
0.0510663
0.0438263
0.0372256
0.031276
0.0260422
0.0215415
0.0173139
0.0135292
0.0103073
0.007627
0.00545943
0.00376617
0.00249687
0.00158878
0.000970717
0.000570623
0.000323714
0.000177846
9.4945e-05
4.94069e-05
2.5129e-05
1.25236e-05
6.15906e-06
2.99592e-06
1.44328e-06
6.89332e-07
3.26638e-07
1.53577e-07
7.15902e-08
3.30001e-08
1.49496e-08
6.56379e-09
2.70322e-09
9.50969e-10
1.71089e-10
1.64437e-10
9.00491e-10
2.55785e-09
6.26354e-09
1.44892e-08
3.2621e-08
7.22927e-08
1.58387e-07
3.4356e-07
7.37421e-07
1.56476e-06
3.27851e-06
6.77238e-06
1.37688e-05
2.73598e-05
5.30094e-05
9.98777e-05
0.000182464
0.000322203
0.000548337
0.000897214
0.00140953
0.00212585
0.00308171
0.00430373
0.00580757
0.00759781
0.00966908
0.0120079
0.0145946
0.0174053
0.0204134
0.0235908
0.0269095
0.0303418
0.0338613
0.0374432
0.0410643
0.0447034
0.0483409
0.0519595
0.0555433
0.0590787
0.0625533
0.0659566
0.0692794
0.0725137
0.0756526
0.0786897
0.0816182
0.0844309
0.087117
0.0896601
0.0920336
0.0941921
0.0960569
0.0974542
0.0982063
0.0979432
0.0959259
0.0909002
0.0833211
0.0747982
0.0661761
0.057878
0.0501063
0.0429472
0.0364293
0.0305636
0.0254479
0.0210157
0.0168291
0.0131173
0.00996756
0.00735537
0.00524965
0.00361058
0.00238671
0.00151467
0.000923409
0.000541936
0.000307129
0.00016866
9.00477e-05
4.68823e-05
2.38659e-05
1.19082e-05
5.86394e-06
2.8565e-06
1.37829e-06
6.59392e-07
3.1299e-07
1.47416e-07
6.88349e-08
3.17814e-08
1.44186e-08
6.33842e-09
2.61276e-09
9.19832e-10
1.65616e-10
1.68802e-10
9.24358e-10
2.6255e-09
6.42888e-09
1.48713e-08
3.34818e-08
7.42046e-08
1.62558e-07
3.52609e-07
7.56721e-07
1.60549e-06
3.36319e-06
6.94536e-06
1.41149e-05
2.80319e-05
5.42757e-05
0.000102184
0.00018651
0.00032901
0.000559283
0.000914005
0.00143408
0.00216012
0.00312754
0.00436267
0.00588085
0.0076863
0.00977334
0.0121282
0.014731
0.0175575
0.0205811
0.0237737
0.0271069
0.030553
0.0340857
0.03768
0.0413126
0.0449622
0.0486093
0.0522364
0.0558277
0.0593693
0.0628491
0.0662563
0.0695819
0.0728177
0.0759566
0.0789925
0.0819183
0.0847265
0.0874059
0.0899393
0.0922986
0.0944356
0.0962668
0.0976006
0.0982704
0.097866
0.0956084
0.0901721
0.0824142
0.0738371
0.0652279
0.0569774
0.0492702
0.0421828
0.035738
0.0299454
0.024936
0.0205587
0.0164018
0.0127552
0.00966983
0.00711785
0.00506645
0.00347484
0.00229069
0.0014501
0.000882195
0.000516924
0.000292646
0.00016062
8.57481e-05
4.4658e-05
2.27487e-05
1.13617e-05
5.60094e-06
2.73183e-06
1.31996e-06
6.3243e-07
3.00658e-07
1.4183e-07
6.633e-08
3.06702e-08
1.39332e-08
6.13192e-09
2.52972e-09
8.91205e-10
1.6058e-10
1.72794e-10
9.46188e-10
2.68736e-09
6.58003e-09
1.52205e-08
3.42677e-08
7.59485e-08
1.66407e-07
3.60871e-07
7.74381e-07
1.64278e-06
3.44078e-06
7.10412e-06
1.44327e-05
2.86502e-05
5.54429e-05
0.000104314
0.00019025
0.000335311
0.00056943
0.000929587
0.00145689
0.002192
0.0031702
0.0044176
0.00594921
0.00776891
0.00987073
0.0122406
0.0148584
0.0176998
0.0207378
0.0239443
0.0272909
0.0307498
0.0342944
0.0378998
0.0415426
0.0452015
0.048857
0.0524913
0.0560888
0.0596356
0.0631194
0.0665295
0.0698568
0.0730932
0.0762316
0.0792657
0.0821882
0.0849916
0.0876642
0.0901881
0.0925338
0.0946502
0.09645
0.0977334
0.0983285
0.0977982
0.0953285
0.0895359
0.0816242
0.0730021
0.0644052
0.0561969
0.0485468
0.041523
0.0351434
0.0294159
0.0245024
0.0201585
0.0160235
0.0124372
0.00941021
0.0069114
0.00490745
0.00335717
0.00220757
0.00139427
0.000846582
0.000495314
0.000280124
0.000153659
8.2019e-05
4.27243e-05
2.17748e-05
1.08838e-05
5.37036e-06
2.62221e-06
1.26854e-06
6.08588e-07
2.89723e-07
1.36865e-07
6.40972e-08
2.96774e-08
1.34986e-08
5.94666e-09
2.4551e-09
8.65453e-10
1.56048e-10
1.76428e-10
9.6604e-10
2.74359e-09
6.71734e-09
1.55374e-08
3.49802e-08
7.75262e-08
1.69861e-07
3.68351e-07
7.90397e-07
1.67663e-06
3.51131e-06
7.24862e-06
1.4722e-05
2.92138e-05
5.65077e-05
0.000106259
0.00019367
0.000341078
0.000578726
0.000943875
0.00147782
0.00222127
0.00320941
0.0044681
0.00601208
0.00784492
0.00996035
0.012344
0.0149756
0.0178306
0.0208819
0.0241011
0.0274598
0.0309301
0.0344854
0.0381006
0.0417525
0.0454195
0.049082
0.0527225
0.0563251
0.059876
0.0633629
0.0667751
0.0701034
0.0733397
0.0764769
0.0795089
0.082428
0.0852265
0.0878923
0.0904072
0.0927399
0.0948375
0.096609
0.0978499
0.0983785
0.0977368
0.0950803
0.0889807
0.0809382
0.0722792
0.0636944
0.0555235
0.0479236
0.0409563
0.0346361
0.0289689
0.0241441
0.019799
0.0156878
0.0121613
0.00918647
0.00673364
0.00477057
0.00325593
0.00213613
0.00134635
0.000816039
0.000476787
0.000269387
0.000147686
7.8815e-05
4.10602e-05
2.0935e-05
1.04708e-05
5.1707e-06
2.52709e-06
1.22382e-06
5.8781e-07
2.80172e-07
1.32519e-07
6.21391e-08
2.8805e-08
1.3116e-08
5.78332e-09
2.38922e-09
8.42699e-10
1.52043e-10
1.797e-10
9.83903e-10
2.79415e-09
6.84078e-09
1.58222e-08
3.56201e-08
7.89431e-08
1.72969e-07
3.75067e-07
8.04781e-07
1.70706e-06
3.57473e-06
7.37864e-06
1.49826e-05
2.97217e-05
5.74682e-05
0.000108014
0.000196759
0.000346291
0.000587132
0.000956801
0.00149677
0.00224777
0.0032449
0.00451383
0.00606902
0.00791376
0.0100415
0.0124377
0.0150817
0.0179489
0.0210121
0.0242427
0.0276122
0.0310926
0.0346573
0.0382812
0.0419408
0.0456147
0.0492833
0.0529289
0.0565357
0.0600898
0.063579
0.0669926
0.0703213
0.0735571
0.0766929
0.0797224
0.0826382
0.0854318
0.0880913
0.0905977
0.0929186
0.0949991
0.0967454
0.0979483
0.0984176
0.0976758
0.0948518
0.0884952
0.0803447
0.0716567
0.0630839
0.0549461
0.0473897
0.0404713
0.0342039
0.0285969
0.0238503
0.0194389
0.0154036
0.0119297
0.00899736
0.00658254
0.00465394
0.00316967
0.0020753
0.00130559
0.000790089
0.000461055
0.00026027
0.000142613
7.60912e-05
3.96439e-05
2.02193e-05
1.01182e-05
4.99997e-06
2.44562e-06
1.18544e-06
5.69949e-07
2.71948e-07
1.2877e-07
6.04469e-08
2.805e-08
1.27844e-08
5.64155e-09
2.33198e-09
8.22915e-10
1.4856e-10
1.82603e-10
9.99743e-10
2.83898e-09
6.95018e-09
1.60745e-08
3.61867e-08
8.01966e-08
1.75709e-07
3.81009e-07
8.17512e-07
1.734e-06
3.63092e-06
7.49385e-06
1.52135e-05
3.01721e-05
5.83205e-05
0.000109573
0.000199503
0.000350922
0.000594603
0.00096829
0.0015136
0.00227133
0.00327646
0.00455448
0.00611962
0.00797493
0.0101136
0.0125208
0.0151759
0.0180539
0.0211275
0.0243681
0.0277471
0.0312363
0.0348092
0.0384404
0.0421067
0.0457864
0.0494601
0.0531099
0.0567201
0.0602767
0.0637676
0.067182
0.0705108
0.0737459
0.0768801
0.0799072
0.0828196
0.0856088
0.0882627
0.0907613
0.0930714
0.0951366
0.0968594
0.0980282
0.0984436
0.0976103
0.0946318
0.0880699
0.0798343
0.0711253
0.0625645
0.0544554
0.0469358
0.0400577
0.0338318
0.0282673
0.0235589
0.0191786
0.015178
0.0117382
0.00883884
0.00645532
0.00455566
0.00309701
0.00202412
0.00127133
0.000768298
0.000447852
0.000252621
0.000138355
7.38042e-05
3.84537e-05
1.96171e-05
9.82123e-06
4.85601e-06
2.37683e-06
1.153e-06
5.54824e-07
2.64973e-07
1.25585e-07
5.90076e-08
2.74069e-08
1.25016e-08
5.5205e-09
2.28305e-09
8.05998e-10
1.45584e-10
1.85124e-10
1.0135e-09
2.8779e-09
7.04514e-09
1.62935e-08
3.66786e-08
8.12845e-08
1.78079e-07
3.86168e-07
8.28564e-07
1.75737e-06
3.67966e-06
7.59383e-06
1.5414e-05
3.05634e-05
5.9061e-05
0.000110927
0.000201888
0.00035495
0.000601099
0.000978281
0.00152825
0.00229181
0.00330388
0.00458981
0.00616359
0.00802806
0.0101762
0.012593
0.0152576
0.018145
0.0212276
0.0244767
0.0278638
0.0313605
0.0349403
0.0385777
0.0422496
0.0459342
0.049612
0.0532652
0.0568781
0.0604367
0.0639287
0.0673437
0.0706723
0.0739064
0.0770392
0.080064
0.0829734
0.0857587
0.0884074
0.0908991
0.0931998
0.0952517
0.0969521
0.0980907
0.0984579
0.0975425
0.0944247
0.0877025
0.0794019
0.0706785
0.0621294
0.0540452
0.0465566
0.0397121
0.0335209
0.0279917
0.0233149
0.0189628
0.0149911
0.0115793
0.0087072
0.00634971
0.00447413
0.00303678
0.00198174
0.00124299
0.000750283
0.000436944
0.000246302
0.000134838
7.19144e-05
3.74696e-05
1.91189e-05
9.57524e-06
4.73665e-06
2.31973e-06
1.12604e-06
5.42242e-07
2.59163e-07
1.22929e-07
5.78059e-08
2.68693e-08
1.2265e-08
5.41911e-09
2.24204e-09
7.91812e-10
1.43088e-10
1.8725e-10
1.0251e-09
2.91072e-09
7.12521e-09
1.64781e-08
3.7093e-08
8.22009e-08
1.80089e-07
3.90511e-07
8.37874e-07
1.77708e-06
3.72076e-06
7.67815e-06
1.55831e-05
3.08935e-05
5.96859e-05
0.000112071
0.000203902
0.00035835
0.000606584
0.000986715
0.0015406
0.00230909
0.00332702
0.0046196
0.00620067
0.00807285
0.010229
0.0126538
0.0153264
0.0182216
0.0213117
0.024568
0.0279617
0.0314647
0.0350502
0.0386928
0.0423691
0.0460577
0.0497388
0.0533947
0.0570096
0.0605697
0.0640626
0.0674779
0.0708061
0.0740394
0.0771707
0.0801935
0.0831002
0.0858821
0.0885263
0.0910121
0.0933046
0.0953447
0.0970252
0.098137
0.0984615
0.097473
0.0942314
0.08739
0.0790425
0.0703107
0.0617729
0.0537098
0.046247
0.0394303
0.0332674
0.0277672
0.0231164
0.0187869
0.0148388
0.0114501
0.0086002
0.00626395
0.00440797
0.00298795
0.00194742
0.00122005
0.00073572
0.000428131
0.000241199
0.000131997
7.03877e-05
3.66742e-05
1.8716e-05
9.37615e-06
4.63997e-06
2.27345e-06
1.10416e-06
5.32021e-07
2.54439e-07
1.20768e-07
5.68266e-08
2.64308e-08
1.20717e-08
5.33625e-09
2.2085e-09
7.80204e-10
1.41046e-10
1.88971e-10
1.03449e-09
2.93727e-09
7.18998e-09
1.66274e-08
3.74282e-08
8.29424e-08
1.81713e-07
3.94025e-07
8.45405e-07
1.79302e-06
3.75402e-06
7.74639e-06
1.57201e-05
3.11608e-05
6.01921e-05
0.000112997
0.000205533
0.000361105
0.000611027
0.000993546
0.00155061
0.00232308
0.00334575
0.00464371
0.00623065
0.00810906
0.0102716
0.012703
0.015382
0.0182834
0.0213795
0.0246416
0.0280407
0.0315486
0.0351386
0.0387852
0.0424652
0.0461568
0.0498405
0.0534984
0.0571149
0.060676
0.0641696
0.0675849
0.0709128
0.0741453
0.0772753
0.0802963
0.0832009
0.0859799
0.0886204
0.0911012
0.0933868
0.0954168
0.0970799
0.0981682
0.0984546
0.0973996
0.0940429
0.0871271
0.0787516
0.0700173
0.0614904
0.0534448
0.0460029
0.0392083
0.0330681
0.0275908
0.0229606
0.0186487
0.0147194
0.0113487
0.00851637
0.00619679
0.00435619
0.00294975
0.00192057
0.00120213
0.000724343
0.000421249
0.000237215
0.00012978
6.91953e-05
3.60528e-05
1.84009e-05
9.2204e-06
4.5643e-06
2.23719e-06
1.08701e-06
5.24002e-07
2.50729e-07
1.19069e-07
5.60564e-08
2.60856e-08
1.19195e-08
5.27093e-09
2.18204e-09
7.71045e-10
1.39435e-10
1.90276e-10
1.04161e-09
2.95742e-09
7.23913e-09
1.67407e-08
3.76826e-08
8.35052e-08
1.82944e-07
3.96692e-07
8.51121e-07
1.80512e-06
3.77927e-06
7.79822e-06
1.58241e-05
3.13639e-05
6.05768e-05
0.000113701
0.000206773
0.000363198
0.000614404
0.000998737
0.00155821
0.0023337
0.00335997
0.00466201
0.00625341
0.00813654
0.0103039
0.0127402
0.0154241
0.0183302
0.0214309
0.0246973
0.0281004
0.031612
0.0352053
0.038855
0.0425376
0.0462315
0.049917
0.0535764
0.0571941
0.0607559
0.0642498
0.0676651
0.0709927
0.0742245
0.0773535
0.0803732
0.083276
0.0860528
0.0886904
0.0911673
0.0934475
0.0954696
0.0971189
0.0981886
0.0984444
0.0973359
0.0938863
0.0869232
0.0785312
0.0697973
0.0612795
0.0532476
0.0458214
0.0390434
0.0329202
0.0274602
0.0228454
0.0185463
0.0146309
0.0112737
0.00845438
0.00614711
0.00431787
0.00292147
0.0019007
0.00118887
0.000715931
0.000416162
0.00023427
0.00012814
6.83134e-05
3.5593e-05
1.81678e-05
9.10508e-06
4.50824e-06
2.21033e-06
1.0743e-06
5.18054e-07
2.47976e-07
1.17807e-07
5.5484e-08
2.5829e-08
1.18063e-08
5.22232e-09
2.16234e-09
7.64225e-10
1.38235e-10
1.91156e-10
1.04641e-09
2.97098e-09
7.27217e-09
1.68168e-08
3.78533e-08
8.38831e-08
1.83776e-07
3.98498e-07
8.54994e-07
1.81332e-06
3.79639e-06
7.83335e-06
1.58946e-05
3.15015e-05
6.08374e-05
0.000114178
0.000207613
0.000364616
0.00061669
0.00100225
0.00156336
0.00234089
0.00336959
0.00467439
0.0062688
0.00815511
0.0103258
0.0127654
0.0154525
0.0183618
0.0214656
0.0247348
0.0281406
0.0316547
0.0352503
0.0389019
0.0425863
0.0462816
0.0499684
0.0536288
0.0572471
0.0608094
0.0643035
0.0677188
0.0710461
0.0742774
0.0774058
0.0804245
0.0833261
0.0861014
0.088737
0.0912113
0.0934878
0.0955045
0.0971443
0.0982012
0.0984359
0.0972905
0.0937774
0.0867851
0.0783832
0.0696502
0.0611389
0.0531163
0.0457007
0.038934
0.0328222
0.0273739
0.0227695
0.0184786
0.0145725
0.0112242
0.00841338
0.00611425
0.00429251
0.00290274
0.00188751
0.00118004
0.000710319
0.000412763
0.0002323
0.000127043
6.77235e-05
3.52856e-05
1.8012e-05
9.02808e-06
4.47083e-06
2.1924e-06
1.06581e-06
5.14087e-07
2.46139e-07
1.16965e-07
5.5102e-08
2.56576e-08
1.17306e-08
5.18985e-09
2.14918e-09
7.59666e-10
1.37433e-10
1.91612e-10
1.04889e-09
2.978e-09
7.28929e-09
1.68562e-08
3.79417e-08
8.40785e-08
1.842e-07
3.9941e-07
8.56937e-07
1.81741e-06
3.8049e-06
7.85075e-06
1.59294e-05
3.15693e-05
6.09655e-05
0.000114412
0.000208025
0.000365311
0.000617811
0.00100398
0.00156589
0.00234444
0.00337434
0.00468052
0.00627644
0.00816436
0.0103367
0.0127779
0.0154667
0.0183777
0.021483
0.0247537
0.0281608
0.0316762
0.0352729
0.0389255
0.0426107
0.0463069
0.0499942
0.0536551
0.0572738
0.0608363
0.0643305
0.0677458
0.071073
0.074304
0.077432
0.0804502
0.0833512
0.0861257
0.0887604
0.0912333
0.093508
0.0955219
0.0971569
0.0982072
0.0984311
0.0972671
0.0937217
0.086715
0.0783085
0.0695762
0.0610682
0.0530504
0.0456403
0.0388792
0.0327733
0.0273309
0.0227316
0.018445
0.0145436
0.0111998
0.00839328
0.00609821
0.00428018
0.00289365
0.00188111
0.00117573
0.000707552
0.000411071
0.000231316
0.000126495
6.74294e-05
3.51326e-05
1.79346e-05
8.98988e-06
4.45228e-06
2.18351e-06
1.0616e-06
5.12114e-07
2.45224e-07
1.16545e-07
5.49107e-08
2.55715e-08
1.16925e-08
5.17341e-09
2.1425e-09
7.57347e-10
1.37024e-10
1.91656e-10
1.04913e-09
2.97868e-09
7.29094e-09
1.686e-08
3.79501e-08
8.40966e-08
1.84238e-07
3.9949e-07
8.57104e-07
1.81776e-06
3.80561e-06
7.85219e-06
1.59322e-05
3.15748e-05
6.09757e-05
0.00011443
0.000208057
0.000365364
0.000617896
0.00100411
0.00156608
0.0023447
0.00337469
0.00468096
0.00627698
0.008165
0.0103374
0.0127788
0.0154677
0.0183787
0.0214841
0.0247549
0.0281621
0.0316775
0.0352742
0.0389269
0.0426121
0.0463082
0.0499956
0.0536565
0.0572751
0.0608376
0.0643318
0.067747
0.0710741
0.0743051
0.077433
0.0804512
0.0833522
0.0861266
0.0887612
0.0912341
0.0935086
0.0955224
0.0971572
0.0982072
0.0984307
0.0972659
0.0937191
0.0867118
0.0783052
0.0695729
0.0610651
0.0530475
0.0456376
0.0388769
0.0327712
0.0273291
0.02273
0.0184435
0.0145423
0.0111987
0.00839242
0.00609752
0.00427964
0.00289326
0.00188083
0.00117555
0.000707432
0.000410998
0.000231273
0.00012647
6.74161e-05
3.51255e-05
1.79309e-05
8.98799e-06
4.45134e-06
2.18304e-06
1.06138e-06
5.12004e-07
2.45171e-07
1.1652e-07
5.48988e-08
2.55659e-08
1.169e-08
5.17228e-09
2.14203e-09
7.57181e-10
1.36994e-10
1.91286e-10
1.04712e-09
2.97299e-09
7.27708e-09
1.68281e-08
3.78786e-08
8.39382e-08
1.83891e-07
3.98733e-07
8.55488e-07
1.81435e-06
3.79851e-06
7.83765e-06
1.59031e-05
3.15178e-05
6.08678e-05
0.000114232
0.000207708
0.000364774
0.000616942
0.00100263
0.00156392
0.00234167
0.00337061
0.00467569
0.00627041
0.00815703
0.010328
0.0127679
0.0154553
0.0183649
0.0214689
0.0247384
0.0281443
0.0316586
0.0352542
0.0389059
0.0425903
0.0462857
0.0499724
0.0536328
0.057251
0.0608132
0.0643072
0.0677224
0.0710496
0.0742808
0.0774089
0.0804275
0.083329
0.0861041
0.0887396
0.0912136
0.0934899
0.0955062
0.0971454
0.0982013
0.0984346
0.0972869
0.0937696
0.0867755
0.0783732
0.0696404
0.0611296
0.0531077
0.0456929
0.038927
0.0328161
0.0273687
0.0227647
0.0184743
0.0145688
0.0112211
0.00841084
0.00611221
0.00429094
0.00290157
0.00188669
0.00117949
0.000709965
0.000412545
0.000232172
0.00012697
6.76837e-05
3.52643e-05
1.80009e-05
9.02243e-06
4.46801e-06
2.19101e-06
1.06513e-06
5.13757e-07
2.4598e-07
1.16889e-07
5.5066e-08
2.56408e-08
1.17229e-08
5.1864e-09
2.14775e-09
7.5916e-10
1.37341e-10
1.90496e-10
1.04281e-09
2.96079e-09
7.24732e-09
1.67595e-08
3.77244e-08
8.35973e-08
1.83146e-07
3.97129e-07
8.52038e-07
1.80702e-06
3.78316e-06
7.80604e-06
1.58395e-05
3.13933e-05
6.06314e-05
0.000113799
0.000206943
0.000363481
0.000614853
0.000999417
0.0015592
0.00233506
0.00336176
0.00466429
0.0062562
0.00813986
0.0103078
0.0127446
0.0154289
0.0183355
0.0214366
0.0247033
0.0281067
0.0316185
0.035212
0.0388618
0.0425444
0.0462383
0.0499238
0.0535832
0.0572007
0.0607624
0.0642561
0.0676712
0.0709986
0.0742301
0.0773589
0.0803784
0.0832809
0.0860574
0.0886947
0.0911713
0.093451
0.0954725
0.0971207
0.098189
0.0984425
0.0973299
0.0938734
0.0869072
0.0785143
0.0697806
0.0612637
0.0532329
0.045808
0.0390314
0.0329096
0.027451
0.0228374
0.018539
0.0146247
0.0112684
0.00844997
0.00614356
0.00431511
0.00291942
0.00189924
0.00118788
0.000715299
0.000415775
0.000234042
0.000128011
6.82429e-05
3.55555e-05
1.81483e-05
9.09519e-06
4.50332e-06
2.20791e-06
1.07312e-06
5.17484e-07
2.47703e-07
1.17677e-07
5.54226e-08
2.58003e-08
1.17931e-08
5.21651e-09
2.15993e-09
7.63371e-10
1.38081e-10
1.89272e-10
1.03613e-09
2.9419e-09
7.20122e-09
1.66531e-08
3.74856e-08
8.30689e-08
1.81989e-07
3.94615e-07
8.46645e-07
1.79559e-06
3.7593e-06
7.75706e-06
1.57411e-05
3.12011e-05
6.02671e-05
0.000113132
0.000205768
0.000361495
0.000611648
0.000994488
0.00155197
0.00232496
0.00334824
0.00464688
0.00623454
0.00811369
0.010277
0.012709
0.0153887
0.0182908
0.0213875
0.02465
0.0280495
0.0315577
0.0351479
0.0387947
0.0424747
0.0461663
0.0498499
0.0535078
0.0571241
0.0606851
0.0641783
0.0675934
0.070921
0.0741532
0.0772829
0.0803036
0.0832078
0.0859864
0.0886265
0.0911068
0.0933917
0.0954209
0.0970825
0.098169
0.0984523
0.0973919
0.0940258
0.0871051
0.0787281
0.069994
0.0614682
0.0534242
0.0459841
0.0391913
0.033053
0.0275775
0.022949
0.0186383
0.0147105
0.0113412
0.00851013
0.00619176
0.00435229
0.00294685
0.00191851
0.00120074
0.000723453
0.000420703
0.000236895
0.000129598
6.90961e-05
3.6e-05
1.83735e-05
9.20648e-06
4.55737e-06
2.23378e-06
1.08535e-06
5.23198e-07
2.50343e-07
1.18885e-07
5.59697e-08
2.60452e-08
1.1901e-08
5.26274e-09
2.17864e-09
7.69845e-10
1.39218e-10
1.87627e-10
1.02716e-09
2.91651e-09
7.13927e-09
1.65103e-08
3.71646e-08
8.23582e-08
1.80432e-07
3.9124e-07
8.39413e-07
1.78029e-06
3.72737e-06
7.69153e-06
1.56096e-05
3.09443e-05
5.97807e-05
0.000112242
0.000204199
0.000358845
0.000607374
0.000987915
0.00154234
0.00231149
0.00333021
0.00462365
0.00620564
0.00807878
0.0102358
0.0126616
0.0153351
0.018231
0.0213218
0.0245788
0.027973
0.0314764
0.0350621
0.0387049
0.0423814
0.04607
0.049751
0.0534068
0.0570215
0.0605813
0.0640739
0.0674888
0.0708167
0.0740496
0.0771805
0.0802028
0.0831091
0.0858905
0.0885342
0.0910193
0.0933111
0.0953501
0.0970289
0.0981386
0.0984596
0.0974651
0.094213
0.0873635
0.079013
0.070281
0.0617444
0.0536832
0.0462227
0.0394083
0.0332478
0.0277499
0.0231012
0.0187734
0.0148273
0.0114403
0.00859211
0.00625743
0.00440292
0.00298419
0.00194475
0.00121825
0.000734561
0.00042742
0.000240781
0.000131761
7.02581e-05
3.66053e-05
1.86802e-05
9.35799e-06
4.63095e-06
2.26901e-06
1.102e-06
5.30978e-07
2.53939e-07
1.2053e-07
5.67146e-08
2.63786e-08
1.20478e-08
5.32566e-09
2.2041e-09
7.78652e-10
1.40766e-10
1.85574e-10
1.01596e-09
2.88483e-09
7.06196e-09
1.6332e-08
3.67641e-08
8.14716e-08
1.78491e-07
3.87034e-07
8.30398e-07
1.76121e-06
3.68756e-06
7.60984e-06
1.54457e-05
3.06243e-05
5.91749e-05
0.000111133
0.000202246
0.000355548
0.000602054
0.000979734
0.00153035
0.00229472
0.00330775
0.00459473
0.00616964
0.00803528
0.0101846
0.0126025
0.0152682
0.0181565
0.02124
0.0244899
0.0278775
0.0313748
0.0349549
0.0385926
0.0422646
0.0459492
0.0496269
0.05328
0.0568926
0.0604509
0.0639426
0.0673571
0.0706853
0.0739189
0.0770512
0.0800755
0.0829843
0.085769
0.088417
0.090908
0.0932079
0.0952586
0.0969572
0.0980935
0.0984572
0.097536
0.0944088
0.0876728
0.0793669
0.0706426
0.0620947
0.0540127
0.0465268
0.0396852
0.0334969
0.0279705
0.0232963
0.0189463
0.0149769
0.0115673
0.00869722
0.00634167
0.00446787
0.00303212
0.00197843
0.00124074
0.00074884
0.000436057
0.000245781
0.000134543
7.17526e-05
3.73835e-05
1.90742e-05
9.55257e-06
4.72539e-06
2.3142e-06
1.12335e-06
5.40943e-07
2.58542e-07
1.22634e-07
5.76669e-08
2.68046e-08
1.22354e-08
5.40601e-09
2.23661e-09
7.89892e-10
1.42742e-10
1.83127e-10
1.0026e-09
2.84705e-09
6.96973e-09
1.61192e-08
3.6286e-08
8.04133e-08
1.76174e-07
3.82013e-07
8.1964e-07
1.73844e-06
3.64009e-06
7.51246e-06
1.52504e-05
3.02431e-05
5.84533e-05
0.000109813
0.000199922
0.000351623
0.000595722
0.000969995
0.00151608
0.00227476
0.00328101
0.00456028
0.00612676
0.00798345
0.0101235
0.0125321
0.0151884
0.0180676
0.0211422
0.0243837
0.0277634
0.0312532
0.0348265
0.038458
0.0421244
0.0458042
0.0494778
0.0531274
0.0567373
0.0602936
0.063784
0.067198
0.0705262
0.0737607
0.0768944
0.0799208
0.0828326
0.0856211
0.0882742
0.0907719
0.093081
0.0951449
0.0968657
0.0980318
0.098443
0.0976027
0.0946122
0.0880346
0.0797929
0.0710827
0.0625233
0.0544169
0.0469005
0.0400258
0.0338034
0.0282423
0.0235367
0.0191589
0.0151611
0.0117238
0.00882686
0.00644565
0.00454813
0.00309138
0.00202012
0.00126862
0.000766551
0.000446778
0.000251989
0.000137997
7.36079e-05
3.83492e-05
1.9563e-05
9.79375e-06
4.84237e-06
2.37014e-06
1.14975e-06
5.53259e-07
2.64224e-07
1.2523e-07
5.88405e-08
2.73291e-08
1.2466e-08
5.50476e-09
2.27653e-09
8.03692e-10
1.45168e-10
1.80298e-10
9.87164e-10
2.80335e-09
6.86306e-09
1.58731e-08
3.5733e-08
7.91892e-08
1.73494e-07
3.76206e-07
8.07196e-07
1.71211e-06
3.58517e-06
7.39981e-06
1.50245e-05
2.98026e-05
5.76197e-05
0.000108288
0.000197238
0.000347092
0.000588414
0.000958756
0.00149961
0.00225171
0.00325014
0.00452051
0.00607724
0.00792357
0.0100529
0.0124506
0.0150961
0.0179647
0.021029
0.0242607
0.027631
0.0311122
0.0346774
0.0383015
0.0419613
0.0456353
0.0493038
0.0529492
0.0565557
0.0601094
0.0635981
0.0670111
0.0703392
0.0735743
0.0767095
0.0797382
0.0826532
0.085446
0.0881047
0.0906101
0.0929298
0.0950088
0.0967529
0.0979528
0.0984173
0.0976677
0.0948304
0.0884548
0.0802968
0.0716072
0.063036
0.0549014
0.0473489
0.0404347
0.0341718
0.0285693
0.0238263
0.0194143
0.0153828
0.0119124
0.0089832
0.00657114
0.00464507
0.00316303
0.00207057
0.00130238
0.000788019
0.000459781
0.000259519
0.000142187
7.58578e-05
3.95196e-05
2.01548e-05
1.00855e-05
4.98377e-06
2.43767e-06
1.18158e-06
5.6809e-07
2.7106e-07
1.28348e-07
6.02489e-08
2.79579e-08
1.27424e-08
5.62295e-09
2.32427e-09
8.20192e-10
1.48069e-10
1.77101e-10
9.69714e-10
2.75394e-09
6.74241e-09
1.55947e-08
3.51071e-08
7.78035e-08
1.7046e-07
3.69632e-07
7.93109e-07
1.68231e-06
3.52302e-06
7.27239e-06
1.47692e-05
2.93047e-05
5.66781e-05
0.000106567
0.000194209
0.000341981
0.000580171
0.000946082
0.00148103
0.00222573
0.00321534
0.00447567
0.0060214
0.00785606
0.0099733
0.0123587
0.014992
0.0178485
0.0209011
0.0241216
0.0274812
0.0309523
0.0345082
0.0381238
0.0417759
0.0454429
0.0491054
0.0527456
0.0563479
0.0598983
0.0633846
0.0667962
0.0701238
0.0733593
0.0764958
0.0795269
0.0824452
0.0852427
0.0879076
0.0904213
0.0927527
0.0948486
0.0966178
0.0978553
0.0983789
0.0977285
0.0950578
0.0889353
0.0808837
0.0722227
0.0636397
0.0554727
0.047878
0.0409173
0.0346064
0.0289552
0.0241687
0.0197162
0.0156487
0.0121375
0.00916915
0.00672022
0.00476023
0.00324822
0.00213062
0.0013426
0.000813619
0.000475295
0.000268506
0.000147186
7.85407e-05
4.09141e-05
2.08592e-05
1.04323e-05
5.15164e-06
2.51775e-06
1.21929e-06
5.85633e-07
2.79133e-07
1.32027e-07
6.19077e-08
2.86975e-08
1.30669e-08
5.7616e-09
2.38022e-09
8.3952e-10
1.51469e-10
1.73546e-10
9.50288e-10
2.69891e-09
6.60796e-09
1.52842e-08
3.44089e-08
7.62565e-08
1.67071e-07
3.62291e-07
7.77389e-07
1.64908e-06
3.45379e-06
7.13055e-06
1.44851e-05
2.87512e-05
5.56322e-05
0.000104657
0.000190849
0.000336315
0.00057104
0.000932047
0.00146047
0.00219698
0.00317682
0.00442606
0.00595964
0.00778138
0.00988523
0.0122571
0.0148767
0.0177199
0.0207594
0.0239673
0.027315
0.0307747
0.03432
0.0379258
0.0415689
0.0452279
0.0488832
0.0525173
0.0561144
0.0596606
0.0631438
0.0665533
0.0698798
0.0731153
0.0762528
0.079286
0.0822076
0.08501
0.0876814
0.0902041
0.0925483
0.0946628
0.09646
0.0977397
0.0983291
0.0977893
0.0953039
0.089485
0.0815626
0.0729381
0.0643432
0.0561392
0.0484951
0.0414789
0.035109
0.0293942
0.0244924
0.0201117
0.0159826
0.0124089
0.00938959
0.00689569
0.00489546
0.00334825
0.0022012
0.00138994
0.000843775
0.00049358
0.000279099
0.000153077
8.16993e-05
4.25541e-05
2.16865e-05
1.0839e-05
5.34818e-06
2.61134e-06
1.26327e-06
6.06057e-07
2.88516e-07
1.36294e-07
6.38291e-08
2.95529e-08
1.34418e-08
5.92154e-09
2.44469e-09
8.61779e-10
1.55386e-10
1.69623e-10
9.28841e-10
2.63815e-09
6.45955e-09
1.49415e-08
3.36378e-08
7.45478e-08
1.63328e-07
3.54183e-07
7.60032e-07
1.6124e-06
3.37743e-06
6.97423e-06
1.41723e-05
2.81426e-05
5.44834e-05
0.000102561
0.000187168
0.000330115
0.000561057
0.000916719
0.00143804
0.00216563
0.00313487
0.00437204
0.00589241
0.00770013
0.00978944
0.0121465
0.0147514
0.0175798
0.0206051
0.0237991
0.0271336
0.0305808
0.0341142
0.0377089
0.0413418
0.0449915
0.0486385
0.0522653
0.0558562
0.0593972
0.0628763
0.0662828
0.0696074
0.0728423
0.0759803
0.0790152
0.0819399
0.084747
0.0874251
0.0899572
0.0923149
0.0944499
0.0962784
0.0976073
0.0982709
0.0978561
0.095581
0.0901149
0.0823448
0.0737649
0.0651577
0.0569117
0.0492103
0.0421293
0.0356912
0.0299053
0.0249052
0.0205261
0.0163705
0.0127287
0.00964819
0.00710052
0.00505296
0.00346472
0.00228344
0.00144515
0.000878974
0.000514929
0.000291464
0.000159947
8.53782e-05
4.44607e-05
2.26463e-05
1.13097e-05
5.57522e-06
2.71925e-06
1.31387e-06
6.29507e-07
2.99266e-07
1.41172e-07
6.60212e-08
3.05269e-08
1.38679e-08
6.10304e-09
2.51776e-09
8.86985e-10
1.5982e-10
1.6533e-10
9.05369e-10
2.57162e-09
6.29696e-09
1.45658e-08
3.27923e-08
7.26718e-08
1.59186e-07
3.45296e-07
7.41031e-07
1.57228e-06
3.29398e-06
6.80372e-06
1.38311e-05
2.74801e-05
5.32351e-05
0.000100288
0.000183181
0.000323409
0.000550274
0.000900182
0.00141386
0.00213188
0.00308976
0.00431403
0.00582028
0.00761302
0.0096868
0.0120281
0.0146171
0.0174299
0.0204398
0.0236189
0.0269389
0.0303723
0.0338927
0.0374751
0.0410966
0.0447357
0.0483732
0.0519914
0.0555748
0.0591094
0.0625833
0.0659857
0.0693076
0.0725409
0.0756787
0.0787146
0.081642
0.0844534
0.0871381
0.0896797
0.0920514
0.0942078
0.0960695
0.0974614
0.0982069
0.0979322
0.0958953
0.0908358
0.0832428
0.0747166
0.0660969
0.057804
0.0500384
0.0428857
0.0363739
0.0305137
0.0254065
0.0209791
0.0167952
0.0130883
0.00994342
0.00733586
0.0052344
0.0035991
0.00237845
0.001509
0.00091971
0.000539637
0.000305764
0.000167882
8.96197e-05
4.6654e-05
2.37474e-05
1.18482e-05
5.83425e-06
2.842e-06
1.37127e-06
6.56029e-07
3.11391e-07
1.46661e-07
6.84815e-08
3.16176e-08
1.43441e-08
6.30551e-09
2.59915e-09
9.15027e-10
1.6475e-10
1.60652e-10
8.79775e-10
2.499e-09
6.11922e-09
1.41544e-08
3.1864e-08
7.06071e-08
1.54677e-07
3.35526e-07
7.20212e-07
1.52838e-06
3.20281e-06
6.61772e-06
1.34592e-05
2.67594e-05
5.188e-05
9.78254e-05
0.000178874
0.000316184
0.00053869
0.000882466
0.00138803
0.00209592
0.0030418
0.00425249
0.00574392
0.00752095
0.00957847
0.0119032
0.0144756
0.0172719
0.0202656
0.0234288
0.0267335
0.0301521
0.0336583
0.0372273
0.040836
0.0444634
0.0480899
0.0516983
0.0552728
0.0587998
0.0622671
0.0656643
0.0689822
0.0722128
0.0753493
0.0783855
0.0813149
0.0841302
0.0868213
0.0893729
0.0917597
0.093939
0.0958374
0.0972987
0.0981355
0.0980178
0.0962507
0.0916585
0.0842697
0.0758071
0.0671741
0.0588285
0.0509909
0.0437579
0.0371638
0.0312203
0.0259957
0.0214993
0.0172744
0.0134953
0.0102792
0.0076045
0.00544194
0.00375304
0.00248741
0.00158229
0.000966471
0.000567981
0.000322144
0.00017695
9.44518e-05
4.91438e-05
2.49925e-05
1.24545e-05
6.12493e-06
2.97927e-06
1.43524e-06
6.85486e-07
3.24812e-07
1.52716e-07
7.11875e-08
3.28138e-08
1.48648e-08
6.5264e-09
2.68776e-09
9.45518e-10
1.70108e-10
1.55548e-10
8.51836e-10
2.41963e-09
5.9246e-09
1.3703e-08
3.08447e-08
6.83499e-08
1.49777e-07
3.24867e-07
6.97468e-07
1.48058e-06
3.10382e-06
6.41631e-06
1.30574e-05
2.59838e-05
5.0427e-05
9.51936e-05
0.000174284
0.000308503
0.000526402
0.000863717
0.00136075
0.00205804
0.0029914
0.00418797
0.00566408
0.00742492
0.00946571
0.0117734
0.0143288
0.0171081
0.020085
0.0232318
0.0265204
0.0299234
0.0334146
0.0369691
0.0405641
0.0441784
0.0477928
0.05139
0.0549543
0.0584721
0.0619315
0.065322
0.0686345
0.0718612
0.0749952
0.0780305
0.0809608
0.0837793
0.0864765
0.0890381
0.091441
0.0936455
0.0955841
0.0971205
0.0980584
0.098108
0.0966457
0.0925878
0.0854302
0.0770404
0.068394
0.0599909
0.0520739
0.0447518
0.0380657
0.0320288
0.0266797
0.0221114
0.0178208
0.0139571
0.0106603
0.00790977
0.00567804
0.00392833
0.00261159
0.00166584
0.00101976
0.000600244
0.000340747
0.000187215
9.98998e-05
5.19374e-05
2.63819e-05
1.3127e-05
6.44569e-06
3.12996e-06
1.5051e-06
7.17498e-07
3.39329e-07
1.59237e-07
7.40894e-08
3.40915e-08
1.54191e-08
6.76072e-09
2.7815e-09
9.77705e-10
1.75755e-10
1.49971e-10
8.21296e-10
2.3328e-09
5.71151e-09
1.32086e-08
2.97272e-08
6.58572e-08
1.44455e-07
3.1332e-07
6.7263e-07
1.42809e-06
2.99485e-06
6.19431e-06
1.26145e-05
2.51298e-05
4.8831e-05
9.23138e-05
0.000169285
0.000300187
0.000513188
0.000843694
0.00133184
0.00201816
0.00293871
0.00412096
0.0055816
0.00732619
0.00935026
0.011641
0.0141793
0.0169417
0.0199017
0.0230319
0.0263041
0.0296911
0.0331665
0.0367059
0.0402862
0.0438865
0.0474877
0.0510723
0.0546251
0.0581324
0.0615824
0.0649646
0.0682702
0.0714913
0.0746213
0.0776542
0.0805842
0.0834045
0.0861065
0.0886771
0.0910951
0.0933243
0.0953029
0.0969152
0.0979601
0.0981936
0.0970587
0.0935774
0.086687
0.0783925
0.0697432
0.0612849
0.0532853
0.045867
0.0390785
0.0329339
0.0274444
0.0227666
0.0184203
0.0144717
0.0110878
0.00825341
0.00594435
0.00412621
0.00275174
0.00176001
0.00107968
0.000636374
0.000361469
0.000198576
0.000105886
5.49828e-05
2.78843e-05
1.38483e-05
6.78746e-06
3.28949e-06
1.5786e-06
7.50977e-07
3.54424e-07
1.65981e-07
7.70743e-08
3.53991e-08
1.59836e-08
6.9984e-09
2.87623e-09
1.01014e-09
1.81443e-10
1.43777e-10
7.87336e-10
2.23596e-09
5.47285e-09
1.26523e-08
2.84686e-08
6.31712e-08
1.38482e-07
3.00503e-07
6.45414e-07
1.37102e-06
2.87714e-06
5.95603e-06
1.21418e-05
2.4225e-05
4.71516e-05
8.93008e-05
0.000164081
0.000291564
0.000499527
0.000823053
0.0013021
0.00197728
0.00288486
0.00405272
0.00549797
0.00722654
0.00923424
0.0115085
0.0140302
0.0167761
0.0197198
0.0228336
0.0260897
0.0294607
0.0329205
0.0364443
0.0400096
0.0435952
0.0471822
0.0507535
0.0542936
0.0577891
0.0612284
0.064601
0.0678982
0.0711123
0.0742367
0.0772656
0.0801936
0.0830142
0.0857194
0.0882976
0.0907295
0.0929822
0.0949996
0.0966844
0.0978334
0.098235
0.0973989
0.0944367
0.0879454
0.0798122
0.0711922
0.0626921
0.0546121
0.047093
0.0401922
0.0339262
0.0283062
0.0235159
0.0190806
0.0150379
0.0115609
0.00863584
0.00624185
0.00434774
0.00290879
0.00186553
0.00114672
0.000676678
0.000384477
0.000211108
0.000112432
5.82789e-05
2.94905e-05
1.46104e-05
7.14434e-06
3.45411e-06
1.65356e-06
7.84732e-07
3.69476e-07
1.72634e-07
7.99901e-08
3.66646e-08
1.65253e-08
7.2247e-09
2.96583e-09
1.0407e-09
1.86813e-10
1.36882e-10
7.49529e-10
2.12815e-09
5.20713e-09
1.2047e-08
2.7166e-08
6.0233e-08
1.31928e-07
2.86132e-07
6.14475e-07
1.30558e-06
2.74123e-06
5.67939e-06
1.1591e-05
2.31693e-05
4.51944e-05
8.58036e-05
0.000158081
0.000281717
0.000484118
0.000800107
0.00126959
0.00193336
0.00282806
0.00398202
0.00541275
0.00712651
0.00911929
0.0113786
0.0138854
0.0166164
0.0195451
0.0226439
0.0258849
0.0292407
0.0326853
0.036194
0.0397443
0.0433152
0.0468878
0.0504452
0.053972
0.0574551
0.0608826
0.0642446
0.0675322
0.070738
0.0738555
0.076879
0.0798034
0.0826225
0.0853292
0.0879128
0.0903557
0.0926286
0.0946802
0.0964226
0.0976624
0.0982085
0.0976142
0.095058
0.0891374
0.0812504
0.0727022
0.0641803
0.056028
0.0484094
0.0413944
0.0350063
0.02926
0.0243545
0.0198089
0.0156619
0.0120818
0.00905699
0.0065694
0.00459112
0.00308045
0.00197992
0.00121857
0.000719264
0.000408378
0.000223881
0.00011897
6.15013e-05
3.10271e-05
1.53304e-05
7.47607e-06
3.60485e-06
1.72123e-06
8.148e-07
3.82716e-07
1.78417e-07
8.24967e-08
3.77414e-08
1.69822e-08
7.41415e-09
3.04042e-09
1.06603e-09
1.91249e-10
1.29376e-10
7.08443e-10
2.01241e-09
4.93132e-09
1.14124e-08
2.56807e-08
5.68816e-08
1.24618e-07
2.70418e-07
5.81178e-07
1.23612e-06
2.59884e-06
5.39291e-06
1.10265e-05
2.20993e-05
4.32318e-05
8.23335e-05
0.000152188
0.00027214
0.000469266
0.000778163
0.0012387
0.00189184
0.0027746
0.00391571
0.00533312
0.0070334
0.00901272
0.0112587
0.0137523
0.01647
0.0193854
0.0224709
0.0256984
0.0290406
0.0324714
0.0359663
0.0395027
0.0430598
0.0466188
0.0501628
0.0536768
0.0571475
0.0605635
0.0639147
0.0671925
0.0703895
0.0734994
0.0765167
0.0794364
0.0822526
0.084959
0.0875454
0.0899958
0.0922834
0.0943621
0.0961508
0.0974701
0.0981432
0.0977664
0.0955786
0.0902738
0.0826645
0.0742112
0.065683
0.0574695
0.0497593
0.042636
0.03613
0.0302589
0.0252321
0.0205865
0.0163588
0.0126559
0.00951895
0.00692881
0.00485893
0.00327003
0.0021066
0.00129819
0.000766321
0.000434603
0.000237727
0.000125936
6.48615e-05
3.25914e-05
1.60524e-05
7.80362e-06
3.74957e-06
1.78383e-06
8.41432e-07
3.93912e-07
1.83084e-07
8.4432e-08
3.85405e-08
1.731e-08
7.5466e-09
3.09163e-09
1.08322e-09
1.94232e-10
1.22404e-10
6.70061e-10
1.90085e-09
4.64319e-09
1.07035e-08
2.40107e-08
5.30507e-08
1.16007e-07
2.51451e-07
5.40236e-07
1.14956e-06
2.41968e-06
5.03038e-06
1.03103e-05
2.07426e-05
4.07475e-05
7.79497e-05
0.000144763
0.000260121
0.000450749
0.000751094
0.0012012
0.00184254
0.00271286
0.00384167
0.00524747
0.00693711
0.00890681
0.0111439
0.0136293
0.0163389
0.0192462
0.0223231
0.0255417
0.0288743
0.0322949
0.035779
0.0393043
0.04285
0.0463975
0.0499302
0.053433
0.0568931
0.0602989
0.0636406
0.0669097
0.0700989
0.0732019
0.0762134
0.0791284
0.0819414
0.0846464
0.0872339
0.089689
0.091987
0.0940852
0.0959097
0.0973033
0.0980815
0.0978893
0.0960224
0.0912739
0.0839256
0.075572
0.0670517
0.0587958
0.0510146
0.043803
0.037197
0.0312131
0.0259968
0.0213704
0.0170615
0.0132376
0.00998657
0.00729022
0.00512465
0.00345403
0.0022257
0.00136994
0.000806534
0.000455635
0.00024804
0.000130698
6.69398e-05
3.34516e-05
1.64002e-05
7.93162e-06
3.79538e-06
1.79984e-06
8.46929e-07
3.9579e-07
1.83738e-07
8.46716e-08
3.86357e-08
1.7351e-08
7.56503e-09
3.09965e-09
1.08613e-09
1.94751e-10
1.1632e-10
6.35638e-10
1.79722e-09
4.37193e-09
1.00348e-08
2.24107e-08
4.92959e-08
1.07336e-07
2.31765e-07
4.96385e-07
1.05395e-06
2.21611e-06
4.6081e-06
9.45907e-06
1.91049e-05
3.77283e-05
7.26347e-05
0.000135867
0.000246033
0.000429717
0.000721571
0.00116223
0.00179402
0.00265554
0.00377688
0.00517673
0.00686183
0.00882798
0.0110621
0.0135446
0.016251
0.0191547
0.0222273
0.0254408
0.0287676
0.0321818
0.035659
0.0391769
0.0427151
0.0462552
0.0497804
0.0532762
0.0567295
0.060129
0.0634649
0.0667288
0.0699134
0.0730125
0.0760206
0.0789331
0.0817445
0.0844488
0.0870372
0.0894955
0.0918003
0.093911
0.095758
0.0971983
0.0980435
0.0979699
0.0963129
0.0919363
0.0847674
0.076489
0.0679854
0.0597143
0.0519002
0.0446455
0.0379905
0.0319525
0.0266375
0.0219677
0.0176394
0.0137469
0.0104181
0.0076413
0.00539663
0.00365233
0.00236018
0.00145401
0.000854718
0.000480916
0.000260188
0.00013604
6.90676e-05
3.41889e-05
1.66402e-05
8.0069e-06
3.81624e-06
1.8044e-06
8.47337e-07
3.95468e-07
1.83464e-07
8.45269e-08
3.85739e-08
1.73284e-08
7.55789e-09
3.09775e-09
1.08571e-09
1.94696e-10
)
;

boundaryField
{
    fuel
    {
        type            fixedValue;
        value           uniform 0;
    }
    air
    {
        type            fixedValue;
        value           uniform 0;
    }
    outlet
    {
        type            inletOutlet;
        inletValue      uniform 0;
        value           nonuniform List<scalar> 
200
(
1.15027e-10
6.28599e-10
1.77745e-09
4.32425e-09
9.92659e-09
2.21721e-08
4.87788e-08
1.06229e-07
2.29414e-07
4.91436e-07
1.04362e-06
2.19476e-06
4.56448e-06
9.37118e-06
1.89321e-05
3.73973e-05
7.20194e-05
0.000134763
0.000244127
0.000426573
0.00071663
0.00115485
0.00178354
0.00264137
0.00375854
0.00515393
0.00683443
0.00879603
0.0110258
0.0135041
0.0162069
0.0191073
0.0221772
0.0253885
0.0287136
0.0321265
0.035603
0.0391206
0.0426589
0.0461994
0.0497254
0.0532223
0.0566769
0.0600778
0.0634154
0.0666811
0.0698675
0.0729685
0.0759787
0.0788932
0.0817067
0.0844132
0.087004
0.0894651
0.0917731
0.0938883
0.0957412
0.0971904
0.0980463
0.0979864
0.0963635
0.0920488
0.0849028
0.0766289
0.0681211
0.0598419
0.0520181
0.0447533
0.0380884
0.0320405
0.0267097
0.0220318
0.0176983
0.0137979
0.0104611
0.00767649
0.00542433
0.00367315
0.00237502
0.00146399
0.000861032
0.000484687
0.000262327
0.000137198
6.96713e-05
3.44931e-05
1.67888e-05
8.07859e-06
3.85045e-06
1.82058e-06
8.54933e-07
3.99014e-07
1.85109e-07
8.52863e-08
3.89213e-08
1.7485e-08
7.62649e-09
3.12598e-09
1.09565e-09
1.96484e-10
1.1632e-10
6.35638e-10
1.79722e-09
4.37193e-09
1.00348e-08
2.24107e-08
4.92959e-08
1.07336e-07
2.31765e-07
4.96385e-07
1.05395e-06
2.21611e-06
4.6081e-06
9.45907e-06
1.91049e-05
3.77283e-05
7.26347e-05
0.000135867
0.000246033
0.000429717
0.000721571
0.00116223
0.00179402
0.00265554
0.00377688
0.00517673
0.00686183
0.00882798
0.0110621
0.0135446
0.016251
0.0191547
0.0222273
0.0254408
0.0287676
0.0321818
0.035659
0.0391769
0.0427151
0.0462552
0.0497804
0.0532762
0.0567295
0.060129
0.0634649
0.0667288
0.0699134
0.0730125
0.0760206
0.0789331
0.0817445
0.0844488
0.0870372
0.0894955
0.0918003
0.093911
0.095758
0.0971983
0.0980435
0.0979699
0.0963129
0.0919363
0.0847674
0.076489
0.0679854
0.0597143
0.0519002
0.0446455
0.0379905
0.0319525
0.0266375
0.0219677
0.0176394
0.0137469
0.0104181
0.0076413
0.00539663
0.00365233
0.00236018
0.00145401
0.000854718
0.000480916
0.000260188
0.00013604
6.90676e-05
3.41889e-05
1.66402e-05
8.0069e-06
3.81624e-06
1.8044e-06
8.47337e-07
3.95468e-07
1.83464e-07
8.45269e-08
3.85739e-08
1.73284e-08
7.55789e-09
3.09775e-09
1.08571e-09
1.94696e-10
)
;
    }
    frontAndBack
    {
        type            empty;
    }
}


// ************************************************************************* //
