/*--------------------------------*- C++ -*----------------------------------*\
  =========                 |
  \\      /  F ield         | OpenFOAM: The Open Source CFD Toolbox
   \\    /   O peration     | Website:  https://openfoam.org
    \\  /    A nd           | Version:  11
     \\/     M anipulation  |
\*---------------------------------------------------------------------------*/
FoamFile
{
    format      ascii;
    class       volScalarField;
    location    "0.1";
    object      N2;
}
// * * * * * * * * * * * * * * * * * * * * * * * * * * * * * * * * * * * * * //

dimensions      [0 0 0 0 0 0 0];

internalField   nonuniform List<scalar> 
4000
(
2.00212e-07
1.05489e-06
2.76192e-06
6.00763e-06
1.19755e-05
2.26963e-05
4.1635e-05
7.46722e-05
0.000131728
0.000229427
0.000395387
0.000675003
0.00114186
0.00191311
0.00316811
0.00516064
0.00824733
0.0128935
0.0196583
0.0291432
0.041903
0.0583352
0.0785881
0.102522
0.129736
0.159648
0.191579
0.22484
0.258781
0.292831
0.326504
0.359409
0.391242
0.421774
0.450848
0.478361
0.504258
0.528523
0.551165
0.572218
0.591729
0.60976
0.626378
0.641657
0.655674
0.668507
0.680231
0.690922
0.700652
0.70949
0.717504
0.724756
0.731306
0.737209
0.742518
0.747281
0.751544
0.755294
0.75858
0.761581
0.764245
0.766595
0.768654
0.770445
0.771982
0.773278
0.774347
0.775196
0.775835
0.77627
0.776505
0.776558
0.776438
0.776146
0.775701
0.775124
0.774448
0.773715
0.772976
0.772282
0.771676
0.77118
0.770801
0.770526
0.770336
0.770209
0.770129
0.770078
0.770047
0.770028
0.770016
0.770009
0.770005
0.770003
0.770002
0.770001
0.77
0.77
0.77
0.77
2.03013e-07
1.07002e-06
2.80457e-06
6.1122e-06
1.22171e-05
2.32315e-05
4.27799e-05
7.70431e-05
0.000136486
0.000238683
0.00041285
0.000706945
0.00119848
0.00201025
0.0033262
0.00540656
0.00861208
0.0134074
0.0203429
0.0300023
0.0429154
0.0594545
0.0797507
0.10366
0.130793
0.160583
0.192373
0.22549
0.259299
0.293235
0.326817
0.359654
0.391439
0.421943
0.451003
0.478515
0.50442
0.528699
0.551358
0.572428
0.591957
0.610004
0.626637
0.641929
0.655956
0.668796
0.680525
0.691218
0.700948
0.709785
0.717796
0.725043
0.731586
0.737481
0.74278
0.747533
0.751785
0.755506
0.758781
0.761783
0.764436
0.766772
0.768816
0.77059
0.772111
0.773391
0.774441
0.775273
0.775893
0.776309
0.776524
0.776559
0.776421
0.776112
0.775651
0.775063
0.774381
0.773649
0.772918
0.772236
0.771643
0.77116
0.77079
0.770521
0.770334
0.770209
0.770129
0.770078
0.770047
0.770028
0.770016
0.770009
0.770005
0.770003
0.770002
0.770001
0.77
0.77
0.77
0.77
2.05728e-07
1.08507e-06
2.84806e-06
6.21972e-06
1.24632e-05
2.37662e-05
4.3898e-05
7.92916e-05
0.000140856
0.000246908
0.00042786
0.000733547
0.0012443
0.00208702
0.00344871
0.00559524
0.00889202
0.0138062
0.0208866
0.0307087
0.0437873
0.0604755
0.0808855
0.10486
0.132006
0.161761
0.193479
0.226501
0.260204
0.294034
0.327519
0.360272
0.391988
0.42244
0.451463
0.478951
0.504844
0.529119
0.551781
0.572858
0.592396
0.610453
0.627096
0.642396
0.65643
0.669274
0.681005
0.691698
0.701425
0.710256
0.718259
0.725496
0.732027
0.737909
0.743195
0.747933
0.75217
0.755842
0.759099
0.762084
0.764718
0.767032
0.769053
0.770803
0.772298
0.773551
0.774575
0.77538
0.775973
0.776363
0.77655
0.776563
0.776402
0.776073
0.775597
0.774999
0.774314
0.773586
0.772863
0.772193
0.771612
0.77114
0.770778
0.770515
0.770331
0.770208
0.770128
0.770078
0.770047
0.770028
0.770016
0.770009
0.770005
0.770003
0.770002
0.770001
0.77
0.77
0.77
0.77
2.07802e-07
1.09635e-06
2.87989e-06
6.29751e-06
1.26413e-05
2.41518e-05
4.46943e-05
8.08816e-05
0.000143917
0.000252625
0.000438247
0.00075193
0.00127602
0.00214041
0.00353448
0.00572829
0.00909072
0.014091
0.0212769
0.0312193
0.0444239
0.0612323
0.0817452
0.105797
0.132991
0.162764
0.194475
0.227471
0.261135
0.294919
0.328356
0.361064
0.392739
0.423155
0.45215
0.479616
0.505493
0.529757
0.552412
0.573486
0.593022
0.611078
0.62772
0.643019
0.657051
0.669891
0.681616
0.692301
0.702018
0.710837
0.718825
0.726046
0.732558
0.73842
0.743683
0.748398
0.752611
0.756245
0.759473
0.76243
0.765036
0.767322
0.769315
0.771036
0.772501
0.773724
0.774718
0.775492
0.776055
0.776415
0.776576
0.776564
0.776377
0.776028
0.775535
0.774926
0.774236
0.773509
0.772793
0.772135
0.771567
0.771108
0.770756
0.770501
0.770323
0.770203
0.770125
0.770076
0.770046
0.770027
0.770016
0.770009
0.770005
0.770003
0.770002
0.770001
0.77
0.77
0.77
0.77
2.09294e-07
1.10461e-06
2.90373e-06
6.35609e-06
1.27742e-05
2.44473e-05
4.53213e-05
8.21636e-05
0.000146461
0.000257512
0.000447349
0.000768406
0.00130502
0.00219007
0.00361568
0.00585635
0.00928502
0.0143738
0.0216706
0.0317418
0.0450843
0.0620272
0.0826587
0.106804
0.13406
0.163866
0.195584
0.228567
0.262204
0.295953
0.329351
0.362019
0.393658
0.42404
0.453006
0.480447
0.506303
0.53055
0.553191
0.574252
0.593777
0.611823
0.628455
0.643744
0.657764
0.670591
0.682302
0.692971
0.70267
0.71147
0.719437
0.726634
0.733122
0.738956
0.744191
0.748875
0.753053
0.756648
0.759836
0.76277
0.765349
0.767608
0.769572
0.771263
0.772698
0.77389
0.774853
0.775596
0.77613
0.776461
0.776596
0.77656
0.776349
0.77598
0.775472
0.774852
0.774158
0.773432
0.772724
0.772077
0.771523
0.771076
0.770735
0.770487
0.770314
0.770198
0.770122
0.770075
0.770045
0.770027
0.770016
0.770009
0.770005
0.770003
0.770002
0.770001
0.77
0.77
0.77
0.77
2.10248e-07
1.11001e-06
2.91999e-06
6.39807e-06
1.2875e-05
2.46715e-05
4.5805e-05
8.315e-05
0.000148437
0.000261302
0.000454418
0.00078122
0.00132762
0.00222885
0.0036793
0.00595726
0.00943942
0.014601
0.0219913
0.0321747
0.0456424
0.0627144
0.0834682
0.10772
0.13506
0.164926
0.19668
0.229679
0.263315
0.297052
0.330429
0.363071
0.394682
0.425037
0.453975
0.481391
0.507223
0.531447
0.554067
0.575109
0.594616
0.612643
0.629256
0.644526
0.658526
0.671333
0.683022
0.693668
0.703343
0.712117
0.720057
0.727226
0.733684
0.739488
0.744691
0.749344
0.753469
0.757029
0.760195
0.763099
0.76565
0.767879
0.769813
0.771475
0.77288
0.774042
0.774976
0.77569
0.776195
0.776498
0.776609
0.776549
0.776317
0.775929
0.775407
0.774777
0.774079
0.773356
0.772655
0.772019
0.771477
0.771042
0.770711
0.770471
0.770304
0.770192
0.770119
0.770072
0.770044
0.770026
0.770015
0.770009
0.770005
0.770003
0.770002
0.770001
0.77
0.77
0.77
0.77
2.10845e-07
1.11351e-06
2.93104e-06
6.42805e-06
1.29496e-05
2.48453e-05
4.61837e-05
8.39635e-05
0.000150063
0.000264488
0.00046047
0.000792366
0.00134755
0.00226349
0.0037369
0.00604973
0.00958244
0.0148135
0.0222934
0.0325852
0.0461746
0.063373
0.0842485
0.108608
0.136038
0.165971
0.197771
0.230797
0.264444
0.298179
0.331546
0.364171
0.39576
0.426091
0.455004
0.482394
0.5082
0.532399
0.554994
0.576011
0.595493
0.613496
0.630084
0.645328
0.659302
0.672082
0.683744
0.694362
0.704007
0.712751
0.72066
0.727798
0.734224
0.739996
0.745167
0.749788
0.753858
0.757393
0.760533
0.76341
0.76593
0.76813
0.770035
0.771667
0.773043
0.774178
0.775083
0.775771
0.776249
0.776526
0.776615
0.776534
0.776282
0.775878
0.775342
0.774704
0.774002
0.773282
0.772588
0.771963
0.771433
0.77101
0.770689
0.770456
0.770294
0.770186
0.770115
0.77007
0.770042
0.770025
0.770015
0.770009
0.770005
0.770003
0.770001
0.770001
0.77
0.77
0.77
0.77
2.11235e-07
1.11589e-06
2.93896e-06
6.4506e-06
1.30077e-05
2.49839e-05
4.64974e-05
8.46304e-05
0.00015142
0.000267173
0.00046559
0.000801828
0.00136454
0.00229313
0.00378646
0.00612988
0.00970738
0.0150007
0.0225624
0.0329546
0.0466589
0.0639796
0.0849757
0.109446
0.13697
0.166978
0.198834
0.231896
0.265564
0.299306
0.332669
0.365283
0.396855
0.427164
0.456053
0.483417
0.509197
0.533368
0.555934
0.576923
0.596376
0.614349
0.630907
0.646121
0.660065
0.672815
0.684445
0.695031
0.704644
0.713355
0.721231
0.728335
0.734727
0.740465
0.745601
0.750185
0.754187
0.757676
0.760882
0.76371
0.766192
0.768359
0.770234
0.771838
0.773187
0.774296
0.775176
0.775839
0.776294
0.776547
0.776616
0.776516
0.776246
0.775826
0.775279
0.774634
0.77393
0.773211
0.772525
0.77191
0.771392
0.770979
0.770667
0.770442
0.770285
0.77018
0.770111
0.770068
0.770041
0.770024
0.770014
0.770008
0.770005
0.770003
0.770001
0.770001
0.77
0.77
0.77
0.77
2.11502e-07
1.11757e-06
2.94487e-06
6.46807e-06
1.3054e-05
2.50969e-05
4.67545e-05
8.51853e-05
0.000152576
0.000269482
0.000470033
0.000810128
0.00137958
0.00231956
0.00383103
0.00620249
0.00982135
0.0151725
0.0228105
0.033297
0.0471099
0.0645469
0.085659
0.110237
0.137855
0.16794
0.199854
0.232957
0.26665
0.300405
0.333769
0.366376
0.397934
0.428224
0.457089
0.484428
0.51018
0.534321
0.556858
0.577816
0.597237
0.615178
0.631704
0.646886
0.660797
0.673513
0.685109
0.695661
0.705241
0.713918
0.72176
0.728831
0.73519
0.740896
0.746
0.750555
0.754498
0.757963
0.761151
0.763956
0.766414
0.768556
0.770407
0.771986
0.773311
0.774397
0.775254
0.775895
0.776329
0.776561
0.776613
0.776495
0.776209
0.775776
0.775219
0.774567
0.773861
0.773146
0.772467
0.771862
0.771353
0.770951
0.770647
0.770428
0.770276
0.770174
0.770108
0.770066
0.77004
0.770024
0.770014
0.770008
0.770005
0.770003
0.770001
0.770001
0.77
0.77
0.77
0.77
2.117e-07
1.11887e-06
2.94959e-06
6.48242e-06
1.30928e-05
2.5193e-05
4.69767e-05
8.56647e-05
0.000153586
0.000271493
0.000473925
0.000817433
0.00139288
0.002343
0.00387079
0.0062676
0.00992407
0.0153282
0.0230365
0.0336106
0.0475251
0.0650719
0.0862944
0.110977
0.138686
0.168847
0.20082
0.233966
0.267688
0.301457
0.334826
0.367428
0.398973
0.429246
0.458089
0.485402
0.511126
0.535239
0.557744
0.57867
0.598058
0.615966
0.632459
0.647606
0.661483
0.674165
0.685727
0.696245
0.705791
0.714435
0.722244
0.729282
0.73561
0.741285
0.746361
0.750889
0.754775
0.758217
0.761384
0.764168
0.766604
0.768724
0.770554
0.772112
0.773416
0.774481
0.775319
0.775941
0.776357
0.77657
0.776606
0.776473
0.776174
0.775729
0.775162
0.774505
0.773799
0.773087
0.772414
0.771817
0.771319
0.770925
0.770629
0.770416
0.770268
0.770169
0.770105
0.770064
0.770039
0.770023
0.770013
0.770008
0.770004
0.770002
0.770001
0.770001
0.77
0.77
0.77
0.77
2.11864e-07
1.11995e-06
2.95358e-06
6.4947e-06
1.31263e-05
2.52761e-05
4.71694e-05
8.60901e-05
0.000154468
0.000273267
0.000477375
0.000823933
0.00140476
0.00236401
0.00390657
0.00632646
0.0100173
0.01547
0.023243
0.0338978
0.0479064
0.0655554
0.0868813
0.111661
0.139458
0.169692
0.201723
0.234912
0.268662
0.302448
0.335822
0.36842
0.399955
0.430211
0.459033
0.486322
0.512019
0.536102
0.558576
0.57947
0.598826
0.6167
0.633159
0.648273
0.662115
0.674764
0.686293
0.696777
0.706291
0.714902
0.72268
0.729687
0.735985
0.74163
0.746678
0.751177
0.755029
0.758445
0.761589
0.764351
0.766767
0.768868
0.770679
0.772219
0.773505
0.774552
0.775373
0.775978
0.776377
0.776575
0.776598
0.77645
0.776139
0.775684
0.77511
0.774449
0.773741
0.773032
0.772366
0.771777
0.771288
0.770902
0.770613
0.770405
0.770261
0.770165
0.770102
0.770062
0.770038
0.770022
0.770013
0.770008
0.770004
0.770002
0.770001
0.770001
0.77
0.77
0.77
0.77
2.1201e-07
1.12091e-06
2.95708e-06
6.50543e-06
1.31555e-05
2.53489e-05
4.73381e-05
8.64604e-05
0.000155244
0.000274834
0.00048043
0.000829706
0.00141536
0.00238276
0.00393862
0.00637932
0.0101012
0.015598
0.0234298
0.0341584
0.0482532
0.065996
0.0874173
0.112288
0.140166
0.170468
0.202554
0.235783
0.269561
0.303363
0.336743
0.369339
0.400864
0.431105
0.459908
0.487173
0.512843
0.536898
0.559343
0.580206
0.59953
0.617372
0.633798
0.648879
0.662689
0.675305
0.686802
0.697255
0.706737
0.715318
0.723066
0.730044
0.736314
0.741932
0.746953
0.751427
0.755252
0.758645
0.761768
0.764511
0.766908
0.768991
0.770785
0.772309
0.773579
0.774611
0.775417
0.776008
0.776393
0.776576
0.776589
0.776428
0.776107
0.775643
0.775063
0.774398
0.77369
0.772984
0.772324
0.771742
0.77126
0.770881
0.770598
0.770395
0.770255
0.770161
0.7701
0.770061
0.770037
0.770022
0.770013
0.770007
0.770004
0.770002
0.770001
0.770001
0.77
0.77
0.77
0.77
2.12148e-07
1.12177e-06
2.96019e-06
6.51495e-06
1.31813e-05
2.54129e-05
4.74866e-05
8.6787e-05
0.000155928
0.000276215
0.000483127
0.000834813
0.00142474
0.00239941
0.00396715
0.00642645
0.0101762
0.0157125
0.0235973
0.0343923
0.0485649
0.0663927
0.0879003
0.112854
0.140805
0.171171
0.203307
0.236574
0.270378
0.304195
0.337581
0.370174
0.401691
0.431917
0.460702
0.487945
0.513591
0.53762
0.560036
0.58087
0.600164
0.617976
0.634371
0.649421
0.663201
0.675786
0.687254
0.697678
0.707131
0.715684
0.723405
0.730356
0.7366
0.742194
0.747191
0.751642
0.755446
0.758818
0.761922
0.764647
0.767028
0.769096
0.770875
0.772385
0.773642
0.77466
0.775453
0.776031
0.776404
0.776577
0.776579
0.776408
0.776077
0.775606
0.77502
0.774353
0.773645
0.772942
0.772286
0.771711
0.771236
0.770864
0.770586
0.770387
0.770249
0.770157
0.770098
0.77006
0.770036
0.770021
0.770013
0.770007
0.770004
0.770002
0.770001
0.770001
0.77
0.77
0.77
0.77
2.12277e-07
1.12256e-06
2.963e-06
6.52343e-06
1.32041e-05
2.54692e-05
4.76167e-05
8.70717e-05
0.000156526
0.000277423
0.000485487
0.000839285
0.00143297
0.00241402
0.0039922
0.00646792
0.0102423
0.0158135
0.0237451
0.034599
0.0488406
0.0667437
0.0883283
0.113355
0.141373
0.171795
0.203976
0.237277
0.271105
0.304935
0.338327
0.370918
0.402427
0.432641
0.461408
0.488632
0.514255
0.538259
0.56065
0.581457
0.600724
0.618508
0.634875
0.649897
0.663649
0.676207
0.687647
0.698045
0.707472
0.716001
0.723697
0.730625
0.736847
0.742419
0.747395
0.751825
0.75561
0.758965
0.762053
0.764762
0.767129
0.769184
0.770951
0.772448
0.773693
0.7747
0.775482
0.77605
0.776412
0.776575
0.776569
0.776389
0.776051
0.775574
0.774984
0.774314
0.773606
0.772905
0.772254
0.771685
0.771215
0.770849
0.770575
0.770379
0.770245
0.770154
0.770096
0.770058
0.770035
0.770021
0.770012
0.770007
0.770004
0.770002
0.770001
0.770001
0.77
0.77
0.77
0.77
2.12396e-07
1.12328e-06
2.96552e-06
6.53091e-06
1.3224e-05
2.55181e-05
4.77292e-05
8.73162e-05
0.000157042
0.000278463
0.000487519
0.000843134
0.00144006
0.00242661
0.00401382
0.00650371
0.0102993
0.0159008
0.0238731
0.0347779
0.0490794
0.067048
0.0886993
0.11379
0.141865
0.172336
0.204557
0.237888
0.271736
0.305579
0.338975
0.371565
0.403067
0.433269
0.462022
0.489228
0.514831
0.538814
0.561182
0.581964
0.601207
0.618966
0.635308
0.650306
0.664033
0.676567
0.687984
0.698358
0.707763
0.716269
0.723945
0.730853
0.737055
0.742609
0.747568
0.751976
0.755746
0.759086
0.762161
0.764858
0.767213
0.769257
0.771013
0.7725
0.773735
0.774733
0.775505
0.776064
0.776418
0.776574
0.77656
0.776373
0.776028
0.775546
0.774952
0.77428
0.773573
0.772875
0.772227
0.771663
0.771198
0.770836
0.770566
0.770373
0.770241
0.770152
0.770094
0.770058
0.770035
0.770021
0.770012
0.770007
0.770004
0.770002
0.770001
0.770001
0.77
0.77
0.77
0.77
2.12504e-07
1.12393e-06
2.96773e-06
6.53737e-06
1.32411e-05
2.55595e-05
4.7824e-05
8.75241e-05
0.000157474
0.000279337
0.000489223
0.000846364
0.001446
0.00243718
0.00403197
0.00653378
0.0103473
0.0159742
0.0239806
0.0349285
0.0492804
0.0673041
0.0890118
0.114156
0.14228
0.172793
0.205047
0.238404
0.272269
0.306122
0.339523
0.372111
0.403607
0.433799
0.462539
0.489729
0.515316
0.539279
0.561628
0.58239
0.601611
0.619349
0.63567
0.650646
0.664353
0.676866
0.688263
0.698617
0.708003
0.716492
0.724149
0.731041
0.737227
0.742765
0.74771
0.752099
0.755856
0.759184
0.762248
0.764935
0.767281
0.769316
0.771063
0.772542
0.773769
0.774759
0.775524
0.776075
0.776422
0.776571
0.776551
0.776359
0.776009
0.775523
0.774926
0.774253
0.773545
0.772849
0.772205
0.771644
0.771184
0.770825
0.770559
0.770368
0.770237
0.77015
0.770093
0.770057
0.770034
0.77002
0.770012
0.770007
0.770004
0.770002
0.770001
0.770001
0.77
0.77
0.77
0.77
2.12598e-07
1.12449e-06
2.9696e-06
6.54276e-06
1.32551e-05
2.55934e-05
4.79013e-05
8.76923e-05
0.000157825
0.000280042
0.0004906
0.00084897
0.0014508
0.0024457
0.00404661
0.00655805
0.010386
0.0160335
0.0240676
0.0350501
0.0494428
0.0675111
0.0892644
0.114453
0.142616
0.173162
0.205444
0.238821
0.2727
0.306562
0.339965
0.372552
0.404043
0.434228
0.462957
0.490135
0.515707
0.539655
0.561987
0.582733
0.601936
0.619657
0.635961
0.65092
0.664609
0.677106
0.688486
0.698824
0.708195
0.716668
0.724312
0.731189
0.737363
0.742889
0.747823
0.752195
0.755943
0.759262
0.762317
0.764996
0.767335
0.769363
0.771103
0.772575
0.773796
0.774779
0.775538
0.776084
0.776425
0.776569
0.776544
0.776347
0.775994
0.775504
0.774904
0.77423
0.773524
0.772829
0.772187
0.77163
0.771173
0.770817
0.770553
0.770365
0.770235
0.770148
0.770092
0.770056
0.770034
0.77002
0.770012
0.770007
0.770004
0.770002
0.770001
0.770001
0.77
0.77
0.77
0.77
2.12675e-07
1.12494e-06
2.97109e-06
6.54698e-06
1.32659e-05
2.56195e-05
4.79605e-05
8.78206e-05
0.000158092
0.000280578
0.000491645
0.000850948
0.00145444
0.00245217
0.00405771
0.00657645
0.0104154
0.0160785
0.0241335
0.0351424
0.049566
0.0676681
0.089456
0.114677
0.142871
0.173443
0.205745
0.239137
0.273028
0.306895
0.340301
0.372888
0.404375
0.434553
0.463274
0.490442
0.516003
0.53994
0.562259
0.582991
0.602182
0.619889
0.63618
0.651125
0.664802
0.677285
0.688653
0.69898
0.708339
0.716801
0.724433
0.731301
0.737464
0.742982
0.747907
0.752267
0.756007
0.75932
0.762369
0.765042
0.767374
0.769397
0.771132
0.772599
0.773815
0.774794
0.775549
0.77609
0.776427
0.776567
0.776539
0.776338
0.775982
0.77549
0.774889
0.774214
0.773507
0.772814
0.772174
0.771619
0.771164
0.770811
0.770549
0.770362
0.770233
0.770147
0.770091
0.770056
0.770034
0.77002
0.770012
0.770007
0.770004
0.770002
0.770001
0.770001
0.77
0.77
0.77
0.77
2.12732e-07
1.12527e-06
2.97216e-06
6.54996e-06
1.32735e-05
2.56375e-05
4.80012e-05
8.79084e-05
0.000158274
0.000280944
0.000492355
0.000852288
0.0014569
0.00245654
0.00406522
0.00658888
0.0104352
0.0161089
0.024178
0.0352047
0.0496492
0.0677742
0.0895854
0.114829
0.143043
0.173632
0.205948
0.239351
0.273249
0.307121
0.340529
0.373114
0.404599
0.434773
0.463488
0.490649
0.516203
0.540132
0.562443
0.583166
0.602348
0.620046
0.636327
0.651264
0.664931
0.677406
0.688765
0.699084
0.708435
0.716889
0.724515
0.731375
0.737533
0.743044
0.747963
0.752315
0.75605
0.759358
0.762403
0.765072
0.767401
0.76942
0.771152
0.772615
0.773828
0.774804
0.775556
0.776094
0.776428
0.776566
0.776536
0.776333
0.775974
0.77548
0.774878
0.774203
0.773496
0.772803
0.772165
0.771612
0.771159
0.770807
0.770546
0.77036
0.770232
0.770146
0.770091
0.770055
0.770033
0.77002
0.770012
0.770007
0.770004
0.770002
0.770001
0.770001
0.77
0.77
0.77
0.77
2.12768e-07
1.12548e-06
2.97281e-06
6.5517e-06
1.32778e-05
2.56475e-05
4.80233e-05
8.7955e-05
0.000158369
0.000281132
0.000492716
0.000852966
0.00145814
0.00245872
0.00406895
0.00659504
0.010445
0.0161238
0.0241999
0.0352354
0.0496903
0.0678267
0.0896497
0.114905
0.143129
0.173727
0.206051
0.239459
0.273361
0.307236
0.340644
0.37323
0.404713
0.434885
0.463597
0.490755
0.516305
0.540229
0.562536
0.583255
0.602432
0.620125
0.636402
0.651334
0.664997
0.677467
0.688822
0.699137
0.708484
0.716934
0.724556
0.731413
0.737567
0.743075
0.747992
0.752339
0.756072
0.759378
0.76242
0.765087
0.767414
0.769432
0.771162
0.772624
0.773835
0.774809
0.775559
0.776096
0.776429
0.776566
0.776534
0.77633
0.77597
0.775476
0.774873
0.774198
0.773491
0.772799
0.772161
0.771608
0.771156
0.770805
0.770544
0.770359
0.770231
0.770146
0.77009
0.770055
0.770033
0.77002
0.770012
0.770007
0.770004
0.770002
0.770001
0.770001
0.77
0.77
0.77
0.77
2.12785e-07
1.12557e-06
2.97304e-06
6.55223e-06
1.32789e-05
2.56496e-05
4.80272e-05
8.79621e-05
0.000158382
0.000281154
0.000492757
0.000853036
0.00145826
0.00245893
0.00406928
0.00659558
0.0104458
0.0161251
0.0242017
0.035238
0.0496937
0.067831
0.089655
0.114911
0.143136
0.173735
0.206059
0.239468
0.27337
0.307245
0.340654
0.373239
0.404722
0.434893
0.463606
0.490763
0.516313
0.540237
0.562543
0.583261
0.602438
0.620131
0.636407
0.651339
0.665001
0.677471
0.688826
0.69914
0.708487
0.716937
0.724558
0.731416
0.737569
0.743077
0.747993
0.752341
0.756073
0.759379
0.762421
0.765089
0.767415
0.769433
0.771163
0.772624
0.773835
0.77481
0.77556
0.776096
0.77643
0.776566
0.776534
0.77633
0.77597
0.775476
0.774873
0.774198
0.773491
0.772798
0.772161
0.771608
0.771156
0.770805
0.770544
0.770359
0.770231
0.770146
0.77009
0.770055
0.770033
0.77002
0.770012
0.770007
0.770004
0.770002
0.770001
0.770001
0.77
0.77
0.77
0.77
2.1278e-07
1.12553e-06
2.97283e-06
6.55146e-06
1.32766e-05
2.56435e-05
4.80125e-05
8.7929e-05
0.000158311
0.000281009
0.00049247
0.00085249
0.00145725
0.00245713
0.00406619
0.00659045
0.0104376
0.0161125
0.0241833
0.0352122
0.0496592
0.0677871
0.0896013
0.114848
0.143064
0.173656
0.205974
0.239379
0.273277
0.30715
0.340558
0.373143
0.404627
0.4348
0.463514
0.490674
0.516226
0.540153
0.562463
0.583185
0.602365
0.620062
0.636342
0.651277
0.664944
0.677418
0.688776
0.699093
0.708444
0.716897
0.724522
0.731382
0.737539
0.74305
0.747969
0.75232
0.756054
0.759362
0.762407
0.765075
0.767404
0.769423
0.771154
0.772618
0.77383
0.774806
0.775557
0.776095
0.776429
0.776567
0.776536
0.776333
0.775974
0.77548
0.774878
0.774203
0.773496
0.772803
0.772165
0.771612
0.771159
0.770807
0.770546
0.77036
0.770232
0.770146
0.770091
0.770055
0.770033
0.77002
0.770012
0.770007
0.770004
0.770002
0.770001
0.770001
0.77
0.77
0.77
0.77
2.12754e-07
1.12536e-06
2.9722e-06
6.54946e-06
1.32711e-05
2.56296e-05
4.79799e-05
8.78566e-05
0.000158158
0.000280696
0.000491855
0.000851316
0.00145508
0.00245324
0.00405949
0.0065793
0.0104198
0.0160852
0.0241431
0.0351558
0.0495839
0.067691
0.089484
0.11471
0.142908
0.173484
0.20579
0.239184
0.273076
0.306944
0.34035
0.372936
0.404422
0.434598
0.463317
0.490483
0.516042
0.539976
0.562293
0.583023
0.602212
0.619917
0.636205
0.651148
0.664823
0.677305
0.688671
0.698996
0.708354
0.716814
0.724446
0.731313
0.737475
0.742992
0.747916
0.752275
0.756015
0.759327
0.762375
0.765048
0.76738
0.769402
0.771136
0.772603
0.773818
0.774797
0.775551
0.776092
0.776429
0.776569
0.77654
0.776339
0.775982
0.77549
0.774889
0.774214
0.773507
0.772813
0.772173
0.771619
0.771164
0.770811
0.770548
0.770361
0.770233
0.770147
0.770091
0.770056
0.770034
0.77002
0.770012
0.770007
0.770004
0.770002
0.770001
0.770001
0.77
0.77
0.77
0.77
2.12706e-07
1.12507e-06
2.97114e-06
6.5462e-06
1.32622e-05
2.56074e-05
4.79281e-05
8.77423e-05
0.000157916
0.000280207
0.000490893
0.000849485
0.00145169
0.00244721
0.00404909
0.00656203
0.0103922
0.0160429
0.0240811
0.035069
0.0494679
0.0675432
0.0893037
0.114499
0.142669
0.173221
0.205507
0.238886
0.272768
0.306631
0.340034
0.37262
0.404109
0.434291
0.463018
0.490192
0.515762
0.539706
0.562035
0.582777
0.601978
0.619695
0.635996
0.650952
0.664639
0.677133
0.688511
0.698848
0.708216
0.716688
0.72433
0.731206
0.737378
0.742903
0.747836
0.752207
0.755953
0.759272
0.762326
0.765005
0.767342
0.769369
0.771109
0.77258
0.7738
0.774783
0.775542
0.776087
0.776428
0.776571
0.776546
0.776348
0.775994
0.775504
0.774904
0.77423
0.773523
0.772828
0.772186
0.771629
0.771172
0.770817
0.770553
0.770364
0.770235
0.770148
0.770092
0.770056
0.770034
0.77002
0.770012
0.770007
0.770004
0.770002
0.770001
0.770001
0.77
0.77
0.77
0.77
2.12643e-07
1.12467e-06
2.96969e-06
6.54175e-06
1.32501e-05
2.55772e-05
4.78579e-05
8.75876e-05
0.00015759
0.000279546
0.000489596
0.000847019
0.00144714
0.0024391
0.00403513
0.00653887
0.0103552
0.0159862
0.023998
0.0349527
0.0493127
0.0673454
0.0890624
0.114216
0.142348
0.172868
0.205128
0.238489
0.272357
0.306211
0.339611
0.372198
0.403692
0.433881
0.462618
0.489804
0.515386
0.539346
0.56169
0.582448
0.601664
0.619398
0.635716
0.650688
0.664392
0.676902
0.688295
0.698647
0.708031
0.716517
0.724172
0.731062
0.737246
0.742784
0.747727
0.752114
0.75587
0.759197
0.76226
0.764946
0.767291
0.769325
0.771071
0.772549
0.773775
0.774764
0.775529
0.776079
0.776426
0.776574
0.776553
0.77636
0.77601
0.775523
0.774925
0.774252
0.773545
0.772848
0.772204
0.771644
0.771183
0.770825
0.770558
0.770368
0.770237
0.77015
0.770093
0.770057
0.770034
0.77002
0.770012
0.770007
0.770004
0.770002
0.770001
0.770001
0.77
0.77
0.77
0.77
2.12564e-07
1.12418e-06
2.9679e-06
6.53621e-06
1.32349e-05
2.55394e-05
4.77699e-05
8.73936e-05
0.000157182
0.000278716
0.00048797
0.000843929
0.00144144
0.00242894
0.00401767
0.00650991
0.010309
0.0159154
0.0238942
0.0348074
0.0491188
0.0670983
0.0887611
0.113863
0.141948
0.172428
0.204656
0.237992
0.271844
0.305688
0.339084
0.371672
0.403172
0.43337
0.462119
0.489319
0.514918
0.538895
0.561258
0.582035
0.601272
0.619027
0.635364
0.650357
0.664081
0.676611
0.688024
0.698395
0.707797
0.7163
0.723973
0.730879
0.737079
0.742631
0.747589
0.751994
0.755763
0.759102
0.762175
0.764871
0.767225
0.769268
0.771023
0.772509
0.773743
0.77474
0.775511
0.776069
0.776422
0.776577
0.776562
0.776374
0.776029
0.775546
0.774952
0.77428
0.773572
0.772873
0.772226
0.771662
0.771197
0.770835
0.770566
0.770373
0.77024
0.770152
0.770094
0.770057
0.770035
0.770021
0.770012
0.770007
0.770004
0.770002
0.770001
0.770001
0.77
0.77
0.77
0.77
2.12474e-07
1.12361e-06
2.96579e-06
6.52964e-06
1.32169e-05
2.54943e-05
4.76645e-05
8.71609e-05
0.000156691
0.000277721
0.000486018
0.00084022
0.0014346
0.00241677
0.00399675
0.00647524
0.0102537
0.0158307
0.0237702
0.0346339
0.0488873
0.0668034
0.0884015
0.113441
0.141471
0.171904
0.204093
0.237401
0.271232
0.305064
0.338456
0.371046
0.402551
0.432761
0.461523
0.488741
0.514358
0.538356
0.560741
0.581541
0.600802
0.61858
0.634942
0.649959
0.663706
0.676259
0.687695
0.698089
0.707513
0.716038
0.723731
0.730657
0.736875
0.742445
0.747419
0.751847
0.75563
0.758983
0.76207
0.764778
0.767144
0.769197
0.770962
0.772458
0.773702
0.774708
0.775489
0.776056
0.776417
0.776579
0.776572
0.776391
0.776052
0.775574
0.774983
0.774313
0.773605
0.772904
0.772253
0.771684
0.771214
0.770848
0.770574
0.770379
0.770244
0.770154
0.770096
0.770058
0.770035
0.770021
0.770012
0.770007
0.770004
0.770002
0.770001
0.770001
0.77
0.77
0.77
0.77
2.12376e-07
1.12298e-06
2.96341e-06
6.52212e-06
1.3196e-05
2.54418e-05
4.75417e-05
8.68893e-05
0.000156118
0.000276558
0.000483739
0.000835892
0.00142662
0.00240258
0.0039724
0.00643491
0.0101894
0.0157324
0.0236263
0.0344327
0.0486189
0.0664618
0.0879852
0.112954
0.140919
0.171297
0.203443
0.236717
0.270526
0.304345
0.337731
0.370322
0.401835
0.432057
0.460835
0.488072
0.513711
0.537732
0.560142
0.580968
0.600255
0.61806
0.634449
0.649493
0.663267
0.675847
0.687309
0.697729
0.707178
0.715727
0.723444
0.730393
0.736634
0.742225
0.747219
0.751668
0.755469
0.75884
0.761942
0.764665
0.767045
0.769111
0.770889
0.772397
0.773652
0.77467
0.775461
0.776038
0.77641
0.776581
0.776583
0.77641
0.776079
0.775607
0.77502
0.774352
0.773644
0.77294
0.772285
0.77171
0.771235
0.770863
0.770585
0.770386
0.770249
0.770157
0.770097
0.77006
0.770036
0.770021
0.770013
0.770007
0.770004
0.770002
0.770001
0.770001
0.77
0.77
0.77
0.77
2.12271e-07
1.12229e-06
2.96077e-06
6.51364e-06
1.31724e-05
2.53819e-05
4.74011e-05
8.65779e-05
0.00015546
0.000275224
0.000481127
0.000830935
0.00141749
0.00238637
0.00394461
0.00638895
0.0101163
0.0156207
0.0234629
0.0342045
0.0483149
0.066075
0.0875142
0.112403
0.140296
0.170613
0.20271
0.235947
0.269731
0.303535
0.336915
0.369508
0.401029
0.431264
0.46006
0.487318
0.51298
0.537027
0.559464
0.580318
0.599634
0.617469
0.633887
0.648961
0.662765
0.675374
0.686866
0.697314
0.706791
0.715368
0.723111
0.730086
0.736352
0.741967
0.746985
0.751456
0.75528
0.75867
0.761791
0.764532
0.766927
0.769009
0.770801
0.772323
0.773592
0.774622
0.775427
0.776016
0.7764
0.776582
0.776593
0.776431
0.776109
0.775644
0.775062
0.774397
0.773689
0.772983
0.772322
0.771741
0.771259
0.77088
0.770597
0.770395
0.770254
0.770161
0.7701
0.770061
0.770037
0.770022
0.770013
0.770007
0.770004
0.770002
0.770001
0.770001
0.77
0.77
0.77
0.77
2.12161e-07
1.12153e-06
2.95779e-06
6.50406e-06
1.31454e-05
2.53137e-05
4.72407e-05
8.62231e-05
0.000154712
0.000273707
0.000478161
0.000825319
0.00140717
0.00236809
0.00391332
0.00633732
0.0100343
0.0154956
0.0232802
0.0339498
0.047976
0.0656445
0.0869907
0.111791
0.139605
0.169855
0.201899
0.235097
0.268853
0.302641
0.336015
0.368611
0.400141
0.430391
0.459206
0.486486
0.512174
0.536247
0.558713
0.579597
0.598944
0.61681
0.63326
0.648365
0.662201
0.674842
0.686365
0.696844
0.706351
0.714958
0.722731
0.729734
0.736028
0.74167
0.746714
0.751211
0.755059
0.758473
0.761615
0.764375
0.766789
0.768888
0.770697
0.772235
0.773519
0.774565
0.775384
0.775988
0.776385
0.776581
0.776603
0.776454
0.776141
0.775685
0.77511
0.774448
0.77374
0.77303
0.772364
0.771776
0.771286
0.770901
0.770612
0.770404
0.770261
0.770165
0.770102
0.770062
0.770038
0.770022
0.770013
0.770008
0.770004
0.770002
0.770001
0.770001
0.77
0.77
0.77
0.77
2.1204e-07
1.12067e-06
2.95437e-06
6.49303e-06
1.31146e-05
2.52355e-05
4.70575e-05
8.58185e-05
0.000153861
0.000271986
0.000474805
0.00081898
0.00139555
0.00234755
0.0038783
0.0062797
0.00994299
0.0153568
0.0230781
0.0336686
0.0476028
0.0651714
0.0864167
0.111121
0.138851
0.16903
0.201017
0.234174
0.267902
0.301674
0.335043
0.367642
0.399182
0.429447
0.458282
0.485586
0.5113
0.535402
0.557897
0.578812
0.59819
0.616088
0.632571
0.64771
0.661579
0.674253
0.685808
0.696319
0.705859
0.714498
0.722302
0.729335
0.735659
0.74133
0.746403
0.750927
0.754809
0.758248
0.761413
0.764194
0.766628
0.768746
0.770574
0.77213
0.773433
0.774496
0.775332
0.775952
0.776365
0.776577
0.776612
0.776477
0.776176
0.77573
0.775162
0.774504
0.773797
0.773084
0.772412
0.771815
0.771317
0.770923
0.770628
0.770415
0.770268
0.770169
0.770105
0.770064
0.770039
0.770023
0.770013
0.770008
0.770004
0.770002
0.770001
0.770001
0.77
0.77
0.77
0.77
2.11886e-07
1.11961e-06
2.95028e-06
6.48006e-06
1.30786e-05
2.51451e-05
4.68463e-05
8.53502e-05
0.000152888
0.000270032
0.00047101
0.000811843
0.00138254
0.00232459
0.00383934
0.00621587
0.00984226
0.0152041
0.0228565
0.0333613
0.047196
0.0646574
0.0857947
0.110398
0.138038
0.168143
0.200073
0.233187
0.266888
0.300646
0.334011
0.366614
0.398166
0.428448
0.457304
0.484632
0.510372
0.534503
0.557028
0.577973
0.597384
0.615314
0.63183
0.647001
0.660903
0.67361
0.685199
0.695744
0.705317
0.713988
0.721824
0.728889
0.735244
0.740945
0.746046
0.750597
0.754535
0.757997
0.761183
0.763986
0.766442
0.768581
0.77043
0.772007
0.773329
0.774412
0.775268
0.775907
0.776339
0.776569
0.776619
0.776499
0.776212
0.775778
0.775218
0.774566
0.773859
0.773144
0.772465
0.771859
0.771352
0.770949
0.770646
0.770427
0.770276
0.770174
0.770108
0.770066
0.77004
0.770024
0.770014
0.770008
0.770005
0.770003
0.770001
0.770001
0.77
0.77
0.77
0.77
2.11667e-07
1.11817e-06
2.94501e-06
6.46397e-06
1.30349e-05
2.50368e-05
4.65959e-05
8.48101e-05
0.000151753
0.000267778
0.000466659
0.000803707
0.00136779
0.00229866
0.0037956
0.00614458
0.00973035
0.0150354
0.022613
0.0330254
0.0467537
0.0641013
0.0851254
0.109623
0.137172
0.167202
0.199075
0.23215
0.265827
0.299573
0.332936
0.365546
0.397111
0.427412
0.45629
0.483643
0.50941
0.533568
0.556121
0.577097
0.596537
0.614499
0.631046
0.646249
0.660183
0.672922
0.684544
0.695121
0.704727
0.713431
0.721301
0.728399
0.734786
0.740518
0.74565
0.750231
0.754228
0.757714
0.760918
0.763743
0.766223
0.768387
0.77026
0.771861
0.773207
0.774313
0.775191
0.775852
0.776305
0.776556
0.776623
0.776521
0.776249
0.775828
0.775279
0.774632
0.773927
0.773209
0.772523
0.771908
0.77139
0.770977
0.770666
0.770441
0.770284
0.77018
0.770111
0.770068
0.770041
0.770024
0.770014
0.770008
0.770005
0.770003
0.770001
0.770001
0.77
0.77
0.77
0.77
2.11329e-07
1.11608e-06
2.93784e-06
6.4431e-06
1.29801e-05
2.49043e-05
4.62973e-05
8.41705e-05
0.000150428
0.000265154
0.000461654
0.000794435
0.00135112
0.00226954
0.00374688
0.00606578
0.00960752
0.0148514
0.0223487
0.0326626
0.0462783
0.0635063
0.0844127
0.108803
0.13626
0.166217
0.198037
0.231076
0.264733
0.298472
0.331839
0.36446
0.396042
0.426363
0.455265
0.482642
0.508435
0.532619
0.5552
0.576203
0.595671
0.61366
0.630235
0.645468
0.659431
0.672201
0.683852
0.694461
0.704099
0.712835
0.720737
0.727868
0.734288
0.740055
0.745221
0.749838
0.753903
0.757435
0.760573
0.763446
0.765964
0.76816
0.770063
0.771692
0.773065
0.774197
0.7751
0.775785
0.776261
0.776536
0.776623
0.77654
0.776286
0.77588
0.775342
0.774703
0.774
0.773279
0.772585
0.77196
0.771431
0.771008
0.770687
0.770455
0.770294
0.770185
0.770115
0.77007
0.770042
0.770025
0.770015
0.770008
0.770005
0.770003
0.770001
0.770001
0.77
0.77
0.77
0.77
2.10782e-07
1.11284e-06
2.92748e-06
6.41465e-06
1.29087e-05
2.47365e-05
4.59242e-05
8.33797e-05
0.000148844
0.000262026
0.000455701
0.000783465
0.00133149
0.00223542
0.00369014
0.00597468
0.00946664
0.0146422
0.0220513
0.0322588
0.0457553
0.0628596
0.0836473
0.107932
0.135303
0.165195
0.196971
0.229985
0.263631
0.297373
0.33075
0.363388
0.394991
0.425335
0.454261
0.481662
0.507479
0.531688
0.554292
0.575318
0.59481
0.612823
0.629422
0.644678
0.658666
0.671462
0.68314
0.693776
0.703442
0.712208
0.72014
0.727302
0.733754
0.739553
0.744751
0.749398
0.753518
0.757074
0.760236
0.763138
0.765685
0.767911
0.769843
0.771502
0.772903
0.774063
0.774994
0.775706
0.776208
0.776509
0.776618
0.776556
0.776321
0.775931
0.775407
0.774776
0.774076
0.773352
0.772652
0.772016
0.771474
0.77104
0.77071
0.77047
0.770303
0.770191
0.770118
0.770072
0.770043
0.770026
0.770015
0.770009
0.770005
0.770003
0.770001
0.770001
0.77
0.77
0.77
0.77
2.09879e-07
1.10771e-06
2.91192e-06
6.3741e-06
1.28114e-05
2.45174e-05
4.5453e-05
8.2402e-05
0.0001469
0.000258297
0.000448736
0.000770825
0.00130919
0.00219714
0.00362735
0.00587512
0.00931439
0.0144183
0.0217355
0.0318328
0.0452066
0.0621847
0.0828531
0.107035
0.134324
0.164159
0.195901
0.2289
0.262549
0.296303
0.329701
0.362364
0.393994
0.424365
0.453316
0.480742
0.506582
0.530811
0.553435
0.574479
0.593988
0.612018
0.628634
0.643909
0.657915
0.670731
0.68243
0.693088
0.702778
0.711568
0.719527
0.726716
0.733197
0.739026
0.744255
0.748934
0.753106
0.756696
0.759881
0.762811
0.765388
0.767643
0.769604
0.771292
0.772723
0.773913
0.774873
0.775614
0.776144
0.776473
0.776606
0.776567
0.776354
0.775982
0.775472
0.774851
0.774155
0.773429
0.772721
0.772074
0.77152
0.771073
0.770733
0.770485
0.770313
0.770197
0.770122
0.770074
0.770045
0.770027
0.770016
0.770009
0.770005
0.770003
0.770002
0.770001
0.77
0.77
0.77
0.77
2.08434e-07
1.09969e-06
2.88869e-06
6.31665e-06
1.26799e-05
2.42278e-05
4.48372e-05
8.11446e-05
0.000144392
0.000253472
0.000439738
0.000754525
0.00128048
0.00214798
0.00354697
0.0057484
0.00912218
0.0141387
0.0213467
0.0313172
0.0445558
0.0614024
0.0819555
0.106047
0.133277
0.163082
0.194818
0.227833
0.261509
0.295299
0.328736
0.361438
0.393103
0.423507
0.452486
0.479936
0.505794
0.530039
0.552676
0.573731
0.593249
0.611288
0.627913
0.643197
0.657214
0.67004
0.681753
0.692426
0.702133
0.710942
0.718921
0.726134
0.732639
0.738494
0.743752
0.748461
0.752669
0.756299
0.759523
0.762475
0.765077
0.76736
0.769349
0.771067
0.772528
0.773749
0.774739
0.77551
0.776071
0.776428
0.776587
0.776573
0.776382
0.776031
0.775536
0.774925
0.774233
0.773505
0.772789
0.772131
0.771564
0.771105
0.770754
0.770499
0.770322
0.770203
0.770125
0.770076
0.770046
0.770027
0.770016
0.770009
0.770005
0.770003
0.770002
0.770001
0.77
0.77
0.77
0.77
2.06369e-07
1.08848e-06
2.85717e-06
6.24011e-06
1.25043e-05
2.38466e-05
4.40494e-05
7.95692e-05
0.000141358
0.000247803
0.000429438
0.000736297
0.00124903
0.00209506
0.00346199
0.00561664
0.00892557
0.0138572
0.0209613
0.0308139
0.0439292
0.0606588
0.0811124
0.10513
0.132316
0.162105
0.19385
0.226892
0.260609
0.294445
0.327929
0.360676
0.392382
0.422819
0.451825
0.479295
0.505168
0.529422
0.552064
0.573121
0.592639
0.610677
0.627302
0.642585
0.656604
0.669433
0.681151
0.691831
0.701547
0.710368
0.718361
0.72559
0.732113
0.737988
0.743267
0.748
0.752232
0.755897
0.75915
0.762132
0.764762
0.767073
0.76909
0.770837
0.772328
0.773578
0.774599
0.7754
0.77599
0.776377
0.776562
0.776572
0.776408
0.776076
0.775598
0.774998
0.774312
0.773582
0.772859
0.772189
0.771609
0.771137
0.770776
0.770513
0.77033
0.770207
0.770128
0.770078
0.770047
0.770028
0.770016
0.770009
0.770005
0.770003
0.770002
0.770001
0.77
0.77
0.77
0.77
2.03715e-07
1.07376e-06
2.81454e-06
6.13442e-06
1.22622e-05
2.33188e-05
4.2943e-05
7.73403e-05
0.000137019
0.000239629
0.000414509
0.000709826
0.00120343
0.00201864
0.00334007
0.00542894
0.00864725
0.0134609
0.0204217
0.0301138
0.0430664
0.0596504
0.0799942
0.103951
0.131127
0.160955
0.192775
0.225914
0.259737
0.293678
0.32726
0.360089
0.391863
0.42235
0.451392
0.478883
0.504767
0.529022
0.551659
0.572707
0.592215
0.610241
0.626854
0.642128
0.656139
0.668963
0.680677
0.691357
0.701075
0.709901
0.717902
0.72514
0.731675
0.737562
0.742855
0.747603
0.751849
0.755563
0.758835
0.761835
0.764485
0.766817
0.768857
0.770627
0.772143
0.77342
0.774467
0.775295
0.775912
0.776325
0.776536
0.776569
0.776428
0.776116
0.775652
0.775062
0.774378
0.773645
0.772913
0.772232
0.771639
0.771157
0.770788
0.770519
0.770333
0.770209
0.770128
0.770078
0.770047
0.770028
0.770016
0.770009
0.770005
0.770003
0.770002
0.770001
0.77
0.77
0.77
0.77
2.00917e-07
1.05868e-06
2.77209e-06
6.03031e-06
1.20218e-05
2.27861e-05
4.18035e-05
7.4981e-05
0.000132285
0.000230416
0.000397125
0.000678025
0.00114706
0.00192195
0.00318278
0.00518443
0.00828491
0.0129511
0.0197434
0.0292641
0.0420673
0.0585488
0.0788536
0.102838
0.1301
0.160051
0.192014
0.225296
0.259251
0.293306
0.326977
0.359874
0.391692
0.422207
0.451259
0.47875
0.504623
0.528863
0.551481
0.57251
0.591998
0.610007
0.626604
0.641864
0.655864
0.668679
0.680388
0.691065
0.700782
0.70961
0.717613
0.724856
0.731397
0.737292
0.742594
0.74735
0.751606
0.755348
0.758632
0.761639
0.7643
0.766644
0.768698
0.770484
0.772016
0.773309
0.774373
0.775219
0.775854
0.776286
0.776518
0.776568
0.776446
0.776151
0.775702
0.775123
0.774445
0.773711
0.772971
0.772278
0.771672
0.771177
0.770798
0.770524
0.770335
0.770209
0.770128
0.770078
0.770047
0.770028
0.770016
0.770009
0.770005
0.770003
0.770002
0.770001
0.77
0.77
0.77
0.77
)
;

boundaryField
{
    fuel
    {
        type            fixedValue;
        value           uniform 0;
    }
    air
    {
        type            fixedValue;
        value           uniform 0.77;
    }
    outlet
    {
        type            inletOutlet;
        inletValue      uniform 1;
        value           nonuniform List<scalar> 
200
(
2.00212e-07
1.05489e-06
2.76192e-06
6.00763e-06
1.19755e-05
2.26963e-05
4.1635e-05
7.46722e-05
0.000131728
0.000229427
0.000395387
0.000675003
0.00114186
0.00191311
0.00316811
0.00516064
0.00824733
0.0128935
0.0196583
0.0291432
0.041903
0.0583352
0.0785881
0.102522
0.129736
0.159648
0.191579
0.22484
0.258781
0.292831
0.326504
0.359409
0.391242
0.421774
0.450848
0.478361
0.504258
0.528523
0.551165
0.572218
0.591729
0.60976
0.626378
0.641657
0.655674
0.668507
0.680231
0.690922
0.700652
0.70949
0.717504
0.724756
0.731306
0.737209
0.742518
0.747281
0.751544
0.755294
0.75858
0.761581
0.764245
0.766595
0.768654
0.770445
0.771982
0.773278
0.774347
0.775196
0.775835
0.77627
0.776505
0.776558
0.776438
0.776146
0.775701
0.775124
0.774448
0.773715
0.772976
0.772282
0.771676
0.77118
0.770801
0.770526
0.770336
0.770209
0.770129
0.770078
0.770047
0.770028
0.770016
0.770009
0.770005
0.770003
0.770002
0.770001
0.77
0.77
0.77
0.77
2.00917e-07
1.05868e-06
2.77209e-06
6.03031e-06
1.20218e-05
2.27861e-05
4.18035e-05
7.4981e-05
0.000132285
0.000230416
0.000397125
0.000678025
0.00114706
0.00192195
0.00318278
0.00518443
0.00828491
0.0129511
0.0197434
0.0292641
0.0420673
0.0585488
0.0788536
0.102838
0.1301
0.160051
0.192014
0.225296
0.259251
0.293306
0.326977
0.359874
0.391692
0.422207
0.451259
0.47875
0.504623
0.528863
0.551481
0.57251
0.591998
0.610007
0.626604
0.641864
0.655864
0.668679
0.680388
0.691065
0.700782
0.70961
0.717613
0.724856
0.731397
0.737292
0.742594
0.74735
0.751606
0.755348
0.758632
0.761639
0.7643
0.766644
0.768698
0.770484
0.772016
0.773309
0.774373
0.775219
0.775854
0.776286
0.776518
0.776568
0.776446
0.776151
0.775702
0.775123
0.774445
0.773711
0.772971
0.772278
0.771672
0.771177
0.770798
0.770524
0.770335
0.770209
0.770128
0.770078
0.770047
0.770028
0.770016
0.770009
0.770005
0.770003
0.770002
0.770001
0.77
0.77
0.77
0.77
)
;
    }
    frontAndBack
    {
        type            empty;
    }
}


// ************************************************************************* //
