/*--------------------------------*- C++ -*----------------------------------*\
  =========                 |
  \\      /  F ield         | OpenFOAM: The Open Source CFD Toolbox
   \\    /   O peration     | Website:  https://openfoam.org
    \\  /    A nd           | Version:  11
     \\/     M anipulation  |
\*---------------------------------------------------------------------------*/
FoamFile
{
    format      ascii;
    class       volScalarField;
    location    "0.1";
    object      O2;
}
// * * * * * * * * * * * * * * * * * * * * * * * * * * * * * * * * * * * * * //

dimensions      [0 0 0 0 0 0 0];

internalField   nonuniform List<scalar> 
4000
(
6.00148e-13
3.19322e-12
8.53963e-12
1.91783e-11
3.98722e-11
7.95429e-11
1.54851e-10
2.9678e-10
5.62646e-10
1.05774e-09
1.97378e-09
3.65583e-09
6.71599e-09
1.22198e-08
2.19574e-08
3.87366e-08
6.6888e-08
1.1267e-07
1.8449e-07
2.92656e-07
4.48421e-07
6.62358e-07
9.42471e-07
1.29271e-06
1.7124e-06
2.19662e-06
2.73729e-06
3.32434e-06
3.94688e-06
4.59399e-06
5.25526e-06
5.921e-06
6.58226e-06
7.23067e-06
7.85839e-06
8.45828e-06
9.02488e-06
9.55639e-06
1.00581e-05
1.05475e-05
1.10601e-05
1.16571e-05
1.24336e-05
1.35298e-05
1.51498e-05
1.75941e-05
2.13165e-05
2.70179e-05
3.5789e-05
4.93143e-05
7.17345e-05
0.000109664
0.000176216
0.00029438
0.000504859
0.000878813
0.0015399
0.00268695
0.00466256
0.00819986
0.0143638
0.0251584
0.04084
0.0583949
0.076246
0.0935811
0.110007
0.125348
0.139538
0.152548
0.164159
0.174498
0.184245
0.193202
0.20106
0.207823
0.213502
0.218125
0.221748
0.224465
0.226411
0.227743
0.228616
0.229169
0.229509
0.229714
0.229834
0.229904
0.229945
0.229968
0.229982
0.22999
0.229994
0.229997
0.229998
0.229999
0.23
0.23
0.23
0.23
6.05311e-13
3.22164e-12
8.62536e-12
1.94128e-11
4.04873e-11
8.1088e-11
1.58571e-10
3.05381e-10
5.81796e-10
1.09889e-09
2.05921e-09
3.82731e-09
7.0487e-09
1.28433e-08
2.3061e-08
4.05994e-08
6.98807e-08
1.17229e-07
1.91049e-07
3.01539e-07
4.59731e-07
6.75919e-07
9.57872e-07
1.30945e-06
1.73004e-06
2.21496e-06
2.75639e-06
3.34455e-06
3.96877e-06
4.61827e-06
5.28273e-06
5.95249e-06
6.61854e-06
7.27247e-06
7.90631e-06
8.51281e-06
9.08642e-06
9.6254e-06
1.01354e-05
1.06345e-05
1.11598e-05
1.17748e-05
1.25783e-05
1.37161e-05
1.54007e-05
1.79462e-05
2.18284e-05
2.7784e-05
3.69604e-05
5.11288e-05
7.48028e-05
0.000114862
0.0001853
0.000310567
0.000533799
0.000930374
0.00163141
0.00284264
0.00493587
0.00868751
0.0152272
0.0266893
0.0426835
0.0603638
0.0782365
0.0955376
0.111899
0.127158
0.141255
0.154162
0.165571
0.175815
0.185543
0.19437
0.202072
0.208668
0.214177
0.218635
0.222108
0.224701
0.226553
0.22782
0.228655
0.229186
0.229516
0.229716
0.229835
0.229904
0.229945
0.229968
0.229982
0.22999
0.229994
0.229997
0.229998
0.229999
0.23
0.23
0.23
0.23
6.08324e-13
3.2408e-12
8.69297e-12
1.96116e-11
4.10228e-11
8.24525e-11
1.61864e-10
3.12912e-10
5.98284e-10
1.13361e-09
2.12978e-09
3.96615e-09
7.31344e-09
1.33331e-08
2.39198e-08
4.20504e-08
7.22375e-08
1.20897e-07
1.965e-07
3.09244e-07
4.70071e-07
6.89095e-07
9.7387e-07
1.32808e-06
1.75105e-06
2.23815e-06
2.78176e-06
3.37232e-06
3.99941e-06
4.65249e-06
5.32141e-06
5.99661e-06
6.66915e-06
7.33057e-06
7.97281e-06
8.58852e-06
9.17207e-06
9.72183e-06
1.02439e-05
1.07577e-05
1.13025e-05
1.19454e-05
1.27909e-05
1.39937e-05
1.57799e-05
1.84855e-05
2.26223e-05
2.89857e-05
3.88166e-05
5.40317e-05
7.9737e-05
0.000123276
0.000199996
0.000336621
0.000580104
0.00101242
0.00177778
0.00308691
0.00536139
0.00943785
0.0165434
0.0289912
0.0454395
0.0632837
0.0811548
0.0983641
0.114583
0.129669
0.143576
0.15628
0.167352
0.177463
0.187107
0.195702
0.20317
0.20954
0.214839
0.219111
0.22243
0.224905
0.226674
0.227888
0.22869
0.229204
0.229524
0.229719
0.229836
0.229905
0.229945
0.229968
0.229982
0.22999
0.229994
0.229997
0.229998
0.229999
0.23
0.23
0.23
0.23
6.0737e-13
3.23735e-12
8.69539e-12
1.96657e-11
4.12468e-11
8.30965e-11
1.63559e-10
3.17094e-10
6.07847e-10
1.15439e-09
2.17308e-09
4.05316e-09
7.48269e-09
1.36524e-08
2.44895e-08
4.30284e-08
7.38487e-08
1.23437e-07
2.00324e-07
3.14733e-07
4.77584e-07
6.98924e-07
9.8622e-07
1.34308e-06
1.7688e-06
2.25881e-06
2.80556e-06
3.39964e-06
4.0308e-06
4.68865e-06
5.36317e-06
6.04492e-06
6.72499e-06
7.3949e-06
8.04653e-06
8.67243e-06
9.26693e-06
9.82858e-06
1.03642e-05
1.08944e-05
1.14612e-05
1.2136e-05
1.30301e-05
1.43081e-05
1.62122e-05
1.9104e-05
2.35375e-05
3.03765e-05
4.09727e-05
5.74158e-05
8.54411e-05
0.000133452
0.000217898
0.000368195
0.00063574
0.00111169
0.00195329
0.00338503
0.00587111
0.0103152
0.018059
0.0315913
0.0485194
0.0665153
0.0843552
0.101433
0.117465
0.13233
0.145993
0.158424
0.169181
0.179303
0.188716
0.197037
0.204266
0.210418
0.215517
0.219613
0.222784
0.225142
0.226825
0.227979
0.228743
0.229233
0.22954
0.229727
0.22984
0.229907
0.229946
0.229969
0.229982
0.22999
0.229994
0.229997
0.229998
0.229999
0.23
0.23
0.23
0.23
6.04304e-13
3.22273e-12
8.66568e-12
1.96285e-11
4.12664e-11
8.34148e-11
1.64618e-10
3.20046e-10
6.15243e-10
1.17152e-09
2.2105e-09
4.13118e-09
7.63897e-09
1.3954e-08
2.50398e-08
4.3992e-08
7.54651e-08
1.26029e-07
2.04287e-07
3.20499e-07
4.85567e-07
7.09463e-07
9.99543e-07
1.35932e-06
1.78805e-06
2.28119e-06
2.83127e-06
3.42904e-06
4.06438e-06
4.72707e-06
5.40722e-06
6.09547e-06
6.78298e-06
7.46125e-06
8.12208e-06
8.75793e-06
9.36313e-06
9.93643e-06
1.04853e-05
1.1032e-05
1.16212e-05
1.23289e-05
1.32729e-05
1.46282e-05
1.66531e-05
1.97339e-05
2.44645e-05
3.17712e-05
4.30988e-05
6.0969e-05
9.14781e-05
0.000144431
0.000237489
0.000403125
0.000698618
0.00122313
0.00214759
0.00371449
0.00642503
0.011291
0.0197384
0.0342823
0.0516365
0.0697427
0.0875231
0.10445
0.12028
0.134916
0.148334
0.16051
0.171032
0.180938
0.190145
0.198253
0.205274
0.211226
0.216142
0.220075
0.22311
0.225361
0.226965
0.228065
0.228793
0.229262
0.229556
0.229736
0.229845
0.22991
0.229947
0.22997
0.229983
0.22999
0.229994
0.229997
0.229998
0.229999
0.23
0.23
0.23
0.23
5.99664e-13
3.19976e-12
8.61372e-12
1.95422e-11
4.11652e-11
8.33914e-11
1.65075e-10
3.2163e-10
6.19874e-10
1.18297e-09
2.2366e-09
4.1872e-09
7.75356e-09
1.41791e-08
2.54567e-08
4.47335e-08
7.67304e-08
1.28097e-07
2.07514e-07
3.25305e-07
4.9239e-07
7.1871e-07
1.01155e-06
1.37435e-06
1.80631e-06
2.30286e-06
2.8566e-06
3.45834e-06
4.09808e-06
4.76572e-06
5.45147e-06
6.14607e-06
6.84069e-06
7.52682e-06
8.19622e-06
8.84129e-06
9.45639e-06
1.00406e-05
1.06021e-05
1.1165e-05
1.17767e-05
1.25178e-05
1.35132e-05
1.49486e-05
1.70984e-05
2.0375e-05
2.54139e-05
3.32065e-05
4.52956e-05
6.47646e-05
9.79774e-05
0.000156075
0.000258986
0.000442694
0.000770274
0.00135097
0.00236823
0.00409574
0.00709574
0.0124647
0.0217938
0.0370557
0.0546883
0.0728303
0.0905158
0.107277
0.122903
0.137314
0.15049
0.162405
0.172705
0.182427
0.191444
0.199362
0.206196
0.211968
0.216717
0.220504
0.223416
0.22557
0.227101
0.22815
0.228845
0.229292
0.229573
0.229746
0.22985
0.229912
0.229949
0.229971
0.229983
0.22999
0.229995
0.229997
0.229998
0.229999
0.23
0.23
0.23
0.23
5.94215e-13
3.17243e-12
8.54977e-12
1.94279e-11
4.10037e-11
8.32435e-11
1.65152e-10
3.22677e-10
6.23255e-10
1.19202e-09
2.25827e-09
4.23528e-09
7.8544e-09
1.43809e-08
2.58374e-08
4.54211e-08
7.79183e-08
1.30057e-07
2.10597e-07
3.29923e-07
4.98976e-07
7.27671e-07
1.02323e-06
1.38902e-06
1.82419e-06
2.32415e-06
2.88153e-06
3.48721e-06
4.13126e-06
4.80367e-06
5.49475e-06
6.19527e-06
6.89644e-06
7.58973e-06
8.26685e-06
8.92017e-06
9.54416e-06
1.01383e-05
1.07118e-05
1.12904e-05
1.19249e-05
1.27007e-05
1.375e-05
1.52697e-05
1.75516e-05
2.10369e-05
2.64067e-05
3.47261e-05
4.76514e-05
6.88429e-05
0.00010499
0.000168602
0.000281895
0.00048452
0.00084587
0.00148651
0.00260272
0.00451129
0.00782334
0.0137549
0.0240877
0.0398055
0.0575877
0.0757032
0.0932689
0.109861
0.125294
0.1395
0.152458
0.164089
0.174161
0.183782
0.19263
0.200372
0.207031
0.212638
0.217238
0.220893
0.223694
0.225761
0.227227
0.228229
0.228893
0.229321
0.22959
0.229755
0.229856
0.229915
0.229951
0.229972
0.229984
0.229991
0.229995
0.229997
0.229998
0.229999
0.23
0.23
0.23
0.23
5.88495e-13
3.14355e-12
8.48097e-12
1.93005e-11
4.08087e-11
8.30131e-11
1.65041e-10
3.23174e-10
6.25506e-10
1.1988e-09
2.27535e-09
4.27432e-09
7.93791e-09
1.45506e-08
2.6162e-08
4.60148e-08
7.8957e-08
1.31792e-07
2.13362e-07
3.34116e-07
5.0503e-07
7.36006e-07
1.03421e-06
1.40294e-06
1.84129e-06
2.34464e-06
2.90561e-06
3.51513e-06
4.16333e-06
4.84026e-06
5.53629e-06
6.24225e-06
6.94933e-06
7.649e-06
8.33292e-06
8.99346e-06
9.62524e-06
1.02282e-05
1.08128e-05
1.14066e-05
1.20636e-05
1.28743e-05
1.39784e-05
1.5584e-05
1.8001e-05
2.16994e-05
2.74075e-05
3.62648e-05
5.00416e-05
7.29452e-05
0.000111987
0.000180916
0.000303945
0.000523906
0.000915546
0.00160872
0.00280679
0.00486167
0.00855613
0.0149897
0.0262424
0.0423462
0.0602348
0.078304
0.0957457
0.112176
0.127429
0.141452
0.154223
0.165599
0.175529
0.185021
0.193699
0.201276
0.207778
0.213238
0.217704
0.221242
0.223945
0.225933
0.227341
0.228302
0.228938
0.229348
0.229605
0.229764
0.229861
0.229918
0.229952
0.229972
0.229984
0.229991
0.229995
0.229997
0.229999
0.229999
0.23
0.23
0.23
0.23
5.82861e-13
3.11499e-12
8.41224e-12
1.91705e-11
4.06021e-11
8.27474e-11
1.64835e-10
3.2343e-10
6.27232e-10
1.20438e-09
2.28985e-09
4.30825e-09
8.01171e-09
1.47024e-08
2.64554e-08
4.65568e-08
7.99126e-08
1.33399e-07
2.15936e-07
3.38038e-07
5.10715e-07
7.4386e-07
1.0446e-06
1.41615e-06
1.85755e-06
2.36415e-06
2.92856e-06
3.54173e-06
4.19384e-06
4.87499e-06
5.57557e-06
6.28645e-06
6.99882e-06
7.70411e-06
8.39395e-06
9.06072e-06
9.69923e-06
1.031e-05
1.09044e-05
1.15122e-05
1.21907e-05
1.30351e-05
1.41925e-05
1.58822e-05
1.84316e-05
2.23392e-05
2.83799e-05
3.77667e-05
5.23819e-05
7.69443e-05
0.00011879
0.00019282
0.000325115
0.000561583
0.000982292
0.00172785
0.00300586
0.00521134
0.00917925
0.0160805
0.0281527
0.0446016
0.0625832
0.0806072
0.0979342
0.114216
0.129308
0.143166
0.155771
0.166906
0.176701
0.186119
0.19465
0.202081
0.208441
0.213771
0.218118
0.221552
0.224168
0.226087
0.227443
0.228367
0.228978
0.229372
0.22962
0.229773
0.229866
0.229921
0.229954
0.229973
0.229985
0.229991
0.229995
0.229997
0.229999
0.229999
0.23
0.23
0.23
0.23
5.77542e-13
3.08797e-12
8.34688e-12
1.90458e-11
4.03998e-11
8.24761e-11
1.6459e-10
3.23512e-10
6.2857e-10
1.20896e-09
2.30222e-09
4.33775e-09
8.07667e-09
1.48369e-08
2.67179e-08
4.70452e-08
8.07795e-08
1.34866e-07
2.18298e-07
3.41657e-07
5.15986e-07
7.51175e-07
1.0543e-06
1.42853e-06
1.87283e-06
2.38251e-06
2.95018e-06
3.56678e-06
4.22253e-06
4.90755e-06
5.61228e-06
6.32759e-06
7.04466e-06
7.75488e-06
8.44983e-06
9.12193e-06
9.76612e-06
1.03834e-05
1.09864e-05
1.16066e-05
1.23046e-05
1.318e-05
1.4387e-05
1.61552e-05
1.88286e-05
2.29327e-05
2.9286e-05
3.91708e-05
5.45747e-05
8.06783e-05
0.000125126
0.00020384
0.000344552
0.000595914
0.00104365
0.00183705
0.00318464
0.00552351
0.00972915
0.0170418
0.0298268
0.0465761
0.0646362
0.0826199
0.0998453
0.115995
0.130944
0.144657
0.157117
0.168034
0.177722
0.187091
0.195491
0.20279
0.209026
0.214239
0.218482
0.221825
0.224365
0.226223
0.227533
0.228425
0.229014
0.229394
0.229633
0.22978
0.22987
0.229923
0.229955
0.229974
0.229985
0.229992
0.229995
0.229997
0.229999
0.229999
0.23
0.23
0.23
0.23
5.72674e-13
3.0632e-12
8.28674e-12
1.89302e-11
4.02103e-11
8.22159e-11
1.64337e-10
3.23543e-10
6.29646e-10
1.21292e-09
2.31311e-09
4.36399e-09
8.13494e-09
1.4958e-08
2.69557e-08
4.74898e-08
8.15718e-08
1.36211e-07
2.20472e-07
3.44994e-07
5.20859e-07
7.57949e-07
1.06331e-06
1.44003e-06
1.88704e-06
2.3996e-06
2.9703e-06
3.59007e-06
4.24916e-06
4.93772e-06
5.6462e-06
6.36546e-06
7.08668e-06
7.8012e-06
8.50054e-06
9.1771e-06
9.826e-06
1.04487e-05
1.10587e-05
1.16894e-05
1.24041e-05
1.33067e-05
1.45574e-05
1.63952e-05
1.91789e-05
2.34577e-05
3.00889e-05
4.04152e-05
5.65161e-05
8.39694e-05
0.000130798
0.000213704
0.000361857
0.000626306
0.00109776
0.00193244
0.00334602
0.00580095
0.0102149
0.0178886
0.0312905
0.0482973
0.0664217
0.0843681
0.101504
0.117538
0.132358
0.145942
0.158272
0.168993
0.17862
0.187954
0.196232
0.203411
0.209536
0.214649
0.218801
0.222063
0.224537
0.226342
0.227612
0.228476
0.229046
0.229413
0.229644
0.229787
0.229874
0.229926
0.229957
0.229975
0.229985
0.229992
0.229995
0.229997
0.229999
0.229999
0.23
0.23
0.23
0.23
5.68305e-13
3.04093e-12
8.23252e-12
1.88257e-11
4.00379e-11
8.19766e-11
1.64097e-10
3.23549e-10
6.30572e-10
1.2164e-09
2.32275e-09
4.38736e-09
8.18711e-09
1.50667e-08
2.71699e-08
4.78917e-08
8.229e-08
1.37434e-07
2.22451e-07
3.4804e-07
5.25313e-07
7.64151e-07
1.07156e-06
1.45059e-06
1.90009e-06
2.4153e-06
2.98877e-06
3.61145e-06
4.27358e-06
4.96532e-06
5.67716e-06
6.39993e-06
7.12479e-06
7.84302e-06
8.54607e-06
9.22632e-06
9.87896e-06
1.05059e-05
1.11213e-05
1.17605e-05
1.24888e-05
1.3414e-05
1.47015e-05
1.65982e-05
1.94752e-05
2.39012e-05
3.07643e-05
4.14539e-05
5.81166e-05
8.66295e-05
0.000135701
0.000222321
0.000376902
0.000653324
0.00114585
0.00201695
0.00349027
0.00604731
0.0106443
0.0186349
0.0325675
0.0497925
0.0679687
0.0858802
0.102936
0.118868
0.133575
0.14704
0.15925
0.169787
0.179428
0.188721
0.196877
0.203949
0.209979
0.215004
0.219077
0.22227
0.224686
0.226445
0.227681
0.22852
0.229074
0.22943
0.229654
0.229793
0.229877
0.229928
0.229958
0.229975
0.229986
0.229992
0.229995
0.229998
0.229999
0.229999
0.23
0.23
0.23
0.23
5.64465e-13
3.02128e-12
8.18461e-12
1.87332e-11
3.98852e-11
8.17642e-11
1.63884e-10
3.23554e-10
6.31394e-10
1.21949e-09
2.33132e-09
4.40818e-09
8.23368e-09
1.51639e-08
2.7362e-08
4.82524e-08
8.29358e-08
1.38534e-07
2.24236e-07
3.50789e-07
5.29336e-07
7.69758e-07
1.07903e-06
1.46014e-06
1.91191e-06
2.42951e-06
3.00549e-06
3.63078e-06
4.29563e-06
4.99022e-06
5.70501e-06
6.43087e-06
7.15889e-06
7.88028e-06
8.58643e-06
9.26965e-06
9.92521e-06
1.05552e-05
1.11749e-05
1.18204e-05
1.25595e-05
1.35032e-05
1.48213e-05
1.67678e-05
1.97243e-05
2.42771e-05
3.13421e-05
4.23526e-05
5.95222e-05
8.89944e-05
0.000140068
0.00023004
0.000390475
0.00067774
0.00118922
0.00209304
0.00362009
0.00626879
0.0110302
0.019305
0.033681
0.0510856
0.0693011
0.0871797
0.104166
0.120009
0.134619
0.147977
0.160066
0.17044
0.180238
0.189373
0.197421
0.204406
0.210356
0.215308
0.219313
0.222448
0.224813
0.226533
0.22774
0.228558
0.229097
0.229444
0.229663
0.229798
0.22988
0.229929
0.229959
0.229976
0.229986
0.229992
0.229996
0.229998
0.229999
0.229999
0.23
0.23
0.23
0.23
5.61145e-13
3.0043e-12
8.14322e-12
1.86534e-11
3.97537e-11
8.1582e-11
1.63704e-10
3.23569e-10
6.32136e-10
1.22222e-09
2.3389e-09
4.42658e-09
8.27482e-09
1.52498e-08
2.75318e-08
4.85719e-08
8.35081e-08
1.3951e-07
2.25819e-07
3.53229e-07
5.32909e-07
7.74739e-07
1.08566e-06
1.46863e-06
1.92241e-06
2.44214e-06
3.02034e-06
3.64794e-06
4.31519e-06
5.01227e-06
5.72966e-06
6.45817e-06
7.18889e-06
7.91295e-06
8.62165e-06
9.30723e-06
9.96498e-06
1.05973e-05
1.12198e-05
1.187e-05
1.26174e-05
1.35757e-05
1.49184e-05
1.69053e-05
1.99267e-05
2.45824e-05
3.18096e-05
4.30733e-05
6.07064e-05
9.10031e-05
0.000143729
0.000236665
0.000402726
0.000699962
0.00122874
0.00216206
0.00373823
0.00647099
0.0113834
0.0199211
0.0346507
0.0521957
0.0704384
0.0882858
0.105211
0.120981
0.13551
0.148786
0.16079
0.171088
0.180826
0.189893
0.197872
0.204791
0.210676
0.215566
0.219514
0.222598
0.224922
0.226608
0.22779
0.22859
0.229118
0.229457
0.22967
0.229802
0.229882
0.229931
0.229959
0.229976
0.229986
0.229992
0.229996
0.229998
0.229999
0.229999
0.23
0.23
0.23
0.23
5.58346e-13
2.98999e-12
8.10838e-12
1.85864e-11
3.96436e-11
8.1431e-11
1.63559e-10
3.23597e-10
6.32801e-10
1.22463e-09
2.34552e-09
4.44259e-09
8.31057e-09
1.53244e-08
2.76793e-08
4.88494e-08
8.40053e-08
1.40359e-07
2.27195e-07
3.5535e-07
5.36016e-07
7.79071e-07
1.09143e-06
1.47602e-06
1.93154e-06
2.45312e-06
3.03325e-06
3.66285e-06
4.33217e-06
5.03139e-06
5.75097e-06
6.48175e-06
7.21473e-06
7.94101e-06
8.65177e-06
9.3392e-06
9.99857e-06
1.06324e-05
1.1257e-05
1.19105e-05
1.26641e-05
1.36334e-05
1.49954e-05
1.70141e-05
2.00868e-05
2.48239e-05
3.2179e-05
4.36408e-05
6.17146e-05
9.27523e-05
0.000146914
0.000242649
0.000413858
0.000720159
0.00126469
0.00222392
0.00384468
0.00665357
0.0117023
0.0204777
0.0354828
0.0531345
0.0713942
0.0892126
0.106086
0.121793
0.136255
0.149463
0.161397
0.171632
0.181315
0.190325
0.198248
0.205111
0.210942
0.21578
0.219681
0.222723
0.225012
0.226671
0.227831
0.228617
0.229134
0.229467
0.229676
0.229806
0.229885
0.229932
0.22996
0.229977
0.229987
0.229992
0.229996
0.229998
0.229999
0.229999
0.23
0.23
0.23
0.23
5.56064e-13
2.97832e-12
8.08002e-12
1.8532e-11
3.95548e-11
8.13106e-11
1.63448e-10
3.23644e-10
6.33391e-10
1.22671e-09
2.35118e-09
4.45619e-09
8.34086e-09
1.53876e-08
2.78041e-08
4.90839e-08
8.44254e-08
1.41075e-07
2.28358e-07
3.57142e-07
5.3864e-07
7.82729e-07
1.09631e-06
1.48225e-06
1.93925e-06
2.46239e-06
3.04414e-06
3.67542e-06
4.34647e-06
5.04747e-06
5.7689e-06
6.50153e-06
7.23638e-06
7.96444e-06
8.67686e-06
9.36572e-06
1.00263e-05
1.06613e-05
1.12873e-05
1.19433e-05
1.27017e-05
1.36801e-05
1.5058e-05
1.71036e-05
2.02202e-05
2.50283e-05
3.2497e-05
4.41391e-05
6.26107e-05
9.43212e-05
0.000149777
0.000248015
0.000423795
0.000738141
0.00129666
0.00227877
0.00393909
0.00681524
0.011987
0.0209751
0.0361844
0.0539124
0.0721802
0.0899721
0.106802
0.122457
0.136864
0.150015
0.161891
0.172075
0.181714
0.190677
0.198555
0.205372
0.211159
0.215955
0.219817
0.222825
0.225085
0.226721
0.227865
0.228639
0.229148
0.229475
0.229681
0.229809
0.229886
0.229933
0.229961
0.229977
0.229987
0.229992
0.229996
0.229998
0.229999
0.229999
0.23
0.23
0.23
0.23
5.54286e-13
2.96924e-12
8.05799e-12
1.84899e-11
3.94867e-11
8.12199e-11
1.63371e-10
3.23701e-10
6.33903e-10
1.22845e-09
2.35584e-09
4.46733e-09
8.36558e-09
1.5439e-08
2.79055e-08
4.92745e-08
8.47666e-08
1.41657e-07
2.29301e-07
3.58596e-07
5.40768e-07
7.85694e-07
1.10026e-06
1.4873e-06
1.94549e-06
2.46989e-06
3.05295e-06
3.68558e-06
4.35802e-06
5.06045e-06
5.78334e-06
6.51746e-06
7.25377e-06
7.98324e-06
8.69694e-06
9.3869e-06
1.00484e-05
1.06843e-05
1.13114e-05
1.19695e-05
1.27319e-05
1.37179e-05
1.51094e-05
1.71779e-05
2.03324e-05
2.52022e-05
3.27703e-05
4.45719e-05
6.33902e-05
9.56904e-05
0.000152277
0.000252687
0.000432439
0.000753819
0.00132468
0.00232711
0.00402318
0.00696131
0.0122448
0.0214312
0.0367671
0.0545394
0.0728061
0.0905735
0.107367
0.12298
0.137343
0.15045
0.16228
0.172424
0.182028
0.190954
0.198795
0.205577
0.211329
0.216092
0.219924
0.222905
0.225142
0.226761
0.227891
0.228656
0.229159
0.229482
0.229685
0.229811
0.229888
0.229934
0.229961
0.229977
0.229987
0.229993
0.229996
0.229998
0.229999
0.229999
0.23
0.23
0.23
0.23
5.52998e-13
2.96268e-12
8.04211e-12
1.84598e-11
3.94385e-11
8.11577e-11
1.63325e-10
3.23766e-10
6.34329e-10
1.22983e-09
2.35947e-09
4.47595e-09
8.3846e-09
1.54784e-08
2.79832e-08
4.94201e-08
8.50271e-08
1.42101e-07
2.3002e-07
3.59703e-07
5.42388e-07
7.87951e-07
1.10326e-06
1.49114e-06
1.95024e-06
2.47559e-06
3.05964e-06
3.69329e-06
4.36678e-06
5.07028e-06
5.79426e-06
6.52949e-06
7.26689e-06
7.9974e-06
8.71204e-06
9.40281e-06
1.0065e-05
1.07015e-05
1.13295e-05
1.19893e-05
1.2755e-05
1.37472e-05
1.51496e-05
1.72366e-05
2.04217e-05
2.53413e-05
3.29902e-05
4.49214e-05
6.40182e-05
9.67931e-05
0.000154286
0.000256431
0.00043935
0.000766349
0.00134708
0.00236574
0.0040905
0.00707853
0.0124527
0.0217997
0.0372152
0.0550128
0.0732748
0.0910222
0.107788
0.123369
0.137699
0.150772
0.162569
0.172681
0.18226
0.191159
0.198973
0.205729
0.211455
0.216194
0.220003
0.222964
0.225185
0.22679
0.227911
0.228669
0.229167
0.229487
0.229688
0.229813
0.229889
0.229934
0.229961
0.229978
0.229987
0.229993
0.229996
0.229998
0.229999
0.229999
0.23
0.23
0.23
0.23
5.52186e-13
2.95855e-12
8.0322e-12
1.84413e-11
3.94098e-11
8.11234e-11
1.63307e-10
3.23832e-10
6.34657e-10
1.23083e-09
2.36205e-09
4.48198e-09
8.39779e-09
1.55056e-08
2.80366e-08
4.95199e-08
8.52051e-08
1.42404e-07
2.3051e-07
3.60457e-07
5.4349e-07
7.89483e-07
1.1053e-06
1.49375e-06
1.95345e-06
2.47944e-06
3.06416e-06
3.6985e-06
4.37268e-06
5.07691e-06
5.80162e-06
6.53757e-06
7.2757e-06
8.0069e-06
8.72216e-06
9.41346e-06
1.00761e-05
1.07131e-05
1.13417e-05
1.20027e-05
1.27708e-05
1.37673e-05
1.51775e-05
1.72777e-05
2.04845e-05
2.54393e-05
3.31451e-05
4.51676e-05
6.44595e-05
9.75667e-05
0.000155692
0.00025904
0.00044415
0.000775027
0.00136256
0.0023923
0.00413695
0.00715948
0.0125961
0.0220532
0.0375178
0.0553301
0.0735878
0.0913211
0.108068
0.123628
0.137936
0.150986
0.162759
0.172851
0.182414
0.191295
0.199091
0.205829
0.211539
0.216261
0.220055
0.223003
0.225213
0.22681
0.227924
0.228677
0.229172
0.22949
0.22969
0.229814
0.229889
0.229935
0.229962
0.229978
0.229987
0.229993
0.229996
0.229998
0.229999
0.229999
0.23
0.23
0.23
0.23
5.51835e-13
2.95678e-12
8.02805e-12
1.84338e-11
3.9399e-11
8.1113e-11
1.63311e-10
3.23888e-10
6.34863e-10
1.2314e-09
2.36346e-09
4.48519e-09
8.40469e-09
1.55197e-08
2.80638e-08
4.95703e-08
8.52945e-08
1.42555e-07
2.30754e-07
3.60831e-07
5.44036e-07
7.90243e-07
1.10631e-06
1.49504e-06
1.95505e-06
2.48136e-06
3.06641e-06
3.70109e-06
4.37562e-06
5.0802e-06
5.80527e-06
6.54159e-06
7.28007e-06
8.0116e-06
8.72717e-06
9.41873e-06
1.00816e-05
1.07188e-05
1.13478e-05
1.20094e-05
1.27787e-05
1.37776e-05
1.51918e-05
1.72987e-05
2.05167e-05
2.54896e-05
3.32249e-05
4.52945e-05
6.46867e-05
9.7965e-05
0.000156415
0.000260381
0.000446614
0.000779481
0.00137051
0.00240593
0.00416079
0.00720084
0.0126691
0.022182
0.0376707
0.05549
0.0737452
0.0914712
0.108208
0.123758
0.138054
0.151093
0.162854
0.172936
0.182491
0.191362
0.199149
0.205879
0.21158
0.216294
0.220081
0.223023
0.225227
0.22682
0.227931
0.228681
0.229175
0.229492
0.229691
0.229814
0.22989
0.229935
0.229962
0.229978
0.229987
0.229993
0.229996
0.229998
0.229999
0.229999
0.23
0.23
0.23
0.23
5.51933e-13
2.9573e-12
8.02946e-12
1.8437e-11
3.94057e-11
8.11264e-11
1.63337e-10
3.2394e-10
6.34963e-10
1.23159e-09
2.36382e-09
4.48585e-09
8.40589e-09
1.55218e-08
2.80675e-08
4.95767e-08
8.53049e-08
1.42571e-07
2.30779e-07
3.60867e-07
5.44085e-07
7.90309e-07
1.10639e-06
1.49514e-06
1.95517e-06
2.48149e-06
3.06655e-06
3.70124e-06
4.37578e-06
5.08037e-06
5.80544e-06
6.54176e-06
7.28024e-06
8.01177e-06
8.72733e-06
9.41889e-06
1.00817e-05
1.07189e-05
1.13479e-05
1.20095e-05
1.27789e-05
1.37778e-05
1.51921e-05
1.72993e-05
2.05175e-05
2.54911e-05
3.32273e-05
4.52987e-05
6.46946e-05
9.79794e-05
0.000156443
0.000260433
0.000446713
0.000779663
0.00137084
0.0024065
0.0041618
0.00720261
0.0126723
0.0221875
0.0376773
0.0554968
0.0737518
0.0914774
0.108214
0.123763
0.138059
0.151097
0.162858
0.172939
0.182494
0.191364
0.199152
0.20588
0.211581
0.216295
0.220082
0.223023
0.225228
0.22682
0.227931
0.228682
0.229175
0.229492
0.229691
0.229814
0.22989
0.229935
0.229962
0.229978
0.229987
0.229993
0.229996
0.229998
0.229999
0.229999
0.23
0.23
0.23
0.23
5.5248e-13
2.96012e-12
8.03643e-12
1.84508e-11
3.94296e-11
8.11631e-11
1.63385e-10
3.23982e-10
6.3495e-10
1.23138e-09
2.36309e-09
4.4839e-09
8.40131e-09
1.55119e-08
2.80475e-08
4.95384e-08
8.52353e-08
1.42451e-07
2.30583e-07
3.60562e-07
5.43636e-07
7.89677e-07
1.10554e-06
1.49404e-06
1.9538e-06
2.47984e-06
3.06459e-06
3.69896e-06
4.37317e-06
5.07742e-06
5.80213e-06
6.53809e-06
7.27621e-06
8.0074e-06
8.72264e-06
9.41393e-06
1.00766e-05
1.07135e-05
1.13421e-05
1.20031e-05
1.27712e-05
1.3768e-05
1.51784e-05
1.72792e-05
2.04869e-05
2.54435e-05
3.31522e-05
4.51796e-05
6.44824e-05
9.7609e-05
0.000155772
0.000259193
0.000444441
0.000775566
0.00136355
0.00239401
0.00413998
0.00716476
0.0126054
0.0220697
0.0375373
0.0553503
0.0736075
0.0913397
0.108085
0.123644
0.13795
0.150998
0.16277
0.172861
0.182423
0.191302
0.199098
0.205835
0.211544
0.216265
0.220058
0.223006
0.225215
0.226811
0.227925
0.228678
0.229172
0.22949
0.22969
0.229814
0.229889
0.229935
0.229962
0.229978
0.229987
0.229993
0.229996
0.229998
0.229999
0.229999
0.23
0.23
0.23
0.23
5.53479e-13
2.96524e-12
8.04902e-12
1.84755e-11
3.94718e-11
8.12253e-11
1.63458e-10
3.24023e-10
6.34826e-10
1.23077e-09
2.36125e-09
4.47927e-09
8.39068e-09
1.54893e-08
2.80022e-08
4.94523e-08
8.50799e-08
1.42185e-07
2.30148e-07
3.59888e-07
5.42644e-07
7.88289e-07
1.10369e-06
1.49166e-06
1.95084e-06
2.47627e-06
3.06039e-06
3.69409e-06
4.36762e-06
5.07115e-06
5.79515e-06
6.53037e-06
7.26776e-06
7.99826e-06
8.71287e-06
9.40361e-06
1.00658e-05
1.07022e-05
1.13302e-05
1.199e-05
1.27558e-05
1.37482e-05
1.51511e-05
1.72391e-05
2.04258e-05
2.53483e-05
3.30019e-05
4.49411e-05
6.40559e-05
9.68625e-05
0.000154418
0.000256683
0.000439829
0.000767235
0.0013487
0.00236854
0.00409546
0.00708725
0.0124682
0.0218272
0.037248
0.0550469
0.0733082
0.0910538
0.107817
0.123396
0.137724
0.150794
0.162587
0.172698
0.182275
0.191172
0.198985
0.205739
0.211463
0.2162
0.220008
0.222968
0.225188
0.226792
0.227912
0.228669
0.229167
0.229487
0.229688
0.229813
0.229889
0.229934
0.229961
0.229978
0.229987
0.229993
0.229996
0.229998
0.229999
0.229999
0.23
0.23
0.23
0.23
5.54958e-13
2.97284e-12
8.0677e-12
1.8512e-11
3.95334e-11
8.13148e-11
1.63559e-10
3.24064e-10
6.346e-10
1.22977e-09
2.35833e-09
4.47196e-09
8.37406e-09
1.54541e-08
2.7932e-08
4.93193e-08
8.48402e-08
1.41774e-07
2.29478e-07
3.58853e-07
5.41125e-07
7.86166e-07
1.10085e-06
1.48803e-06
1.94634e-06
2.47084e-06
3.054e-06
3.6867e-06
4.35919e-06
5.06166e-06
5.78456e-06
6.51868e-06
7.25498e-06
7.98443e-06
8.69809e-06
9.38801e-06
1.00495e-05
1.06853e-05
1.13124e-05
1.19705e-05
1.2733e-05
1.37193e-05
1.51114e-05
1.71811e-05
2.03378e-05
2.52111e-05
3.27854e-05
4.45972e-05
6.34388e-05
9.57798e-05
0.000152447
0.000253015
0.000433064
0.000754979
0.00132679
0.00233082
0.00402973
0.00697283
0.0122654
0.0214681
0.0368121
0.0545867
0.0728527
0.0906178
0.107408
0.123018
0.137377
0.15048
0.162307
0.172447
0.182049
0.190973
0.198811
0.205591
0.211341
0.216101
0.219931
0.22291
0.225146
0.226764
0.227893
0.228657
0.22916
0.229482
0.229685
0.229811
0.229888
0.229934
0.229961
0.229977
0.229987
0.229993
0.229996
0.229998
0.229999
0.229999
0.23
0.23
0.23
0.23
5.56942e-13
2.98301e-12
8.09266e-12
1.85607e-11
3.96153e-11
8.14331e-11
1.63691e-10
3.24114e-10
6.34293e-10
1.22843e-09
2.35439e-09
4.46216e-09
8.35178e-09
1.54071e-08
2.78381e-08
4.91415e-08
8.452e-08
1.41225e-07
2.28585e-07
3.57473e-07
5.39099e-07
7.83335e-07
1.09707e-06
1.48318e-06
1.94034e-06
2.46361e-06
3.04548e-06
3.67685e-06
4.34797e-06
5.04902e-06
5.77046e-06
6.50309e-06
7.23792e-06
7.96595e-06
8.67832e-06
9.36713e-06
1.00277e-05
1.06626e-05
1.12885e-05
1.19446e-05
1.27031e-05
1.36819e-05
1.50606e-05
1.71075e-05
2.02266e-05
2.50389e-05
3.25145e-05
4.41682e-05
6.26669e-05
9.44244e-05
0.000149973
0.000248394
0.000424517
0.000739478
0.00129909
0.002283
0.00394651
0.00682819
0.0120099
0.021016
0.0362393
0.0539721
0.0722397
0.090029
0.106855
0.122505
0.136908
0.150055
0.161926
0.172106
0.181742
0.190701
0.198575
0.20539
0.211174
0.215967
0.219826
0.222832
0.22509
0.226725
0.227867
0.22864
0.229149
0.229476
0.229681
0.229809
0.229886
0.229933
0.229961
0.229977
0.229987
0.229992
0.229996
0.229998
0.229999
0.229999
0.23
0.23
0.23
0.23
5.59432e-13
2.99578e-12
8.12399e-12
1.86218e-11
3.97182e-11
8.15818e-11
1.63857e-10
3.24178e-10
6.33909e-10
1.22674e-09
2.34947e-09
4.44991e-09
8.32395e-09
1.53483e-08
2.7721e-08
4.89199e-08
8.4121e-08
1.40542e-07
2.27473e-07
3.55754e-07
5.36577e-07
7.79812e-07
1.09237e-06
1.47715e-06
1.93287e-06
2.45462e-06
3.03489e-06
3.6646e-06
4.334e-06
5.03327e-06
5.75288e-06
6.48364e-06
7.2166e-06
7.94284e-06
8.65355e-06
9.34092e-06
1.00002e-05
1.0634e-05
1.12585e-05
1.19121e-05
1.26659e-05
1.36356e-05
1.49985e-05
1.70188e-05
2.00942e-05
2.4836e-05
3.21986e-05
4.36727e-05
6.1776e-05
9.28645e-05
0.000147127
0.000243061
0.000414642
0.000721602
0.00126729
0.00222838
0.00385236
0.00666665
0.0117249
0.0205164
0.0355451
0.0532056
0.0714663
0.089282
0.106151
0.121852
0.136309
0.149511
0.161439
0.17167
0.181349
0.190354
0.198274
0.205133
0.21096
0.215795
0.219692
0.222732
0.225018
0.226675
0.227834
0.228619
0.229136
0.229468
0.229677
0.229806
0.229885
0.229932
0.22996
0.229977
0.229987
0.229992
0.229996
0.229998
0.229999
0.229999
0.23
0.23
0.23
0.23
5.62437e-13
3.0112e-12
8.16181e-12
1.86956e-11
3.98425e-11
8.17616e-11
1.64059e-10
3.24258e-10
6.33456e-10
1.22473e-09
2.3436e-09
4.43527e-09
8.29071e-09
1.52781e-08
2.75812e-08
4.86555e-08
8.36453e-08
1.39727e-07
2.26148e-07
3.53708e-07
5.33573e-07
7.75618e-07
1.08677e-06
1.46998e-06
1.92398e-06
2.44391e-06
3.02228e-06
3.65001e-06
4.31735e-06
5.01448e-06
5.73189e-06
6.46039e-06
7.19108e-06
7.91509e-06
8.62373e-06
9.30925e-06
9.96694e-06
1.05992e-05
1.12217e-05
1.18721e-05
1.26198e-05
1.35786e-05
1.49225e-05
1.69114e-05
1.9936e-05
2.45972e-05
3.1833e-05
4.31101e-05
6.07755e-05
9.11273e-05
0.000143963
0.000237119
0.000403594
0.000701572
0.00123166
0.00216713
0.00374706
0.00648624
0.0114102
0.0199682
0.0347248
0.0522799
0.0705239
0.0883681
0.105288
0.121051
0.135574
0.148843
0.16084
0.171133
0.180866
0.189928
0.197903
0.204817
0.210698
0.215583
0.219528
0.222608
0.224929
0.226613
0.227793
0.228592
0.229119
0.229457
0.22967
0.229802
0.229883
0.229931
0.229959
0.229976
0.229986
0.229992
0.229996
0.229998
0.229999
0.229999
0.23
0.23
0.23
0.23
5.65973e-13
3.02933e-12
8.20628e-12
1.87824e-11
3.99886e-11
8.19732e-11
1.64297e-10
3.24355e-10
6.32931e-10
1.2224e-09
2.33677e-09
4.41827e-09
8.25211e-09
1.51967e-08
2.74192e-08
4.83493e-08
8.30947e-08
1.38786e-07
2.24617e-07
3.51343e-07
5.30105e-07
7.70775e-07
1.08031e-06
1.4617e-06
1.91372e-06
2.43155e-06
3.00772e-06
3.63316e-06
4.29811e-06
4.99276e-06
5.70757e-06
6.43341e-06
7.16138e-06
7.88272e-06
8.58881e-06
9.27196e-06
9.92748e-06
1.05575e-05
1.11772e-05
1.18229e-05
1.25626e-05
1.35071e-05
1.48269e-05
1.67762e-05
1.97373e-05
2.42976e-05
3.1375e-05
4.24057e-05
5.96084e-05
8.9144e-05
0.000140351
0.000230548
0.000391431
0.000679509
0.00119242
0.00209873
0.00362994
0.0062858
0.0110601
0.0193574
0.0337661
0.0511831
0.0694004
0.0872753
0.104255
0.120091
0.134692
0.148042
0.160121
0.170488
0.180289
0.189417
0.197458
0.204437
0.210382
0.215329
0.219329
0.22246
0.224822
0.226539
0.227744
0.228561
0.229099
0.229445
0.229663
0.229798
0.22988
0.229929
0.229959
0.229976
0.229986
0.229992
0.229996
0.229998
0.229999
0.229999
0.23
0.23
0.23
0.23
5.7004e-13
3.05018e-12
8.25744e-12
1.88821e-11
4.01565e-11
8.22161e-11
1.6457e-10
3.24466e-10
6.32329e-10
1.21972e-09
2.32897e-09
4.39887e-09
8.20811e-09
1.51041e-08
2.72351e-08
4.8002e-08
8.2471e-08
1.3772e-07
2.22886e-07
3.48672e-07
5.26189e-07
7.65311e-07
1.07303e-06
1.45236e-06
1.90216e-06
2.41763e-06
2.99131e-06
3.61416e-06
4.27639e-06
4.9682e-06
5.68004e-06
6.40279e-06
7.12759e-06
7.84575e-06
8.54873e-06
9.22891e-06
9.88153e-06
1.05085e-05
1.11241e-05
1.17636e-05
1.24926e-05
1.3419e-05
1.47086e-05
1.66088e-05
1.94914e-05
2.39265e-05
3.08043e-05
4.15176e-05
5.82179e-05
8.68041e-05
0.000136033
0.000222918
0.000377966
0.000655269
0.00114935
0.00202317
0.00350101
0.0060658
0.0106767
0.0186914
0.0326633
0.0499035
0.0680821
0.0859893
0.103037
0.118959
0.133653
0.147098
0.159274
0.169727
0.179607
0.188805
0.196928
0.203987
0.210009
0.215028
0.219095
0.222284
0.224696
0.226452
0.227685
0.228523
0.229076
0.229431
0.229655
0.229793
0.229877
0.229928
0.229958
0.229975
0.229986
0.229992
0.229995
0.229998
0.229999
0.229999
0.23
0.23
0.23
0.23
5.74647e-13
3.07374e-12
8.3151e-12
1.89944e-11
4.03451e-11
8.24874e-11
1.64871e-10
3.2458e-10
6.31631e-10
1.21667e-09
2.32011e-09
4.37694e-09
8.15854e-09
1.50001e-08
2.70289e-08
4.76138e-08
8.17752e-08
1.36533e-07
2.2096e-07
3.45705e-07
5.21845e-07
7.59255e-07
1.06496e-06
1.44203e-06
1.88937e-06
2.40222e-06
2.97315e-06
3.59311e-06
4.25232e-06
4.94093e-06
5.64941e-06
6.36863e-06
7.08978e-06
7.80421e-06
8.50346e-06
9.17996e-06
9.82883e-06
1.04516e-05
1.10618e-05
1.16931e-05
1.24086e-05
1.33128e-05
1.4566e-05
1.6408e-05
1.91984e-05
2.34881e-05
3.01364e-05
4.04899e-05
5.66332e-05
8.4168e-05
0.000131176
0.000214383
0.000363069
0.00062846
0.00110162
0.00193928
0.0033578
0.00582128
0.0102505
0.0179508
0.0313982
0.0484228
0.0665503
0.084492
0.101618
0.11764
0.132446
0.146009
0.158313
0.169009
0.178719
0.188041
0.196292
0.203456
0.209572
0.214677
0.218822
0.22208
0.224548
0.22635
0.227617
0.228479
0.229048
0.229414
0.229645
0.229787
0.229874
0.229926
0.229957
0.229975
0.229986
0.229992
0.229995
0.229997
0.229999
0.229999
0.23
0.23
0.23
0.23
5.798e-13
3.1e-12
8.37913e-12
1.91185e-11
4.05519e-11
8.27817e-11
1.65189e-10
3.2467e-10
6.30781e-10
1.21314e-09
2.31003e-09
4.35216e-09
8.10289e-09
1.48837e-08
2.67993e-08
4.7183e-08
8.10056e-08
1.35224e-07
2.18842e-07
3.42448e-07
5.17086e-07
7.52631e-07
1.05614e-06
1.43076e-06
1.87543e-06
2.38543e-06
2.95336e-06
3.57016e-06
4.22603e-06
4.91111e-06
5.61583e-06
6.33108e-06
7.04805e-06
7.75815e-06
8.453e-06
9.12501e-06
9.76919e-06
1.03866e-05
1.09898e-05
1.16107e-05
1.23096e-05
1.31869e-05
1.43968e-05
1.61698e-05
1.8851e-05
2.29678e-05
2.93416e-05
3.92596e-05
5.47169e-05
8.09264e-05
0.000125556
0.000204599
0.000345905
0.000598323
0.00104801
0.00184486
0.00319737
0.00554594
0.00976881
0.0171114
0.0299479
0.0467176
0.0647814
0.0827601
0.0999762
0.116115
0.131051
0.14475
0.157197
0.168096
0.177789
0.187156
0.195547
0.202837
0.209064
0.214271
0.218506
0.221843
0.224378
0.226232
0.227539
0.228429
0.229017
0.229395
0.229633
0.229781
0.22987
0.229924
0.229955
0.229974
0.229985
0.229992
0.229995
0.229997
0.229999
0.229999
0.23
0.23
0.23
0.23
5.85421e-13
3.12862e-12
8.44872e-12
1.92527e-11
4.07734e-11
8.30908e-11
1.65506e-10
3.24698e-10
6.29704e-10
1.209e-09
2.29847e-09
4.32415e-09
8.0406e-09
1.4754e-08
2.65451e-08
4.67085e-08
8.01616e-08
1.33793e-07
2.16536e-07
3.38912e-07
5.1193e-07
7.4547e-07
1.04663e-06
1.41862e-06
1.86042e-06
2.36738e-06
2.93209e-06
3.54547e-06
4.19771e-06
4.87891e-06
5.57948e-06
6.29027e-06
7.00252e-06
7.70766e-06
8.39735e-06
9.06401e-06
9.70248e-06
1.03133e-05
1.0908e-05
1.15164e-05
1.2196e-05
1.30423e-05
1.42028e-05
1.58977e-05
1.84555e-05
2.23769e-05
2.84399e-05
3.78629e-05
5.25363e-05
7.72145e-05
0.000119257
0.000193647
0.000326599
0.000564245
0.000987045
0.00173637
0.00302
0.00523627
0.00922345
0.0161583
0.0282893
0.0447613
0.0627471
0.0807653
0.098082
0.114351
0.129431
0.143277
0.155872
0.16699
0.176776
0.18619
0.194712
0.202133
0.208485
0.213806
0.218145
0.221572
0.224183
0.226098
0.22745
0.228372
0.228981
0.229374
0.229621
0.229773
0.229866
0.229921
0.229954
0.229973
0.229985
0.229991
0.229995
0.229997
0.229999
0.229999
0.23
0.23
0.23
0.23
5.91374e-13
3.15886e-12
8.52187e-12
1.93922e-11
4.09995e-11
8.33937e-11
1.6578e-10
3.24611e-10
6.2822e-10
1.20392e-09
2.28481e-09
4.29171e-09
7.96948e-09
1.46071e-08
2.62599e-08
4.61805e-08
7.9229e-08
1.32223e-07
2.14018e-07
3.35073e-07
5.06362e-07
7.37774e-07
1.03646e-06
1.40566e-06
1.84446e-06
2.3482e-06
2.90949e-06
3.51924e-06
4.16758e-06
4.84457e-06
5.54057e-06
6.24642e-06
6.95335e-06
7.65284e-06
8.33656e-06
8.99695e-06
9.62865e-06
1.02317e-05
1.08164e-05
1.14108e-05
1.20689e-05
1.28815e-05
1.39887e-05
1.55995e-05
1.80252e-05
2.17376e-05
2.74686e-05
3.6363e-05
5.01995e-05
7.32237e-05
0.000112472
0.00018178
0.000305508
0.000526727
0.0009206
0.00161786
0.00282231
0.00488913
0.00860505
0.0150763
0.0263961
0.0425254
0.0604181
0.0784802
0.0959099
0.112326
0.127566
0.141576
0.154335
0.165694
0.175616
0.185104
0.193771
0.201337
0.207828
0.213278
0.217735
0.221265
0.223962
0.225945
0.227349
0.228307
0.228941
0.22935
0.229606
0.229765
0.229861
0.229919
0.229953
0.229973
0.229984
0.229991
0.229995
0.229997
0.229999
0.229999
0.23
0.23
0.23
0.23
5.97452e-13
3.18965e-12
8.59573e-12
1.95308e-11
4.12167e-11
8.36655e-11
1.65972e-10
3.24269e-10
6.26204e-10
1.19759e-09
2.26862e-09
4.25426e-09
7.88876e-09
1.44422e-08
2.59438e-08
4.5601e-08
7.82136e-08
1.30525e-07
2.11311e-07
3.30964e-07
5.00427e-07
7.296e-07
1.02568e-06
1.39199e-06
1.82765e-06
2.32805e-06
2.88578e-06
3.49171e-06
4.13591e-06
4.80838e-06
5.49941e-06
6.19981e-06
6.9008e-06
7.59387e-06
8.27075e-06
8.92386e-06
9.5477e-06
1.01418e-05
1.07154e-05
1.12946e-05
1.19301e-05
1.27076e-05
1.37599e-05
1.52846e-05
1.75749e-05
2.10738e-05
2.6466e-05
3.48215e-05
4.78052e-05
6.91178e-05
0.000105473
0.000169474
0.000283499
0.000487458
0.000851196
0.00149607
0.00261924
0.00454054
0.00787473
0.0138463
0.02425
0.0399962
0.0577844
0.0758937
0.0934478
0.110026
0.125445
0.139637
0.152582
0.164194
0.174257
0.183871
0.192708
0.200439
0.207086
0.212683
0.217273
0.22092
0.223714
0.225774
0.227236
0.228235
0.228897
0.229323
0.229591
0.229756
0.229856
0.229916
0.229951
0.229972
0.229984
0.229991
0.229995
0.229997
0.229998
0.229999
0.23
0.23
0.23
0.23
6.03252e-13
3.21883e-12
8.66457e-12
1.96559e-11
4.14002e-11
8.3856e-11
1.65974e-10
3.2337e-10
6.23133e-10
1.18903e-09
2.24781e-09
4.20773e-09
7.79068e-09
1.42453e-08
2.55715e-08
4.49275e-08
7.70489e-08
1.28602e-07
2.08285e-07
3.26431e-07
4.93961e-07
7.20802e-07
1.01421e-06
1.37758e-06
1.81008e-06
2.30711e-06
2.86123e-06
3.46325e-06
4.10315e-06
4.77084e-06
5.45654e-06
6.151e-06
6.8454e-06
7.53127e-06
8.20039e-06
8.84519e-06
9.46007e-06
1.00441e-05
1.06058e-05
1.1169e-05
1.17815e-05
1.25242e-05
1.35224e-05
1.49624e-05
1.71197e-05
2.04088e-05
2.54678e-05
3.32929e-05
4.54343e-05
6.50157e-05
9.84214e-05
0.000156889
0.000260511
0.000445532
0.000775473
0.00136038
0.0023846
0.00412467
0.00714672
0.0125561
0.0219583
0.0372533
0.0548955
0.0730336
0.0907087
0.107457
0.123068
0.137465
0.150624
0.162522
0.172806
0.182524
0.19153
0.199437
0.206258
0.212019
0.216757
0.220535
0.223439
0.225586
0.227112
0.228157
0.228849
0.229295
0.229575
0.229747
0.229851
0.229913
0.229949
0.229971
0.229983
0.22999
0.229995
0.229997
0.229998
0.229999
0.23
0.23
0.23
0.23
6.08258e-13
3.24372e-12
8.72144e-12
1.97525e-11
4.1522e-11
8.39241e-11
1.65617e-10
3.21906e-10
6.18765e-10
1.17808e-09
2.22261e-09
4.15329e-09
7.67887e-09
1.40251e-08
2.5163e-08
4.42002e-08
7.58069e-08
1.26572e-07
2.05115e-07
3.21711e-07
4.87261e-07
7.1172e-07
1.00241e-06
1.36281e-06
1.79213e-06
2.28579e-06
2.83629e-06
3.43435e-06
4.06987e-06
4.73261e-06
5.41269e-06
6.10078e-06
6.78804e-06
7.466e-06
8.12649e-06
8.762e-06
9.36692e-06
9.94003e-06
1.04889e-05
1.10359e-05
1.16258e-05
1.23349e-05
1.32814e-05
1.4641e-05
1.66727e-05
1.97647e-05
2.45129e-05
3.18475e-05
4.32187e-05
6.11856e-05
9.18587e-05
0.00014513
0.000238812
0.000405609
0.00070317
0.00123129
0.00216168
0.00373872
0.00646711
0.0113641
0.0198643
0.0344713
0.0518485
0.0699572
0.0877297
0.104644
0.120459
0.13508
0.148482
0.160643
0.171153
0.181046
0.19024
0.198335
0.205343
0.211283
0.216186
0.220109
0.223135
0.225379
0.226977
0.228072
0.228798
0.229265
0.229557
0.229737
0.229846
0.22991
0.229948
0.22997
0.229983
0.22999
0.229995
0.229997
0.229998
0.229999
0.23
0.23
0.23
0.23
6.11683e-13
3.26022e-12
8.7559e-12
1.97997e-11
4.15284e-11
8.36581e-11
1.64627e-10
3.19119e-10
6.11644e-10
1.16144e-09
2.18604e-09
4.07676e-09
7.52522e-09
1.3728e-08
2.46206e-08
4.325e-08
7.42127e-08
1.24016e-07
2.01209e-07
3.16029e-07
4.79398e-07
7.01348e-07
9.89309e-07
1.34684e-06
1.77321e-06
2.26378e-06
2.81097e-06
3.40538e-06
4.03671e-06
4.69461e-06
5.36905e-06
6.0506e-06
6.73037e-06
7.39992e-06
8.05116e-06
8.67666e-06
9.27081e-06
9.83222e-06
1.03677e-05
1.08982e-05
1.14657e-05
1.2142e-05
1.30387e-05
1.43211e-05
1.62324e-05
1.91359e-05
2.35882e-05
3.04581e-05
4.11044e-05
5.76294e-05
8.58101e-05
0.000134149
0.000219156
0.000370439
0.000639859
0.00111912
0.00196646
0.00340776
0.00590939
0.0103811
0.0181727
0.0317832
0.0487421
0.0667443
0.0845778
0.101644
0.117659
0.132509
0.146154
0.158568
0.169309
0.179422
0.188825
0.19713
0.204344
0.210481
0.215567
0.219652
0.222813
0.225162
0.226838
0.227988
0.228748
0.229236
0.229542
0.229728
0.229841
0.229907
0.229946
0.229969
0.229982
0.22999
0.229994
0.229997
0.229998
0.229999
0.23
0.23
0.23
0.23
6.12935e-13
3.26537e-12
8.75889e-12
1.97605e-11
4.13264e-11
8.30478e-11
1.63012e-10
3.15078e-10
6.02333e-10
1.14111e-09
2.14354e-09
3.99118e-09
7.3585e-09
1.34133e-08
2.40587e-08
4.22855e-08
7.26241e-08
1.21513e-07
1.97443e-07
3.10628e-07
4.72012e-07
6.91692e-07
9.77185e-07
1.33212e-06
1.75578e-06
2.24349e-06
2.78757e-06
3.37847e-06
4.00574e-06
4.65886e-06
5.32767e-06
6.00264e-06
6.67484e-06
7.33583e-06
7.97762e-06
8.59287e-06
9.17601e-06
9.72549e-06
1.02475e-05
1.07615e-05
1.13071e-05
1.19516e-05
1.27999e-05
1.40072e-05
1.58009e-05
1.85185e-05
2.26749e-05
2.907e-05
3.89531e-05
5.42535e-05
8.01281e-05
0.000123963
0.000201221
0.000338825
0.00058407
0.00101957
0.00179063
0.0031082
0.00539886
0.00950391
0.0166592
0.0291937
0.0456773
0.0635298
0.0813946
0.0985903
0.114791
0.129856
0.143737
0.1564
0.167385
0.177695
0.187251
0.195809
0.203256
0.209609
0.214894
0.219154
0.222462
0.224927
0.226689
0.227897
0.228696
0.229207
0.229526
0.22972
0.229837
0.229905
0.229945
0.229968
0.229982
0.22999
0.229994
0.229997
0.229998
0.229999
0.23
0.23
0.23
0.23
6.10399e-13
3.24865e-12
8.69713e-12
1.95722e-11
4.08134e-11
8.17277e-11
1.59794e-10
3.0768e-10
5.86068e-10
1.10676e-09
2.0736e-09
3.85342e-09
7.09562e-09
1.29267e-08
2.32055e-08
4.08443e-08
7.02843e-08
1.17873e-07
1.92039e-07
3.02998e-07
4.61786e-07
6.78678e-07
9.61404e-07
1.31377e-06
1.7351e-06
2.22067e-06
2.76262e-06
3.35114e-06
3.97554e-06
4.62506e-06
5.28938e-06
5.95885e-06
6.6245e-06
7.27795e-06
7.91125e-06
8.51721e-06
9.09034e-06
9.62897e-06
1.01388e-05
1.06382e-05
1.11643e-05
1.1781e-05
1.25874e-05
1.37299e-05
1.54221e-05
1.79796e-05
2.1881e-05
2.78677e-05
3.70946e-05
5.13462e-05
7.51873e-05
0.000115538
0.000186517
0.00031278
0.000537818
0.000937625
0.00164456
0.00286505
0.00497566
0.00875822
0.015352
0.0269094
0.0429416
0.06063
0.0784951
0.0957814
0.112125
0.127364
0.141443
0.154331
0.165711
0.175956
0.18567
0.194477
0.202163
0.208743
0.214237
0.218681
0.222142
0.224725
0.226569
0.227831
0.228661
0.22919
0.229518
0.229717
0.229835
0.229905
0.229945
0.229968
0.229982
0.22999
0.229994
0.229997
0.229998
0.229999
0.23
0.23
0.23
0.23
6.05513e-13
3.22164e-12
8.61501e-12
1.93456e-11
4.02143e-11
8.02129e-11
1.5613e-10
2.9918e-10
5.671e-10
1.06594e-09
1.98875e-09
3.68297e-09
6.76478e-09
1.23066e-08
2.21086e-08
3.89939e-08
6.73144e-08
1.13354e-07
1.85549e-07
2.94225e-07
4.50639e-07
6.65345e-07
9.46299e-07
1.29739e-06
1.71787e-06
2.20278e-06
2.74397e-06
3.33138e-06
3.95408e-06
4.60117e-06
5.26225e-06
5.92766e-06
6.58845e-06
7.23632e-06
7.86344e-06
8.46274e-06
9.02882e-06
9.55996e-06
1.00616e-05
1.05512e-05
1.10646e-05
1.16633e-05
1.24426e-05
1.35434e-05
1.51707e-05
1.76264e-05
2.13669e-05
2.70976e-05
3.5917e-05
4.95232e-05
7.21088e-05
0.000110333
0.000177439
0.000296635
0.000509
0.000886358
0.00155355
0.00271078
0.00470493
0.00827575
0.0144988
0.0253996
0.0411178
0.0586776
0.0765184
0.0938368
0.110244
0.125565
0.139736
0.152727
0.164306
0.174631
0.184368
0.193311
0.201154
0.207902
0.213566
0.218175
0.221785
0.224492
0.22643
0.227755
0.228624
0.229174
0.229512
0.229715
0.229835
0.229905
0.229945
0.229968
0.229982
0.22999
0.229994
0.229997
0.229998
0.229999
0.23
0.23
0.23
0.23
)
;

boundaryField
{
    fuel
    {
        type            fixedValue;
        value           uniform 0;
    }
    air
    {
        type            fixedValue;
        value           uniform 0.23;
    }
    outlet
    {
        type            inletOutlet;
        inletValue      uniform 0;
        value           nonuniform List<scalar> 
200
(
6.00148e-13
3.19322e-12
8.53963e-12
1.91783e-11
3.98722e-11
7.95429e-11
1.54851e-10
2.9678e-10
5.62646e-10
1.05774e-09
1.97378e-09
3.65583e-09
6.71599e-09
1.22198e-08
2.19574e-08
3.87366e-08
6.6888e-08
1.1267e-07
1.8449e-07
2.92656e-07
4.48421e-07
6.62358e-07
9.42471e-07
1.29271e-06
1.7124e-06
2.19662e-06
2.73729e-06
3.32434e-06
3.94688e-06
4.59399e-06
5.25526e-06
5.921e-06
6.58226e-06
7.23067e-06
7.85839e-06
8.45828e-06
9.02488e-06
9.55639e-06
1.00581e-05
1.05475e-05
1.10601e-05
1.16571e-05
1.24336e-05
1.35298e-05
1.51498e-05
1.75941e-05
2.13165e-05
2.70179e-05
3.5789e-05
4.93143e-05
7.17345e-05
0.000109664
0.000176216
0.00029438
0.000504859
0.000878813
0.0015399
0.00268695
0.00466256
0.00819986
0.0143638
0.0251584
0.04084
0.0583949
0.076246
0.0935811
0.110007
0.125348
0.139538
0.152548
0.164159
0.174498
0.184245
0.193202
0.20106
0.207823
0.213502
0.218125
0.221748
0.224465
0.226411
0.227743
0.228616
0.229169
0.229509
0.229714
0.229834
0.229904
0.229945
0.229968
0.229982
0.22999
0.229994
0.229997
0.229998
0.229999
0.23
0.23
0.23
0.23
6.05513e-13
3.22164e-12
8.61501e-12
1.93456e-11
4.02143e-11
8.02129e-11
1.5613e-10
2.9918e-10
5.671e-10
1.06594e-09
1.98875e-09
3.68297e-09
6.76478e-09
1.23066e-08
2.21086e-08
3.89939e-08
6.73144e-08
1.13354e-07
1.85549e-07
2.94225e-07
4.50639e-07
6.65345e-07
9.46299e-07
1.29739e-06
1.71787e-06
2.20278e-06
2.74397e-06
3.33138e-06
3.95408e-06
4.60117e-06
5.26225e-06
5.92766e-06
6.58845e-06
7.23632e-06
7.86344e-06
8.46274e-06
9.02882e-06
9.55996e-06
1.00616e-05
1.05512e-05
1.10646e-05
1.16633e-05
1.24426e-05
1.35434e-05
1.51707e-05
1.76264e-05
2.13669e-05
2.70976e-05
3.5917e-05
4.95232e-05
7.21088e-05
0.000110333
0.000177439
0.000296635
0.000509
0.000886358
0.00155355
0.00271078
0.00470493
0.00827575
0.0144988
0.0253996
0.0411178
0.0586776
0.0765184
0.0938368
0.110244
0.125565
0.139736
0.152727
0.164306
0.174631
0.184368
0.193311
0.201154
0.207902
0.213566
0.218175
0.221785
0.224492
0.22643
0.227755
0.228624
0.229174
0.229512
0.229715
0.229835
0.229905
0.229945
0.229968
0.229982
0.22999
0.229994
0.229997
0.229998
0.229999
0.23
0.23
0.23
0.23
)
;
    }
    frontAndBack
    {
        type            empty;
    }
}


// ************************************************************************* //
