/*--------------------------------*- C++ -*----------------------------------*\
  =========                 |
  \\      /  F ield         | OpenFOAM: The Open Source CFD Toolbox
   \\    /   O peration     | Website:  https://openfoam.org
    \\  /    A nd           | Version:  11
     \\/     M anipulation  |
\*---------------------------------------------------------------------------*/
FoamFile
{
    format      ascii;
    class       volScalarField;
    location    "0.1";
    object      T;
}
// * * * * * * * * * * * * * * * * * * * * * * * * * * * * * * * * * * * * * //

dimensions      [0 0 0 1 0 0 0];

internalField   nonuniform List<scalar> 
4000
(
293
293.001
293.002
293.005
293.009
293.018
293.033
293.059
293.105
293.185
293.321
293.553
293.942
294.592
295.66
297.375
300.065
304.174
310.254
318.937
330.857
346.549
366.347
390.322
418.295
449.902
484.685
522.183
561.981
603.741
647.203
692.173
738.509
786.099
834.85
884.674
935.472
987.129
1039.59
1092.9
1147
1201.79
1257.17
1313.06
1369.35
1425.93
1482.69
1539.5
1596.22
1652.73
1708.84
1764.37
1819.08
1872.64
1924.58
1974.17
2020.21
2060.09
2090.65
2107.36
2099.15
2047.17
1946.87
1823.15
1689.76
1554.31
1421.01
1292.2
1169.23
1053.14
946.682
849.287
754.94
666.069
586.581
517.32
458.818
411.208
374.108
346.562
327.116
314.044
305.637
300.427
297.294
295.453
294.395
293.791
293.448
293.253
293.142
293.08
293.044
293.024
293.013
293.007
293.003
293.001
293.001
293
293
293.001
293.002
293.005
293.01
293.018
293.034
293.062
293.11
293.194
293.339
293.584
293.998
294.688
295.816
297.618
300.43
304.695
310.963
319.85
331.969
347.828
367.739
391.765
419.731
451.283
485.986
523.391
563.101
604.785
648.19
693.124
739.445
787.045
835.829
885.705
936.575
988.323
1040.89
1094.33
1148.56
1203.5
1259.04
1315.09
1371.55
1428.31
1485.25
1542.23
1599.14
1655.82
1712.1
1767.78
1822.63
1876.29
1928.27
1977.8
2023.62
2062.82
2092.45
2107.53
2096.02
2037.92
1934.32
1808.86
1674.6
1538.81
1405.49
1276.86
1154.23
1038.63
933.642
836.789
742.28
654.415
576.32
508.673
451.895
405.996
370.461
344.214
325.736
313.311
305.288
300.284
297.247
295.445
294.396
293.795
293.451
293.255
293.144
293.08
293.044
293.024
293.013
293.007
293.003
293.001
293.001
293
293
293.001
293.002
293.005
293.01
293.019
293.035
293.064
293.115
293.203
293.354
293.612
294.044
294.764
295.938
297.808
300.713
305.103
311.529
320.602
332.922
348.982
369.073
393.241
421.303
452.908
487.626
525.024
564.712
606.374
649.763
694.695
741.032
788.669
837.512
887.472
938.449
990.324
1043.05
1096.67
1151.1
1206.25
1262.03
1318.34
1375.06
1432.09
1489.3
1546.58
1603.76
1660.72
1717.27
1773.2
1828.27
1882.09
1934.16
1983.63
2029.13
2067.24
2095.4
2107.73
2091.15
2023.94
1915.48
1787.55
1652.28
1516.32
1383.37
1255.47
1133.85
1019.5
917.13
821.074
726.951
641.067
565.159
499.74
445.103
401.132
367.202
342.181
324.558
312.677
304.974
300.141
297.19
295.427
294.393
293.795
293.453
293.257
293.145
293.081
293.045
293.024
293.013
293.007
293.003
293.001
293.001
293
293
293.001
293.002
293.005
293.01
293.02
293.037
293.066
293.119
293.21
293.366
293.632
294.079
294.821
296.029
297.948
300.924
305.41
311.956
321.174
333.656
349.883
370.137
394.453
422.64
454.348
489.149
526.613
566.36
608.079
651.528
696.529
742.947
790.678
839.634
889.724
940.848
992.889
1045.81
1099.64
1154.31
1209.72
1265.77
1322.36
1379.39
1436.73
1494.27
1551.86
1609.38
1666.65
1723.5
1779.71
1835
1888.98
1941.09
1990.41
2035.46
2072.48
2098.83
2107.83
2085.38
2008.01
1894.27
1763.82
1627.65
1491.75
1359.47
1232.68
1112.53
1000.04
900.097
803.432
711.116
627.662
554.002
490.748
438.153
396.017
363.636
339.832
323.098
311.817
304.493
299.884
297.059
295.363
294.362
293.781
293.447
293.254
293.144
293.08
293.045
293.024
293.013
293.007
293.003
293.001
293.001
293
293
293.001
293.002
293.005
293.01
293.02
293.037
293.068
293.122
293.216
293.377
293.65
294.11
294.874
296.115
298.083
301.13
305.712
312.384
321.754
334.408
350.817
371.249
395.728
424.058
455.885
490.786
528.336
568.162
609.959
653.49
698.582
745.103
792.953
842.043
892.285
943.577
995.802
1048.93
1103
1157.92
1213.6
1269.94
1326.83
1384.17
1441.83
1499.7
1557.62
1615.45
1673.04
1730.17
1786.63
1842.12
1896.21
1948.28
1997.33
2041.72
2077.48
2101.67
2107.03
2078.15
1991.16
1872.57
1739.93
1603.1
1467.46
1336.01
1210.43
1091.77
981.035
882.771
787.699
697.013
615.433
543.745
482.475
431.77
391.329
360.37
337.676
321.748
311.012
304.033
299.632
296.925
295.293
294.326
293.764
293.438
293.25
293.141
293.079
293.044
293.024
293.013
293.007
293.003
293.001
293.001
293
293
293.001
293.002
293.005
293.011
293.021
293.038
293.07
293.125
293.221
293.385
293.665
294.135
294.917
296.184
298.194
301.299
305.963
312.743
322.247
335.059
351.641
372.251
396.904
425.395
457.367
492.396
530.063
569.998
611.901
655.542
700.749
747.395
795.382
844.623
895.03
946.501
998.917
1052.27
1106.57
1161.74
1217.69
1274.31
1331.5
1389.14
1447.11
1505.28
1563.51
1621.64
1679.51
1736.91
1793.58
1849.22
1903.37
1955.34
2004.04
2047.44
2081.76
2103.55
2104.36
2067.36
1973.18
1851
1716.86
1579.75
1444.56
1314.01
1189.68
1072.57
963.699
867.046
773.31
684.161
604.264
534.367
474.898
425.9
386.984
357.308
335.623
320.437
310.212
303.564
299.366
296.778
295.215
294.285
293.742
293.426
293.244
293.138
293.078
293.043
293.024
293.013
293.007
293.003
293.001
293.001
293
293
293.001
293.002
293.005
293.011
293.021
293.039
293.071
293.127
293.225
293.392
293.678
294.158
294.956
296.248
298.295
301.457
306.198
313.081
322.715
335.68
352.431
373.216
398.042
426.695
458.817
493.984
531.778
571.834
613.856
657.619
702.953
749.736
797.869
847.268
897.844
949.497
1002.11
1055.67
1110.21
1165.62
1221.83
1278.71
1336.17
1394.09
1452.35
1510.8
1569.31
1627.71
1685.82
1743.44
1800.29
1856.05
1910.21
1962.04
2010.35
2052.68
2085.52
2104.59
2100.3
2054.01
1954.86
1830.25
1695.23
1558.13
1423.51
1293.88
1170.7
1054.98
948.243
853.313
760.188
672.404
594.093
525.868
468.052
420.602
383.062
354.538
333.759
319.239
309.475
303.126
299.115
296.638
295.138
294.244
293.72
293.415
293.238
293.135
293.076
293.042
293.023
293.012
293.006
293.003
293.001
293.001
293
293
293.001
293.002
293.005
293.011
293.021
293.039
293.072
293.129
293.228
293.399
293.689
294.178
294.989
296.304
298.385
301.596
306.408
313.386
323.14
336.25
353.162
374.119
399.116
427.934
460.21
495.52
533.449
573.634
615.783
659.673
705.141
752.064
800.346
849.903
900.648
952.478
1005.28
1059.05
1113.8
1169.45
1225.89
1283.02
1340.73
1398.91
1457.42
1516.12
1574.87
1633.5
1691.82
1749.62
1806.61
1862.43
1916.56
1968.2
2016.07
2057.22
2088.52
2105.58
2096.37
2041.34
1937.8
1811.17
1675.53
1538.58
1404.57
1275.82
1153.68
1039.15
934.338
840.376
748.148
661.789
584.973
518.271
461.938
415.869
379.551
352.05
332.077
318.151
308.799
302.722
298.88
296.505
295.064
294.204
293.698
293.403
293.231
293.132
293.074
293.041
293.023
293.012
293.006
293.003
293.001
293.001
293
293
293.001
293.002
293.005
293.011
293.021
293.04
293.073
293.131
293.231
293.405
293.7
294.196
295.02
296.354
298.466
301.724
306.602
313.668
323.536
336.781
353.847
374.967
400.129
429.108
461.536
496.988
535.052
575.367
617.644
661.663
707.264
754.326
802.755
852.466
903.373
955.371
1008.34
1062.31
1117.27
1173.13
1229.79
1287.14
1345.08
1403.48
1462.21
1521.13
1580.09
1638.92
1697.41
1755.35
1812.45
1868.32
1922.42
1973.89
2021.36
2061.44
2091.43
2106.15
2092.66
2029.95
1922.53
1794.15
1657.99
1521.24
1387.81
1259.87
1138.68
1025.22
922.28
829.273
737.462
652.327
576.855
511.525
456.518
411.675
376.439
349.843
330.581
317.181
308.194
302.357
298.666
296.383
294.996
294.166
293.678
293.392
293.225
293.129
293.073
293.041
293.022
293.012
293.006
293.003
293.001
293.001
293
293
293.001
293.003
293.006
293.011
293.022
293.04
293.074
293.132
293.234
293.41
293.708
294.211
295.047
296.399
298.539
301.839
306.777
313.926
323.899
337.271
354.481
375.756
401.075
430.208
462.782
498.374
536.569
577.01
619.412
663.558
709.288
756.484
805.053
854.911
905.97
958.126
1011.26
1065.41
1120.56
1176.6
1233.46
1291.01
1349.14
1407.74
1466.67
1525.78
1584.92
1643.91
1702.55
1760.61
1817.79
1873.69
1927.74
1979.05
2026.16
2065.24
2094.05
2106.63
2089.32
2019.9
1909.1
1779.21
1642.61
1506.04
1373.14
1245.95
1125.6
1013.08
911.843
819.571
727.987
643.96
569.701
505.591
451.753
407.989
373.704
347.901
329.264
316.324
307.658
302.032
298.475
296.273
294.935
294.132
293.659
293.382
293.22
293.126
293.071
293.04
293.022
293.012
293.006
293.003
293.001
293
293
293
293.001
293.003
293.006
293.011
293.022
293.041
293.074
293.133
293.237
293.414
293.716
294.226
295.071
296.44
298.606
301.944
306.938
314.162
324.231
337.721
355.066
376.484
401.95
431.227
463.941
499.663
537.983
578.546
621.067
665.332
711.184
758.507
807.207
857.201
908.401
960.702
1013.99
1068.3
1123.61
1179.83
1236.85
1294.58
1352.89
1411.66
1470.76
1530.03
1589.31
1648.44
1707.19
1765.34
1822.58
1878.5
1932.49
1983.61
2030.36
2068.71
2096.42
2107.06
2086.36
2011.08
1897.34
1766.17
1629.21
1492.81
1360.4
1233.88
1114.31
1002.64
902.963
811.032
719.556
636.578
563.431
500.405
447.594
404.773
371.318
346.208
328.113
315.575
307.188
301.747
298.306
296.176
294.879
294.101
293.642
293.372
293.215
293.123
293.07
293.039
293.021
293.011
293.006
293.003
293.001
293
293
293
293.001
293.003
293.006
293.011
293.022
293.041
293.075
293.135
293.239
293.418
293.724
294.238
295.093
296.477
298.666
302.039
307.083
314.375
324.533
338.13
355.598
377.149
402.751
432.161
465.003
500.847
539.284
579.959
622.591
666.967
712.933
760.371
809.192
859.31
910.638
963.069
1016.49
1070.95
1126.41
1182.77
1239.95
1297.83
1356.29
1415.21
1474.44
1533.85
1593.26
1652.49
1711.34
1769.56
1826.84
1882.75
1936.67
1987.62
2034.03
2071.78
2098.5
2107.4
2083.71
2003.35
1887.1
1754.83
1617.59
1481.35
1349.38
1223.47
1104.64
993.798
895.6
803.328
712.04
630.143
558.002
495.919
443.995
401.99
369.254
344.743
327.118
314.926
306.78
301.499
298.159
296.091
294.831
294.074
293.627
293.364
293.21
293.12
293.068
293.038
293.021
293.011
293.006
293.003
293.001
293
293
293
293.001
293.003
293.006
293.011
293.022
293.041
293.075
293.136
293.241
293.421
293.73
294.249
295.112
296.509
298.719
302.123
307.212
314.566
324.804
338.498
356.077
377.747
403.472
433.004
465.962
501.917
540.46
581.238
623.971
668.448
714.516
762.06
810.989
861.219
912.66
965.207
1018.75
1073.33
1128.92
1185.42
1242.73
1300.74
1359.33
1418.37
1477.72
1537.24
1596.75
1656.08
1715
1773.27
1830.57
1886.47
1940.31
1991.09
2037.19
2074.41
2100.24
2107.58
2081.19
1996.55
1878.2
1745.04
1607.57
1471.49
1339.91
1214.53
1096.37
986.417
889.551
795.575
705.655
624.721
553.395
492.089
440.914
399.606
367.487
343.489
326.266
314.37
306.43
301.285
298.033
296.017
294.789
294.051
293.614
293.357
293.206
293.118
293.067
293.037
293.021
293.011
293.006
293.003
293.001
293
293
293
293.001
293.003
293.006
293.011
293.022
293.041
293.076
293.137
293.242
293.424
293.735
294.259
295.129
296.538
298.766
302.198
307.327
314.735
325.044
338.824
356.5
378.277
404.111
433.75
466.812
502.867
541.504
582.373
625.196
669.764
715.923
763.56
812.584
862.912
914.453
967.1
1020.74
1075.44
1131.14
1187.75
1245.17
1303.29
1361.99
1421.13
1480.59
1540.2
1599.79
1659.19
1718.17
1776.48
1833.8
1889.67
1943.43
1994.06
2039.87
2076.61
2101.62
2107.54
2078.65
1990.56
1870.52
1736.66
1599.03
1463.1
1331.84
1206.89
1089.23
979.851
883.515
789.951
700.568
620.222
549.519
488.853
438.308
397.59
365.992
342.429
325.546
313.9
306.134
301.105
297.925
295.955
294.753
294.031
293.603
293.351
293.203
293.116
293.066
293.037
293.02
293.011
293.006
293.003
293.001
293
293
293
293.001
293.003
293.006
293.012
293.022
293.042
293.076
293.137
293.244
293.427
293.74
294.267
295.144
296.562
298.806
302.262
307.426
314.881
325.251
339.105
356.867
378.736
404.665
434.397
467.55
503.69
542.41
583.359
626.26
670.905
717.143
764.86
813.967
864.379
916.006
968.738
1022.47
1077.26
1133.05
1189.76
1247.27
1305.48
1364.27
1423.5
1483.04
1542.72
1602.39
1661.84
1720.87
1779.21
1836.53
1892.38
1946.08
1996.57
2042.06
2078.38
2102.67
2107.3
2076.16
1985.35
1863.99
1729.59
1591.85
1456.06
1325.07
1200.49
1083.25
974.345
878.449
785.274
696.338
616.476
546.29
486.157
436.138
395.912
364.749
341.548
324.948
313.509
305.888
300.954
297.836
295.903
294.723
294.014
293.593
293.345
293.2
293.115
293.065
293.036
293.02
293.011
293.006
293.003
293.001
293
293
293
293.001
293.003
293.006
293.012
293.022
293.042
293.077
293.138
293.245
293.429
293.744
294.274
295.156
296.583
298.84
302.316
307.508
315.004
325.425
339.342
357.176
379.122
405.131
434.942
468.17
504.384
543.173
584.189
627.156
671.867
718.171
765.956
815.131
865.613
917.31
970.114
1023.92
1078.78
1134.66
1191.44
1249.03
1307.32
1366.18
1425.48
1485.08
1544.82
1604.54
1664.04
1723.1
1781.46
1838.79
1894.61
1948.25
1998.62
2043.82
2079.76
2103.4
2106.88
2073.75
1980.9
1858.55
1723.76
1585.96
1450.29
1319.54
1195.26
1078.36
969.85
874.317
781.455
692.886
613.422
543.659
483.963
434.373
394.548
363.739
340.832
324.461
313.192
305.688
300.832
297.763
295.86
294.699
294
293.586
293.341
293.197
293.113
293.064
293.036
293.02
293.011
293.006
293.003
293.001
293
293
293
293.001
293.003
293.006
293.012
293.022
293.042
293.077
293.138
293.246
293.431
293.747
294.28
295.166
296.6
298.868
302.36
307.575
315.103
325.566
339.533
357.425
379.434
405.507
435.382
468.672
504.944
543.789
584.859
627.879
672.643
719.001
766.839
816.07
866.608
918.363
971.223
1025.09
1080.01
1135.95
1192.79
1250.44
1308.79
1367.7
1427.06
1486.71
1546.5
1606.25
1665.79
1724.88
1783.25
1840.58
1896.38
1949.96
2000.22
2045.17
2080.77
2103.84
2106.28
2071.3
1977.12
1854.13
1719.1
1581.29
1445.73
1315.17
1191.13
1074.51
966.314
871.069
778.448
690.171
611.022
541.594
482.241
432.988
393.477
362.947
340.27
324.08
312.943
305.531
300.736
297.705
295.826
294.68
293.989
293.579
293.338
293.195
293.112
293.064
293.036
293.02
293.011
293.005
293.003
293.001
293
293
293
293.001
293.003
293.006
293.012
293.022
293.042
293.077
293.139
293.246
293.432
293.75
294.284
295.173
296.612
298.888
302.393
307.626
315.178
325.672
339.678
357.614
379.671
405.792
435.716
469.052
505.369
544.256
585.367
628.428
673.232
719.629
767.509
816.781
867.362
919.158
972.061
1025.97
1080.94
1136.92
1193.81
1251.5
1309.89
1368.85
1428.25
1487.93
1547.76
1607.54
1667.1
1726.21
1784.59
1841.92
1897.7
1951.23
2001.4
2046.15
2081.48
2104.09
2105.69
2069.22
1974.18
1850.78
1715.6
1577.79
1442.33
1311.92
1188.06
1071.66
963.693
868.664
776.217
688.159
609.245
540.065
480.965
431.961
392.684
362.359
339.854
323.798
312.758
305.415
300.664
297.663
295.802
294.666
293.981
293.575
293.335
293.194
293.111
293.063
293.036
293.02
293.011
293.005
293.003
293.001
293
293
293
293.001
293.003
293.006
293.012
293.023
293.042
293.077
293.139
293.247
293.433
293.751
294.287
295.178
296.621
298.902
302.415
307.661
315.229
325.744
339.776
357.742
379.831
405.986
435.942
469.31
505.656
544.572
585.711
628.799
673.63
720.054
767.962
817.262
867.87
919.695
972.626
1026.56
1081.56
1137.57
1194.49
1252.22
1310.64
1369.62
1429.04
1488.75
1548.6
1608.4
1667.98
1727.1
1785.49
1842.81
1898.58
1952.08
2002.19
2046.8
2081.94
2104.23
2105.26
2067.76
1972.18
1848.53
1713.26
1575.46
1440.06
1309.76
1186.02
1069.76
961.96
867.077
774.741
686.829
608.069
539.053
480.121
431.281
392.157
361.968
339.576
323.608
312.635
305.336
300.617
297.634
295.785
294.656
293.976
293.572
293.333
293.193
293.111
293.063
293.035
293.019
293.01
293.005
293.003
293.001
293
293
293
293.001
293.003
293.006
293.012
293.023
293.042
293.077
293.139
293.247
293.434
293.752
294.289
295.18
296.625
298.909
302.426
307.677
315.254
325.78
339.825
357.805
379.91
406.081
436.054
469.437
505.799
544.73
585.883
628.984
673.829
720.268
768.189
817.504
868.127
919.966
972.911
1026.86
1081.88
1137.9
1194.84
1252.58
1311.01
1370.01
1429.44
1489.17
1549.02
1608.84
1668.42
1727.54
1785.94
1843.26
1899.02
1952.5
2002.58
2047.12
2082.17
2104.3
2105.03
2067.01
1971.17
1847.39
1712.08
1574.29
1438.93
1308.67
1185
1068.81
961.096
866.287
774.008
686.171
607.491
538.557
479.709
430.951
391.902
361.779
339.441
323.515
312.573
305.297
300.593
297.62
295.777
294.651
293.973
293.57
293.333
293.193
293.111
293.063
293.035
293.019
293.01
293.005
293.003
293.001
293
293
293
293.001
293.003
293.006
293.012
293.023
293.042
293.077
293.139
293.247
293.434
293.752
294.289
295.181
296.625
298.91
302.427
307.679
315.256
325.782
339.828
357.81
379.916
406.088
436.062
469.446
505.809
544.741
585.895
628.997
673.843
720.283
768.205
817.52
868.144
919.984
972.929
1026.88
1081.9
1137.92
1194.86
1252.6
1311.03
1370.03
1429.47
1489.19
1549.05
1608.86
1668.44
1727.56
1785.96
1843.28
1899.04
1952.52
2002.6
2047.14
2082.18
2104.3
2105.02
2066.98
1971.12
1847.34
1712.03
1574.24
1438.88
1308.63
1184.96
1068.78
961.061
866.255
773.978
686.144
607.467
538.537
479.692
430.937
391.892
361.771
339.435
323.511
312.571
305.296
300.592
297.619
295.776
294.651
293.973
293.57
293.332
293.193
293.111
293.063
293.035
293.019
293.01
293.005
293.003
293.001
293
293
293
293.001
293.003
293.006
293.012
293.023
293.042
293.077
293.139
293.247
293.433
293.751
294.288
295.179
296.622
298.904
302.418
307.664
315.235
325.752
339.787
357.756
379.848
406.006
435.966
469.337
505.687
544.606
585.747
628.838
673.671
720.098
768.008
817.31
867.921
919.748
972.68
1026.62
1081.62
1137.63
1194.55
1252.28
1310.7
1369.68
1429.1
1488.82
1548.66
1608.47
1668.04
1727.16
1785.55
1842.87
1898.63
1952.13
2002.24
2046.84
2081.97
2104.24
2105.23
2067.66
1972.05
1848.38
1713.11
1575.31
1439.92
1309.62
1185.9
1069.65
961.859
866.982
774.652
686.75
608
538.994
480.072
431.242
392.127
361.946
339.561
323.598
312.628
305.332
300.614
297.632
295.784
294.655
293.975
293.572
293.333
293.193
293.111
293.063
293.035
293.019
293.01
293.005
293.003
293.001
293
293
293
293.001
293.003
293.006
293.012
293.022
293.042
293.077
293.139
293.247
293.432
293.75
294.285
295.174
296.614
298.891
302.397
307.633
315.188
325.686
339.697
357.639
379.701
405.829
435.758
469.1
505.422
544.314
585.43
628.495
673.303
719.704
767.588
816.864
867.447
919.247
972.152
1026.06
1081.04
1137.02
1193.91
1251.61
1310
1368.96
1428.35
1488.04
1547.86
1607.65
1667.21
1726.31
1784.7
1842.02
1897.8
1951.32
2001.49
2046.22
2081.53
2104.1
2105.64
2069.05
1973.96
1850.53
1715.34
1577.54
1442.08
1311.69
1187.85
1071.46
963.517
868.504
776.067
688.025
609.126
539.963
480.88
431.892
392.63
362.319
339.826
323.778
312.746
305.407
300.66
297.66
295.8
294.665
293.981
293.575
293.335
293.194
293.111
293.063
293.036
293.02
293.01
293.005
293.003
293.001
293
293
293
293.001
293.003
293.006
293.012
293.022
293.042
293.077
293.138
293.246
293.431
293.748
294.281
295.167
296.602
298.872
302.366
307.585
315.117
325.585
339.56
357.459
379.477
405.558
435.441
468.739
505.018
543.87
584.946
627.973
672.743
719.105
766.95
816.185
866.728
918.487
971.35
1025.22
1080.15
1136.08
1192.93
1250.58
1308.93
1367.85
1427.21
1486.86
1546.65
1606.4
1665.94
1725.03
1783.4
1840.72
1896.52
1950.09
2000.34
2045.27
2080.84
2103.86
2106.22
2071.08
1976.82
1853.79
1718.74
1580.93
1445.39
1314.85
1190.83
1074.23
966.06
870.838
778.234
689.98
610.854
541.45
482.12
432.891
393.402
362.891
340.231
324.053
312.925
305.52
300.729
297.701
295.824
294.678
293.988
293.579
293.337
293.195
293.112
293.064
293.036
293.02
293.011
293.005
293.003
293.001
293
293
293
293.001
293.003
293.006
293.012
293.022
293.042
293.077
293.138
293.245
293.43
293.745
294.276
295.158
296.586
298.845
302.324
307.521
315.022
325.45
339.375
357.219
379.176
405.195
435.018
468.256
504.479
543.276
584.301
627.276
671.994
718.305
766.097
815.279
865.767
917.47
970.279
1024.09
1078.96
1134.83
1191.62
1249.22
1307.5
1366.37
1425.67
1485.27
1545.02
1604.73
1664.23
1723.29
1781.65
1838.97
1894.79
1948.42
1998.78
2043.96
2079.86
2103.45
2106.84
2073.53
1980.54
1858.12
1723.3
1585.51
1449.85
1319.12
1194.86
1078
969.521
874.017
781.178
692.638
613.204
543.472
483.807
434.247
394.45
363.667
340.78
324.426
313.169
305.674
300.823
297.757
295.857
294.697
293.999
293.585
293.341
293.197
293.113
293.064
293.036
293.02
293.011
293.006
293.003
293.001
293
293
293
293.001
293.003
293.006
293.012
293.022
293.042
293.076
293.137
293.244
293.428
293.741
294.269
295.146
296.566
298.812
302.272
307.44
314.903
325.281
339.146
356.92
378.802
404.743
434.489
467.654
503.806
542.537
583.496
626.407
671.061
717.308
765.034
814.148
864.568
916.201
968.94
1022.68
1077.47
1133.27
1189.98
1247.5
1305.71
1364.5
1423.74
1483.28
1542.96
1602.62
1662.08
1721.1
1779.44
1836.76
1892.6
1946.29
1996.77
2042.24
2078.52
2102.75
2107.29
2075.99
1984.96
1863.49
1729.04
1591.3
1455.52
1324.56
1200.01
1082.81
973.942
878.081
784.935
696.034
616.208
546.06
485.965
435.983
395.791
364.66
341.484
324.904
313.481
305.87
300.943
297.829
295.899
294.721
294.013
293.593
293.345
293.2
293.114
293.065
293.036
293.02
293.011
293.006
293.003
293.001
293
293
293
293.001
293.003
293.006
293.012
293.022
293.042
293.076
293.137
293.242
293.425
293.736
294.261
295.132
296.542
298.773
302.209
307.344
314.76
325.079
338.871
356.562
378.354
404.204
433.859
466.935
503.004
541.654
582.536
625.37
669.949
716.118
763.765
812.798
863.135
914.685
967.339
1020.99
1075.69
1131.4
1188.02
1245.44
1303.56
1362.26
1421.41
1480.87
1540.48
1600.07
1659.47
1718.45
1776.76
1834.07
1889.93
1943.69
1994.3
2040.07
2076.77
2101.73
2107.53
2078.44
1990.09
1869.92
1736.01
1598.38
1462.46
1331.23
1206.32
1088.71
979.375
883.079
789.547
700.205
619.902
549.242
488.621
438.121
397.445
365.884
342.352
325.494
313.866
306.113
301.091
297.917
295.95
294.751
294.029
293.602
293.35
293.202
293.116
293.066
293.037
293.02
293.011
293.006
293.003
293.001
293
293
293
293.001
293.003
293.006
293.011
293.022
293.041
293.076
293.136
293.241
293.422
293.731
294.251
295.115
296.514
298.727
302.136
307.232
314.595
324.845
338.553
356.148
377.837
403.579
433.129
466.104
502.076
540.634
581.426
624.172
668.662
714.742
762.297
811.237
861.477
912.929
965.484
1019.03
1073.62
1129.22
1185.73
1243.04
1301.05
1359.65
1418.69
1478.05
1537.56
1597.08
1656.4
1715.32
1773.59
1830.89
1886.77
1940.6
1991.36
2037.44
2074.61
2100.37
2107.59
2080.97
1996.01
1877.51
1744.29
1606.82
1470.76
1339.21
1213.89
1095.79
985.896
889.081
795.069
705.21
624.338
553.069
491.817
440.694
399.435
367.36
343.398
326.204
314.329
306.405
301.27
298.023
296.012
294.786
294.049
293.613
293.356
293.206
293.118
293.067
293.037
293.021
293.011
293.006
293.003
293.001
293
293
293
293.001
293.003
293.006
293.011
293.022
293.041
293.075
293.135
293.239
293.419
293.725
294.24
295.096
296.482
298.675
302.054
307.105
314.408
324.579
338.193
355.679
377.25
402.873
432.304
465.165
501.028
539.482
580.173
622.82
667.211
713.19
760.642
809.475
859.605
910.944
963.384
1016.81
1071.28
1126.75
1183.12
1240.31
1298.19
1356.65
1415.58
1474.81
1534.22
1593.63
1652.86
1711.71
1769.93
1827.2
1883.1
1937
1987.93
2034.31
2072.01
2098.65
2107.42
2083.49
2002.75
1886.32
1753.98
1616.73
1480.52
1348.61
1222.79
1104.11
993.567
896.151
801.573
711.193
629.615
557.604
495.6
443.739
401.791
369.106
344.638
327.046
314.878
306.75
301.48
298.148
296.084
294.827
294.072
293.626
293.363
293.21
293.12
293.068
293.038
293.021
293.011
293.006
293.003
293.001
293
293
293
293.001
293.003
293.006
293.011
293.022
293.041
293.074
293.134
293.237
293.415
293.718
294.228
295.075
296.446
298.616
301.961
306.963
314.198
324.283
337.791
355.157
376.598
402.088
431.388
464.123
499.866
538.206
578.787
621.325
665.607
711.474
758.811
807.525
857.533
908.745
961.056
1014.35
1068.67
1123.99
1180.22
1237.25
1294.98
1353.3
1412.07
1471.17
1530.44
1589.73
1648.85
1707.6
1765.75
1822.99
1878.89
1932.86
1983.97
2030.68
2068.98
2096.6
2107.08
2086.13
2010.41
1896.47
1765.21
1628.24
1491.87
1359.53
1233.11
1113.69
1002.25
902.797
810.061
718.673
635.949
562.957
500.032
447.299
404.544
371.148
346.086
328.03
315.52
307.153
301.726
298.294
296.169
294.875
294.099
293.641
293.372
293.214
293.123
293.069
293.039
293.021
293.011
293.006
293.003
293.001
293
293
293
293.001
293.003
293.006
293.011
293.022
293.04
293.074
293.132
293.235
293.41
293.71
294.214
295.051
296.406
298.551
301.857
306.805
313.967
323.956
337.349
354.583
375.883
401.228
430.387
462.986
498.6
536.817
577.279
619.7
663.864
709.61
756.823
805.407
855.28
906.353
958.521
1011.67
1065.83
1120.98
1177.04
1233.9
1291.46
1349.6
1408.2
1467.13
1526.24
1585.38
1644.37
1703
1761.06
1818.23
1874.13
1928.16
1979.45
2026.53
2065.52
2094.24
2106.66
2089.07
2019.15
1908.11
1778.13
1641.52
1504.97
1372.13
1245.01
1124.76
1012.33
911.249
818.911
727.322
643.378
569.206
505.181
451.422
407.73
373.511
347.763
329.168
316.261
307.618
302.008
298.46
296.265
294.93
294.129
293.657
293.381
293.219
293.125
293.071
293.04
293.022
293.012
293.006
293.003
293.001
293
293
293
293.001
293.003
293.006
293.011
293.021
293.04
293.073
293.131
293.232
293.405
293.701
294.198
295.024
296.362
298.479
301.744
306.632
313.713
323.599
336.867
353.96
375.108
400.299
429.306
461.761
497.24
535.327
575.664
617.962
662.001
707.621
754.701
803.147
852.874
903.796
955.808
1008.79
1062.77
1117.74
1173.61
1230.27
1287.63
1345.58
1403.98
1462.72
1521.64
1580.6
1639.42
1697.92
1755.85
1812.94
1868.8
1922.88
1974.32
2021.76
2061.75
2091.64
2106.19
2092.38
2029.11
1921.42
1792.94
1656.76
1520.04
1386.67
1258.8
1137.68
1024.28
921.475
828.535
736.745
651.691
576.306
511.065
456.144
411.383
376.22
349.685
330.473
317.109
308.149
302.329
298.649
296.373
294.991
294.163
293.676
293.391
293.225
293.128
293.072
293.04
293.022
293.012
293.006
293.003
293.001
293.001
293
293
293.001
293.002
293.005
293.011
293.021
293.04
293.072
293.129
293.229
293.4
293.691
294.181
294.994
296.312
298.399
301.618
306.442
313.435
323.21
336.344
353.286
374.274
399.302
428.152
460.459
495.797
533.752
573.961
616.133
660.045
705.534
752.476
800.777
850.352
901.112
952.957
1005.77
1059.55
1114.32
1169.97
1226.42
1283.56
1341.28
1399.46
1457.97
1516.68
1575.43
1634.05
1692.37
1750.16
1807.14
1862.95
1917.06
1968.67
2016.49
2057.56
2088.75
2105.62
2096.07
2040.4
1936.56
1809.82
1674.16
1537.26
1403.31
1274.63
1152.56
1038.1
933.438
839.528
747.318
661.048
584.336
517.742
461.511
415.536
379.301
351.869
331.952
318.069
308.747
302.69
298.86
296.494
295.058
294.2
293.696
293.402
293.231
293.131
293.074
293.041
293.023
293.012
293.006
293.003
293.001
293.001
293
293
293.001
293.002
293.005
293.011
293.021
293.039
293.071
293.127
293.225
293.394
293.68
294.162
294.961
296.257
298.31
301.48
306.235
313.135
322.791
335.783
352.566
373.385
398.246
426.934
459.089
494.287
532.11
572.193
614.24
658.026
703.383
750.187
798.341
847.758
898.352
950.02
1002.65
1056.22
1110.77
1166.2
1222.41
1279.3
1336.77
1394.69
1452.95
1511.41
1569.92
1628.31
1686.42
1744.03
1800.87
1856.61
1910.75
1962.55
2010.82
2053.06
2085.78
2104.64
2099.99
2053.03
1953.56
1828.8
1693.76
1556.69
1422.13
1292.57
1169.47
1053.84
947.249
852.385
759.294
671.6
593.394
525.28
467.573
420.226
382.779
354.333
333.618
319.145
309.415
303.09
299.093
296.625
295.131
294.24
293.718
293.414
293.237
293.135
293.076
293.042
293.023
293.012
293.006
293.003
293.001
293.001
293
293
293.001
293.002
293.005
293.011
293.021
293.038
293.07
293.125
293.221
293.386
293.667
294.139
294.923
296.194
298.21
301.325
306.003
312.801
322.329
335.171
351.788
372.435
397.126
425.655
457.663
492.726
530.425
570.389
612.319
655.985
701.217
747.886
795.895
845.156
895.581
947.069
999.499
1052.86
1107.18
1162.37
1218.32
1274.95
1332.14
1389.79
1447.76
1505.93
1564.16
1622.29
1680.15
1737.54
1794.21
1849.83
1903.96
1955.9
2004.55
2047.86
2082.06
2103.64
2104.08
2066.4
1971.85
1849.49
1715.31
1578.21
1443.07
1312.6
1188.35
1071.34
962.6
866.062
772.349
683.279
603.487
533.707
474.358
425.475
386.663
357.075
335.462
320.33
310.144
303.522
299.341
296.764
295.207
294.281
293.74
293.425
293.243
293.138
293.078
293.043
293.024
293.013
293.007
293.003
293.001
293.001
293
293
293.001
293.002
293.005
293.011
293.02
293.038
293.068
293.123
293.216
293.378
293.652
294.114
294.88
296.125
298.101
301.158
305.755
312.447
321.842
334.529
350.976
371.448
395.969
424.34
456.207
491.144
528.729
568.586
610.412
653.971
699.089
745.635
793.508
842.619
892.881
944.191
996.43
1049.58
1103.66
1158.59
1214.28
1270.62
1327.52
1384.87
1442.53
1500.4
1558.32
1616.15
1673.73
1730.86
1787.3
1842.78
1896.85
1948.89
1997.89
2042.2
2077.85
2101.87
2106.93
2077.56
1989.94
1871.06
1738.31
1601.46
1465.86
1334.48
1208.98
1090.42
979.792
881.599
786.626
696.045
614.58
543.016
481.875
431.295
390.968
360.107
337.494
321.626
310.935
303.986
299.603
296.908
295.284
294.321
293.761
293.436
293.249
293.141
293.079
293.044
293.024
293.013
293.007
293.003
293.001
293.001
293
293
293.001
293.002
293.005
293.01
293.02
293.037
293.067
293.119
293.211
293.367
293.634
294.083
294.828
296.04
297.967
300.954
305.455
312.023
321.269
333.786
350.054
370.351
394.713
422.945
454.696
489.536
527.038
566.819
608.569
652.048
697.076
743.52
791.276
840.254
890.365
941.508
993.564
1046.5
1100.35
1155.03
1210.45
1266.51
1323.1
1380.13
1437.48
1495.01
1552.61
1610.12
1667.38
1724.22
1780.42
1835.69
1889.66
1941.74
1991.02
2036.01
2072.93
2099.11
2107.85
2084.94
2006.81
1892.71
1762.11
1625.9
1490.03
1357.82
1231.12
1111.06
998.7
898.864
802.256
710.008
626.702
553.188
490.077
437.62
395.61
363.34
339.626
322.961
311.73
304.439
299.852
297.04
295.352
294.356
293.778
293.445
293.253
293.143
293.08
293.044
293.024
293.013
293.007
293.003
293.001
293.001
293
293
293.001
293.002
293.005
293.01
293.019
293.036
293.065
293.116
293.204
293.356
293.614
294.049
294.772
295.95
297.827
300.744
305.151
311.6
320.703
333.062
349.165
369.303
393.521
421.631
453.283
488.044
525.481
565.206
606.902
650.322
695.284
741.648
789.31
838.177
888.158
939.154
991.045
1043.79
1097.42
1151.86
1207.03
1262.81
1319.12
1375.85
1432.88
1490.09
1547.36
1604.54
1661.49
1718.03
1773.96
1829
1882.81
1934.85
1984.28
2029.73
2067.71
2095.72
2107.78
2090.73
2022.7
1913.83
1785.72
1650.41
1514.48
1381.61
1253.84
1132.4
1018.38
916.8
818.814
725.494
639.967
564.261
499.004
444.516
400.682
366.872
341.951
324.405
312.58
304.914
300.105
297.169
295.415
294.386
293.792
293.451
293.255
293.144
293.081
293.045
293.024
293.013
293.007
293.003
293.001
293.001
293
293
293.001
293.002
293.005
293.01
293.018
293.034
293.062
293.111
293.195
293.34
293.587
294.003
294.695
295.828
297.639
300.463
304.746
311.038
319.958
332.117
348.023
367.985
392.065
420.083
451.686
486.435
523.883
563.632
605.352
648.79
693.754
740.104
787.73
836.537
886.435
937.324
989.087
1041.67
1095.12
1149.37
1204.31
1259.86
1315.92
1372.38
1429.14
1486.07
1543.05
1599.95
1656.62
1712.89
1768.56
1823.39
1877.03
1928.98
1978.47
2024.23
2063.3
2092.78
2107.59
2095.57
2036.58
1932.55
1806.89
1672.6
1536.84
1403.6
1275.06
1152.54
1037.06
932.316
835.409
741
653.306
575.373
507.883
451.257
405.504
370.098
343.959
325.567
313.203
305.223
300.245
297.225
295.433
294.389
293.791
293.449
293.254
293.143
293.08
293.044
293.024
293.013
293.007
293.003
293.001
293.001
293
293
293.001
293.002
293.005
293.009
293.018
293.033
293.06
293.106
293.186
293.323
293.555
293.947
294.6
295.673
297.397
300.1
304.227
310.334
319.052
331.017
346.761
366.615
390.648
418.678
450.338
485.17
522.712
562.55
604.346
647.841
692.841
739.204
786.82
835.595
885.439
936.255
987.927
1040.4
1093.73
1147.83
1202.63
1258.02
1313.91
1370.2
1426.78
1483.53
1540.34
1597.06
1653.55
1709.65
1765.17
1819.86
1873.39
1925.29
1974.82
2020.77
2060.51
2090.92
2107.47
2098.72
2045.72
1944.97
1821.08
1687.66
1552.26
1419.04
1290.32
1167.46
1051.49
945.287
847.996
753.701
664.949
585.599
516.486
458.136
410.674
373.711
346.282
326.928
313.925
305.564
300.385
297.27
295.44
294.388
293.787
293.446
293.252
293.142
293.079
293.044
293.024
293.013
293.007
293.003
293.001
293.001
293
)
;

boundaryField
{
    fuel
    {
        type            fixedValue;
        value           uniform 293;
    }
    air
    {
        type            fixedValue;
        value           uniform 293;
    }
    outlet
    {
        type            inletOutlet;
        inletValue      uniform 293;
        value           nonuniform List<scalar> 
200
(
293
293.001
293.002
293.005
293.01
293.018
293.034
293.061
293.108
293.189
293.328
293.564
293.961
294.622
295.708
297.448
300.175
304.332
310.477
319.237
331.245
347.028
366.911
390.959
418.987
450.626
485.423
522.915
562.692
604.419
647.837
692.755
739.031
786.556
835.237
884.985
935.702
987.276
1039.65
1092.88
1146.88
1201.58
1256.87
1312.67
1368.86
1425.35
1482.02
1538.75
1595.39
1651.82
1707.86
1763.32
1817.98
1871.5
1923.41
1972.99
2019.07
2059.12
2089.94
2106.66
2099.19
2048.45
1948.87
1825.57
1692.41
1557.08
1423.83
1295.01
1171.99
1055.79
949.765
852.13
757.451
668.297
588.606
519.132
460.382
412.5
375.124
347.32
327.654
314.408
305.873
300.576
297.385
295.508
294.427
293.811
293.459
293.26
293.146
293.082
293.045
293.025
293.013
293.007
293.003
293.002
293.001
293
293
293.001
293.002
293.005
293.01
293.018
293.034
293.061
293.108
293.19
293.33
293.567
293.966
294.63
295.721
297.47
300.21
304.387
310.558
319.354
331.407
347.242
367.181
391.288
419.372
451.065
485.91
523.447
563.263
605.026
648.478
693.426
739.73
787.28
835.985
885.754
936.489
988.078
1040.47
1093.71
1147.72
1202.42
1257.72
1313.52
1369.72
1426.21
1482.87
1539.59
1596.23
1652.64
1708.67
1764.13
1818.76
1872.26
1924.14
1973.68
2019.68
2059.56
2090.13
2106.91
2098.84
2047.14
1947.08
1823.57
1690.34
1555.04
1421.86
1293.13
1170.21
1054.13
948.369
850.871
756.213
667.173
587.619
518.293
459.696
411.962
374.722
347.036
327.463
314.287
305.799
300.533
297.361
295.494
294.42
293.807
293.457
293.259
293.146
293.081
293.045
293.025
293.013
293.007
293.003
293.002
293.001
293
)
;
    }
    frontAndBack
    {
        type            empty;
    }
}


// ************************************************************************* //
