#           x             T           CH4            O2            N2           CO2           H2O
       0.0006       300.594      0.990156   8.15625e-08     0.0098092   1.89635e-05   1.55253e-05
       0.0007       302.919       0.98713   1.08396e-07     0.0128223   2.59287e-05   2.12276e-05
       0.0008       305.243      0.984104   1.35229e-07     0.0158354   3.28939e-05   2.69299e-05
       0.0009       308.295       0.98012   1.72442e-07     0.0198011   4.33625e-05   3.55005e-05
        0.001       311.347      0.976135   2.09655e-07     0.0237668   5.38311e-05   4.40711e-05
       0.0011       315.242      0.971034   2.60055e-07     0.0288396   6.92714e-05   5.67118e-05
       0.0012       319.137      0.965933   3.10455e-07     0.0339125   8.47116e-05   6.93526e-05
       0.0013       323.972      0.959583   3.77023e-07     0.0402224   0.000106977   8.75813e-05
       0.0014       328.807      0.953232    4.4359e-07     0.0465323   0.000129243    0.00010581
       0.0015       334.648       0.94554   5.29235e-07     0.0541679   0.000160557   0.000131447
       0.0016        340.49      0.937847   6.14881e-07     0.0618035   0.000191872   0.000157084
       0.0017       347.366      0.928774   7.22162e-07      0.070799   0.000234766   0.000192201
       0.0018       354.243        0.9197   8.29444e-07     0.0797944    0.00027766   0.000227318
       0.0019       362.142      0.909267   9.60297e-07     0.0901233   0.000334866   0.000274151
        0.002       370.041      0.898833   1.09115e-06      0.100452   0.000392071   0.000320985
       0.0021       378.912      0.887121   1.24668e-06      0.112029   0.000466393   0.000381832
       0.0022       387.782      0.875409   1.40222e-06      0.123606   0.000540715   0.000442678
       0.0023       397.543      0.862548   1.58261e-06      0.136296   0.000634899   0.000519786
       0.0024       407.304      0.849686     1.763e-06      0.148986   0.000729084   0.000596895
       0.0025       417.856      0.835842    1.9675e-06      0.162618   0.000845706   0.000692372
       0.0026       428.407      0.821999     2.172e-06      0.176249   0.000962328    0.00078785
       0.0027        439.64      0.807362   2.39901e-06      0.190628    0.00110371   0.000903596
       0.0028       450.873      0.792725   2.62603e-06      0.205008    0.00124509    0.00101934
       0.0029       462.682      0.777492   2.87327e-06      0.219935    0.00141325    0.00115701
        0.003       474.491      0.762259   3.12052e-06      0.234862    0.00158141    0.00129468
       0.0031       486.777      0.746624   3.38521e-06      0.250139    0.00177803    0.00145566
       0.0032       499.063      0.730989    3.6499e-06      0.265417    0.00197466    0.00161664
       0.0033        511.74      0.715133   3.92889e-06      0.280861    0.00220114    0.00180205
       0.0034       524.417      0.699276   4.20789e-06      0.296304    0.00242762    0.00198747
       0.0035       537.412      0.683363   4.49789e-06      0.311749    0.00268504    0.00219822
       0.0036       550.408       0.66745   4.78789e-06      0.327193    0.00294246    0.00240897
       0.0037       563.664      0.651623   5.08556e-06      0.342494    0.00323165    0.00264572
       0.0038       576.919      0.635796   5.38322e-06      0.357795    0.00352084    0.00288248
       0.0039       590.389      0.620176   5.68529e-06       0.37283    0.00384239    0.00314574
        0.004       603.859      0.604556   5.98736e-06      0.387865    0.00416395    0.00340899
       0.0041       617.507      0.589242   6.29073e-06      0.402534     0.0045183    0.00369909
       0.0042       631.155      0.573928   6.59411e-06      0.417204    0.00487264    0.00398919
       0.0043       644.955      0.558999   6.89592e-06      0.431428    0.00526004    0.00430635
       0.0044       658.755       0.54407   7.19773e-06      0.445652    0.00564744    0.00462351
       0.0045       672.689      0.529587   7.49537e-06       0.45937    0.00606803    0.00496784
       0.0046       686.623      0.515103   7.79302e-06      0.473088    0.00648862    0.00531218
       0.0046       686.623      0.515103   7.79302e-06      0.473088    0.00648862    0.00531218
       0.0046       686.623      0.515103   7.79302e-06      0.473088    0.00648862    0.00531218
       0.0047       700.677      0.501109   8.08422e-06      0.486256    0.00694245    0.00568372
       0.0048       714.731      0.487115   8.37542e-06      0.499424    0.00739628    0.00605527
       0.0049       728.896      0.473642   8.65824e-06      0.512012    0.00788331      0.006454
        0.005       743.061      0.460168   8.94106e-06        0.5246    0.00837035    0.00685273
       0.0051       757.332      0.447233   9.21396e-06      0.536589     0.0088905    0.00727858
       0.0052       771.603      0.434298   9.48686e-06      0.548578    0.00941065    0.00770442
       0.0053       785.976       0.42191   9.74876e-06      0.559959    0.00996377    0.00815725
       0.0054        800.35      0.409522   1.00107e-05      0.571341     0.0105169    0.00861009
       0.0055       814.823      0.397683    1.0261e-05      0.582114     0.0111028    0.00908977
       0.0056       829.297      0.385843   1.05113e-05      0.592888     0.0116887    0.00956944
       0.0056       829.297      0.385843   1.05113e-05      0.592888     0.0116887    0.00956944
       0.0056       829.297      0.385843   1.05113e-05      0.592888     0.0116887    0.00956944
       0.0057        843.87      0.374547   1.07502e-05      0.603059     0.0123072     0.0100758
       0.0058       858.443      0.363251    1.0989e-05       0.61323     0.0129257     0.0105821
       0.0059       873.114      0.352488   1.12174e-05      0.622809     0.0135764     0.0111149
        0.006       887.785      0.341725   1.14457e-05      0.632388     0.0142272     0.0116477
       0.0061       902.554      0.331482   1.16654e-05      0.641389       0.01491     0.0122067
       0.0062       917.323      0.321239   1.18851e-05      0.650391     0.0155928     0.0127657
       0.0062       917.323      0.321239   1.18851e-05      0.650391     0.0155928     0.0127657
       0.0062       917.323      0.321239   1.18851e-05      0.650391     0.0155928     0.0127657
       0.0063       932.189      0.311499   1.20994e-05      0.658831     0.0163073     0.0133506
       0.0064       947.055      0.301759   1.23137e-05      0.667272     0.0170218     0.0139356
       0.0065       962.016      0.292504   1.25274e-05       0.67517     0.0177676     0.0145461
       0.0066       976.978      0.283249   1.27411e-05      0.683068     0.0185134     0.0151567
       0.0066       976.978      0.283249   1.27411e-05      0.683068     0.0185134     0.0151567
       0.0066       976.978      0.283249   1.27411e-05      0.683068     0.0185134     0.0151567
       0.0067       992.038      0.274461    1.2961e-05      0.690443     0.0192901     0.0157926
       0.0068        1007.1      0.265672   1.31808e-05      0.697819     0.0200668     0.0164285
       0.0069       1022.27       0.25733   1.34159e-05      0.704694     0.0208739     0.0170893
        0.007       1037.45      0.248987   1.36509e-05      0.711568      0.021681       0.01775
       0.0071       1052.75      0.241071   1.39133e-05      0.717962      0.022518     0.0184353
       0.0072       1068.06      0.233154   1.41756e-05      0.724356      0.023355     0.0191206
       0.0073       1083.48      0.225643   1.44808e-05      0.730291     0.0242214     0.0198298
       0.0074       1098.91      0.218131    1.4786e-05      0.736227     0.0250878     0.0205391
       0.0074       1098.91      0.218131    1.4786e-05      0.736227     0.0250878     0.0205391
       0.0074       1098.91      0.218132    1.4786e-05      0.736227     0.0250878     0.0205391
       0.0075       1114.47      0.211006   1.51543e-05      0.741724     0.0259829     0.0212719
       0.0076       1130.03       0.20388   1.55227e-05      0.747221     0.0268779     0.0220047
      0.00765       1137.88        0.2005   1.57514e-05      0.749761     0.0273395     0.0223826
       0.0077       1145.72      0.197121   1.59801e-05      0.752302      0.027801     0.0227605
      0.00775       1153.56      0.193741   1.62088e-05      0.754842     0.0282626     0.0231383
       0.0078        1161.4      0.190361   1.64376e-05      0.757382     0.0287241     0.0235162
       0.0079       1177.22      0.183948    1.7018e-05      0.762066     0.0296745     0.0242942
        0.008       1193.03      0.177535   1.75984e-05       0.76675     0.0306249     0.0250723
       0.0081       1208.97      0.171451    1.8346e-05      0.771057     0.0316017     0.0258721
       0.0082        1224.9      0.165366   1.90935e-05      0.775364     0.0325786     0.0266718
       0.0083       1240.97      0.159592   2.00667e-05      0.779314     0.0335811     0.0274925
       0.0084       1257.02      0.153818   2.10398e-05      0.783264     0.0345836     0.0283132
       0.0084       1257.03      0.153818   2.10398e-05      0.783264     0.0345836     0.0283133
       0.0084       1257.02      0.153818   2.10398e-05      0.783264     0.0345836     0.0283132
       0.0085        1273.2      0.148338   2.23165e-05      0.786875     0.0356107     0.0291542
       0.0086       1289.38      0.142858   2.35932e-05      0.790485     0.0366378      0.029995
       0.0087       1305.67      0.137655   2.52782e-05      0.793775     0.0376886     0.0308553
       0.0088       1321.96      0.132453   2.69633e-05      0.797065     0.0387394     0.0317156
       0.0089       1338.37      0.127513   2.91978e-05      0.800051     0.0398127     0.0325943
        0.009       1354.76      0.122573   3.14323e-05      0.803037      0.040886      0.033473
       0.0091       1371.26       0.11788   3.44059e-05      0.805736     0.0419807     0.0343692
       0.0092       1387.76      0.113187   3.73795e-05      0.808434     0.0430753     0.0352654
       0.0092       1387.76      0.113187   3.73795e-05      0.808434     0.0430753     0.0352654
       0.0092       1387.76      0.113187   3.73795e-05      0.808434     0.0430753     0.0352654
       0.0093       1404.36      0.108729   4.13456e-05      0.810862       0.04419      0.036178
       0.0094       1420.95       0.10427   4.53116e-05      0.813289     0.0453048     0.0370906
       0.0095       1437.63      0.100033   5.06663e-05       0.81546     0.0464381     0.0380184
       0.0096        1454.3     0.0957956   5.60209e-05      0.817631     0.0475713     0.0389462
       0.0097       1471.05     0.0917673   6.34863e-05       0.81956     0.0487215     0.0398879
       0.0098       1487.79      0.087739   7.09516e-05      0.821489     0.0498717     0.0408295
       0.0099       1504.58     0.0839086   8.15469e-05       0.82319     0.0510367     0.0417833
         0.01       1521.38     0.0800781   9.21423e-05      0.824891     0.0522017      0.042737
       0.0101        1538.2      0.076435   0.000107367      0.826377     0.0533792     0.0437011
       0.0102       1555.02     0.0727918   0.000122592      0.827864     0.0545567     0.0446651
       0.0103       1571.83     0.0693264   0.000144649      0.829148     0.0557438      0.045637
       0.0104       1588.64      0.065861   0.000166706      0.830432     0.0569309     0.0466088
       0.0105       1605.42     0.0625645    0.00019887      0.831527     0.0581239     0.0475855
       0.0106       1622.19      0.059268   0.000231035      0.832622     0.0593169     0.0485623
       0.0107       1638.87     0.0561327   0.000278173      0.833538      0.060511     0.0495398
       0.0108       1655.54     0.0529975   0.000325311      0.834455     0.0617051     0.0505174
       0.0109       1672.04     0.0500167   0.000394309      0.835204     0.0628941     0.0514908
        0.011       1688.55      0.047036   0.000463307      0.835954      0.064083     0.0524642
       0.0111       1704.78     0.0442044   0.000563997      0.836547     0.0652586     0.0534266
       0.0112       1721.01     0.0413728   0.000664687      0.837139     0.0664341      0.054389
       0.0113       1736.82     0.0386865   0.000811255      0.837586     0.0675849     0.0553312
       0.0114       1752.64     0.0360002   0.000957822      0.838033     0.0687357     0.0562733
       0.0115       1767.83      0.033459    0.00117049      0.838343     0.0698455     0.0571819
       0.0116       1783.02     0.0309178    0.00138317      0.838653     0.0709553     0.0580905
       0.0117       1797.19     0.0285426    0.00168773      0.838835     0.0719939     0.0589408
       0.0118       1811.35     0.0261673    0.00199229      0.839017     0.0730325      0.059791
       0.0119       1824.24     0.0239374    0.00243343      0.839081     0.0739811     0.0605677
        0.012       1837.14     0.0217075    0.00287456      0.839144     0.0749297     0.0613442
       0.0121       1848.26     0.0196241    0.00350938      0.839099     0.0757508     0.0620165
       0.0122       1859.38     0.0175407    0.00414421      0.839055     0.0765718     0.0626887
      0.01225       1863.58     0.0165945    0.00459533      0.838982     0.0768839     0.0629442
       0.0123       1867.78     0.0156482    0.00504645       0.83891      0.077196     0.0631997
      0.01235       1871.98      0.014702    0.00549757      0.838837     0.0775081     0.0634552
       0.0124       1876.18     0.0137558    0.00594869      0.838765     0.0778202     0.0637107
       0.0125       1880.85      0.012064      0.007237      0.838527     0.0781727     0.0639993
       0.0126       1885.51     0.0103722     0.0085253      0.838289     0.0785252     0.0642879
       0.0126       1885.51     0.0103722     0.0085253       0.83829     0.0785252     0.0642879
       0.0126       1885.51     0.0103722     0.0085253       0.83829     0.0785252     0.0642879
       0.0127       1884.82    0.00889501     0.0103937      0.837961     0.0784906     0.0642595
       0.0128       1884.13    0.00741784     0.0122621      0.837633     0.0784559     0.0642312
       0.0129       1875.63    0.00621567     0.0149669      0.837219     0.0778574     0.0637412
        0.013       1867.12     0.0050135     0.0176717      0.836805     0.0772589     0.0632512
       0.0131       1848.73    0.00414853      0.021394      0.836313     0.0759582     0.0621863
       0.0132       1830.35    0.00328356     0.0251164      0.835821     0.0746576     0.0611215
      0.01325       1816.87    0.00299587     0.0274022      0.835538     0.0737146     0.0603495
       0.0133       1803.38    0.00270817     0.0296881      0.835255     0.0727716     0.0595774
      0.01335        1789.9    0.00242047      0.031974      0.834972     0.0718286     0.0588054
       0.0134       1776.41    0.00213278     0.0342599      0.834689     0.0708856     0.0580334
       0.0135       1743.99    0.00175206     0.0393218       0.83405     0.0686626     0.0562134
       0.0136       1711.56    0.00137134     0.0443838      0.833412     0.0664395     0.0543935
       0.0136       1711.56    0.00137134     0.0443838      0.833412     0.0664395     0.0543935
       0.0136       1711.56    0.00137134     0.0443838      0.833412     0.0664395     0.0543935
       0.0137       1675.79    0.00112139     0.0496979      0.832703     0.0640446     0.0524327
       0.0138       1640.03   0.000871432     0.0550119      0.831995     0.0616496      0.050472
      0.01385        1621.2   0.000790181      0.057716      0.831606     0.0604211     0.0494662
       0.0139       1602.38   0.000708929       0.06042      0.831218     0.0591926     0.0484605
      0.01395       1583.55   0.000627678      0.063124      0.830829     0.0579641     0.0474547
        0.014       1564.72   0.000546426      0.065828      0.830441     0.0567356     0.0464489
       0.0141       1526.19      0.000442     0.0712257      0.829597     0.0542894     0.0444463
       0.0142       1487.65   0.000337573     0.0766234      0.828752     0.0518433     0.0424436
       0.0143       1448.91   0.000271357     0.0819426      0.827842     0.0494556     0.0404889
       0.0144       1410.16   0.000205141     0.0872618      0.826931      0.047068     0.0385342
       0.0144       1410.16   0.000205141     0.0872618      0.826931      0.047068     0.0385342
       0.0144       1410.16   0.000205142     0.0872618      0.826931      0.047068     0.0385342
       0.0145       1371.69   0.000163784     0.0924589      0.825955     0.0447697     0.0366526
       0.0146       1333.21   0.000122426      0.097656      0.824979     0.0424714      0.034771
       0.0147       1295.32   9.70262e-05      0.102703      0.823939     0.0402817     0.0329782
       0.0148       1257.44   7.16264e-05      0.107751        0.8229     0.0380919     0.0311855
      0.01485        1238.9   6.39719e-05      0.110191      0.822349     0.0370572     0.0303384
       0.0149       1220.37   5.63173e-05      0.112632      0.821798     0.0360224     0.0294912
      0.01495       1201.83   4.86628e-05      0.115072      0.821247     0.0349876      0.028644
        0.015        1183.3   4.10083e-05      0.117513      0.820697     0.0339528     0.0277969
       0.0151        1147.2   3.19722e-05      0.122217      0.819534       0.03201     0.0262063
       0.0152       1111.11   2.29361e-05      0.126922      0.818372     0.0300671     0.0246157
       0.0153        1076.1   1.77271e-05      0.131444      0.817152     0.0282542     0.0231314
       0.0154        1041.1   1.25181e-05      0.135966      0.815932     0.0264412     0.0216472
       0.0154        1041.1   1.25181e-05      0.135966      0.815932     0.0264412     0.0216472
       0.0154        1041.1   1.25181e-05      0.135966      0.815932     0.0264412     0.0216472
       0.0155       1007.27   9.59773e-06      0.140302      0.814658     0.0247594     0.0202703
       0.0156       973.448   6.67733e-06      0.144638      0.813384     0.0230775     0.0188933
       0.0157       940.882   5.10065e-06      0.148781      0.812061      0.021528     0.0176248
       0.0158       908.316   3.52398e-06      0.152923      0.810738     0.0199786     0.0163563
      0.01585       892.703   3.12437e-06      0.154894      0.810056     0.0192705     0.0157766
       0.0159        877.09   2.72475e-06      0.156864      0.809374     0.0185625     0.0151969
      0.01595       861.476   2.32513e-06      0.158834      0.808692     0.0178544     0.0146172
        0.016       845.863   1.92551e-06      0.160805       0.80801     0.0171463     0.0140376
      0.01604       833.883     1.776e-06      0.162305      0.807448     0.0166304     0.0136151
      0.01608       821.903   1.62649e-06      0.163805      0.806886     0.0161144     0.0131927
      0.01614       803.933   1.40223e-06      0.166056      0.806043     0.0153404     0.0125591
       0.0162       785.964   1.17796e-06      0.168307        0.8052     0.0145665     0.0119255
      0.01625       771.646   1.09096e-06      0.170088      0.804481     0.0139824     0.0114473
       0.0163       757.328   1.00395e-06       0.17187      0.803761     0.0133984     0.0109692
      0.01635       743.011   9.16946e-07      0.173652      0.803042     0.0128144      0.010491
       0.0164       728.693    8.2994e-07      0.175434      0.802322     0.0122303     0.0100129
     0.016475       708.347   7.58609e-07      0.177955      0.801227     0.0114467    0.00937126
      0.01655       688.002   6.87278e-07      0.180475      0.800131      0.010663    0.00872966
     0.016575        681.22   6.63501e-07      0.181316      0.799766     0.0104017    0.00851579
       0.0166       674.438   6.39724e-07      0.182156      0.799401     0.0101405    0.00830192
    0.0166333       665.936   6.17887e-07      0.183207      0.798911    0.00983216    0.00804949
    0.0166667       657.434   5.96051e-07      0.184257      0.798421    0.00952383    0.00779707
    0.0167333        640.43   5.52377e-07      0.186359      0.797441    0.00890717    0.00729222
       0.0168       623.427   5.08703e-07      0.188461      0.796461    0.00829051    0.00678737
      0.01684        613.92   4.87727e-07      0.189635      0.795875      0.007967    0.00652251
      0.01688       604.412    4.6675e-07       0.19081      0.795289    0.00764349    0.00625766
      0.01694       590.152   4.35284e-07      0.192572      0.794409    0.00715822    0.00586037
        0.017       575.891   4.03819e-07      0.194333       0.79353    0.00667295    0.00546309
       0.0171        553.97    3.6008e-07      0.197046      0.792085    0.00597589     0.0048924
       0.0172       532.049   3.16342e-07      0.199759       0.79064    0.00527882    0.00432172
       0.0172       532.049   3.16342e-07      0.199759       0.79064    0.00527882    0.00432172
       0.0172       532.049   3.16342e-07      0.199759       0.79064    0.00527882    0.00432172
       0.0173       512.071   2.79945e-07      0.202239      0.789235    0.00468798    0.00383801
       0.0174       492.093   2.43548e-07      0.204719      0.787829    0.00409715     0.0033543
     0.017475       478.624   2.21153e-07      0.206399      0.786819    0.00372871    0.00305266
      0.01755       465.154   1.98758e-07      0.208079      0.785809    0.00336026    0.00275102
     0.017575       460.664   1.91293e-07      0.208639      0.785473    0.00323745    0.00265047
       0.0176       456.174   1.83828e-07      0.209199      0.785136    0.00311463    0.00254992
    0.0176333       450.875   1.75812e-07      0.209864      0.784714    0.00298141    0.00244085
    0.0176667       445.577   1.67795e-07      0.210528      0.784292    0.00284819    0.00233179
    0.0177333       434.979   1.51763e-07      0.211857      0.783447    0.00258175    0.00211365
       0.0178       424.382    1.3573e-07      0.213186      0.782603    0.00231531    0.00189552
      0.01784       418.852   1.28149e-07      0.213884      0.782136    0.00218837     0.0017916
      0.01788       413.322   1.20568e-07      0.214582      0.781669    0.00206143    0.00168767
      0.01794       405.027   1.09197e-07      0.215628      0.780969    0.00187102    0.00153178
        0.018       396.732   9.78251e-08      0.216674      0.780269     0.0016806     0.0013759
       0.0181        384.94   8.32559e-08      0.218171      0.779219    0.00143518    0.00117497
       0.0182       373.149   6.86866e-08      0.219667      0.778169    0.00118976   0.000974045
       0.0182       373.149   6.86866e-08      0.219668      0.778169    0.00118976   0.000974045
       0.0182       373.149   6.86866e-08      0.219667      0.778169    0.00118976   0.000974045
       0.0183       363.304   5.77956e-08      0.220924      0.777248     0.0010052   0.000822945
       0.0184        353.46   4.69046e-08      0.222181      0.776327   0.000820635   0.000671846
      0.01847       347.837   4.13755e-08      0.222903      0.775777    0.00072623   0.000594558
      0.01854       342.214   3.58463e-08      0.223624      0.775227   0.000631825    0.00051727
      0.01857       339.804   3.34766e-08      0.223933      0.774991   0.000591366   0.000484146
       0.0186       337.395    3.1107e-08      0.224243      0.774755   0.000550907   0.000451022
       0.0187       330.997   2.55548e-08      0.225068      0.774104    0.00045512   0.000372603
       0.0188       324.599   2.00027e-08      0.225893      0.773454   0.000359333   0.000294183
       0.0189       319.628   1.62181e-08      0.226537       0.77293   0.000293114    0.00023997
        0.019       314.658   1.24335e-08       0.22718      0.772407   0.000226895   0.000185757
        0.019       314.658   1.24335e-08       0.22718      0.772407   0.000226895   0.000185757
        0.019       314.658   1.24335e-08       0.22718      0.772407   0.000226895   0.000185757
       0.0191       310.895   9.92569e-09      0.227669         0.772   0.000182226   0.000149187
       0.0192       307.132   7.41784e-09      0.228158      0.771593   0.000137557   0.000112617
     0.019265       305.328   6.36329e-09      0.228392      0.771393    0.00011838   9.69168e-05
      0.01933       303.525   5.30874e-09      0.228627      0.771193   9.92034e-05   8.12169e-05
     0.019365       302.554   4.74091e-09      0.228754      0.771085   8.88775e-05   7.27632e-05
       0.0194       301.583   4.17307e-09       0.22888      0.770978   7.85515e-05   6.43095e-05
