#           x             T           CH4            O2            N2           CO2           H2O
       0.0006           293             1   1.38142e-18   7.95196e-14   3.32883e-15   2.72529e-15
       0.0007           293             1   3.40704e-18   1.86129e-13   8.36241e-15   6.84623e-15
       0.0008           293             1   5.43267e-18   2.92738e-13    1.3396e-14   1.09672e-14
       0.0009           293             1   1.32687e-17   6.77236e-13   3.33159e-14   2.72754e-14
        0.001           293             1   2.11048e-17   1.06173e-12   5.32359e-14   4.35837e-14
       0.0011           293             1   5.11954e-17   2.44601e-12   1.31402e-13   1.07577e-13
       0.0012           293             1   8.12861e-17    3.8303e-12   2.09567e-13   1.71571e-13
       0.0013           293             1   1.95777e-16    8.7929e-12   5.13166e-13   4.20125e-13
       0.0014           293             1   3.10268e-16   1.37555e-11   8.16765e-13   6.68679e-13
       0.0015           293             1   7.41098e-16   3.14248e-11   1.98188e-12   1.62255e-12
       0.0016           293             1   1.17193e-15   4.90941e-11   3.14699e-12   2.57641e-12
       0.0017           293             1   2.77226e-15   1.11424e-10   7.55694e-12   6.18679e-12
       0.0018           293             1    4.3726e-15   1.73754e-10   1.19669e-11   9.79718e-12
       0.0019           293             1   1.02291e-14   3.91075e-10   2.83988e-11   2.32498e-11
        0.002           293             1   1.60856e-14   6.08396e-10   4.48307e-11   3.67024e-11
       0.0021           293             1   3.71589e-14   1.35551e-09    1.0499e-10   8.59544e-11
       0.0022           293             1   5.82322e-14   2.10263e-09   1.65149e-10   1.35206e-10
       0.0023           293             1   1.32639e-13   4.62926e-09   3.81139e-10   3.12035e-10
       0.0024           293             1   2.07046e-13   7.15588e-09   5.97128e-10   4.88864e-10
       0.0025           293             1   4.64309e-13   1.55414e-08   1.35606e-09   1.11019e-09
       0.0026           293             1   7.21573e-13    2.3927e-08   2.11498e-09   1.73152e-09
       0.0027           293             1   1.59075e-12    5.1175e-08   4.71935e-09   3.86369e-09
       0.0028           293             1   2.45992e-12    7.8423e-08   7.32372e-09   5.99587e-09
       0.0029           293             1   5.32301e-12     1.649e-07   1.60334e-08   1.31264e-08
        0.003           293             1    8.1861e-12   2.51377e-07   2.47431e-08    2.0257e-08
       0.0031       293.001             1   1.73605e-11   5.18781e-07   5.30653e-08   4.34441e-08
       0.0032       293.001      0.999999   2.65348e-11   7.86185e-07   8.13875e-08   6.66312e-08
       0.0033       293.002      0.999999   5.50644e-11   1.58978e-06    1.7073e-07   1.39775e-07
       0.0034       293.004      0.999997    8.3594e-11   2.39337e-06   2.60072e-07   2.12918e-07
       0.0035       293.007      0.999994   1.69478e-10   4.73422e-06   5.32796e-07   4.36196e-07
       0.0036        293.01      0.999991   2.55362e-10   7.07507e-06   8.05521e-07   6.59474e-07
       0.0037       293.019      0.999983   5.04986e-10   1.36668e-05   1.60907e-06   1.31733e-06
       0.0038       293.028      0.999975   7.54611e-10   2.02585e-05   2.41261e-06   1.97518e-06
       0.0039       293.053      0.999953   1.45318e-09   3.81507e-05   4.69141e-06   3.84082e-06
        0.004       293.077      0.999931   2.15175e-09   5.60428e-05   6.97021e-06   5.70646e-06
       0.0041       293.144      0.999873   4.02827e-09    0.00010271   1.31719e-05   1.07837e-05
       0.0042       293.209      0.999815   5.90479e-09   0.000149378   1.93735e-05    1.5861e-05
       0.0043       293.377      0.999669   1.07267e-08   0.000265935   3.55144e-05   2.90754e-05
       0.0044       293.543      0.999524   1.55486e-08   0.000382492   5.16553e-05   4.22897e-05
       0.0045       293.947      0.999173    2.7352e-08   0.000660104   9.16657e-05   7.50458e-05
       0.0046       294.351      0.998822   3.91553e-08   0.000937716   0.000131676   0.000107802
       0.0046       294.351      0.998822   3.91553e-08   0.000937716   0.000131676   0.000107802
       0.0046       294.351      0.998822   3.91553e-08   0.000937716   0.000131676   0.000107802
       0.0047       295.276      0.998025   6.65308e-08     0.0015649    0.00022563   0.000184721
       0.0048       296.201      0.997227   9.39063e-08    0.00219207   0.000319584   0.000261641
       0.0049       298.197      0.995515   1.53619e-07    0.00352631   0.000527049    0.00043149
        0.005       300.193      0.993804   2.13331e-07    0.00486054   0.000734513    0.00060134
       0.0051       304.205      0.990382   3.34574e-07    0.00750663     0.0011609   0.000950418
       0.0052       308.216       0.98696   4.55817e-07     0.0101527    0.00158728     0.0012995
       0.0053       315.471      0.980793   6.77374e-07     0.0148851    0.00237574      0.001945
       0.0054       322.726      0.974627    8.9893e-07     0.0196175    0.00316421    0.00259051
       0.0055       334.431       0.96468   1.26067e-06     0.0271949    0.00446664    0.00365681
       0.0056       346.136      0.954734    1.6224e-06     0.0347723    0.00576908     0.0047231
       0.0056       346.136      0.954734    1.6224e-06     0.0347723    0.00576908     0.0047231
       0.0056       346.136      0.954734    1.6224e-06     0.0347723    0.00576908     0.0047231
       0.0057       363.094      0.940269   2.15389e-06     0.0457164    0.00770446    0.00630758
       0.0058       380.051      0.925804   2.68537e-06     0.0566606    0.00963985    0.00789207
       0.0059       402.324      0.906663   3.39462e-06     0.0710525     0.0122508     0.0100297
        0.006       424.597      0.887522   4.10386e-06     0.0854445     0.0148618     0.0121673
       0.0061       451.589      0.864138   4.97605e-06      0.102927     0.0181064     0.0148235
       0.0062       478.582      0.840755   5.84824e-06      0.120409     0.0213509     0.0174798
       0.0062       478.581      0.840755   5.84824e-06      0.120409     0.0213509     0.0174798
       0.0062       478.582      0.840755   5.84824e-06      0.120409     0.0213509     0.0174798
       0.0063        509.41      0.813967   6.85243e-06      0.140334      0.025124     0.0205688
       0.0064       540.239      0.787179   7.85662e-06      0.160259     0.0288971     0.0236578
       0.0065       574.086      0.758001   8.95437e-06      0.181861     0.0330615     0.0270672
       0.0066       607.933      0.728824   1.00521e-05      0.203463      0.037226     0.0304766
       0.0066       607.933      0.728824   1.00521e-05      0.203463      0.037226     0.0304766
       0.0066       607.933      0.728824   1.00521e-05      0.203463      0.037226     0.0304766
       0.0067       644.202      0.698281   1.12041e-05      0.225982     0.0416373     0.0340881
       0.0068       680.471      0.667738   1.23562e-05      0.248501     0.0460486     0.0376996
       0.0069       718.776      0.636758   1.35267e-05      0.271256     0.0505708     0.0414019
        0.007       757.081      0.605778   1.46972e-05       0.29401      0.055093     0.0451041
       0.0071       797.169      0.575143   1.58573e-05      0.316432      0.059608     0.0488005
       0.0072       837.256      0.544509   1.70175e-05      0.338854      0.064123     0.0524969
       0.0073        878.91      0.514838    1.8151e-05        0.3605     0.0685348     0.0561088
       0.0074       920.564      0.485167   1.92846e-05      0.382146     0.0729465     0.0597207
       0.0074       920.564      0.485167   1.92846e-05      0.382147     0.0729466     0.0597207
       0.0074       920.564      0.485167   1.92846e-05      0.382147     0.0729465     0.0597207
       0.0075       963.561      0.456914   2.04038e-05      0.402696     0.0771818      0.063188
       0.0076       1006.56       0.42866    2.1523e-05      0.423245      0.081417     0.0666554
      0.00765       1028.67      0.415397   2.21131e-05      0.432865     0.0834203     0.0682954
       0.0077       1050.78      0.402135   2.27032e-05      0.442484     0.0854234     0.0699354
      0.00775       1072.89      0.388871   2.32933e-05      0.452103     0.0874267     0.0715754
       0.0078          1095      0.375609   2.38834e-05      0.461722     0.0894298     0.0732155
       0.0079       1140.35      0.350997   2.53255e-05      0.479524     0.0931732     0.0762801
        0.008       1185.69      0.326386   2.67676e-05      0.497326     0.0969166     0.0793448
       0.0081       1231.96      0.303777   2.88944e-05      0.513638      0.100378     0.0821784
       0.0082       1278.23      0.281169   3.10212e-05      0.529949      0.103839      0.085012
       0.0083       1325.18      0.260573    3.4629e-05      0.544773      0.107011     0.0876087
       0.0084       1372.13      0.239978   3.82367e-05      0.559596      0.110183     0.0902054
       0.0084       1372.13      0.239977   3.82367e-05      0.559597      0.110183     0.0902054
       0.0084       1372.13      0.239978   3.82367e-05      0.559596      0.110183     0.0902054
       0.0085        1419.5      0.221349   4.47625e-05      0.572974      0.113066     0.0925663
       0.0086       1466.86      0.202721   5.12883e-05      0.586351       0.11595     0.0949272
       0.0087       1514.34      0.185974   6.32755e-05      0.598351      0.118553     0.0970585
       0.0088       1561.82      0.169228   7.52627e-05      0.610351      0.121157     0.0991897
       0.0089       1609.06      0.154255    9.8821e-05      0.621059      0.123489      0.101099
        0.009        1656.3      0.139282   0.000122379      0.631768      0.125821      0.103008
       0.0091       1702.87       0.12596   0.000171513       0.64128      0.127888      0.104701
       0.0092       1749.44      0.112639   0.000220647      0.650792      0.129955      0.106393
       0.0092       1749.44      0.112639   0.000220647      0.650792      0.129955      0.106393
       0.0092       1749.44      0.112639   0.000220647      0.650792      0.129955      0.106393
       0.0093       1794.78      0.100847   0.000325097      0.659207      0.131755      0.107867
       0.0094       1840.12      0.089054   0.000429546      0.667622      0.133555       0.10934
       0.0095       1883.38     0.0786738   0.000651839      0.675037      0.135062      0.110575
       0.0096       1926.64     0.0682936   0.000874132      0.682453       0.13657      0.111809
       0.0097       1965.97     0.0593267    0.00133372      0.688894      0.137706      0.112739
       0.0098       2005.31     0.0503598     0.0017933      0.695335      0.138842       0.11367
       0.0099       2037.85     0.0428378    0.00271373      0.700822      0.139455      0.114171
         0.01       2070.39     0.0353157    0.00363416       0.70631      0.140068      0.114672
       0.0101       2092.89     0.0289237    0.00554959      0.711164       0.13986      0.114503
       0.0102        2115.4     0.0225318    0.00746502      0.716017      0.139653      0.114333
       0.0103       2118.89     0.0173266     0.0114074      0.720383      0.137947      0.112936
       0.0104       2122.38     0.0121215     0.0153497      0.724748      0.136242       0.11154
       0.0105        2086.5    0.00876444     0.0233247      0.728512      0.131633      0.107767
       0.0106       2050.61    0.00540741     0.0312996      0.732276      0.127024      0.103993
       0.0107       1972.59    0.00379123     0.0433026      0.735517      0.119531     0.0978588
       0.0108       1894.57    0.00217505     0.0553056      0.738757      0.112038     0.0917244
       0.0109        1796.1    0.00150379     0.0686446      0.741561      0.103531       0.08476
        0.011       1697.64    0.00083252     0.0819837      0.744364     0.0950242     0.0777956
       0.0111       1595.33   0.000565771     0.0948102      0.746785     0.0867873     0.0710521
       0.0112       1493.03   0.000299022      0.107637      0.749205     0.0785504     0.0643085
       0.0113        1394.5   0.000199237      0.119248      0.751288     0.0710757      0.058189
       0.0114       1295.97   9.94523e-05       0.13086       0.75337      0.063601     0.0520695
       0.0115       1204.86   6.49522e-05      0.141027      0.755147     0.0570531     0.0467089
       0.0116       1113.76   3.04521e-05      0.151193      0.756923     0.0505053     0.0413482
       0.0117       1031.81   1.98579e-05      0.159893       0.75842      0.044904     0.0367625
       0.0118       949.855   9.26368e-06      0.168594      0.759918     0.0393027     0.0321768
       0.0119       874.555   6.59549e-06      0.176194      0.761211     0.0344139     0.0281743
        0.012       799.256    3.9273e-06      0.183795      0.762504      0.029525     0.0241719
       0.0121        731.08   3.23533e-06      0.190357       0.76361     0.0253096     0.0207207
       0.0122       662.903   2.54337e-06      0.196919      0.764715     0.0210941     0.0172696
      0.01225        634.35   2.33598e-06      0.199558      0.765154     0.0194017      0.015884
       0.0123       605.798   2.12859e-06      0.202197      0.765594     0.0177093     0.0144985
      0.01235       577.245    1.9212e-06      0.204835      0.766033     0.0160169     0.0131129
       0.0124       548.692   1.71381e-06      0.207474      0.766472     0.0143245     0.0117274
       0.0125       503.497    1.3997e-06      0.211531      0.767137     0.0117285      0.009602
       0.0126       458.302   1.08558e-06      0.215588      0.767802    0.00913241    0.00747663
       0.0126       458.302   1.08558e-06      0.215588      0.767802    0.00913241    0.00747663
       0.0126       458.303   1.08558e-06      0.215588      0.767802    0.00913241    0.00747663
       0.0127       425.101    8.6112e-07      0.218511      0.768271    0.00726734    0.00594971
       0.0128         391.9   6.36658e-07      0.221434       0.76874    0.00540226    0.00442279
       0.0129       369.648   4.89776e-07       0.22337      0.769041    0.00417221    0.00341575
        0.013       347.397   3.42895e-07      0.225306      0.769343    0.00294215    0.00240871
       0.0131       334.031   2.56656e-07      0.226461      0.769515    0.00221224    0.00181114
       0.0132       320.665   1.70418e-07      0.227616      0.769688    0.00148233    0.00121357
      0.01325       317.073   1.47782e-07      0.227925      0.769732    0.00128818    0.00105462
       0.0133       313.482   1.25145e-07      0.228235      0.769775    0.00109402   0.000895668
      0.01335        309.89   1.02509e-07      0.228544      0.769819   0.000899873   0.000736718
       0.0134       306.298   7.98729e-08      0.228853      0.769863   0.000705723   0.000577769
       0.0135       302.729   5.79309e-08      0.229161      0.769903   0.000514596   0.000421295
       0.0136       299.159   3.59889e-08      0.229468      0.769944    0.00032347   0.000264822
       0.0136       299.159   3.59889e-08      0.229468      0.769944    0.00032347   0.000264822
       0.0136       299.159   3.59889e-08      0.229468      0.769944    0.00032347   0.000264822
       0.0137       297.471     2.589e-08      0.229613      0.769961   0.000233994   0.000191569
       0.0138       295.783    1.5791e-08      0.229759      0.769978   0.000144518   0.000118315
      0.01385       295.397   1.35492e-08      0.229792      0.769982    0.00012429   0.000101755
       0.0139       295.012   1.13074e-08      0.229826      0.769985   0.000104063   8.51956e-05
      0.01395       294.626   9.06561e-09      0.229859      0.769988   8.38359e-05   6.86358e-05
        0.014        294.24    6.8238e-09      0.229892      0.769992   6.36087e-05   5.20759e-05
       0.0141       293.895   4.87896e-09      0.229923      0.769995   4.57246e-05   3.74343e-05
       0.0142        293.55   2.93412e-09      0.229953      0.769998   2.78404e-05   2.27927e-05
       0.0143       293.396    2.0945e-09      0.229966      0.769999   1.99704e-05   1.63496e-05
       0.0144       293.242   1.25488e-09      0.229979      0.769999   1.21005e-05   9.90652e-06
       0.0144       293.242   1.25488e-09      0.229979      0.769999   1.21005e-05   9.90652e-06
       0.0144       293.242   1.25488e-09      0.229979      0.769999   1.21005e-05   9.90652e-06
       0.0145       293.174   8.93636e-10      0.229985          0.77   8.64998e-06   7.08166e-06
       0.0146       293.105   5.32395e-10       0.22999          0.77   5.19951e-06   4.25679e-06
       0.0147       293.075   3.78707e-10      0.229993          0.77    3.7069e-06    3.0348e-06
       0.0148       293.045    2.2502e-10      0.229996          0.77   2.21429e-06   1.81282e-06
      0.01485       293.038   1.91823e-10      0.229997          0.77    1.8885e-06   1.54609e-06
       0.0149       293.032   1.58627e-10      0.229997          0.77    1.5627e-06   1.27937e-06
      0.01495       293.025    1.2543e-10      0.229998          0.77   1.23691e-06   1.01265e-06
        0.015       293.019   9.22338e-11      0.229998          0.77   9.11118e-07   7.45922e-07
       0.0151       293.013   6.39611e-11      0.229999          0.77   6.31128e-07   5.16698e-07
       0.0152       293.007   3.56885e-11          0.23          0.77   3.51138e-07   2.87473e-07
       0.0153       293.005   2.30486e-11          0.23          0.77   2.26908e-07   1.85767e-07
       0.0154       293.002   1.04087e-11          0.23          0.77   1.02678e-07   8.40615e-08
       0.0154       293.002   1.04087e-11          0.23          0.77   1.02678e-07   8.40615e-08
       0.0154       293.002   1.04087e-11          0.23          0.77   1.02678e-07   8.40615e-08
       0.0155       293.001   6.68672e-12          0.23          0.77   6.60885e-08    5.4106e-08
       0.0156           293   2.96477e-12          0.23          0.77   2.94989e-08   2.41505e-08
       0.0157           293   1.89962e-12          0.23          0.77   1.89548e-08   1.55181e-08
       0.0158           293   8.34463e-13          0.23          0.77   8.41063e-09   6.88572e-09
      0.01585           293   6.83876e-13          0.23          0.77   6.90262e-09   5.65113e-09
       0.0159           293    5.3329e-13          0.23          0.77   5.39462e-09   4.41653e-09
      0.01595           293   3.82703e-13          0.23          0.77   3.88661e-09   3.18194e-09
        0.016           293   2.32116e-13          0.23          0.77   2.37861e-09   1.94735e-09
      0.01604           293   1.98438e-13          0.23          0.77   2.03613e-09   1.66696e-09
      0.01608           293    1.6476e-13          0.23          0.77   1.69365e-09   1.38658e-09
      0.01614           293   1.14243e-13          0.23          0.77   1.17993e-09      9.66e-10
       0.0162           293   6.37253e-14          0.23          0.77   6.66211e-10   5.45422e-10
      0.01625           293   5.21092e-14          0.23          0.77   5.45831e-10   4.46868e-10
       0.0163           293   4.04931e-14          0.23          0.77   4.25452e-10   3.48314e-10
      0.01635           293    2.8877e-14          0.23          0.77   3.05072e-10   2.49761e-10
       0.0164           293   1.72608e-14          0.23          0.77   1.84693e-10   1.51207e-10
     0.016475           293   1.25182e-14          0.23          0.77    1.3444e-10   1.10065e-10
      0.01655           293   7.77564e-15          0.23          0.77   8.41864e-11   6.89227e-11
     0.016575           293   6.19477e-15          0.23          0.77   6.74353e-11   5.52087e-11
       0.0166           293    4.6139e-15          0.23          0.77   5.06842e-11   4.14947e-11
    0.0166333           293   4.04788e-15          0.23          0.77   4.45324e-11   3.64583e-11
    0.0166667           293   3.48185e-15          0.23          0.77   3.83805e-11   3.14218e-11
    0.0167333           293    2.3498e-15          0.23          0.77   2.60769e-11   2.13489e-11
       0.0168           293   1.21775e-15          0.23          0.77   1.37732e-11    1.1276e-11
      0.01684           293   1.03771e-15          0.23          0.77   1.17601e-11   9.62792e-12
      0.01688           293   8.57673e-16          0.23          0.77   9.74712e-12   7.97988e-12
      0.01694           293   5.87614e-16          0.23          0.77   6.72759e-12   5.50782e-12
        0.017           293   3.17555e-16          0.23          0.77   3.70805e-12   3.03575e-12
       0.0171           293   1.99718e-16          0.23          0.77   2.34883e-12   1.92296e-12
       0.0172           293   8.18803e-17          0.23          0.77   9.89603e-13    8.1018e-13
       0.0172           293   8.18803e-17          0.23          0.77   9.89603e-13   8.10179e-13
       0.0172           293   8.18803e-17          0.23          0.77   9.89603e-13    8.1018e-13
       0.0173           293   5.13866e-17          0.23          0.77   6.25791e-13    5.1233e-13
       0.0174           293   2.08928e-17          0.23          0.77    2.6198e-13    2.1448e-13
     0.017475           293   1.50381e-17          0.23          0.77   1.89554e-13   1.55186e-13
      0.01755           293   9.18336e-18          0.23          0.77   1.17129e-13   9.58922e-14
     0.017575           293   7.23178e-18          0.23          0.77   9.29869e-14   7.61275e-14
       0.0176           293   5.28021e-18          0.23          0.77    6.8845e-14   5.63627e-14
    0.0176333           293   4.62066e-18          0.23          0.77   6.03662e-14   4.94212e-14
    0.0176667           293   3.96111e-18          0.23          0.77   5.18874e-14   4.24797e-14
    0.0177333           293     2.642e-18          0.23          0.77   3.49298e-14   2.85967e-14
       0.0178           293    1.3229e-18          0.23          0.77   1.79721e-14   1.47136e-14
      0.01784           293   1.12409e-18          0.23          0.77   1.53105e-14   1.25346e-14
      0.01788           293   9.25282e-19          0.23          0.77   1.26489e-14   1.03556e-14
      0.01794           293   6.27067e-19          0.23          0.77   8.65655e-15   7.08705e-15
        0.018           293   3.28853e-19          0.23          0.77   4.66415e-15    3.8185e-15
       0.0181           293   2.05007e-19          0.23          0.77   2.93407e-15    2.4021e-15
       0.0182           293   8.11611e-20          0.23          0.77   1.20399e-15   9.85698e-16
       0.0182           293   8.11611e-20          0.23          0.77   1.20399e-15   9.85698e-16
       0.0182           293   8.11611e-20          0.23          0.77   1.20399e-15   9.85698e-16
       0.0183           293   5.05244e-20          0.23          0.77   7.56558e-16   6.19388e-16
       0.0184           293   1.98876e-20          0.23          0.77   3.09126e-16   2.53079e-16
      0.01847           293   1.46315e-20          0.23          0.77   2.28737e-16   1.87265e-16
      0.01854           293   9.37531e-21          0.23          0.77   1.48349e-16   1.21452e-16
      0.01857           293   7.12267e-21          0.23          0.77   1.13897e-16   9.32468e-17
       0.0186           293   4.87004e-21          0.23          0.77   7.94451e-17   6.50411e-17
       0.0187           293   3.05615e-21          0.23          0.77   5.03628e-17   4.12317e-17
       0.0188           293   1.24226e-21          0.23          0.77   2.12806e-17   1.74222e-17
       0.0189           293   7.89958e-22          0.23          0.77   1.36738e-17   1.11946e-17
        0.019           293   3.37653e-22          0.23          0.77   6.06702e-18   4.96701e-18
        0.019           293   3.37653e-22          0.23          0.77   6.06701e-18   4.96701e-18
        0.019           293   3.37653e-22          0.23          0.77   6.06702e-18   4.96701e-18
       0.0191           293   2.14368e-22          0.23          0.77   3.89232e-18   3.18661e-18
       0.0192           293   9.10834e-23          0.23          0.77   1.71762e-18    1.4062e-18
     0.019265           293   7.03668e-23          0.23          0.77   1.33531e-18    1.0932e-18
      0.01933           293   4.96501e-23          0.23          0.77    9.5299e-19   7.80204e-19
     0.019365           293    3.8495e-23          0.23          0.77   7.47127e-19   6.11666e-19
       0.0194           293   2.73399e-23          0.23          0.77   5.41264e-19   4.43128e-19
