/*--------------------------------*- C++ -*----------------------------------*\
  =========                 |
  \\      /  F ield         | OpenFOAM: The Open Source CFD Toolbox
   \\    /   O peration     | Website:  https://openfoam.org
    \\  /    A nd           | Version:  11
     \\/     M anipulation  |
\*---------------------------------------------------------------------------*/
FoamFile
{
    format      ascii;
    class       volScalarField;
    location    "0.1";
    object      CH4;
}
// * * * * * * * * * * * * * * * * * * * * * * * * * * * * * * * * * * * * * //

dimensions      [0 0 0 0 0 0 0];

internalField   nonuniform List<scalar> 
4000
(
1
1
1
1
1
1
1
1
1
1
1
1
1
1
1
1
1
1
1
1
0.999999
0.999997
0.999989
0.999961
0.999867
0.999566
0.998668
0.996188
0.989936
0.975876
0.948752
0.906374
0.849355
0.780936
0.705621
0.627361
0.549605
0.474989
0.405337
0.341736
0.284453
0.233566
0.188862
0.149916
0.116222
0.0872582
0.0625458
0.0427703
0.0265471
0.0129916
0.00466943
0.00158475
0.000494955
0.000138887
3.49008e-05
1.02385e-05
5.99279e-06
3.55667e-06
1.86715e-06
8.41291e-07
3.36848e-07
1.22821e-07
4.1661e-08
1.33218e-08
4.04786e-09
1.17466e-09
3.26772e-10
8.74083e-11
2.25421e-11
5.62059e-12
1.36794e-12
3.34695e-13
9.08963e-14
3.06487e-14
7.15133e-15
1.55538e-15
3.2816e-16
6.7765e-17
1.3726e-17
2.79387e-18
5.6039e-19
1.4094e-19
4.0118e-20
9.30614e-21
2.59056e-21
5.46042e-22
1.66336e-22
4.65213e-23
1.27664e-23
2.93107e-24
6.66976e-25
1.9793e-25
5.1086e-26
1.27527e-26
3.22461e-27
1.04335e-27
2.57822e-28
5.66242e-29
1.63185e-29
2.02756e-30
1
1
1
1
1
1
1
1
1
1
1
1
1
1
1
1
1
1
1
1
0.999999
0.999996
0.999987
0.999953
0.999843
0.999497
0.998491
0.995773
0.989078
0.974362
0.946803
0.904486
0.848084
0.780505
0.70588
0.628105
0.550761
0.47645
0.406866
0.343005
0.285604
0.234565
0.189643
0.150448
0.116496
0.0872935
0.0623804
0.0425654
0.0262901
0.0127329
0.00455695
0.00153878
0.000478034
0.00013349
3.34759e-05
9.91037e-06
5.837e-06
3.47926e-06
1.85879e-06
8.61253e-07
3.56864e-07
1.34849e-07
4.7334e-08
1.56425e-08
4.90599e-09
1.46767e-09
4.20334e-10
1.15594e-10
3.06049e-11
7.8201e-12
1.93619e-12
4.71549e-13
1.18358e-13
3.5439e-14
1.18983e-14
2.55028e-15
5.38139e-16
1.11015e-16
2.24256e-17
4.44489e-18
8.80417e-19
1.80023e-19
5.12933e-20
1.22842e-20
3.4729e-21
8.29217e-22
2.0073e-22
5.51944e-23
1.39073e-23
4.08681e-24
9.71594e-25
2.1944e-25
6.19535e-26
1.5675e-26
3.80263e-27
1.08457e-27
3.22987e-28
8.635e-29
1.88419e-29
3.40499e-30
1
1
1
1
1
1
1
1
1
1
1
1
1
1
1
1
1
1
1
1
0.999999
0.999996
0.999986
0.99995
0.999833
0.999469
0.998418
0.995602
0.988718
0.973706
0.945883
0.903336
0.846844
0.779503
0.705144
0.627843
0.550898
0.476874
0.407497
0.343797
0.286264
0.235093
0.19005
0.150741
0.116664
0.087337
0.0623133
0.0424735
0.0261695
0.012604
0.00450054
0.00151612
0.000470048
0.000131069
3.28303e-05
9.66678e-06
5.68077e-06
3.42954e-06
1.85966e-06
8.77428e-07
3.67787e-07
1.40506e-07
4.98772e-08
1.66701e-08
5.28701e-09
1.59902e-09
4.6282e-10
1.28579e-10
3.43758e-11
8.86591e-12
2.21498e-12
5.43434e-13
1.3652e-13
3.94012e-14
1.30675e-14
2.99915e-15
6.50482e-16
1.35042e-16
2.71985e-17
5.4292e-18
1.15389e-18
2.27371e-19
5.07814e-20
1.47573e-20
3.35941e-21
1.00457e-21
2.53557e-22
6.86952e-23
1.77445e-23
4.9233e-24
1.21546e-24
3.41141e-25
9.06512e-26
2.23788e-26
5.82295e-27
1.3289e-27
3.79244e-28
1.05889e-28
2.73592e-29
4.66533e-30
1
1
1
1
1
1
1
1
1
1
1
1
1
1
1
1
1
1
1
1
0.999999
0.999996
0.999984
0.999945
0.999818
0.999429
0.998315
0.995367
0.988247
0.972896
0.944844
0.90225
0.845875
0.778757
0.704726
0.627668
0.55093
0.477043
0.407773
0.344187
0.286761
0.235582
0.190452
0.15101
0.116835
0.0874303
0.0623449
0.0424786
0.0261564
0.012579
0.00448793
0.0015106
0.000467999
0.000130458
3.26724e-05
9.5567e-06
5.59644e-06
3.40485e-06
1.86679e-06
8.95429e-07
3.81382e-07
1.48227e-07
5.35363e-08
1.81989e-08
5.86761e-09
1.80306e-09
5.29937e-10
1.49407e-10
4.05106e-11
1.05877e-11
2.67375e-12
6.58264e-13
1.62458e-13
4.40548e-14
1.32167e-14
4.00098e-15
8.0765e-16
1.63087e-16
3.27468e-17
6.56772e-18
1.3108e-18
2.6643e-19
8.06478e-20
1.68512e-20
3.78127e-21
1.11176e-21
2.95954e-22
7.47764e-23
1.54617e-23
4.54355e-24
1.31906e-24
3.70991e-25
1.01269e-25
2.48303e-26
5.82796e-27
1.28758e-27
3.69925e-28
9.80386e-29
2.9088e-29
5.26375e-30
1
1
1
1
1
1
1
1
1
1
1
1
1
1
1
1
1
1
1
1
0.999999
0.999995
0.999984
0.999943
0.99981
0.999405
0.998253
0.995212
0.987897
0.972208
0.943777
0.900877
0.844414
0.777382
0.703459
0.626697
0.550301
0.476739
0.407721
0.344293
0.286964
0.235837
0.190735
0.151305
0.117103
0.0876575
0.0625287
0.0425969
0.0262562
0.0126509
0.00451473
0.00152062
0.000471704
0.000131771
3.30598e-05
9.54127e-06
5.53654e-06
3.39439e-06
1.88232e-06
9.16076e-07
3.94535e-07
1.54853e-07
5.642e-08
1.93364e-08
6.28426e-09
1.94656e-09
5.76739e-10
1.63931e-10
4.48162e-11
1.18117e-11
3.00776e-12
7.43608e-13
1.81219e-13
4.64206e-14
1.53356e-14
3.5677e-15
7.87929e-16
1.6866e-16
3.53064e-17
7.33357e-18
1.50443e-18
3.14427e-19
9.03208e-20
2.29637e-20
6.12121e-21
1.39802e-21
3.20987e-22
8.13906e-23
2.23371e-23
4.96903e-24
1.32623e-24
3.9094e-25
1.08905e-25
3.02986e-26
6.3073e-27
1.90343e-27
5.18309e-28
1.27685e-28
3.19522e-29
5.39061e-30
1
1
1
1
1
1
1
1
1
1
1
1
1
1
1
1
1
1
1
1
0.999999
0.999995
0.999982
0.999939
0.999799
0.999375
0.998177
0.995044
0.987569
0.971654
0.94305
0.900025
0.843463
0.776368
0.702724
0.626171
0.549949
0.476539
0.407652
0.344331
0.287088
0.236023
0.19096
0.151552
0.117358
0.0879105
0.0627704
0.0427703
0.0264168
0.0127769
0.00456378
0.00153938
0.00047855
0.000134077
3.37029e-05
9.55433e-06
5.47748e-06
3.3821e-06
1.89548e-06
9.35138e-07
4.07485e-07
1.61813e-07
5.96326e-08
2.06658e-08
6.78916e-09
2.12492e-09
6.3586e-10
1.8244e-10
5.0317e-11
1.33706e-11
3.43047e-12
8.52836e-13
2.0742e-13
5.1158e-14
1.48534e-14
4.75303e-15
1.0036e-15
2.10644e-16
4.39037e-17
9.12247e-18
1.88212e-18
3.98299e-19
8.96586e-20
2.42335e-20
6.12201e-21
1.58757e-21
3.91258e-22
9.78613e-23
2.63827e-23
7.3683e-24
1.66072e-24
4.019e-25
9.60133e-26
2.58907e-26
6.85653e-27
1.69692e-27
5.01088e-28
1.2364e-28
3.0966e-29
3.18854e-30
1
1
1
1
1
1
1
1
1
1
1
1
1
1
1
1
1
1
1
1
0.999999
0.999995
0.999982
0.999937
0.999792
0.999356
0.998126
0.994916
0.987283
0.971099
0.942215
0.898992
0.842396
0.775449
0.701853
0.625456
0.549431
0.476217
0.407504
0.344326
0.287189
0.2362
0.19119
0.151815
0.11764
0.0881989
0.0630572
0.0429903
0.0266132
0.0129298
0.00462358
0.00156225
0.000486847
0.00013684
3.44582e-05
9.55538e-06
5.41964e-06
3.3751e-06
1.91032e-06
9.53928e-07
4.19632e-07
1.68038e-07
6.23807e-08
2.17615e-08
7.1941e-09
2.26559e-09
6.82171e-10
1.96959e-10
5.46684e-11
1.46203e-11
3.77467e-12
9.42642e-13
2.29184e-13
5.58011e-14
1.56044e-14
4.80784e-15
1.04866e-15
2.23984e-16
4.72264e-17
9.86111e-18
2.03682e-18
4.21978e-19
1.19431e-19
2.3406e-20
5.12676e-21
1.54044e-21
4.22092e-22
1.02501e-22
2.72873e-23
7.55211e-24
1.8656e-24
5.14305e-25
1.24149e-25
2.92338e-26
7.47132e-27
1.49998e-27
4.25854e-28
1.04585e-28
2.76703e-29
4.95469e-30
1
1
1
1
1
1
1
1
1
1
1
1
1
1
1
1
1
1
1
1
0.999999
0.999995
0.999981
0.999934
0.999784
0.999335
0.998072
0.994795
0.98704
0.970675
0.941623
0.89826
0.841564
0.774548
0.701116
0.624881
0.549016
0.475956
0.407382
0.344324
0.287284
0.23637
0.191415
0.152078
0.117924
0.0884939
0.063352
0.043215
0.0268175
0.0130905
0.00468673
0.00158649
0.000495647
0.000139769
3.52768e-05
9.61294e-06
5.38372e-06
3.37742e-06
1.9301e-06
9.7464e-07
4.32594e-07
1.74646e-07
6.53186e-08
2.2946e-08
7.63641e-09
2.42032e-09
7.33232e-10
2.12939e-10
5.94319e-11
1.59791e-11
4.14769e-12
1.04142e-12
2.53267e-13
6.00243e-14
1.54435e-14
3.68325e-15
1.15543e-15
2.38454e-16
4.8951e-17
1.00217e-17
2.06263e-18
4.28786e-19
1.10324e-19
2.19707e-20
6.11107e-21
1.38766e-21
2.88518e-22
8.47003e-23
2.50648e-23
6.58924e-24
1.81702e-24
5.09255e-25
1.21403e-25
3.06583e-26
6.48958e-27
1.82221e-27
4.72092e-28
1.49617e-28
3.1862e-29
3.51374e-30
1
1
1
1
1
1
1
1
1
1
1
1
1
1
1
1
1
1
1
1
0.999999
0.999995
0.99998
0.999932
0.999779
0.99932
0.998033
0.994699
0.986834
0.970293
0.941071
0.897596
0.840885
0.773947
0.700564
0.624425
0.548685
0.475754
0.407302
0.344352
0.2874
0.236554
0.191649
0.152344
0.118211
0.0887894
0.0636459
0.04344
0.0270208
0.0132496
0.00474933
0.00161048
0.000504328
0.000142645
3.60905e-05
9.71641e-06
5.36837e-06
3.38513e-06
1.94764e-06
9.91595e-07
4.43125e-07
1.80028e-07
6.77239e-08
2.39224e-08
8.004e-09
2.55015e-09
7.76549e-10
2.26658e-10
6.35726e-11
1.7174e-11
4.4782e-12
1.12927e-12
2.75736e-13
6.52611e-14
1.52846e-14
4.54249e-15
9.43888e-16
1.94396e-16
3.98351e-17
8.14412e-18
1.67408e-18
3.59932e-19
1.07647e-19
2.16709e-20
5.33515e-21
1.16531e-21
3.5365e-22
9.29275e-23
2.50038e-23
6.65849e-24
1.71157e-24
4.14465e-25
1.18615e-25
2.99298e-26
6.55282e-27
1.78694e-27
4.94183e-28
1.02546e-28
2.2721e-29
4.2945e-30
1
1
1
1
1
1
1
1
1
1
1
1
1
1
1
1
1
1
1
1
0.999999
0.999994
0.99998
0.999931
0.999774
0.999305
0.997996
0.994613
0.986655
0.969968
0.940602
0.897017
0.84027
0.773398
0.700039
0.623995
0.548377
0.475574
0.407242
0.34439
0.287519
0.236737
0.191878
0.152605
0.11849
0.0890765
0.0639311
0.0436595
0.0272184
0.013404
0.00481019
0.00163385
0.000512798
0.000145457
3.68952e-05
9.83981e-06
5.36076e-06
3.39344e-06
1.96393e-06
1.00757e-06
4.53275e-07
1.85298e-07
7.00981e-08
2.48879e-08
8.36667e-09
2.67766e-09
8.18855e-10
2.39982e-10
6.75736e-11
1.83241e-11
4.79621e-12
1.21427e-12
2.97906e-13
7.09487e-14
1.64353e-14
3.72134e-15
8.19428e-16
1.76024e-16
3.6995e-17
7.6893e-18
1.58909e-18
3.31205e-19
9.53743e-20
2.12142e-20
5.75941e-21
1.47226e-21
3.42443e-22
7.33314e-23
1.9276e-23
5.20738e-24
1.21085e-24
2.90427e-25
8.92074e-26
2.41446e-26
6.81001e-27
1.80198e-27
5.43758e-28
1.42622e-28
3.56035e-29
5.30033e-30
1
1
1
1
1
1
1
1
1
1
1
1
1
1
1
1
1
1
1
1
0.999998
0.999994
0.999979
0.999929
0.99977
0.999293
0.997966
0.994543
0.986509
0.969705
0.940223
0.896542
0.83973
0.772827
0.699586
0.62366
0.548157
0.475462
0.407227
0.344459
0.287656
0.236927
0.192106
0.152859
0.118759
0.0893509
0.064202
0.0438686
0.0274058
0.0135501
0.00486778
0.00165598
0.000520828
0.000148127
3.76625e-05
9.96584e-06
5.35107e-06
3.39682e-06
1.97598e-06
1.02073e-06
4.61971e-07
1.8991e-07
7.22034e-08
2.57523e-08
8.69394e-09
2.79349e-09
8.57511e-10
2.52216e-10
7.12625e-11
1.9388e-11
5.09076e-12
1.29259e-12
3.17951e-13
7.58999e-14
1.76121e-14
3.97859e-15
8.76448e-16
1.88553e-16
3.96509e-17
8.19505e-18
1.73285e-18
3.60198e-19
1.0361e-19
2.23165e-20
6.24628e-21
1.57392e-21
3.41752e-22
9.22058e-23
2.25782e-23
6.07595e-24
1.40131e-24
3.19515e-25
9.33446e-26
1.92576e-26
6.51325e-27
1.71321e-27
5.37178e-28
1.37716e-28
3.07833e-29
5.21511e-30
1
1
1
1
1
1
1
1
1
1
1
1
1
1
1
1
1
1
1
1
0.999998
0.999994
0.999979
0.999928
0.999766
0.999285
0.997942
0.994488
0.986391
0.969489
0.93991
0.896159
0.839328
0.772437
0.699247
0.623399
0.547987
0.475384
0.407232
0.344537
0.287795
0.237112
0.192325
0.153099
0.119012
0.0896067
0.0644536
0.0440635
0.0275797
0.0136853
0.00492118
0.00167653
0.000528294
0.000150611
3.8366e-05
1.00473e-05
5.32566e-06
3.39447e-06
1.98549e-06
1.03245e-06
4.69828e-07
1.94077e-07
7.40981e-08
2.65267e-08
8.98606e-09
2.89669e-09
8.91935e-10
2.63122e-10
7.45579e-11
2.03422e-11
5.35565e-12
1.36325e-12
3.36113e-13
8.04077e-14
1.86954e-14
4.2315e-15
9.33733e-16
2.01214e-16
4.23745e-17
8.78242e-18
1.79403e-18
3.80381e-19
9.32768e-20
2.6199e-20
5.94195e-21
1.40036e-21
3.71052e-22
8.82691e-23
1.97393e-23
5.97208e-24
1.44275e-24
4.15585e-25
1.13616e-25
3.15134e-26
9.05746e-27
2.27486e-27
6.3606e-28
1.87893e-28
3.38329e-29
5.16894e-30
1
1
1
1
1
1
1
1
1
1
1
1
1
1
1
1
1
1
1
1
0.999998
0.999994
0.999979
0.999927
0.999763
0.999276
0.99792
0.994437
0.986288
0.969307
0.939657
0.895853
0.838993
0.772139
0.699002
0.62322
0.547881
0.475351
0.407267
0.344631
0.287937
0.237291
0.192531
0.153323
0.119244
0.0898408
0.0646828
0.0442413
0.0277378
0.0138079
0.0049696
0.00169518
0.000535073
0.000152869
3.9011e-05
1.01362e-05
5.3088e-06
3.39421e-06
1.99453e-06
1.04306e-06
4.76957e-07
1.97883e-07
7.58377e-08
2.72401e-08
9.25559e-09
2.99191e-09
9.23679e-10
2.73167e-10
7.75907e-11
2.1219e-11
5.59849e-12
1.42789e-12
3.52693e-13
8.45155e-14
1.96805e-14
4.46054e-15
9.85553e-16
2.12597e-16
4.4842e-17
9.28704e-18
1.89728e-18
4.12754e-19
1.01239e-19
2.5044e-20
4.89994e-21
1.40557e-21
3.84031e-22
1.00269e-22
2.59134e-23
7.12031e-24
1.99635e-24
5.65216e-25
1.26521e-25
3.77378e-26
1.09105e-26
3.18528e-27
6.52926e-28
1.53879e-28
4.59555e-29
8.26869e-30
1
1
1
1
1
1
1
1
1
1
1
1
1
1
1
1
1
1
1
1
0.999998
0.999994
0.999978
0.999926
0.999761
0.99927
0.997906
0.994403
0.986215
0.969175
0.939468
0.895631
0.838783
0.771917
0.698808
0.623078
0.547801
0.475335
0.407309
0.344724
0.288071
0.237456
0.192718
0.153524
0.119452
0.0900496
0.0648866
0.0443998
0.0278785
0.0139167
0.00501264
0.00171177
0.00054111
0.000154884
3.95925e-05
1.02283e-05
5.29642e-06
3.39553e-06
2.00331e-06
1.05257e-06
4.83171e-07
2.0114e-07
7.73109e-08
2.78413e-08
9.48258e-09
3.07228e-09
9.50569e-10
2.81716e-10
8.01878e-11
2.19725e-11
5.80794e-12
1.48383e-12
3.67082e-13
8.80892e-14
2.05394e-14
4.66072e-15
1.03082e-15
2.22561e-16
4.69754e-17
9.76922e-18
1.99654e-18
4.25641e-19
9.70267e-20
2.28968e-20
6.61613e-21
1.71675e-21
4.31377e-22
1.26611e-22
3.52244e-23
9.83173e-24
2.45314e-24
5.90707e-25
1.26474e-25
3.47587e-26
9.40223e-27
3.08905e-27
8.68876e-28
2.30822e-28
4.83449e-29
7.43766e-30
1
1
1
1
1
1
1
1
1
1
1
1
1
1
1
1
1
1
1
1
0.999998
0.999994
0.999978
0.999926
0.999759
0.999264
0.997891
0.994368
0.986145
0.969051
0.939294
0.895421
0.838553
0.771718
0.698652
0.622972
0.547749
0.475335
0.407357
0.344813
0.288194
0.237604
0.192884
0.153701
0.119634
0.0902318
0.0650639
0.0445382
0.028001
0.0140113
0.00505003
0.00172619
0.000546361
0.000156638
4.01017e-05
1.03176e-05
5.29039e-06
3.3984e-06
2.01127e-06
1.06078e-06
4.88527e-07
2.03965e-07
7.85959e-08
2.83679e-08
9.68187e-09
3.14288e-09
9.74192e-10
2.89227e-10
8.24659e-11
2.26321e-11
5.99094e-12
1.53261e-12
3.7961e-13
9.11964e-14
2.12853e-14
4.83441e-15
1.0701e-15
2.31255e-16
4.88477e-17
1.0145e-17
2.07192e-18
4.26341e-19
9.10813e-20
2.43263e-20
6.14686e-21
1.82281e-21
4.94301e-22
1.17054e-22
3.56165e-23
8.92357e-24
2.40022e-24
5.89873e-25
1.58616e-25
3.49691e-26
1.03283e-26
3.20458e-27
7.62283e-28
2.14822e-28
3.68126e-29
5.15032e-30
1
1
1
1
1
1
1
1
1
1
1
1
1
1
1
1
1
1
1
1
0.999998
0.999994
0.999978
0.999925
0.999758
0.999261
0.997882
0.994346
0.986099
0.968966
0.939171
0.895269
0.838392
0.771571
0.698535
0.622896
0.547716
0.475344
0.407405
0.344894
0.288301
0.237732
0.193025
0.153851
0.119788
0.0903859
0.0652138
0.0446555
0.0281048
0.0140914
0.00508176
0.00173844
0.000550821
0.000158128
4.05363e-05
1.03982e-05
5.28711e-06
3.40144e-06
2.01807e-06
1.06758e-06
4.92931e-07
2.06273e-07
7.96426e-08
2.87963e-08
9.84402e-09
3.20042e-09
9.93486e-10
2.95387e-10
8.43375e-11
2.3175e-11
6.1418e-12
1.57288e-12
3.89969e-13
9.37692e-14
2.19038e-14
4.97848e-15
1.10271e-15
2.38452e-16
5.03633e-17
1.04714e-17
2.18604e-18
4.43802e-19
9.88797e-20
2.54095e-20
6.69555e-21
1.80366e-21
4.8826e-22
1.36833e-22
3.10367e-23
8.41726e-24
1.89958e-24
5.26342e-25
1.42592e-25
2.8715e-26
9.27427e-27
2.86004e-27
6.63861e-28
1.93698e-28
3.89508e-29
6.04223e-30
1
1
1
1
1
1
1
1
1
1
1
1
1
1
1
1
1
1
1
1
0.999998
0.999994
0.999978
0.999925
0.999757
0.999258
0.997873
0.994327
0.98606
0.968897
0.939076
0.895157
0.838278
0.77147
0.698458
0.622848
0.547701
0.475362
0.407452
0.344965
0.288392
0.237838
0.193142
0.153974
0.119914
0.0905111
0.0653355
0.044751
0.0281894
0.0141569
0.00510773
0.00174845
0.000554463
0.000159344
4.08914e-05
1.04665e-05
5.28525e-06
3.40413e-06
2.02356e-06
1.07302e-06
4.96524e-07
2.08148e-07
8.04896e-08
2.9142e-08
9.97461e-09
3.24672e-09
1.00901e-09
3.00342e-10
8.58412e-11
2.36109e-11
6.26284e-12
1.60519e-12
3.98274e-13
9.58315e-14
2.23993e-14
5.094e-15
1.12892e-15
2.44232e-16
5.16084e-17
1.07227e-17
2.25579e-18
4.60926e-19
1.0007e-19
2.49414e-20
6.3521e-21
1.79015e-21
5.00388e-22
1.20026e-22
2.60316e-23
7.95025e-24
2.14785e-24
5.74982e-25
1.55998e-25
4.24247e-26
1.00535e-26
3.07019e-27
7.31467e-28
1.97112e-28
5.24722e-29
7.6287e-30
1
1
1
1
1
1
1
1
1
1
1
1
1
1
1
1
1
1
1
1
0.999998
0.999994
0.999978
0.999924
0.999756
0.999255
0.997868
0.994315
0.986034
0.968851
0.939012
0.895081
0.838201
0.771401
0.698406
0.622819
0.547696
0.47538
0.407491
0.345023
0.288464
0.237921
0.193232
0.154069
0.120011
0.0906071
0.0654286
0.0448242
0.0282541
0.0142068
0.00512749
0.00175606
0.000557226
0.000160266
4.11612e-05
1.05195e-05
5.28414e-06
3.40619e-06
2.02766e-06
1.07701e-06
4.99292e-07
2.09556e-07
8.11177e-08
2.93972e-08
1.0071e-08
3.2809e-09
1.02052e-09
3.04016e-10
8.69576e-11
2.39348e-11
6.35287e-12
1.62923e-12
4.04461e-13
9.73686e-14
2.27688e-14
5.18018e-15
1.14845e-15
2.48533e-16
5.25431e-17
1.08971e-17
2.23635e-18
5.02927e-19
1.13682e-19
2.76455e-20
7.43757e-21
2.06372e-21
5.69045e-22
1.38354e-22
3.57228e-23
9.2686e-24
1.89031e-24
5.46584e-25
1.52872e-25
3.47484e-26
1.01008e-26
2.89803e-27
5.94523e-28
1.31766e-28
3.87969e-29
4.57372e-30
1
1
1
1
1
1
1
1
1
1
1
1
1
1
1
1
1
1
1
1
0.999998
0.999994
0.999978
0.999924
0.999755
0.999254
0.997865
0.994307
0.986018
0.968822
0.938972
0.895034
0.838153
0.77136
0.698376
0.622803
0.547696
0.475395
0.40752
0.345064
0.288514
0.237978
0.193294
0.154133
0.120076
0.0906721
0.0654915
0.0448736
0.0282975
0.0142401
0.00514068
0.00176114
0.000559073
0.000160882
4.13419e-05
1.05555e-05
5.28364e-06
3.40762e-06
2.03036e-06
1.07964e-06
5.01103e-07
2.10469e-07
8.15234e-08
2.95617e-08
1.0133e-08
3.3029e-09
1.02792e-09
3.06379e-10
8.76747e-11
2.41427e-11
6.41064e-12
1.64466e-12
4.0843e-13
9.83545e-14
2.30058e-14
5.2354e-15
1.16094e-15
2.51221e-16
5.30898e-17
1.10758e-17
2.28985e-18
4.82999e-19
1.11311e-19
3.09744e-20
7.41213e-21
1.90242e-21
5.02331e-22
1.22736e-22
3.38681e-23
8.9768e-24
2.25423e-24
6.14399e-25
1.61611e-25
4.30619e-26
1.11843e-26
3.14957e-27
6.09144e-28
1.32429e-28
3.78898e-29
5.08112e-30
1
1
1
1
1
1
1
1
1
1
1
1
1
1
1
1
1
1
1
1
0.999998
0.999994
0.999978
0.999924
0.999755
0.999253
0.997863
0.994304
0.986011
0.96881
0.938954
0.895013
0.838132
0.771341
0.698362
0.622796
0.547696
0.475402
0.407534
0.345083
0.288538
0.238006
0.193324
0.154164
0.120108
0.0907035
0.0655219
0.0448975
0.0283185
0.0142562
0.00514705
0.00176359
0.000559964
0.000161179
4.14288e-05
1.0573e-05
5.28348e-06
3.40826e-06
2.03158e-06
1.08083e-06
5.01935e-07
2.10891e-07
8.17103e-08
2.96369e-08
1.01612e-08
3.31284e-09
1.03125e-09
3.07437e-10
8.7995e-11
2.42354e-11
6.43636e-12
1.65152e-12
4.10194e-13
9.87926e-14
2.31111e-14
5.25994e-15
1.16641e-15
2.52459e-16
5.33899e-17
1.113e-17
2.30708e-18
5.16735e-19
1.06529e-19
2.88548e-20
7.97904e-21
1.91995e-21
5.64893e-22
1.23918e-22
3.85468e-23
1.07336e-23
2.78318e-24
6.04236e-25
1.72445e-25
4.63557e-26
9.69299e-27
2.46928e-27
6.63297e-28
1.68551e-28
4.24553e-29
5.58578e-30
1
1
1
1
1
1
1
1
1
1
1
1
1
1
1
1
1
1
1
1
0.999998
0.999994
0.999978
0.999924
0.999755
0.999253
0.997863
0.994304
0.986011
0.96881
0.938954
0.895013
0.838132
0.771341
0.698362
0.622795
0.547695
0.475401
0.407533
0.345083
0.288538
0.238005
0.193323
0.154164
0.120107
0.0907032
0.0655216
0.0448972
0.0283183
0.0142561
0.00514701
0.00176357
0.000559958
0.000161177
4.14281e-05
1.05728e-05
5.28345e-06
3.40824e-06
2.03156e-06
1.08082e-06
5.01929e-07
2.10888e-07
8.17089e-08
2.96363e-08
1.01609e-08
3.31274e-09
1.03122e-09
3.07424e-10
8.79905e-11
2.42339e-11
6.43591e-12
1.65139e-12
4.10157e-13
9.87824e-14
2.31084e-14
5.25925e-15
1.16625e-15
2.52421e-16
5.3367e-17
1.10607e-17
2.27175e-18
4.92345e-19
1.16156e-19
3.49222e-20
6.64826e-21
1.74622e-21
4.94247e-22
1.04061e-22
3.40852e-23
8.50073e-24
2.40995e-24
6.38193e-25
1.51435e-25
3.98473e-26
1.09212e-26
2.89085e-27
6.98495e-28
1.71824e-28
4.76928e-29
8.61939e-30
1
1
1
1
1
1
1
1
1
1
1
1
1
1
1
1
1
1
1
1
0.999998
0.999994
0.999978
0.999924
0.999755
0.999254
0.997865
0.994307
0.986018
0.968822
0.938972
0.895034
0.838153
0.771359
0.698375
0.622801
0.547694
0.475393
0.407518
0.345062
0.288513
0.237977
0.193293
0.154132
0.120075
0.0906711
0.0654906
0.0448729
0.0282969
0.0142397
0.00514052
0.00176107
0.00055905
0.000160874
4.13396e-05
1.0555e-05
5.28354e-06
3.40754e-06
2.03031e-06
1.07961e-06
5.01084e-07
2.10459e-07
8.15192e-08
2.95599e-08
1.01323e-08
3.30263e-09
1.02782e-09
3.06341e-10
8.76619e-11
2.41386e-11
6.40938e-12
1.64429e-12
4.08325e-13
9.83259e-14
2.29983e-14
5.23349e-15
1.16047e-15
2.51087e-16
5.30843e-17
1.10418e-17
2.28009e-18
4.94033e-19
1.06509e-19
2.99461e-20
7.56566e-21
2.20125e-21
6.0921e-22
1.55677e-22
3.64446e-23
8.64029e-24
2.14134e-24
5.65492e-25
1.62103e-25
4.73221e-26
1.11418e-26
3.09706e-27
8.16025e-28
1.94629e-28
4.57002e-29
6.36967e-30
1
1
1
1
1
1
1
1
1
1
1
1
1
1
1
1
1
1
1
1
0.999998
0.999994
0.999978
0.999925
0.999756
0.999255
0.997868
0.994315
0.986034
0.968851
0.939012
0.895081
0.8382
0.771399
0.698404
0.622816
0.547693
0.475377
0.407488
0.34502
0.288462
0.237919
0.19323
0.154067
0.120009
0.0906055
0.0654272
0.0448231
0.0282532
0.0142061
0.00512722
0.00175595
0.000557188
0.000160253
4.11574e-05
1.05185e-05
5.28389e-06
3.40602e-06
2.02755e-06
1.07695e-06
4.99255e-07
2.09538e-07
8.11099e-08
2.93939e-08
1.00697e-08
3.28041e-09
1.02033e-09
3.03949e-10
8.6935e-11
2.39275e-11
6.35064e-12
1.62858e-12
4.04277e-13
9.73185e-14
2.27556e-14
5.17677e-15
1.14758e-15
2.48322e-16
5.24973e-17
1.09165e-17
2.23329e-18
4.63208e-19
1.2576e-19
2.98518e-20
7.68343e-21
2.15169e-21
5.45549e-22
1.42344e-22
3.72317e-23
1.00728e-23
2.42725e-24
6.1428e-25
1.5874e-25
4.09569e-26
9.44788e-27
2.38557e-27
6.29946e-28
1.79929e-28
4.87773e-29
5.97515e-30
1
1
1
1
1
1
1
1
1
1
1
1
1
1
1
1
1
1
1
1
0.999998
0.999994
0.999978
0.999925
0.999757
0.999258
0.997873
0.994327
0.98606
0.968897
0.939076
0.895156
0.838277
0.771467
0.698455
0.622845
0.547698
0.475358
0.407448
0.344962
0.288389
0.237835
0.193139
0.153971
0.119912
0.0905089
0.0653336
0.0447495
0.0281882
0.014156
0.00510736
0.00174831
0.000554411
0.000159327
4.08863e-05
1.04652e-05
5.28479e-06
3.40385e-06
2.0234e-06
1.07292e-06
4.96473e-07
2.08124e-07
8.04789e-08
2.91375e-08
9.97286e-09
3.24605e-09
1.00876e-09
3.00251e-10
8.58105e-11
2.3601e-11
6.2598e-12
1.60429e-12
3.98022e-13
9.57627e-14
2.23812e-14
5.08928e-15
1.12769e-15
2.43958e-16
5.15636e-17
1.06962e-17
2.21239e-18
4.58049e-19
1.07983e-19
2.6133e-20
6.89699e-21
1.98474e-21
5.82714e-22
1.25499e-22
3.59513e-23
1.0017e-23
2.57214e-24
5.885e-25
1.69888e-25
4.40455e-26
1.1565e-26
2.94995e-27
6.95836e-28
1.40647e-28
3.31459e-29
6.36121e-30
1
1
1
1
1
1
1
1
1
1
1
1
1
1
1
1
1
1
1
1
0.999998
0.999994
0.999978
0.999925
0.999758
0.999261
0.997882
0.994347
0.986099
0.968966
0.939171
0.895267
0.838389
0.771567
0.698531
0.622891
0.547711
0.475339
0.4074
0.344889
0.288296
0.237728
0.193021
0.153847
0.119785
0.090383
0.0652112
0.0446535
0.0281032
0.0140903
0.0050813
0.00173825
0.000550755
0.000158106
4.05299e-05
1.03967e-05
5.28659e-06
3.40111e-06
2.01785e-06
1.06745e-06
4.92866e-07
2.06242e-07
7.96292e-08
2.87908e-08
9.84184e-09
3.1996e-09
9.93183e-10
2.95277e-10
8.42997e-11
2.31628e-11
6.13802e-12
1.57177e-12
3.89654e-13
9.36832e-14
2.1881e-14
4.97272e-15
1.10134e-15
2.3797e-16
5.02856e-17
1.04604e-17
2.13575e-18
4.59741e-19
9.82245e-20
2.50365e-20
7.425e-21
1.77125e-21
5.03445e-22
1.34221e-22
3.65445e-23
8.74243e-24
2.05375e-24
5.11096e-25
1.6879e-25
3.96073e-26
1.25564e-26
2.88251e-27
8.16991e-28
1.84352e-28
4.96253e-29
5.73575e-30
1
1
1
1
1
1
1
1
1
1
1
1
1
1
1
1
1
1
1
1
0.999998
0.999994
0.999978
0.999926
0.999759
0.999264
0.997891
0.994368
0.986144
0.969048
0.939289
0.895412
0.838541
0.771707
0.698642
0.622963
0.547741
0.475327
0.40735
0.344807
0.288187
0.237599
0.192879
0.153696
0.11963
0.0902283
0.0650608
0.0445358
0.027999
0.0140099
0.00504947
0.00172597
0.00054628
0.000156611
4.00939e-05
1.03158e-05
5.28979e-06
3.398e-06
2.01101e-06
1.06062e-06
4.88447e-07
2.03927e-07
7.85797e-08
2.83613e-08
9.6793e-09
3.14192e-09
9.73843e-10
2.89101e-10
8.24223e-11
2.26179e-11
5.98654e-12
1.5313e-12
3.7924e-13
9.10952e-14
2.12586e-14
4.82758e-15
1.06841e-15
2.30819e-16
4.87511e-17
1.01098e-17
2.05567e-18
4.18671e-19
1.15332e-19
2.59976e-20
6.46065e-21
1.58073e-21
4.27164e-22
1.23699e-22
3.54679e-23
7.59528e-24
2.4801e-24
7.40136e-25
1.80894e-25
5.27789e-26
1.27567e-26
3.46638e-27
9.09503e-28
2.45999e-28
5.84225e-29
7.68955e-30
1
1
1
1
1
1
1
1
1
1
1
1
1
1
1
1
1
1
1
1
0.999998
0.999994
0.999978
0.999926
0.999761
0.99927
0.997906
0.994403
0.986215
0.969174
0.939466
0.895628
0.838779
0.771911
0.698801
0.62307
0.547793
0.475326
0.407301
0.344716
0.288063
0.237449
0.192712
0.153518
0.119447
0.0900454
0.0648829
0.044397
0.0278762
0.0139151
0.00501197
0.00171151
0.000541016
0.000154853
3.95834e-05
1.02262e-05
5.29575e-06
3.39507e-06
2.00301e-06
1.05239e-06
4.83076e-07
2.01096e-07
7.7292e-08
2.78337e-08
9.47963e-09
3.07118e-09
9.50176e-10
2.81579e-10
8.01396e-11
2.19566e-11
5.803e-12
1.48236e-12
3.66664e-13
8.79747e-14
2.05091e-14
4.65295e-15
1.02892e-15
2.22081e-16
4.68682e-17
9.71488e-18
2.01357e-18
4.13345e-19
8.69747e-20
2.48375e-20
5.88694e-21
1.42919e-21
4.11051e-22
1.14017e-22
3.27426e-23
7.98193e-24
2.47484e-24
5.60306e-25
1.8038e-25
5.10603e-26
1.19752e-26
3.26133e-27
8.74972e-28
2.33806e-28
6.04407e-29
7.30121e-30
1
1
1
1
1
1
1
1
1
1
1
1
1
1
1
1
1
1
1
1
0.999998
0.999994
0.999979
0.999927
0.999763
0.999276
0.99792
0.994437
0.986288
0.969307
0.939657
0.895853
0.838992
0.772136
0.698997
0.623214
0.547873
0.475342
0.407258
0.344623
0.287929
0.237284
0.192524
0.153316
0.119238
0.0898359
0.0646785
0.044238
0.0277351
0.0138059
0.00496882
0.00169488
0.000534963
0.000152833
3.90005e-05
1.01339e-05
5.30804e-06
3.39369e-06
1.99419e-06
1.04285e-06
4.7685e-07
1.97833e-07
7.58164e-08
2.72315e-08
9.25231e-09
2.99071e-09
9.23249e-10
2.73018e-10
7.75395e-11
2.12018e-11
5.59312e-12
1.42629e-12
3.52237e-13
8.43901e-14
1.96473e-14
4.45199e-15
9.83382e-16
2.12128e-16
4.47061e-17
9.27396e-18
1.91477e-18
3.99354e-19
9.00101e-20
2.06316e-20
6.23141e-21
1.73615e-21
4.38378e-22
1.15095e-22
2.8006e-23
7.76915e-24
1.72039e-24
5.15551e-25
1.49324e-25
3.97446e-26
9.83832e-27
2.33439e-27
7.59882e-28
2.10306e-28
4.2545e-29
6.22771e-30
1
1
1
1
1
1
1
1
1
1
1
1
1
1
1
1
1
1
1
1
0.999998
0.999994
0.999979
0.999928
0.999766
0.999285
0.997943
0.994488
0.986392
0.969489
0.93991
0.896159
0.839328
0.772435
0.699242
0.623392
0.547979
0.475375
0.407223
0.344528
0.287786
0.237104
0.192317
0.153092
0.119005
0.0896012
0.0644488
0.0440597
0.0275766
0.0136831
0.00492029
0.00167619
0.000528169
0.00015057
3.83541e-05
1.00448e-05
5.32493e-06
3.39394e-06
1.98512e-06
1.03222e-06
4.69709e-07
1.94022e-07
7.40745e-08
2.65173e-08
8.98251e-09
2.89539e-09
8.91478e-10
2.62965e-10
7.45054e-11
2.03245e-11
5.35005e-12
1.36157e-12
3.35631e-13
8.02753e-14
1.86604e-14
4.22251e-15
9.31512e-16
2.00607e-16
4.22814e-17
8.77787e-18
1.79273e-18
3.66461e-19
9.19892e-20
2.21665e-20
6.3914e-21
1.68318e-21
3.96445e-22
8.03592e-23
2.46669e-23
5.88501e-24
1.70261e-24
4.80013e-25
1.31772e-25
3.08337e-26
8.79153e-27
2.09434e-27
6.1496e-28
1.57348e-28
4.35555e-29
6.24558e-30
1
1
1
1
1
1
1
1
1
1
1
1
1
1
1
1
1
1
1
1
0.999998
0.999994
0.999979
0.999929
0.99977
0.999293
0.997966
0.994543
0.986509
0.969705
0.940223
0.89654
0.839726
0.772822
0.69958
0.623652
0.548148
0.475452
0.407217
0.344449
0.287647
0.236918
0.192098
0.152852
0.118753
0.0893447
0.0641966
0.0438645
0.0274023
0.0135476
0.00486679
0.0016556
0.00052069
0.000148082
3.76494e-05
9.9627e-06
5.35e-06
3.39616e-06
1.97557e-06
1.02049e-06
4.61847e-07
1.89852e-07
7.21788e-08
2.57425e-08
8.69018e-09
2.79212e-09
8.57031e-10
2.52053e-10
7.12084e-11
1.93703e-11
5.08504e-12
1.29084e-12
3.17445e-13
7.57587e-14
1.75742e-14
3.9689e-15
8.73901e-16
1.87916e-16
3.95515e-17
8.18345e-18
1.70155e-18
3.65356e-19
9.04881e-20
2.19238e-20
6.3733e-21
1.79104e-21
4.10817e-22
1.02715e-22
2.72303e-23
7.31418e-24
1.35085e-24
3.60798e-25
9.93916e-26
2.21916e-26
5.81794e-27
1.92001e-27
5.37027e-28
1.34081e-28
3.46978e-29
4.56334e-30
1
1
1
1
1
1
1
1
1
1
1
1
1
1
1
1
1
1
1
1
0.999999
0.999994
0.99998
0.999931
0.999774
0.999305
0.997996
0.994614
0.986655
0.969968
0.940601
0.897015
0.840266
0.773392
0.700032
0.623986
0.548367
0.475563
0.407231
0.344379
0.287509
0.236727
0.191869
0.152596
0.118483
0.0890697
0.063925
0.0436549
0.0272146
0.0134013
0.0048091
0.00163343
0.000512646
0.000145408
3.6881e-05
9.83639e-06
5.35945e-06
3.39267e-06
1.96347e-06
1.00731e-06
4.53143e-07
1.85237e-07
7.00722e-08
2.48776e-08
8.36277e-09
2.67625e-09
8.18365e-10
2.39817e-10
6.75197e-11
1.83069e-11
4.79067e-12
1.21258e-12
2.9741e-13
7.08055e-14
1.63881e-14
3.70356e-15
8.15019e-16
1.74959e-16
3.67323e-17
7.64495e-18
1.55572e-18
3.56206e-19
9.10311e-20
2.12104e-20
6.4673e-21
1.57745e-21
3.64779e-22
9.27329e-23
2.35529e-23
6.51066e-24
1.45144e-24
3.44418e-25
1.07711e-25
2.68549e-26
6.80974e-27
2.02274e-27
5.25722e-28
1.398e-28
2.7076e-29
5.26775e-30
1
1
1
1
1
1
1
1
1
1
1
1
1
1
1
1
1
1
1
1
0.999999
0.999995
0.99998
0.999932
0.999779
0.99932
0.998033
0.994699
0.986834
0.970293
0.941069
0.897592
0.840877
0.773933
0.700551
0.624414
0.548673
0.475742
0.40729
0.344339
0.287388
0.236543
0.191638
0.152335
0.118203
0.0887818
0.0636393
0.0434349
0.0270166
0.0132466
0.00474813
0.00161002
0.000504162
0.000142591
3.60752e-05
9.71294e-06
5.36708e-06
3.38427e-06
1.94711e-06
9.91291e-07
4.42975e-07
1.79961e-07
6.76959e-08
2.39114e-08
7.99993e-09
2.5487e-09
7.76049e-10
2.26491e-10
6.35185e-11
1.71569e-11
4.47293e-12
1.12772e-12
2.75398e-13
6.51944e-14
1.55357e-14
4.23167e-15
9.00325e-16
1.88033e-16
3.86197e-17
7.91265e-18
1.60942e-18
3.38568e-19
9.91443e-20
2.31183e-20
5.69525e-21
1.41678e-21
3.63437e-22
1.01232e-22
2.23498e-23
5.25112e-24
1.46318e-24
3.83173e-25
1.07946e-25
2.64103e-26
6.73601e-27
1.70638e-27
5.27644e-28
1.06542e-28
1.96401e-29
4.07506e-30
1
1
1
1
1
1
1
1
1
1
1
1
1
1
1
1
1
1
1
1
0.999999
0.999995
0.999981
0.999934
0.999784
0.999335
0.998072
0.994795
0.98704
0.970675
0.941623
0.898258
0.841562
0.774547
0.701109
0.624871
0.549004
0.475942
0.407368
0.34431
0.287271
0.236359
0.191404
0.152067
0.117915
0.0884857
0.0633447
0.0432094
0.026813
0.0130872
0.00468543
0.00158599
0.000495468
0.000139711
3.52606e-05
9.60952e-06
5.3824e-06
3.3765e-06
1.92952e-06
9.74306e-07
4.3243e-07
1.74574e-07
6.52889e-08
2.29346e-08
7.63222e-09
2.41884e-09
7.32728e-10
2.12773e-10
5.93792e-11
1.59627e-11
4.1425e-12
1.03965e-12
2.52685e-13
6.02343e-14
1.54231e-14
3.65588e-15
1.1336e-15
2.3005e-16
4.59474e-17
9.06228e-18
1.82755e-18
3.7076e-19
8.62183e-20
2.00134e-20
5.0374e-21
1.07431e-21
2.52138e-22
6.88723e-23
2.00335e-23
4.72087e-24
1.26914e-24
3.85197e-25
1.13036e-25
3.04748e-26
7.4406e-27
2.0041e-27
5.5036e-28
1.05433e-28
2.1443e-29
4.47184e-30
1
1
1
1
1
1
1
1
1
1
1
1
1
1
1
1
1
1
1
1
0.999999
0.999995
0.999982
0.999937
0.999792
0.999356
0.998126
0.994916
0.987283
0.971099
0.942214
0.898989
0.84239
0.775441
0.701843
0.625444
0.549418
0.476203
0.407489
0.344311
0.287175
0.236187
0.191178
0.151804
0.11763
0.0881899
0.0630493
0.0429844
0.0266084
0.0129264
0.00462221
0.00156172
0.00048666
0.000136779
3.4441e-05
9.55427e-06
5.41896e-06
3.37407e-06
1.90963e-06
9.53556e-07
4.19457e-07
1.67962e-07
6.23501e-08
2.17499e-08
7.18987e-09
2.26412e-09
6.81674e-10
1.96798e-10
5.46175e-11
1.46049e-11
3.77025e-12
9.41427e-13
2.28795e-13
5.56403e-14
1.54842e-14
4.77435e-15
1.03567e-15
2.17955e-16
4.46943e-17
8.99188e-18
1.81336e-18
3.87484e-19
8.66049e-20
2.28901e-20
6.08965e-21
1.64213e-21
3.43746e-22
8.71727e-23
2.2662e-23
6.58613e-24
1.37392e-24
3.80506e-25
1.0203e-25
2.56871e-26
7.59748e-27
2.01015e-27
5.239e-28
1.38103e-28
3.15485e-29
5.18748e-30
1
1
1
1
1
1
1
1
1
1
1
1
1
1
1
1
1
1
1
1
0.999999
0.999995
0.999982
0.999939
0.999799
0.999375
0.998177
0.995044
0.987569
0.971654
0.943048
0.900022
0.843457
0.776361
0.702713
0.626158
0.549934
0.476523
0.407636
0.344315
0.287073
0.236009
0.190947
0.15154
0.117347
0.0879007
0.0627618
0.0427638
0.0264115
0.0127731
0.00456227
0.00153881
0.000478349
0.000134014
3.36854e-05
9.54802e-06
5.47513e-06
3.38099e-06
1.89481e-06
9.34765e-07
4.07307e-07
1.61736e-07
5.96017e-08
2.06541e-08
6.78494e-09
2.12346e-09
6.35373e-10
1.82283e-10
5.02677e-11
1.33553e-11
3.42576e-12
8.51585e-13
2.07449e-13
5.14326e-14
1.47865e-14
4.76082e-15
1.00231e-15
2.07799e-16
4.23395e-17
8.50564e-18
1.693e-18
3.82197e-19
8.6593e-20
1.98978e-20
5.75284e-21
1.59237e-21
3.93634e-22
1.01199e-22
2.56524e-23
6.59182e-24
1.70263e-24
4.40774e-25
1.08026e-25
2.78032e-26
7.64668e-27
2.14381e-27
5.94326e-28
1.58076e-28
3.44345e-29
5.10181e-30
1
1
1
1
1
1
1
1
1
1
1
1
1
1
1
1
1
1
1
1
0.999999
0.999995
0.999984
0.999943
0.99981
0.999405
0.998253
0.995212
0.987897
0.972208
0.943776
0.900874
0.844407
0.777374
0.703448
0.626684
0.550286
0.476722
0.407704
0.344276
0.286948
0.235821
0.190721
0.151292
0.117091
0.0876471
0.0625196
0.04259
0.0262504
0.0126468
0.00451309
0.00151999
0.000471479
0.000131697
3.30383e-05
9.53648e-06
5.53489e-06
3.39328e-06
1.88162e-06
9.15687e-07
3.94349e-07
1.54772e-07
5.63881e-08
1.93244e-08
6.28003e-09
1.94512e-09
5.76268e-10
1.63782e-10
4.4771e-11
1.17986e-11
3.00433e-12
7.43022e-13
1.81137e-13
4.6261e-14
1.53716e-14
3.57774e-15
7.91419e-16
1.68971e-16
3.51411e-17
7.2057e-18
1.46501e-18
3.29458e-19
7.87618e-20
2.12909e-20
5.96188e-21
1.57287e-21
4.0939e-22
1.09489e-22
2.77405e-23
6.31281e-24
1.79637e-24
4.79055e-25
9.25125e-26
2.77921e-26
7.89887e-27
2.19072e-27
5.34369e-28
1.37072e-28
3.33009e-29
5.74085e-30
1
1
1
1
1
1
1
1
1
1
1
1
1
1
1
1
1
1
1
1
0.999999
0.999996
0.999984
0.999945
0.999818
0.999429
0.998315
0.995368
0.988247
0.972896
0.944843
0.902247
0.845869
0.778747
0.704714
0.627653
0.550912
0.477026
0.407756
0.34417
0.286745
0.235566
0.190437
0.150996
0.116822
0.0874193
0.0623352
0.0424714
0.0261504
0.0125747
0.00448626
0.00150997
0.000467777
0.000130387
3.26526e-05
9.55238e-06
5.59473e-06
3.40373e-06
1.86607e-06
8.95001e-07
3.81176e-07
1.4814e-07
5.35026e-08
1.81866e-08
5.86335e-09
1.80164e-09
5.2948e-10
1.49265e-10
4.0467e-11
1.05735e-11
2.66762e-12
6.54537e-13
1.60545e-13
4.58536e-14
1.49511e-14
3.5046e-15
7.60987e-16
1.57392e-16
3.19825e-17
6.39927e-18
1.28126e-18
2.65658e-19
7.71105e-20
1.74376e-20
4.26007e-21
1.28317e-21
3.41182e-22
8.37135e-23
2.19969e-23
5.59378e-24
1.48354e-24
3.9201e-25
9.00726e-26
2.23685e-26
5.21886e-27
1.26614e-27
3.29041e-28
9.27296e-29
2.40305e-29
3.63768e-30
1
1
1
1
1
1
1
1
1
1
1
1
1
1
1
1
1
1
1
1
0.999999
0.999996
0.999986
0.99995
0.999833
0.999469
0.998418
0.995602
0.988718
0.973706
0.945881
0.903332
0.846837
0.779493
0.705132
0.627827
0.550881
0.476856
0.407478
0.343779
0.286246
0.235077
0.190036
0.150728
0.116652
0.0873258
0.0623032
0.0424658
0.0261632
0.0125994
0.00449868
0.0015154
0.000469793
0.000130987
3.28073e-05
9.66148e-06
5.67848e-06
3.42835e-06
1.85903e-06
8.77108e-07
3.67635e-07
1.40438e-07
4.98491e-08
1.66594e-08
5.28319e-09
1.59773e-09
4.62405e-10
1.2845e-10
3.43367e-11
8.85408e-12
2.21209e-12
5.44134e-13
1.38721e-13
3.95355e-14
1.33148e-14
2.94291e-15
6.29831e-16
1.30526e-16
2.64809e-17
5.29963e-18
1.03753e-18
2.40894e-19
6.61458e-20
1.35281e-20
3.37349e-21
1.04295e-21
2.55696e-22
7.38231e-23
1.92485e-23
4.01516e-24
9.3781e-25
2.6191e-25
6.67716e-26
1.42116e-26
4.28326e-27
1.02101e-27
3.04398e-28
8.58269e-29
1.79743e-29
2.37131e-30
1
1
1
1
1
1
1
1
1
1
1
1
1
1
1
1
1
1
1
1
0.999999
0.999996
0.999987
0.999953
0.999843
0.999498
0.998491
0.995773
0.989079
0.974362
0.946802
0.904483
0.848077
0.780494
0.705866
0.628089
0.550744
0.476432
0.406847
0.342986
0.285589
0.23455
0.189629
0.150434
0.116483
0.0872817
0.0623698
0.0425572
0.0262832
0.0127278
0.0045549
0.00153799
0.000477747
0.000133396
3.34499e-05
9.90498e-06
5.8347e-06
3.47782e-06
1.85789e-06
8.60794e-07
3.56661e-07
1.3477e-07
4.73041e-08
1.56316e-08
4.90224e-09
1.46643e-09
4.19943e-10
1.15475e-10
3.05698e-11
7.81038e-12
1.93427e-12
4.71641e-13
1.18099e-13
3.42224e-14
1.16112e-14
2.48903e-15
5.24121e-16
1.08186e-16
2.19037e-17
4.37459e-18
8.58434e-19
1.96996e-19
4.53676e-20
1.334e-20
3.25505e-21
9.13374e-22
2.55396e-22
6.57017e-23
1.48657e-23
3.87678e-24
9.30642e-25
2.07582e-25
5.8909e-26
1.44079e-26
3.39936e-27
8.3135e-28
2.13885e-28
5.7271e-29
1.21864e-29
2.00277e-30
1
1
1
1
1
1
1
1
1
1
1
1
1
1
1
1
1
1
1
1
0.999999
0.999997
0.999989
0.999961
0.999867
0.999566
0.998668
0.996189
0.989937
0.975876
0.948751
0.90637
0.849348
0.780926
0.705607
0.627344
0.549586
0.47497
0.405317
0.341716
0.284433
0.233547
0.188844
0.1499
0.116208
0.0872455
0.0625345
0.0427615
0.0265397
0.0129862
0.00466722
0.00158388
0.000494635
0.000138782
3.48704e-05
1.02322e-05
5.99012e-06
3.55492e-06
1.86612e-06
8.40761e-07
3.36615e-07
1.22729e-07
4.1628e-08
1.33108e-08
4.04428e-09
1.17355e-09
3.26439e-10
8.73121e-11
2.25157e-11
5.61403e-12
1.36649e-12
3.34005e-13
9.00709e-14
3.01191e-14
6.93076e-15
1.5101e-15
3.1952e-16
6.61202e-17
1.34437e-17
2.70001e-18
5.42683e-19
1.42515e-19
3.95702e-20
1.02003e-20
2.58777e-21
6.81567e-22
1.82881e-22
5.2905e-23
1.29872e-23
2.76395e-24
8.2214e-25
2.15541e-25
4.65942e-26
1.14665e-26
3.18722e-27
8.27953e-28
1.65136e-28
3.74386e-29
9.77803e-30
1.74371e-30
)
;

boundaryField
{
    fuel
    {
        type            fixedValue;
        value           uniform 1;
    }
    air
    {
        type            fixedValue;
        value           uniform 0;
    }
    outlet
    {
        type            inletOutlet;
        inletValue      uniform 0;
        value           nonuniform List<scalar> 
200
(
1
1
1
1
1
1
1
1
1
1
1
1
1
1
1
1
1
1
1
1
0.999999
0.999997
0.999989
0.999961
0.999867
0.999566
0.998668
0.996188
0.989936
0.975876
0.948752
0.906374
0.849355
0.780936
0.705621
0.627361
0.549605
0.474989
0.405337
0.341736
0.284453
0.233566
0.188862
0.149916
0.116222
0.0872582
0.0625458
0.0427703
0.0265471
0.0129916
0.00466943
0.00158475
0.000494955
0.000138887
3.49008e-05
1.02385e-05
5.99279e-06
3.55667e-06
1.86715e-06
8.41291e-07
3.36848e-07
1.22821e-07
4.1661e-08
1.33218e-08
4.04786e-09
1.17466e-09
3.26772e-10
8.74083e-11
2.25421e-11
5.62059e-12
1.36794e-12
3.34695e-13
9.08963e-14
3.06487e-14
7.15133e-15
1.55538e-15
3.2816e-16
6.7765e-17
1.3726e-17
2.79387e-18
5.6039e-19
1.4094e-19
4.0118e-20
9.30614e-21
2.59056e-21
5.46042e-22
1.66336e-22
4.65213e-23
1.27664e-23
2.93107e-24
6.66976e-25
1.9793e-25
5.1086e-26
1.27527e-26
3.22461e-27
1.04335e-27
2.57822e-28
5.66242e-29
1.63185e-29
2.02756e-30
1
1
1
1
1
1
1
1
1
1
1
1
1
1
1
1
1
1
1
1
0.999999
0.999997
0.999989
0.999961
0.999867
0.999566
0.998668
0.996189
0.989937
0.975876
0.948751
0.90637
0.849348
0.780926
0.705607
0.627344
0.549586
0.47497
0.405317
0.341716
0.284433
0.233547
0.188844
0.1499
0.116208
0.0872455
0.0625345
0.0427615
0.0265397
0.0129862
0.00466722
0.00158388
0.000494635
0.000138782
3.48704e-05
1.02322e-05
5.99012e-06
3.55492e-06
1.86612e-06
8.40761e-07
3.36615e-07
1.22729e-07
4.1628e-08
1.33108e-08
4.04428e-09
1.17355e-09
3.26439e-10
8.73121e-11
2.25157e-11
5.61403e-12
1.36649e-12
3.34005e-13
9.00709e-14
3.01191e-14
6.93076e-15
1.5101e-15
3.1952e-16
6.61202e-17
1.34437e-17
2.70001e-18
5.42683e-19
1.42515e-19
3.95702e-20
1.02003e-20
2.58777e-21
6.81567e-22
1.82881e-22
5.2905e-23
1.29872e-23
2.76395e-24
8.2214e-25
2.15541e-25
4.65942e-26
1.14665e-26
3.18722e-27
8.27953e-28
1.65136e-28
3.74386e-29
9.77803e-30
1.74371e-30
)
;
    }
    frontAndBack
    {
        type            empty;
    }
}


// ************************************************************************* //
