/*--------------------------------*- C++ -*----------------------------------*\
  =========                 |
  \\      /  F ield         | OpenFOAM: The Open Source CFD Toolbox
   \\    /   O peration     | Website:  https://openfoam.org
    \\  /    A nd           | Version:  11
     \\/     M anipulation  |
\*---------------------------------------------------------------------------*/
FoamFile
{
    format      ascii;
    class       volScalarField;
    location    "0.1";
    object      CO2;
}
// * * * * * * * * * * * * * * * * * * * * * * * * * * * * * * * * * * * * * //

dimensions      [0 0 0 0 0 0 0];

internalField   nonuniform List<scalar> 
4000
(
6.20398e-21
5.65547e-20
2.82683e-19
1.1794e-18
3.9299e-18
1.54819e-17
7.68764e-17
2.99308e-16
1.53227e-15
7.96816e-15
4.13298e-14
2.12173e-13
1.07039e-12
5.27797e-12
2.52703e-11
1.16325e-10
5.06238e-10
1.54181e-09
5.97573e-09
2.48205e-08
1.01918e-07
4.04799e-07
1.54225e-06
5.61013e-06
1.93998e-05
6.34572e-05
0.000195185
0.000560122
0.0014826
0.00356211
0.00758226
0.0138749
0.0223547
0.0325432
0.0437712
0.0554498
0.0670631
0.078216
0.0886344
0.0981532
0.10673
0.114349
0.121037
0.126847
0.131826
0.135989
0.139253
0.141218
0.141388
0.138003
0.127123
0.10706
0.0859387
0.0666274
0.0500503
0.0363617
0.0241605
0.0147269
0.00798209
0.00370564
0.00153096
0.000575074
0.000200216
6.54431e-05
2.02514e-05
5.96666e-06
1.6809e-06
4.54371e-07
1.18212e-07
2.96923e-08
7.27178e-09
1.78874e-09
4.87984e-10
1.65125e-10
3.87225e-11
8.45511e-12
1.79092e-12
3.71363e-13
7.55616e-14
1.54593e-14
3.11961e-15
7.89693e-16
2.26349e-16
5.29727e-17
1.488e-17
3.16897e-18
9.74777e-19
2.75384e-19
7.63384e-20
1.77325e-20
4.08019e-21
1.22129e-21
3.1759e-22
7.98136e-23
2.02507e-23
6.5781e-24
1.62684e-24
3.57605e-25
1.03111e-25
1.28264e-26
7.96841e-21
6.83581e-20
2.79604e-19
1.0916e-18
3.84348e-18
1.8289e-17
8.80789e-17
3.93276e-16
1.98694e-15
1.05606e-14
5.5554e-14
2.88086e-13
1.47137e-12
7.38875e-12
3.64079e-11
1.75655e-10
5.33759e-10
1.89448e-09
7.70836e-09
3.19359e-08
1.29464e-07
5.06043e-07
1.89411e-06
6.76156e-06
2.29237e-05
7.34579e-05
0.000221207
0.000621233
0.00160917
0.00378591
0.0078707
0.0141545
0.0225428
0.0326066
0.043732
0.0553382
0.0668899
0.0779972
0.0884052
0.0979628
0.106557
0.114199
0.120919
0.126765
0.131781
0.135974
0.139252
0.141191
0.141293
0.137725
0.126439
0.106289
0.0852504
0.0661083
0.0497319
0.0362176
0.0241405
0.0148246
0.00813449
0.00390413
0.00166999
0.000647974
0.000232459
7.82261e-05
2.4909e-05
7.54696e-06
2.18454e-06
6.06136e-07
1.61684e-07
4.15732e-08
1.03481e-08
2.53196e-09
6.38205e-10
1.91776e-10
6.45667e-11
1.38875e-11
2.94113e-12
6.0905e-13
1.23539e-13
2.46002e-14
4.89965e-15
1.0087e-15
2.89299e-16
6.98321e-17
1.99085e-17
4.8036e-18
1.17484e-18
3.26524e-19
8.31494e-20
2.46826e-20
5.92827e-21
1.35201e-21
3.84733e-22
9.79727e-23
2.38638e-23
6.83612e-24
2.04069e-24
5.46537e-25
1.19311e-25
2.15859e-26
1.16282e-20
6.82826e-20
3.20653e-19
1.26511e-18
5.32733e-18
2.08136e-17
9.67297e-17
4.29283e-16
2.28274e-15
1.17985e-14
6.1567e-14
3.17951e-13
1.61794e-12
8.09778e-12
3.97932e-11
1.916e-10
5.84206e-10
2.09481e-09
8.47387e-09
3.5016e-08
1.41305e-07
5.4912e-07
2.04235e-06
7.24207e-06
2.43822e-05
7.7573e-05
0.000231899
0.000646481
0.00166236
0.003883
0.0080072
0.0143253
0.0227271
0.0327553
0.0438411
0.0553766
0.0668687
0.0779332
0.0883103
0.0978438
0.106458
0.11412
0.120858
0.126721
0.131755
0.135963
0.13925
0.141178
0.141248
0.137593
0.126121
0.105954
0.0849875
0.0659538
0.0496958
0.0363073
0.0243337
0.0150806
0.00839389
0.00406667
0.00174836
0.00068348
0.000247532
8.4148e-05
2.70706e-05
8.28501e-06
2.42178e-06
6.78335e-07
1.82589e-07
4.73586e-08
1.1888e-08
2.92854e-09
7.38342e-10
2.13744e-10
7.10658e-11
1.63728e-11
3.56289e-12
7.42131e-13
1.50025e-13
3.00774e-14
6.42619e-15
1.27462e-15
2.86789e-16
8.39545e-17
1.92838e-17
5.81622e-18
1.4834e-18
4.05999e-19
1.06025e-19
2.97148e-20
7.41061e-21
2.09782e-21
5.618e-22
1.39695e-22
3.65553e-23
8.36993e-24
2.3962e-24
6.70219e-25
1.73332e-25
2.95888e-26
1.18854e-20
7.2114e-20
3.34343e-19
1.50058e-18
6.01919e-18
2.98842e-17
1.30917e-16
5.009e-16
2.50762e-15
1.31727e-14
6.84927e-14
3.51208e-13
1.77308e-12
8.80293e-12
4.29277e-11
2.05313e-10
6.32133e-10
2.32382e-09
9.61493e-09
3.97659e-08
1.59505e-07
6.14714e-07
2.26574e-06
7.9578e-06
2.65249e-05
8.3515e-05
0.000246984
0.000680959
0.00173179
0.00400258
0.00816079
0.0144861
0.0228706
0.0328659
0.0439028
0.0554022
0.0668636
0.0779076
0.0882686
0.0977853
0.106383
0.114046
0.120798
0.12668
0.131729
0.135949
0.139243
0.141172
0.141238
0.137568
0.126064
0.105907
0.0849776
0.0659983
0.049802
0.0364874
0.0245481
0.0153013
0.00860305
0.00423389
0.00184699
0.000732955
0.000269429
9.2949e-05
3.03398e-05
9.41955e-06
2.79234e-06
7.92887e-07
2.16261e-07
5.67999e-08
1.44033e-08
3.55864e-09
8.81046e-10
2.39609e-10
7.20854e-11
2.18669e-11
4.42652e-12
8.96627e-13
1.80713e-13
3.64047e-14
7.30331e-15
1.49408e-15
4.55021e-16
9.5841e-17
2.17016e-17
6.43646e-18
1.7301e-18
4.42076e-19
9.2542e-20
2.74726e-20
8.04705e-21
2.28266e-21
6.28005e-22
1.55138e-22
3.66058e-23
8.11991e-24
2.33866e-24
6.20259e-25
1.84351e-25
3.33956e-26
1.01123e-20
6.84653e-20
4.28369e-19
1.58516e-18
6.79017e-18
2.75412e-17
1.47201e-16
5.74736e-16
2.82533e-15
1.47774e-14
7.611e-14
3.85859e-13
1.92041e-12
9.37191e-12
4.48491e-11
2.10831e-10
6.40979e-10
2.49035e-09
1.03025e-08
4.2426e-08
1.69433e-07
6.50141e-07
2.38632e-06
8.34754e-06
2.77163e-05
8.69434e-05
0.000256211
0.000703908
0.00178346
0.00410444
0.00831901
0.0146899
0.0230878
0.0330703
0.0440913
0.0555466
0.066957
0.0779527
0.0882761
0.0977691
0.106353
0.114008
0.120755
0.126637
0.13169
0.135918
0.139223
0.141169
0.141259
0.137642
0.126263
0.106167
0.085278
0.0663284
0.050144
0.0368254
0.0248932
0.0156245
0.00885943
0.00440789
0.00193809
0.000774803
0.000286815
9.96327e-05
3.27498e-05
1.02408e-05
3.05807e-06
8.74847e-07
2.40439e-07
6.3646e-08
1.62655e-08
4.03364e-09
9.85668e-10
2.53118e-10
8.37858e-11
1.95427e-11
4.3273e-12
9.29235e-13
1.95221e-13
4.07185e-14
8.39423e-15
1.76484e-15
5.09815e-16
1.30457e-16
3.50369e-17
8.08014e-18
1.87575e-18
4.80965e-19
1.33456e-19
3.00261e-20
8.09397e-21
2.40543e-21
6.75393e-22
1.89214e-22
3.96045e-23
1.20055e-23
3.27972e-24
8.09382e-25
2.02686e-25
3.42296e-26
7.6841e-21
8.40812e-20
3.64279e-19
1.68693e-18
6.69647e-18
2.78754e-17
1.50001e-16
6.34595e-16
3.23246e-15
1.69115e-14
8.77867e-14
4.45799e-13
2.20867e-12
1.0621e-11
4.92203e-11
2.17548e-10
6.75996e-10
2.66053e-09
1.11592e-08
4.60268e-08
1.8333e-07
7.00424e-07
2.55761e-06
8.8941e-06
2.93379e-05
9.13776e-05
0.000267254
0.000728567
0.00183183
0.00418623
0.00842667
0.0148161
0.0232288
0.0332208
0.0442004
0.0556246
0.0670092
0.0779822
0.0882861
0.0977631
0.106334
0.11398
0.120722
0.1266
0.131654
0.135885
0.139199
0.141169
0.141297
0.13777
0.126593
0.106571
0.0857046
0.0667523
0.0505455
0.037207
0.025259
0.0159589
0.00911149
0.00458095
0.00203271
0.000820434
0.000306632
0.000107534
3.56801e-05
1.12598e-05
3.39233e-06
9.78742e-07
2.71164e-07
7.23229e-08
1.86126e-08
4.6392e-09
1.1309e-09
2.79533e-10
8.13324e-11
2.60706e-11
5.51689e-12
1.16102e-12
2.42764e-13
5.06378e-14
1.04951e-14
2.23334e-15
5.05834e-16
1.37688e-16
3.50608e-17
9.17361e-18
2.28336e-18
5.77209e-19
1.57275e-19
4.43836e-20
1.01117e-20
2.47348e-21
5.95971e-22
1.61886e-22
4.31299e-23
1.07197e-23
3.17459e-24
7.84301e-25
1.96637e-25
2.01686e-26
1.07053e-20
8.07605e-20
3.76168e-19
1.32311e-18
5.86811e-18
2.5287e-17
1.34481e-16
6.58614e-16
3.37717e-15
1.787e-14
9.38211e-14
4.86076e-13
2.48063e-12
1.24361e-11
6.1143e-11
1.94979e-10
6.72552e-10
2.79022e-09
1.17292e-08
4.82706e-08
1.91604e-07
7.29527e-07
2.65554e-06
9.2085e-06
3.02982e-05
9.41538e-05
0.000274782
0.000747402
0.00187412
0.00426838
0.00855041
0.0149694
0.0233873
0.0333574
0.0443299
0.055731
0.0670862
0.0780299
0.0883079
0.0977636
0.106319
0.113954
0.120687
0.126562
0.131614
0.135848
0.139171
0.141169
0.141342
0.13792
0.126978
0.107034
0.0861822
0.0672142
0.0509686
0.0375891
0.0256212
0.0162189
0.00934052
0.00474448
0.00212099
0.000861599
0.000323843
0.00011417
3.80786e-05
1.20802e-05
3.65933e-06
1.06172e-06
2.95856e-07
7.93747e-08
2.05461e-08
5.14211e-09
1.25261e-09
3.0555e-10
8.55843e-11
2.64137e-11
5.77468e-12
1.2363e-12
2.61373e-13
5.47574e-14
1.13585e-14
2.36624e-15
6.73652e-16
1.33038e-16
2.93851e-17
8.90407e-18
2.46187e-18
6.04606e-19
1.62727e-19
4.55126e-20
1.13644e-20
3.1622e-21
7.706e-22
1.83012e-22
4.70852e-23
9.50066e-24
2.70406e-24
6.65266e-25
1.76167e-25
3.1561e-26
1.29162e-20
9.6476e-20
3.66616e-19
1.63048e-18
6.51166e-18
2.67936e-17
1.39183e-16
6.78791e-16
3.38775e-15
1.78563e-14
9.32975e-14
4.80122e-13
2.42746e-12
1.20683e-11
5.89868e-11
1.87115e-10
7.11999e-10
2.92491e-09
1.23453e-08
5.07896e-08
2.01237e-07
7.64413e-07
2.77477e-06
9.59064e-06
3.1438e-05
9.72902e-05
0.000282662
0.000765246
0.00190994
0.00433101
0.00863799
0.015078
0.0235108
0.0334912
0.0444394
0.0558164
0.0671477
0.0780686
0.0883259
0.0977637
0.106304
0.113928
0.120654
0.126523
0.131574
0.13581
0.139142
0.141168
0.141388
0.138076
0.127378
0.107513
0.0866719
0.0676853
0.0514056
0.038003
0.0260521
0.0166026
0.00961625
0.00492282
0.00221453
0.000905134
0.000342221
0.000121344
4.06992e-05
1.29825e-05
3.95358e-06
1.15297e-06
3.22869e-07
8.70377e-08
2.26404e-08
5.69478e-09
1.38712e-09
3.29244e-10
8.4844e-11
2.02716e-11
6.3673e-12
1.31656e-12
2.70927e-13
5.56446e-14
1.15015e-14
2.40431e-15
6.22542e-16
1.24972e-16
3.50489e-17
8.04007e-18
1.69206e-18
5.01996e-19
1.50061e-19
3.98846e-20
1.11094e-20
3.14322e-21
7.56254e-22
1.92437e-22
4.10008e-23
1.15705e-23
3.00408e-24
9.5445e-25
2.03448e-25
2.23937e-26
9.34309e-21
8.27482e-20
3.03511e-19
1.44787e-18
7.22906e-18
3.21034e-17
1.64795e-16
6.69031e-16
3.42296e-15
1.8082e-14
9.41234e-14
4.79837e-13
2.3879e-12
1.15531e-11
5.4013e-11
1.73615e-10
7.13054e-10
3.02294e-09
1.28151e-08
5.26448e-08
2.08122e-07
7.88797e-07
2.85682e-06
9.8521e-06
3.22243e-05
9.95109e-05
0.000288504
0.00077934
0.00194034
0.00438756
0.0087198
0.0151765
0.0236115
0.0335805
0.0445215
0.055884
0.0671968
0.0780983
0.0883375
0.0977593
0.106287
0.113901
0.120619
0.126484
0.131533
0.135771
0.139113
0.141167
0.141432
0.138227
0.127765
0.107972
0.0871341
0.0681204
0.0517962
0.0383477
0.0264151
0.0168973
0.00983267
0.00506616
0.00229146
0.000941439
0.000357662
0.000127398
4.29205e-05
1.37519e-05
4.20647e-06
1.23215e-06
3.46552e-07
9.3824e-08
2.45072e-08
6.18886e-09
1.51309e-09
3.58578e-10
8.40954e-11
2.5026e-11
5.21077e-12
1.07567e-12
2.21033e-13
4.5346e-14
9.36231e-15
2.02462e-15
6.08941e-16
1.23544e-16
3.06995e-17
6.77725e-18
2.07643e-18
5.51651e-19
1.50079e-19
4.04058e-20
1.05e-20
2.56896e-21
7.41284e-22
1.88449e-22
4.15289e-23
1.1371e-23
3.15481e-24
6.54811e-25
1.44967e-25
2.7447e-26
8.89468e-21
6.39901e-20
3.42689e-19
1.50827e-18
7.11274e-18
2.8332e-17
1.59258e-16
6.56049e-16
3.47768e-15
1.86936e-14
9.88797e-14
5.12649e-13
2.6046e-12
1.30029e-11
4.18494e-11
1.71562e-10
7.1776e-10
3.11547e-09
1.32354e-08
5.43328e-08
2.14457e-07
8.11475e-07
2.93393e-06
1.00995e-05
3.29687e-05
0.000101595
0.000293881
0.000791958
0.00196675
0.00443558
0.00878928
0.0152624
0.0237029
0.0336621
0.0445995
0.0559481
0.0672426
0.078125
0.0883462
0.0977533
0.106269
0.113873
0.120585
0.126446
0.131493
0.135734
0.139085
0.141165
0.141474
0.138371
0.128136
0.108411
0.0875752
0.0685337
0.0521655
0.0386686
0.0267476
0.0171687
0.0100362
0.0052049
0.00236735
0.000977547
0.000373039
0.000133414
4.51188e-05
1.45094e-05
4.45407e-06
1.30924e-06
3.69498e-07
1.00374e-07
2.63079e-08
6.66792e-09
1.63755e-09
3.90406e-10
9.05463e-11
2.05301e-11
4.52892e-12
9.75154e-13
2.05559e-13
4.28849e-14
8.9055e-15
1.86697e-15
5.4101e-16
1.21251e-16
3.31945e-17
8.5668e-18
2.0163e-18
4.3772e-19
1.16364e-19
3.17806e-20
7.471e-21
1.8104e-21
5.60377e-22
1.52721e-22
4.33047e-23
1.14996e-23
3.47912e-24
9.14302e-25
2.28477e-25
3.40402e-26
7.46816e-21
6.46696e-20
2.81956e-19
1.56706e-18
7.14417e-18
3.10065e-17
1.45915e-16
5.95816e-16
2.99735e-15
1.62435e-14
8.58167e-14
4.32101e-13
2.08822e-12
1.03458e-11
3.84848e-11
1.70003e-10
7.34166e-10
3.20089e-09
1.35979e-08
5.57588e-08
2.19826e-07
8.30713e-07
2.99919e-06
1.0308e-05
3.35923e-05
0.00010333
0.000298328
0.000802329
0.00198832
0.00447452
0.00884539
0.0153328
0.0237831
0.0337469
0.0446667
0.0559978
0.0672751
0.0781415
0.0883482
0.0977429
0.106248
0.113845
0.120551
0.126409
0.131455
0.135698
0.139057
0.141162
0.141513
0.138506
0.128484
0.108822
0.0879866
0.0689184
0.0525083
0.0389637
0.0270486
0.0174009
0.0102208
0.00533213
0.00243654
0.00101029
0.000386966
0.000138876
4.71231e-05
1.52033e-05
4.68189e-06
1.38045e-06
3.90759e-07
1.06457e-07
2.79815e-08
7.11066e-09
1.75043e-09
4.18207e-10
9.71431e-11
2.19743e-11
4.84932e-12
1.04565e-12
2.20539e-13
4.5752e-14
9.71936e-15
2.03137e-15
5.88012e-16
1.27555e-16
3.59954e-17
9.1594e-18
2.0122e-18
5.49242e-19
1.36211e-19
3.71011e-20
8.65862e-21
1.99543e-21
5.879e-22
1.22256e-22
4.15353e-23
1.09601e-23
3.44626e-24
8.85083e-25
1.97528e-25
3.35033e-26
7.63598e-21
4.79387e-20
2.8521e-19
1.32888e-18
5.37386e-18
2.66328e-17
9.62658e-17
4.57541e-16
2.31476e-15
1.20516e-14
6.22333e-14
3.1532e-13
1.56267e-12
7.59323e-12
3.60866e-11
1.66784e-10
7.44695e-10
3.26949e-09
1.38859e-08
5.68701e-08
2.23947e-07
8.4531e-07
3.04827e-06
1.0464e-05
3.40594e-05
0.000104639
0.000301733
0.000810444
0.00200562
0.00450645
0.00889177
0.0153896
0.0238426
0.0338048
0.044717
0.0560364
0.0673003
0.0781529
0.0883473
0.097731
0.106227
0.113817
0.120519
0.126373
0.131419
0.135665
0.139032
0.14116
0.141548
0.13863
0.128804
0.109199
0.0883641
0.0692711
0.0528225
0.0392382
0.0273313
0.0176323
0.0103931
0.0054475
0.00249873
0.00103973
0.000399501
0.000143786
4.89217e-05
1.5825e-05
4.88586e-06
1.44423e-06
4.09831e-07
1.11933e-07
2.94911e-08
7.51119e-09
1.85293e-09
4.43564e-10
1.03222e-10
2.33914e-11
5.17009e-12
1.11657e-12
2.35811e-13
4.90501e-14
1.00655e-14
2.14634e-15
5.29506e-16
1.49825e-16
3.42635e-17
8.15554e-18
2.18503e-18
5.26493e-19
1.19449e-19
3.65516e-20
8.9361e-21
2.5988e-21
7.16544e-22
2.00134e-22
5.78037e-23
1.45744e-23
4.08418e-24
1.20798e-24
2.17512e-25
3.32572e-26
6.27749e-21
4.73798e-20
3.11169e-19
1.69669e-18
7.06976e-18
2.73011e-17
9.72e-17
4.34562e-16
2.21996e-15
1.1612e-14
6.01576e-14
3.06805e-13
1.53467e-12
7.51409e-12
3.59377e-11
1.675e-10
7.58843e-10
3.33181e-09
1.41432e-08
5.78888e-08
2.27804e-07
8.59206e-07
3.09568e-06
1.06164e-05
3.45168e-05
0.000105912
0.000304984
0.000817937
0.00202091
0.00453334
0.00892922
0.0154349
0.0238924
0.033849
0.0447533
0.0560628
0.0673158
0.0781576
0.0883418
0.0977167
0.106206
0.11379
0.120488
0.126341
0.131386
0.135634
0.139008
0.141157
0.14158
0.138741
0.129091
0.109538
0.0887025
0.0695867
0.0531028
0.0394803
0.0275756
0.0178233
0.0105428
0.00555083
0.00255533
0.00106672
0.000411033
0.000148316
5.05835e-05
1.63997e-05
5.07435e-06
1.50311e-06
4.27421e-07
1.16974e-07
3.08777e-08
7.87818e-09
1.94665e-09
4.66702e-10
1.08758e-10
2.46764e-11
5.46065e-12
1.18041e-12
2.49668e-13
5.18907e-14
1.06487e-14
2.32954e-15
5.74977e-16
1.4336e-16
2.83347e-17
8.20765e-18
2.26639e-18
5.98544e-19
1.5661e-19
4.35557e-20
1.2349e-20
3.53094e-21
7.97858e-22
2.39631e-22
6.96577e-23
2.04178e-23
4.1937e-24
9.88436e-25
2.95717e-25
5.33043e-26
6.49004e-21
4.65367e-20
2.76451e-19
1.54889e-18
6.12119e-18
2.29923e-17
8.7064e-17
4.38752e-16
2.28073e-15
1.17558e-14
6.09945e-14
3.11457e-13
1.55926e-12
7.63728e-12
3.65196e-11
1.70099e-10
7.69916e-10
3.37815e-09
1.43309e-08
5.86185e-08
2.30511e-07
8.68753e-07
3.12757e-06
1.07169e-05
3.48147e-05
0.000106738
0.000307111
0.000822967
0.00203157
0.00455289
0.00895719
0.0154678
0.0239234
0.033882
0.0447821
0.0560839
0.0673276
0.0781597
0.0883353
0.0977027
0.106186
0.113765
0.12046
0.126311
0.131356
0.135606
0.138987
0.141154
0.141607
0.138839
0.129345
0.109837
0.0890011
0.0698653
0.0533517
0.039697
0.0278001
0.0180146
0.0106809
0.00564168
0.00260413
0.00108981
0.000420862
0.000152171
5.19974e-05
1.68892e-05
5.23525e-06
1.55353e-06
4.42556e-07
1.21323e-07
3.20773e-08
8.19657e-09
2.02814e-09
4.86868e-10
1.13591e-10
2.5801e-11
5.71477e-12
1.23636e-12
2.6166e-13
5.46063e-14
1.12088e-14
2.40289e-15
5.51216e-16
1.31199e-16
3.82148e-17
1.00147e-17
2.54233e-18
7.54147e-19
2.12159e-19
5.98916e-20
1.51159e-20
3.68063e-21
7.96561e-22
2.20718e-22
6.00139e-23
1.97974e-23
5.58439e-24
1.48559e-24
3.11366e-25
4.78427e-26
5.95548e-21
4.60308e-20
2.91474e-19
1.32816e-18
5.49922e-18
2.29034e-17
1.00294e-16
4.40234e-16
2.27402e-15
1.19062e-14
6.18128e-14
3.15587e-13
1.57972e-12
7.73652e-12
3.69885e-11
1.72251e-10
7.79479e-10
3.41915e-09
1.45001e-08
5.92881e-08
2.33044e-07
8.77877e-07
3.15872e-06
1.08171e-05
3.51166e-05
0.000107583
0.000309282
0.000828009
0.00204194
0.00457123
0.00898284
0.0154989
0.0239577
0.0339115
0.0448052
0.0560995
0.0673352
0.0781596
0.088328
0.0976892
0.106167
0.113743
0.120436
0.126285
0.13133
0.135582
0.138969
0.141152
0.141631
0.138924
0.129564
0.110094
0.0892576
0.0701039
0.0535637
0.039879
0.027984
0.0181637
0.0107934
0.00571807
0.00264606
0.0011099
0.000429481
0.000155563
5.32436e-05
1.73207e-05
5.37695e-06
1.59791e-06
4.55856e-07
1.25137e-07
3.3127e-08
8.47459e-09
2.09919e-09
5.04422e-10
1.17793e-10
2.67777e-11
5.93545e-12
1.28521e-12
2.7219e-13
5.67253e-14
1.16361e-14
2.40767e-15
5.17874e-16
1.39451e-16
3.55377e-17
1.06365e-17
2.915e-18
6.98534e-19
2.14754e-19
5.44141e-20
1.47971e-20
3.6746e-21
9.97837e-22
2.21744e-22
6.59153e-23
2.05348e-23
4.89608e-24
1.38325e-24
2.37157e-25
3.32286e-26
6.46677e-21
3.51253e-20
2.00785e-19
1.10348e-18
6.26947e-18
2.46851e-17
9.19232e-17
4.52075e-16
2.30113e-15
1.20184e-14
6.24214e-14
3.18711e-13
1.5952e-12
7.8112e-12
3.73387e-11
1.73843e-10
7.86477e-10
3.4488e-09
1.46208e-08
5.97585e-08
2.34794e-07
8.84063e-07
3.17943e-06
1.08825e-05
3.53104e-05
0.000108119
0.000310658
0.000831244
0.00204876
0.00458376
0.0090011
0.0155214
0.0239815
0.0339333
0.0448225
0.0561108
0.06734
0.0781582
0.0883207
0.097677
0.106151
0.113724
0.120414
0.126263
0.131308
0.135562
0.138953
0.14115
0.141651
0.138995
0.129749
0.110311
0.0894732
0.070304
0.0537413
0.040031
0.0281366
0.0182875
0.0108871
0.00578173
0.00268098
0.00112657
0.000436603
0.000158358
5.4268e-05
1.76751e-05
5.49341e-06
1.63449e-06
4.66823e-07
1.28285e-07
3.39944e-08
8.70463e-09
2.15804e-09
5.18978e-10
1.21282e-10
2.75888e-11
6.11887e-12
1.32568e-12
2.80724e-13
5.85662e-14
1.228e-14
2.50669e-15
5.62262e-16
1.45664e-16
3.86863e-17
1.05237e-17
2.87839e-18
8.15389e-19
1.87187e-19
5.13588e-20
1.17302e-20
3.28456e-21
8.98213e-22
1.8248e-22
5.92446e-23
1.8347e-23
4.2655e-24
1.2466e-24
2.51005e-25
3.89357e-26
5.36855e-21
5.17487e-20
3.32415e-19
1.82917e-18
7.86729e-18
2.99992e-17
1.11067e-16
4.41131e-16
2.30174e-15
1.21247e-14
6.29139e-14
3.21158e-13
1.6074e-12
7.87034e-12
3.76174e-11
1.75117e-10
7.92114e-10
3.47286e-09
1.47196e-08
6.01474e-08
2.36257e-07
8.893e-07
3.19719e-06
1.09392e-05
3.54802e-05
0.000108591
0.000311867
0.000834043
0.0020545
0.00459389
0.00901511
0.0155379
0.0239983
0.0339482
0.044834
0.0561178
0.0673421
0.0781554
0.0883137
0.0976662
0.106137
0.113708
0.120397
0.126245
0.13129
0.135545
0.13894
0.141148
0.141667
0.139052
0.129898
0.110486
0.0896469
0.0704649
0.053884
0.040153
0.0282589
0.0183869
0.0109625
0.0058331
0.00270962
0.00114022
0.000442411
0.000160627
5.50969e-05
1.79612e-05
5.58735e-06
1.66397e-06
4.7565e-07
1.30816e-07
3.46913e-08
8.88935e-09
2.20528e-09
5.30657e-10
1.24079e-10
2.82397e-11
6.26637e-12
1.35821e-12
2.87738e-13
5.99867e-14
1.26736e-14
2.60393e-15
5.69305e-16
1.42926e-16
3.67267e-17
1.04493e-17
2.95072e-18
7.15871e-19
1.57336e-19
4.85498e-20
1.32597e-20
3.58665e-21
9.8226e-22
2.69233e-22
6.42332e-23
1.96923e-23
4.70503e-24
1.26855e-24
3.3846e-25
4.91631e-26
6.96171e-21
5.50201e-20
3.31164e-19
1.89857e-18
7.76803e-18
2.89398e-17
9.88949e-17
4.62823e-16
2.31881e-15
1.2187e-14
6.32501e-14
3.229e-13
1.61602e-12
7.91199e-12
3.7813e-11
1.76009e-10
7.9604e-10
3.48954e-09
1.47877e-08
6.04137e-08
2.3725e-07
8.92826e-07
3.20904e-06
1.09767e-05
3.55916e-05
0.000108899
0.000312651
0.000835864
0.00205827
0.00460063
0.00902458
0.0155492
0.0240097
0.0339583
0.0448415
0.056122
0.0673427
0.0781526
0.0883077
0.0976575
0.106127
0.113696
0.120383
0.126231
0.131276
0.135532
0.13893
0.141146
0.141679
0.139096
0.130011
0.110618
0.0897775
0.0705859
0.0539914
0.0402448
0.0283507
0.0184619
0.0110195
0.00587169
0.00273179
0.00115057
0.000446761
0.000162315
5.57118e-05
1.81734e-05
5.65718e-06
1.68588e-06
4.82216e-07
1.327e-07
3.52104e-08
9.02702e-09
2.2405e-09
5.39372e-10
1.26168e-10
2.87257e-11
6.37639e-12
1.38244e-12
2.93006e-13
6.09713e-14
1.25672e-14
2.84208e-15
6.46239e-16
1.58411e-16
4.294e-17
1.20193e-17
3.34594e-18
8.22712e-19
2.14896e-19
5.64529e-20
1.16751e-20
3.41297e-21
9.63505e-22
2.20884e-22
6.45775e-23
1.86127e-23
3.82473e-24
8.48085e-25
2.50052e-25
2.94684e-26
6.89865e-21
6.27574e-20
3.53516e-19
1.91961e-18
6.91639e-18
2.48999e-17
1.06223e-16
4.66808e-16
2.32197e-15
1.22262e-14
6.34752e-14
3.23996e-13
1.62144e-12
7.93816e-12
3.79361e-11
1.7657e-10
7.98516e-10
3.50008e-09
1.48308e-08
6.05828e-08
2.37884e-07
8.95082e-07
3.21664e-06
1.10009e-05
3.56636e-05
0.000109098
0.00031316
0.000837042
0.00206069
0.00460491
0.00903051
0.0155561
0.0240167
0.0339644
0.0448459
0.0561243
0.0673427
0.0781503
0.0883032
0.0976513
0.106119
0.113687
0.120374
0.126221
0.131267
0.135524
0.138924
0.141145
0.141687
0.139125
0.130086
0.110706
0.0898645
0.0706664
0.0540628
0.0403058
0.0284114
0.0185115
0.0110573
0.00589729
0.00274643
0.00115734
0.000449583
0.000163405
5.61079e-05
1.83099e-05
5.7021e-06
1.69996e-06
4.86433e-07
1.3391e-07
3.55436e-08
9.11537e-09
2.26311e-09
5.44965e-10
1.27508e-10
2.90373e-11
6.44684e-12
1.3976e-12
2.96094e-13
6.19809e-14
1.28691e-14
2.72955e-15
6.3288e-16
1.77365e-16
4.27883e-17
1.109e-17
2.95859e-18
7.31237e-19
2.04091e-19
5.47355e-20
1.39149e-20
3.83399e-21
1.01833e-21
2.7355e-22
7.15165e-23
2.02299e-23
3.924e-24
8.53598e-25
2.44671e-25
3.28228e-26
8.36393e-21
6.14279e-20
3.07142e-19
1.37049e-18
5.07061e-18
2.172e-17
1.10709e-16
4.43222e-16
2.32331e-15
1.2239e-14
6.35763e-14
3.24492e-13
1.62383e-12
7.94967e-12
3.79902e-11
1.76816e-10
7.99603e-10
3.5047e-09
1.48497e-08
6.06567e-08
2.3816e-07
8.96064e-07
3.21995e-06
1.10114e-05
3.56947e-05
0.000109185
0.000313379
0.00083755
0.00206174
0.00460678
0.00903313
0.0155592
0.0240198
0.0339671
0.0448479
0.0561253
0.0673426
0.0781491
0.0883011
0.0976483
0.106115
0.113683
0.12037
0.126216
0.131262
0.13552
0.138921
0.141145
0.141691
0.139139
0.130123
0.110748
0.0899063
0.0707049
0.0540968
0.0403347
0.0284401
0.0185346
0.0110746
0.00590898
0.00275313
0.00116044
0.000450867
0.000163898
5.62862e-05
1.83711e-05
5.7222e-06
1.70625e-06
4.88313e-07
1.34448e-07
3.5692e-08
9.15471e-09
2.27317e-09
5.47455e-10
1.28105e-10
2.91762e-11
6.47773e-12
1.4046e-12
2.97791e-13
6.22869e-14
1.29648e-14
2.92014e-15
6.05674e-16
1.65267e-16
4.60793e-17
1.11998e-17
3.32785e-18
7.39051e-19
2.32311e-19
6.5381e-20
1.71508e-20
3.76679e-21
1.08512e-21
2.94107e-22
6.19496e-23
1.58579e-23
4.27577e-24
1.08775e-24
2.74204e-25
3.61044e-26
5.17577e-21
4.56779e-20
2.83891e-19
1.70642e-18
6.27922e-18
2.59617e-17
1.0258e-16
4.43609e-16
2.32937e-15
1.22738e-14
6.35685e-14
3.24474e-13
1.6238e-12
7.94956e-12
3.79897e-11
1.76814e-10
7.99596e-10
3.50467e-09
1.48496e-08
6.06564e-08
2.38159e-07
8.9606e-07
3.21994e-06
1.10114e-05
3.56946e-05
0.000109184
0.000313379
0.00083755
0.00206174
0.00460678
0.00903314
0.0155592
0.0240199
0.0339672
0.0448479
0.0561253
0.0673427
0.0781492
0.0883012
0.0976484
0.106115
0.113683
0.12037
0.126216
0.131262
0.13552
0.138921
0.141145
0.141691
0.139139
0.130123
0.110748
0.0899061
0.0707047
0.0540966
0.0403345
0.0284399
0.0185344
0.0110745
0.00590892
0.0027531
0.00116042
0.000450861
0.000163896
5.62853e-05
1.83707e-05
5.72207e-06
1.7062e-06
4.88296e-07
1.34443e-07
3.56903e-08
9.15422e-09
2.27303e-09
5.47415e-10
1.28094e-10
2.91734e-11
6.47711e-12
1.40444e-12
2.97674e-13
6.19e-14
1.2769e-14
2.78286e-15
6.60159e-16
1.99824e-16
3.84086e-17
1.01913e-17
2.91517e-18
6.21924e-19
2.05778e-19
5.19093e-20
1.48663e-20
3.97582e-21
9.53114e-22
2.53012e-22
6.9806e-23
1.85814e-23
4.49985e-24
1.11017e-24
3.08256e-25
5.57779e-26
5.30011e-21
4.75734e-20
2.63898e-19
1.45221e-18
5.71457e-18
2.24775e-17
1.05357e-16
4.48194e-16
2.33818e-15
1.22329e-14
6.34734e-14
3.23978e-13
1.62134e-12
7.93767e-12
3.79339e-11
1.76561e-10
7.98477e-10
3.49992e-09
1.48302e-08
6.05806e-08
2.37876e-07
8.95056e-07
3.21656e-06
1.10007e-05
3.56629e-05
0.000109097
0.000313156
0.000837034
0.00206068
0.0046049
0.00903051
0.0155561
0.0240167
0.0339645
0.044846
0.0561244
0.0673429
0.0781505
0.0883034
0.0976515
0.106119
0.113687
0.120374
0.126221
0.131267
0.135524
0.138924
0.141145
0.141687
0.139125
0.130086
0.110705
0.0898638
0.0706658
0.0540623
0.0403053
0.0284108
0.0185111
0.011057
0.00589712
0.00274634
0.00115729
0.000449563
0.000163397
5.61049e-05
1.83087e-05
5.70169e-06
1.69981e-06
4.86383e-07
1.33894e-07
3.55387e-08
9.11394e-09
2.2627e-09
5.44851e-10
1.27477e-10
2.90295e-11
6.44482e-12
1.39699e-12
2.96094e-13
6.17948e-14
1.28165e-14
2.79144e-15
6.05799e-16
1.71614e-16
4.36799e-17
1.28228e-17
3.58213e-18
9.25517e-19
2.19293e-19
5.26504e-20
1.321e-20
3.52804e-21
1.02069e-21
3.00279e-22
7.11577e-23
1.98902e-23
5.26067e-24
1.25597e-24
2.95534e-25
4.1191e-26
5.46795e-21
4.8329e-20
2.68183e-19
1.41707e-18
7.44811e-18
2.57732e-17
1.1524e-16
4.60011e-16
2.303e-15
1.21698e-14
6.32536e-14
3.22881e-13
1.61585e-12
7.91113e-12
3.78092e-11
1.75992e-10
7.95969e-10
3.48925e-09
1.47866e-08
6.04096e-08
2.37236e-07
8.92779e-07
3.20889e-06
1.09763e-05
3.55904e-05
0.000108896
0.000312644
0.000835851
0.00205825
0.0046006
0.00902456
0.0155492
0.0240098
0.0339585
0.0448417
0.0561223
0.0673431
0.0781529
0.088308
0.0976578
0.106127
0.113696
0.120384
0.126231
0.131277
0.135533
0.138931
0.141146
0.141679
0.139096
0.13001
0.110617
0.0897764
0.0705849
0.0539906
0.0402441
0.02835
0.0184613
0.0110191
0.00587139
0.00273162
0.00115049
0.000446724
0.0001623
5.57062e-05
1.81713e-05
5.65642e-06
1.68561e-06
4.82126e-07
1.32671e-07
3.52016e-08
9.02442e-09
2.23976e-09
5.39168e-10
1.26113e-10
2.87113e-11
6.37261e-12
1.3815e-12
2.92805e-13
6.10911e-14
1.25523e-14
2.61752e-15
7.14965e-16
1.7101e-16
4.43875e-17
1.2542e-17
3.21336e-18
8.47723e-19
2.24383e-19
6.14112e-20
1.4978e-20
3.83016e-21
9.99212e-22
2.60036e-22
6.03897e-23
1.53335e-23
4.06279e-24
1.16291e-24
3.15617e-25
3.86681e-26
7.40217e-21
6.36386e-20
3.14705e-19
1.52649e-18
5.95954e-18
2.39125e-17
9.08784e-17
4.53034e-16
2.31273e-15
1.21254e-14
6.29182e-14
3.21128e-13
1.60717e-12
7.8692e-12
3.76122e-11
1.75095e-10
7.9202e-10
3.47248e-09
1.47181e-08
6.01421e-08
2.36238e-07
8.89237e-07
3.19699e-06
1.09387e-05
3.54787e-05
0.000108588
0.000311858
0.000834026
0.00205448
0.00459385
0.00901509
0.0155379
0.0239983
0.0339484
0.0448342
0.0561181
0.0673425
0.0781559
0.0883141
0.0976667
0.106138
0.113709
0.120397
0.126245
0.131291
0.135545
0.13894
0.141148
0.141667
0.139052
0.129897
0.110484
0.0896454
0.0704636
0.053883
0.0401522
0.0282583
0.0183863
0.010962
0.00583274
0.0027094
0.00114011
0.000442362
0.000160607
5.50894e-05
1.79585e-05
5.58636e-06
1.66361e-06
4.7553e-07
1.30777e-07
3.46794e-08
8.88581e-09
2.20427e-09
5.30379e-10
1.24005e-10
2.82197e-11
6.26102e-12
1.35702e-12
2.87562e-13
5.98529e-14
1.24346e-14
2.58787e-15
6.14385e-16
1.49804e-16
3.98796e-17
1.15783e-17
3.43194e-18
7.48016e-19
2.16654e-19
6.1024e-20
1.58505e-20
3.66873e-21
1.06928e-21
2.79699e-22
7.39666e-23
1.89656e-23
4.4917e-24
9.08743e-25
2.13925e-25
4.11354e-26
6.28542e-21
5.29446e-20
3.13273e-19
1.765e-18
6.47235e-18
2.47214e-17
1.10591e-16
4.45354e-16
2.29677e-15
1.20234e-14
6.24213e-14
3.18648e-13
1.59489e-12
7.80976e-12
3.73323e-11
1.73815e-10
7.8636e-10
3.44833e-09
1.4619e-08
5.97517e-08
2.3477e-07
8.83984e-07
3.17918e-06
1.08817e-05
3.53084e-05
0.000108114
0.000310646
0.000831218
0.00204871
0.00458369
0.00900105
0.0155215
0.0239816
0.0339335
0.0448229
0.0561113
0.0673406
0.0781587
0.0883213
0.0976776
0.106152
0.113725
0.120415
0.126263
0.131309
0.135562
0.138953
0.14115
0.141651
0.138994
0.129747
0.110309
0.0894713
0.0703023
0.0537399
0.0400299
0.0281356
0.0182867
0.0108864
0.00578129
0.00268072
0.00112644
0.000436545
0.000158334
5.42589e-05
1.76718e-05
5.49223e-06
1.63406e-06
4.66676e-07
1.28237e-07
3.39796e-08
8.70023e-09
2.15678e-09
5.18629e-10
1.21188e-10
2.75646e-11
6.11307e-12
1.32342e-12
2.80383e-13
5.85237e-14
1.20016e-14
2.59807e-15
5.58761e-16
1.43524e-16
4.29154e-17
1.03383e-17
2.96933e-18
8.00566e-19
2.20525e-19
5.34208e-20
1.27042e-20
3.19618e-21
1.06464e-21
2.51834e-22
8.03504e-23
1.85421e-23
5.27699e-24
1.19257e-24
3.21688e-25
3.72137e-26
6.00505e-21
4.53844e-20
2.66617e-19
1.55836e-18
6.36963e-18
2.27868e-17
1.06838e-16
4.44822e-16
2.26331e-15
1.19071e-14
6.18104e-14
3.1551e-13
1.57934e-12
7.73478e-12
3.69808e-11
1.72217e-10
7.79339e-10
3.41859e-09
1.4498e-08
5.92802e-08
2.33017e-07
8.77789e-07
3.15846e-06
1.08164e-05
3.5115e-05
0.00010758
0.000309281
0.000828025
0.00204202
0.0045715
0.0089835
0.0155001
0.0239591
0.0339129
0.0448065
0.0561006
0.0673362
0.0781606
0.0883289
0.09769
0.106168
0.113744
0.120436
0.126285
0.131331
0.135583
0.138969
0.141152
0.141631
0.138923
0.129562
0.110092
0.0892553
0.0701019
0.053562
0.0398777
0.0279827
0.0181626
0.0107926
0.00571754
0.00264576
0.00110975
0.000429414
0.000155536
5.32332e-05
1.73169e-05
5.37561e-06
1.59743e-06
4.55688e-07
1.25082e-07
3.31098e-08
8.46945e-09
2.09771e-09
5.04011e-10
1.17683e-10
2.6749e-11
5.92822e-12
1.28327e-12
2.71761e-13
5.65517e-14
1.15494e-14
2.36565e-15
6.55618e-16
1.49012e-16
3.73782e-17
9.24016e-18
2.52405e-18
7.3887e-19
2.14262e-19
4.64849e-20
1.53272e-20
4.61841e-21
1.13953e-21
3.3529e-22
8.157e-23
2.2293e-23
5.8728e-24
1.59234e-24
3.79045e-25
4.9878e-26
7.48635e-21
5.35126e-20
3.00976e-19
1.31334e-18
5.66871e-18
2.25255e-17
1.05872e-16
4.52753e-16
2.24144e-15
1.17425e-14
6.09811e-14
3.11374e-13
1.55882e-12
7.63525e-12
3.65105e-11
1.7006e-10
7.6975e-10
3.37748e-09
1.43284e-08
5.86091e-08
2.30478e-07
8.68645e-07
3.12724e-06
1.07159e-05
3.48122e-05
0.000106732
0.000307101
0.000822951
0.00203156
0.00455292
0.00895729
0.015468
0.0239237
0.0338824
0.0447828
0.0560848
0.0673286
0.0781608
0.0883363
0.0977037
0.106187
0.113766
0.120461
0.126312
0.131357
0.135607
0.138987
0.141154
0.141607
0.138838
0.129343
0.109834
0.0889983
0.0698629
0.0533497
0.0396953
0.0277985
0.0180134
0.0106799
0.00564104
0.00260377
0.00108963
0.000420784
0.000152139
5.19854e-05
1.68849e-05
5.23373e-06
1.553e-06
4.42371e-07
1.21262e-07
3.2058e-08
8.19077e-09
2.02647e-09
4.86403e-10
1.13466e-10
2.57683e-11
5.70662e-12
1.23424e-12
2.61184e-13
5.43284e-14
1.13113e-14
2.33453e-15
4.94779e-16
1.42351e-16
3.40697e-17
8.36048e-18
2.42807e-18
6.81242e-19
1.97872e-19
4.88666e-20
1.53185e-20
3.5078e-21
1.13875e-21
3.24768e-22
7.66917e-23
2.09881e-23
5.65009e-24
1.51321e-24
3.91578e-25
4.73152e-26
7.9587e-21
5.30508e-20
2.50852e-19
1.37729e-18
5.14885e-18
1.90042e-17
9.45052e-17
4.2869e-16
2.23691e-15
1.15986e-14
6.01281e-14
3.06733e-13
1.53437e-12
7.51177e-12
3.59247e-11
1.67446e-10
7.58648e-10
3.33107e-09
1.41403e-08
5.78778e-08
2.27765e-07
8.59075e-07
3.09527e-06
1.06151e-05
3.45134e-05
0.000105903
0.000304962
0.00081789
0.00202082
0.00453317
0.00892898
0.0154346
0.0238921
0.0338491
0.0447537
0.0560635
0.0673166
0.0781585
0.0883428
0.0977177
0.106207
0.113791
0.120489
0.126341
0.131387
0.135635
0.139009
0.141157
0.14158
0.13874
0.129088
0.109534
0.0886993
0.0695839
0.0531004
0.0394784
0.0275738
0.0178218
0.0105417
0.00555008
0.00255491
0.00106652
0.000410943
0.00014828
5.05698e-05
1.63948e-05
5.07266e-06
1.50254e-06
4.27225e-07
1.16907e-07
3.08567e-08
7.87185e-09
1.94482e-09
4.66192e-10
1.0862e-10
2.46403e-11
5.45124e-12
1.1784e-12
2.49043e-13
5.18478e-14
1.07529e-14
2.25552e-15
5.1181e-16
1.18255e-16
3.60087e-17
1.01253e-17
2.58566e-18
6.86817e-19
1.69397e-19
4.75909e-20
1.06767e-20
3.23205e-21
9.44279e-22
2.53272e-22
6.30933e-23
1.50277e-23
4.90761e-24
1.36082e-24
2.75328e-25
4.03196e-26
7.49328e-21
5.57525e-20
2.70617e-19
1.42836e-18
5.48304e-18
2.20033e-17
9.30989e-17
4.56465e-16
2.31921e-15
1.20218e-14
6.2253e-14
3.16459e-13
1.56846e-12
7.57025e-12
3.59197e-11
1.66724e-10
7.45296e-10
3.2683e-09
1.38821e-08
5.68575e-08
2.23903e-07
8.45161e-07
3.0478e-06
1.04626e-05
3.40554e-05
0.000104628
0.000301708
0.000810388
0.00200551
0.00450625
0.00889147
0.0153892
0.0238423
0.0338047
0.0447173
0.056037
0.0673011
0.0781538
0.0883483
0.097732
0.106228
0.113818
0.12052
0.126374
0.13142
0.135665
0.139032
0.14116
0.141548
0.138629
0.1288
0.109195
0.0883603
0.0692679
0.0528197
0.0392358
0.027329
0.0176304
0.0103916
0.00544653
0.00249821
0.00103949
0.000399398
0.000143746
4.89067e-05
1.58197e-05
4.88405e-06
1.44363e-06
4.09632e-07
1.11865e-07
2.94693e-08
7.50454e-09
1.851e-09
4.43026e-10
1.03077e-10
2.33535e-11
5.16057e-12
1.11383e-12
2.35434e-13
4.90558e-14
1.00649e-14
2.06928e-15
5.22973e-16
1.26959e-16
3.69001e-17
9.81142e-18
2.33667e-18
4.8038e-19
1.49179e-19
3.6074e-20
1.05519e-20
3.00459e-21
8.32537e-22
1.96386e-22
5.6354e-23
1.34854e-23
3.97036e-24
1.01724e-24
2.81795e-25
4.03749e-26
7.51724e-21
6.38506e-20
2.36128e-19
1.14214e-18
5.84029e-18
2.50063e-17
1.27517e-16
5.89421e-16
2.9505e-15
1.62439e-14
8.9164e-14
4.75593e-13
2.30479e-12
9.45287e-12
3.70352e-11
1.73418e-10
7.34061e-10
3.1988e-09
1.35936e-08
5.57449e-08
2.19777e-07
8.30551e-07
2.99867e-06
1.03065e-05
3.35881e-05
0.000103319
0.000298302
0.000802275
0.00198822
0.00447435
0.0088452
0.0153326
0.0237831
0.0337471
0.0446671
0.0559984
0.067276
0.0781425
0.0883493
0.0977439
0.106249
0.113846
0.120552
0.12641
0.131456
0.135699
0.139058
0.141163
0.141513
0.138505
0.12848
0.108817
0.0879825
0.0689149
0.0525054
0.0389614
0.0270464
0.0173991
0.0102195
0.00533124
0.00243604
0.00101004
0.000386857
0.000138832
4.71069e-05
1.51976e-05
4.67997e-06
1.37982e-06
3.90554e-07
1.0639e-07
2.79594e-08
7.10379e-09
1.7484e-09
4.17628e-10
9.69843e-11
2.1933e-11
4.83812e-12
1.04278e-12
2.20134e-13
4.57189e-14
9.55137e-15
2.06225e-15
5.14373e-16
1.25502e-16
3.67972e-17
1.04307e-17
2.41799e-18
6.11422e-19
1.64047e-19
4.45989e-20
8.35912e-21
2.25891e-21
6.28215e-22
1.41539e-22
3.73197e-23
1.23595e-23
3.46706e-24
8.66004e-25
2.24316e-25
2.94905e-26
8.21897e-21
7.10511e-20
3.44439e-19
1.41844e-18
6.77051e-18
2.58468e-17
1.42183e-16
6.44278e-16
3.4638e-15
1.85839e-14
9.88752e-14
5.1701e-13
2.63458e-12
1.31305e-11
4.42536e-11
1.69216e-10
7.18774e-10
3.11234e-09
1.32301e-08
5.43184e-08
2.14405e-07
8.11298e-07
2.93336e-06
1.00978e-05
3.29641e-05
0.000101583
0.000293853
0.0007919
0.00196665
0.00443542
0.00878911
0.0152623
0.023703
0.0336625
0.0445998
0.0559487
0.0672435
0.078126
0.0883473
0.0977545
0.10627
0.113874
0.120586
0.126447
0.131494
0.135735
0.139085
0.141165
0.141474
0.13837
0.128132
0.108406
0.0875707
0.0685299
0.0521623
0.0386662
0.0267455
0.0171674
0.010035
0.00520397
0.00236681
0.000977281
0.000372924
0.000133368
4.5102e-05
1.45035e-05
4.45212e-06
1.30861e-06
3.69296e-07
1.0031e-07
2.62869e-08
6.66134e-09
1.63559e-09
3.89818e-10
9.03363e-11
2.04436e-11
4.50719e-12
9.69862e-13
2.04239e-13
4.26693e-14
8.72495e-15
2.01011e-15
5.16763e-16
1.21407e-16
3.73184e-17
9.18611e-18
2.14825e-18
5.5242e-19
1.42021e-19
3.97194e-20
8.97037e-21
2.15333e-21
6.7934e-22
1.70756e-22
4.3546e-23
1.30031e-23
3.39147e-24
9.03497e-25
1.74799e-25
3.40523e-26
1.05677e-20
5.78638e-20
2.73749e-19
1.2141e-18
6.2413e-18
2.66099e-17
1.41927e-16
6.80752e-16
3.42427e-15
1.80136e-14
9.37963e-14
4.79015e-13
2.3872e-12
1.1558e-11
5.41115e-11
1.735e-10
7.13525e-10
3.02404e-09
1.28052e-08
5.26263e-08
2.08068e-07
7.88609e-07
2.85622e-06
9.8503e-06
3.22193e-05
9.94983e-05
0.000288475
0.000779282
0.00194024
0.00438743
0.00871975
0.0151767
0.0236122
0.033582
0.0445227
0.0558851
0.067198
0.0780995
0.0883387
0.0977607
0.106288
0.113902
0.120621
0.126486
0.131534
0.135772
0.139114
0.141167
0.141432
0.138225
0.12776
0.107966
0.0871291
0.068116
0.0517925
0.0383446
0.0264121
0.0168946
0.00983082
0.00506498
0.00229082
0.00094114
0.000357536
0.000127349
4.29028e-05
1.37458e-05
4.20444e-06
1.2315e-06
3.46348e-07
9.37602e-08
2.44877e-08
6.1831e-09
1.51199e-09
3.58403e-10
8.55243e-11
2.33236e-11
4.97221e-12
1.04101e-12
2.14463e-13
4.41073e-14
9.01327e-15
1.90774e-15
5.61816e-16
1.32055e-16
3.28041e-17
8.23808e-18
2.13512e-18
6.00915e-19
1.34372e-19
3.19805e-20
9.0173e-21
2.3892e-21
6.79396e-22
1.67679e-22
4.30492e-23
1.09542e-23
3.39945e-24
6.87371e-25
1.26646e-25
2.62711e-26
5.79587e-21
5.42018e-20
2.68061e-19
1.31451e-18
7.30522e-18
3.29016e-17
1.45785e-16
6.62033e-16
3.39042e-15
1.78972e-14
9.34377e-14
4.80479e-13
2.42996e-12
1.20859e-11
5.90986e-11
1.87499e-10
7.09778e-10
2.9264e-09
1.2346e-08
5.0773e-08
2.01175e-07
7.64209e-07
2.77412e-06
9.5887e-06
3.14326e-05
9.72762e-05
0.000282629
0.000765177
0.00190981
0.00433082
0.00863777
0.0150778
0.0235105
0.0334907
0.0444397
0.0558172
0.0671488
0.0780699
0.0883273
0.0977653
0.106306
0.11393
0.120655
0.126525
0.131575
0.135811
0.139143
0.141169
0.141388
0.138074
0.127373
0.107507
0.0866665
0.0676806
0.0514016
0.0379996
0.0260487
0.0165999
0.00961422
0.0049215
0.00221384
0.000904809
0.000342086
0.000121292
4.06804e-05
1.29761e-05
3.9515e-06
1.15232e-06
3.22669e-07
8.69769e-08
2.2621e-08
5.68769e-09
1.38467e-09
3.30607e-10
8.47765e-11
2.01332e-11
6.2523e-12
1.27169e-12
2.54723e-13
5.04231e-14
1.02153e-14
2.08443e-15
4.88033e-16
1.14089e-16
2.89796e-17
6.24643e-18
1.48182e-18
4.09556e-19
1.20428e-19
2.87249e-20
7.80979e-21
2.39322e-21
7.08563e-22
1.92537e-22
4.73523e-23
1.28249e-23
3.53732e-24
6.79058e-25
1.38114e-25
2.88493e-26
1.10108e-20
7.52937e-20
2.95129e-19
1.48728e-18
6.2151e-18
3.18982e-17
1.53477e-16
6.61702e-16
3.39016e-15
1.79644e-14
9.42806e-14
4.88191e-13
2.48779e-12
1.24521e-11
6.1156e-11
1.95112e-10
6.74312e-10
2.78206e-09
1.17297e-08
4.82562e-08
1.9154e-07
7.29315e-07
2.65487e-06
9.20649e-06
3.02926e-05
9.41396e-05
0.000274749
0.000747334
0.001874
0.00426821
0.00855026
0.0149693
0.0233875
0.0333579
0.0443305
0.0557319
0.0670874
0.0780313
0.0883094
0.0977652
0.10632
0.113955
0.120689
0.126563
0.131615
0.135849
0.139172
0.141169
0.141342
0.137919
0.126973
0.107028
0.0861768
0.0672095
0.0509657
0.0375938
0.0256182
0.016216
0.00933855
0.00474319
0.00212029
0.00086127
0.000323705
0.000114117
3.80595e-05
1.20738e-05
3.65725e-06
1.06107e-06
2.95661e-07
7.93176e-08
2.05304e-08
5.13795e-09
1.25117e-09
3.04846e-10
8.49802e-11
2.62441e-11
5.70689e-12
1.20419e-12
2.47686e-13
5.00088e-14
1.01313e-14
2.17647e-15
4.89724e-16
1.3036e-16
3.49535e-17
9.49879e-18
2.00964e-18
5.15061e-19
1.35422e-19
3.97724e-20
8.40389e-21
2.35495e-21
6.37917e-22
1.62046e-22
4.82479e-23
1.28394e-23
3.36144e-24
8.88408e-25
2.03318e-25
3.34584e-26
9.93141e-21
7.64588e-20
3.73437e-19
1.68167e-18
7.53885e-18
3.01677e-17
1.4754e-16
6.43492e-16
3.24274e-15
1.70307e-14
8.81936e-14
4.47638e-13
2.21574e-12
1.06419e-11
4.92512e-11
2.17336e-10
6.7358e-10
2.6638e-09
1.11536e-08
4.60085e-08
1.83267e-07
7.00208e-07
2.55692e-06
8.89204e-06
2.93323e-05
9.1363e-05
0.00026722
0.000728499
0.00183171
0.00418608
0.00842656
0.0148161
0.023229
0.0332211
0.0442013
0.0556258
0.0670106
0.0779838
0.0882879
0.097765
0.106336
0.113982
0.120723
0.126602
0.131655
0.135886
0.1392
0.14117
0.141297
0.137768
0.126587
0.106564
0.085699
0.0667486
0.0505446
0.0372099
0.0252584
0.0159571
0.00910978
0.00457975
0.00203203
0.000820108
0.000306494
0.000107481
3.5661e-05
1.12534e-05
3.39028e-06
9.78112e-07
2.70974e-07
7.22655e-08
1.85949e-08
4.63471e-09
1.13171e-09
2.81211e-10
8.10124e-11
2.61301e-11
5.514e-12
1.14631e-12
2.34331e-13
4.72617e-14
9.4516e-15
2.14657e-15
4.89244e-16
1.13375e-16
3.30227e-17
9.2159e-18
2.30009e-18
5.97231e-19
1.53053e-19
3.97641e-20
1.03841e-20
2.71839e-21
6.73695e-22
1.75035e-22
4.84768e-23
1.36769e-23
3.80905e-24
1.01648e-24
2.21981e-25
3.29439e-26
1.37816e-20
8.93754e-20
4.1613e-19
1.68209e-18
7.72326e-18
2.70738e-17
1.25885e-16
5.98335e-16
2.86602e-15
1.47878e-14
7.62315e-14
3.86471e-13
1.92282e-12
9.37939e-12
4.48657e-11
2.10827e-10
6.40517e-10
2.48984e-09
1.0297e-08
4.24082e-08
1.69369e-07
6.49921e-07
2.38561e-06
8.34539e-06
2.77102e-05
8.69278e-05
0.000256174
0.000703831
0.00178332
0.00410425
0.00831884
0.0146899
0.023088
0.0330707
0.044092
0.0555477
0.0669585
0.0779543
0.0882779
0.0977709
0.106355
0.11401
0.120757
0.126638
0.131691
0.135919
0.139224
0.14117
0.141259
0.13764
0.126256
0.106159
0.0852703
0.0663205
0.0501341
0.0368066
0.0248871
0.0156214
0.00885741
0.0044066
0.00193738
0.000774467
0.000286674
9.95788e-05
3.27307e-05
1.02344e-05
3.05608e-06
8.74245e-07
2.40265e-07
6.35978e-08
1.62541e-08
4.03257e-09
9.85847e-10
2.52445e-10
8.40512e-11
1.96168e-11
4.3518e-12
9.31986e-13
1.94511e-13
4.00509e-14
8.18383e-15
1.85104e-15
4.4543e-16
1.21251e-16
3.4214e-17
9.10563e-18
2.39227e-18
6.45903e-19
1.65466e-19
3.80946e-20
1.09569e-20
2.95268e-21
5.77017e-22
1.74866e-22
5.00727e-23
1.3971e-23
3.42382e-24
8.81597e-25
2.14655e-25
3.70535e-26
1.04422e-20
9.07189e-20
3.87358e-19
1.49025e-18
5.54777e-18
2.31123e-17
1.14825e-16
4.92782e-16
2.51341e-15
1.31798e-14
6.85072e-14
3.51194e-13
1.77282e-12
8.80085e-12
4.29142e-11
2.05238e-10
6.318e-10
2.32265e-09
9.60996e-09
3.97479e-08
1.59442e-07
6.14496e-07
2.26504e-06
7.95564e-06
2.65187e-05
8.34989e-05
0.000246946
0.000680876
0.00173164
0.00400237
0.00816059
0.014486
0.0228708
0.0328666
0.0439037
0.0554035
0.0668653
0.0779093
0.0882704
0.097787
0.106385
0.114048
0.120799
0.126682
0.13173
0.13595
0.139244
0.141173
0.141237
0.137565
0.126057
0.105898
0.0849695
0.065991
0.0497958
0.0364813
0.0245433
0.0152971
0.00859931
0.00423151
0.00184591
0.00073253
0.00026927
9.28918e-05
3.03203e-05
9.41322e-06
2.79038e-06
7.92303e-07
2.16089e-07
5.67443e-08
1.43766e-08
3.54029e-09
8.71132e-10
2.49452e-10
8.15784e-11
1.91618e-11
4.17373e-12
8.66099e-13
1.76673e-13
3.55097e-14
7.14837e-15
1.49211e-15
4.35931e-16
9.93714e-17
2.44963e-17
7.4433e-18
1.99871e-18
4.95543e-19
1.31629e-19
3.3865e-20
9.08278e-21
2.42526e-21
5.63034e-22
1.41107e-22
3.31577e-23
8.09667e-24
2.11139e-24
5.96849e-25
1.54977e-25
2.34871e-26
9.03016e-21
4.67906e-20
2.08125e-19
1.0246e-18
4.31527e-18
2.08811e-17
9.68532e-17
4.34361e-16
2.24789e-15
1.17678e-14
6.15104e-14
3.1769e-13
1.6166e-12
8.09099e-12
3.97588e-11
1.91426e-10
5.83754e-10
2.09334e-09
8.46927e-09
3.4999e-08
1.41244e-07
5.48911e-07
2.04166e-06
7.23996e-06
2.43761e-05
7.75569e-05
0.00023186
0.000646395
0.0016622
0.00388278
0.00800698
0.0143252
0.0227273
0.0327558
0.0438418
0.0553779
0.0668702
0.0779349
0.0883121
0.0978458
0.10646
0.114122
0.12086
0.126722
0.131756
0.135965
0.139251
0.141179
0.141248
0.13759
0.126113
0.105945
0.0849791
0.0659466
0.0496901
0.0363034
0.0243315
0.0150802
0.00839496
0.00406714
0.0017482
0.000683263
0.000247415
8.40996e-05
2.70531e-05
8.27923e-06
2.41998e-06
6.778e-07
1.82433e-07
4.73125e-08
1.18777e-08
2.93387e-09
7.50746e-10
2.14735e-10
7.25155e-11
1.6082e-11
3.45276e-12
7.17952e-13
1.46215e-13
2.93937e-14
5.78503e-15
1.35223e-15
3.73691e-16
7.71327e-17
1.94147e-17
6.05662e-18
1.49983e-18
4.37378e-19
1.15339e-19
2.43811e-20
5.76636e-21
1.6274e-21
4.1908e-22
8.9981e-23
2.72955e-23
6.53932e-24
1.95593e-24
5.53179e-25
1.16017e-25
1.52834e-26
5.08309e-21
4.53775e-20
2.03459e-19
9.30869e-19
3.85009e-18
2.0062e-17
9.93881e-17
3.88043e-16
2.01627e-15
1.05993e-14
5.55108e-14
2.8779e-13
1.46987e-12
7.38121e-12
3.63707e-11
1.75476e-10
5.3323e-10
1.89306e-09
7.70389e-09
3.192e-08
1.29407e-07
5.05847e-07
1.89347e-06
6.75956e-06
2.29179e-05
7.34425e-05
0.00022117
0.000621151
0.00160902
0.0037857
0.00787049
0.0141544
0.0225431
0.0326072
0.0437331
0.0553394
0.0668913
0.0779988
0.0884071
0.0979649
0.106559
0.114201
0.120921
0.126767
0.131783
0.135976
0.139253
0.141192
0.141293
0.137722
0.126431
0.106279
0.0852412
0.0661002
0.0497251
0.0362116
0.0241357
0.014821
0.00813179
0.00390265
0.00166924
0.00064765
0.000232326
7.81762e-05
2.48917e-05
7.54137e-06
2.18284e-06
6.05639e-07
1.61544e-07
4.15367e-08
1.03426e-08
2.53388e-09
6.37267e-10
1.85379e-10
6.30718e-11
1.35687e-11
2.8677e-12
5.94217e-13
1.20813e-13
2.4243e-14
4.78321e-15
1.10548e-15
2.56389e-16
7.59164e-17
1.87045e-17
5.29732e-18
1.49561e-18
3.88874e-19
8.90942e-20
2.35083e-20
5.71283e-21
1.28998e-21
3.69645e-22
9.12284e-23
2.16728e-23
5.32731e-24
1.37431e-24
3.68902e-25
7.86107e-26
1.29456e-26
5.91675e-21
4.8656e-20
2.26805e-19
1.01873e-18
3.79434e-18
2.00461e-17
7.94594e-17
2.95677e-16
1.50857e-15
7.9164e-15
4.12377e-14
2.11879e-13
1.06903e-12
5.2715e-12
2.5241e-11
1.16202e-10
5.05791e-10
1.54069e-09
5.97208e-09
2.48076e-08
1.01871e-07
4.04638e-07
1.54172e-06
5.60845e-06
1.93948e-05
6.34438e-05
0.000195151
0.000560049
0.00148247
0.00356192
0.0075821
0.0138749
0.0223549
0.0325436
0.0437721
0.0554511
0.0670647
0.0782179
0.0886364
0.0981552
0.106732
0.114352
0.121039
0.126849
0.131828
0.135991
0.139254
0.141219
0.141387
0.138
0.127114
0.10705
0.0859286
0.0666182
0.0500423
0.0363548
0.0241544
0.0147217
0.00797816
0.00370331
0.00152991
0.000574651
0.000200063
6.53912e-05
2.02348e-05
5.96161e-06
1.67944e-06
4.53968e-07
1.18107e-07
2.96689e-08
7.26755e-09
1.78609e-09
4.83884e-10
1.62392e-10
3.75548e-11
8.21645e-12
1.7456e-12
3.62771e-13
7.41009e-14
1.49597e-14
3.02525e-15
8.00116e-16
2.23649e-16
5.81534e-17
1.48904e-17
3.96016e-18
1.07351e-18
3.13552e-19
7.78561e-20
1.67775e-20
5.0438e-21
1.33678e-21
2.92298e-22
7.2634e-23
2.03314e-23
5.30625e-24
1.06203e-24
2.41313e-25
6.31138e-26
1.1258e-26
)
;

boundaryField
{
    fuel
    {
        type            fixedValue;
        value           uniform 0;
    }
    air
    {
        type            fixedValue;
        value           uniform 0;
    }
    outlet
    {
        type            inletOutlet;
        inletValue      uniform 0;
        value           nonuniform List<scalar> 
200
(
6.20398e-21
5.65547e-20
2.82683e-19
1.1794e-18
3.9299e-18
1.54819e-17
7.68764e-17
2.99308e-16
1.53227e-15
7.96816e-15
4.13298e-14
2.12173e-13
1.07039e-12
5.27797e-12
2.52703e-11
1.16325e-10
5.06238e-10
1.54181e-09
5.97573e-09
2.48205e-08
1.01918e-07
4.04799e-07
1.54225e-06
5.61013e-06
1.93998e-05
6.34572e-05
0.000195185
0.000560122
0.0014826
0.00356211
0.00758226
0.0138749
0.0223547
0.0325432
0.0437712
0.0554498
0.0670631
0.078216
0.0886344
0.0981532
0.10673
0.114349
0.121037
0.126847
0.131826
0.135989
0.139253
0.141218
0.141388
0.138003
0.127123
0.10706
0.0859387
0.0666274
0.0500503
0.0363617
0.0241605
0.0147269
0.00798209
0.00370564
0.00153096
0.000575074
0.000200216
6.54431e-05
2.02514e-05
5.96666e-06
1.6809e-06
4.54371e-07
1.18212e-07
2.96923e-08
7.27178e-09
1.78874e-09
4.87984e-10
1.65125e-10
3.87225e-11
8.45511e-12
1.79092e-12
3.71363e-13
7.55616e-14
1.54593e-14
3.11961e-15
7.89693e-16
2.26349e-16
5.29727e-17
1.488e-17
3.16897e-18
9.74777e-19
2.75384e-19
7.63384e-20
1.77325e-20
4.08019e-21
1.22129e-21
3.1759e-22
7.98136e-23
2.02507e-23
6.5781e-24
1.62684e-24
3.57605e-25
1.03111e-25
1.28264e-26
5.91675e-21
4.8656e-20
2.26805e-19
1.01873e-18
3.79434e-18
2.00461e-17
7.94594e-17
2.95677e-16
1.50857e-15
7.9164e-15
4.12377e-14
2.11879e-13
1.06903e-12
5.2715e-12
2.5241e-11
1.16202e-10
5.05791e-10
1.54069e-09
5.97208e-09
2.48076e-08
1.01871e-07
4.04638e-07
1.54172e-06
5.60845e-06
1.93948e-05
6.34438e-05
0.000195151
0.000560049
0.00148247
0.00356192
0.0075821
0.0138749
0.0223549
0.0325436
0.0437721
0.0554511
0.0670647
0.0782179
0.0886364
0.0981552
0.106732
0.114352
0.121039
0.126849
0.131828
0.135991
0.139254
0.141219
0.141387
0.138
0.127114
0.10705
0.0859286
0.0666182
0.0500423
0.0363548
0.0241544
0.0147217
0.00797816
0.00370331
0.00152991
0.000574651
0.000200063
6.53912e-05
2.02348e-05
5.96161e-06
1.67944e-06
4.53968e-07
1.18107e-07
2.96689e-08
7.26755e-09
1.78609e-09
4.83884e-10
1.62392e-10
3.75548e-11
8.21645e-12
1.7456e-12
3.62771e-13
7.41009e-14
1.49597e-14
3.02525e-15
8.00116e-16
2.23649e-16
5.81534e-17
1.48904e-17
3.96016e-18
1.07351e-18
3.13552e-19
7.78561e-20
1.67775e-20
5.0438e-21
1.33678e-21
2.92298e-22
7.2634e-23
2.03314e-23
5.30625e-24
1.06203e-24
2.41313e-25
6.31138e-26
1.1258e-26
)
;
    }
    frontAndBack
    {
        type            empty;
    }
}


// ************************************************************************* //
