/*--------------------------------*- C++ -*----------------------------------*\
  =========                 |
  \\      /  F ield         | OpenFOAM: The Open Source CFD Toolbox
   \\    /   O peration     | Website:  https://openfoam.org
    \\  /    A nd           | Version:  11
     \\/     M anipulation  |
\*---------------------------------------------------------------------------*/
FoamFile
{
    format      ascii;
    class       volScalarField;
    location    "0.1";
    object      H2O;
}
// * * * * * * * * * * * * * * * * * * * * * * * * * * * * * * * * * * * * * //

dimensions      [0 0 0 0 0 0 0];

internalField   nonuniform List<scalar> 
4000
(
5.07914e-21
4.63008e-20
2.3143e-19
9.65565e-19
3.21738e-18
1.26749e-17
6.2938e-17
2.45041e-16
1.25446e-15
6.52346e-15
3.38363e-14
1.73704e-13
8.76317e-13
4.32103e-12
2.06886e-11
9.52343e-11
4.14452e-10
1.26226e-09
4.89228e-09
2.03203e-08
8.3439e-08
3.31405e-07
1.26263e-06
4.59297e-06
1.58824e-05
5.19519e-05
0.000159796
0.000458567
0.00121379
0.00291626
0.00620753
0.0113593
0.0183016
0.0266428
0.0358351
0.0453963
0.054904
0.0640348
0.0725642
0.0803572
0.0873789
0.0936168
0.099092
0.103848
0.107925
0.111333
0.114005
0.115614
0.115753
0.112981
0.104074
0.0876492
0.0703573
0.0545473
0.0409757
0.029769
0.01978
0.0120568
0.00653486
0.00303378
0.00125339
0.000470808
0.000163915
5.35777e-05
1.65796e-05
4.88485e-06
1.37613e-06
3.71989e-07
9.67791e-08
2.43089e-08
5.95334e-09
1.46442e-09
3.99508e-10
1.35187e-10
3.17017e-11
6.92213e-12
1.46621e-12
3.04032e-13
6.18616e-14
1.26564e-14
2.55399e-15
6.46515e-16
1.8531e-16
4.33683e-17
1.21821e-17
2.59441e-18
7.98042e-19
2.25454e-19
6.24976e-20
1.45175e-20
3.34041e-21
9.99856e-22
2.60008e-22
6.53427e-23
1.6579e-23
5.38543e-24
1.33188e-24
2.92768e-25
8.44161e-26
1.05009e-26
6.52367e-21
5.59642e-20
2.2891e-19
8.93681e-19
3.14662e-18
1.49731e-17
7.21094e-17
3.21972e-16
1.62669e-15
8.64588e-15
4.54815e-14
2.35853e-13
1.20459e-12
6.0491e-12
2.98068e-11
1.43808e-10
4.36984e-10
1.551e-09
6.31077e-09
2.61456e-08
1.05991e-07
4.14293e-07
1.55069e-06
5.53563e-06
1.87674e-05
6.01393e-05
0.0001811
0.000508598
0.00131741
0.00309949
0.00644367
0.0115882
0.0184556
0.0266947
0.035803
0.0453049
0.0547622
0.0638556
0.0723766
0.0802013
0.0872374
0.0934938
0.0989954
0.103782
0.107888
0.111321
0.114004
0.115592
0.115675
0.112754
0.103514
0.0870179
0.0697937
0.0541223
0.0407151
0.029651
0.0197636
0.0121368
0.00665963
0.00319628
0.0013672
0.00053049
0.000190312
6.4043e-05
2.03928e-05
6.17863e-06
1.78847e-06
4.96239e-07
1.3237e-07
3.40356e-08
8.47193e-09
2.07289e-09
5.22493e-10
1.57005e-10
5.28602e-11
1.13695e-11
2.40788e-12
4.98624e-13
1.0114e-13
2.014e-14
4.0113e-15
8.2581e-16
2.36846e-16
5.71709e-17
1.62989e-17
3.93267e-18
9.61834e-19
2.67322e-19
6.80737e-20
2.02074e-20
4.85342e-21
1.10688e-21
3.14978e-22
8.02094e-23
1.95371e-23
5.59667e-24
1.67069e-24
4.47445e-25
9.76787e-26
1.76722e-26
9.51988e-21
5.59023e-20
2.62516e-19
1.03574e-18
4.36144e-18
1.70399e-17
7.91917e-17
3.5145e-16
1.86886e-15
9.65936e-15
5.04044e-14
2.60304e-13
1.32459e-12
6.62958e-12
3.25783e-11
1.56861e-10
4.78284e-10
1.715e-09
6.93748e-09
2.86673e-08
1.15685e-07
4.4956e-07
1.67205e-06
5.92902e-06
1.99615e-05
6.35083e-05
0.000189854
0.000529268
0.00136096
0.00317898
0.00655542
0.011728
0.0186065
0.0268164
0.0358923
0.0453364
0.0547448
0.0638032
0.0722988
0.0801038
0.0871562
0.0934289
0.0989452
0.103745
0.107866
0.111312
0.114003
0.115581
0.115639
0.112646
0.103254
0.0867433
0.0695786
0.0539958
0.0406855
0.0297245
0.0199218
0.0123464
0.006872
0.00332934
0.00143137
0.000559559
0.000202652
6.88912e-05
2.21624e-05
6.78286e-06
1.98269e-06
5.55347e-07
1.49484e-07
3.87721e-08
9.73256e-09
2.39757e-09
6.04474e-10
1.74991e-10
5.8181e-11
1.34043e-11
2.91691e-12
6.07576e-13
1.22824e-13
2.46241e-14
5.26106e-15
1.04352e-15
2.34792e-16
6.87328e-17
1.57875e-17
4.76169e-18
1.21444e-18
3.32388e-19
8.68021e-20
2.43272e-20
6.067e-21
1.71747e-21
4.59941e-22
1.14367e-22
2.99275e-23
6.85239e-24
1.96174e-24
5.48703e-25
1.41906e-25
2.42241e-26
9.73043e-21
5.90391e-20
2.73724e-19
1.22851e-18
4.92786e-18
2.4466e-17
1.0718e-16
4.10082e-16
2.05297e-15
1.07844e-14
5.60744e-14
2.87531e-13
1.45161e-12
7.20688e-12
3.51446e-11
1.68088e-10
5.17521e-10
1.90249e-09
7.87166e-09
3.2556e-08
1.30586e-07
5.03261e-07
1.85494e-06
6.51498e-06
2.17157e-05
6.8373e-05
0.000202204
0.000557495
0.0014178
0.00327688
0.00668117
0.0118596
0.0187239
0.026907
0.0359429
0.0453573
0.0547407
0.0637823
0.0722648
0.080056
0.0870952
0.0933688
0.0988959
0.103712
0.107845
0.1113
0.113997
0.115576
0.11563
0.112625
0.103208
0.0867052
0.0695704
0.0540322
0.0407725
0.0298719
0.0200973
0.0125271
0.00704324
0.00346625
0.00151211
0.000600064
0.000220579
7.60965e-05
2.48389e-05
7.71171e-06
2.28606e-06
6.49129e-07
1.77051e-07
4.65016e-08
1.17919e-08
2.91343e-09
7.21305e-10
1.96166e-10
5.90157e-11
1.79023e-11
3.62395e-12
7.3406e-13
1.47948e-13
2.98042e-14
5.97916e-15
1.22319e-15
3.72521e-16
7.84642e-17
1.77669e-17
5.26947e-18
1.41642e-18
3.61924e-19
7.57633e-20
2.24916e-20
6.58805e-21
1.8688e-21
5.14142e-22
1.2701e-22
2.99689e-23
6.6477e-24
1.91464e-24
5.078e-25
1.50926e-25
2.73407e-26
8.27881e-21
5.6052e-20
3.50702e-19
1.29775e-18
5.55905e-18
2.25477e-17
1.20512e-16
4.70532e-16
2.31307e-15
1.20981e-14
6.23106e-14
3.15899e-13
1.57222e-12
7.6727e-12
3.67175e-11
1.72605e-10
5.24764e-10
2.03883e-09
8.43455e-09
3.47338e-08
1.38713e-07
5.32265e-07
1.95366e-06
6.83406e-06
2.26911e-05
7.11798e-05
0.000209758
0.000576283
0.00146011
0.00336027
0.0068107
0.0120265
0.0189018
0.0270743
0.0360972
0.0454755
0.0548171
0.0638192
0.0722709
0.0800427
0.0870701
0.0933374
0.0988613
0.103676
0.107813
0.111275
0.11398
0.115574
0.115648
0.112687
0.10337
0.0869177
0.0698163
0.0543025
0.0410524
0.0301486
0.0203799
0.0127916
0.00725314
0.0036087
0.0015867
0.000634325
0.000234813
8.15684e-05
2.6812e-05
8.38403e-06
2.50362e-06
7.16229e-07
1.96845e-07
5.21064e-08
1.33164e-08
3.3023e-09
8.06958e-10
2.07226e-10
6.85947e-11
1.59995e-11
3.54273e-12
7.60757e-13
1.59826e-13
3.33359e-14
6.87228e-15
1.44486e-15
4.17381e-16
1.06804e-16
2.86844e-17
6.61514e-18
1.53566e-18
3.93761e-19
1.09259e-19
2.45821e-20
6.62646e-21
1.96931e-21
5.52938e-22
1.54908e-22
3.24238e-23
9.82881e-24
2.68508e-24
6.62634e-25
1.65937e-25
2.80235e-26
6.29091e-21
6.88366e-20
2.98232e-19
1.38108e-18
5.48234e-18
2.28214e-17
1.22805e-16
5.19537e-16
2.64639e-15
1.38453e-14
7.18702e-14
3.64972e-13
1.80822e-12
8.69533e-12
4.02963e-11
1.78105e-10
5.53432e-10
2.17815e-09
9.13592e-09
3.76817e-08
1.50091e-07
5.73431e-07
2.09389e-06
7.28152e-06
2.40187e-05
7.481e-05
0.000218798
0.000596472
0.00149971
0.00342723
0.00689884
0.0121298
0.0190172
0.0271976
0.0361865
0.0455394
0.0548598
0.0638433
0.0722791
0.0800378
0.0870547
0.0933146
0.0988338
0.103647
0.107784
0.111248
0.113961
0.115574
0.115679
0.112791
0.103641
0.0872486
0.0701656
0.0546495
0.0413812
0.0304611
0.0206793
0.0130654
0.0074595
0.00375039
0.00166416
0.000671682
0.000251037
8.80374e-05
2.92109e-05
9.21829e-06
2.77727e-06
8.01287e-07
2.22e-07
5.92101e-08
1.52379e-08
3.79807e-09
9.25857e-10
2.28852e-10
6.65861e-11
2.13438e-11
4.51663e-12
9.50518e-13
1.98749e-13
4.14567e-14
8.59226e-15
1.82841e-15
4.14122e-16
1.12724e-16
2.8704e-17
7.51035e-18
1.86937e-18
4.72556e-19
1.2876e-19
3.63365e-20
8.27839e-21
2.02502e-21
4.87916e-22
1.32535e-22
3.53101e-23
8.77611e-24
2.59901e-24
6.42101e-25
1.60985e-25
1.65118e-26
8.76431e-21
6.61179e-20
3.07966e-19
1.08322e-18
4.80417e-18
2.07022e-17
1.10098e-16
5.39202e-16
2.76486e-15
1.463e-14
7.68105e-14
3.97946e-13
2.03087e-12
1.01813e-11
5.00572e-11
1.59628e-10
5.50612e-10
2.28432e-09
9.6026e-09
3.95187e-08
1.56864e-07
5.97258e-07
2.17407e-06
7.53892e-06
2.48049e-05
7.70829e-05
0.000224962
0.000611891
0.00153433
0.00349448
0.00700014
0.0122553
0.019147
0.0273094
0.0362925
0.0456264
0.0549228
0.0638824
0.0722969
0.0800382
0.0870422
0.0932928
0.0988058
0.103615
0.107751
0.111217
0.113938
0.115574
0.115715
0.112914
0.103956
0.0876279
0.0705566
0.0550277
0.0417275
0.0307738
0.0209759
0.0132783
0.00764701
0.00388426
0.00173644
0.000705384
0.000265127
9.34699e-05
3.11746e-05
9.88997e-06
2.99586e-06
8.69217e-07
2.42215e-07
6.49833e-08
1.68209e-08
4.2098e-09
1.0255e-09
2.50151e-10
7.00672e-11
2.16247e-11
4.72768e-12
1.01215e-12
2.13984e-13
4.48294e-14
9.29912e-15
1.93722e-15
5.51513e-16
1.08917e-16
2.40573e-17
7.28968e-18
2.01551e-18
4.94986e-19
1.33223e-19
3.72608e-20
9.30392e-21
2.58886e-21
6.30883e-22
1.4983e-22
3.85483e-23
7.7781e-24
2.21379e-24
5.44648e-25
1.44227e-25
2.58387e-26
1.05744e-20
7.8984e-20
3.00145e-19
1.33486e-18
5.33104e-18
2.19357e-17
1.13948e-16
5.5572e-16
2.77352e-15
1.46188e-14
7.63818e-14
3.93072e-13
1.98734e-12
9.8802e-12
4.8292e-11
1.5319e-10
5.82907e-10
2.3946e-09
1.0107e-08
4.1581e-08
1.64751e-07
6.25819e-07
2.27168e-06
7.85178e-06
2.57381e-05
7.96506e-05
0.000231413
0.0006265
0.00156365
0.00354576
0.00707185
0.0123442
0.0192481
0.027419
0.0363821
0.0456964
0.0549732
0.0639141
0.0723116
0.0800383
0.0870305
0.0932719
0.0987784
0.103584
0.107718
0.111186
0.113915
0.115573
0.115753
0.113042
0.104283
0.0880199
0.0709575
0.0554134
0.0420853
0.0311127
0.0213286
0.0135924
0.00787274
0.00403027
0.00181302
0.000741025
0.000280174
9.93431e-05
3.33201e-05
1.06287e-05
3.23676e-06
9.43929e-07
2.6433e-07
7.1257e-08
1.85355e-08
4.66226e-09
1.13562e-09
2.69549e-10
6.9461e-11
1.65962e-11
5.21285e-12
1.07785e-12
2.21805e-13
4.55557e-14
9.41616e-15
1.96838e-15
5.09669e-16
1.02314e-16
2.86942e-17
6.58233e-18
1.38527e-18
4.1098e-19
1.22854e-19
3.26532e-20
9.09515e-21
2.57333e-21
6.19139e-22
1.57546e-22
3.3567e-23
9.47263e-24
2.45942e-24
7.814e-25
1.66561e-25
1.83336e-26
7.64911e-21
6.77452e-20
2.48482e-19
1.18536e-18
5.91837e-18
2.62827e-17
1.34916e-16
5.4773e-16
2.80234e-15
1.48036e-14
7.7058e-14
3.92838e-13
1.95495e-12
9.45843e-12
4.422e-11
1.42137e-10
5.83771e-10
2.47485e-09
1.04916e-08
4.30999e-08
1.70388e-07
6.45781e-07
2.33886e-06
8.06583e-06
2.63817e-05
8.14687e-05
0.000236195
0.000638039
0.00158854
0.00359206
0.00713882
0.0124248
0.0193305
0.027492
0.0364493
0.0457518
0.0550135
0.0639384
0.0723211
0.0800347
0.0870162
0.0932494
0.09875
0.103552
0.107685
0.111155
0.113891
0.115572
0.115789
0.113165
0.1046
0.0883956
0.071336
0.0557695
0.0424051
0.0313949
0.0216258
0.0138336
0.00804992
0.00414762
0.001876
0.000770748
0.000292815
0.0001043
3.51387e-05
1.12585e-05
3.4438e-06
1.00875e-06
2.83719e-07
7.68129e-08
2.00639e-08
5.06676e-09
1.23876e-09
2.93565e-10
6.88481e-11
2.04886e-11
4.26601e-12
8.8064e-13
1.80958e-13
3.71243e-14
7.66484e-15
1.65754e-15
4.98534e-16
1.01144e-16
2.51334e-17
5.54848e-18
1.69996e-18
4.51632e-19
1.22868e-19
3.30799e-20
8.59626e-21
2.10319e-21
6.06883e-22
1.54282e-22
3.39993e-23
9.30936e-24
2.58282e-24
5.36088e-25
1.18683e-25
2.24706e-26
7.282e-21
5.23882e-20
2.80556e-19
1.2348e-18
5.82314e-18
2.31952e-17
1.30383e-16
5.37102e-16
2.84715e-15
1.53043e-14
8.0952e-14
4.19701e-13
2.13236e-12
1.06454e-11
3.42617e-11
1.40457e-10
5.87623e-10
2.55061e-09
1.08357e-08
4.44818e-08
1.75574e-07
6.64347e-07
2.40198e-06
8.26838e-06
2.69912e-05
8.31751e-05
0.000240598
0.000648369
0.00161016
0.00363137
0.0071957
0.0124952
0.0194053
0.0275588
0.0365132
0.0458042
0.0550509
0.0639602
0.0723282
0.0800297
0.0870014
0.0932269
0.0987221
0.10352
0.107653
0.111124
0.113867
0.11557
0.115824
0.113283
0.104904
0.0887552
0.071697
0.0561079
0.0427074
0.0316576
0.021898
0.0140559
0.00821656
0.00426121
0.00193813
0.000800309
0.000305404
0.000109225
3.69384e-05
1.18787e-05
3.64651e-06
1.07187e-06
3.02505e-07
8.2175e-08
2.1538e-08
5.45896e-09
1.34065e-09
3.19622e-10
7.41295e-11
1.68078e-11
3.70779e-12
7.9835e-13
1.68289e-13
3.51095e-14
7.29086e-15
1.52847e-15
4.42921e-16
9.92672e-17
2.7176e-17
7.01357e-18
1.65072e-18
3.58358e-19
9.52658e-20
2.60185e-20
6.11644e-21
1.48215e-21
4.58775e-22
1.25031e-22
3.54532e-23
9.41463e-24
2.84832e-24
7.48531e-25
1.87052e-25
2.78684e-26
6.11412e-21
5.29444e-20
2.30835e-19
1.28294e-18
5.84887e-18
2.53848e-17
1.19459e-16
4.87789e-16
2.4539e-15
1.32984e-14
7.02573e-14
3.53757e-13
1.70961e-12
8.47002e-12
3.15072e-11
1.3918e-10
6.01056e-10
2.62054e-09
1.11325e-08
4.56492e-08
1.79969e-07
6.80098e-07
2.45541e-06
8.43907e-06
2.75017e-05
8.4595e-05
0.000244238
0.00065686
0.00162782
0.00366325
0.00724164
0.0125528
0.019471
0.0276283
0.0365683
0.0458449
0.0550776
0.0639737
0.0723299
0.0800212
0.0869845
0.0932036
0.0986943
0.10349
0.107621
0.111095
0.113845
0.115568
0.115855
0.113394
0.105189
0.0890914
0.0720339
0.0564229
0.0429881
0.0318993
0.0221445
0.014246
0.00836766
0.00436536
0.00199478
0.000827114
0.000316806
0.000113696
3.85793e-05
1.24468e-05
3.83302e-06
1.13016e-06
3.19911e-07
8.71554e-08
2.29082e-08
5.82143e-09
1.43307e-09
3.42383e-10
7.95302e-11
1.79901e-11
3.9701e-12
8.56067e-13
1.80553e-13
3.74568e-14
7.95715e-15
1.66306e-15
4.814e-16
1.04428e-16
2.94691e-17
7.49872e-18
1.64737e-18
4.4966e-19
1.11514e-19
3.03743e-20
7.08873e-21
1.63364e-21
4.81308e-22
1.0009e-22
3.40046e-23
8.97291e-24
2.82142e-24
7.2461e-25
1.61714e-25
2.74288e-26
6.25151e-21
3.9247e-20
2.33499e-19
1.08794e-18
4.39953e-18
2.1804e-17
7.8812e-17
3.74585e-16
1.89508e-15
9.86654e-15
5.09499e-14
2.5815e-13
1.27934e-12
6.21651e-12
2.95438e-11
1.36544e-10
6.09676e-10
2.6767e-09
1.13683e-08
4.6559e-08
1.83344e-07
6.92048e-07
2.49559e-06
8.56682e-06
2.78841e-05
8.56666e-05
0.000247027
0.000663503
0.00164199
0.00368939
0.00727961
0.0125993
0.0195197
0.0276757
0.0366094
0.0458765
0.0550982
0.0639831
0.0723292
0.0800115
0.0869674
0.093181
0.0986677
0.103461
0.107592
0.111068
0.113824
0.115566
0.115884
0.113495
0.105451
0.0894002
0.0723429
0.0567117
0.0432453
0.032124
0.0223759
0.0144354
0.00850873
0.00445982
0.00204569
0.00085122
0.000327068
0.000117717
4.00518e-05
1.29558e-05
4.00001e-06
1.18238e-06
3.35525e-07
9.16382e-08
2.41441e-08
6.14934e-09
1.51698e-09
3.63142e-10
8.45072e-11
1.91503e-11
4.23271e-12
9.14123e-13
1.93057e-13
4.01569e-14
8.24055e-15
1.75719e-15
4.33502e-16
1.2266e-16
2.80512e-17
6.67687e-18
1.78886e-18
4.31035e-19
9.77922e-20
2.99244e-20
7.31591e-21
2.12762e-21
5.86628e-22
1.63848e-22
4.73234e-23
1.1932e-23
3.34368e-24
9.88964e-25
1.78075e-25
2.72274e-26
5.13932e-21
3.87895e-20
2.54751e-19
1.38907e-18
5.78795e-18
2.23512e-17
7.95768e-17
3.55772e-16
1.81747e-15
9.50666e-15
4.92505e-14
2.51178e-13
1.25642e-12
6.15172e-12
2.94219e-11
1.37131e-10
6.21258e-10
2.72772e-09
1.15789e-08
4.7393e-08
1.86501e-07
7.03425e-07
2.53441e-06
8.69151e-06
2.82586e-05
8.67092e-05
0.000249687
0.000669638
0.0016545
0.0037114
0.00731028
0.0126364
0.0195605
0.0277119
0.0366392
0.0458982
0.0551109
0.063987
0.0723246
0.0799998
0.0869498
0.0931589
0.0986426
0.103434
0.107565
0.111042
0.113805
0.115564
0.11591
0.113586
0.105686
0.0896775
0.07262
0.05697
0.0434748
0.0323222
0.0225759
0.0145918
0.0086313
0.00454442
0.00209203
0.000873317
0.000336509
0.000121425
4.14123e-05
1.34263e-05
4.15432e-06
1.23058e-06
3.49926e-07
9.57653e-08
2.52793e-08
6.4498e-09
1.5937e-09
3.82085e-10
8.90388e-11
2.02024e-11
4.47059e-12
9.66393e-13
2.04401e-13
4.24825e-14
8.71796e-15
1.90718e-15
4.70729e-16
1.17367e-16
2.31974e-17
6.71953e-18
1.85548e-18
4.90023e-19
1.28215e-19
3.56587e-20
1.011e-20
2.89075e-21
6.53199e-22
1.96184e-22
5.70281e-23
1.67159e-23
3.43335e-24
8.09224e-25
2.42101e-25
4.36397e-26
5.31334e-21
3.80992e-20
2.26328e-19
1.26806e-18
5.01137e-18
1.88236e-17
7.12785e-17
3.59202e-16
1.86721e-15
9.6244e-15
4.99357e-14
2.54987e-13
1.27655e-12
6.25258e-12
2.98983e-11
1.39259e-10
6.30323e-10
2.76566e-09
1.17326e-08
4.79905e-08
1.88717e-07
7.11241e-07
2.56052e-06
8.77381e-06
2.85025e-05
8.73853e-05
0.000251429
0.000673755
0.00166323
0.00372741
0.00733317
0.0126634
0.0195859
0.0277389
0.0366627
0.0459154
0.0551205
0.0639887
0.0723194
0.0799884
0.0869334
0.0931387
0.0986197
0.10341
0.10754
0.11102
0.113787
0.115562
0.115933
0.113666
0.105894
0.0899222
0.0728644
0.0571981
0.0436786
0.0324996
0.0227597
0.0147484
0.00874434
0.00461879
0.00213197
0.000892214
0.000344556
0.000124581
4.25698e-05
1.38271e-05
4.28605e-06
1.27186e-06
3.62317e-07
9.93261e-08
2.62614e-08
6.71046e-09
1.66042e-09
3.98595e-10
9.29958e-11
2.11231e-11
4.67863e-12
1.0122e-12
2.14219e-13
4.47057e-14
9.17651e-15
1.96723e-15
4.51276e-16
1.07412e-16
3.12861e-17
8.19893e-18
2.08138e-18
6.17413e-19
1.73693e-19
4.90327e-20
1.23752e-20
3.0133e-21
6.52138e-22
1.807e-22
4.91328e-23
1.62079e-23
4.57189e-24
1.21624e-24
2.54913e-25
3.91684e-26
4.8757e-21
3.7685e-20
2.38627e-19
1.08735e-18
4.50216e-18
1.87508e-17
8.21102e-17
3.60416e-16
1.86172e-15
9.74753e-15
5.06056e-14
2.58368e-13
1.29331e-12
6.33382e-12
3.02822e-11
1.4102e-10
6.38153e-10
2.79923e-09
1.18711e-08
4.85386e-08
1.90791e-07
7.1871e-07
2.58601e-06
8.85586e-06
2.87497e-05
8.8077e-05
0.000253206
0.000677884
0.00167172
0.00374243
0.00735417
0.0126888
0.0196139
0.027763
0.0366817
0.0459282
0.0551268
0.0639886
0.0723134
0.0799773
0.0869183
0.0931206
0.0985995
0.103388
0.107519
0.111
0.113772
0.11556
0.115952
0.113735
0.106073
0.090133
0.0730744
0.0573934
0.0438521
0.0326486
0.0229103
0.0148704
0.00883644
0.00468133
0.00216631
0.000908664
0.000351612
0.000127358
4.359e-05
1.41803e-05
4.40206e-06
1.3082e-06
3.73205e-07
1.02448e-07
2.71208e-08
6.93808e-09
1.71859e-09
4.12966e-10
9.64362e-11
2.19227e-11
4.8593e-12
1.05219e-12
2.22839e-13
4.64405e-14
9.52639e-15
1.97114e-15
4.23979e-16
1.14168e-16
2.90944e-17
8.70803e-18
2.38648e-18
5.71883e-19
1.75817e-19
4.45483e-20
1.21143e-20
3.00836e-21
8.1692e-22
1.81539e-22
5.39642e-23
1.68116e-23
4.00838e-24
1.13246e-24
1.94159e-25
2.72039e-26
5.29429e-21
2.87568e-20
1.64381e-19
9.03406e-19
5.13276e-18
2.02095e-17
7.52567e-17
3.70109e-16
1.88391e-15
9.83938e-15
5.11039e-14
2.60926e-13
1.30598e-12
6.39496e-12
3.05689e-11
1.42324e-10
6.43882e-10
2.8235e-09
1.19699e-08
4.89237e-08
1.92223e-07
7.23775e-07
2.60297e-06
8.90939e-06
2.89083e-05
8.85161e-05
0.000254333
0.000680532
0.0016773
0.00375268
0.00736912
0.0127073
0.0196334
0.0277809
0.0366958
0.0459374
0.0551307
0.0639874
0.0723074
0.0799673
0.086905
0.0931049
0.0985822
0.10337
0.107501
0.110983
0.11376
0.115558
0.115969
0.113794
0.106224
0.0903105
0.0732509
0.0575572
0.0439975
0.032773
0.0230352
0.0149718
0.00891316
0.00473345
0.00219489
0.000922312
0.000357443
0.000129646
4.44287e-05
1.44704e-05
4.49741e-06
1.33814e-06
3.82184e-07
1.05026e-07
2.78309e-08
7.1264e-09
1.76677e-09
4.24882e-10
9.92921e-11
2.25867e-11
5.00947e-12
1.08532e-12
2.29826e-13
4.79476e-14
1.00535e-14
2.0522e-15
4.60319e-16
1.19254e-16
3.16721e-17
8.61565e-18
2.35651e-18
6.67552e-19
1.53249e-19
4.2047e-20
9.60341e-21
2.68904e-21
7.35359e-22
1.49395e-22
4.8503e-23
1.50205e-23
3.49213e-24
1.02058e-24
2.05495e-25
3.18764e-26
4.39518e-21
4.23662e-20
2.72145e-19
1.49752e-18
6.44088e-18
2.45601e-17
9.09298e-17
3.6115e-16
1.88441e-15
9.92635e-15
5.15071e-14
2.62929e-13
1.31596e-12
6.44338e-12
3.0797e-11
1.43367e-10
6.48496e-10
2.8432e-09
1.20508e-08
4.92422e-08
1.93421e-07
7.28062e-07
2.61751e-06
8.95584e-06
2.90474e-05
8.89028e-05
0.000255322
0.000682824
0.001682
0.00376098
0.00738059
0.0127208
0.0196472
0.0277931
0.0367052
0.0459431
0.0551324
0.0639852
0.0723016
0.0799585
0.0868938
0.0930918
0.0985679
0.103355
0.107486
0.11097
0.113749
0.115557
0.115982
0.113841
0.106347
0.0904539
0.0733931
0.057689
0.0441144
0.0328729
0.0231353
0.0150532
0.00897489
0.00477551
0.00221834
0.000933485
0.000362198
0.000131504
4.51073e-05
1.47047e-05
4.57432e-06
1.36227e-06
3.89411e-07
1.07098e-07
2.84015e-08
7.27763e-09
1.80544e-09
4.34445e-10
1.01583e-10
2.31196e-11
5.13022e-12
1.11196e-12
2.35569e-13
4.91106e-14
1.03758e-14
2.13182e-15
4.66085e-16
1.17013e-16
3.00678e-17
8.55477e-18
2.41573e-18
5.86077e-19
1.28809e-19
3.97473e-20
1.08556e-20
2.93636e-21
8.04168e-22
2.20418e-22
5.25872e-23
1.61219e-23
3.85197e-24
1.03855e-24
2.77094e-25
4.02494e-26
5.69949e-21
4.50444e-20
2.71121e-19
1.55434e-18
6.35962e-18
2.36928e-17
8.09644e-17
3.78909e-16
1.89839e-15
9.97736e-15
5.17823e-14
2.64355e-13
1.32302e-12
6.47748e-12
3.09572e-11
1.44097e-10
6.51711e-10
2.85685e-09
1.21065e-08
4.94601e-08
1.94235e-07
7.30949e-07
2.62721e-06
8.98656e-06
2.91385e-05
8.91546e-05
0.000255965
0.000684315
0.00168509
0.0037665
0.00738835
0.01273
0.0196565
0.0278014
0.0367114
0.0459466
0.0551329
0.0639828
0.0722967
0.0799513
0.0868849
0.0930816
0.0985569
0.103344
0.107475
0.110959
0.113741
0.115555
0.115992
0.113877
0.106439
0.0905619
0.0735001
0.057788
0.0442023
0.0329481
0.0232105
0.0151146
0.00902156
0.0048071
0.0022365
0.000941963
0.000365759
0.000132886
4.56108e-05
1.48784e-05
4.63148e-06
1.38021e-06
3.94786e-07
1.0864e-07
2.88265e-08
7.39034e-09
1.83428e-09
4.41579e-10
1.03292e-10
2.35175e-11
5.22029e-12
1.13179e-12
2.39881e-13
4.99167e-14
1.02886e-14
2.32679e-15
5.2907e-16
1.29689e-16
3.51546e-17
9.84013e-18
2.7393e-18
6.73547e-19
1.75934e-19
4.62175e-20
9.5583e-21
2.79417e-21
7.88813e-22
1.80836e-22
5.2869e-23
1.5238e-23
3.13127e-24
6.94319e-25
2.04715e-25
2.41255e-26
5.64787e-21
5.13789e-20
2.89421e-19
1.57157e-18
5.66239e-18
2.03853e-17
8.69641e-17
3.82172e-16
1.90097e-15
1.00095e-14
5.19666e-14
2.65253e-13
1.32746e-12
6.4989e-12
3.10579e-11
1.44556e-10
6.53738e-10
2.86548e-09
1.21419e-08
4.95986e-08
1.94753e-07
7.32796e-07
2.63344e-06
9.00635e-06
2.91975e-05
8.93179e-05
0.000256381
0.000685279
0.00168707
0.00377
0.0073932
0.0127356
0.0196623
0.0278064
0.036715
0.0459485
0.0551329
0.0639809
0.0722931
0.0799463
0.0868787
0.0930746
0.0985493
0.103336
0.107467
0.110952
0.113736
0.115554
0.115998
0.1139
0.106501
0.0906339
0.0735713
0.0578539
0.0442608
0.032998
0.0232602
0.0151552
0.00905249
0.00482806
0.00224848
0.000947504
0.00036807
0.000133778
4.59351e-05
1.49901e-05
4.66826e-06
1.39174e-06
3.98238e-07
1.09631e-07
2.90992e-08
7.46267e-09
1.85279e-09
4.46158e-10
1.0439e-10
2.37726e-11
5.27797e-12
1.1442e-12
2.4241e-13
5.07432e-14
1.05358e-14
2.23466e-15
5.18133e-16
1.45207e-16
3.50304e-17
9.07927e-18
2.42217e-18
5.98657e-19
1.67087e-19
4.48115e-20
1.1392e-20
3.13885e-21
8.33702e-22
2.23953e-22
5.85499e-23
1.65621e-23
3.21254e-24
6.98833e-25
2.0031e-25
2.68717e-26
6.84747e-21
5.02905e-20
2.51455e-19
1.12201e-18
4.15126e-18
1.77819e-17
9.06361e-17
3.62862e-16
1.90208e-15
1.002e-14
5.20493e-14
2.65659e-13
1.32942e-12
6.50832e-12
3.11022e-11
1.44758e-10
6.54628e-10
2.86926e-09
1.21573e-08
4.96591e-08
1.9498e-07
7.336e-07
2.63615e-06
9.01494e-06
2.9223e-05
8.93884e-05
0.000256561
0.000685695
0.00168793
0.00377153
0.00739534
0.0127382
0.0196648
0.0278086
0.0367166
0.0459493
0.0551328
0.06398
0.0722913
0.0799438
0.0868757
0.0930712
0.0985457
0.103332
0.107463
0.110949
0.113733
0.115554
0.116001
0.113912
0.10653
0.0906685
0.0736055
0.0578855
0.0442886
0.0330216
0.0232836
0.0151741
0.00906671
0.00483763
0.00225396
0.000950038
0.000369121
0.000134182
4.6081e-05
1.50402e-05
4.68471e-06
1.39689e-06
3.99777e-07
1.10072e-07
2.92207e-08
7.49488e-09
1.86103e-09
4.48196e-10
1.04878e-10
2.38863e-11
5.30326e-12
1.14993e-12
2.43799e-13
5.09937e-14
1.06141e-14
2.39069e-15
4.9586e-16
1.35302e-16
3.77247e-17
9.16917e-18
2.72448e-18
6.05055e-19
1.90191e-19
5.35268e-20
1.40412e-20
3.08383e-21
8.88377e-22
2.40783e-22
5.07176e-23
1.29827e-23
3.50054e-24
8.90535e-25
2.24489e-25
2.95583e-26
4.23736e-21
3.73961e-20
2.32419e-19
1.39703e-18
5.14074e-18
2.12546e-17
8.39817e-17
3.63179e-16
1.90704e-15
1.00484e-14
5.2043e-14
2.65644e-13
1.32939e-12
6.50824e-12
3.11019e-11
1.44756e-10
6.54622e-10
2.86924e-09
1.21572e-08
4.96588e-08
1.94978e-07
7.33597e-07
2.63614e-06
9.01491e-06
2.92229e-05
8.93883e-05
0.000256561
0.000685695
0.00168793
0.00377153
0.00739535
0.0127382
0.0196648
0.0278086
0.0367166
0.0459493
0.0551329
0.0639801
0.0722914
0.0799439
0.0868758
0.0930713
0.0985457
0.103332
0.107463
0.110949
0.113733
0.115554
0.116001
0.113912
0.10653
0.0906683
0.0736053
0.0578853
0.0442884
0.0330215
0.0232835
0.015174
0.00906664
0.00483758
0.00225394
0.000950027
0.000369116
0.00013418
4.60803e-05
1.504e-05
4.68461e-06
1.39685e-06
3.99764e-07
1.10067e-07
2.92194e-08
7.49448e-09
1.86091e-09
4.48164e-10
1.04869e-10
2.3884e-11
5.30275e-12
1.1498e-12
2.43703e-13
5.0677e-14
1.04538e-14
2.2783e-15
5.40467e-16
1.63594e-16
3.14448e-17
8.34354e-18
2.38663e-18
5.09164e-19
1.68469e-19
4.24977e-20
1.21709e-20
3.25497e-21
7.80306e-22
2.07139e-22
5.71496e-23
1.52124e-23
3.68399e-24
9.08888e-25
2.52366e-25
4.56649e-26
4.33916e-21
3.89479e-20
2.16051e-19
1.18891e-18
4.67847e-18
1.84021e-17
8.62546e-17
3.66933e-16
1.91425e-15
1.0015e-14
5.19651e-14
2.65238e-13
1.32737e-12
6.4985e-12
3.10562e-11
1.44549e-10
6.53706e-10
2.86535e-09
1.21414e-08
4.95968e-08
1.94747e-07
7.32774e-07
2.63337e-06
9.00616e-06
2.91969e-05
8.93166e-05
0.000256378
0.000685273
0.00168706
0.00376999
0.0073932
0.0127357
0.0196623
0.0278064
0.036715
0.0459486
0.055133
0.0639811
0.0722933
0.0799464
0.0868789
0.0930747
0.0985495
0.103336
0.107467
0.110952
0.113736
0.115554
0.115998
0.1139
0.1065
0.0906333
0.0735707
0.0578534
0.0442603
0.0329976
0.0232597
0.0151549
0.00905227
0.00482792
0.0022484
0.000947465
0.000368053
0.000133772
4.59326e-05
1.49892e-05
4.66792e-06
1.39162e-06
3.98198e-07
1.09618e-07
2.90953e-08
7.4615e-09
1.85245e-09
4.46065e-10
1.04365e-10
2.37662e-11
5.27632e-12
1.14371e-12
2.4241e-13
5.05909e-14
1.04928e-14
2.28532e-15
4.95963e-16
1.40499e-16
3.57603e-17
1.04979e-17
2.93266e-18
7.57713e-19
1.79533e-19
4.31044e-20
1.08149e-20
2.88838e-21
8.35633e-22
2.45836e-22
5.82562e-23
1.62839e-23
4.30686e-24
1.02825e-24
2.41951e-25
3.37227e-26
4.47656e-21
3.95665e-20
2.19559e-19
1.16015e-18
6.0977e-18
2.11003e-17
9.43458e-17
3.76607e-16
1.88545e-15
9.96331e-15
5.17852e-14
2.6434e-13
1.32289e-12
6.47678e-12
3.09541e-11
1.44083e-10
6.51653e-10
2.85662e-09
1.21056e-08
4.94568e-08
1.94223e-07
7.3091e-07
2.62709e-06
8.9862e-06
2.91375e-05
8.91522e-05
0.000255959
0.000684304
0.00168507
0.00376647
0.00738833
0.01273
0.0196566
0.0278015
0.0367115
0.0459468
0.0551332
0.0639831
0.072297
0.0799516
0.0868852
0.0930819
0.0985571
0.103344
0.107475
0.110959
0.113741
0.115555
0.115992
0.113876
0.106438
0.090561
0.0734992
0.0577872
0.0442016
0.0329475
0.0232099
0.0151141
0.00902121
0.00480686
0.00223635
0.000941892
0.000365729
0.000132874
4.56061e-05
1.48767e-05
4.63086e-06
1.37999e-06
3.94712e-07
1.08617e-07
2.88192e-08
7.38821e-09
1.83367e-09
4.41412e-10
1.03248e-10
2.35056e-11
5.2172e-12
1.13103e-12
2.39717e-13
5.00147e-14
1.02765e-14
2.14294e-15
5.85336e-16
1.40005e-16
3.63397e-17
1.02681e-17
2.63075e-18
6.94023e-19
1.837e-19
5.02768e-20
1.22623e-20
3.13572e-21
8.18046e-22
2.12889e-22
4.94405e-23
1.25534e-23
3.32617e-24
9.52062e-25
2.58393e-25
3.16572e-26
6.06009e-21
5.21004e-20
2.57646e-19
1.24972e-18
4.87903e-18
1.9577e-17
7.44014e-17
3.70895e-16
1.89341e-15
9.92698e-15
5.15106e-14
2.62905e-13
1.31578e-12
6.44244e-12
3.07928e-11
1.43349e-10
6.4842e-10
2.84289e-09
1.20496e-08
4.92378e-08
1.93406e-07
7.28011e-07
2.61735e-06
8.95538e-06
2.90461e-05
8.88997e-05
0.000255315
0.00068281
0.00168198
0.00376095
0.00738057
0.0127208
0.0196472
0.0277932
0.0367054
0.0459434
0.0551327
0.0639855
0.072302
0.0799588
0.0868942
0.0930922
0.0985683
0.103356
0.107486
0.11097
0.113749
0.115557
0.115982
0.113841
0.106346
0.0904526
0.0733919
0.0576879
0.0441135
0.0328723
0.0231348
0.0150527
0.00897449
0.00477521
0.00221816
0.000933395
0.000362158
0.000131488
4.51012e-05
1.47025e-05
4.57351e-06
1.36198e-06
3.89312e-07
1.07066e-07
2.83917e-08
7.27473e-09
1.80461e-09
4.34216e-10
1.01522e-10
2.31032e-11
5.12584e-12
1.11098e-12
2.35425e-13
4.9001e-14
1.01801e-14
2.11867e-15
5.02992e-16
1.22644e-16
3.26491e-17
9.47907e-18
2.8097e-18
6.12394e-19
1.77372e-19
4.99598e-20
1.29766e-20
3.00356e-21
8.75412e-22
2.28987e-22
6.05558e-23
1.5527e-23
3.67731e-24
7.4398e-25
1.75138e-25
3.36772e-26
5.14581e-21
4.33453e-20
2.56474e-19
1.44499e-18
5.29885e-18
2.02392e-17
9.05396e-17
3.64607e-16
1.88034e-15
9.84347e-15
5.11038e-14
2.60874e-13
1.30572e-12
6.39378e-12
3.05636e-11
1.42301e-10
6.43786e-10
2.82311e-09
1.19684e-08
4.89182e-08
1.92204e-07
7.2371e-07
2.60277e-06
8.90879e-06
2.89067e-05
8.85119e-05
0.000254323
0.000680511
0.00167726
0.00375263
0.00736908
0.0127073
0.0196335
0.0277811
0.0366961
0.0459378
0.0551311
0.0639879
0.0723079
0.0799678
0.0869055
0.0931053
0.0985826
0.103371
0.107501
0.110984
0.11376
0.115558
0.115968
0.113793
0.106223
0.0903088
0.0732493
0.0575559
0.0439964
0.0327721
0.0230343
0.0149711
0.00891263
0.00473309
0.00219468
0.000922205
0.000357395
0.000129627
4.44213e-05
1.44677e-05
4.49644e-06
1.33779e-06
3.82063e-07
1.04987e-07
2.78188e-08
7.1228e-09
1.76574e-09
4.24597e-10
9.92153e-11
2.25669e-11
5.00472e-12
1.08347e-12
2.29547e-13
4.79129e-14
9.82558e-15
2.12702e-15
4.57453e-16
1.17502e-16
3.51345e-17
8.46386e-18
2.43096e-18
6.55416e-19
1.80542e-19
4.37351e-20
1.04008e-20
2.61668e-21
8.71611e-22
2.06174e-22
6.57822e-23
1.51802e-23
4.32023e-24
9.76346e-25
2.63363e-25
3.04666e-26
4.91628e-21
3.71558e-20
2.18277e-19
1.27581e-18
5.21476e-18
1.86553e-17
8.74674e-17
3.64172e-16
1.85295e-15
9.74826e-15
5.06037e-14
2.58305e-13
1.29299e-12
6.33239e-12
3.02758e-11
1.40993e-10
6.38038e-10
2.79877e-09
1.18694e-08
4.85321e-08
1.90769e-07
7.18638e-07
2.5858e-06
8.85529e-06
2.87484e-05
8.80748e-05
0.000253206
0.000677897
0.00167178
0.00374265
0.00735471
0.0126898
0.0196151
0.0277642
0.0366827
0.0459291
0.0551276
0.0639894
0.0723141
0.079978
0.0869189
0.0931211
0.0986
0.103389
0.107519
0.111
0.113773
0.11556
0.115952
0.113735
0.106071
0.090131
0.0730725
0.0573918
0.0438508
0.0326475
0.0229092
0.0148696
0.0088358
0.0046809
0.00216606
0.000908541
0.000351558
0.000127336
4.35815e-05
1.41772e-05
4.40096e-06
1.3078e-06
3.73067e-07
1.02403e-07
2.71067e-08
6.93387e-09
1.71738e-09
4.1263e-10
9.63459e-11
2.18992e-11
4.85338e-12
1.0506e-12
2.22488e-13
4.62984e-14
9.45543e-15
1.93674e-15
5.36748e-16
1.21995e-16
3.06012e-17
7.56483e-18
2.06642e-18
6.04906e-19
1.75414e-19
3.80567e-20
1.25482e-20
3.78105e-21
9.32923e-22
2.74499e-22
6.67807e-23
1.82511e-23
4.80801e-24
1.30364e-24
3.10321e-25
4.08347e-26
6.12901e-21
4.38103e-20
2.46406e-19
1.07522e-18
4.64092e-18
1.84414e-17
8.66765e-17
3.70665e-16
1.83505e-15
9.6135e-15
4.99247e-14
2.54919e-13
1.27619e-12
6.25092e-12
2.98909e-11
1.39226e-10
6.30188e-10
2.76511e-09
1.17305e-08
4.79827e-08
1.8869e-07
7.11152e-07
2.56024e-06
8.77303e-06
2.85005e-05
8.73807e-05
0.000251421
0.000673743
0.00166322
0.00372743
0.00733326
0.0126635
0.0195861
0.0277392
0.0366633
0.0459161
0.0551213
0.0639896
0.0723202
0.0799891
0.0869342
0.0931394
0.0986204
0.10341
0.107541
0.11102
0.113788
0.115562
0.115933
0.113666
0.105892
0.0899198
0.0728621
0.0571962
0.0436769
0.0324982
0.0227584
0.0147474
0.00874356
0.00461827
0.00213168
0.00089207
0.000344492
0.000124555
4.256e-05
1.38235e-05
4.28481e-06
1.27143e-06
3.62165e-07
9.92758e-08
2.62456e-08
6.70571e-09
1.65905e-09
3.98214e-10
9.28934e-11
2.10962e-11
4.67196e-12
1.01046e-12
2.13829e-13
4.44782e-14
9.26045e-15
1.91126e-15
4.05071e-16
1.16541e-16
2.78926e-17
6.84465e-18
1.98784e-18
5.57726e-19
1.61996e-19
4.00066e-20
1.25411e-20
2.8718e-21
9.32282e-22
2.65884e-22
6.27868e-23
1.71827e-23
4.62568e-24
1.23885e-24
3.20582e-25
3.87365e-26
6.51571e-21
4.34323e-20
2.0537e-19
1.12758e-18
4.21531e-18
1.55586e-17
7.73705e-17
3.50965e-16
1.83134e-15
9.49567e-15
4.92263e-14
2.5112e-13
1.25618e-12
6.14982e-12
2.94112e-11
1.37086e-10
6.21099e-10
2.72712e-09
1.15765e-08
4.7384e-08
1.86469e-07
7.03317e-07
2.53407e-06
8.6905e-06
2.82558e-05
8.67018e-05
0.00024967
0.0006696
0.00165443
0.00371127
0.00731007
0.0126362
0.0195603
0.027712
0.0366395
0.0458987
0.0551115
0.0639877
0.0723255
0.0800006
0.0869507
0.0931597
0.0986433
0.103435
0.107565
0.111043
0.113805
0.115564
0.11591
0.113585
0.105683
0.0896747
0.0726173
0.0569677
0.0434729
0.0323206
0.0225744
0.0145905
0.00863039
0.0045438
0.00209168
0.000873148
0.000336435
0.000121395
4.14011e-05
1.34223e-05
4.15294e-06
1.23012e-06
3.49765e-07
9.57111e-08
2.52621e-08
6.44462e-09
1.5922e-09
3.81667e-10
8.89263e-11
2.01728e-11
4.46288e-12
9.64749e-13
2.03889e-13
4.24474e-14
8.80331e-15
1.84658e-15
4.19014e-16
9.68142e-17
2.948e-17
8.28951e-18
2.11686e-18
5.62291e-19
1.38684e-19
3.89622e-20
8.74092e-21
2.64605e-21
7.73073e-22
2.07351e-22
5.16539e-23
1.23031e-23
4.01782e-24
1.11409e-24
2.25408e-25
3.30093e-26
6.13468e-21
4.56441e-20
2.21552e-19
1.16939e-18
4.48892e-18
1.80139e-17
7.62192e-17
3.73704e-16
1.89872e-15
9.8421e-15
5.09659e-14
2.59083e-13
1.28409e-12
6.1977e-12
2.94071e-11
1.36496e-10
6.10168e-10
2.67573e-09
1.13651e-08
4.65488e-08
1.83308e-07
6.91926e-07
2.4952e-06
8.56566e-06
2.78809e-05
8.56581e-05
0.000247006
0.000663457
0.0016419
0.00368923
0.00727937
0.012599
0.0195195
0.0276756
0.0366096
0.045877
0.0550988
0.0639839
0.07233
0.0800123
0.0869683
0.0931818
0.0986685
0.103462
0.107592
0.111068
0.113824
0.115566
0.115884
0.113494
0.105448
0.0893969
0.0723398
0.056709
0.043243
0.032122
0.022374
0.0144339
0.00850753
0.00445902
0.00204526
0.000851023
0.000326984
0.000117683
4.00395e-05
1.29514e-05
3.99853e-06
1.18188e-06
3.35362e-07
9.15826e-08
2.41263e-08
6.1439e-09
1.5154e-09
3.62701e-10
8.43885e-11
1.91193e-11
4.22491e-12
9.11881e-13
1.92748e-13
4.01616e-14
8.24001e-15
1.6941e-15
4.28153e-16
1.03941e-16
3.02098e-17
8.03253e-18
1.91301e-18
3.93283e-19
1.22132e-19
2.95335e-20
8.63874e-21
2.45983e-21
6.81591e-22
1.6078e-22
4.61365e-23
1.10403e-23
3.2505e-24
8.32809e-25
2.30703e-25
3.30546e-26
6.15429e-21
5.22739e-20
1.93316e-19
9.3506e-19
4.78139e-18
2.04724e-17
1.04397e-16
4.82553e-16
2.41555e-15
1.32988e-14
7.29978e-14
3.89364e-13
1.88691e-12
7.73898e-12
3.03204e-11
1.41976e-10
6.00969e-10
2.61883e-09
1.11289e-08
4.56379e-08
1.7993e-07
6.79965e-07
2.45499e-06
8.43782e-06
2.74983e-05
8.45862e-05
0.000244217
0.000656815
0.00162774
0.00366311
0.00724148
0.0125527
0.019471
0.0276285
0.0365686
0.0458454
0.0550782
0.0639746
0.0723308
0.0800221
0.0869854
0.0932045
0.0986951
0.103491
0.107622
0.111096
0.113846
0.115569
0.115855
0.113393
0.105186
0.0890879
0.0720305
0.05642
0.0429857
0.0318973
0.0221427
0.0142445
0.0083666
0.00436464
0.00199436
0.00082691
0.000316716
0.000113661
3.8566e-05
1.24421e-05
3.83145e-06
1.12965e-06
3.19743e-07
8.71007e-08
2.28901e-08
5.81581e-09
1.4314e-09
3.41908e-10
7.94002e-11
1.79564e-11
3.96092e-12
8.53714e-13
1.80222e-13
3.74297e-14
7.81962e-15
1.68835e-15
4.21113e-16
1.02748e-16
3.01256e-17
8.53954e-18
1.97959e-18
5.00566e-19
1.34304e-19
3.65128e-20
6.84354e-21
1.84935e-21
5.14314e-22
1.15877e-22
3.05533e-23
1.01186e-23
2.83845e-24
7.08989e-25
1.83645e-25
2.41436e-26
6.72879e-21
5.81689e-20
2.81989e-19
1.16127e-18
5.54296e-18
2.11606e-17
1.16404e-16
5.27465e-16
2.83578e-15
1.52144e-14
8.09482e-14
4.23271e-13
2.15691e-12
1.07498e-11
3.623e-11
1.38536e-10
5.88454e-10
2.54805e-09
1.08314e-08
4.447e-08
1.75531e-07
6.64203e-07
2.40152e-06
8.26701e-06
2.69874e-05
8.31653e-05
0.000240575
0.000648321
0.00161008
0.00363124
0.00719557
0.0124951
0.0194054
0.0275592
0.0365135
0.0458047
0.0550516
0.0639611
0.0723292
0.0800308
0.0870024
0.0932279
0.0987231
0.103521
0.107653
0.111125
0.113868
0.115571
0.115823
0.113282
0.104901
0.0887513
0.0716934
0.0561048
0.0427048
0.0316556
0.0218963
0.0140548
0.00821554
0.00426044
0.00193768
0.000800091
0.000305309
0.000109187
3.69246e-05
1.18739e-05
3.64491e-06
1.07135e-06
3.0234e-07
8.21228e-08
2.15208e-08
5.45358e-09
1.33904e-09
3.1914e-10
7.39575e-11
1.6737e-11
3.69e-12
7.94018e-13
1.67208e-13
3.4933e-14
7.14304e-15
1.64566e-15
4.23069e-16
9.93946e-17
3.05522e-17
7.52058e-18
1.75875e-18
4.52262e-19
1.16272e-19
3.25179e-20
7.34397e-21
1.76291e-21
5.56169e-22
1.39797e-22
3.56507e-23
1.06455e-23
2.77656e-24
7.39685e-25
1.43107e-25
2.78783e-26
8.65168e-21
4.73726e-20
2.24116e-19
9.93969e-19
5.1097e-18
2.17853e-17
1.16195e-16
5.57325e-16
2.80342e-15
1.47476e-14
7.67902e-14
3.92166e-13
1.95438e-12
9.46243e-12
4.43006e-11
1.42043e-10
5.84156e-10
2.47576e-09
1.04835e-08
4.30847e-08
1.70343e-07
6.45628e-07
2.33836e-06
8.06436e-06
2.63777e-05
8.14584e-05
0.000236172
0.000637991
0.00158846
0.00359195
0.00713878
0.012425
0.0193311
0.0274933
0.0364503
0.0457526
0.0550144
0.0639394
0.0723222
0.0800358
0.0870173
0.0932505
0.0987511
0.103553
0.107686
0.111156
0.113891
0.115572
0.115789
0.113164
0.104596
0.0883912
0.0713318
0.0557659
0.042402
0.0313924
0.0216234
0.0138315
0.00804841
0.00414665
0.00187547
0.000770503
0.000292712
0.00010426
3.51241e-05
1.12535e-05
3.44214e-06
1.00822e-06
2.83552e-07
7.67606e-08
2.00479e-08
5.06205e-09
1.23785e-09
2.93421e-10
7.0018e-11
1.90948e-11
4.07071e-12
8.52267e-13
1.75579e-13
3.61102e-14
7.37909e-15
1.56185e-15
4.59954e-16
1.08112e-16
2.68564e-17
6.74445e-18
1.748e-18
4.91963e-19
1.10009e-19
2.61822e-20
7.38238e-21
1.95601e-21
5.56215e-22
1.37277e-22
3.5244e-23
8.96815e-24
2.7831e-24
5.62745e-25
1.03684e-25
2.15079e-26
4.74503e-21
4.43745e-20
2.19459e-19
1.07618e-18
5.98072e-18
2.69363e-17
1.19353e-16
5.42001e-16
2.77571e-15
1.46523e-14
7.64966e-14
3.93364e-13
1.98938e-12
9.89466e-12
4.83835e-11
1.53504e-10
5.81089e-10
2.39582e-09
1.01075e-08
4.15674e-08
1.64701e-07
6.25651e-07
2.27115e-06
7.85018e-06
2.57336e-05
7.96392e-05
0.000231386
0.000626444
0.00156355
0.0035456
0.00707167
0.012344
0.0192478
0.0274185
0.0363824
0.045697
0.0549741
0.0639151
0.0723128
0.0800396
0.0870317
0.0932731
0.0987795
0.103585
0.107719
0.111187
0.113915
0.115574
0.115753
0.11304
0.104279
0.0880152
0.0709531
0.0554095
0.042082
0.0311099
0.0213258
0.0135902
0.00787108
0.00402919
0.00181245
0.000740759
0.000280062
9.93003e-05
3.33047e-05
1.06234e-05
3.23506e-06
9.43393e-07
2.64166e-07
7.12072e-08
1.85196e-08
4.65646e-09
1.13361e-09
2.70665e-10
6.94058e-11
1.64829e-11
5.1187e-12
1.04112e-12
2.0854e-13
4.1281e-14
8.36317e-15
1.70651e-15
3.99548e-16
9.34037e-17
2.37253e-17
5.1139e-18
1.21315e-18
3.353e-19
9.85931e-20
2.35168e-20
6.39381e-21
1.95931e-21
5.80094e-22
1.57628e-22
3.87669e-23
1.04996e-23
2.89597e-24
5.55939e-25
1.13073e-25
2.36186e-26
9.01443e-21
6.16423e-20
2.4162e-19
1.21762e-18
5.08825e-18
2.61147e-17
1.2565e-16
5.4173e-16
2.7755e-15
1.47073e-14
7.71867e-14
3.99678e-13
2.03673e-12
1.01945e-11
5.00679e-11
1.59736e-10
5.52053e-10
2.27765e-09
9.60296e-09
3.9507e-08
1.56812e-07
5.97083e-07
2.17352e-06
7.53727e-06
2.48003e-05
7.70712e-05
0.000224935
0.000611836
0.00153423
0.00349435
0.00700002
0.0122553
0.0191471
0.0273099
0.036293
0.0456272
0.0549238
0.0638835
0.0722982
0.0800395
0.0870436
0.0932941
0.098807
0.103616
0.107752
0.111218
0.113939
0.115574
0.115715
0.112913
0.103951
0.0876231
0.0705522
0.0550238
0.0417252
0.0307777
0.0209734
0.0132759
0.00764539
0.00388321
0.00173586
0.000705114
0.000265014
9.34263e-05
3.1159e-05
9.8847e-06
2.99416e-06
8.68689e-07
2.42055e-07
6.49367e-08
1.6808e-08
4.2064e-09
1.02432e-09
2.49574e-10
6.95726e-11
2.14858e-11
4.67218e-12
9.85863e-13
2.02778e-13
4.09418e-14
8.29439e-15
1.78185e-15
4.00933e-16
1.06724e-16
2.86161e-17
7.77657e-18
1.64527e-18
4.21676e-19
1.10869e-19
3.25613e-20
6.88019e-21
1.92798e-21
5.22257e-22
1.32666e-22
3.95001e-23
1.05115e-23
2.75198e-24
7.27332e-25
1.66455e-25
2.73921e-26
8.13076e-21
6.25961e-20
3.05729e-19
1.37677e-18
6.17199e-18
2.4698e-17
1.20789e-16
5.26821e-16
2.6548e-15
1.39429e-14
7.22033e-14
3.66477e-13
1.81401e-12
8.71246e-12
4.03215e-11
1.77931e-10
5.51454e-10
2.18083e-09
9.13136e-09
3.76667e-08
1.50039e-07
5.73254e-07
2.09333e-06
7.27984e-06
2.40141e-05
7.47981e-05
0.000218771
0.000596416
0.00149961
0.0034271
0.00689875
0.0121298
0.0190174
0.0271978
0.0361872
0.0455403
0.054861
0.0638446
0.0722805
0.0800393
0.0870561
0.093316
0.0988351
0.103648
0.107785
0.111249
0.113962
0.115574
0.115679
0.11279
0.103636
0.0872433
0.070161
0.0546465
0.0413804
0.0304634
0.0206789
0.0130639
0.00745809
0.0037494
0.00166361
0.000671415
0.000250924
8.79939e-05
2.91954e-05
9.21305e-06
2.77559e-06
8.00771e-07
2.21844e-07
5.91631e-08
1.52235e-08
3.7944e-09
9.26524e-10
2.30225e-10
6.63241e-11
2.13925e-11
4.51426e-12
9.38477e-13
1.91844e-13
3.86927e-14
7.73794e-15
1.75738e-15
4.0054e-16
9.28193e-17
2.70354e-17
7.54497e-18
1.88306e-18
4.88948e-19
1.25303e-19
3.25545e-20
8.50135e-21
2.22552e-21
5.51548e-22
1.43299e-22
3.96876e-23
1.11972e-23
3.11844e-24
8.32181e-25
1.81734e-25
2.69709e-26
1.12829e-20
7.31708e-20
3.40682e-19
1.37711e-18
6.32297e-18
2.21651e-17
1.03061e-16
4.89852e-16
2.34638e-15
1.21067e-14
6.24101e-14
3.164e-13
1.5742e-12
7.67883e-12
3.67312e-11
1.72603e-10
5.24386e-10
2.03841e-09
8.43004e-09
3.47192e-08
1.38661e-07
5.32085e-07
1.95308e-06
6.8323e-06
2.26861e-05
7.1167e-05
0.000209727
0.00057622
0.00145999
0.00336011
0.00681056
0.0120265
0.0189019
0.0270747
0.0360977
0.0454764
0.0548183
0.0638205
0.0722724
0.0800442
0.0870717
0.093339
0.0988628
0.103678
0.107815
0.111276
0.113981
0.115575
0.115647
0.112685
0.103365
0.0869113
0.06981
0.054296
0.0410443
0.0301332
0.0203749
0.0127891
0.00725149
0.00360764
0.00158612
0.000634049
0.000234697
8.15242e-05
2.67963e-05
8.37883e-06
2.50198e-06
7.15737e-07
1.96703e-07
5.2067e-08
1.33071e-08
3.30143e-09
8.07105e-10
2.06675e-10
6.8812e-11
1.60601e-11
3.56278e-12
7.63009e-13
1.59245e-13
3.27893e-14
6.70003e-15
1.51543e-15
3.6467e-16
9.92667e-17
2.80107e-17
7.4547e-18
1.95853e-18
5.28795e-19
1.35466e-19
3.11877e-20
8.97035e-21
2.41733e-21
4.72399e-22
1.43161e-22
4.09941e-23
1.14379e-23
2.80305e-24
7.21755e-25
1.75736e-25
3.03353e-26
8.54894e-21
7.42708e-20
3.17126e-19
1.22006e-18
4.54191e-18
1.89218e-17
9.40061e-17
4.03436e-16
2.05771e-15
1.07902e-14
5.60863e-14
2.8752e-13
1.45139e-12
7.20517e-12
3.51335e-11
1.68027e-10
5.1725e-10
1.90153e-09
7.86759e-09
3.25413e-08
1.30534e-07
5.03082e-07
1.85437e-06
6.51321e-06
2.17107e-05
6.83598e-05
0.000202172
0.000557427
0.00141768
0.0032767
0.00668101
0.0118596
0.0187241
0.0269076
0.0359436
0.0453583
0.0547421
0.0637837
0.0722662
0.0800574
0.0870968
0.0933703
0.0988974
0.103714
0.107846
0.111301
0.113998
0.115577
0.11563
0.112623
0.103202
0.0866981
0.0695638
0.0540263
0.0407674
0.0298669
0.0200934
0.0125236
0.00704018
0.0034643
0.00151123
0.000599716
0.000220449
7.60497e-05
2.4823e-05
7.70652e-06
2.28446e-06
6.48652e-07
1.7691e-07
4.64561e-08
1.177e-08
2.8984e-09
7.13188e-10
2.04224e-10
6.67875e-11
1.56876e-11
3.417e-12
7.09068e-13
1.4464e-13
2.90715e-14
5.85231e-15
1.22158e-15
3.56893e-16
8.13545e-17
2.00549e-17
6.09376e-18
1.63632e-18
4.05696e-19
1.07764e-19
2.7725e-20
7.43599e-21
1.98554e-21
4.60951e-22
1.15523e-22
2.71459e-23
6.62867e-24
1.72858e-24
4.88635e-25
1.26878e-25
1.92287e-26
7.39292e-21
3.83071e-20
1.7039e-19
8.38828e-19
3.53287e-18
1.70952e-17
7.92929e-17
3.55607e-16
1.84033e-15
9.63419e-15
5.0358e-14
2.6009e-13
1.3235e-12
6.62402e-12
3.25502e-11
1.56719e-10
4.77914e-10
1.7138e-09
6.93372e-09
2.86534e-08
1.15635e-07
4.49389e-07
1.67149e-06
5.92729e-06
1.99565e-05
6.34951e-05
0.000189821
0.000529198
0.00136083
0.0031788
0.00655524
0.0117279
0.0186066
0.0268169
0.0358929
0.0453374
0.0547461
0.0638046
0.0723004
0.0801055
0.087158
0.0934305
0.0989467
0.103747
0.107867
0.111313
0.114004
0.115582
0.115638
0.112644
0.103248
0.086736
0.0695717
0.0539899
0.0406808
0.0297213
0.01992
0.0123461
0.00687288
0.00332973
0.00143124
0.000559381
0.000202556
6.88516e-05
2.21482e-05
6.77813e-06
1.98122e-06
5.54909e-07
1.49356e-07
3.87343e-08
9.72419e-09
2.40193e-09
6.14629e-10
1.75802e-10
5.93678e-11
1.31662e-11
2.82674e-12
5.87781e-13
1.19705e-13
2.40644e-14
4.73616e-15
1.10706e-15
3.05937e-16
6.31478e-17
1.58946e-17
4.9585e-18
1.2279e-18
3.58078e-19
9.44274e-20
1.99606e-20
4.72087e-21
1.33233e-21
3.43097e-22
7.36667e-23
2.23466e-23
5.35368e-24
1.60131e-24
4.52883e-25
9.4982e-26
1.25124e-26
4.16148e-21
3.71502e-20
1.6657e-19
7.62094e-19
3.15203e-18
1.64246e-17
8.13682e-17
3.17688e-16
1.6507e-15
8.67755e-15
4.54462e-14
2.35611e-13
1.20337e-12
6.04294e-12
2.97764e-11
1.4366e-10
4.36551e-10
1.54983e-09
6.30711e-09
2.61326e-08
1.05944e-07
4.14132e-07
1.55016e-06
5.53399e-06
1.87627e-05
6.01268e-05
0.00018107
0.000508531
0.00131729
0.00309932
0.0064435
0.0115881
0.0184558
0.0266953
0.0358039
0.0453059
0.0547633
0.063857
0.0723781
0.080203
0.0872387
0.0934952
0.0989968
0.103783
0.10789
0.111322
0.114005
0.115593
0.115675
0.112752
0.103508
0.08701
0.0697862
0.0541156
0.0407095
0.0296461
0.0197597
0.0121338
0.00665743
0.00319506
0.00136659
0.000530225
0.000190203
6.40021e-05
2.03786e-05
6.17405e-06
1.78707e-06
4.95831e-07
1.32255e-07
3.40057e-08
8.46738e-09
2.07447e-09
5.21725e-10
1.51768e-10
5.16364e-11
1.11086e-11
2.34776e-12
4.8648e-13
9.89082e-14
1.98475e-14
3.91597e-15
9.0505e-16
2.09904e-16
6.21521e-17
1.53132e-17
4.33687e-18
1.22444e-18
3.18368e-19
7.29407e-20
1.9246e-20
4.67705e-21
1.05609e-21
3.02625e-22
7.46879e-23
1.77433e-23
4.36142e-24
1.12514e-24
3.02017e-25
6.43579e-26
1.05984e-26
4.84399e-21
3.98342e-20
1.85684e-19
8.34023e-19
3.10639e-18
1.64115e-17
6.50527e-17
2.42068e-16
1.23505e-15
6.48109e-15
3.37609e-14
1.73463e-13
8.75202e-13
4.31573e-12
2.06646e-11
9.51339e-11
4.14087e-10
1.26135e-09
4.88929e-09
2.03098e-08
8.34011e-08
3.31274e-07
1.26219e-06
4.59159e-06
1.58784e-05
5.19409e-05
0.000159769
0.000458507
0.00121369
0.00291611
0.0062074
0.0113592
0.0183018
0.0266432
0.0358359
0.0453973
0.0549053
0.0640363
0.0725658
0.0803588
0.0873808
0.0936186
0.0990937
0.10385
0.107927
0.111335
0.114006
0.115615
0.115753
0.112979
0.104067
0.0876407
0.070349
0.0545397
0.0409692
0.0297633
0.019775
0.0120525
0.00653165
0.00303187
0.00125253
0.000470462
0.00016379
5.35352e-05
1.65661e-05
4.88072e-06
1.37494e-06
3.71659e-07
9.66934e-08
2.42897e-08
5.94988e-09
1.46226e-09
3.96151e-10
1.32949e-10
3.07458e-11
6.72673e-12
1.42911e-12
2.96997e-13
6.06658e-14
1.22474e-14
2.47674e-15
6.55048e-16
1.83099e-16
4.76096e-17
1.21906e-17
3.24215e-18
8.78874e-19
2.56703e-19
6.37401e-20
1.37356e-20
4.12931e-21
1.09441e-21
2.39302e-22
5.94648e-23
1.66451e-23
4.34418e-24
8.69472e-25
1.97561e-25
5.16707e-26
9.21681e-27
)
;

boundaryField
{
    fuel
    {
        type            fixedValue;
        value           uniform 0;
    }
    air
    {
        type            fixedValue;
        value           uniform 0;
    }
    outlet
    {
        type            inletOutlet;
        inletValue      uniform 0;
        value           nonuniform List<scalar> 
200
(
5.07914e-21
4.63008e-20
2.3143e-19
9.65565e-19
3.21738e-18
1.26749e-17
6.2938e-17
2.45041e-16
1.25446e-15
6.52346e-15
3.38363e-14
1.73704e-13
8.76317e-13
4.32103e-12
2.06886e-11
9.52343e-11
4.14452e-10
1.26226e-09
4.89228e-09
2.03203e-08
8.3439e-08
3.31405e-07
1.26263e-06
4.59297e-06
1.58824e-05
5.19519e-05
0.000159796
0.000458567
0.00121379
0.00291626
0.00620753
0.0113593
0.0183016
0.0266428
0.0358351
0.0453963
0.054904
0.0640348
0.0725642
0.0803572
0.0873789
0.0936168
0.099092
0.103848
0.107925
0.111333
0.114005
0.115614
0.115753
0.112981
0.104074
0.0876492
0.0703573
0.0545473
0.0409757
0.029769
0.01978
0.0120568
0.00653486
0.00303378
0.00125339
0.000470808
0.000163915
5.35777e-05
1.65796e-05
4.88485e-06
1.37613e-06
3.71989e-07
9.67791e-08
2.43089e-08
5.95334e-09
1.46442e-09
3.99508e-10
1.35187e-10
3.17017e-11
6.92213e-12
1.46621e-12
3.04032e-13
6.18616e-14
1.26564e-14
2.55399e-15
6.46515e-16
1.8531e-16
4.33683e-17
1.21821e-17
2.59441e-18
7.98042e-19
2.25454e-19
6.24976e-20
1.45175e-20
3.34041e-21
9.99856e-22
2.60008e-22
6.53427e-23
1.6579e-23
5.38543e-24
1.33188e-24
2.92768e-25
8.44161e-26
1.05009e-26
4.84399e-21
3.98342e-20
1.85684e-19
8.34023e-19
3.10639e-18
1.64115e-17
6.50527e-17
2.42068e-16
1.23505e-15
6.48109e-15
3.37609e-14
1.73463e-13
8.75202e-13
4.31573e-12
2.06646e-11
9.51339e-11
4.14087e-10
1.26135e-09
4.88929e-09
2.03098e-08
8.34011e-08
3.31274e-07
1.26219e-06
4.59159e-06
1.58784e-05
5.19409e-05
0.000159769
0.000458507
0.00121369
0.00291611
0.0062074
0.0113592
0.0183018
0.0266432
0.0358359
0.0453973
0.0549053
0.0640363
0.0725658
0.0803588
0.0873808
0.0936186
0.0990937
0.10385
0.107927
0.111335
0.114006
0.115615
0.115753
0.112979
0.104067
0.0876407
0.070349
0.0545397
0.0409692
0.0297633
0.019775
0.0120525
0.00653165
0.00303187
0.00125253
0.000470462
0.00016379
5.35352e-05
1.65661e-05
4.88072e-06
1.37494e-06
3.71659e-07
9.66934e-08
2.42897e-08
5.94988e-09
1.46226e-09
3.96151e-10
1.32949e-10
3.07458e-11
6.72673e-12
1.42911e-12
2.96997e-13
6.06658e-14
1.22474e-14
2.47674e-15
6.55048e-16
1.83099e-16
4.76096e-17
1.21906e-17
3.24215e-18
8.78874e-19
2.56703e-19
6.37401e-20
1.37356e-20
4.12931e-21
1.09441e-21
2.39302e-22
5.94648e-23
1.66451e-23
4.34418e-24
8.69472e-25
1.97561e-25
5.16707e-26
9.21681e-27
)
;
    }
    frontAndBack
    {
        type            empty;
    }
}


// ************************************************************************* //
