/*--------------------------------*- C++ -*----------------------------------*\
  =========                 |
  \\      /  F ield         | OpenFOAM: The Open Source CFD Toolbox
   \\    /   O peration     | Website:  https://openfoam.org
    \\  /    A nd           | Version:  11
     \\/     M anipulation  |
\*---------------------------------------------------------------------------*/
FoamFile
{
    format      ascii;
    class       volScalarField;
    location    "0.1";
    object      N2;
}
// * * * * * * * * * * * * * * * * * * * * * * * * * * * * * * * * * * * * * //

dimensions      [0 0 0 0 0 0 0];

internalField   nonuniform List<scalar> 
4000
(
2.22045e-16
6.66134e-16
6.66134e-16
3.33067e-16
4.44089e-16
1.11022e-15
1.33227e-15
2.77556e-15
1.02141e-14
4.55191e-14
2.27041e-13
1.1513e-12
5.76383e-12
2.8234e-11
1.34333e-10
6.14579e-10
2.65775e-09
8.0543e-09
3.10382e-08
1.28211e-07
5.23732e-07
2.0699e-06
7.84893e-06
2.84224e-05
9.78603e-05
0.000318788
0.000976724
0.00279262
0.00736664
0.0176441
0.037455
0.0683863
0.10998
0.159866
0.214756
0.271773
0.328403
0.38273
0.433431
0.479715
0.521393
0.55841
0.590925
0.619252
0.643769
0.664873
0.682957
0.697608
0.710029
0.721395
0.730836
0.738825
0.745576
0.751256
0.755976
0.759826
0.763243
0.765883
0.76777
0.768965
0.769573
0.76984
0.769944
0.769982
0.769994
0.769998
0.77
0.77
0.77
0.77
0.77
0.77
0.77
0.77
0.77
0.77
0.77
0.77
0.77
0.77
0.77
0.77
0.77
0.77
0.77
0.77
0.77
0.77
0.77
0.77
0.77
0.77
0.77
0.77
0.77
0.77
0.77
0.77
0.77
0.77
0
0
3.33067e-16
6.66134e-16
6.66134e-16
1.44329e-15
1.9984e-15
3.55271e-15
1.23235e-14
5.9841e-14
3.04423e-13
1.5602e-12
7.90878e-12
3.9453e-11
1.93194e-10
9.26583e-10
2.80202e-09
9.88918e-09
4.00068e-08
1.64855e-07
6.64893e-07
2.58625e-06
9.63523e-06
3.42423e-05
0.000115598
0.000368926
0.0011067
0.00309678
0.00799458
0.0187515
0.0388794
0.0697658
0.110909
0.160181
0.214569
0.271231
0.327562
0.381668
0.432319
0.478792
0.520556
0.557684
0.590358
0.618866
0.643571
0.66485
0.683085
0.697773
0.710253
0.721671
0.731114
0.739076
0.745782
0.751406
0.756067
0.759867
0.763249
0.765856
0.767727
0.76891
0.769534
0.769819
0.769935
0.769978
0.769993
0.769998
0.769999
0.77
0.77
0.77
0.77
0.77
0.77
0.77
0.77
0.77
0.77
0.77
0.77
0.77
0.77
0.77
0.77
0.77
0.77
0.77
0.77
0.77
0.77
0.77
0.77
0.77
0.77
0.77
0.77
0.77
0.77
0.77
0.77
0.77
2.22045e-16
0
0
1.11022e-16
2.22045e-16
8.88178e-16
8.88178e-16
3.21965e-15
1.29896e-14
6.50591e-14
3.3562e-13
1.7204e-12
8.69316e-12
4.32203e-11
2.11055e-10
1.01018e-09
3.06541e-09
1.09298e-08
4.3963e-08
1.80696e-07
7.255e-07
2.80572e-06
1.0387e-05
3.66688e-05
0.000122932
0.000389538
0.00116005
0.00322231
0.00825815
0.0192311
0.0395519
0.0706058
0.111814
0.160913
0.215106
0.271424
0.327463
0.381361
0.431861
0.478216
0.520076
0.5573
0.590061
0.618653
0.643449
0.664819
0.683137
0.697847
0.710359
0.721807
0.731247
0.739188
0.745862
0.751451
0.756077
0.759842
0.763195
0.765784
0.767655
0.768865
0.769512
0.769809
0.769931
0.769977
0.769992
0.769998
0.769999
0.77
0.77
0.77
0.77
0.77
0.77
0.77
0.77
0.77
0.77
0.77
0.77
0.77
0.77
0.77
0.77
0.77
0.77
0.77
0.77
0.77
0.77
0.77
0.77
0.77
0.77
0.77
0.77
0.77
0.77
0.77
0.77
0.77
0
0
6.66134e-16
8.88178e-16
1.33227e-15
1.66533e-15
1.9984e-15
3.33067e-15
1.52101e-14
7.34968e-14
3.74145e-13
1.90115e-12
9.52638e-12
4.69782e-11
2.27624e-10
1.08209e-09
3.3154e-09
1.21193e-08
4.98638e-08
2.05143e-07
8.18725e-07
3.14012e-06
1.15208e-05
4.02855e-05
0.000133715
0.000419325
0.0012354
0.00339394
0.0086027
0.0198229
0.0403107
0.0713991
0.112522
0.161458
0.215412
0.271552
0.327441
0.381238
0.43166
0.477933
0.519715
0.556944
0.589769
0.618457
0.643325
0.664752
0.683115
0.697845
0.710372
0.721834
0.731272
0.739205
0.745866
0.751439
0.756048
0.759792
0.763135
0.765723
0.767596
0.768818
0.769485
0.769796
0.769925
0.769974
0.769992
0.769997
0.769999
0.77
0.77
0.77
0.77
0.77
0.77
0.77
0.77
0.77
0.77
0.77
0.77
0.77
0.77
0.77
0.77
0.77
0.77
0.77
0.77
0.77
0.77
0.77
0.77
0.77
0.77
0.77
0.77
0.77
0.77
0.77
0.77
0.77
0
6.66134e-16
8.88178e-16
5.55112e-16
8.88178e-16
1.22125e-15
1.44329e-15
3.66374e-15
1.64313e-14
8.12683e-14
4.14557e-13
2.08733e-12
1.03193e-11
5.0023e-11
2.37836e-10
1.11113e-09
3.36153e-09
1.29845e-08
5.34176e-08
2.18823e-07
8.69525e-07
3.32054e-06
1.21321e-05
4.22527e-05
0.000139703
0.000436488
0.00128141
0.00350797
0.0088586
0.0203259
0.0410901
0.0724013
0.113589
0.162461
0.216336
0.27226
0.3279
0.38146
0.431699
0.477857
0.519568
0.556759
0.589564
0.618244
0.64313
0.664586
0.682979
0.697755
0.710289
0.721758
0.731196
0.739125
0.74578
0.751346
0.755952
0.759697
0.763039
0.765632
0.767525
0.768769
0.769459
0.769784
0.76992
0.769972
0.769991
0.769997
0.769999
0.77
0.77
0.77
0.77
0.77
0.77
0.77
0.77
0.77
0.77
0.77
0.77
0.77
0.77
0.77
0.77
0.77
0.77
0.77
0.77
0.77
0.77
0.77
0.77
0.77
0.77
0.77
0.77
0.77
0.77
0.77
0.77
0.77
2.22045e-16
6.66134e-16
4.44089e-16
5.55112e-16
1.11022e-15
1.11022e-15
1.55431e-15
3.9968e-15
1.80966e-14
9.30367e-14
4.7784e-13
2.41007e-12
1.18592e-11
5.66653e-11
2.6097e-10
1.14621e-09
3.54363e-09
1.38672e-08
5.78441e-08
2.37344e-07
9.40676e-07
3.5768e-06
1.30012e-05
4.50143e-05
0.000147864
0.000458718
0.00133657
0.00363075
0.0090987
0.0207307
0.0416219
0.0730236
0.114283
0.163201
0.216873
0.272645
0.328157
0.381607
0.43175
0.47783
0.519478
0.556625
0.589401
0.618064
0.642944
0.664401
0.6828
0.697622
0.710155
0.721625
0.731066
0.738997
0.745655
0.751226
0.755839
0.759591
0.762936
0.765539
0.767454
0.768721
0.769433
0.769771
0.769915
0.76997
0.76999
0.769997
0.769999
0.77
0.77
0.77
0.77
0.77
0.77
0.77
0.77
0.77
0.77
0.77
0.77
0.77
0.77
0.77
0.77
0.77
0.77
0.77
0.77
0.77
0.77
0.77
0.77
0.77
0.77
0.77
0.77
0.77
0.77
0.77
0.77
0.77
0
0
1.11022e-16
4.44089e-16
5.55112e-16
8.88178e-16
1.55431e-15
4.21885e-15
2.0095e-14
9.9365e-14
5.11258e-13
2.62534e-12
1.33029e-11
6.62622e-11
3.23818e-10
1.02758e-09
3.52525e-09
1.45401e-08
6.07908e-08
2.48884e-07
9.8301e-07
3.725e-06
1.34975e-05
4.66006e-05
0.000152689
0.00047261
0.0013741
0.00372431
0.00930812
0.0211365
0.0422317
0.0737775
0.115061
0.163872
0.217508
0.273166
0.328536
0.381842
0.431858
0.477835
0.519406
0.556496
0.589234
0.617873
0.642739
0.66419
0.682588
0.697453
0.709992
0.721466
0.730913
0.73885
0.745515
0.751094
0.75572
0.759484
0.762835
0.765466
0.76739
0.768675
0.769408
0.76976
0.76991
0.769968
0.769989
0.769997
0.769999
0.77
0.77
0.77
0.77
0.77
0.77
0.77
0.77
0.77
0.77
0.77
0.77
0.77
0.77
0.77
0.77
0.77
0.77
0.77
0.77
0.77
0.77
0.77
0.77
0.77
0.77
0.77
0.77
0.77
0.77
0.77
0.77
0.77
2.22045e-16
4.44089e-16
2.22045e-16
5.55112e-16
7.77156e-16
1.11022e-15
1.9984e-15
5.10703e-15
1.9984e-14
9.89209e-14
5.09148e-13
2.59293e-12
1.30158e-11
6.42902e-11
3.1234e-10
9.85951e-10
3.73038e-09
1.52388e-08
6.39737e-08
2.61838e-07
1.03233e-06
3.90279e-06
1.41025e-05
4.85317e-05
0.000158426
0.000488337
0.00141347
0.00381316
0.00948586
0.0214463
0.042664
0.0743126
0.115669
0.164529
0.218046
0.273586
0.328838
0.382033
0.431948
0.477837
0.519337
0.556373
0.589071
0.617682
0.642532
0.663974
0.68237
0.697281
0.709822
0.721299
0.730753
0.738698
0.745371
0.75096
0.755598
0.759368
0.762715
0.765359
0.767313
0.768625
0.769382
0.769748
0.769905
0.769966
0.769989
0.769996
0.769999
0.77
0.77
0.77
0.77
0.77
0.77
0.77
0.77
0.77
0.77
0.77
0.77
0.77
0.77
0.77
0.77
0.77
0.77
0.77
0.77
0.77
0.77
0.77
0.77
0.77
0.77
0.77
0.77
0.77
0.77
0.77
0.77
0.77
1.11022e-16
1.11022e-16
2.22045e-16
5.55112e-16
9.99201e-16
1.55431e-15
1.88738e-15
4.44089e-15
1.9984e-14
1.00142e-13
5.1259e-13
2.59159e-12
1.28079e-11
6.15711e-11
2.8607e-10
9.14815e-10
3.73538e-09
1.5748e-08
6.64016e-08
2.71378e-07
1.06756e-06
4.02695e-06
1.45184e-05
4.9851e-05
0.000162377
0.000499451
0.0014426
0.0038832
0.0096365
0.0217258
0.0430674
0.0747973
0.116164
0.164968
0.21845
0.273919
0.32908
0.38218
0.432007
0.477817
0.519254
0.55624
0.588901
0.617489
0.642323
0.663758
0.682152
0.697109
0.709654
0.721135
0.730596
0.738551
0.745236
0.750837
0.755488
0.759272
0.762613
0.765277
0.767253
0.768585
0.769361
0.769738
0.7699
0.769965
0.769988
0.769996
0.769999
0.77
0.77
0.77
0.77
0.77
0.77
0.77
0.77
0.77
0.77
0.77
0.77
0.77
0.77
0.77
0.77
0.77
0.77
0.77
0.77
0.77
0.77
0.77
0.77
0.77
0.77
0.77
0.77
0.77
0.77
0.77
0.77
0.77
3.33067e-16
4.44089e-16
8.88178e-16
1.11022e-15
1.11022e-15
1.33227e-15
1.77636e-15
4.21885e-15
2.0095e-14
1.03584e-13
5.38236e-13
2.76579e-12
1.39604e-11
6.92588e-11
2.21899e-10
9.03682e-10
3.75967e-09
1.62284e-08
6.85748e-08
2.80063e-07
1.09999e-06
4.14254e-06
1.49097e-05
5.11013e-05
0.000166124
0.000509901
0.00146946
0.003946
0.00976752
0.0219633
0.0434101
0.0752204
0.116613
0.165369
0.218832
0.274233
0.329305
0.382312
0.432051
0.47779
0.519167
0.556107
0.588735
0.617299
0.64212
0.663548
0.681941
0.696941
0.709491
0.720976
0.730446
0.73841
0.745106
0.750719
0.755384
0.759182
0.76252
0.765201
0.767196
0.768547
0.769339
0.769727
0.769896
0.769963
0.769987
0.769996
0.769999
0.77
0.77
0.77
0.77
0.77
0.77
0.77
0.77
0.77
0.77
0.77
0.77
0.77
0.77
0.77
0.77
0.77
0.77
0.77
0.77
0.77
0.77
0.77
0.77
0.77
0.77
0.77
0.77
0.77
0.77
0.77
0.77
0.77
0
0
6.66134e-16
1.22125e-15
1.33227e-15
1.44329e-15
1.88738e-15
3.9968e-15
1.80966e-14
8.9484e-14
4.67404e-13
2.33524e-12
1.12188e-11
5.50641e-11
2.03825e-10
8.95606e-10
3.84528e-09
1.66719e-08
7.04477e-08
2.87395e-07
1.12746e-06
4.24051e-06
1.52405e-05
5.21537e-05
0.000169259
0.000518587
0.00149165
0.00399757
0.00987446
0.0221558
0.043687
0.0755672
0.117008
0.165786
0.219163
0.274478
0.329466
0.382395
0.432063
0.477741
0.519068
0.55597
0.588569
0.617114
0.641924
0.663348
0.681741
0.696781
0.709336
0.720826
0.730304
0.738278
0.744984
0.750609
0.755287
0.759099
0.762436
0.765136
0.767144
0.768511
0.76932
0.769718
0.769892
0.769961
0.769987
0.769996
0.769999
0.77
0.77
0.77
0.77
0.77
0.77
0.77
0.77
0.77
0.77
0.77
0.77
0.77
0.77
0.77
0.77
0.77
0.77
0.77
0.77
0.77
0.77
0.77
0.77
0.77
0.77
0.77
0.77
0.77
0.77
0.77
0.77
0.77
1.11022e-16
3.33067e-16
7.77156e-16
5.55112e-16
1.22125e-15
1.66533e-15
2.10942e-15
4.10783e-15
1.44329e-14
6.76126e-14
3.40172e-13
1.70564e-12
8.39107e-12
4.04966e-11
1.91242e-10
8.78583e-10
3.90037e-09
1.70288e-08
7.19376e-08
2.93114e-07
1.14857e-06
4.31493e-06
1.54896e-05
5.29423e-05
0.000171609
0.000525148
0.00150865
0.00403795
0.00996028
0.0223137
0.0439159
0.0758471
0.117301
0.16607
0.21941
0.274668
0.329591
0.382452
0.43206
0.477684
0.518967
0.555836
0.588411
0.61694
0.64174
0.663161
0.681555
0.696632
0.709193
0.720688
0.730174
0.738157
0.744873
0.750509
0.755199
0.759022
0.762357
0.765071
0.767096
0.768479
0.769303
0.76971
0.769889
0.76996
0.769986
0.769996
0.769999
0.77
0.77
0.77
0.77
0.77
0.77
0.77
0.77
0.77
0.77
0.77
0.77
0.77
0.77
0.77
0.77
0.77
0.77
0.77
0.77
0.77
0.77
0.77
0.77
0.77
0.77
0.77
0.77
0.77
0.77
0.77
0.77
0.77
1.11022e-16
5.55112e-16
1.55431e-15
1.55431e-15
1.33227e-15
1.55431e-15
1.88738e-15
3.88578e-15
1.37668e-14
6.4948e-14
3.28848e-13
1.65945e-12
8.23908e-12
4.00725e-11
1.90447e-10
8.82304e-10
3.97415e-09
1.73524e-08
7.32673e-08
2.98352e-07
1.1683e-06
4.38571e-06
1.57301e-05
5.37114e-05
0.00017391
0.000531528
0.00152488
0.00407524
0.0100361
0.0224467
0.0441008
0.0760706
0.117546
0.166288
0.219589
0.274799
0.329668
0.382477
0.432035
0.477616
0.518864
0.555706
0.588261
0.616778
0.641571
0.66299
0.681386
0.696497
0.709063
0.720562
0.730056
0.738048
0.744773
0.750419
0.75512
0.758955
0.762289
0.765018
0.767054
0.76845
0.769287
0.769703
0.769885
0.769959
0.769986
0.769995
0.769999
0.77
0.77
0.77
0.77
0.77
0.77
0.77
0.77
0.77
0.77
0.77
0.77
0.77
0.77
0.77
0.77
0.77
0.77
0.77
0.77
0.77
0.77
0.77
0.77
0.77
0.77
0.77
0.77
0.77
0.77
0.77
0.77
0.77
4.44089e-16
1.22125e-15
1.44329e-15
1.88738e-15
1.88738e-15
1.77636e-15
2.22045e-15
4.21885e-15
1.35447e-14
6.53921e-14
3.32956e-13
1.68421e-12
8.36953e-12
4.07255e-11
1.93522e-10
8.95972e-10
4.03205e-09
1.75934e-08
7.42384e-08
3.02108e-07
1.18217e-06
4.43438e-06
1.58919e-05
5.42194e-05
0.000175409
0.000535667
0.0015355
0.00410026
0.010089
0.0225434
0.0442388
0.0762326
0.117699
0.16645
0.219731
0.274903
0.329727
0.382488
0.432004
0.477549
0.518768
0.555586
0.588126
0.616632
0.64142
0.662837
0.681235
0.696376
0.708947
0.720452
0.729952
0.737952
0.744685
0.750339
0.75505
0.758894
0.762226
0.764965
0.767016
0.768425
0.769273
0.769696
0.769883
0.769958
0.769986
0.769995
0.769999
0.77
0.77
0.77
0.77
0.77
0.77
0.77
0.77
0.77
0.77
0.77
0.77
0.77
0.77
0.77
0.77
0.77
0.77
0.77
0.77
0.77
0.77
0.77
0.77
0.77
0.77
0.77
0.77
0.77
0.77
0.77
0.77
0.77
2.22045e-16
7.77156e-16
1.55431e-15
1.66533e-15
1.66533e-15
1.77636e-15
2.10942e-15
3.9968e-15
1.40998e-14
6.68354e-14
3.38174e-13
1.70686e-12
8.47944e-12
4.12534e-11
1.95999e-10
9.07277e-10
4.08202e-09
1.78065e-08
7.5113e-08
3.05552e-07
1.19514e-06
4.48086e-06
1.60499e-05
5.47256e-05
0.000176928
0.000539901
0.00154634
0.00412536
0.0101404
0.0226342
0.0443654
0.0763859
0.117867
0.166596
0.219845
0.27498
0.329765
0.382489
0.43197
0.477484
0.518679
0.555479
0.588005
0.616503
0.641287
0.662704
0.681104
0.69627
0.708846
0.720355
0.729862
0.737869
0.744609
0.750271
0.754991
0.758843
0.762175
0.764923
0.766984
0.768403
0.769262
0.769691
0.76988
0.769957
0.769985
0.769995
0.769999
0.77
0.77
0.77
0.77
0.77
0.77
0.77
0.77
0.77
0.77
0.77
0.77
0.77
0.77
0.77
0.77
0.77
0.77
0.77
0.77
0.77
0.77
0.77
0.77
0.77
0.77
0.77
0.77
0.77
0.77
0.77
0.77
0.77
0
0
9.99201e-16
1.66533e-15
2.10942e-15
1.55431e-15
2.10942e-15
4.21885e-15
1.43219e-14
6.73905e-14
3.41838e-13
1.72362e-12
8.56304e-12
4.16511e-11
1.97853e-10
9.15651e-10
4.11861e-09
1.79607e-08
7.57374e-08
3.07973e-07
1.2041e-06
4.51241e-06
1.61551e-05
5.50562e-05
0.000177903
0.000542591
0.00155322
0.00414146
0.0101743
0.0226962
0.0444556
0.076497
0.117985
0.166703
0.21993
0.275036
0.329789
0.382482
0.431935
0.477426
0.518601
0.555386
0.587902
0.616394
0.641175
0.662591
0.680993
0.696181
0.708761
0.720274
0.729786
0.737799
0.744546
0.750214
0.754941
0.758801
0.762132
0.764888
0.766958
0.768386
0.769252
0.769686
0.769878
0.769956
0.769985
0.769995
0.769998
0.77
0.77
0.77
0.77
0.77
0.77
0.77
0.77
0.77
0.77
0.77
0.77
0.77
0.77
0.77
0.77
0.77
0.77
0.77
0.77
0.77
0.77
0.77
0.77
0.77
0.77
0.77
0.77
0.77
0.77
0.77
0.77
0.77
1.11022e-16
8.88178e-16
1.44329e-15
1.77636e-15
1.66533e-15
1.44329e-15
1.55431e-15
3.77476e-15
1.45439e-14
6.81677e-14
3.44502e-13
1.73683e-12
8.6281e-12
4.19663e-11
1.99328e-10
9.22353e-10
4.14809e-09
1.80858e-08
7.62486e-08
3.09976e-07
1.2116e-06
4.53912e-06
1.62452e-05
5.5343e-05
0.000178759
0.000544961
0.00155926
0.00415541
0.0102028
0.0227464
0.044525
0.0765785
0.118068
0.166777
0.219987
0.275071
0.3298
0.38247
0.431902
0.477374
0.518535
0.555309
0.587818
0.616305
0.641084
0.6625
0.680903
0.696108
0.708691
0.720207
0.729725
0.737742
0.744494
0.750168
0.7549
0.758766
0.762098
0.764861
0.766937
0.768371
0.769244
0.769682
0.769877
0.769955
0.769985
0.769995
0.769998
0.77
0.77
0.77
0.77
0.77
0.77
0.77
0.77
0.77
0.77
0.77
0.77
0.77
0.77
0.77
0.77
0.77
0.77
0.77
0.77
0.77
0.77
0.77
0.77
0.77
0.77
0.77
0.77
0.77
0.77
0.77
0.77
0.77
3.33067e-16
7.77156e-16
1.33227e-15
1.55431e-15
1.66533e-15
1.66533e-15
1.88738e-15
4.10783e-15
1.42109e-14
6.78346e-14
3.4539e-13
1.7466e-12
8.67484e-12
4.21885e-11
2.00364e-10
9.27046e-10
4.16865e-09
1.81727e-08
7.66013e-08
3.11348e-07
1.21669e-06
4.55712e-06
1.63055e-05
5.55329e-05
0.00017932
0.000546506
0.00156318
0.00416449
0.0102215
0.0227798
0.0445719
0.0766341
0.118125
0.166827
0.220025
0.275093
0.329804
0.382457
0.431873
0.477332
0.518482
0.555249
0.587752
0.616236
0.641014
0.66243
0.680835
0.696052
0.708638
0.720157
0.729678
0.737699
0.744456
0.750134
0.75487
0.758741
0.762072
0.76484
0.766921
0.76836
0.769238
0.769679
0.769876
0.769955
0.769985
0.769995
0.769998
0.77
0.77
0.77
0.77
0.77
0.77
0.77
0.77
0.77
0.77
0.77
0.77
0.77
0.77
0.77
0.77
0.77
0.77
0.77
0.77
0.77
0.77
0.77
0.77
0.77
0.77
0.77
0.77
0.77
0.77
0.77
0.77
0.77
2.22045e-16
8.88178e-16
1.44329e-15
1.66533e-15
1.44329e-15
1.55431e-15
1.88738e-15
3.9968e-15
1.4766e-14
6.86118e-14
3.46612e-13
1.75204e-12
8.70359e-12
4.23286e-11
2.01018e-10
9.30007e-10
4.18164e-09
1.82277e-08
7.68251e-08
3.12222e-07
1.21995e-06
4.56866e-06
1.63442e-05
5.56555e-05
0.000179683
0.000547508
0.00156573
0.00417037
0.0102336
0.0228011
0.0446013
0.0766686
0.118159
0.166858
0.220047
0.275105
0.329805
0.382447
0.431852
0.477303
0.518446
0.555208
0.587707
0.616189
0.640966
0.662382
0.680788
0.696015
0.708603
0.720123
0.729647
0.737671
0.74443
0.750111
0.75485
0.758724
0.762055
0.764826
0.766911
0.768353
0.769234
0.769677
0.769875
0.769955
0.769984
0.769995
0.769998
0.77
0.77
0.77
0.77
0.77
0.77
0.77
0.77
0.77
0.77
0.77
0.77
0.77
0.77
0.77
0.77
0.77
0.77
0.77
0.77
0.77
0.77
0.77
0.77
0.77
0.77
0.77
0.77
0.77
0.77
0.77
0.77
0.77
2.22045e-16
8.88178e-16
1.55431e-15
1.55431e-15
1.9984e-15
2.22045e-15
2.22045e-15
4.21885e-15
1.53211e-14
7.00551e-14
3.48943e-13
1.75659e-12
8.71792e-12
4.23904e-11
2.01306e-10
9.31312e-10
4.18736e-09
1.82519e-08
7.69234e-08
3.12604e-07
1.22137e-06
4.57369e-06
1.6361e-05
5.57087e-05
0.000179841
0.000547942
0.00156683
0.00417292
0.0102388
0.0228104
0.0446143
0.076684
0.118175
0.166871
0.220057
0.27511
0.329805
0.382441
0.431842
0.477289
0.518429
0.555188
0.587686
0.616167
0.640943
0.662359
0.680766
0.695997
0.708586
0.720107
0.729632
0.737657
0.744418
0.7501
0.75484
0.758716
0.762047
0.764819
0.766906
0.76835
0.769232
0.769676
0.769874
0.769954
0.769984
0.769995
0.769998
0.77
0.77
0.77
0.77
0.77
0.77
0.77
0.77
0.77
0.77
0.77
0.77
0.77
0.77
0.77
0.77
0.77
0.77
0.77
0.77
0.77
0.77
0.77
0.77
0.77
0.77
0.77
0.77
0.77
0.77
0.77
0.77
0.77
2.22045e-16
5.55112e-16
1.44329e-15
1.66533e-15
1.77636e-15
1.9984e-15
1.9984e-15
3.9968e-15
1.46549e-14
6.81677e-14
3.47278e-13
1.75526e-12
8.71658e-12
4.23902e-11
2.01304e-10
9.31305e-10
4.18734e-09
1.82518e-08
7.69231e-08
3.12603e-07
1.22137e-06
4.57369e-06
1.6361e-05
5.57087e-05
0.000179841
0.000547943
0.00156684
0.00417292
0.0102388
0.0228104
0.0446144
0.0766842
0.118175
0.166872
0.220058
0.27511
0.329805
0.382442
0.431843
0.477289
0.518429
0.555188
0.587686
0.616167
0.640943
0.662359
0.680766
0.695997
0.708586
0.720107
0.729632
0.737657
0.744418
0.7501
0.754841
0.758716
0.762047
0.764819
0.766906
0.76835
0.769232
0.769676
0.769874
0.769954
0.769984
0.769995
0.769998
0.77
0.77
0.77
0.77
0.77
0.77
0.77
0.77
0.77
0.77
0.77
0.77
0.77
0.77
0.77
0.77
0.77
0.77
0.77
0.77
0.77
0.77
0.77
0.77
0.77
0.77
0.77
0.77
0.77
0.77
0.77
0.77
0.77
2.22045e-16
1.22125e-15
1.55431e-15
1.77636e-15
1.66533e-15
1.77636e-15
1.9984e-15
4.10783e-15
1.5099e-14
6.92779e-14
3.47278e-13
1.75215e-12
8.70293e-12
4.23264e-11
2.01011e-10
9.29983e-10
4.18154e-09
1.82273e-08
7.68237e-08
3.12216e-07
1.21993e-06
4.5686e-06
1.6344e-05
5.5655e-05
0.000179682
0.000547506
0.00156573
0.00417037
0.0102336
0.0228012
0.0446015
0.076669
0.11816
0.166858
0.220048
0.275106
0.329806
0.382448
0.431854
0.477304
0.518447
0.555209
0.587708
0.61619
0.640967
0.662383
0.680789
0.696015
0.708603
0.720124
0.729647
0.737671
0.74443
0.750111
0.75485
0.758724
0.762056
0.764826
0.766911
0.768353
0.769234
0.769677
0.769875
0.769955
0.769984
0.769995
0.769998
0.77
0.77
0.77
0.77
0.77
0.77
0.77
0.77
0.77
0.77
0.77
0.77
0.77
0.77
0.77
0.77
0.77
0.77
0.77
0.77
0.77
0.77
0.77
0.77
0.77
0.77
0.77
0.77
0.77
0.77
0.77
0.77
0.77
2.22045e-16
6.66134e-16
1.55431e-15
1.66533e-15
2.10942e-15
1.9984e-15
2.33147e-15
3.9968e-15
1.42109e-14
6.83897e-14
3.45834e-13
1.74638e-12
8.67451e-12
4.21865e-11
2.00353e-10
9.26997e-10
4.16845e-09
1.81719e-08
7.65983e-08
3.11337e-07
1.21666e-06
4.557e-06
1.63051e-05
5.55319e-05
0.000179317
0.000546501
0.00156318
0.00416449
0.0102215
0.0227799
0.0445722
0.0766347
0.118126
0.166829
0.220027
0.275095
0.329807
0.382459
0.431875
0.477335
0.518484
0.555251
0.587754
0.616237
0.641015
0.662431
0.680836
0.696053
0.708639
0.720158
0.729678
0.7377
0.744456
0.750134
0.75487
0.758741
0.762073
0.76484
0.766921
0.768361
0.769238
0.769679
0.769876
0.769955
0.769985
0.769995
0.769998
0.77
0.77
0.77
0.77
0.77
0.77
0.77
0.77
0.77
0.77
0.77
0.77
0.77
0.77
0.77
0.77
0.77
0.77
0.77
0.77
0.77
0.77
0.77
0.77
0.77
0.77
0.77
0.77
0.77
0.77
0.77
0.77
0.77
2.22045e-16
1.66533e-15
1.77636e-15
1.88738e-15
1.9984e-15
1.66533e-15
2.10942e-15
4.21885e-15
1.43219e-14
6.80567e-14
3.43503e-13
1.73694e-12
8.6281e-12
4.19634e-11
1.99313e-10
9.22287e-10
4.14782e-09
1.80848e-08
7.62446e-08
3.09962e-07
1.21155e-06
4.53896e-06
1.62448e-05
5.53418e-05
0.000178756
0.000544955
0.00155925
0.00415541
0.0102028
0.0227465
0.0445254
0.0765794
0.118069
0.166779
0.21999
0.275074
0.329803
0.382473
0.431905
0.477377
0.518537
0.555312
0.58782
0.616307
0.641086
0.662501
0.680905
0.696109
0.708692
0.720208
0.729725
0.737742
0.744495
0.750169
0.754901
0.758767
0.762098
0.764861
0.766937
0.768371
0.769244
0.769682
0.769877
0.769955
0.769985
0.769995
0.769998
0.77
0.77
0.77
0.77
0.77
0.77
0.77
0.77
0.77
0.77
0.77
0.77
0.77
0.77
0.77
0.77
0.77
0.77
0.77
0.77
0.77
0.77
0.77
0.77
0.77
0.77
0.77
0.77
0.77
0.77
0.77
0.77
0.77
3.33067e-16
1.11022e-15
1.55431e-15
1.77636e-15
1.9984e-15
1.77636e-15
2.10942e-15
3.88578e-15
1.39888e-14
6.73905e-14
3.40727e-13
1.72329e-12
8.56237e-12
4.16476e-11
1.97834e-10
9.15569e-10
4.11828e-09
1.79594e-08
7.57324e-08
3.07955e-07
1.20404e-06
4.51221e-06
1.61545e-05
5.50545e-05
0.000177899
0.000542582
0.0015532
0.00414144
0.0101743
0.0226963
0.0444562
0.0764983
0.117987
0.166706
0.219934
0.27504
0.329794
0.382487
0.431939
0.47743
0.518604
0.555389
0.587905
0.616397
0.641178
0.662593
0.680995
0.696182
0.708762
0.720275
0.729787
0.737799
0.744546
0.750215
0.754941
0.758801
0.762133
0.764889
0.766958
0.768386
0.769252
0.769686
0.769878
0.769956
0.769985
0.769995
0.769998
0.77
0.77
0.77
0.77
0.77
0.77
0.77
0.77
0.77
0.77
0.77
0.77
0.77
0.77
0.77
0.77
0.77
0.77
0.77
0.77
0.77
0.77
0.77
0.77
0.77
0.77
0.77
0.77
0.77
0.77
0.77
0.77
0.77
3.33067e-16
8.88178e-16
1.11022e-15
1.9984e-15
2.10942e-15
1.9984e-15
2.33147e-15
3.77476e-15
1.39888e-14
6.71685e-14
3.37064e-13
1.7053e-12
8.47755e-12
4.12477e-11
1.95976e-10
9.07178e-10
4.08161e-09
1.78049e-08
7.51071e-08
3.05531e-07
1.19507e-06
4.48066e-06
1.60494e-05
5.47245e-05
0.000176927
0.000539908
0.00154639
0.00412556
0.0101411
0.022636
0.0443696
0.0763929
0.117876
0.166604
0.219853
0.274987
0.329772
0.382495
0.431975
0.477489
0.518683
0.555483
0.588009
0.616507
0.64129
0.662706
0.681106
0.696272
0.708848
0.720357
0.729863
0.737869
0.74461
0.750272
0.754991
0.758843
0.762175
0.764923
0.766985
0.768403
0.769262
0.769691
0.76988
0.769957
0.769985
0.769995
0.769999
0.77
0.77
0.77
0.77
0.77
0.77
0.77
0.77
0.77
0.77
0.77
0.77
0.77
0.77
0.77
0.77
0.77
0.77
0.77
0.77
0.77
0.77
0.77
0.77
0.77
0.77
0.77
0.77
0.77
0.77
0.77
0.77
0.77
6.66134e-16
5.55112e-16
1.55431e-15
1.9984e-15
1.88738e-15
2.22045e-15
2.22045e-15
3.77476e-15
1.33227e-14
6.50591e-14
3.32956e-13
1.68277e-12
8.36764e-12
4.07195e-11
1.93494e-10
8.95855e-10
4.03157e-09
1.75915e-08
7.42313e-08
3.02083e-07
1.18209e-06
4.43411e-06
1.58912e-05
5.42175e-05
0.000175405
0.000535662
0.00153551
0.00410033
0.0100892
0.0225442
0.0442403
0.0762349
0.117702
0.166455
0.219737
0.274909
0.329733
0.382495
0.432011
0.477555
0.518773
0.555591
0.58813
0.616636
0.641424
0.66284
0.681238
0.696378
0.708949
0.720453
0.729953
0.737953
0.744686
0.75034
0.755051
0.758895
0.762227
0.764965
0.767016
0.768425
0.769273
0.769696
0.769883
0.769958
0.769986
0.769995
0.769999
0.77
0.77
0.77
0.77
0.77
0.77
0.77
0.77
0.77
0.77
0.77
0.77
0.77
0.77
0.77
0.77
0.77
0.77
0.77
0.77
0.77
0.77
0.77
0.77
0.77
0.77
0.77
0.77
0.77
0.77
0.77
0.77
0.77
1.11022e-16
4.44089e-16
9.99201e-16
1.55431e-15
1.55431e-15
1.55431e-15
1.9984e-15
4.21885e-15
1.35447e-14
6.42819e-14
3.28626e-13
1.65945e-12
8.23852e-12
4.00654e-11
1.90401e-10
8.82122e-10
3.97357e-09
1.73504e-08
7.32591e-08
2.98322e-07
1.1682e-06
4.38537e-06
1.57291e-05
5.37085e-05
0.000173902
0.00053151
0.00152484
0.00407517
0.010036
0.0224466
0.0441008
0.0760709
0.117547
0.166291
0.219594
0.274804
0.329674
0.382484
0.432042
0.477623
0.518871
0.555711
0.588267
0.616783
0.641576
0.662993
0.681389
0.696499
0.709065
0.720564
0.730058
0.738049
0.744774
0.75042
0.755121
0.758955
0.762289
0.765018
0.767055
0.76845
0.769287
0.769703
0.769886
0.769959
0.769986
0.769995
0.769999
0.77
0.77
0.77
0.77
0.77
0.77
0.77
0.77
0.77
0.77
0.77
0.77
0.77
0.77
0.77
0.77
0.77
0.77
0.77
0.77
0.77
0.77
0.77
0.77
0.77
0.77
0.77
0.77
0.77
0.77
0.77
0.77
0.77
2.22045e-16
2.22045e-16
1.22125e-15
1.44329e-15
1.55431e-15
1.66533e-15
1.9984e-15
3.88578e-15
1.36557e-14
6.69464e-14
3.39728e-13
1.71119e-12
8.42182e-12
4.03811e-11
1.9039e-10
8.78412e-10
3.90391e-09
1.70246e-08
7.19257e-08
2.93079e-07
1.14845e-06
4.31453e-06
1.54884e-05
5.29389e-05
0.0001716
0.000525126
0.00150861
0.00403787
0.00996014
0.0223135
0.0439158
0.0758473
0.117302
0.166073
0.219415
0.274674
0.329597
0.382459
0.432067
0.477691
0.518974
0.555842
0.588417
0.616945
0.641745
0.663165
0.681558
0.696635
0.709195
0.72069
0.730175
0.738158
0.744874
0.75051
0.7552
0.759023
0.762358
0.765072
0.767097
0.768479
0.769303
0.76971
0.769889
0.76996
0.769986
0.769996
0.769999
0.77
0.77
0.77
0.77
0.77
0.77
0.77
0.77
0.77
0.77
0.77
0.77
0.77
0.77
0.77
0.77
0.77
0.77
0.77
0.77
0.77
0.77
0.77
0.77
0.77
0.77
0.77
0.77
0.77
0.77
0.77
0.77
0.77
1.11022e-16
1.11022e-16
5.55112e-16
9.99201e-16
1.22125e-15
1.55431e-15
1.88738e-15
3.9968e-15
1.72085e-14
8.9706e-14
4.84279e-13
2.56373e-12
1.23774e-11
5.03706e-11
1.96376e-10
9.13452e-10
3.8451e-09
1.66632e-08
7.0434e-08
2.87356e-07
1.12733e-06
4.24009e-06
1.52393e-05
5.21502e-05
0.00016925
0.000518566
0.00149161
0.00399752
0.00987442
0.0221559
0.0436876
0.0755688
0.117011
0.16579
0.219169
0.274484
0.329474
0.382403
0.432071
0.477748
0.519075
0.555977
0.588576
0.61712
0.641929
0.663352
0.681745
0.696784
0.709339
0.720828
0.730306
0.73828
0.744986
0.75061
0.755288
0.7591
0.762437
0.765136
0.767145
0.768511
0.76932
0.769718
0.769892
0.769961
0.769987
0.769996
0.769999
0.77
0.77
0.77
0.77
0.77
0.77
0.77
0.77
0.77
0.77
0.77
0.77
0.77
0.77
0.77
0.77
0.77
0.77
0.77
0.77
0.77
0.77
0.77
0.77
0.77
0.77
0.77
0.77
0.77
0.77
0.77
0.77
0.77
1.11022e-16
2.22045e-16
9.99201e-16
1.11022e-15
1.11022e-15
1.66533e-15
1.9984e-15
5.10703e-15
2.04281e-14
1.0314e-13
5.38569e-13
2.78833e-12
1.41162e-11
6.99248e-11
2.34463e-10
8.91534e-10
3.76544e-09
1.62144e-08
6.85566e-08
2.80024e-07
1.09985e-06
4.14208e-06
1.49083e-05
5.10973e-05
0.000166113
0.000509878
0.00146941
0.00394594
0.0097675
0.0219635
0.0434111
0.0752225
0.116617
0.165375
0.218839
0.27424
0.329314
0.382321
0.43206
0.477799
0.519175
0.556115
0.588742
0.617306
0.642126
0.663553
0.681946
0.696944
0.709494
0.720978
0.730448
0.738412
0.745107
0.75072
0.755385
0.759183
0.762521
0.765201
0.767196
0.768547
0.76934
0.769728
0.769896
0.769963
0.769987
0.769996
0.769999
0.77
0.77
0.77
0.77
0.77
0.77
0.77
0.77
0.77
0.77
0.77
0.77
0.77
0.77
0.77
0.77
0.77
0.77
0.77
0.77
0.77
0.77
0.77
0.77
0.77
0.77
0.77
0.77
0.77
0.77
0.77
0.77
0.77
1.11022e-16
3.33067e-16
2.22045e-16
6.66134e-16
6.66134e-16
1.22125e-15
1.77636e-15
4.55191e-15
2.02061e-14
9.9809e-14
5.1148e-13
2.58749e-12
1.28048e-11
6.16022e-11
2.86612e-10
9.14347e-10
3.73852e-09
1.57558e-08
6.636e-08
2.7132e-07
1.06741e-06
4.02646e-06
1.45169e-05
4.98467e-05
0.000162366
0.000499427
0.00144255
0.00388316
0.00963655
0.0217262
0.043069
0.0748011
0.116171
0.16498
0.21846
0.273928
0.32909
0.38219
0.432017
0.477827
0.519263
0.556249
0.588909
0.617496
0.642329
0.663764
0.682157
0.697113
0.709657
0.721137
0.730599
0.738553
0.745237
0.750838
0.755489
0.759273
0.762614
0.765277
0.767253
0.768586
0.769361
0.769738
0.7699
0.769965
0.769988
0.769996
0.769999
0.77
0.77
0.77
0.77
0.77
0.77
0.77
0.77
0.77
0.77
0.77
0.77
0.77
0.77
0.77
0.77
0.77
0.77
0.77
0.77
0.77
0.77
0.77
0.77
0.77
0.77
0.77
0.77
0.77
0.77
0.77
0.77
0.77
1.11022e-16
5.55112e-16
5.55112e-16
1.33227e-15
1.55431e-15
1.77636e-15
2.22045e-15
5.10703e-15
2.03171e-14
9.92539e-14
5.09148e-13
2.59481e-12
1.30324e-11
6.44012e-11
3.13003e-10
9.88191e-10
3.71943e-09
1.52493e-08
6.3987e-08
2.61791e-07
1.03215e-06
3.90223e-06
1.41008e-05
4.8527e-05
0.000158414
0.000488308
0.00141341
0.00381308
0.00948583
0.0214466
0.0426649
0.0743145
0.115671
0.164531
0.218053
0.273595
0.328848
0.382044
0.431959
0.477848
0.519347
0.556382
0.589079
0.61769
0.642539
0.66398
0.682375
0.697285
0.709826
0.721302
0.730755
0.7387
0.745373
0.750962
0.755599
0.759369
0.762716
0.76536
0.767314
0.768626
0.769382
0.769748
0.769905
0.769966
0.769989
0.769996
0.769999
0.77
0.77
0.77
0.77
0.77
0.77
0.77
0.77
0.77
0.77
0.77
0.77
0.77
0.77
0.77
0.77
0.77
0.77
0.77
0.77
0.77
0.77
0.77
0.77
0.77
0.77
0.77
0.77
0.77
0.77
0.77
0.77
0.77
3.33067e-16
0
3.33067e-16
4.44089e-16
4.44089e-16
1.44329e-15
1.77636e-15
4.32987e-15
1.96509e-14
9.88098e-14
5.13811e-13
2.63722e-12
1.33449e-11
6.63678e-11
3.23984e-10
1.02851e-09
3.535e-09
1.4501e-08
6.08034e-08
2.48849e-07
9.82827e-07
3.72442e-06
1.34958e-05
4.65957e-05
0.000152676
0.000472582
0.00137405
0.00372425
0.00930814
0.0211369
0.0422331
0.0737806
0.115067
0.163879
0.217517
0.273176
0.328547
0.381854
0.43187
0.477846
0.519417
0.556507
0.589243
0.617881
0.642747
0.664197
0.682594
0.697458
0.709996
0.721469
0.730916
0.738852
0.745517
0.751096
0.755721
0.759482
0.762836
0.765467
0.767391
0.768676
0.769408
0.76976
0.76991
0.769968
0.769989
0.769997
0.769999
0.77
0.77
0.77
0.77
0.77
0.77
0.77
0.77
0.77
0.77
0.77
0.77
0.77
0.77
0.77
0.77
0.77
0.77
0.77
0.77
0.77
0.77
0.77
0.77
0.77
0.77
0.77
0.77
0.77
0.77
0.77
0.77
0.77
1.11022e-16
3.33067e-16
4.44089e-16
9.99201e-16
1.11022e-15
1.55431e-15
1.88738e-15
3.66374e-15
1.83187e-14
9.31477e-14
4.80505e-13
2.42029e-12
1.19001e-11
5.6794e-11
2.61213e-10
1.14539e-09
3.53197e-09
1.38866e-08
5.78258e-08
2.37289e-07
9.40498e-07
3.57621e-06
1.29994e-05
4.50092e-05
0.000147852
0.00045869
0.00133652
0.0036307
0.00909876
0.0207313
0.0416236
0.0730271
0.114288
0.163208
0.216883
0.272656
0.32817
0.38162
0.431763
0.477843
0.51949
0.556636
0.589411
0.618073
0.642952
0.664408
0.682807
0.697627
0.710159
0.721629
0.731069
0.739
0.745657
0.751227
0.75584
0.75959
0.762937
0.76554
0.767455
0.768721
0.769433
0.769771
0.769915
0.76997
0.76999
0.769997
0.769999
0.77
0.77
0.77
0.77
0.77
0.77
0.77
0.77
0.77
0.77
0.77
0.77
0.77
0.77
0.77
0.77
0.77
0.77
0.77
0.77
0.77
0.77
0.77
0.77
0.77
0.77
0.77
0.77
0.77
0.77
0.77
0.77
0.77
0
2.22045e-16
2.22045e-16
4.44089e-16
7.77156e-16
8.88178e-16
1.66533e-15
3.77476e-15
1.59872e-14
8.10463e-14
4.15445e-13
2.09155e-12
1.03351e-11
5.00765e-11
2.37989e-10
1.1114e-09
3.35993e-09
1.29844e-08
5.33996e-08
2.18771e-07
8.69345e-07
3.31994e-06
1.21302e-05
4.22473e-05
0.000139689
0.000436455
0.00128134
0.00350788
0.00885859
0.0203263
0.0410917
0.0724047
0.113594
0.162469
0.216346
0.272272
0.327913
0.381474
0.431712
0.47787
0.519581
0.556771
0.589575
0.618253
0.643139
0.664594
0.682986
0.69776
0.710294
0.721761
0.7312
0.739127
0.745782
0.751348
0.755955
0.759702
0.76304
0.765633
0.767525
0.76877
0.769459
0.769784
0.76992
0.769972
0.769991
0.769997
0.769999
0.77
0.77
0.77
0.77
0.77
0.77
0.77
0.77
0.77
0.77
0.77
0.77
0.77
0.77
0.77
0.77
0.77
0.77
0.77
0.77
0.77
0.77
0.77
0.77
0.77
0.77
0.77
0.77
0.77
0.77
0.77
0.77
0.77
0
0
6.66134e-16
4.44089e-16
8.88178e-16
1.44329e-15
1.44329e-15
3.55271e-15
1.5099e-14
7.31637e-14
3.74034e-13
1.90126e-12
9.52738e-12
4.6979e-11
2.2761e-10
1.08195e-09
3.31438e-09
1.21158e-08
4.98482e-08
2.05089e-07
8.18544e-07
3.13951e-06
1.15189e-05
4.028e-05
0.000133701
0.000419292
0.00123533
0.00339384
0.00860265
0.0198233
0.0403123
0.0714026
0.112528
0.161467
0.215423
0.271565
0.327455
0.381252
0.431674
0.477947
0.519728
0.556956
0.589781
0.618468
0.643334
0.66476
0.683122
0.697851
0.710377
0.721838
0.731276
0.739208
0.745869
0.751441
0.75605
0.759793
0.763136
0.765724
0.767597
0.768818
0.769485
0.769796
0.769925
0.769974
0.769992
0.769997
0.769999
0.77
0.77
0.77
0.77
0.77
0.77
0.77
0.77
0.77
0.77
0.77
0.77
0.77
0.77
0.77
0.77
0.77
0.77
0.77
0.77
0.77
0.77
0.77
0.77
0.77
0.77
0.77
0.77
0.77
0.77
0.77
0.77
0.77
1.11022e-16
2.22045e-16
3.33067e-16
2.22045e-16
6.66134e-16
1.11022e-15
1.88738e-15
3.55271e-15
1.32117e-14
6.57252e-14
3.36398e-13
1.72007e-12
8.68905e-12
4.31966e-11
2.10931e-10
1.00953e-09
3.06379e-09
1.09247e-08
4.39487e-08
1.80645e-07
7.25325e-07
2.80513e-06
1.03852e-05
3.66634e-05
0.000122918
0.000389504
0.00115998
0.00322219
0.00825808
0.0192314
0.0395534
0.0706094
0.111821
0.160922
0.215117
0.271437
0.327478
0.381375
0.431875
0.478231
0.52009
0.557313
0.590073
0.618664
0.643458
0.664828
0.683145
0.697853
0.710364
0.721812
0.731251
0.739191
0.745865
0.751453
0.756079
0.759843
0.763196
0.765785
0.767655
0.768864
0.769512
0.76981
0.769931
0.769977
0.769992
0.769998
0.769999
0.77
0.77
0.77
0.77
0.77
0.77
0.77
0.77
0.77
0.77
0.77
0.77
0.77
0.77
0.77
0.77
0.77
0.77
0.77
0.77
0.77
0.77
0.77
0.77
0.77
0.77
0.77
0.77
0.77
0.77
0.77
0.77
0.77
0
1.11022e-16
5.55112e-16
7.77156e-16
1.11022e-15
1.55431e-15
1.88738e-15
3.9968e-15
1.25455e-14
5.88418e-14
3.03091e-13
1.55853e-12
7.90223e-12
3.94224e-11
1.93048e-10
9.25884e-10
2.79997e-09
9.8841e-09
3.99925e-08
1.64808e-07
6.6473e-07
2.58571e-06
9.63352e-06
3.42373e-05
0.000115584
0.000368895
0.00110663
0.00309668
0.00799457
0.0187519
0.0388811
0.0697697
0.110916
0.160191
0.214581
0.271245
0.327576
0.381683
0.432334
0.478807
0.520568
0.557696
0.590369
0.618877
0.643581
0.664859
0.683093
0.697779
0.710259
0.721676
0.731118
0.73908
0.745785
0.751408
0.756069
0.759868
0.76325
0.765857
0.767728
0.76891
0.769534
0.769819
0.769935
0.769978
0.769993
0.769998
0.769999
0.77
0.77
0.77
0.77
0.77
0.77
0.77
0.77
0.77
0.77
0.77
0.77
0.77
0.77
0.77
0.77
0.77
0.77
0.77
0.77
0.77
0.77
0.77
0.77
0.77
0.77
0.77
0.77
0.77
0.77
0.77
0.77
0.77
4.44089e-16
3.33067e-16
5.55112e-16
6.66134e-16
8.88178e-16
1.66533e-15
1.66533e-15
3.21965e-15
1.05471e-14
4.59632e-14
2.26819e-13
1.14986e-12
5.75862e-12
2.82077e-11
1.34217e-10
6.14103e-10
2.65604e-09
8.0503e-09
3.10261e-08
1.28171e-07
5.23595e-07
2.06945e-06
7.84749e-06
2.84182e-05
9.78488e-05
0.000318761
0.000976667
0.00279254
0.00736667
0.0176447
0.0374569
0.0683905
0.109987
0.159875
0.214768
0.271787
0.328419
0.382747
0.433447
0.479731
0.521409
0.558425
0.590939
0.619264
0.643779
0.664882
0.682966
0.697614
0.710035
0.721399
0.730841
0.738828
0.745579
0.751259
0.755979
0.759828
0.763244
0.765884
0.767771
0.768966
0.769573
0.76984
0.769944
0.769982
0.769994
0.769998
0.77
0.77
0.77
0.77
0.77
0.77
0.77
0.77
0.77
0.77
0.77
0.77
0.77
0.77
0.77
0.77
0.77
0.77
0.77
0.77
0.77
0.77
0.77
0.77
0.77
0.77
0.77
0.77
0.77
0.77
0.77
0.77
0.77
0.77
)
;

boundaryField
{
    fuel
    {
        type            fixedValue;
        value           uniform 0;
    }
    air
    {
        type            fixedValue;
        value           uniform 0.77;
    }
    outlet
    {
        type            inletOutlet;
        inletValue      uniform 1;
        value           nonuniform List<scalar> 
200
(
2.22045e-16
6.66134e-16
6.66134e-16
3.33067e-16
4.44089e-16
1.11022e-15
1.33227e-15
2.77556e-15
1.02141e-14
4.55191e-14
2.27041e-13
1.1513e-12
5.76383e-12
2.8234e-11
1.34333e-10
6.14579e-10
2.65775e-09
8.0543e-09
3.10382e-08
1.28211e-07
5.23732e-07
2.0699e-06
7.84893e-06
2.84224e-05
9.78603e-05
0.000318788
0.000976724
0.00279262
0.00736664
0.0176441
0.037455
0.0683863
0.10998
0.159866
0.214756
0.271773
0.328403
0.38273
0.433431
0.479715
0.521393
0.55841
0.590925
0.619252
0.643769
0.664873
0.682957
0.697608
0.710029
0.721395
0.730836
0.738825
0.745576
0.751256
0.755976
0.759826
0.763243
0.765883
0.76777
0.768965
0.769573
0.76984
0.769944
0.769982
0.769994
0.769998
0.77
0.77
0.77
0.77
0.77
0.77
0.77
0.77
0.77
0.77
0.77
0.77
0.77
0.77
0.77
0.77
0.77
0.77
0.77
0.77
0.77
0.77
0.77
0.77
0.77
0.77
0.77
0.77
0.77
0.77
0.77
0.77
0.77
0.77
4.44089e-16
3.33067e-16
5.55112e-16
6.66134e-16
8.88178e-16
1.66533e-15
1.66533e-15
3.21965e-15
1.05471e-14
4.59632e-14
2.26819e-13
1.14986e-12
5.75862e-12
2.82077e-11
1.34217e-10
6.14103e-10
2.65604e-09
8.0503e-09
3.10261e-08
1.28171e-07
5.23595e-07
2.06945e-06
7.84749e-06
2.84182e-05
9.78488e-05
0.000318761
0.000976667
0.00279254
0.00736667
0.0176447
0.0374569
0.0683905
0.109987
0.159875
0.214768
0.271787
0.328419
0.382747
0.433447
0.479731
0.521409
0.558425
0.590939
0.619264
0.643779
0.664882
0.682966
0.697614
0.710035
0.721399
0.730841
0.738828
0.745579
0.751259
0.755979
0.759828
0.763244
0.765884
0.767771
0.768966
0.769573
0.76984
0.769944
0.769982
0.769994
0.769998
0.77
0.77
0.77
0.77
0.77
0.77
0.77
0.77
0.77
0.77
0.77
0.77
0.77
0.77
0.77
0.77
0.77
0.77
0.77
0.77
0.77
0.77
0.77
0.77
0.77
0.77
0.77
0.77
0.77
0.77
0.77
0.77
0.77
0.77
)
;
    }
    frontAndBack
    {
        type            empty;
    }
}


// ************************************************************************* //
