/*--------------------------------*- C++ -*----------------------------------*\
  =========                 |
  \\      /  F ield         | OpenFOAM: The Open Source CFD Toolbox
   \\    /   O peration     | Website:  https://openfoam.org
    \\  /    A nd           | Version:  11
     \\/     M anipulation  |
\*---------------------------------------------------------------------------*/
FoamFile
{
    format      ascii;
    class       volScalarField;
    location    "0.1";
    object      O2;
}
// * * * * * * * * * * * * * * * * * * * * * * * * * * * * * * * * * * * * * //

dimensions      [0 0 0 0 0 0 0];

internalField   nonuniform List<scalar> 
4000
(
2.45074e-24
2.23082e-23
1.11138e-22
4.61432e-22
1.53086e-21
6.01002e-21
2.97167e-20
1.15223e-19
5.87341e-19
3.0419e-18
1.57164e-17
8.03774e-17
4.03998e-16
1.98488e-15
9.46968e-15
4.34375e-14
1.88352e-13
5.71945e-13
2.20909e-12
9.14522e-12
3.74357e-11
1.48261e-10
5.63381e-10
2.04462e-09
7.0566e-09
2.30487e-08
7.0834e-08
2.03251e-07
5.38438e-07
1.29614e-06
2.76748e-06
5.08397e-06
8.22647e-06
1.20281e-05
1.62615e-05
2.07039e-05
2.5161e-05
2.95029e-05
3.37724e-05
3.85205e-05
4.54149e-05
5.81486e-05
8.40083e-05
0.000136764
0.000258243
0.000546381
0.00123917
0.00278966
0.00628306
0.0146298
0.033297
0.0648811
0.0976328
0.12743
0.152963
0.174033
0.192811
0.20733
0.217712
0.224295
0.227643
0.229114
0.229692
0.229899
0.229969
0.229991
0.229997
0.229999
0.23
0.23
0.23
0.23
0.23
0.23
0.23
0.23
0.23
0.23
0.23
0.23
0.23
0.23
0.23
0.23
0.23
0.23
0.23
0.23
0.23
0.23
0.23
0.23
0.23
0.23
0.23
0.23
0.23
0.23
0.23
0.23
3.14245e-24
2.69393e-23
1.09785e-22
4.26755e-22
1.49618e-21
7.08897e-21
3.39888e-20
1.51246e-19
7.60734e-19
4.0268e-18
2.11002e-17
1.09001e-16
5.54627e-16
2.77498e-15
1.36248e-14
6.55056e-14
1.98469e-13
7.02046e-13
2.84655e-12
1.17542e-11
4.75007e-11
1.85123e-10
6.91036e-10
2.46084e-09
8.32556e-09
2.66346e-08
8.01154e-08
2.2489e-07
5.82741e-07
1.37288e-06
2.86116e-06
5.16398e-06
8.26235e-06
1.20143e-05
1.6208e-05
2.06205e-05
2.50552e-05
2.94044e-05
3.37193e-05
3.85474e-05
4.55627e-05
5.85282e-05
8.49161e-05
0.000138974
0.000263998
0.000561489
0.0012787
0.00287801
0.00648803
0.015117
0.0343754
0.0660781
0.0986957
0.12823
0.153453
0.174255
0.192841
0.207179
0.217477
0.223989
0.227428
0.229002
0.229642
0.229879
0.229962
0.229988
0.229997
0.229999
0.23
0.23
0.23
0.23
0.23
0.23
0.23
0.23
0.23
0.23
0.23
0.23
0.23
0.23
0.23
0.23
0.23
0.23
0.23
0.23
0.23
0.23
0.23
0.23
0.23
0.23
0.23
0.23
0.23
0.23
0.23
0.23
4.58608e-24
2.68763e-23
1.25768e-22
4.94606e-22
2.07409e-21
8.06647e-21
3.73583e-20
1.64998e-19
8.73733e-19
4.49747e-18
2.33753e-17
1.20248e-16
6.09568e-16
3.03952e-15
1.48823e-14
7.14047e-14
2.1709e-13
7.7576e-13
3.12705e-12
1.28785e-11
5.18054e-11
2.00719e-10
7.44465e-10
2.63322e-09
8.84602e-09
2.80942e-08
8.38804e-08
2.33699e-07
6.01062e-07
1.40564e-06
2.90501e-06
5.21346e-06
8.30363e-06
1.20229e-05
1.61715e-05
2.05431e-05
2.49562e-05
2.92958e-05
3.36268e-05
3.85002e-05
4.55772e-05
5.86246e-05
8.52036e-05
0.000139791
0.000266386
0.000568227
0.00129701
0.00291938
0.00658499
0.0153496
0.0348779
0.0665993
0.0991019
0.128468
0.153509
0.174117
0.192544
0.206785
0.217077
0.223738
0.227308
0.228947
0.229619
0.22987
0.229958
0.229987
0.229996
0.229999
0.23
0.23
0.23
0.23
0.23
0.23
0.23
0.23
0.23
0.23
0.23
0.23
0.23
0.23
0.23
0.23
0.23
0.23
0.23
0.23
0.23
0.23
0.23
0.23
0.23
0.23
0.23
0.23
0.23
0.23
0.23
0.23
4.68817e-24
2.83802e-23
1.31117e-22
5.85769e-22
2.33912e-21
1.15633e-20
5.05068e-20
1.92467e-19
9.5948e-19
5.01989e-18
2.59987e-17
1.32795e-16
6.67842e-16
3.30312e-15
1.60481e-14
7.64783e-14
2.34769e-13
8.60024e-13
3.54586e-12
1.46159e-11
5.84385e-11
2.24531e-10
8.25242e-10
2.89091e-09
9.61385e-09
3.02115e-08
8.92158e-08
2.45759e-07
6.24912e-07
1.44542e-06
2.9523e-06
5.25516e-06
8.32732e-06
1.20213e-05
1.61358e-05
2.04739e-05
2.48693e-05
2.91937e-05
3.35109e-05
3.83695e-05
4.54552e-05
5.85154e-05
8.51188e-05
0.000139798
0.000266659
0.000569399
0.00130087
0.00292791
0.00660405
0.0153944
0.0349673
0.0666722
0.0991175
0.1284
0.153345
0.173839
0.192214
0.206446
0.216756
0.223481
0.227156
0.228871
0.229585
0.229857
0.229953
0.229985
0.229996
0.229999
0.23
0.23
0.23
0.23
0.23
0.23
0.23
0.23
0.23
0.23
0.23
0.23
0.23
0.23
0.23
0.23
0.23
0.23
0.23
0.23
0.23
0.23
0.23
0.23
0.23
0.23
0.23
0.23
0.23
0.23
0.23
0.23
3.98392e-24
2.69141e-23
1.6782e-22
6.18161e-22
2.63926e-21
1.06597e-20
5.67434e-20
2.20671e-19
1.08035e-18
5.62863e-18
2.88791e-17
1.45854e-16
7.23162e-16
3.51579e-15
1.67613e-14
7.85e-14
2.37944e-13
9.21128e-13
3.79719e-12
1.5584e-11
6.20341e-11
2.373e-10
8.68474e-10
3.02989e-09
1.00362e-08
3.14191e-08
9.24422e-08
2.53712e-07
6.4259e-07
1.4795e-06
3.00268e-06
5.3139e-06
8.37728e-06
1.20447e-05
1.61217e-05
2.04074e-05
2.47367e-05
2.9007e-05
3.32839e-05
3.81115e-05
4.51542e-05
5.81082e-05
8.44722e-05
0.000138672
0.000264343
0.000564367
0.00128938
0.00290446
0.00654815
0.0152625
0.0346553
0.0662703
0.0986544
0.127891
0.152819
0.173319
0.191683
0.205948
0.216361
0.223213
0.227016
0.228807
0.229558
0.229847
0.22995
0.229984
0.229995
0.229999
0.23
0.23
0.23
0.23
0.23
0.23
0.23
0.23
0.23
0.23
0.23
0.23
0.23
0.23
0.23
0.23
0.23
0.23
0.23
0.23
0.23
0.23
0.23
0.23
0.23
0.23
0.23
0.23
0.23
0.23
0.23
0.23
3.02571e-24
3.3031e-23
1.4259e-22
6.57495e-22
2.59845e-21
1.07766e-20
5.77629e-20
2.43391e-19
1.23488e-18
6.4353e-18
3.328e-17
1.68381e-16
8.31203e-16
3.98268e-15
1.83898e-14
8.09762e-14
2.50828e-13
9.8355e-13
4.11074e-12
1.68973e-11
6.70831e-11
2.5549e-10
9.30159e-10
3.22573e-09
1.06139e-08
3.29873e-08
9.63103e-08
2.6223e-07
6.58925e-07
1.50604e-06
3.03453e-06
5.34471e-06
8.39982e-06
1.20496e-05
1.60958e-05
2.03457e-05
2.46345e-05
2.88607e-05
3.30927e-05
3.78736e-05
4.48117e-05
5.75847e-05
8.35726e-05
0.000136994
0.000260704
0.000556105
0.00126996
0.0028645
0.00645198
0.0150363
0.034136
0.0656438
0.0979961
0.127238
0.1522
0.172732
0.19112
0.205433
0.215973
0.222947
0.22687
0.228736
0.229528
0.229834
0.229945
0.229983
0.229995
0.229998
0.23
0.23
0.23
0.23
0.23
0.23
0.23
0.23
0.23
0.23
0.23
0.23
0.23
0.23
0.23
0.23
0.23
0.23
0.23
0.23
0.23
0.23
0.23
0.23
0.23
0.23
0.23
0.23
0.23
0.23
0.23
0.23
4.20244e-24
3.16937e-23
1.47221e-22
5.15679e-22
2.27944e-21
9.77374e-21
5.17556e-20
2.52482e-19
1.28943e-18
6.79607e-18
3.55436e-17
1.83452e-16
9.32768e-16
4.65911e-15
2.28245e-14
7.25613e-14
2.49434e-13
1.03104e-12
4.31867e-12
1.77119e-11
7.00709e-11
2.65941e-10
9.65117e-10
3.33724e-09
1.09521e-08
3.39576e-08
9.89179e-08
2.6868e-07
6.73177e-07
1.53302e-06
3.073e-06
5.38756e-06
8.43489e-06
1.20637e-05
1.6081e-05
2.02917e-05
2.45336e-05
2.87069e-05
3.28794e-05
3.75853e-05
4.44295e-05
5.70029e-05
8.2553e-05
0.000135044
0.000256368
0.000546042
0.00124587
0.00281378
0.00633761
0.01477
0.0335299
0.0649255
0.0972592
0.126527
0.151549
0.172144
0.190562
0.205033
0.21562
0.222695
0.226734
0.228673
0.229501
0.229824
0.229941
0.229981
0.229994
0.229998
0.23
0.23
0.23
0.23
0.23
0.23
0.23
0.23
0.23
0.23
0.23
0.23
0.23
0.23
0.23
0.23
0.23
0.23
0.23
0.23
0.23
0.23
0.23
0.23
0.23
0.23
0.23
0.23
0.23
0.23
0.23
0.23
5.08074e-24
3.78309e-23
1.43242e-22
6.35119e-22
2.5266e-21
1.0352e-20
5.3548e-20
2.60156e-19
1.29319e-18
6.78946e-18
3.53378e-17
1.8116e-16
9.12459e-16
4.51948e-15
2.20098e-14
6.96052e-14
2.63931e-13
1.08034e-12
4.54357e-12
1.86278e-11
7.35581e-11
2.78509e-10
1.00784e-09
3.47337e-09
1.13553e-08
3.50574e-08
1.01649e-07
2.74762e-07
6.85062e-07
1.55287e-06
3.09813e-06
5.4132e-06
8.45382e-06
1.20673e-05
1.60583e-05
2.02352e-05
2.44367e-05
2.8565e-05
3.26898e-05
3.7344e-05
4.4069e-05
5.64321e-05
8.15394e-05
0.000133094
0.000252015
0.000535907
0.00122153
0.00276233
0.00621905
0.0144929
0.0328996
0.064183
0.0965035
0.125801
0.150876
0.171507
0.189899
0.204443
0.215196
0.22242
0.22659
0.228606
0.229473
0.229813
0.229937
0.22998
0.229994
0.229998
0.23
0.23
0.23
0.23
0.23
0.23
0.23
0.23
0.23
0.23
0.23
0.23
0.23
0.23
0.23
0.23
0.23
0.23
0.23
0.23
0.23
0.23
0.23
0.23
0.23
0.23
0.23
0.23
0.23
0.23
0.23
0.23
3.66943e-24
3.24552e-23
1.18612e-22
5.63578e-22
2.8041e-21
1.23981e-20
6.33689e-20
2.56305e-19
1.30611e-18
6.87306e-18
3.56434e-17
1.81038e-16
8.97603e-16
4.32667e-15
2.01519e-14
6.45752e-14
2.6424e-13
1.11612e-12
4.71469e-12
1.93002e-11
7.60403e-11
2.87249e-10
1.03707e-09
3.56582e-09
1.1631e-08
3.58286e-08
1.03654e-07
2.79523e-07
6.95108e-07
1.5709e-06
3.12234e-06
5.43831e-06
8.47168e-06
1.2069e-05
1.60356e-05
2.01795e-05
2.43398e-05
2.84182e-05
3.24817e-05
3.70652e-05
4.37055e-05
5.58778e-05
8.05622e-05
0.000131216
0.000247816
0.000526115
0.00119796
0.00271225
0.0061038
0.0142239
0.0322892
0.0634712
0.0957901
0.125131
0.150275
0.170976
0.18934
0.203989
0.214863
0.2222
0.226471
0.22855
0.229449
0.229804
0.229934
0.229979
0.229994
0.229998
0.229999
0.23
0.23
0.23
0.23
0.23
0.23
0.23
0.23
0.23
0.23
0.23
0.23
0.23
0.23
0.23
0.23
0.23
0.23
0.23
0.23
0.23
0.23
0.23
0.23
0.23
0.23
0.23
0.23
0.23
0.23
0.23
3.4943e-24
2.50699e-23
1.33816e-22
5.86934e-22
2.75764e-21
1.09367e-20
6.12284e-20
2.51157e-19
1.32611e-18
7.10109e-18
3.74195e-17
1.93278e-16
9.78351e-16
4.86666e-15
1.56124e-14
6.37962e-14
2.65905e-13
1.14994e-12
4.86771e-12
1.99121e-11
7.83243e-11
2.9538e-10
1.06454e-09
3.65333e-09
1.18921e-08
3.65515e-08
1.05491e-07
2.83747e-07
7.03675e-07
1.58569e-06
3.14161e-06
5.45796e-06
8.48525e-06
1.20693e-05
1.6015e-05
2.01314e-05
2.42583e-05
2.82981e-05
3.2317e-05
3.68365e-05
4.33795e-05
5.53641e-05
7.96472e-05
0.000129451
0.000243856
0.000516852
0.00117557
0.00266431
0.00599335
0.0139658
0.0317035
0.0627897
0.0951093
0.124494
0.149706
0.170482
0.188829
0.203571
0.214549
0.221986
0.226355
0.228495
0.229425
0.229794
0.22993
0.229978
0.229993
0.229998
0.229999
0.23
0.23
0.23
0.23
0.23
0.23
0.23
0.23
0.23
0.23
0.23
0.23
0.23
0.23
0.23
0.23
0.23
0.23
0.23
0.23
0.23
0.23
0.23
0.23
0.23
0.23
0.23
0.23
0.23
0.23
0.23
2.92886e-24
2.53658e-23
1.10134e-22
6.09711e-22
2.76888e-21
1.19625e-20
5.6077e-20
2.28119e-19
1.14282e-18
6.16817e-18
3.24563e-17
1.62763e-16
7.8378e-16
3.8738e-15
1.43588e-14
6.31845e-14
2.71908e-13
1.18115e-12
4.99953e-12
2.0428e-11
8.02566e-11
3.02264e-10
1.08774e-09
3.72693e-09
1.21103e-08
3.71519e-08
1.07008e-07
2.87209e-07
7.10631e-07
1.5975e-06
3.15649e-06
5.47203e-06
8.49274e-06
1.20635e-05
1.59896e-05
2.0081e-05
2.41784e-05
2.8185e-05
3.21704e-05
3.66276e-05
4.30802e-05
5.48913e-05
7.88042e-05
0.000127825
0.000240201
0.000508285
0.00115479
0.00261951
0.00589001
0.0137242
0.0311548
0.0621525
0.0944742
0.123901
0.149178
0.170028
0.188365
0.203214
0.214265
0.22179
0.226248
0.228444
0.229404
0.229786
0.229927
0.229977
0.229993
0.229998
0.229999
0.23
0.23
0.23
0.23
0.23
0.23
0.23
0.23
0.23
0.23
0.23
0.23
0.23
0.23
0.23
0.23
0.23
0.23
0.23
0.23
0.23
0.23
0.23
0.23
0.23
0.23
0.23
0.23
0.23
0.23
0.23
3.00576e-24
1.88127e-23
1.11658e-22
5.18203e-22
2.08585e-21
1.02931e-20
3.70619e-20
1.75457e-19
8.83794e-19
4.58344e-18
2.35761e-17
1.18993e-16
5.8745e-16
2.84374e-15
1.34631e-14
6.19887e-14
2.75749e-13
1.20618e-12
5.10413e-12
2.08293e-11
8.17359e-11
3.07468e-10
1.10511e-09
3.78167e-09
1.22725e-08
3.76006e-08
1.08157e-07
2.89888e-07
7.16162e-07
1.60717e-06
3.169e-06
5.48398e-06
8.4988e-06
1.20578e-05
1.59659e-05
2.00333e-05
2.41011e-05
2.80728e-05
3.20131e-05
3.64284e-05
4.28059e-05
5.4463e-05
7.80423e-05
0.000126356
0.000236894
0.000500517
0.00113588
0.00257847
0.00579518
0.0135022
0.0306506
0.0615674
0.0938916
0.123358
0.148695
0.169605
0.18793
0.202858
0.214
0.221613
0.226152
0.228399
0.229385
0.229778
0.229925
0.229976
0.229992
0.229998
0.229999
0.23
0.23
0.23
0.23
0.23
0.23
0.23
0.23
0.23
0.23
0.23
0.23
0.23
0.23
0.23
0.23
0.23
0.23
0.23
0.23
0.23
0.23
0.23
0.23
0.23
0.23
0.23
0.23
0.23
0.23
0.23
2.47492e-24
1.86206e-23
1.2179e-22
6.61314e-22
2.74327e-21
1.05506e-20
3.7409e-20
1.66643e-19
8.47656e-19
4.41615e-18
2.27883e-17
1.15769e-16
5.76853e-16
2.81355e-15
1.34051e-14
6.22426e-14
2.8093e-13
1.2289e-12
5.1975e-12
2.1197e-11
8.31201e-11
3.12424e-10
1.1219e-09
3.83517e-09
1.24316e-08
3.80381e-08
1.09255e-07
2.92358e-07
7.21007e-07
1.61512e-06
3.17847e-06
5.49208e-06
8.50136e-06
1.20498e-05
1.59425e-05
1.99897e-05
2.40322e-05
2.7973e-05
3.18824e-05
3.62558e-05
4.2564e-05
5.40827e-05
7.7365e-05
0.000125051
0.000233953
0.000493601
0.001119
0.00254161
0.00570993
0.0133026
0.0301969
0.0610417
0.0933691
0.122872
0.148263
0.169233
0.187554
0.202564
0.21377
0.221454
0.226065
0.228357
0.229367
0.229772
0.229922
0.229975
0.229992
0.229998
0.229999
0.23
0.23
0.23
0.23
0.23
0.23
0.23
0.23
0.23
0.23
0.23
0.23
0.23
0.23
0.23
0.23
0.23
0.23
0.23
0.23
0.23
0.23
0.23
0.23
0.23
0.23
0.23
0.23
0.23
0.23
0.23
2.55462e-24
1.82665e-23
1.08153e-22
6.03535e-22
2.37525e-21
8.88878e-21
3.35139e-20
1.68194e-19
8.70675e-19
4.46983e-18
2.31001e-17
1.17499e-16
5.85976e-16
2.85916e-15
1.36199e-14
6.31987e-14
2.84984e-13
1.24578e-12
5.26549e-12
2.14597e-11
8.4088e-11
3.15812e-10
1.13312e-09
3.87015e-09
1.25339e-08
3.83172e-08
1.0996e-07
2.93977e-07
7.24302e-07
1.62077e-06
3.18547e-06
5.49802e-06
8.50262e-06
1.20427e-05
1.59228e-05
1.99538e-05
2.3977e-05
2.78961e-05
3.17734e-05
3.61073e-05
4.23533e-05
5.375e-05
7.67718e-05
0.000123908
0.000231374
0.000487524
0.00110411
0.00250885
0.00563464
0.0131264
0.0297963
0.0605779
0.0929083
0.122442
0.14788
0.168899
0.187209
0.202269
0.213557
0.221314
0.22599
0.228322
0.229352
0.229766
0.22992
0.229974
0.229992
0.229998
0.229999
0.23
0.23
0.23
0.23
0.23
0.23
0.23
0.23
0.23
0.23
0.23
0.23
0.23
0.23
0.23
0.23
0.23
0.23
0.23
0.23
0.23
0.23
0.23
0.23
0.23
0.23
0.23
0.23
0.23
0.23
0.23
2.34372e-24
1.80603e-23
1.1404e-22
5.17596e-22
2.13416e-21
8.85156e-21
3.85991e-20
1.68744e-19
8.68013e-19
4.5265e-18
2.34076e-17
1.19044e-16
5.93602e-16
2.89598e-15
1.37931e-14
6.39899e-14
2.88483e-13
1.26071e-12
5.32675e-12
2.17007e-11
8.4994e-11
3.19052e-10
1.14409e-09
3.9051e-09
1.26379e-08
3.86038e-08
1.1068e-07
2.95601e-07
7.27478e-07
1.62592e-06
3.19139e-06
5.50251e-06
8.50262e-06
1.20345e-05
1.59033e-05
1.99198e-05
2.39258e-05
2.78259e-05
3.16774e-05
3.59786e-05
4.21718e-05
5.34639e-05
7.62617e-05
0.000122925
0.000229154
0.000482279
0.00109121
0.00248025
0.00556957
0.0129744
0.0294507
0.0601783
0.0925123
0.122075
0.147554
0.168619
0.186926
0.20204
0.213384
0.221196
0.225925
0.228291
0.229338
0.22976
0.229918
0.229973
0.229992
0.229998
0.229999
0.23
0.23
0.23
0.23
0.23
0.23
0.23
0.23
0.23
0.23
0.23
0.23
0.23
0.23
0.23
0.23
0.23
0.23
0.23
0.23
0.23
0.23
0.23
0.23
0.23
0.23
0.23
0.23
0.23
0.23
0.23
2.54279e-24
1.37873e-23
7.85512e-23
4.30011e-22
2.43308e-21
9.53925e-21
3.53743e-20
1.73268e-19
8.78332e-19
4.56875e-18
2.36361e-17
1.20213e-16
5.99367e-16
2.92367e-15
1.39224e-14
6.45749e-14
2.91042e-13
1.27149e-12
5.37039e-12
2.18698e-11
8.56181e-11
3.2124e-10
1.15134e-09
3.92773e-09
1.2704e-08
3.87831e-08
1.11128e-07
2.96612e-07
7.29487e-07
1.62925e-06
3.19523e-06
5.50514e-06
8.50148e-06
1.20266e-05
1.58857e-05
1.98894e-05
2.38797e-05
2.77605e-05
3.15941e-05
3.58699e-05
4.202e-05
5.32251e-05
7.58364e-05
0.000122106
0.0002273
0.000477895
0.00108039
0.00245614
0.00551472
0.0128462
0.0291592
0.0598418
0.0921794
0.121767
0.14728
0.168385
0.186691
0.201849
0.213239
0.221098
0.225872
0.228265
0.229328
0.229756
0.229916
0.229973
0.229992
0.229997
0.229999
0.23
0.23
0.23
0.23
0.23
0.23
0.23
0.23
0.23
0.23
0.23
0.23
0.23
0.23
0.23
0.23
0.23
0.23
0.23
0.23
0.23
0.23
0.23
0.23
0.23
0.23
0.23
0.23
0.23
0.23
0.23
2.11295e-24
2.0322e-23
1.30037e-22
7.12786e-22
3.05132e-21
1.15902e-20
4.27483e-20
1.69074e-19
8.78471e-19
4.60881e-18
2.3821e-17
1.21128e-16
6.03909e-16
2.9456e-15
1.40253e-14
6.50431e-14
2.93103e-13
1.28024e-12
5.40613e-12
2.20096e-11
8.61407e-11
3.23097e-10
1.15758e-09
3.94747e-09
1.27623e-08
3.89426e-08
1.11527e-07
2.97506e-07
7.31222e-07
1.63202e-06
3.19827e-06
5.50703e-06
8.50024e-06
1.20201e-05
1.58715e-05
1.98656e-05
2.38441e-05
2.77113e-05
3.15289e-05
3.57835e-05
4.18986e-05
5.30339e-05
7.54956e-05
0.000121449
0.000225812
0.00047437
0.00107166
0.0024366
0.00547021
0.0127421
0.0289227
0.0595698
0.0919112
0.121519
0.14706
0.168197
0.186502
0.201696
0.213123
0.221019
0.225828
0.228244
0.229319
0.229753
0.229915
0.229972
0.229991
0.229997
0.229999
0.23
0.23
0.23
0.23
0.23
0.23
0.23
0.23
0.23
0.23
0.23
0.23
0.23
0.23
0.23
0.23
0.23
0.23
0.23
0.23
0.23
0.23
0.23
0.23
0.23
0.23
0.23
0.23
0.23
0.23
0.23
2.74161e-24
2.15915e-23
1.29501e-22
7.39653e-22
3.0141e-21
1.11806e-20
3.80422e-20
1.77409e-19
8.84944e-19
4.63233e-18
2.39473e-17
1.21779e-16
6.07122e-16
2.96105e-15
1.40975e-14
6.53708e-14
2.94539e-13
1.28631e-12
5.43076e-12
2.21053e-11
8.64954e-11
3.24345e-10
1.16173e-09
3.96046e-09
1.28003e-08
3.90455e-08
1.11782e-07
2.98075e-07
7.3233e-07
1.63379e-06
3.20018e-06
5.50807e-06
8.49897e-06
1.20149e-05
1.58609e-05
1.98479e-05
2.38182e-05
2.76749e-05
3.14803e-05
3.57189e-05
4.18076e-05
5.28903e-05
7.52393e-05
0.000120955
0.000224693
0.000471717
0.00106508
0.00242183
0.00543659
0.0126635
0.0287444
0.0593649
0.0917095
0.121332
0.146895
0.168056
0.186361
0.201581
0.213036
0.22096
0.225793
0.228228
0.229312
0.22975
0.229914
0.229972
0.229991
0.229997
0.229999
0.23
0.23
0.23
0.23
0.23
0.23
0.23
0.23
0.23
0.23
0.23
0.23
0.23
0.23
0.23
0.23
0.23
0.23
0.23
0.23
0.23
0.23
0.23
0.23
0.23
0.23
0.23
0.23
0.23
0.23
0.23
2.71243e-24
2.46125e-23
1.38185e-22
7.47748e-22
2.68328e-21
9.62177e-21
4.08613e-20
1.78931e-19
8.86131e-19
4.64709e-18
2.40319e-17
1.2219e-16
6.09144e-16
2.97078e-15
1.41431e-14
6.55776e-14
2.95447e-13
1.29015e-12
5.4464e-12
2.21663e-11
8.6722e-11
3.25146e-10
1.16441e-09
3.96886e-09
1.2825e-08
3.91125e-08
1.11949e-07
2.98446e-07
7.33045e-07
1.63492e-06
3.20135e-06
5.50862e-06
8.49797e-06
1.20113e-05
1.58536e-05
1.98359e-05
2.38004e-05
2.76504e-05
3.14479e-05
3.56759e-05
4.17471e-05
5.27947e-05
7.50688e-05
0.000120627
0.000223949
0.000469953
0.0010607
0.00241199
0.00541422
0.0126112
0.0286256
0.0592285
0.0915752
0.121208
0.146785
0.167962
0.186268
0.201504
0.212977
0.22092
0.225771
0.228218
0.229308
0.229748
0.229914
0.229972
0.229991
0.229997
0.229999
0.23
0.23
0.23
0.23
0.23
0.23
0.23
0.23
0.23
0.23
0.23
0.23
0.23
0.23
0.23
0.23
0.23
0.23
0.23
0.23
0.23
0.23
0.23
0.23
0.23
0.23
0.23
0.23
0.23
0.23
0.23
3.28965e-24
2.40793e-23
1.19994e-22
5.33924e-22
1.96673e-21
8.39294e-21
4.26162e-20
1.69851e-19
8.86618e-19
4.65194e-18
2.40701e-17
1.22377e-16
6.10039e-16
2.97507e-15
1.41631e-14
6.56687e-14
2.95847e-13
1.29184e-12
5.45327e-12
2.2193e-11
8.68213e-11
3.25496e-10
1.16558e-09
3.97252e-09
1.28357e-08
3.91416e-08
1.12021e-07
2.98607e-07
7.33355e-07
1.63541e-06
3.20187e-06
5.50885e-06
8.49747e-06
1.20095e-05
1.585e-05
1.983e-05
2.37916e-05
2.76387e-05
3.14325e-05
3.56555e-05
4.17182e-05
5.27488e-05
7.49868e-05
0.000120469
0.00022359
0.000469102
0.00105859
0.00240723
0.00540341
0.012586
0.0285683
0.0591628
0.0915107
0.121149
0.146733
0.167918
0.186224
0.201469
0.212951
0.220902
0.225761
0.228213
0.229306
0.229748
0.229913
0.229972
0.229991
0.229997
0.229999
0.23
0.23
0.23
0.23
0.23
0.23
0.23
0.23
0.23
0.23
0.23
0.23
0.23
0.23
0.23
0.23
0.23
0.23
0.23
0.23
0.23
0.23
0.23
0.23
0.23
0.23
0.23
0.23
0.23
0.23
0.23
2.03686e-24
1.79363e-23
1.11075e-22
6.64778e-22
2.43383e-21
1.00318e-20
3.9483e-20
1.7e-19
8.88919e-19
4.66517e-18
2.40671e-17
1.2237e-16
6.10028e-16
2.97503e-15
1.4163e-14
6.56681e-14
2.95845e-13
1.29184e-12
5.45325e-12
2.2193e-11
8.68211e-11
3.25495e-10
1.16558e-09
3.97252e-09
1.28357e-08
3.91416e-08
1.12021e-07
2.98607e-07
7.33355e-07
1.63541e-06
3.20186e-06
5.50884e-06
8.49744e-06
1.20095e-05
1.585e-05
1.98299e-05
2.37915e-05
2.76385e-05
3.14324e-05
3.56553e-05
4.17181e-05
5.27488e-05
7.49869e-05
0.000120469
0.000223592
0.000469106
0.0010586
0.00240725
0.00540346
0.0125861
0.0285686
0.0591632
0.091511
0.121149
0.146733
0.167918
0.186224
0.201469
0.212951
0.220902
0.225761
0.228213
0.229306
0.229748
0.229913
0.229972
0.229991
0.229997
0.229999
0.23
0.23
0.23
0.23
0.23
0.23
0.23
0.23
0.23
0.23
0.23
0.23
0.23
0.23
0.23
0.23
0.23
0.23
0.23
0.23
0.23
0.23
0.23
0.23
0.23
0.23
0.23
0.23
0.23
0.23
0.23
2.08443e-24
1.86568e-23
1.03131e-22
5.65599e-22
2.21724e-21
8.68171e-21
4.05475e-20
1.71752e-19
8.92329e-19
4.64975e-18
2.40315e-17
1.22185e-16
6.09114e-16
2.97065e-15
1.41425e-14
6.55753e-14
2.95438e-13
1.29012e-12
5.44628e-12
2.21659e-11
8.67206e-11
3.25141e-10
1.16439e-09
3.96882e-09
1.28248e-08
3.91122e-08
1.11948e-07
2.98444e-07
7.33039e-07
1.6349e-06
3.20133e-06
5.50857e-06
8.49788e-06
1.20111e-05
1.58533e-05
1.98355e-05
2.37998e-05
2.76499e-05
3.14475e-05
3.56755e-05
4.17467e-05
5.27943e-05
7.50685e-05
0.000120627
0.00022395
0.000469958
0.00106072
0.00241204
0.00541435
0.0126116
0.0286266
0.0592296
0.0915762
0.121209
0.146786
0.167963
0.186269
0.201505
0.212978
0.220921
0.225771
0.228218
0.229308
0.229748
0.229914
0.229972
0.229991
0.229997
0.229999
0.23
0.23
0.23
0.23
0.23
0.23
0.23
0.23
0.23
0.23
0.23
0.23
0.23
0.23
0.23
0.23
0.23
0.23
0.23
0.23
0.23
0.23
0.23
0.23
0.23
0.23
0.23
0.23
0.23
0.23
0.23
2.15007e-24
1.89599e-23
1.04904e-22
5.51921e-22
2.889e-21
9.95495e-21
4.43489e-20
1.76316e-19
8.78884e-19
4.62578e-18
2.39489e-17
1.21775e-16
6.07072e-16
2.96081e-15
1.40965e-14
6.53665e-14
2.94522e-13
1.28624e-12
5.43052e-12
2.21045e-11
8.64925e-11
3.24335e-10
1.1617e-09
3.96037e-09
1.28e-08
3.90448e-08
1.1178e-07
2.98071e-07
7.3232e-07
1.63377e-06
3.20014e-06
5.508e-06
8.49887e-06
1.20148e-05
1.58607e-05
1.98478e-05
2.38181e-05
2.76745e-05
3.14798e-05
3.57183e-05
4.1807e-05
5.28897e-05
7.5239e-05
0.000120956
0.000224696
0.000471726
0.00106511
0.00242191
0.00543682
0.0126641
0.028746
0.0593668
0.0917112
0.121334
0.146896
0.168057
0.186362
0.201581
0.213036
0.22096
0.225794
0.228228
0.229312
0.22975
0.229914
0.229972
0.229991
0.229997
0.229999
0.23
0.23
0.23
0.23
0.23
0.23
0.23
0.23
0.23
0.23
0.23
0.23
0.23
0.23
0.23
0.23
0.23
0.23
0.23
0.23
0.23
0.23
0.23
0.23
0.23
0.23
0.23
0.23
0.23
0.23
0.23
2.91033e-24
2.49424e-23
1.22935e-22
5.94836e-22
2.3134e-21
9.24318e-21
3.49689e-20
1.73626e-19
8.82645e-19
4.60919e-18
2.3823e-17
1.21119e-16
6.03839e-16
2.94527e-15
1.40238e-14
6.50373e-14
2.9308e-13
1.28015e-12
5.40581e-12
2.20085e-11
8.6137e-11
3.23085e-10
1.15754e-09
3.94736e-09
1.2762e-08
3.89418e-08
1.11525e-07
2.975e-07
7.3121e-07
1.63199e-06
3.19822e-06
5.50693e-06
8.50008e-06
1.20198e-05
1.58712e-05
1.98651e-05
2.38435e-05
2.77106e-05
3.15281e-05
3.57826e-05
4.18977e-05
5.30331e-05
7.54951e-05
0.00012145
0.000225816
0.000474383
0.00107171
0.00243672
0.00547053
0.0127429
0.028925
0.0595722
0.0919135
0.121521
0.147062
0.168198
0.186503
0.201697
0.213124
0.22102
0.225828
0.228244
0.229319
0.229753
0.229915
0.229972
0.229991
0.229997
0.229999
0.23
0.23
0.23
0.23
0.23
0.23
0.23
0.23
0.23
0.23
0.23
0.23
0.23
0.23
0.23
0.23
0.23
0.23
0.23
0.23
0.23
0.23
0.23
0.23
0.23
0.23
0.23
0.23
0.23
0.23
0.23
2.47342e-24
2.07748e-23
1.22489e-22
6.87337e-22
2.51152e-21
9.55739e-21
4.25472e-20
1.70693e-19
8.76608e-19
4.57069e-18
2.36364e-17
1.20192e-16
5.99269e-16
2.92325e-15
1.39206e-14
6.45676e-14
2.91013e-13
1.27138e-12
5.36999e-12
2.18683e-11
8.56134e-11
3.21225e-10
1.15129e-09
3.92759e-09
1.27036e-08
3.8782e-08
1.11125e-07
2.96605e-07
7.29469e-07
1.62921e-06
3.19515e-06
5.50499e-06
8.50121e-06
1.20262e-05
1.5885e-05
1.98884e-05
2.38784e-05
2.7759e-05
3.15926e-05
3.58684e-05
4.20186e-05
5.3224e-05
7.58358e-05
0.000122106
0.000227305
0.000477912
0.00108045
0.00245629
0.00551512
0.0128473
0.029162
0.0598449
0.0921824
0.121769
0.147282
0.168387
0.186692
0.20185
0.21324
0.221099
0.225872
0.228265
0.229328
0.229756
0.229916
0.229973
0.229992
0.229997
0.229999
0.23
0.23
0.23
0.23
0.23
0.23
0.23
0.23
0.23
0.23
0.23
0.23
0.23
0.23
0.23
0.23
0.23
0.23
0.23
0.23
0.23
0.23
0.23
0.23
0.23
0.23
0.23
0.23
0.23
0.23
0.23
2.36229e-24
1.78068e-23
1.0429e-22
6.07232e-22
2.47121e-21
8.80473e-21
4.11211e-20
1.70509e-19
8.63898e-19
4.52684e-18
2.34071e-17
1.19019e-16
5.9348e-16
2.89546e-15
1.37909e-14
6.39811e-14
2.88448e-13
1.26057e-12
5.32628e-12
2.16991e-11
8.49886e-11
3.19035e-10
1.14404e-09
3.90498e-09
1.26377e-08
3.86033e-08
1.1068e-07
2.95599e-07
7.27474e-07
1.6259e-06
3.19132e-06
5.5023e-06
8.50214e-06
1.20336e-05
1.59018e-05
1.99174e-05
2.39221e-05
2.78199e-05
3.16737e-05
3.5976e-05
4.21698e-05
5.34624e-05
7.6261e-05
0.000122926
0.00022916
0.000482301
0.00109128
0.00248043
0.00557007
0.0129757
0.0294541
0.0601821
0.0925158
0.122078
0.147556
0.168621
0.186928
0.202041
0.213385
0.221197
0.225926
0.228291
0.229339
0.22976
0.229918
0.229973
0.229992
0.229998
0.229999
0.23
0.23
0.23
0.23
0.23
0.23
0.23
0.23
0.23
0.23
0.23
0.23
0.23
0.23
0.23
0.23
0.23
0.23
0.23
0.23
0.23
0.23
0.23
0.23
0.23
0.23
0.23
0.23
0.23
0.23
0.23
2.94681e-24
2.10032e-23
1.17671e-22
5.11412e-22
2.20002e-21
8.70334e-21
4.07436e-20
1.73594e-19
8.55645e-19
4.46473e-18
2.30955e-17
1.17472e-16
5.8584e-16
2.85856e-15
1.36174e-14
6.31883e-14
2.84943e-13
1.24562e-12
5.26492e-12
2.14577e-11
8.40813e-11
3.1579e-10
1.13305e-09
3.86996e-09
1.25334e-08
3.83159e-08
1.09956e-07
2.93968e-07
7.24279e-07
1.62072e-06
3.18536e-06
5.4978e-06
8.50226e-06
1.20421e-05
1.59222e-05
1.99533e-05
2.39772e-05
2.78979e-05
3.17731e-05
3.6106e-05
4.23517e-05
5.37485e-05
7.6771e-05
0.000123909
0.000231382
0.000487551
0.0011042
0.00250907
0.00563523
0.013128
0.0298004
0.0605824
0.0929125
0.122446
0.147883
0.168902
0.187211
0.202271
0.213558
0.221315
0.225991
0.228322
0.229352
0.229766
0.22992
0.229974
0.229992
0.229998
0.229999
0.23
0.23
0.23
0.23
0.23
0.23
0.23
0.23
0.23
0.23
0.23
0.23
0.23
0.23
0.23
0.23
0.23
0.23
0.23
0.23
0.23
0.23
0.23
0.23
0.23
0.23
0.23
0.23
0.23
0.23
0.23
3.13483e-24
2.08283e-23
9.81061e-23
5.36582e-22
1.99916e-21
7.34777e-21
3.63838e-20
1.64371e-19
8.54097e-19
4.41089e-18
2.2777e-17
1.15744e-16
5.7676e-16
2.81284e-15
1.34012e-14
6.22275e-14
2.80881e-13
1.22873e-12
5.19684e-12
2.11947e-11
8.31119e-11
3.12397e-10
1.12182e-09
3.83491e-09
1.24308e-08
3.8036e-08
1.09249e-07
2.92343e-07
7.20972e-07
1.61504e-06
3.17834e-06
5.49185e-06
8.50102e-06
1.20494e-05
1.5942e-05
1.99892e-05
2.40316e-05
2.79722e-05
3.18814e-05
3.62543e-05
4.25622e-05
5.40811e-05
7.73641e-05
0.000125052
0.000233962
0.000493632
0.0011191
0.00254186
0.00571062
0.0133045
0.0302017
0.061047
0.0933741
0.122876
0.148267
0.169236
0.187557
0.202566
0.213771
0.221455
0.226066
0.228358
0.229367
0.229772
0.229922
0.229975
0.229992
0.229998
0.229999
0.23
0.23
0.23
0.23
0.23
0.23
0.23
0.23
0.23
0.23
0.23
0.23
0.23
0.23
0.23
0.23
0.23
0.23
0.23
0.23
0.23
0.23
0.23
0.23
0.23
0.23
0.23
0.23
0.23
0.23
0.23
2.94862e-24
2.18871e-23
1.05813e-22
5.55966e-22
2.12638e-21
8.50572e-21
3.58258e-20
1.75019e-19
8.8547e-19
4.57199e-18
2.3584e-17
1.19431e-16
5.89674e-16
2.83524e-15
1.34018e-14
6.19707e-14
2.76e-13
1.20585e-12
5.10319e-12
2.08266e-11
8.17265e-11
3.07437e-10
1.10501e-09
3.78136e-09
1.22716e-08
3.75982e-08
1.08151e-07
2.89872e-07
7.16125e-07
1.60709e-06
3.16886e-06
5.48377e-06
8.49851e-06
1.20574e-05
1.59655e-05
2.00329e-05
2.41006e-05
2.80722e-05
3.20119e-05
3.64268e-05
4.2804e-05
5.44613e-05
7.80415e-05
0.000126358
0.000236905
0.000500554
0.001136
0.00257876
0.00579597
0.0135044
0.0306561
0.0615735
0.0938974
0.123363
0.148699
0.169609
0.187934
0.20286
0.214002
0.221614
0.226153
0.228399
0.229385
0.229779
0.229925
0.229976
0.229992
0.229998
0.229999
0.23
0.23
0.23
0.23
0.23
0.23
0.23
0.23
0.23
0.23
0.23
0.23
0.23
0.23
0.23
0.23
0.23
0.23
0.23
0.23
0.23
0.23
0.23
0.23
0.23
0.23
0.23
0.23
0.23
0.23
0.23
2.94669e-24
2.5028e-23
9.22171e-23
4.44499e-22
2.26466e-21
9.64797e-21
4.89988e-20
2.25645e-19
1.12489e-18
6.16914e-18
3.37347e-17
1.79237e-16
8.64853e-16
3.53961e-15
1.38152e-14
6.44676e-14
2.71899e-13
1.18049e-12
4.99846e-12
2.04249e-11
8.02462e-11
3.0223e-10
1.08763e-09
3.72661e-09
1.21094e-08
3.71493e-08
1.07001e-07
2.87193e-07
7.10594e-07
1.59742e-06
3.15637e-06
5.47183e-06
8.49246e-06
1.20631e-05
1.59891e-05
2.00803e-05
2.41775e-05
2.81839e-05
3.21689e-05
3.66257e-05
4.30781e-05
5.48894e-05
7.88034e-05
0.000127827
0.000240213
0.000508327
0.00115492
0.00261984
0.0058909
0.0137266
0.0311609
0.0621593
0.0944805
0.123907
0.149183
0.170031
0.188369
0.203216
0.214267
0.221792
0.226249
0.228444
0.229404
0.229786
0.229927
0.229977
0.229993
0.229998
0.229999
0.23
0.23
0.23
0.23
0.23
0.23
0.23
0.23
0.23
0.23
0.23
0.23
0.23
0.23
0.23
0.23
0.23
0.23
0.23
0.23
0.23
0.23
0.23
0.23
0.23
0.23
0.23
0.23
0.23
0.23
0.23
3.228e-24
2.78305e-23
1.34489e-22
5.51961e-22
2.62315e-21
9.97617e-21
5.46492e-20
2.46618e-19
1.3207e-18
7.05917e-18
3.74199e-17
1.94949e-16
9.89751e-16
4.91477e-15
1.65137e-14
6.29286e-14
2.6631e-13
1.14892e-12
4.8663e-12
1.99089e-11
7.83132e-11
2.95342e-10
1.06442e-09
3.65297e-09
1.1891e-08
3.65486e-08
1.05484e-07
2.83729e-07
7.03634e-07
1.58561e-06
3.14147e-06
5.45773e-06
8.48491e-06
1.20688e-05
1.60143e-05
2.01304e-05
2.42571e-05
2.82964e-05
3.2315e-05
3.68342e-05
4.33771e-05
5.5362e-05
7.96463e-05
0.000129454
0.00024387
0.000516899
0.00117572
0.00266467
0.00599432
0.0139684
0.0317102
0.0627971
0.0951162
0.1245
0.149711
0.170486
0.188832
0.203573
0.214551
0.221988
0.226355
0.228495
0.229426
0.229795
0.229931
0.229978
0.229993
0.229998
0.229999
0.23
0.23
0.23
0.23
0.23
0.23
0.23
0.23
0.23
0.23
0.23
0.23
0.23
0.23
0.23
0.23
0.23
0.23
0.23
0.23
0.23
0.23
0.23
0.23
0.23
0.23
0.23
0.23
0.23
0.23
0.23
4.14783e-24
2.26713e-23
1.06967e-22
4.72681e-22
2.42095e-21
1.02724e-20
5.45709e-20
2.60737e-19
1.30654e-18
6.84686e-18
3.55198e-17
1.80737e-16
8.97417e-16
4.32895e-15
2.01911e-14
6.45382e-14
2.64435e-13
1.11668e-12
4.71159e-12
1.92957e-11
7.60287e-11
2.87209e-10
1.03694e-09
3.56543e-09
1.16299e-08
3.58256e-08
1.03646e-07
2.79505e-07
6.95067e-07
1.57082e-06
3.12219e-06
5.43808e-06
8.4713e-06
1.20684e-05
1.60347e-05
2.01783e-05
2.43384e-05
2.84163e-05
3.24796e-05
3.70628e-05
4.37029e-05
5.58755e-05
8.05614e-05
0.000131219
0.000247832
0.000526169
0.00119812
0.00271265
0.00610489
0.0142268
0.0322967
0.0634795
0.0957978
0.125138
0.150281
0.170981
0.189345
0.203993
0.214865
0.222202
0.226472
0.228551
0.229449
0.229804
0.229934
0.229979
0.229994
0.229998
0.229999
0.23
0.23
0.23
0.23
0.23
0.23
0.23
0.23
0.23
0.23
0.23
0.23
0.23
0.23
0.23
0.23
0.23
0.23
0.23
0.23
0.23
0.23
0.23
0.23
0.23
0.23
0.23
0.23
0.23
0.23
0.23
2.27555e-24
2.12471e-23
1.04806e-22
5.11831e-22
2.83254e-21
1.27067e-20
5.6073e-20
2.5372e-19
1.29407e-18
6.80453e-18
3.53891e-17
1.81291e-16
9.13426e-16
4.5264e-15
2.20535e-14
6.97555e-14
2.63146e-13
1.08103e-12
4.54441e-12
1.8624e-11
7.35442e-11
2.78464e-10
1.0077e-09
3.47294e-09
1.13541e-08
3.5054e-08
1.0164e-07
2.7474e-07
6.85014e-07
1.55277e-06
3.09795e-06
5.41292e-06
8.45337e-06
1.20667e-05
1.60574e-05
2.0234e-05
2.44351e-05
2.85629e-05
3.26872e-05
3.73408e-05
4.40658e-05
5.64296e-05
8.15385e-05
0.000133098
0.000252033
0.000535968
0.00122171
0.00276277
0.00622023
0.014496
0.0329077
0.0641919
0.0965118
0.125808
0.150882
0.171512
0.189904
0.204447
0.215199
0.222423
0.226591
0.228607
0.229473
0.229813
0.229937
0.22998
0.229994
0.229998
0.23
0.23
0.23
0.23
0.23
0.23
0.23
0.23
0.23
0.23
0.23
0.23
0.23
0.23
0.23
0.23
0.23
0.23
0.23
0.23
0.23
0.23
0.23
0.23
0.23
0.23
0.23
0.23
0.23
0.23
0.23
0.23
4.33291e-24
2.95457e-23
1.15421e-22
5.79536e-22
2.41098e-21
1.2326e-20
5.90714e-20
2.53625e-19
1.29431e-18
6.83176e-18
3.57179e-17
1.84258e-16
9.35504e-16
4.66547e-15
2.28318e-14
7.26217e-14
2.50133e-13
1.02815e-12
4.31946e-12
1.77091e-11
7.00565e-11
2.65895e-10
9.6497e-10
3.33679e-09
1.09508e-08
3.39541e-08
9.89089e-08
2.68659e-07
6.73129e-07
1.53293e-06
3.07283e-06
5.38727e-06
8.4344e-06
1.20629e-05
1.60796e-05
2.02896e-05
2.45305e-05
2.87023e-05
3.28728e-05
3.75758e-05
4.44236e-05
5.69992e-05
8.25521e-05
0.000135049
0.000256391
0.000546114
0.00124607
0.00281423
0.00633882
0.0147733
0.0335381
0.0649345
0.0972675
0.126534
0.151553
0.172136
0.190567
0.205038
0.215623
0.222697
0.226735
0.228674
0.229501
0.229824
0.229941
0.229981
0.229994
0.229998
0.23
0.23
0.23
0.23
0.23
0.23
0.23
0.23
0.23
0.23
0.23
0.23
0.23
0.23
0.23
0.23
0.23
0.23
0.23
0.23
0.23
0.23
0.23
0.23
0.23
0.23
0.23
0.23
0.23
0.23
0.23
0.23
3.90802e-24
3.00001e-23
1.46072e-22
6.55128e-22
2.92436e-21
1.16522e-20
5.68223e-20
2.46795e-19
1.23875e-18
6.48097e-18
3.34366e-17
1.69092e-16
8.33959e-16
3.99103e-15
1.84038e-14
8.09072e-14
2.49961e-13
9.84919e-13
4.10931e-12
1.6893e-11
6.70689e-11
2.55442e-10
9.30008e-10
3.22527e-09
1.06126e-08
3.29837e-08
9.63011e-08
2.62208e-07
6.58876e-07
1.50594e-06
3.03434e-06
5.34438e-06
8.39923e-06
1.20487e-05
1.60944e-05
2.03438e-05
2.46321e-05
2.88582e-05
3.3091e-05
3.78744e-05
4.48096e-05
5.75825e-05
8.35722e-05
0.000136999
0.000260726
0.000556179
0.00127019
0.00286506
0.00645339
0.01504
0.0341454
0.0656539
0.0980047
0.127244
0.152202
0.172727
0.191121
0.205436
0.215975
0.222949
0.226871
0.228737
0.229528
0.229834
0.229945
0.229983
0.229995
0.229998
0.23
0.23
0.23
0.23
0.23
0.23
0.23
0.23
0.23
0.23
0.23
0.23
0.23
0.23
0.23
0.23
0.23
0.23
0.23
0.23
0.23
0.23
0.23
0.23
0.23
0.23
0.23
0.23
0.23
0.23
0.23
0.23
5.4317e-24
3.5129e-23
1.62977e-22
6.55874e-22
3.00071e-21
1.04693e-20
4.84919e-20
2.29748e-19
1.09601e-18
5.63281e-18
2.89275e-17
1.46102e-16
7.24172e-16
3.51916e-15
1.67703e-14
7.85126e-14
2.37811e-13
9.21089e-13
3.79576e-12
1.55798e-11
6.20197e-11
2.3725e-10
8.68314e-10
3.0294e-09
1.00348e-08
3.14152e-08
9.24319e-08
2.53687e-07
6.42533e-07
1.47939e-06
3.00247e-06
5.31353e-06
8.37667e-06
1.20438e-05
1.61202e-05
2.04056e-05
2.47347e-05
2.90048e-05
3.32818e-05
3.81093e-05
4.51516e-05
5.81056e-05
8.4471e-05
0.000138674
0.000264357
0.000564425
0.00128959
0.00290506
0.00654979
0.0152667
0.034666
0.0662824
0.0986662
0.127903
0.152834
0.173348
0.191692
0.205953
0.216364
0.223215
0.227017
0.228807
0.229558
0.229847
0.22995
0.229984
0.229995
0.229999
0.23
0.23
0.23
0.23
0.23
0.23
0.23
0.23
0.23
0.23
0.23
0.23
0.23
0.23
0.23
0.23
0.23
0.23
0.23
0.23
0.23
0.23
0.23
0.23
0.23
0.23
0.23
0.23
0.23
0.23
0.23
0.23
4.10806e-24
3.56833e-23
1.51743e-22
5.81665e-22
2.15626e-21
8.95009e-21
4.43005e-20
1.89338e-19
9.61665e-19
5.02268e-18
2.60059e-17
1.32803e-16
6.67828e-16
3.30281e-15
1.60455e-14
7.64628e-14
2.34683e-13
8.59731e-13
3.54461e-12
1.46116e-11
5.84239e-11
2.24482e-10
8.2508e-10
2.89041e-09
9.61238e-09
3.02074e-08
8.92049e-08
2.45732e-07
6.24853e-07
1.4453e-06
2.95209e-06
5.25479e-06
8.32671e-06
1.20204e-05
1.61345e-05
2.04723e-05
2.48675e-05
2.91916e-05
3.35086e-05
3.83672e-05
4.54531e-05
5.85152e-05
8.51243e-05
0.000139819
0.000266717
0.00056955
0.00130124
0.00292863
0.00660593
0.0153993
0.0349792
0.0666855
0.09913
0.128411
0.153355
0.173849
0.192222
0.206452
0.216761
0.223485
0.227158
0.228872
0.229585
0.229857
0.229953
0.229985
0.229996
0.229999
0.23
0.23
0.23
0.23
0.23
0.23
0.23
0.23
0.23
0.23
0.23
0.23
0.23
0.23
0.23
0.23
0.23
0.23
0.23
0.23
0.23
0.23
0.23
0.23
0.23
0.23
0.23
0.23
0.23
0.23
0.23
0.23
3.56164e-24
1.84072e-23
8.16685e-23
4.00559e-22
1.67891e-21
8.0875e-21
3.7377e-20
1.66944e-19
8.60332e-19
4.48573e-18
2.3355e-17
1.2016e-16
6.09139e-16
3.03741e-15
1.48719e-14
7.13524e-14
2.16959e-13
7.75348e-13
3.12589e-12
1.28743e-11
5.17912e-11
2.0067e-10
7.44306e-10
2.63272e-09
8.84453e-09
2.809e-08
8.38691e-08
2.33671e-07
6.00999e-07
1.40552e-06
2.90479e-06
5.21308e-06
8.30304e-06
1.2022e-05
1.61703e-05
2.05416e-05
2.49544e-05
2.92936e-05
3.36243e-05
3.84977e-05
4.55753e-05
5.86241e-05
8.52068e-05
0.000139803
0.000266425
0.000568341
0.00129733
0.00292007
0.00658679
0.0153544
0.0348902
0.0666131
0.0991148
0.128479
0.153517
0.174123
0.192547
0.206786
0.217076
0.223738
0.227308
0.228948
0.229619
0.22987
0.229958
0.229987
0.229996
0.229999
0.23
0.23
0.23
0.23
0.23
0.23
0.23
0.23
0.23
0.23
0.23
0.23
0.23
0.23
0.23
0.23
0.23
0.23
0.23
0.23
0.23
0.23
0.23
0.23
0.23
0.23
0.23
0.23
0.23
0.23
0.23
0.23
2.00242e-24
1.78534e-23
7.98506e-23
3.63968e-22
1.49899e-21
7.77481e-21
3.83562e-20
1.49196e-19
7.71882e-19
4.04147e-18
2.10844e-17
1.08896e-16
5.54118e-16
2.77251e-15
1.3613e-14
6.54495e-14
1.98307e-13
7.01639e-13
2.84539e-12
1.17503e-11
4.74872e-11
1.85077e-10
6.90885e-10
2.46037e-09
8.32412e-09
2.66305e-08
8.01043e-08
2.24862e-07
5.82679e-07
1.37275e-06
2.86093e-06
5.16361e-06
8.26178e-06
1.20135e-05
1.62069e-05
2.06189e-05
2.50531e-05
2.9402e-05
3.37165e-05
3.85445e-05
4.55597e-05
5.85258e-05
8.49161e-05
0.00013898
0.000264027
0.000561581
0.00127897
0.00287866
0.00648987
0.015122
0.0343885
0.0660929
0.0987098
0.128242
0.153463
0.174264
0.192849
0.207185
0.217481
0.223991
0.22743
0.229003
0.229642
0.22988
0.229962
0.229988
0.229997
0.229999
0.23
0.23
0.23
0.23
0.23
0.23
0.23
0.23
0.23
0.23
0.23
0.23
0.23
0.23
0.23
0.23
0.23
0.23
0.23
0.23
0.23
0.23
0.23
0.23
0.23
0.23
0.23
0.23
0.23
0.23
0.23
0.23
2.33726e-24
1.91695e-23
8.89779e-23
3.98429e-22
1.47775e-21
7.77547e-21
3.07012e-20
1.13801e-19
5.78165e-19
3.02192e-18
1.56814e-17
8.02704e-17
4.03522e-16
1.9827e-15
9.4601e-15
4.33988e-14
1.88215e-13
5.71622e-13
2.20811e-12
9.14193e-12
3.74244e-11
1.48222e-10
5.63252e-10
2.0442e-09
7.05533e-09
2.3045e-08
7.08236e-08
2.03225e-07
5.38379e-07
1.29602e-06
2.76726e-06
5.0836e-06
8.22586e-06
1.20272e-05
1.62603e-05
2.07022e-05
2.51588e-05
2.95001e-05
3.3769e-05
3.85163e-05
4.54102e-05
5.81443e-05
8.4006e-05
0.000136768
0.00025827
0.000546477
0.00123947
0.00279038
0.00628505
0.0146352
0.0333111
0.0648973
0.0976484
0.127444
0.152975
0.174044
0.19282
0.207338
0.217718
0.224298
0.227644
0.229115
0.229692
0.229899
0.229969
0.229991
0.229997
0.229999
0.23
0.23
0.23
0.23
0.23
0.23
0.23
0.23
0.23
0.23
0.23
0.23
0.23
0.23
0.23
0.23
0.23
0.23
0.23
0.23
0.23
0.23
0.23
0.23
0.23
0.23
0.23
0.23
0.23
0.23
0.23
0.23
)
;

boundaryField
{
    fuel
    {
        type            fixedValue;
        value           uniform 0;
    }
    air
    {
        type            fixedValue;
        value           uniform 0.23;
    }
    outlet
    {
        type            inletOutlet;
        inletValue      uniform 0;
        value           nonuniform List<scalar> 
200
(
2.45074e-24
2.23082e-23
1.11138e-22
4.61432e-22
1.53086e-21
6.01002e-21
2.97167e-20
1.15223e-19
5.87341e-19
3.0419e-18
1.57164e-17
8.03774e-17
4.03998e-16
1.98488e-15
9.46968e-15
4.34375e-14
1.88352e-13
5.71945e-13
2.20909e-12
9.14522e-12
3.74357e-11
1.48261e-10
5.63381e-10
2.04462e-09
7.0566e-09
2.30487e-08
7.0834e-08
2.03251e-07
5.38438e-07
1.29614e-06
2.76748e-06
5.08397e-06
8.22647e-06
1.20281e-05
1.62615e-05
2.07039e-05
2.5161e-05
2.95029e-05
3.37724e-05
3.85205e-05
4.54149e-05
5.81486e-05
8.40083e-05
0.000136764
0.000258243
0.000546381
0.00123917
0.00278966
0.00628306
0.0146298
0.033297
0.0648811
0.0976328
0.12743
0.152963
0.174033
0.192811
0.20733
0.217712
0.224295
0.227643
0.229114
0.229692
0.229899
0.229969
0.229991
0.229997
0.229999
0.23
0.23
0.23
0.23
0.23
0.23
0.23
0.23
0.23
0.23
0.23
0.23
0.23
0.23
0.23
0.23
0.23
0.23
0.23
0.23
0.23
0.23
0.23
0.23
0.23
0.23
0.23
0.23
0.23
0.23
0.23
0.23
2.33726e-24
1.91695e-23
8.89779e-23
3.98429e-22
1.47775e-21
7.77547e-21
3.07012e-20
1.13801e-19
5.78165e-19
3.02192e-18
1.56814e-17
8.02704e-17
4.03522e-16
1.9827e-15
9.4601e-15
4.33988e-14
1.88215e-13
5.71622e-13
2.20811e-12
9.14193e-12
3.74244e-11
1.48222e-10
5.63252e-10
2.0442e-09
7.05533e-09
2.3045e-08
7.08236e-08
2.03225e-07
5.38379e-07
1.29602e-06
2.76726e-06
5.0836e-06
8.22586e-06
1.20272e-05
1.62603e-05
2.07022e-05
2.51588e-05
2.95001e-05
3.3769e-05
3.85163e-05
4.54102e-05
5.81443e-05
8.4006e-05
0.000136768
0.00025827
0.000546477
0.00123947
0.00279038
0.00628505
0.0146352
0.0333111
0.0648973
0.0976484
0.127444
0.152975
0.174044
0.19282
0.207338
0.217718
0.224298
0.227644
0.229115
0.229692
0.229899
0.229969
0.229991
0.229997
0.229999
0.23
0.23
0.23
0.23
0.23
0.23
0.23
0.23
0.23
0.23
0.23
0.23
0.23
0.23
0.23
0.23
0.23
0.23
0.23
0.23
0.23
0.23
0.23
0.23
0.23
0.23
0.23
0.23
0.23
0.23
0.23
0.23
)
;
    }
    frontAndBack
    {
        type            empty;
    }
}


// ************************************************************************* //
