/*--------------------------------*- C++ -*----------------------------------*\
  =========                 |
  \\      /  F ield         | OpenFOAM: The Open Source CFD Toolbox
   \\    /   O peration     | Website:  https://openfoam.org
    \\  /    A nd           | Version:  11
     \\/     M anipulation  |
\*---------------------------------------------------------------------------*/
FoamFile
{
    format      ascii;
    class       volScalarField;
    location    "0.1";
    object      Qdot;
}
// * * * * * * * * * * * * * * * * * * * * * * * * * * * * * * * * * * * * * //

dimensions      [1 -1 -3 0 0 0 0];

internalField   nonuniform List<scalar> 
4000
(
0
-2.88421e-06
-2.88421e-06
0
0
0
-2.88421e-06
0
0
0
2.88421e-06
2.88421e-06
2.88421e-06
-2.88421e-06
2.88421e-06
-2.88421e-06
2.88421e-06
2.88421e-06
-2.88421e-06
2.88421e-06
-2.8842e-06
0
2.88409e-06
2.88379e-06
0
0
3.09075e-14
0
2.77946e-06
-2.64705e-06
3.65069e-08
8.79055e-07
0.000246888
0.0311893
1.50243
32.2575
364.895
2492.62
11379.5
38031.1
101812
237947
513472
1.33689e+06
3.34487e+06
8.35131e+06
1.99788e+07
4.53297e+07
1.01784e+08
2.38383e+08
3.23198e+08
1.23531e+08
4.50391e+07
1.50917e+07
4.60277e+06
1.16937e+06
46074.6
178.316
0.152562
9.61807e-05
3.39954e-07
1.54092e-08
-1.24539e-10
-2.69314e-11
-7.17615e-12
-1.99836e-12
-5.48006e-13
-1.46066e-13
-1.22617e-12
-9.43115e-15
-7.65702e-14
-5.58796e-16
-1.52077e-16
-5.12819e-17
-1.201e-17
-2.59725e-18
-5.457e-19
-1.134e-19
-2.29533e-20
-4.65902e-21
-9.48894e-22
-2.25981e-22
-6.68948e-23
-1.46157e-23
-4.19849e-24
-9.44221e-25
-2.81071e-25
-7.71297e-26
-2.14097e-26
-2.07322e-25
-1.21802e-27
-3.37743e-28
-8.38996e-29
-1.99027e-29
-6.09813e-30
-6.77316e-29
-4.8584e-31
-9.84245e-32
-2.89253e-32
-2.814e-33
0
4.51389e-25
-2.88421e-06
-2.88421e-06
-2.88421e-06
-2.88421e-06
0
0
0
-2.88421e-06
0
-2.88421e-06
0
0
0
0
2.88421e-06
0
-2.88421e-06
2.88421e-06
0
-2.88417e-06
0
-2.88371e-06
0
2.87877e-06
0
0
0
-2.85165e-17
-5.65041e-15
1.19904e-06
0.000273063
0.0317993
1.47811
31.3098
352.09
2406.13
11062.7
37437.4
101219
238906
520022
1.36551e+06
3.43351e+06
8.61214e+06
2.06548e+07
4.68233e+07
1.05156e+08
2.46598e+08
3.16591e+08
1.20563e+08
4.37469e+07
1.45838e+07
4.43361e+06
1.1188e+06
44533.9
187.117
0.18326
0.000142801
5.32702e-07
2.20097e-08
-1.54757e-10
-3.27535e-11
-8.8326e-12
-2.50012e-12
-7.04902e-13
-1.93747e-13
-5.10032e-14
-1.30527e-14
-3.24432e-15
-7.87502e-16
-1.98054e-16
-5.92395e-17
-1.98202e-17
-4.25508e-18
-8.97987e-19
-1.85354e-19
-3.74161e-20
-7.44725e-21
-1.47506e-21
-2.99059e-22
-8.48833e-23
-2.22748e-23
-5.93762e-24
-1.26043e-24
-3.8208e-25
-8.8109e-26
-2.62131e-26
-6.69052e-27
-6.93572e-26
-3.88136e-28
-1.03467e-28
-2.45266e-29
-7.17033e-30
-1.80934e-30
-5.50758e-31
-1.45543e-31
-2.99724e-32
-5.75888e-33
-2.88421e-06
0
0
0
0
-2.88421e-06
0
0
0
0
0
0
0
-2.88421e-06
0
0
2.88421e-06
2.88421e-06
2.88421e-06
0
-9.92612e-13
2.88417e-06
2.88406e-06
2.88367e-06
2.8824e-06
-2.87847e-06
-2.86716e-06
0
0
1.9741e-08
-6.47001e-15
1.16327e-06
0.000301347
0.0334888
1.51258
31.3138
348.176
2368.59
10888.9
36951.5
100597
238715
521831
1.37579e+06
3.47023e+06
8.72817e+06
2.09671e+07
4.75205e+07
1.0675e+08
2.50566e+08
3.13217e+08
1.19054e+08
4.31102e+07
1.43426e+07
4.35027e+06
1.09929e+06
46605.9
221.102
0.250479
0.000195716
6.93963e-07
2.17546e-08
-1.70746e-10
-3.56621e-11
-9.56415e-12
-2.73167e-12
-7.79727e-13
-2.14871e-13
-5.73408e-14
-1.4788e-14
-3.69701e-15
-9.05392e-16
-2.28706e-16
-6.57234e-17
-2.18096e-17
-5.01031e-18
-3.73556e-17
-2.25648e-19
-4.53311e-20
-9.06621e-21
-1.90678e-21
-3.77759e-22
-8.62887e-23
-2.41721e-23
-5.97275e-24
-1.70399e-24
-4.12822e-25
-1.14734e-25
1.0518e-24
-8.30311e-27
-1.97285e-27
-5.74699e-28
-1.5118e-28
-3.64548e-29
-9.38174e-30
-2.46271e-30
-6.42901e-31
-1.79049e-31
-4.63328e-32
-7.68942e-33
0
0
0
-2.88421e-06
-2.88421e-06
0
0
0
-2.88421e-06
-2.88421e-06
0
-2.88421e-06
2.88421e-06
2.88421e-06
2.88421e-06
0
0
2.88421e-06
2.88421e-06
-2.88421e-06
2.8842e-06
-2.88417e-06
2.88406e-06
2.88362e-06
2.88224e-06
0
-2.86606e-06
0
-2.76273e-06
-2.83781e-17
-7.6989e-15
1.35363e-06
0.000324435
0.0347541
1.52958
31.2615
345.495
2344.32
10765.6
36517.9
99602
237227
520453
1.37516e+06
3.47477e+06
8.74979e+06
2.10358e+07
4.7669e+07
1.07065e+08
2.51328e+08
3.12438e+08
1.18659e+08
4.29267e+07
1.42696e+07
4.32347e+06
1.10195e+06
49749.1
256.738
0.323649
0.000271059
8.8919e-07
2.13537e-08
-1.94834e-10
-3.97908e-11
-1.07189e-11
-3.09825e-12
-8.88337e-13
-2.51083e-13
-6.76017e-14
-1.77305e-14
-1.53027e-13
-1.09873e-15
-2.71146e-16
-7.33863e-17
-2.2178e-17
-6.70497e-18
-1.34928e-18
8.7955e-18
-5.49729e-20
-1.0937e-20
-2.1946e-21
-4.45216e-22
-1.34352e-22
-2.86692e-23
-6.42949e-24
-1.85331e-24
-1.77862e-23
-4.44435e-24
-2.64876e-26
-7.6169e-27
9.92005e-26
-6.2402e-28
-1.69407e-28
-3.85992e-29
-1.099e-29
-2.26167e-30
-5.92641e-31
-1.8952e-31
-5.05211e-32
-8.90009e-33
0
0
-2.40542e-24
0
0
0
0
-2.88421e-06
0
0
-2.88421e-06
0
0
-5.81687e-26
0
-2.88421e-06
0
2.88421e-06
2.88421e-06
-2.88421e-06
0
0
-2.88403e-06
0
-2.88215e-06
0
2.86539e-06
0
-2.75929e-06
2.61495e-06
-9.12708e-15
1.67034e-06
0.000362974
0.0373636
1.6008
31.9491
346.938
2328.41
10631.3
35995.7
98207.1
234151
514443
1.35898e+06
3.43984e+06
8.66737e+06
2.0851e+07
4.7299e+07
1.06161e+08
2.49078e+08
3.13952e+08
1.19235e+08
4.31576e+07
1.43632e+07
4.35467e+06
1.12591e+06
55786
319.375
0.439339
0.000377215
1.09662e-06
2.09707e-08
-2.15578e-10
-4.31529e-11
-1.15269e-11
-3.35867e-12
-9.70396e-13
-2.7281e-13
-7.48446e-14
-1.97676e-14
-5.03624e-15
-1.2402e-15
-3.02976e-16
-7.72177e-17
-2.5641e-17
-5.93132e-18
5.31428e-17
-2.83211e-19
-5.87145e-20
-1.22322e-20
-2.5094e-21
1.71877e-20
-1.52902e-22
-3.72419e-23
-1.01888e-23
-2.22221e-24
-5.05049e-25
-1.31752e-25
1.58652e-24
3.96768e-25
-2.16155e-27
-6.62619e-28
-1.82274e-28
-5.06614e-29
-1.10571e-29
-3.26686e-30
-8.7535e-31
-2.09414e-31
2.0085e-30
-8.90009e-33
0
-2.88421e-06
0
0
-2.88421e-06
0
2.88421e-06
2.88421e-06
2.88421e-06
-1.18329e-19
2.88421e-06
-2.88421e-06
0
-2.88421e-06
0
2.88421e-06
0
0
2.88421e-06
2.88421e-06
3.03341e-17
-2.88416e-06
1.52476e-20
-2.88355e-06
-2.88203e-06
0
2.86459e-06
0
0
-5.6524e-17
-1.01946e-14
1.89126e-06
0.000388213
0.0393199
1.63982
32.2451
346.945
2314.13
10523
35546.6
96737.3
230428
506311
1.33493e+06
3.38258e+06
8.52214e+06
2.05092e+07
4.65896e+07
1.04574e+08
2.45235e+08
3.16799e+08
1.20386e+08
4.3632e+07
1.45513e+07
4.41638e+06
1.16162e+06
62812.1
398.361
0.589558
0.000520512
1.41571e-06
2.97668e-08
-2.41398e-10
-4.72762e-11
-1.26041e-11
-3.66729e-12
-1.07176e-12
-3.054e-13
-8.42e-14
8.69782e-13
-5.75301e-15
-1.42411e-15
1.35939e-14
-8.51752e-17
-2.46095e-17
-7.92071e-18
-1.66703e-18
-3.52287e-19
-7.3681e-20
-1.53262e-20
-3.18397e-21
-6.76818e-22
-1.54589e-22
-4.01931e-23
-1.00483e-23
-2.61747e-24
-6.34605e-25
-1.58651e-25
-4.378e-26
-1.20773e-26
-3.08793e-27
-6.19731e-28
-1.82274e-28
-4.3022e-29
-1.13921e-29
-2.78102e-30
-8.62785e-31
-2.03132e-31
-5.05211e-32
-6.11881e-33
0
0
0
-2.88421e-06
-2.88421e-06
-2.88421e-06
9.24445e-22
0
0
-2.88421e-06
2.88421e-06
0
0
-2.88421e-06
0
-2.88421e-06
-2.88421e-06
2.88421e-06
-2.88421e-06
2.88421e-06
0
-2.88416e-06
-2.88401e-06
-2.88359e-06
2.88196e-06
-2.87725e-06
2.86404e-06
2.83019e-06
0
-2.60542e-06
-1.16156e-14
2.01439e-06
0.000422211
0.0412401
1.6905
32.7462
348.337
2304.13
10414.9
35030.8
95149.4
226376
497267
1.30765e+06
3.31687e+06
8.35422e+06
2.01129e+07
4.5766e+07
1.02713e+08
2.40756e+08
3.20267e+08
1.21793e+08
4.42112e+07
1.47785e+07
4.48918e+06
1.20692e+06
70505.1
472.17
0.767772
0.000702796
1.8129e-06
2.92652e-08
-2.64775e-10
-5.06323e-11
-1.3373e-11
-3.89871e-12
-1.14898e-12
-3.29541e-13
-9.17447e-14
-2.45964e-14
-6.30001e-15
-1.575e-15
-3.81962e-16
-9.37222e-17
-2.60831e-17
-8.03123e-18
-1.74992e-18
-3.75313e-19
-7.91495e-20
-1.66934e-20
-3.43581e-21
-7.12795e-22
-1.97874e-22
-1.70105e-21
-8.81859e-24
-2.60869e-24
-7.15852e-25
-1.66337e-25
-4.50152e-26
-1.26948e-26
-3.03647e-27
-8.70626e-28
-2.03718e-28
-4.71768e-29
-1.21293e-29
-2.61349e-30
-7.20384e-31
-1.68578e-31
-4.65946e-32
-8.37656e-33
-2.88421e-06
-2.88421e-06
0
0
-2.88421e-06
0
2.88421e-06
0
0
-2.88421e-06
-2.88421e-06
2.88421e-06
0
0
0
0
0
2.88421e-06
0
-2.88421e-06
0
0
0
0
0
2.87702e-06
0
2.82893e-06
0
-2.60181e-06
-1.27296e-14
2.10663e-06
0.000449504
0.0431368
1.73229
33.1107
348.982
2293.2
10317.3
34600.5
93661.3
222422
488263
1.28001e+06
3.24952e+06
8.18031e+06
1.97007e+07
4.49036e+07
1.00772e+08
2.3609e+08
3.23938e+08
1.23294e+08
4.48317e+07
1.50227e+07
4.57034e+06
1.25013e+06
80773.8
604.682
1.04827
0.000969527
2.3312e-06
4.25102e-08
-2.92319e-10
-5.45974e-11
-1.43341e-11
-4.18798e-12
-1.24069e-12
-3.57302e-13
-9.89876e-14
-2.67089e-14
-6.94133e-15
-1.73533e-15
-4.22045e-16
-1.00206e-16
-2.57884e-17
-6.15236e-18
-1.93413e-18
-4.0064e-19
-3.48577e-18
-1.69092e-20
-3.50776e-21
-7.42027e-22
-1.76512e-22
-3.73824e-23
-1.03293e-23
-2.16073e-24
-4.98461e-25
-1.41633e-25
-4.25449e-26
-1.08078e-26
-3.03647e-27
-8.36316e-28
-2.18729e-28
-5.70946e-29
-1.13251e-29
-2.9653e-30
-9.0048e-31
-2.54438e-31
-5.94212e-32
-2.6438e-31
0
0
0
0
0
0
2.88421e-06
0
-2.88421e-06
2.88421e-06
0
0
0
0
0
2.96233e-20
2.88421e-06
-2.88421e-06
-2.88421e-06
0
2.8842e-06
0
2.884e-06
0
2.88182e-06
0
0
-2.82794e-06
0
-5.62723e-17
-1.38415e-14
2.32633e-06
0.000472738
0.0444387
1.76293
33.3649
348.928
2278.72
10201.4
34092.3
92152.4
218579
479590
1.25327e+06
3.18429e+06
8.01118e+06
1.92998e+07
4.4061e+07
9.88858e+07
2.31566e+08
3.27579e+08
1.24783e+08
4.54467e+07
1.52644e+07
4.65237e+06
1.28654e+06
90503.1
729.56
1.33341
0.0012503
2.82911e-06
4.19317e-08
-3.16231e-10
-5.79498e-11
-1.51797e-11
-4.41936e-12
-1.31308e-12
-3.80236e-13
-1.0623e-13
-2.86706e-14
-7.46948e-15
-1.88623e-15
-4.59769e-16
-1.09637e-16
-2.5641e-17
-7.58914e-18
-1.57493e-18
-3.24657e-19
-2.33386e-18
-1.36713e-20
-2.8152e-21
-6.09361e-22
-1.79885e-22
-3.65392e-23
-9.06453e-24
-1.99385e-24
-6.03863e-25
-1.5426e-25
-4.17214e-26
-1.11166e-26
-2.84776e-27
-6.73341e-28
-2.02646e-28
-4.98573e-29
-1.02529e-29
-2.98206e-30
-8.16715e-31
-1.76955e-31
-4.24063e-32
-7.36221e-33
-2.88421e-06
4.33391e-34
-2.88421e-06
0
3.84867e-23
0
2.88421e-06
0
-2.88421e-06
-2.88421e-06
0
0
-2.88421e-06
0
0
2.88421e-06
-2.88421e-06
-2.88421e-06
0
-2.88421e-06
0
2.88415e-06
2.88399e-06
-2.88346e-06
-2.88177e-06
0
-2.86265e-06
0
0
-5.62126e-17
-1.4902e-14
2.48224e-06
0.000494339
0.0456469
1.79267
33.6213
349.114
2267.56
10109.5
33670.9
90794.2
215021
471478
1.22804e+06
3.1225e+06
7.84999e+06
1.8917e+07
4.32512e+07
9.70775e+07
2.27229e+08
3.31115e+08
1.26231e+08
4.60461e+07
1.55005e+07
4.73368e+06
1.31985e+06
100214
863.259
1.66336
0.00159237
3.33155e-06
4.12991e-08
-3.41912e-10
-6.1453e-11
-1.59481e-11
-4.65073e-12
-1.38064e-12
-4.03169e-13
-1.13473e-13
-3.06323e-14
-7.99762e-15
-2.0277e-15
-4.97494e-16
-1.18479e-16
-2.74093e-17
-6.22605e-18
-1.37231e-18
-2.94724e-19
-6.18805e-20
-1.28798e-20
-2.64431e-21
-5.57644e-22
-6.80533e-21
-3.48528e-23
4.05974e-22
-2.41545e-24
-5.33595e-25
-1.24615e-25
-3.44476e-26
-9.64122e-27
-2.11009e-27
-5.21089e-28
-1.52252e-28
-4.03415e-29
-1.15261e-29
-2.9653e-30
-9.33986e-31
-2.38732e-31
-6.04683e-32
-8.24568e-33
0
0
0
-2.88421e-06
-2.88421e-06
0
2.88421e-06
0
0
2.88421e-06
-2.88421e-06
2.88421e-06
0
-2.88421e-06
-2.32675e-25
2.88421e-06
0
2.88421e-06
0
0
0
-2.88415e-06
-2.88399e-06
-2.88345e-06
0
-2.87657e-06
2.86233e-06
0
2.74576e-06
-5.61643e-17
-1.57585e-14
2.73377e-06
0.000513546
0.0468897
1.81696
33.7776
348.612
2254.48
10021.5
33273.3
89530.5
211734
464003
1.20468e+06
3.0652e+06
7.69975e+06
1.85597e+07
4.24912e+07
9.53852e+07
2.23173e+08
3.34455e+08
1.276e+08
4.6613e+07
1.57241e+07
4.81106e+06
1.34937e+06
109609
995.636
2.0274
0.00198109
3.97915e-06
7.27585e-08
-3.6637e-10
-6.44963e-11
-1.66394e-11
-1.5688e-10
-1.44821e-12
-4.2248e-13
-1.18905e-13
-3.22921e-14
-8.48804e-15
-2.15974e-15
-5.30503e-16
-1.26731e-16
-2.94724e-17
-6.63129e-18
-1.46902e-18
-3.15447e-19
-6.61978e-20
-1.37432e-20
-2.88716e-21
-6.07113e-22
-1.70891e-22
-1.70035e-21
-1.04699e-23
-2.52085e-24
-6.01667e-25
-1.53711e-25
-3.65063e-26
-9.9157e-27
-2.55612e-27
-5.63977e-28
-1.56541e-28
-3.2434e-29
-1.0856e-29
-3.2166e-30
-9.2561e-31
-2.17791e-31
-6.07301e-32
-8.57289e-33
-2.88421e-06
-2.88421e-06
0
-2.88421e-06
-2.88421e-06
-2.88421e-06
0
2.88421e-06
-2.88421e-06
0
0
2.88421e-06
0
0
2.88421e-06
0
-2.88421e-06
2.88421e-06
2.88421e-06
2.88421e-06
0
0
0
-2.88343e-06
0
0
2.86208e-06
0
0
-8.41872e-17
-1.64624e-14
2.82658e-06
0.000527686
0.0477434
1.83423
33.8709
347.774
2240.04
9924.18
32890.7
88368.3
208755
457249
1.18348e+06
3.01313e+06
7.56246e+06
1.82328e+07
4.17918e+07
9.38322e+07
2.1945e+08
3.37546e+08
1.28868e+08
4.71386e+07
1.59313e+07
4.88136e+06
1.38101e+06
118543
1142.13
2.42775
0.00240706
4.6124e-06
7.20951e-08
-3.89614e-10
-6.75398e-11
-1.73308e-11
-5.07486e-12
-1.51094e-12
-4.39378e-13
-1.24941e-13
-3.3952e-14
-8.94073e-15
-2.28234e-15
1.80108e-14
-1.34394e-16
-3.12408e-17
-7.07338e-18
-1.55651e-18
-3.37321e-19
-7.08029e-20
-1.46067e-20
-2.9861e-21
2.59576e-20
-1.65832e-22
-4.25822e-23
-1.0505e-23
-2.52085e-24
-6.14842e-25
-1.41633e-25
-3.04676e-26
-1.01902e-26
-2.2988e-27
-6.94786e-28
-1.89779e-28
-5.25378e-29
-1.53459e-29
-3.73595e-30
-1.06382e-30
-3.19356e-31
-5.99448e-32
3.78878e-31
-2.88421e-06
0
-2.88421e-06
0
0
-1.53947e-22
2.88421e-06
-2.46315e-21
2.88421e-06
2.88421e-06
-2.88421e-06
2.88421e-06
2.88421e-06
0
2.88421e-06
-2.88421e-06
0
-2.88421e-06
-2.88421e-06
2.88421e-06
-2.8842e-06
0
2.88398e-06
-2.88342e-06
0
0
0
-2.82522e-06
0
-8.41374e-17
-1.7168e-14
2.88796e-06
0.000539233
0.0483759
1.84535
33.8971
346.645
2225.63
9838.53
32549.4
87330.9
206100
451243
1.16456e+06
2.96661e+06
7.43923e+06
1.7939e+07
4.11604e+07
9.24354e+07
2.16104e+08
3.40345e+08
1.30016e+08
4.76149e+07
1.61193e+07
4.94591e+06
1.40841e+06
126756
1278.08
2.83601
0.00286215
5.30723e-06
7.14429e-08
-4.11039e-10
-7.01239e-11
-1.79452e-11
-5.24834e-12
-1.56402e-12
-4.58689e-13
-1.29769e-13
-3.54609e-14
-9.39343e-15
-2.38609e-15
-5.89448e-16
-1.41468e-16
-3.28617e-17
-7.47862e-18
-1.6394e-18
-3.55741e-19
-7.48323e-20
-1.55421e-20
-3.13e-21
-7.15044e-22
-1.63583e-22
-3.99121e-23
-8.15105e-24
-2.32762e-24
-6.36801e-25
-1.63592e-25
-4.21332e-26
-1.17342e-26
-3.32811e-27
-9.3067e-28
-2.29451e-28
-6.40639e-29
-1.84284e-29
-5.37775e-30
-1.12246e-30
-2.77474e-31
-8.03626e-32
-1.40046e-32
-2.88421e-06
-2.88421e-06
0
2.88421e-06
0
2.88421e-06
0
-2.46315e-21
2.88421e-06
2.88421e-06
0
-2.88421e-06
2.88421e-06
-2.88421e-06
0
0
-2.88421e-06
0
0
-2.88421e-06
2.8842e-06
-2.88415e-06
0
-2.88342e-06
0
-2.87632e-06
-2.86169e-06
0
2.74292e-06
-2.5891e-06
-1.76198e-14
3.10845e-06
0.000547828
0.0488436
1.85391
33.914
345.703
2214.12
9765.4
32252.4
86424.2
203778
445984
1.14793e+06
2.92564e+06
7.33003e+06
1.76781e+07
4.06095e+07
9.12016e+07
2.13154e+08
3.42829e+08
1.31036e+08
4.80381e+07
1.62866e+07
5.00394e+06
1.43149e+06
134660
1428.44
3.26632
0.00332624
6.01893e-06
7.08518e-08
-4.31274e-10
-7.24033e-11
-1.84827e-11
-5.38324e-12
-1.61228e-12
-4.73173e-13
-1.33994e-13
-3.66681e-14
-9.6575e-15
-2.4804e-15
-6.13026e-16
-1.47362e-16
-1.19508e-15
-7.77335e-18
-1.72229e-18
-3.70708e-19
-7.85739e-20
-1.63336e-20
-3.36386e-21
-6.97056e-22
-1.7595e-22
-3.59771e-23
-1.11023e-23
-2.72287e-24
-7.99295e-25
-2.14097e-25
-5.87394e-26
-1.66062e-26
-4.01432e-27
-9.3067e-28
-2.28379e-28
2.0559e-27
-1.78923e-29
-5.37775e-30
-1.47427e-30
-3.8951e-31
-7.59126e-32
-1.42009e-32
-2.88421e-06
0
0
0
0
2.88421e-06
0
2.46315e-21
0
0
-2.88421e-06
-2.88421e-06
2.88421e-06
-2.88421e-06
2.88421e-06
0
-2.88421e-06
0
2.88421e-06
3.30598e-13
-1.32238e-12
0
0
-2.88341e-06
-2.88161e-06
0
-2.86153e-06
2.82451e-06
0
-2.58806e-06
-1.80719e-14
3.01176e-06
0.000555201
0.0492474
1.85992
33.901
344.649
2203.02
9699.5
31992.3
85640
201780
441467
1.13358e+06
2.89024e+06
7.23512e+06
1.74508e+07
4.01435e+07
9.0135e+07
2.10609e+08
3.44985e+08
1.31921e+08
4.84057e+07
1.64321e+07
5.05485e+06
1.45076e+06
141462
1557.23
3.66283
0.00377231
6.64842e-06
6.57642e-08
4.29235e-09
-7.46838e-11
-1.88663e-11
-5.49886e-12
-1.65088e-12
-4.85242e-13
-1.38219e-13
-3.78753e-14
-1.00347e-14
-2.56528e-15
-6.36604e-16
-1.52667e-16
-3.56616e-17
-8.10491e-18
-1.78677e-18
-3.86825e-19
-3.48519e-18
-1.69092e-20
-3.4538e-21
-7.12796e-22
-6.80421e-21
-3.83662e-23
-1.13482e-23
-3.05665e-24
-7.94903e-25
-2.10803e-25
-6.09353e-26
5.26037e-25
-4.03147e-27
-9.56402e-28
-2.584e-28
-6.32598e-29
-1.74232e-29
-5.37775e-30
-1.42402e-30
-3.62286e-31
-6.23007e-32
-7.72214e-33
0
0
0
2.88421e-06
0
2.88421e-06
0
0
2.88421e-06
2.88421e-06
0
0
0
0
2.88421e-06
2.88421e-06
-2.88421e-06
0
0
0
2.88419e-06
-2.88415e-06
0
0
-2.88159e-06
0
0
2.82428e-06
-2.7418e-06
-5.60294e-17
-1.83726e-14
2.94731e-06
0.00056131
0.0495368
1.86375
33.8723
343.588
2192.33
9641.53
31771.2
84982.4
200112
437702
1.12159e+06
2.86059e+06
7.15522e+06
1.7259e+07
3.97504e+07
8.92353e+07
2.08463e+08
3.46812e+08
1.32672e+08
4.87178e+07
1.65557e+07
5.09831e+06
1.4667e+06
147306
1672.27
4.02685
0.00418606
7.23316e-06
6.52987e-08
4.27606e-09
-7.63541e-11
-1.92501e-11
-5.6338e-12
-1.68949e-12
-4.94898e-13
-1.40634e-13
-3.87807e-14
-1.02611e-14
-2.6313e-15
-6.53109e-16
-1.56793e-16
-3.65458e-17
-8.32596e-18
-1.84203e-18
-3.96036e-19
-8.40424e-20
-1.74849e-20
-3.66966e-21
-7.3753e-22
-1.7314e-22
-4.01931e-23
-1.2086e-23
-2.96881e-24
-8.03687e-25
-2.27272e-25
-5.32497e-26
-1.36555e-26
-3.4482e-27
-8.79204e-28
-2.35884e-28
-4.85171e-29
-1.5882e-29
-4.79139e-30
-1.2146e-30
-3.23545e-31
-6.96302e-32
-1.17795e-32
0
-2.88421e-06
0
-9.62167e-24
0
0
2.88421e-06
-2.88421e-06
-2.88421e-06
0
0
2.88421e-06
0
2.88421e-06
0
-2.88421e-06
2.88421e-06
0
-8.26495e-14
2.88421e-06
-1.32238e-12
-2.88415e-06
0
0
2.88158e-06
-2.87619e-06
2.86134e-06
0
0
-8.40254e-17
-1.86235e-14
3.00987e-06
0.000565898
0.0497243
1.86573
33.8375
342.684
2183.84
9594.89
31593.3
84454.6
198776
434685
1.11196e+06
2.83672e+06
7.09059e+06
1.71035e+07
3.94316e+07
8.8505e+07
2.06722e+08
3.48308e+08
1.33287e+08
4.89728e+07
1.66565e+07
5.13383e+06
1.47942e+06
152112
1770.09
4.34359
0.00455025
7.74128e-06
8.309e-08
4.26192e-09
-7.77204e-11
-1.95571e-11
-5.73016e-12
-1.71844e-12
-5.02139e-13
-1.43651e-13
-3.93843e-14
-1.04497e-14
-2.67845e-15
-6.6254e-16
-1.5974e-16
-3.743e-17
-2.98698e-16
-1.87887e-18
-4.09851e-19
-8.6345e-20
-1.79166e-20
-3.7596e-21
-7.6901e-22
-1.6808e-22
-4.32849e-23
-1.13131e-23
-2.96881e-24
-8.08079e-25
-2.21782e-25
-4.41918e-26
-1.35183e-26
-3.56828e-27
-9.52114e-28
-2.59472e-28
-7.18374e-29
-1.6083e-29
-5.14321e-30
-1.29837e-30
-3.81134e-31
-8.69068e-32
-1.51825e-32
0
0
-2.88421e-06
0
0
-2.88421e-06
2.88421e-06
-2.88421e-06
0
0
2.88421e-06
-2.88421e-06
2.88421e-06
0
0
-2.88421e-06
2.88421e-06
2.88421e-06
0
0
0
2.88415e-06
-2.88397e-06
2.8834e-06
0
2.87616e-06
-2.86129e-06
0
0
-8.4013e-17
-1.87735e-14
3.04107e-06
0.000568673
0.0498464
1.86672
33.8058
341.981
2177.34
9559.44
31458.7
84056.4
197770
432416
1.10469e+06
2.81873e+06
7.04169e+06
1.69857e+07
3.91904e+07
8.79533e+07
2.05408e+08
3.49447e+08
1.33754e+08
4.91663e+07
1.67329e+07
5.1608e+06
1.48893e+06
155791
1847.3
4.59811
0.00484282
8.14275e-06
8.27692e-08
4.25058e-09
-7.87832e-11
-1.97873e-11
-5.76867e-12
-1.73774e-12
-5.11795e-13
-1.45462e-13
-3.98369e-14
4.35496e-13
1.08808e-13
-2.85554e-14
-1.62688e-16
-3.80194e-17
-8.65752e-18
-1.91571e-18
-4.16758e-19
-8.7784e-20
-1.82044e-20
-3.77759e-21
-8.09484e-22
-1.93377e-22
-4.60956e-23
-1.39833e-23
-3.42555e-24
-9.57398e-25
-2.23978e-25
-5.87394e-26
-1.5028e-26
-3.2938e-27
-9.17803e-28
-2.59472e-28
-2.16607e-27
-1.70212e-29
-4.84165e-30
4.84839e-29
-2.34544e-31
-6.77978e-32
-6.77324e-33
-2.88421e-06
-2.88421e-06
0
0
-2.88421e-06
0
2.88421e-06
0
-2.88421e-06
0
0
-2.88421e-06
0
0
-2.88421e-06
0
0
0
2.88421e-06
-2.88421e-06
2.8842e-06
0
-2.88397e-06
-2.88339e-06
2.88157e-06
0
2.86125e-06
0
-2.74102e-06
-2.58614e-06
-1.88737e-14
2.97741e-06
0.000570696
0.0499177
1.86703
33.7797
341.47
2172.85
9535.42
31368.2
83790.1
197099
430905
1.09985e+06
2.80674e+06
7.00907e+06
1.69072e+07
3.90299e+07
8.75862e+07
2.04533e+08
3.50208e+08
1.34066e+08
4.92956e+07
1.6784e+07
5.17887e+06
1.49525e+06
158256
1899.98
4.77419
0.00504657
8.39245e-06
1.14366e-07
4.24324e-09
-7.93898e-11
-1.99408e-11
-2.33949e-10
-1.74739e-12
-5.16623e-13
-1.46669e-13
-4.02896e-14
-1.07138e-14
-2.7539e-15
-6.81402e-16
-1.64456e-16
-3.84615e-17
-8.76804e-18
-1.94334e-18
-4.19061e-19
-8.86475e-20
-1.84922e-20
-3.83156e-21
-8.04987e-22
-1.92252e-22
-5.25602e-23
-1.32103e-23
-3.09178e-24
-8.25646e-25
-1.97628e-25
-5.62691e-26
-1.48221e-26
-3.65406e-27
-1.02931e-27
1.24119e-26
-7.18374e-29
-1.84284e-29
-5.26048e-30
-1.04288e-30
-2.36638e-31
-3.15955e-30
-9.29275e-33
0
-2.88421e-06
-2.88421e-06
0
0
2.88421e-06
2.88421e-06
2.88421e-06
0
0
2.88421e-06
0
-2.88421e-06
2.88421e-06
-2.88421e-06
-2.88421e-06
2.88421e-06
-2.88421e-06
-2.88421e-06
-2.88421e-06
1.32238e-12
0
0
2.88339e-06
-2.88156e-06
-2.87614e-06
0
0
-2.74095e-06
-2.58603e-06
-1.8975e-14
2.97726e-06
0.000571345
0.0499462
1.86713
33.7666
341.218
2170.7
9523.98
31325.1
83662.8
196777
430178
1.09752e+06
2.80096e+06
6.99329e+06
1.68692e+07
3.89522e+07
8.74087e+07
2.04111e+08
3.50575e+08
1.34216e+08
4.93579e+07
1.68086e+07
5.18756e+06
1.49825e+06
159430
1924.97
4.85719
0.00514214
8.59322e-06
1.00625e-07
4.24051e-09
-7.96933e-11
-2.00176e-11
-5.82648e-12
-1.74739e-12
-5.14208e-13
-1.47273e-13
-4.04405e-14
-1.07515e-14
-2.76333e-15
-6.86118e-16
-1.65046e-16
-3.86089e-17
-8.80488e-18
-1.94334e-18
-4.23666e-19
-8.89353e-20
-1.86361e-20
-3.90351e-21
-8.3197e-22
-1.81572e-22
-4.80631e-23
-1.32806e-23
-3.03908e-24
-9.39831e-25
-2.17391e-25
-6.5876e-26
-1.80473e-26
-4.51182e-27
4.96432e-26
-2.99144e-28
-7.63943e-29
-1.64851e-29
-4.69088e-30
-1.10571e-30
-2.78521e-31
-7.01537e-32
-9.71812e-33
-2.88421e-06
-2.88421e-06
0
0
2.88421e-06
2.88421e-06
2.88421e-06
0
-2.88421e-06
0
-2.88421e-06
2.88421e-06
0
0
-2.88421e-06
0
0
-2.88421e-06
8.26495e-14
0
-1.32238e-12
0
-2.88397e-06
0
0
-2.87614e-06
2.86123e-06
-2.82384e-06
0
-8.40016e-17
-1.8975e-14
3.1039e-06
0.000571513
0.0499463
1.86713
33.7666
341.219
2170.7
9523.98
31325.2
83662.9
196777
430179
1.09753e+06
2.80098e+06
6.99335e+06
1.68693e+07
3.89525e+07
8.74096e+07
2.04113e+08
3.50572e+08
1.34215e+08
4.93574e+07
1.68084e+07
5.18749e+06
1.49823e+06
159422
1924.82
4.85675
0.00514169
8.62658e-06
8.69885e-08
4.24051e-09
-7.98463e-11
-1.99406e-11
2.22315e-10
-1.75704e-12
-5.16623e-13
-1.47876e-13
-4.04405e-14
-1.07515e-14
-2.76333e-15
-6.8376e-16
-1.65046e-16
-3.84615e-17
-8.80488e-18
-1.95255e-18
-4.21363e-19
-8.92231e-20
-1.84922e-20
-3.79558e-21
-8.3197e-22
-2.02371e-22
-5.87438e-23
-1.09618e-23
-2.84584e-24
-8.1247e-25
-1.76218e-25
-5.92884e-26
-1.37242e-26
-4.04863e-27
-1.06362e-27
-2.43389e-28
-6.54042e-29
-1.84284e-29
-4.60711e-30
-1.34863e-30
-2.78521e-31
-8.19333e-32
-1.4659e-32
0
0
1.73356e-33
2.88421e-06
0
0
0
0
-2.88421e-06
0
0
2.88421e-06
2.88421e-06
0
0
-2.88421e-06
0
-2.88421e-06
2.88421e-06
2.88421e-06
2.88419e-06
0
-2.88397e-06
2.88339e-06
0
0
-2.86125e-06
-2.82388e-06
0
-8.40051e-17
-1.89248e-14
3.19911e-06
0.000570695
0.0499182
1.86705
33.7798
341.466
2172.85
9535.41
31368.1
83789.7
197098
430904
1.09986e+06
2.80676e+06
7.00916e+06
1.69075e+07
3.90306e+07
8.75883e+07
2.04539e+08
3.50197e+08
1.34061e+08
4.92937e+07
1.67833e+07
5.17861e+06
1.49516e+06
158227
1899.52
4.77285
0.00504512
8.42598e-06
1.00729e-07
4.24385e-09
-7.93898e-11
-1.99408e-11
-5.80721e-12
-1.74739e-12
-5.14209e-13
-1.46669e-13
-4.04405e-14
-1.07138e-14
-2.74447e-15
-6.8376e-16
-1.64456e-16
-3.83141e-17
2.81456e-16
-1.94334e-18
-4.19061e-19
-8.86475e-20
-1.84203e-20
-3.79558e-21
-8.40964e-22
-1.82134e-22
-4.7782e-23
-1.39833e-23
-3.70662e-24
-1.01888e-24
-2.58014e-25
2.10332e-24
-1.38614e-26
-3.46535e-27
-9.26381e-28
-1.29512e-26
-7.82706e-29
-2.07739e-29
-5.22698e-30
-1.31093e-30
-3.79039e-31
-7.40802e-32
-1.19759e-32
-2.88421e-06
-2.88421e-06
0
2.88421e-06
2.88421e-06
2.88421e-06
2.88421e-06
-2.88421e-06
2.88421e-06
0
2.88421e-06
-2.88421e-06
-2.88421e-06
0
2.32675e-25
2.88421e-06
2.88421e-06
-2.88421e-06
0
0
2.8842e-06
0
0
-2.8834e-06
2.88157e-06
0
0
-2.82396e-06
-2.74118e-06
-8.4013e-17
-1.87735e-14
3.13614e-06
0.000568672
0.0498507
1.8668
33.8073
341.999
2177.39
9559.52
31458.6
84056
197769
432416
1.1047e+06
2.81877e+06
7.04187e+06
1.69863e+07
3.91918e+07
8.79571e+07
2.05418e+08
3.49431e+08
1.33747e+08
4.91633e+07
1.67317e+07
5.16038e+06
1.48879e+06
155754
1846.59
4.59589
0.00484032
8.1932e-06
8.27731e-08
4.25119e-09
-7.87833e-11
-1.97873e-11
-5.78797e-12
-1.73774e-12
-5.11795e-13
-1.44858e-13
-3.98369e-14
4.35496e-13
-2.72561e-15
2.72044e-14
-1.62688e-16
-3.80194e-17
2.8153e-16
-1.91571e-18
-4.16758e-19
-8.7784e-20
-1.82764e-20
-3.74162e-21
-7.73507e-22
-2.09117e-22
-4.7501e-23
-1.25077e-23
-3.60122e-24
-8.8713e-25
-2.3386e-25
-6.12098e-26
-1.68121e-26
-3.92854e-27
-1.00358e-27
-2.61617e-28
-6.48681e-29
-1.78253e-29
-3.88673e-30
4.84922e-29
-3.04697e-31
-8.53362e-32
-8.2784e-33
0
-2.88421e-06
0
0
0
0
2.88421e-06
2.88421e-06
-2.88421e-06
2.88421e-06
2.88421e-06
0
2.88421e-06
0
0
0
-2.88421e-06
2.88421e-06
0
0
-2.8842e-06
0
0
0
0
0
2.86134e-06
0
-2.74142e-06
-2.58677e-06
-1.86235e-14
3.04162e-06
0.000565897
0.0497266
1.86581
33.8386
342.692
2183.87
9594.94
31593.2
84454.1
198775
434686
1.11197e+06
2.83679e+06
7.09083e+06
1.71043e+07
3.94334e+07
8.85102e+07
2.06736e+08
3.48286e+08
1.33277e+08
4.89687e+07
1.66549e+07
5.13325e+06
1.47922e+06
152075
1769.36
4.34111
0.00454728
7.69172e-06
8.3094e-08
4.26194e-09
-7.78735e-11
-1.95571e-11
-5.71087e-12
-1.70879e-12
-5.04553e-13
-1.43048e-13
-3.93843e-14
-1.04497e-14
1.08846e-13
-6.64898e-16
-1.6033e-16
-3.743e-17
-2.98698e-16
-1.88808e-18
-4.07548e-19
-8.60571e-20
-1.79166e-20
-3.66966e-21
-7.91495e-22
-1.66956e-22
-4.52524e-23
-1.11726e-23
-3.28502e-24
3.36268e-23
-2.19587e-25
-6.06608e-26
-1.68121e-26
-4.11725e-27
-5.17962e-26
-2.8735e-28
-7.29096e-29
-1.92326e-29
-4.90867e-30
-1.10571e-30
-2.39779e-31
3.03207e-30
-1.09942e-32
-2.88421e-06
-2.88421e-06
0
2.88421e-06
2.88421e-06
0
0
2.88421e-06
0
0
2.88421e-06
-2.88421e-06
-2.88421e-06
-2.88421e-06
2.32675e-25
-2.96233e-20
0
2.88421e-06
-2.88421e-06
0
-2.88419e-06
2.88415e-06
0
2.8834e-06
2.88159e-06
0
0
0
0
-5.60295e-17
-1.83726e-14
3.04242e-06
0.000561477
0.0495368
1.86383
33.873
343.587
2192.29
9641.36
31770.7
84981.3
200111
437702
1.12161e+06
2.86067e+06
7.15554e+06
1.726e+07
3.97528e+07
8.92419e+07
2.08481e+08
3.46784e+08
1.3266e+08
4.87127e+07
1.65536e+07
5.09758e+06
1.46644e+06
147250
1671.29
4.02386
0.00418268
7.18358e-06
8.35041e-08
4.27547e-09
-7.62012e-11
-1.92501e-11
-5.6338e-12
-1.68949e-12
-4.97312e-13
-1.40634e-13
-3.86298e-14
-1.02611e-14
-2.62186e-15
-6.50751e-16
-1.56204e-16
-3.66932e-17
-8.32596e-18
-1.84203e-18
-3.98338e-19
-8.40424e-20
-1.74849e-20
-3.56173e-21
-7.78004e-22
-1.6527e-22
-4.34254e-23
-1.21563e-23
-3.19718e-24
-8.43212e-25
-2.21782e-25
-6.12098e-26
-1.37242e-26
-3.60259e-27
-9.17803e-28
-2.86277e-28
-7.10333e-29
-2.1176e-29
-5.26048e-30
-1.34444e-30
-3.41345e-31
-8.58598e-32
-8.08207e-33
-2.88421e-06
-2.88421e-06
-1.80556e-24
0
0
0
2.88421e-06
0
-4.5203e-25
-2.88421e-06
0
2.88421e-06
-2.88421e-06
0
-2.88421e-06
-2.96233e-20
-2.88421e-06
0
-8.26495e-14
2.88421e-06
2.8842e-06
2.88415e-06
-2.88398e-06
0
0
0
2.86153e-06
-2.82451e-06
0
-2.58804e-06
-1.80716e-14
3.04346e-06
0.000555301
0.0492665
1.86021
33.9009
344.602
2202.4
9698.27
31990.4
85637.6
201777
441468
1.13361e+06
2.89034e+06
7.23551e+06
1.7452e+07
4.01464e+07
9.01431e+07
2.10631e+08
3.4495e+08
1.31906e+08
4.83994e+07
1.64296e+07
5.05396e+06
1.45045e+06
141395
1556.1
3.6595
0.00376867
6.68252e-06
6.57694e-08
4.29297e-09
-7.43779e-11
-1.88663e-11
-5.51816e-12
-1.64123e-12
-4.85242e-13
-1.38219e-13
-3.77244e-14
-1.00347e-14
-2.55585e-15
-6.31888e-16
-1.52078e-16
-3.55143e-17
-8.06807e-18
-1.78677e-18
-3.86825e-19
-3.4849e-18
-1.69092e-20
-3.43581e-21
-6.99304e-22
-1.93377e-22
-3.99121e-23
-1.08212e-23
-2.89854e-24
-6.98285e-25
-2.06411e-25
-5.87394e-26
-1.31066e-26
-4.27164e-27
-1.23089e-27
-3.36671e-28
-8.73843e-29
-2.39905e-29
-5.83009e-30
-1.4994e-30
1.60806e-29
-9.73775e-32
-1.1256e-32
0
0
-2.88421e-06
0
2.88421e-06
0
-6.15787e-22
0
2.88421e-06
0
0
0
2.88421e-06
0
2.88421e-06
2.88421e-06
2.88421e-06
0
-2.88421e-06
2.88421e-06
0
2.88415e-06
2.88398e-06
0
2.88163e-06
0
2.86169e-06
2.82487e-06
0
-8.41011e-17
-1.76197e-14
3.01325e-06
0.000547657
0.0488474
1.85416
33.9191
345.769
2214.76
9766.42
32253.4
86424.2
203777
445986
1.14796e+06
2.92576e+06
7.3305e+06
1.76795e+07
4.0613e+07
9.12113e+07
2.1318e+08
3.42787e+08
1.31018e+08
4.80306e+07
1.62836e+07
5.0029e+06
1.43112e+06
134581
1427.18
3.26272
0.00332241
5.96925e-06
7.08571e-08
-4.31276e-10
-7.24035e-11
-1.84827e-11
-5.38324e-12
-1.61228e-12
-4.73173e-13
-1.33994e-13
-3.66681e-14
-9.6575e-15
-2.4804e-15
-6.10668e-16
-1.46773e-16
-3.43354e-17
-7.77335e-18
-1.72229e-18
-3.70708e-19
-7.82861e-20
-1.62616e-20
-3.36386e-21
-6.94807e-22
-1.46157e-22
-4.15985e-23
-9.06453e-24
-2.47694e-24
-7.8612e-25
-1.88844e-25
-5.54456e-26
-1.28321e-26
-4.16871e-27
-9.86424e-28
-3.09866e-28
-8.73843e-29
-1.91656e-29
-5.49502e-30
-1.44915e-30
-3.91604e-31
-1.03136e-31
-1.00781e-32
-2.88421e-06
-2.88421e-06
0
-2.88421e-06
-2.88421e-06
0
0
2.88421e-06
2.88421e-06
0
0
0
0
-2.88421e-06
-2.88421e-06
2.88421e-06
2.88421e-06
0
2.88421e-06
3.30598e-13
0
2.88415e-06
0
0
0
0
0
-2.82522e-06
-2.74363e-06
2.59022e-06
-1.71169e-14
2.79273e-06
0.000539122
0.0483784
1.84549
33.9006
346.683
2225.82
9839.18
32550.2
87331.1
206100
451245
1.1646e+06
2.96676e+06
7.43977e+06
1.79406e+07
4.11646e+07
9.24467e+07
2.16136e+08
3.40297e+08
1.29996e+08
4.76063e+07
1.61159e+07
4.94471e+06
1.40797e+06
126670
1276.7
2.83233
0.00285799
5.35843e-06
7.14496e-08
-4.11041e-10
1.74056e-09
-1.79452e-11
-5.22904e-12
-1.56885e-12
-4.56275e-13
-1.29166e-13
-3.54609e-14
-9.3557e-15
-2.38609e-15
-5.8709e-16
-1.40878e-16
-3.28617e-17
-7.44178e-18
-1.6394e-18
-3.55741e-19
-7.48323e-20
-1.54701e-20
-3.20196e-21
-6.52084e-22
-1.55713e-22
-3.47122e-23
-1.05402e-23
-2.91611e-24
-7.15852e-25
-1.9104e-25
-4.47408e-26
-1.26948e-26
-3.05363e-27
-8.74915e-28
-2.51967e-28
-3.23565e-27
-1.55469e-29
-4.27205e-30
-1.31931e-30
-3.60192e-31
-6.67507e-32
-9.58724e-33
0
0
-2.88421e-06
0
0
0
0
0
2.88421e-06
0
0
0
-2.88421e-06
-2.88421e-06
0
2.88421e-06
2.88421e-06
2.88421e-06
0
0
-2.8842e-06
0
-2.88399e-06
0
2.88169e-06
2.87648e-06
0
-2.82575e-06
2.74463e-06
2.59175e-06
-1.64625e-14
2.79477e-06
0.000527575
0.0477432
1.83436
33.8743
347.813
2240.28
9924.78
32891.5
88368.5
208754
457253
1.18353e+06
3.0133e+06
7.56309e+06
1.82347e+07
4.17966e+07
9.38451e+07
2.19486e+08
3.37491e+08
1.28845e+08
4.71288e+07
1.59274e+07
4.88e+06
1.38049e+06
118443
1140.61
2.42356
0.00240265
4.64688e-06
7.21008e-08
-3.89013e-10
-6.72337e-11
-1.73308e-11
-5.07486e-12
-1.50612e-12
-4.41792e-13
-1.24941e-13
-3.3952e-14
-8.94073e-15
-2.28234e-15
1.80108e-14
-1.34394e-16
-3.10934e-17
-7.07338e-18
-1.55651e-18
-3.35018e-19
-7.0515e-20
-1.46786e-20
-3.00408e-21
-6.13859e-22
-1.48968e-22
-3.61176e-23
-1.06807e-23
-2.78436e-24
-6.28017e-25
-1.35046e-25
-4.21332e-26
-9.26381e-27
-2.86492e-27
-8.06294e-28
-2.1444e-28
-5.70946e-29
-1.49438e-29
-1.35313e-28
-1.04707e-30
-1.26393e-29
-7.56508e-32
-9.55451e-33
0
0
0
0
0
-2.88421e-06
0
0
0
2.88421e-06
-2.88421e-06
0
0
6.05845e-17
-2.88421e-06
0
0
2.88421e-06
0
-2.88421e-06
0
2.88415e-06
2.88399e-06
2.88345e-06
-2.88172e-06
0
2.86435e-06
0
0
-2.59358e-06
-1.57585e-14
2.79731e-06
0.000513432
0.0468941
1.81715
33.7814
348.648
2254.67
10022
33273.6
89530.3
211734
464008
1.20473e+06
3.06539e+06
7.70045e+06
1.85618e+07
4.24965e+07
9.53995e+07
2.23212e+08
3.34394e+08
1.27574e+08
4.66021e+07
1.57198e+07
4.80954e+06
1.34884e+06
109514
994.388
2.02429
0.00197781
3.97979e-06
5.44382e-08
-3.65769e-10
-6.44965e-11
-1.66394e-11
-4.88209e-12
-1.45303e-12
-4.2248e-13
-1.18905e-13
-3.22921e-14
-8.48804e-15
-2.15974e-15
-5.30503e-16
-1.26731e-16
-2.9325e-17
-6.63129e-18
-1.4552e-18
-3.14296e-19
-6.61978e-20
-1.36713e-20
-2.86018e-21
-6.25101e-22
-1.4166e-22
-1.70077e-21
-1.06807e-23
-3.02151e-24
-6.52172e-25
-1.67984e-25
-4.50152e-26
-1.21459e-26
-2.25591e-27
-5.91854e-28
-1.66191e-28
-3.51145e-29
-9.34824e-30
1.28628e-28
-8.62786e-31
-2.58626e-31
-5.91595e-32
-6.57691e-33
0
0
0
0
-2.88421e-06
0
0
-2.88421e-06
1.97052e-20
0
2.88421e-06
0
2.88421e-06
2.88421e-06
2.88421e-06
0
0
0
0
0
0
0
0
2.88346e-06
0
0
2.86467e-06
0
-2.74718e-06
-5.62127e-17
-1.4902e-14
2.48223e-06
0.00049445
0.0456533
1.79282
33.6245
349.144
2267.7
10109.8
33671.3
90794.1
215021
471484
1.2281e+06
3.12271e+06
7.85075e+06
1.89193e+07
4.32569e+07
9.70932e+07
2.27273e+08
3.31047e+08
1.26203e+08
4.60341e+07
1.54958e+07
4.73202e+06
1.31926e+06
100122
862.317
1.66075
0.00158947
3.33214e-06
4.13056e-08
-3.41915e-10
-6.13e-11
-1.58711e-11
-4.67002e-12
-1.38547e-12
-4.00754e-13
-1.1287e-13
-3.06323e-14
-7.99762e-15
-2.01827e-15
-4.97494e-16
-1.1789e-16
-2.7262e-17
-6.18921e-18
-1.3631e-18
-2.92422e-19
-6.13049e-20
-1.27359e-20
-2.59934e-21
-5.8013e-22
-1.67518e-22
-3.63987e-23
-1.06104e-23
-2.95124e-24
-5.77513e-25
-1.50966e-25
-3.85649e-26
-1.10136e-26
-2.21302e-27
-6.36887e-28
-1.86563e-28
-4.22179e-29
-1.31344e-29
-3.45114e-30
-8.71162e-31
-2.29308e-31
-4.89505e-32
-9.16186e-33
0
0
1.80556e-24
-2.88421e-06
0
-1.53947e-22
2.88421e-06
2.88421e-06
0
1.13611e-28
0
0
0
-2.88421e-06
0
-2.88421e-06
0
0
0
2.88421e-06
0
0
0
0
2.88182e-06
0
-2.01796e-09
-1.21825e-13
2.74892e-06
-5.62723e-17
-1.38929e-14
2.32632e-06
0.000473014
0.0444605
1.76342
33.3705
348.968
2278.89
10201.8
34093
92152.6
218580
479598
1.25334e+06
3.18453e+06
8.01203e+06
1.93024e+07
4.40673e+07
9.89031e+07
2.31614e+08
3.27505e+08
1.24752e+08
4.54338e+07
1.52593e+07
4.65061e+06
1.28589e+06
90392.9
728.132
1.33037
0.00124758
2.79557e-06
4.19359e-08
-3.16838e-10
-5.77966e-11
-1.51797e-11
-4.43866e-12
-1.31308e-12
-3.80236e-13
-1.0623e-13
-2.86706e-14
-7.46948e-15
-1.8768e-15
-4.59769e-16
-1.09048e-16
-2.5641e-17
-7.11022e-18
-1.51046e-18
-3.14296e-19
-6.47587e-20
-1.31676e-20
-2.69828e-21
-5.68887e-22
-1.67518e-22
-3.58365e-23
-9.87261e-24
-2.62625e-24
-5.92884e-25
-1.66337e-25
-3.92511e-26
-9.46967e-27
-2.46177e-27
-6.30453e-28
-1.82274e-28
-4.3022e-29
-1.06215e-29
-3.23335e-30
-8.96292e-31
-1.8952e-31
-3.3768e-32
-7.19861e-33
-2.88421e-06
-2.88421e-06
0
0
3.84867e-23
0
2.88421e-06
2.88421e-06
0
0
0
0
0
0
0
-2.88421e-06
-2.88421e-06
2.88421e-06
0
0
-2.8842e-06
-2.88416e-06
2.88401e-06
0
-2.88188e-06
-2.87702e-06
0
1.21868e-13
0
-2.60181e-06
-1.27296e-14
2.10663e-06
0.000447514
0.0431281
1.73241
33.1144
349.018
2293.37
10317.7
34600.4
93659.7
222422
488273
1.28008e+06
3.24978e+06
8.18122e+06
1.97035e+07
4.49102e+07
1.00791e+08
2.36142e+08
3.23858e+08
1.23261e+08
4.48182e+07
1.50175e+07
4.56855e+06
1.24943e+06
80664.9
603.45
1.04561
0.000966865
2.27175e-06
4.25169e-08
-2.91717e-10
-5.4751e-11
-1.43341e-11
-4.18798e-12
-1.24069e-12
-1.46302e-11
-9.89876e-14
-2.6558e-14
-6.90361e-15
-1.74477e-15
-4.19687e-16
-1.00206e-16
-2.57884e-17
-6.11552e-18
-1.89729e-18
-3.84523e-19
-7.6847e-20
-1.51104e-20
-3.04006e-21
2.59644e-20
-1.4447e-22
-3.58365e-23
-2.84755e-22
-1.82696e-24
-4.45761e-25
-1.1144e-25
-3.26635e-26
-8.71484e-27
-2.08436e-27
-6.54042e-28
-1.92996e-28
-5.11975e-29
-1.21293e-29
-3.35062e-30
-9.13045e-31
-1.81143e-31
-3.88725e-32
-3.94813e-31
-2.88421e-06
0
0
-2.88421e-06
0
0
0
2.88421e-06
0
-2.88421e-06
0
2.88421e-06
0
-2.88421e-06
0
0
2.88421e-06
0
-2.88421e-06
-2.88421e-06
0
-1.21335e-16
0
2.88359e-06
0
2.87725e-06
0
-2.8302e-06
0
2.60543e-06
-1.16156e-14
2.11034e-06
0.000422321
0.0412487
1.69069
32.7485
348.34
2303.95
10412.9
35019.5
95138.7
226369
497271
1.30771e+06
3.31709e+06
8.35504e+06
2.01155e+07
4.57727e+07
1.02731e+08
2.40808e+08
3.20182e+08
1.21759e+08
4.41978e+07
1.47737e+07
4.48781e+06
1.20598e+06
70356.2
471.08
0.76584
0.000701081
1.78747e-06
2.92705e-08
-2.64778e-10
-5.06325e-11
-1.34501e-11
-3.89871e-12
-1.15381e-12
-3.30748e-13
-9.11411e-14
-2.44455e-14
-6.30001e-15
-1.575e-15
-3.81962e-16
-9.25433e-17
-2.59357e-17
-7.99439e-18
-1.7315e-18
-3.64951e-19
-7.48323e-20
-1.50384e-20
-3.00408e-21
-6.5883e-22
-1.47843e-22
-3.76635e-23
-1.00834e-23
-2.80192e-24
-5.33595e-25
-1.4328e-25
-3.71925e-26
-1.10479e-26
-2.42746e-27
-6.36886e-28
-1.64583e-28
-4.66407e-29
-1.29334e-29
-1.35296e-28
-8.62785e-31
-2.31402e-31
-5.183e-32
-8.47472e-33
-2.88421e-06
0
-2.88421e-06
0
0
-2.88421e-06
0
2.88421e-06
0
0
0
0
1.51461e-17
1.85145e-21
-2.88421e-06
2.88421e-06
2.88421e-06
2.88421e-06
-2.88421e-06
0
-2.8842e-06
2.88416e-06
-2.88402e-06
2.88355e-06
-2.88203e-06
0
0
2.83153e-06
-2.75609e-06
-2.61019e-06
-1.01946e-14
1.73097e-06
0.000390265
0.0393235
1.64008
32.2493
346.981
2314.36
10524.4
35555.4
96742.7
230433
506333
1.33507e+06
3.38304e+06
8.52363e+06
2.05133e+07
4.65986e+07
1.04597e+08
2.45299e+08
3.16701e+08
1.20344e+08
4.36141e+07
1.45441e+07
4.41358e+06
1.16094e+06
62777
397.745
0.588173
0.000519225
1.45064e-06
2.05053e-08
-2.414e-10
-4.72764e-11
-1.25655e-11
-3.68659e-12
-1.07176e-12
-3.054e-13
-8.42e-14
-9.14448e-13
-5.71528e-15
-1.41939e-15
1.35951e-14
3.39907e-15
-2.46095e-17
-7.99439e-18
-1.67624e-18
-3.47682e-19
-7.08028e-20
-1.42469e-20
-2.85118e-21
-5.84627e-22
-1.58524e-22
-3.24637e-23
-4.25087e-22
-2.6526e-24
-6.41192e-25
-1.67435e-25
-4.21331e-26
-1.08421e-26
-2.81345e-27
-7.29096e-28
-1.71016e-28
-5.14656e-29
-1.45417e-29
-3.60192e-30
-1.001e-30
-2.67003e-31
-5.60182e-32
-7.91846e-33
0
-2.88421e-06
0
-2.88421e-06
-2.88421e-06
-2.88421e-06
0
0
0
2.88421e-06
0
2.88421e-06
0
-5.81687e-26
0
0
0
-2.88421e-06
0
2.88421e-06
2.8842e-06
2.88416e-06
2.88403e-06
2.88359e-06
2.88215e-06
0
0
0
0
0
-9.07522e-15
1.63815e-06
0.000363085
0.0373692
1.601
31.9536
346.985
2328.71
10632.5
35999
98212.6
234162
514486
1.35922e+06
3.44057e+06
8.66954e+06
2.08564e+07
4.73093e+07
1.06186e+08
2.49149e+08
3.13848e+08
1.19191e+08
4.31391e+07
1.4356e+07
4.35223e+06
1.12496e+06
55678
318.601
0.43812
0.000376099
1.11428e-06
2.09735e-08
-2.15883e-10
-4.31531e-11
-1.15269e-11
-3.35868e-12
-9.70396e-13
-2.74017e-13
-7.51464e-14
-1.96922e-14
-5.01738e-15
-1.24491e-15
-3.02976e-16
-7.72177e-17
-2.5641e-17
-5.96816e-18
5.31336e-17
-2.8206e-19
-5.87145e-20
-1.20163e-20
-2.41946e-21
-5.8013e-22
-1.24795e-22
-3.52744e-23
-9.97801e-24
-2.59112e-24
-6.7413e-25
-1.82257e-25
-4.41918e-26
-1.15969e-26
-3.03647e-27
-7.93427e-28
-1.56541e-28
-4.74448e-29
-1.33355e-29
-3.71919e-30
-8.66974e-31
-2.27214e-31
-5.57565e-32
-9.58723e-33
0
0
0
0
-2.88421e-06
-2.88421e-06
2.88421e-06
0
-2.88421e-06
0
2.88421e-06
0
0
0
2.88421e-06
0
0
0
0
0
-2.8842e-06
-2.88417e-06
-1.58809e-11
-2.88362e-06
0
0
0
2.8349e-06
0
-2.83781e-17
-7.6989e-15
1.41806e-06
0.000322539
0.0347627
1.52988
31.2676
345.566
2344.67
10766.8
36520.7
99608.2
237242
520496
1.37535e+06
3.4753e+06
8.75151e+06
2.10409e+07
4.76817e+07
1.07098e+08
2.51412e+08
3.12328e+08
1.18613e+08
4.29078e+07
1.42624e+07
4.321e+06
1.10107e+06
49654.2
255.901
0.322058
0.0002697
8.63258e-07
2.1359e-08
-1.94836e-10
-3.99446e-11
-1.06804e-11
-3.0886e-12
-8.88337e-13
-2.49876e-13
-6.76017e-14
-1.76551e-14
1.44105e-13
-1.0893e-15
-2.68788e-16
-7.63335e-17
-2.46094e-17
-6.07868e-18
-1.29402e-18
-2.6364e-19
-5.38217e-20
-1.07212e-20
-2.11365e-21
-4.42967e-22
-1.27044e-22
-3.03556e-23
-7.55377e-24
-2.16073e-24
-5.62141e-25
-1.34497e-25
1.58693e-24
-9.12656e-27
-2.45319e-27
-6.51897e-28
-1.44747e-28
-3.53826e-29
-9.91784e-30
-2.01875e-30
-5.361e-31
-1.56013e-31
-4.07048e-32
-5.66072e-33
0
0
-2.88421e-06
0
0
0
0
0
2.88421e-06
0
0
2.88421e-06
0
-2.88421e-06
0
2.88421e-06
0
0
0
-2.88421e-06
-9.92612e-13
0
0
2.88367e-06
0
0
0
0
2.76737e-06
-2.84544e-17
-6.52219e-15
1.16327e-06
0.000301402
0.033497
1.51286
31.3203
348.24
2368.93
10890.2
36955
100606
238735
521881
1.37598e+06
3.47078e+06
8.72988e+06
2.09721e+07
4.7532e+07
1.0678e+08
2.50647e+08
3.13099e+08
1.19004e+08
4.30894e+07
1.43347e+07
4.34756e+06
1.09836e+06
46548.4
220.992
0.250847
0.000195851
6.50067e-07
2.17573e-08
-1.70443e-10
-3.56622e-11
-9.52559e-12
-2.73167e-12
-7.79727e-13
-2.14871e-13
-5.73408e-14
-1.4788e-14
-3.69701e-15
-9.10107e-16
-2.31064e-16
-6.60182e-17
-2.2178e-17
-4.93663e-18
-1.05456e-18
-2.17589e-19
-4.43237e-20
-8.85035e-21
-1.75388e-21
-3.84505e-22
-1.07931e-22
-2.22046e-23
-6.11328e-24
-1.72156e-24
-4.67719e-25
-1.23517e-25
-3.11538e-26
-6.89638e-27
-1.68121e-27
-4.33168e-28
-1.06684e-28
-2.47946e-29
-7.37137e-30
-1.62505e-30
-5.19346e-31
-1.42401e-31
-3.18047e-32
-5.36623e-33
0
-2.88421e-06
-2.88421e-06
-2.88421e-06
0
0
0
-2.88421e-06
0
0
2.88421e-06
1.81777e-27
0
0
2.88421e-06
2.88421e-06
0
2.88421e-06
0
-2.88421e-06
-2.8842e-06
0
1.05786e-11
-2.88371e-06
0
-5.07261e-10
0
0
-2.77093e-06
2.61391e-06
-5.59809e-15
1.10178e-06
0.00027306
0.0318072
1.47852
31.3165
352.144
2406.45
11063.8
37440
101221
238911
520041
1.36562e+06
3.43392e+06
8.61361e+06
2.06592e+07
4.6834e+07
1.05186e+08
2.46683e+08
3.16462e+08
1.20508e+08
4.37238e+07
1.45748e+07
4.43057e+06
1.11761e+06
44429.8
186.513
0.182492
0.000142313
5.15208e-07
7.9585e-09
-1.55063e-10
-3.27536e-11
-8.79403e-12
7.35253e-11
-7.04903e-13
-1.93143e-13
-5.10032e-14
-1.30527e-14
-3.22546e-15
-7.87502e-16
-1.96876e-16
-5.71764e-17
-1.93781e-17
-4.14455e-18
-8.74961e-19
-1.79597e-19
-3.65527e-20
-7.30334e-21
-1.45707e-21
-3.00183e-22
-8.03862e-23
-2.26262e-23
-5.25251e-24
-1.51075e-24
-4.30389e-25
-1.08695e-25
-2.31938e-26
-6.41604e-27
-1.46677e-27
-3.77414e-28
-9.97145e-29
-2.26502e-29
-6.26566e-30
-1.4659e-30
-4.04169e-31
-9.63304e-32
-1.94362e-32
-1.32125e-31
0
-2.88421e-06
1.80556e-24
-2.88421e-06
0
0
0
0
0
-2.88421e-06
0
0
-2.88421e-06
9.25726e-22
0
6.45699e-16
2.88421e-06
2.88421e-06
2.88421e-06
-2.88421e-06
0
0
-2.8841e-06
2.88379e-06
0
0
3.09075e-14
0
-2.77946e-06
-2.86613e-17
3.65069e-08
8.79051e-07
0.000249022
0.0311979
1.5028
32.2644
364.959
2492.96
11380.3
38031.7
101812
237944
513476
1.33699e+06
3.34527e+06
8.35284e+06
1.99836e+07
4.53413e+07
1.01816e+08
2.38472e+08
3.23059e+08
1.23472e+08
4.50138e+07
1.50817e+07
4.59926e+06
1.168e+06
45946.2
177.528
0.151686
9.57013e-05
3.57873e-07
1.5412e-08
-1.2454e-10
-2.68546e-11
-7.17616e-12
-1.99836e-12
-5.48006e-13
-1.46066e-13
-3.75735e-14
-9.3557e-15
-2.28234e-15
-5.58796e-16
-1.50309e-16
-5.03978e-17
-1.16048e-17
-2.52357e-18
-5.34187e-19
-1.10521e-19
-2.25216e-20
-4.53311e-21
-9.12917e-22
-2.30478e-22
-6.60516e-23
-1.65129e-23
-4.16336e-24
-1.10672e-24
1.26867e-23
-8.89325e-26
-2.06548e-26
-4.87207e-27
-1.39815e-27
-3.62403e-28
-7.26415e-29
-1.84954e-29
-5.36099e-30
-1.34863e-30
-2.84803e-31
-6.80595e-32
-1.64913e-32
-2.91216e-33
)
;

boundaryField
{
    fuel
    {
        type            calculated;
        value           uniform 0;
    }
    air
    {
        type            calculated;
        value           uniform 0;
    }
    outlet
    {
        type            calculated;
        value           uniform 0;
    }
    frontAndBack
    {
        type            empty;
    }
}


// ************************************************************************* //
