/*--------------------------------*- C++ -*----------------------------------*\
  =========                 |
  \\      /  F ield         | OpenFOAM: The Open Source CFD Toolbox
   \\    /   O peration     | Website:  https://openfoam.org
    \\  /    A nd           | Version:  11
     \\/     M anipulation  |
\*---------------------------------------------------------------------------*/
FoamFile
{
    format      ascii;
    class       volScalarField;
    location    "0.1";
    object      T;
}
// * * * * * * * * * * * * * * * * * * * * * * * * * * * * * * * * * * * * * //

dimensions      [0 0 0 1 0 0 0];

internalField   nonuniform List<scalar> 
4000
(
293
293
293
293
293
293
293
293
293
293
293
293
293
293
293
293
293
293
293
293
293.001
293.003
293.013
293.047
293.163
293.532
294.632
297.674
305.339
322.528
355.443
406.128
473.072
552.456
640.533
735.342
835.697
940.689
1049.27
1161
1275.47
1391.68
1508.53
1624.85
1739.23
1849.78
1953.46
2039.83
2103.57
2125.36
2044.77
1830.29
1578.66
1329.75
1100.96
899.943
708.732
551.922
435.29
359.604
320.633
303.401
296.625
294.186
293.367
293.108
293.03
293.008
293.002
293
293
293
293
293
293
293
293
293
293
293
293
293
293
293
293
293
293
293
293
293
293
293
293
293
293
293
293
293
293
293
293
293
293
293
293
293
293
293
293
293
293
293
293
293
293
293
293
293
293
293
293.001
293.004
293.016
293.057
293.193
293.616
294.85
298.183
306.389
324.374
357.793
408.364
474.55
552.955
640.226
734.414
834.144
938.532
1046.75
1158.63
1273.01
1389.24
1506.34
1623.14
1738.21
1849.55
1953.99
2040.32
2103.67
2123.59
2037.76
1821.44
1570.09
1322.81
1096.42
897.759
708.41
553.587
437.964
363.146
323.135
304.718
297.208
294.417
293.451
293.137
293.04
293.011
293.003
293.001
293
293
293
293
293
293
293
293
293
293
293
293
293
293
293
293
293
293
293
293
293
293
293
293
293
293
293
293
293
293
293
293
293
293
293
293
293
293
293
293
293
293
293
293
293
293
293
293
293
293
293.001
293.005
293.017
293.061
293.205
293.65
294.939
298.394
306.831
325.174
358.903
409.726
475.994
554.116
641.096
734.74
833.959
937.906
1045.71
1157.15
1271.6
1387.95
1505.2
1622.2
1737.58
1849.33
1954.19
2040.53
2103.7
2122.77
2034.51
1817.59
1566.81
1320.74
1095.91
899.122
711.542
557.943
442.513
366.044
324.545
305.359
297.481
294.524
293.491
293.15
293.044
293.012
293.003
293.001
293
293
293
293
293
293
293
293
293
293
293
293
293
293
293
293
293
293
293
293
293
293
293
293
293
293
293
293
293
293
293
293
293
293
293
293
293
293
293
293
293
293
293
293
293
293
293
293
293
293
293.001
293.005
293.019
293.067
293.223
293.7
295.065
298.681
307.407
326.16
360.153
411.011
477.12
554.982
641.59
734.957
833.916
937.656
1045.26
1156.42
1270.55
1386.76
1504.08
1621.34
1736.96
1848.94
1954.02
2040.45
2103.65
2122.61
2033.95
1817.07
1566.7
1321.34
1097.43
901.852
715.012
561.693
446.175
369.024
326.318
306.252
297.877
294.684
293.55
293.171
293.051
293.014
293.004
293.001
293
293
293
293
293
293
293
293
293
293
293
293
293
293
293
293
293
293
293
293
293
293
293
293
293
293
293
293
293
293
293
293
293
293
293
293
293
293
293
293
293
293
293
293
293
293
293
293
293
293
293.001
293.005
293.02
293.07
293.233
293.729
295.142
298.872
307.835
326.998
361.438
412.635
478.82
556.576
643.092
736.164
834.76
938.105
1045.34
1156.22
1270.12
1386.14
1503.29
1620.41
1736
1848.03
1953.24
2039.99
2103.46
2123.08
2036.01
1820.07
1570.45
1325.77
1102.31
906.97
720.59
567.177
450.661
372.122
327.955
307.008
298.192
294.805
293.594
293.186
293.055
293.016
293.004
293.001
293
293
293
293
293
293
293
293
293
293
293
293
293
293
293
293
293
293
293
293
293
293
293
293
293
293
293
293
293
293
293
293
293
293
293
293
293
293
293
293
293
293
293
293
293
293
293
293
293
293
293.002
293.006
293.022
293.075
293.246
293.766
295.234
299.077
308.237
327.672
362.314
413.642
479.925
557.752
643.963
736.82
835.232
938.4
1045.46
1156.15
1269.85
1385.69
1502.67
1619.63
1735.09
1847.04
1952.24
2039.36
2103.2
2123.87
2039.42
1824.74
1575.78
1331.44
1108.03
912.736
726.49
572.842
455.066
375.202
329.655
307.832
298.55
294.948
293.647
293.204
293.062
293.018
293.005
293.001
293
293
293
293
293
293
293
293
293
293
293
293
293
293
293
293
293
293
293
293
293
293
293
293
293
293
293
293
293
293
293
293
293
293
293
293
293
293
293
293
293
293
293
293
293
293
293
293
293
293
293.002
293.006
293.022
293.077
293.254
293.789
295.297
299.234
308.587
328.348
363.319
414.862
481.166
558.818
644.995
737.71
835.927
938.875
1045.7
1156.16
1269.64
1385.26
1502.03
1618.8
1734.09
1845.91
1951.06
2038.56
2102.86
2124.78
2043.38
1830.07
1581.74
1337.61
1114.05
918.498
732.32
577.24
459.065
378.11
331.241
308.574
298.861
295.068
293.69
293.219
293.066
293.019
293.005
293.001
293
293
293
293
293
293
293
293
293
293
293
293
293
293
293
293
293
293
293
293
293
293
293
293
293
293
293
293
293
293
293
293
293
293
293
293
293
293
293
293
293
293
293
293
293
293
293
293
293
293
293.002
293.006
293.023
293.081
293.264
293.815
295.363
299.383
308.884
328.864
364.03
415.728
482.133
559.863
645.869
738.427
836.484
939.26
1045.9
1156.17
1269.44
1384.85
1501.41
1617.98
1733.09
1844.76
1949.85
2037.74
2102.5
2125.71
2047.49
1835.57
1587.83
1343.89
1120.25
924.728
739.24
583.72
463.873
381.28
332.92
309.36
299.194
295.198
293.738
293.235
293.072
293.021
293.006
293.002
293
293
293
293
293
293
293
293
293
293
293
293
293
293
293
293
293
293
293
293
293
293
293
293
293
293
293
293
293
293
293
293
293
293
293
293
293
293
293
293
293
293
293
293
293
293
293
293
293
293
293.002
293.007
293.024
293.083
293.271
293.834
295.412
299.5
309.136
329.329
364.694
416.512
482.922
560.56
646.524
738.995
836.929
939.557
1046.03
1156.12
1269.2
1384.41
1500.77
1617.14
1732.07
1843.61
1948.64
2036.9
2102.12
2126.59
2051.45
1840.83
1593.57
1349.68
1125.79
929.906
745.056
588.688
467.644
383.825
334.301
310.015
299.473
295.308
293.778
293.249
293.076
293.022
293.006
293.002
293
293
293
293
293
293
293
293
293
293
293
293
293
293
293
293
293
293
293
293
293
293
293
293
293
293
293
293
293
293
293
293
293
293
293
293
293
293
293
293
293
293
293
293
293
293
293
293
293
293
293.002
293.007
293.025
293.085
293.277
293.851
295.457
299.605
309.355
329.725
365.258
417.196
483.637
561.197
647.147
739.532
837.344
939.823
1046.13
1156.04
1268.94
1383.96
1500.14
1616.32
1731.08
1842.49
1947.47
2036.09
2101.75
2127.43
2055.25
1845.86
1599.04
1355.18
1131.02
934.72
750.374
593.259
471.187
386.288
335.663
310.666
299.751
295.416
293.818
293.263
293.081
293.024
293.007
293.002
293
293
293
293
293
293
293
293
293
293
293
293
293
293
293
293
293
293
293
293
293
293
293
293
293
293
293
293
293
293
293
293
293
293
293
293
293
293
293
293
293
293
293
293
293
293
293
293
293
293
293.002
293.007
293.025
293.087
293.282
293.866
295.494
299.691
309.534
330.045
365.713
417.757
484.265
561.86
647.684
739.95
837.639
939.988
1046.15
1155.92
1268.65
1383.51
1499.51
1615.52
1730.13
1841.42
1946.35
2035.31
2101.38
2128.2
2058.79
1850.55
1604.13
1360.28
1135.86
939.139
755.18
597.162
474.396
388.545
336.904
311.257
300.003
295.515
293.854
293.276
293.085
293.025
293.007
293.002
293.001
293
293
293
293
293
293
293
293
293
293
293
293
293
293
293
293
293
293
293
293
293
293
293
293
293
293
293
293
293
293
293
293
293
293
293
293
293
293
293
293
293
293
293
293
293
293
293
293
293
293.002
293.007
293.026
293.088
293.286
293.877
295.522
299.759
309.678
330.308
366.09
418.209
484.731
562.312
648.086
740.275
837.868
940.104
1046.15
1155.77
1268.36
1383.06
1498.91
1614.77
1729.24
1840.42
1945.31
2034.58
2101.04
2128.91
2062.04
1854.85
1608.8
1364.96
1140.3
943.243
759.686
601.048
477.391
390.591
338.019
311.787
300.23
295.604
293.887
293.287
293.089
293.026
293.007
293.002
293.001
293
293
293
293
293
293
293
293
293
293
293
293
293
293
293
293
293
293
293
293
293
293
293
293
293
293
293
293
293
293
293
293
293
293
293
293
293
293
293
293
293
293
293
293
293
293
293
293
293
293.002
293.007
293.026
293.089
293.29
293.887
295.55
299.821
309.804
330.529
366.394
418.57
485.121
562.658
648.377
740.498
838.01
940.152
1046.09
1155.6
1268.06
1382.63
1498.34
1614.07
1728.42
1839.5
1944.36
2033.91
2100.72
2129.53
2064.96
1858.71
1612.98
1369.13
1144.25
946.859
763.574
604.254
479.99
392.423
339.034
312.274
300.438
295.686
293.917
293.297
293.092
293.027
293.008
293.002
293.001
293
293
293
293
293
293
293
293
293
293
293
293
293
293
293
293
293
293
293
293
293
293
293
293
293
293
293
293
293
293
293
293
293
293
293
293
293
293
293
293
293
293
293
293
293
293
293
293
293.001
293.002
293.007
293.026
293.09
293.292
293.894
295.567
299.863
309.893
330.69
366.621
418.832
485.364
562.916
648.608
740.676
838.117
940.175
1046.02
1155.43
1267.78
1382.23
1497.82
1613.44
1727.68
1838.69
1943.52
2033.31
2100.44
2130.08
2067.53
1862.11
1616.66
1372.82
1147.75
950.092
767.142
607.46
482.386
394.033
339.908
312.69
300.616
295.756
293.942
293.306
293.095
293.028
293.008
293.002
293.001
293
293
293
293
293
293
293
293
293
293
293
293
293
293
293
293
293
293
293
293
293
293
293
293
293
293
293
293
293
293
293
293
293
293
293
293
293
293
293
293
293
293
293
293
293
293
293
293
293.001
293.002
293.007
293.027
293.091
293.295
293.901
295.585
299.905
309.979
330.841
366.829
419.079
485.632
563.147
648.793
740.808
838.187
940.175
1045.94
1155.26
1267.52
1381.87
1497.37
1612.88
1727.04
1837.97
1942.78
2032.79
2100.18
2130.55
2069.75
1865.04
1619.82
1375.97
1150.74
952.806
770.062
609.955
484.338
395.386
340.66
313.053
300.772
295.817
293.965
293.314
293.098
293.029
293.008
293.002
293.001
293
293
293
293
293
293
293
293
293
293
293
293
293
293
293
293
293
293
293
293
293
293
293
293
293
293
293
293
293
293
293
293
293
293
293
293
293
293
293
293
293
293
293
293
293
293
293
293
293.001
293.002
293.007
293.027
293.092
293.296
293.906
295.597
299.932
310.035
330.944
366.977
419.259
485.819
563.317
648.931
740.903
838.232
940.162
1045.86
1155.11
1267.29
1381.56
1496.97
1612.41
1726.5
1837.37
1942.17
2032.35
2099.97
2130.94
2071.62
1867.5
1622.47
1378.61
1153.23
955.069
772.482
612.027
485.962
396.513
341.286
313.353
300.9
295.868
293.983
293.321
293.1
293.03
293.009
293.002
293.001
293
293
293
293
293
293
293
293
293
293
293
293
293
293
293
293
293
293
293
293
293
293
293
293
293
293
293
293
293
293
293
293
293
293
293
293
293
293
293
293
293
293
293
293
293
293
293
293
293.001
293.002
293.008
293.027
293.092
293.298
293.91
295.607
299.956
310.083
331.027
367.091
419.39
485.95
563.434
649.024
740.963
838.251
940.136
1045.79
1154.98
1267.1
1381.31
1496.65
1612.03
1726.05
1836.88
1941.66
2031.99
2099.79
2131.26
2073.13
1869.49
1624.61
1380.73
1155.24
956.885
774.42
613.689
487.269
397.422
341.799
313.599
301.005
295.909
293.998
293.326
293.101
293.03
293.009
293.002
293.001
293
293
293
293
293
293
293
293
293
293
293
293
293
293
293
293
293
293
293
293
293
293
293
293
293
293
293
293
293
293
293
293
293
293
293
293
293
293
293
293
293
293
293
293
293
293
293
293
293.001
293.002
293.008
293.027
293.092
293.299
293.912
295.614
299.971
310.114
331.083
367.168
419.48
486.04
563.514
649.085
740.999
838.258
940.109
1045.72
1154.87
1266.94
1381.11
1496.41
1611.73
1725.71
1836.51
1941.28
2031.71
2099.65
2131.5
2074.27
1870.98
1626.22
1382.33
1156.75
958.251
775.875
614.943
488.257
398.106
342.196
313.786
301.084
295.94
294.01
293.33
293.103
293.031
293.009
293.002
293.001
293
293
293
293
293
293
293
293
293
293
293
293
293
293
293
293
293
293
293
293
293
293
293
293
293
293
293
293
293
293
293
293
293
293
293
293
293
293
293
293
293
293
293
293
293
293
293
293
293.001
293.002
293.008
293.027
293.093
293.299
293.914
295.618
299.981
310.135
331.118
367.216
419.535
486.095
563.562
649.12
741.018
838.259
940.087
1045.67
1154.79
1266.84
1380.97
1496.24
1611.53
1725.48
1836.26
1941.02
2031.52
2099.56
2131.65
2075.03
1871.98
1627.29
1383.39
1157.75
959.157
776.836
615.772
488.911
398.559
342.458
313.908
301.135
295.959
294.017
293.332
293.103
293.031
293.009
293.002
293.001
293
293
293
293
293
293
293
293
293
293
293
293
293
293
293
293
293
293
293
293
293
293
293
293
293
293
293
293
293
293
293
293
293
293
293
293
293
293
293
293
293
293
293
293
293
293
293
293
293.001
293.002
293.008
293.027
293.093
293.3
293.915
295.62
299.985
310.143
331.134
367.237
419.56
486.12
563.583
649.136
741.027
838.258
940.076
1045.65
1154.76
1266.79
1380.9
1496.15
1611.43
1725.37
1836.13
1940.89
2031.43
2099.51
2131.73
2075.39
1872.46
1627.8
1383.9
1158.23
959.586
777.289
616.158
489.212
398.765
342.578
313.963
301.158
295.968
294.02
293.333
293.104
293.031
293.009
293.002
293.001
293
293
293
293
293
293
293
293
293
293
293
293
293
293
293
293
293
293
293
293
293
293
293
293
293
293
293
293
293
293
293
293
293
293
293
293
293
293
293
293
293
293
293
293
293
293
293
293
293.001
293.002
293.008
293.027
293.093
293.3
293.915
295.62
299.985
310.143
331.134
367.238
419.56
486.12
563.584
649.136
741.028
838.259
940.077
1045.65
1154.76
1266.79
1380.9
1496.15
1611.43
1725.37
1836.13
1940.89
2031.43
2099.51
2131.73
2075.39
1872.45
1627.8
1383.89
1158.23
959.584
777.287
616.156
489.21
398.765
342.578
313.963
301.158
295.968
294.02
293.333
293.104
293.031
293.009
293.002
293.001
293
293
293
293
293
293
293
293
293
293
293
293
293
293
293
293
293
293
293
293
293
293
293
293
293
293
293
293
293
293
293
293
293
293
293
293
293
293
293
293
293
293
293
293
293
293
293
293
293.001
293.002
293.008
293.027
293.093
293.299
293.914
295.618
299.981
310.134
331.118
367.216
419.535
486.096
563.563
649.121
741.02
838.261
940.089
1045.68
1154.8
1266.84
1380.97
1496.24
1611.53
1725.49
1836.26
1941.02
2031.52
2099.56
2131.65
2075.02
1871.97
1627.28
1383.38
1157.74
959.149
776.826
615.765
488.907
398.556
342.457
313.907
301.134
295.959
294.017
293.332
293.103
293.031
293.009
293.002
293.001
293
293
293
293
293
293
293
293
293
293
293
293
293
293
293
293
293
293
293
293
293
293
293
293
293
293
293
293
293
293
293
293
293
293
293
293
293
293
293
293
293
293
293
293
293
293
293
293
293.001
293.002
293.008
293.027
293.092
293.299
293.912
295.614
299.971
310.114
331.083
367.168
419.48
486.041
563.516
649.087
741.002
838.262
940.113
1045.73
1154.87
1266.95
1381.11
1496.41
1611.74
1725.72
1836.52
1941.28
2031.71
2099.66
2131.5
2074.26
1870.97
1626.2
1382.32
1156.74
958.24
775.864
614.933
488.249
398.1
342.193
313.784
301.083
295.939
294.01
293.33
293.103
293.031
293.009
293.002
293.001
293
293
293
293
293
293
293
293
293
293
293
293
293
293
293
293
293
293
293
293
293
293
293
293
293
293
293
293
293
293
293
293
293
293
293
293
293
293
293
293
293
293
293
293
293
293
293
293
293.001
293.002
293.008
293.027
293.092
293.298
293.91
295.607
299.956
310.083
331.027
367.091
419.391
485.952
563.437
649.026
740.966
838.256
940.141
1045.79
1154.98
1267.1
1381.32
1496.66
1612.04
1726.06
1836.89
1941.67
2031.99
2099.79
2131.26
2073.11
1869.47
1624.59
1380.72
1155.23
956.873
774.411
613.68
487.261
397.416
341.795
313.597
301.004
295.909
293.998
293.326
293.101
293.03
293.009
293.002
293.001
293
293
293
293
293
293
293
293
293
293
293
293
293
293
293
293
293
293
293
293
293
293
293
293
293
293
293
293
293
293
293
293
293
293
293
293
293
293
293
293
293
293
293
293
293
293
293
293
293.001
293.002
293.007
293.027
293.092
293.296
293.906
295.597
299.932
310.035
330.944
366.977
419.26
485.821
563.32
648.936
740.908
838.238
940.169
1045.87
1155.12
1267.3
1381.57
1496.99
1612.42
1726.51
1837.38
1942.18
2032.35
2099.97
2130.94
2071.6
1867.48
1622.45
1378.59
1153.21
955.052
772.465
612.013
485.951
396.505
341.281
313.351
300.899
295.868
293.983
293.32
293.1
293.03
293.009
293.002
293.001
293
293
293
293
293
293
293
293
293
293
293
293
293
293
293
293
293
293
293
293
293
293
293
293
293
293
293
293
293
293
293
293
293
293
293
293
293
293
293
293
293
293
293
293
293
293
293
293
293.001
293.002
293.007
293.027
293.091
293.295
293.901
295.585
299.906
309.98
330.843
366.835
419.089
485.645
563.159
648.804
740.818
838.197
940.186
1045.95
1155.27
1267.53
1381.88
1497.38
1612.9
1727.06
1837.99
1942.8
2032.8
2100.19
2130.55
2069.73
1865.01
1619.79
1375.94
1150.71
952.785
770.041
609.938
484.324
395.376
340.654
313.05
300.77
295.817
293.965
293.314
293.098
293.029
293.008
293.002
293.001
293
293
293
293
293
293
293
293
293
293
293
293
293
293
293
293
293
293
293
293
293
293
293
293
293
293
293
293
293
293
293
293
293
293
293
293
293
293
293
293
293
293
293
293
293
293
293
293
293.001
293.002
293.007
293.026
293.09
293.292
293.894
295.567
299.863
309.893
330.69
366.622
418.834
485.368
562.921
648.615
740.685
838.127
940.187
1046.03
1155.44
1267.79
1382.24
1497.84
1613.45
1727.7
1838.7
1943.53
2033.32
2100.44
2130.08
2067.51
1862.08
1616.62
1372.79
1147.73
950.067
767.115
607.438
482.37
394.021
339.902
312.687
300.614
295.755
293.942
293.306
293.095
293.028
293.008
293.002
293.001
293
293
293
293
293
293
293
293
293
293
293
293
293
293
293
293
293
293
293
293
293
293
293
293
293
293
293
293
293
293
293
293
293
293
293
293
293
293
293
293
293
293
293
293
293
293
293
293
293
293.002
293.007
293.026
293.089
293.29
293.887
295.549
299.821
309.804
330.528
366.393
418.569
485.12
562.661
648.382
740.505
838.019
940.163
1046.1
1155.61
1268.07
1382.64
1498.35
1614.09
1728.44
1839.52
1944.38
2033.92
2100.73
2129.53
2064.93
1858.67
1612.94
1369.1
1144.22
946.83
763.544
604.227
479.971
392.409
339.026
312.27
300.436
295.686
293.916
293.297
293.092
293.027
293.008
293.002
293.001
293
293
293
293
293
293
293
293
293
293
293
293
293
293
293
293
293
293
293
293
293
293
293
293
293
293
293
293
293
293
293
293
293
293
293
293
293
293
293
293
293
293
293
293
293
293
293
293
293
293.002
293.007
293.026
293.088
293.286
293.877
295.522
299.759
309.677
330.307
366.088
418.207
484.73
562.314
648.09
740.282
837.877
940.115
1046.16
1155.79
1268.38
1383.08
1498.92
1614.79
1729.26
1840.44
1945.33
2034.59
2101.05
2128.9
2062.01
1854.81
1608.75
1364.91
1140.26
943.208
759.648
601.016
477.365
390.574
338.009
311.783
300.228
295.603
293.886
293.287
293.089
293.026
293.007
293.002
293.001
293
293
293
293
293
293
293
293
293
293
293
293
293
293
293
293
293
293
293
293
293
293
293
293
293
293
293
293
293
293
293
293
293
293
293
293
293
293
293
293
293
293
293
293
293
293
293
293
293
293.002
293.007
293.025
293.087
293.282
293.866
295.494
299.691
309.534
330.044
365.713
417.757
484.267
561.863
647.69
739.958
837.649
940.001
1046.17
1155.93
1268.67
1383.53
1499.53
1615.54
1730.15
1841.44
1946.37
2035.33
2101.4
2128.2
2058.75
1850.5
1604.08
1360.24
1135.82
939.103
755.144
597.132
474.373
388.529
336.894
311.252
300.001
295.515
293.854
293.276
293.085
293.025
293.007
293.002
293.001
293
293
293
293
293
293
293
293
293
293
293
293
293
293
293
293
293
293
293
293
293
293
293
293
293
293
293
293
293
293
293
293
293
293
293
293
293
293
293
293
293
293
293
293
293
293
293
293
293
293.002
293.007
293.025
293.085
293.277
293.851
295.457
299.605
309.355
329.724
365.258
417.197
483.64
561.203
647.153
739.541
837.355
939.836
1046.15
1156.06
1268.96
1383.99
1500.16
1616.34
1731.11
1842.51
1947.49
2036.11
2101.76
2127.43
2055.2
1845.8
1598.98
1355.13
1130.97
934.682
750.34
593.235
471.165
386.272
335.653
310.661
299.749
295.416
293.817
293.263
293.081
293.024
293.007
293.002
293
293
293
293
293
293
293
293
293
293
293
293
293
293
293
293
293
293
293
293
293
293
293
293
293
293
293
293
293
293
293
293
293
293
293
293
293
293
293
293
293
293
293
293
293
293
293
293
293
293
293.002
293.007
293.024
293.083
293.271
293.834
295.412
299.5
309.136
329.329
364.695
416.515
482.93
560.575
646.537
739.007
836.943
939.572
1046.05
1156.14
1269.22
1384.43
1500.8
1617.16
1732.1
1843.64
1948.67
2036.93
2102.14
2126.59
2051.41
1840.77
1593.51
1349.62
1125.74
929.859
745.008
588.643
467.611
383.804
334.289
310.009
299.471
295.307
293.778
293.249
293.076
293.022
293.006
293.002
293
293
293
293
293
293
293
293
293
293
293
293
293
293
293
293
293
293
293
293
293
293
293
293
293
293
293
293
293
293
293
293
293
293
293
293
293
293
293
293
293
293
293
293
293
293
293
293
293
293
293.002
293.006
293.023
293.081
293.264
293.815
295.363
299.382
308.884
328.863
364.03
415.728
482.134
559.861
645.875
738.437
836.497
939.276
1045.92
1156.19
1269.46
1384.88
1501.44
1618
1733.12
1844.79
1949.88
2037.76
2102.51
2125.71
2047.44
1835.5
1587.76
1343.83
1120.19
924.676
739.184
583.674
463.838
381.256
332.908
309.354
299.191
295.197
293.737
293.235
293.072
293.021
293.006
293.002
293
293
293
293
293
293
293
293
293
293
293
293
293
293
293
293
293
293
293
293
293
293
293
293
293
293
293
293
293
293
293
293
293
293
293
293
293
293
293
293
293
293
293
293
293
293
293
293
293
293
293.002
293.006
293.022
293.077
293.254
293.789
295.297
299.234
308.587
328.348
363.319
414.864
481.17
558.825
645.004
737.722
835.942
938.893
1045.72
1156.19
1269.67
1385.29
1502.07
1618.83
1734.13
1845.95
1951.1
2038.58
2102.87
2124.77
2043.33
1830
1581.67
1337.55
1114
918.569
732.27
577.191
459.03
378.087
331.228
308.568
298.859
295.067
293.69
293.219
293.066
293.019
293.005
293.001
293
293
293
293
293
293
293
293
293
293
293
293
293
293
293
293
293
293
293
293
293
293
293
293
293
293
293
293
293
293
293
293
293
293
293
293
293
293
293
293
293
293
293
293
293
293
293
293
293
293
293.002
293.006
293.022
293.075
293.246
293.766
295.234
299.077
308.236
327.672
362.315
413.644
479.93
557.757
643.973
736.833
835.249
938.42
1045.48
1156.18
1269.88
1385.72
1502.7
1619.66
1735.13
1847.08
1952.28
2039.39
2103.22
2123.87
2039.36
1824.66
1575.71
1331.39
1108.01
912.779
726.48
572.811
455.036
375.181
329.643
307.826
298.548
294.947
293.646
293.204
293.062
293.018
293.005
293.001
293
293
293
293
293
293
293
293
293
293
293
293
293
293
293
293
293
293
293
293
293
293
293
293
293
293
293
293
293
293
293
293
293
293
293
293
293
293
293
293
293
293
293
293
293
293
293
293
293
293
293.001
293.005
293.02
293.07
293.233
293.728
295.142
298.871
307.835
326.998
361.439
412.637
478.825
556.583
643.101
736.178
834.777
938.126
1045.37
1156.25
1270.15
1386.17
1503.33
1620.45
1736.04
1848.07
1953.28
2040.02
2103.48
2123.08
2035.94
1819.98
1570.36
1325.66
1102.16
906.684
720.491
567.123
450.625
372.099
327.942
307.002
298.189
294.804
293.593
293.186
293.055
293.016
293.004
293.001
293
293
293
293
293
293
293
293
293
293
293
293
293
293
293
293
293
293
293
293
293
293
293
293
293
293
293
293
293
293
293
293
293
293
293
293
293
293
293
293
293
293
293
293
293
293
293
293
293
293
293.001
293.005
293.019
293.067
293.223
293.7
295.065
298.68
307.406
326.159
360.153
411.013
477.124
554.99
641.602
734.972
833.936
937.679
1045.28
1156.45
1270.58
1386.79
1504.12
1621.38
1737
1848.98
1954.06
2040.48
2103.67
2122.6
2033.87
1816.97
1566.59
1321.24
1097.34
901.759
714.934
561.621
446.109
368.981
326.298
306.245
297.874
294.683
293.55
293.171
293.051
293.014
293.004
293.001
293
293
293
293
293
293
293
293
293
293
293
293
293
293
293
293
293
293
293
293
293
293
293
293
293
293
293
293
293
293
293
293
293
293
293
293
293
293
293
293
293
293
293
293
293
293
293
293
293
293
293.001
293.005
293.017
293.061
293.205
293.65
294.939
298.393
306.83
325.173
358.903
409.728
475.999
554.125
641.107
734.755
833.978
937.928
1045.74
1157.18
1271.64
1387.99
1505.24
1622.24
1737.62
1849.37
1954.23
2040.56
2103.73
2122.76
2034.43
1817.49
1566.71
1320.65
1095.83
899.061
711.506
557.936
442.531
366.053
324.542
305.355
297.479
294.523
293.49
293.15
293.044
293.012
293.003
293.001
293
293
293
293
293
293
293
293
293
293
293
293
293
293
293
293
293
293
293
293
293
293
293
293
293
293
293
293
293
293
293
293
293
293
293
293
293
293
293
293
293
293
293
293
293
293
293
293
293
293
293.001
293.004
293.016
293.057
293.192
293.616
294.85
298.183
306.389
324.374
357.793
408.366
474.555
552.964
640.239
734.43
834.162
938.555
1046.78
1158.66
1273.04
1389.27
1506.37
1623.18
1738.25
1849.59
1954.03
2040.35
2103.69
2123.58
2037.68
1821.33
1569.97
1322.7
1096.32
897.667
708.331
553.525
437.917
363.119
323.121
304.712
297.206
294.416
293.451
293.137
293.04
293.011
293.003
293.001
293
293
293
293
293
293
293
293
293
293
293
293
293
293
293
293
293
293
293
293
293
293
293
293
293
293
293
293
293
293
293
293
293
293
293
293
293
293
293
293
293
293
293
293
293
293
293
293
293
293
293.001
293.003
293.013
293.047
293.163
293.532
294.632
297.674
305.338
322.528
355.444
406.131
473.077
552.465
640.545
735.358
835.717
940.714
1049.3
1161.03
1275.51
1391.72
1508.57
1624.9
1739.28
1849.83
1953.51
2039.86
2103.6
2125.36
2044.68
1830.17
1578.53
1329.63
1100.85
899.836
708.633
551.832
435.22
359.562
320.614
303.393
296.622
294.185
293.367
293.108
293.03
293.008
293.002
293
293
293
293
293
293
293
293
293
293
293
293
293
293
293
293
293
293
293
293
293
293
293
293
293
293
293
293
293
293
293
)
;

boundaryField
{
    fuel
    {
        type            fixedValue;
        value           uniform 293;
    }
    air
    {
        type            fixedValue;
        value           uniform 293;
    }
    outlet
    {
        type            inletOutlet;
        inletValue      uniform 293;
        value           nonuniform List<scalar> 
200
(
293
293
293
293
293
293
293
293
293
293
293
293
293
293
293
293
293
293
293
293
293.001
293.003
293.013
293.047
293.163
293.532
294.631
297.671
305.332
322.514
355.418
406.092
473.026
552.404
640.475
735.28
835.631
940.621
1049.2
1160.93
1275.39
1391.6
1508.45
1624.78
1739.16
1849.71
1953.39
2039.78
2103.55
2125.38
2044.89
1830.44
1578.82
1329.9
1101.1
900.068
708.844
552.018
435.362
359.645
320.652
303.409
296.628
294.187
293.367
293.108
293.03
293.008
293.002
293
293
293
293
293
293
293
293
293
293
293
293
293
293
293
293
293
293
293
293
293
293
293
293
293
293
293
293
293
293
293
293
293
293
293
293
293
293
293
293
293
293
293
293
293
293
293
293
293
293
293
293.001
293.003
293.013
293.047
293.163
293.531
294.631
297.671
305.331
322.513
355.419
406.095
473.032
552.412
640.488
735.296
835.651
940.645
1049.23
1160.96
1275.43
1391.65
1508.5
1624.82
1739.21
1849.76
1953.44
2039.82
2103.57
2125.37
2044.8
1830.32
1578.69
1329.78
1100.98
899.961
708.744
551.925
435.289
359.602
320.633
303.401
296.625
294.186
293.367
293.108
293.03
293.008
293.002
293
293
293
293
293
293
293
293
293
293
293
293
293
293
293
293
293
293
293
293
293
293
293
293
293
293
293
293
293
293
293
)
;
    }
    frontAndBack
    {
        type            empty;
    }
}


// ************************************************************************* //
