/*--------------------------------*- C++ -*----------------------------------*\
  =========                 |
  \\      /  F ield         | OpenFOAM: The Open Source CFD Toolbox
   \\    /   O peration     | Website:  https://openfoam.org
    \\  /    A nd           | Version:  11
     \\/     M anipulation  |
\*---------------------------------------------------------------------------*/
FoamFile
{
    format      ascii;
    class       volVectorField;
    location    "0.1";
    object      U;
}
// * * * * * * * * * * * * * * * * * * * * * * * * * * * * * * * * * * * * * //

dimensions      [0 1 -1 0 0 0 0];

internalField   nonuniform List<vector> 
4000
(
(0.299993 -0.0123781 0)
(0.299864 -0.037142 0)
(0.299615 -0.0619605 0)
(0.299221 -0.0868859 0)
(0.298657 -0.111966 0)
(0.297894 -0.13724 0)
(0.296894 -0.162731 0)
(0.29561 -0.188452 0)
(0.293989 -0.214401 0)
(0.291966 -0.240556 0)
(0.289472 -0.266881 0)
(0.286427 -0.293318 0)
(0.282745 -0.319794 0)
(0.278351 -0.346247 0)
(0.273103 -0.372352 0)
(0.267062 -0.398092 0)
(0.260275 -0.423495 0)
(0.252724 -0.44849 0)
(0.244372 -0.472958 0)
(0.235194 -0.496757 0)
(0.225176 -0.519753 0)
(0.214318 -0.541828 0)
(0.202635 -0.562876 0)
(0.190153 -0.582801 0)
(0.17692 -0.601525 0)
(0.163044 -0.619019 0)
(0.148758 -0.635424 0)
(0.134533 -0.651391 0)
(0.121137 -0.668713 0)
(0.109399 -0.690765 0)
(0.099599 -0.721297 0)
(0.0909175 -0.761647 0)
(0.0817196 -0.80987 0)
(0.0704361 -0.862206 0)
(0.056198 -0.914865 0)
(0.0388888 -0.96481 0)
(0.01882 -1.00981 0)
(-0.00343288 -1.04833 0)
(-0.0273849 -1.07942 0)
(-0.052731 -1.10256 0)
(-0.0790691 -1.11764 0)
(-0.105953 -1.12473 0)
(-0.132877 -1.12386 0)
(-0.159429 -1.11587 0)
(-0.185306 -1.10161 0)
(-0.210236 -1.08205 0)
(-0.233871 -1.05841 0)
(-0.255789 -1.03208 0)
(-0.274904 -1.00467 0)
(-0.287387 -0.977435 0)
(-0.287179 -0.949123 0)
(-0.273214 -0.915599 0)
(-0.251573 -0.874435 0)
(-0.228278 -0.826571 0)
(-0.205602 -0.774681 0)
(-0.182964 -0.721264 0)
(-0.160234 -0.667532 0)
(-0.140564 -0.616023 0)
(-0.127699 -0.571191 0)
(-0.123349 -0.537164 0)
(-0.126358 -0.514705 0)
(-0.134099 -0.500087 0)
(-0.144516 -0.488871 0)
(-0.156037 -0.478461 0)
(-0.167675 -0.467851 0)
(-0.178963 -0.45676 0)
(-0.189719 -0.44515 0)
(-0.199886 -0.433046 0)
(-0.209453 -0.420491 0)
(-0.218423 -0.407533 0)
(-0.226802 -0.394219 0)
(-0.234601 -0.380598 0)
(-0.241834 -0.366722 0)
(-0.248516 -0.352645 0)
(-0.254671 -0.338425 0)
(-0.260322 -0.324114 0)
(-0.265495 -0.309757 0)
(-0.27021 -0.295378 0)
(-0.274469 -0.280978 0)
(-0.278229 -0.26652 0)
(-0.281514 -0.252079 0)
(-0.284392 -0.237744 0)
(-0.286895 -0.223529 0)
(-0.289065 -0.209455 0)
(-0.290938 -0.195541 0)
(-0.292547 -0.181798 0)
(-0.293922 -0.168235 0)
(-0.295091 -0.154857 0)
(-0.296079 -0.141664 0)
(-0.296909 -0.128653 0)
(-0.297602 -0.115818 0)
(-0.298176 -0.103148 0)
(-0.298646 -0.0906328 0)
(-0.299028 -0.0782577 0)
(-0.299332 -0.0660071 0)
(-0.29957 -0.0538634 0)
(-0.299749 -0.0418078 0)
(-0.299876 -0.0298195 0)
(-0.299956 -0.0178765 0)
(-0.299998 -0.00595719 0)
(0.299992 -0.012096 0)
(0.299755 -0.0362878 0)
(0.299289 -0.0604931 0)
(0.298555 -0.084729 0)
(0.297524 -0.109007 0)
(0.296169 -0.133329 0)
(0.294451 -0.157685 0)
(0.292324 -0.182051 0)
(0.289738 -0.206389 0)
(0.28664 -0.230647 0)
(0.282986 -0.254762 0)
(0.27873 -0.27865 0)
(0.273859 -0.30224 0)
(0.268314 -0.325352 0)
(0.262233 -0.348286 0)
(0.255587 -0.371028 0)
(0.248321 -0.393402 0)
(0.240401 -0.415257 0)
(0.231804 -0.436472 0)
(0.222509 -0.456951 0)
(0.212514 -0.476617 0)
(0.201828 -0.4954 0)
(0.190471 -0.513231 0)
(0.178481 -0.53004 0)
(0.165926 -0.545767 0)
(0.15294 -0.560406 0)
(0.139801 -0.574127 0)
(0.127023 -0.587599 0)
(0.115356 -0.602557 0)
(0.105509 -0.622116 0)
(0.0976115 -0.649606 0)
(0.0907685 -0.686213 0)
(0.0833236 -0.730277 0)
(0.0736995 -0.778523 0)
(0.0609931 -0.827555 0)
(0.0450417 -0.874581 0)
(0.0261227 -0.917536 0)
(0.00468942 -0.955009 0)
(-0.0187268 -0.986149 0)
(-0.0437902 -1.01044 0)
(-0.0702248 -1.02775 0)
(-0.0976418 -1.03824 0)
(-0.12569 -1.04245 0)
(-0.153992 -1.04025 0)
(-0.182245 -1.03189 0)
(-0.210152 -1.0178 0)
(-0.237322 -0.998558 0)
(-0.263278 -0.974722 0)
(-0.286631 -0.946822 0)
(-0.30252 -0.915126 0)
(-0.303579 -0.879273 0)
(-0.288634 -0.838609 0)
(-0.264845 -0.793408 0)
(-0.239203 -0.744822 0)
(-0.214306 -0.694057 0)
(-0.189354 -0.642772 0)
(-0.16421 -0.592558 0)
(-0.142338 -0.546092 0)
(-0.12765 -0.506752 0)
(-0.12153 -0.477304 0)
(-0.122462 -0.457967 0)
(-0.128012 -0.445727 0)
(-0.136443 -0.436765 0)
(-0.146363 -0.428652 0)
(-0.15677 -0.420374 0)
(-0.16712 -0.411626 0)
(-0.177165 -0.402356 0)
(-0.186805 -0.392588 0)
(-0.196001 -0.382362 0)
(-0.204737 -0.371721 0)
(-0.213006 -0.360707 0)
(-0.220806 -0.349355 0)
(-0.228141 -0.337702 0)
(-0.235018 -0.325781 0)
(-0.241447 -0.313632 0)
(-0.247447 -0.301296 0)
(-0.253038 -0.288825 0)
(-0.258239 -0.276276 0)
(-0.263076 -0.263707 0)
(-0.267596 -0.251182 0)
(-0.271764 -0.238611 0)
(-0.275549 -0.225952 0)
(-0.278973 -0.213259 0)
(-0.282044 -0.200555 0)
(-0.284781 -0.187866 0)
(-0.287204 -0.175214 0)
(-0.289338 -0.162617 0)
(-0.291205 -0.150087 0)
(-0.292828 -0.137637 0)
(-0.294232 -0.125273 0)
(-0.295436 -0.112999 0)
(-0.296461 -0.100815 0)
(-0.297326 -0.0887199 0)
(-0.298046 -0.0767079 0)
(-0.298638 -0.064772 0)
(-0.299112 -0.0529031 0)
(-0.299477 -0.0410903 0)
(-0.299741 -0.0293212 0)
(-0.299911 -0.0175821 0)
(-0.299997 -0.00585919 0)
(0.299985 -0.0117401 0)
(0.29965 -0.0352126 0)
(0.299 -0.0586783 0)
(0.298001 -0.0821398 0)
(0.296636 -0.105596 0)
(0.294888 -0.129041 0)
(0.292738 -0.152464 0)
(0.290162 -0.175847 0)
(0.287133 -0.199168 0)
(0.28363 -0.222401 0)
(0.279632 -0.245518 0)
(0.275126 -0.268492 0)
(0.270093 -0.29129 0)
(0.264536 -0.313913 0)
(0.258424 -0.336278 0)
(0.251699 -0.358255 0)
(0.244314 -0.379729 0)
(0.236242 -0.400608 0)
(0.227478 -0.420819 0)
(0.218033 -0.440301 0)
(0.207926 -0.458993 0)
(0.197183 -0.476832 0)
(0.185834 -0.493753 0)
(0.17392 -0.50969 0)
(0.161506 -0.524589 0)
(0.148724 -0.538456 0)
(0.135845 -0.551471 0)
(0.12336 -0.564304 0)
(0.111982 -0.578644 0)
(0.102383 -0.597446 0)
(0.094692 -0.623789 0)
(0.0880796 -0.658719 0)
(0.0809565 -0.70064 0)
(0.0717809 -0.746484 0)
(0.0596881 -0.793092 0)
(0.0445108 -0.837845 0)
(0.0264558 -0.878808 0)
(0.00587109 -0.91465 0)
(-0.0167366 -0.944555 0)
(-0.0410628 -0.968007 0)
(-0.0669275 -0.984815 0)
(-0.0940371 -0.994984 0)
(-0.122182 -0.998687 0)
(-0.151177 -0.996237 0)
(-0.180777 -0.987999 0)
(-0.21066 -0.97436 0)
(-0.240332 -0.955715 0)
(-0.269093 -0.932425 0)
(-0.295102 -0.904814 0)
(-0.312775 -0.873102 0)
(-0.314204 -0.83728 0)
(-0.298232 -0.797328 0)
(-0.272518 -0.753694 0)
(-0.244661 -0.707254 0)
(-0.217618 -0.659219 0)
(-0.190808 -0.611089 0)
(-0.164239 -0.564342 0)
(-0.141369 -0.521253 0)
(-0.1259 -0.484675 0)
(-0.119072 -0.456971 0)
(-0.119444 -0.438506 0)
(-0.124534 -0.426754 0)
(-0.132512 -0.41822 0)
(-0.142019 -0.410583 0)
(-0.152085 -0.402835 0)
(-0.162168 -0.394658 0)
(-0.172014 -0.385985 0)
(-0.181517 -0.376831 0)
(-0.190633 -0.367233 0)
(-0.199343 -0.357229 0)
(-0.207635 -0.346858 0)
(-0.215499 -0.336158 0)
(-0.22293 -0.32516 0)
(-0.229925 -0.313895 0)
(-0.236481 -0.302394 0)
(-0.242605 -0.290685 0)
(-0.248304 -0.278799 0)
(-0.253594 -0.266772 0)
(-0.258496 -0.254645 0)
(-0.263039 -0.242466 0)
(-0.267252 -0.23028 0)
(-0.271148 -0.218098 0)
(-0.274734 -0.205924 0)
(-0.278024 -0.19377 0)
(-0.281026 -0.181644 0)
(-0.283753 -0.169554 0)
(-0.286216 -0.157509 0)
(-0.288429 -0.145513 0)
(-0.290405 -0.133574 0)
(-0.292157 -0.121693 0)
(-0.293699 -0.109873 0)
(-0.295044 -0.0981136 0)
(-0.296204 -0.0864136 0)
(-0.297192 -0.0747694 0)
(-0.298018 -0.0631763 0)
(-0.298692 -0.0516281 0)
(-0.299221 -0.0401176 0)
(-0.29961 -0.0286363 0)
(-0.299863 -0.017175 0)
(-0.299995 -0.00572423 0)
(0.299983 -0.0112889 0)
(0.299583 -0.0338517 0)
(0.298813 -0.0563881 0)
(0.297637 -0.0788889 0)
(0.296042 -0.101343 0)
(0.294023 -0.123737 0)
(0.291566 -0.14605 0)
(0.288655 -0.16826 0)
(0.285271 -0.190338 0)
(0.281395 -0.21225 0)
(0.277007 -0.233956 0)
(0.272087 -0.255408 0)
(0.266614 -0.276553 0)
(0.260565 -0.29732 0)
(0.253914 -0.317643 0)
(0.246644 -0.337462 0)
(0.238758 -0.35673 0)
(0.230272 -0.375404 0)
(0.22121 -0.393445 0)
(0.211596 -0.41081 0)
(0.201451 -0.42745 0)
(0.190791 -0.443306 0)
(0.179637 -0.458317 0)
(0.16802 -0.472428 0)
(0.156006 -0.4856 0)
(0.143733 -0.497859 0)
(0.131479 -0.509405 0)
(0.119744 -0.52091 0)
(0.109228 -0.534 0)
(0.100556 -0.551447 0)
(0.0937705 -0.576071 0)
(0.0879833 -0.608795 0)
(0.0816077 -0.648123 0)
(0.0731025 -0.691223 0)
(0.0615873 -0.735177 0)
(0.0468809 -0.777564 0)
(0.0291675 -0.816585 0)
(0.00873863 -0.850992 0)
(-0.0138197 -0.879998 0)
(-0.0382265 -0.903108 0)
(-0.0643975 -0.92012 0)
(-0.0919964 -0.930997 0)
(-0.120761 -0.935822 0)
(-0.150463 -0.934755 0)
(-0.180862 -0.928017 0)
(-0.211643 -0.915871 0)
(-0.242292 -0.898601 0)
(-0.272047 -0.876476 0)
(-0.298941 -0.849771 0)
(-0.317211 -0.818754 0)
(-0.318858 -0.783621 0)
(-0.302741 -0.744609 0)
(-0.27663 -0.702345 0)
(-0.248256 -0.657759 0)
(-0.220663 -0.612001 0)
(-0.193279 -0.566432 0)
(-0.166114 -0.52235 0)
(-0.142601 -0.481785 0)
(-0.126273 -0.447319 0)
(-0.118367 -0.421138 0)
(-0.117635 -0.403668 0)
(-0.121693 -0.392673 0)
(-0.128735 -0.384919 0)
(-0.137434 -0.378178 0)
(-0.146823 -0.37144 0)
(-0.156347 -0.36436 0)
(-0.165735 -0.356854 0)
(-0.174873 -0.348917 0)
(-0.183711 -0.340574 0)
(-0.192227 -0.331855 0)
(-0.20041 -0.322792 0)
(-0.208253 -0.313416 0)
(-0.21575 -0.303755 0)
(-0.222896 -0.293837 0)
(-0.229684 -0.283682 0)
(-0.236106 -0.273314 0)
(-0.242158 -0.26275 0)
(-0.247837 -0.252012 0)
(-0.253145 -0.24112 0)
(-0.25809 -0.230097 0)
(-0.262686 -0.218966 0)
(-0.266947 -0.207753 0)
(-0.270886 -0.196481 0)
(-0.274516 -0.185167 0)
(-0.277851 -0.173828 0)
(-0.280901 -0.162477 0)
(-0.283681 -0.151126 0)
(-0.286202 -0.139784 0)
(-0.288475 -0.128459 0)
(-0.290512 -0.117156 0)
(-0.292325 -0.10588 0)
(-0.293924 -0.0946331 0)
(-0.295318 -0.083416 0)
(-0.296518 -0.0722281 0)
(-0.29753 -0.0610677 0)
(-0.298363 -0.0499319 0)
(-0.299021 -0.0388168 0)
(-0.299508 -0.0277172 0)
(-0.299827 -0.0166277 0)
(-0.299993 -0.00554255 0)
(0.299981 -0.0107678 0)
(0.299533 -0.0322849 0)
(0.298671 -0.0537654 0)
(0.297357 -0.0751937 0)
(0.295582 -0.0965533 0)
(0.293344 -0.117825 0)
(0.290637 -0.138988 0)
(0.287449 -0.160016 0)
(0.283768 -0.180881 0)
(0.27958 -0.201554 0)
(0.274876 -0.221999 0)
(0.269644 -0.242181 0)
(0.263876 -0.262062 0)
(0.257568 -0.281605 0)
(0.250719 -0.300775 0)
(0.243337 -0.319533 0)
(0.235427 -0.337837 0)
(0.226992 -0.355639 0)
(0.218033 -0.37288 0)
(0.208546 -0.389494 0)
(0.19853 -0.405414 0)
(0.187991 -0.420574 0)
(0.176944 -0.434916 0)
(0.165426 -0.448395 0)
(0.153503 -0.460987 0)
(0.141315 -0.472721 0)
(0.129136 -0.483788 0)
(0.117457 -0.494822 0)
(0.106974 -0.507336 0)
(0.0983128 -0.523878 0)
(0.0915368 -0.546981 0)
(0.0857863 -0.577427 0)
(0.0795048 -0.613834 0)
(0.0711881 -0.653645 0)
(0.059993 -0.694222 0)
(0.0457283 -0.733369 0)
(0.0285238 -0.769443 0)
(0.00861475 -0.801289 0)
(-0.0134579 -0.828158 0)
(-0.0374605 -0.849601 0)
(-0.0633603 -0.865398 0)
(-0.090846 -0.875491 0)
(-0.119657 -0.879933 0)
(-0.149553 -0.878854 0)
(-0.180271 -0.872437 0)
(-0.211465 -0.860898 0)
(-0.242572 -0.844472 0)
(-0.272781 -0.823389 0)
(-0.300064 -0.797904 0)
(-0.318646 -0.768321 0)
(-0.320509 -0.734942 0)
(-0.304424 -0.698082 0)
(-0.278136 -0.658374 0)
(-0.249444 -0.616722 0)
(-0.221453 -0.574214 0)
(-0.193688 -0.53212 0)
(-0.166199 -0.491655 0)
(-0.142314 -0.454573 0)
(-0.12547 -0.423004 0)
(-0.117001 -0.39883 0)
(-0.115818 -0.38244 0)
(-0.119543 -0.371953 0)
(-0.126305 -0.364499 0)
(-0.134759 -0.35803 0)
(-0.143933 -0.351594 0)
(-0.153262 -0.344858 0)
(-0.162472 -0.337737 0)
(-0.171446 -0.330222 0)
(-0.18013 -0.322329 0)
(-0.1885 -0.314083 0)
(-0.196545 -0.30551 0)
(-0.20426 -0.296639 0)
(-0.211643 -0.287501 0)
(-0.218697 -0.278124 0)
(-0.225423 -0.268536 0)
(-0.231824 -0.258763 0)
(-0.237902 -0.248827 0)
(-0.24366 -0.238749 0)
(-0.249097 -0.228546 0)
(-0.254215 -0.218235 0)
(-0.259019 -0.207831 0)
(-0.263511 -0.197347 0)
(-0.267698 -0.186796 0)
(-0.271588 -0.176192 0)
(-0.275187 -0.165547 0)
(-0.278506 -0.154871 0)
(-0.281552 -0.144173 0)
(-0.284333 -0.133463 0)
(-0.28686 -0.122747 0)
(-0.28914 -0.112032 0)
(-0.291183 -0.10132 0)
(-0.292995 -0.0906171 0)
(-0.294586 -0.0799237 0)
(-0.295962 -0.0692413 0)
(-0.297129 -0.0585698 0)
(-0.298094 -0.0479085 0)
(-0.298859 -0.0372557 0)
(-0.299426 -0.0266091 0)
(-0.299798 -0.0159655 0)
(-0.299992 -0.0053223 0)
(0.29998 -0.0101948 0)
(0.299495 -0.0305641 0)
(0.298564 -0.0508906 0)
(0.297147 -0.071154 0)
(0.295238 -0.0913336 0)
(0.292839 -0.111407 0)
(0.289948 -0.131349 0)
(0.28656 -0.151132 0)
(0.282667 -0.170729 0)
(0.278263 -0.190106 0)
(0.273341 -0.209231 0)
(0.267897 -0.228065 0)
(0.261927 -0.246571 0)
(0.255429 -0.264706 0)
(0.248398 -0.282423 0)
(0.240833 -0.299675 0)
(0.232731 -0.316408 0)
(0.224093 -0.332569 0)
(0.214923 -0.348107 0)
(0.205235 -0.362975 0)
(0.195048 -0.377136 0)
(0.184392 -0.390559 0)
(0.173303 -0.403218 0)
(0.16183 -0.415091 0)
(0.150048 -0.426166 0)
(0.138096 -0.436481 0)
(0.12625 -0.446235 0)
(0.114993 -0.45606 0)
(0.104996 -0.467429 0)
(0.0968331 -0.482784 0)
(0.0905053 -0.504508 0)
(0.0851169 -0.533289 0)
(0.079114 -0.567754 0)
(0.0710125 -0.60543 0)
(0.0599809 -0.64381 0)
(0.045843 -0.680836 0)
(0.0287438 -0.714969 0)
(0.00891492 -0.745134 0)
(-0.0130841 -0.770633 0)
(-0.0370198 -0.791053 0)
(-0.0628784 -0.806182 0)
(-0.0903476 -0.815952 0)
(-0.119169 -0.820403 0)
(-0.149102 -0.819644 0)
(-0.179879 -0.813836 0)
(-0.211144 -0.803169 0)
(-0.242321 -0.787855 0)
(-0.272582 -0.768108 0)
(-0.299921 -0.744177 0)
(-0.318641 -0.716374 0)
(-0.320712 -0.685034 0)
(-0.304758 -0.650465 0)
(-0.278467 -0.613251 0)
(-0.249695 -0.574216 0)
(-0.221609 -0.534343 0)
(-0.193788 -0.494792 0)
(-0.166269 -0.456681 0)
(-0.142173 -0.421568 0)
(-0.124864 -0.391479 0)
(-0.115822 -0.368303 0)
(-0.114046 -0.352582 0)
(-0.117227 -0.342671 0)
(-0.123497 -0.335852 0)
(-0.13153 -0.33011 0)
(-0.14036 -0.324479 0)
(-0.149418 -0.318613 0)
(-0.158428 -0.312413 0)
(-0.167264 -0.305865 0)
(-0.175873 -0.298974 0)
(-0.184223 -0.291757 0)
(-0.192297 -0.284226 0)
(-0.200079 -0.2764 0)
(-0.207558 -0.268295 0)
(-0.214726 -0.259931 0)
(-0.221578 -0.251328 0)
(-0.228113 -0.242507 0)
(-0.234331 -0.23349 0)
(-0.240233 -0.224299 0)
(-0.245824 -0.214953 0)
(-0.251106 -0.205472 0)
(-0.256084 -0.195872 0)
(-0.260761 -0.18617 0)
(-0.265144 -0.17638 0)
(-0.269236 -0.166516 0)
(-0.273043 -0.15659 0)
(-0.276572 -0.146612 0)
(-0.279828 -0.136593 0)
(-0.282817 -0.126541 0)
(-0.285547 -0.116463 0)
(-0.288022 -0.106367 0)
(-0.29025 -0.0962563 0)
(-0.292237 -0.0861365 0)
(-0.293987 -0.0760105 0)
(-0.295507 -0.0658808 0)
(-0.296801 -0.0557491 0)
(-0.297873 -0.0456162 0)
(-0.298726 -0.0354824 0)
(-0.299358 -0.0253475 0)
(-0.299774 -0.0152105 0)
(-0.299991 -0.00507096 0)
(0.299978 -0.00958264 0)
(0.299467 -0.0287265 0)
(0.298483 -0.0478245 0)
(0.296987 -0.0668536 0)
(0.294975 -0.0857908 0)
(0.292451 -0.104612 0)
(0.289416 -0.123291 0)
(0.285869 -0.141801 0)
(0.281805 -0.160114 0)
(0.277221 -0.1782 0)
(0.272113 -0.196027 0)
(0.266482 -0.213562 0)
(0.260325 -0.230771 0)
(0.253644 -0.24762 0)
(0.246443 -0.264072 0)
(0.238725 -0.280093 0)
(0.2305 -0.295648 0)
(0.22178 -0.310705 0)
(0.212581 -0.325232 0)
(0.202918 -0.339198 0)
(0.192809 -0.352572 0)
(0.182271 -0.365315 0)
(0.171322 -0.377386 0)
(0.15999 -0.388746 0)
(0.148333 -0.399368 0)
(0.136482 -0.409279 0)
(0.124707 -0.418659 0)
(0.113497 -0.428083 0)
(0.10353 -0.438886 0)
(0.0953927 -0.453249 0)
(0.0890942 -0.47328 0)
(0.0837483 -0.49959 0)
(0.0778205 -0.530988 0)
(0.0698487 -0.565311 0)
(0.059005 -0.60033 0)
(0.0450946 -0.634182 0)
(0.0282416 -0.665458 0)
(0.00866632 -0.693153 0)
(-0.0131039 -0.716598 0)
(-0.0368444 -0.735405 0)
(-0.0625329 -0.749353 0)
(-0.0898645 -0.758363 0)
(-0.11858 -0.762453 0)
(-0.148434 -0.761716 0)
(-0.17915 -0.756287 0)
(-0.210361 -0.746336 0)
(-0.241492 -0.732057 0)
(-0.271712 -0.713653 0)
(-0.299052 -0.691361 0)
(-0.317914 -0.66549 0)
(-0.320245 -0.63638 0)
(-0.304489 -0.604329 0)
(-0.278252 -0.569877 0)
(-0.249446 -0.533797 0)
(-0.221325 -0.49701 0)
(-0.1936 -0.460607 0)
(-0.166184 -0.425648 0)
(-0.142014 -0.39353 0)
(-0.124475 -0.366059 0)
(-0.115043 -0.344819 0)
(-0.112859 -0.330233 0)
(-0.115718 -0.320874 0)
(-0.121731 -0.314344 0)
(-0.129549 -0.308821 0)
(-0.138192 -0.303419 0)
(-0.147077 -0.297813 0)
(-0.155919 -0.291911 0)
(-0.164595 -0.2857 0)
(-0.173054 -0.279189 0)
(-0.181273 -0.272396 0)
(-0.18924 -0.265339 0)
(-0.196947 -0.258035 0)
(-0.204386 -0.2505 0)
(-0.21155 -0.242748 0)
(-0.218433 -0.234795 0)
(-0.225029 -0.226653 0)
(-0.231336 -0.218338 0)
(-0.237349 -0.209863 0)
(-0.243068 -0.201242 0)
(-0.248493 -0.192489 0)
(-0.253625 -0.183617 0)
(-0.258465 -0.174639 0)
(-0.263017 -0.165567 0)
(-0.267283 -0.156411 0)
(-0.271267 -0.147184 0)
(-0.274973 -0.137894 0)
(-0.278405 -0.12855 0)
(-0.281568 -0.11916 0)
(-0.284466 -0.109733 0)
(-0.287103 -0.100273 0)
(-0.289484 -0.090787 0)
(-0.291614 -0.0812793 0)
(-0.293495 -0.0717541 0)
(-0.295133 -0.0622145 0)
(-0.296532 -0.0526635 0)
(-0.297692 -0.043103 0)
(-0.298617 -0.0335348 0)
(-0.299303 -0.02396 0)
(-0.299755 -0.0143795 0)
(-0.299991 -0.00479416 0)
(0.299978 -0.00894048 0)
(0.299445 -0.0268 0)
(0.298421 -0.0446125 0)
(0.296865 -0.0623538 0)
(0.294774 -0.0799999 0)
(0.292155 -0.0975258 0)
(0.289012 -0.114905 0)
(0.285345 -0.132112 0)
(0.281153 -0.149118 0)
(0.276436 -0.165893 0)
(0.271194 -0.182409 0)
(0.265432 -0.198633 0)
(0.25915 -0.214534 0)
(0.252354 -0.230079 0)
(0.245051 -0.245234 0)
(0.237246 -0.259963 0)
(0.228948 -0.274232 0)
(0.220167 -0.288003 0)
(0.210912 -0.301239 0)
(0.201195 -0.313899 0)
(0.191029 -0.325946 0)
(0.180431 -0.337341 0)
(0.169428 -0.348055 0)
(0.15806 -0.358066 0)
(0.146403 -0.367374 0)
(0.1346 -0.376026 0)
(0.122935 -0.384221 0)
(0.111892 -0.392533 0)
(0.102131 -0.402262 0)
(0.0942053 -0.415507 0)
(0.0880841 -0.434243 0)
(0.0828628 -0.458972 0)
(0.0770164 -0.488468 0)
(0.069104 -0.520629 0)
(0.0583211 -0.553346 0)
(0.0444911 -0.584896 0)
(0.0277467 -0.61399 0)
(0.00831271 -0.639719 0)
(-0.0133131 -0.661484 0)
(-0.0369111 -0.678941 0)
(-0.0624434 -0.691894 0)
(-0.0896168 -0.700274 0)
(-0.118177 -0.704103 0)
(-0.147878 -0.703463 0)
(-0.178443 -0.698481 0)
(-0.209505 -0.689314 0)
(-0.240491 -0.676143 0)
(-0.270582 -0.659158 0)
(-0.297851 -0.638583 0)
(-0.316813 -0.614713 0)
(-0.31939 -0.587876 0)
(-0.303838 -0.55834 0)
(-0.277692 -0.526595 0)
(-0.248906 -0.493341 0)
(-0.220786 -0.459408 0)
(-0.193119 -0.425762 0)
(-0.165814 -0.393344 0)
(-0.141635 -0.363392 0)
(-0.123805 -0.337527 0)
(-0.113923 -0.317328 0)
(-0.111335 -0.303402 0)
(-0.11389 -0.294572 0)
(-0.119664 -0.28859 0)
(-0.127302 -0.283677 0)
(-0.135816 -0.278938 0)
(-0.144614 -0.274037 0)
(-0.153398 -0.268868 0)
(-0.162038 -0.263409 0)
(-0.170477 -0.257658 0)
(-0.178688 -0.251627 0)
(-0.186657 -0.245328 0)
(-0.194373 -0.238777 0)
(-0.201829 -0.231989 0)
(-0.20902 -0.224979 0)
(-0.215941 -0.217765 0)
(-0.222589 -0.21036 0)
(-0.22896 -0.202779 0)
(-0.235052 -0.195037 0)
(-0.240864 -0.187147 0)
(-0.246394 -0.179121 0)
(-0.251641 -0.170973 0)
(-0.256606 -0.162713 0)
(-0.26129 -0.154353 0)
(-0.265693 -0.145903 0)
(-0.269818 -0.137374 0)
(-0.273667 -0.128774 0)
(-0.277242 -0.120111 0)
(-0.280546 -0.111394 0)
(-0.283581 -0.10263 0)
(-0.28635 -0.0938243 0)
(-0.288857 -0.0849835 0)
(-0.291103 -0.0761125 0)
(-0.293092 -0.0672158 0)
(-0.294827 -0.0582974 0)
(-0.296311 -0.0493607 0)
(-0.297544 -0.0404087 0)
(-0.298527 -0.0314442 0)
(-0.299258 -0.0224693 0)
(-0.299739 -0.013486 0)
(-0.29999 -0.00449649 0)
(0.299977 -0.00827542 0)
(0.299428 -0.0248053 0)
(0.298373 -0.0412887 0)
(0.296771 -0.0577013 0)
(0.29462 -0.074019 0)
(0.291927 -0.0902169 0)
(0.2887 -0.10627 0)
(0.28494 -0.122151 0)
(0.280647 -0.137835 0)
(0.275825 -0.153295 0)
(0.270475 -0.168501 0)
(0.264602 -0.183427 0)
(0.258212 -0.198042 0)
(0.251309 -0.212319 0)
(0.243901 -0.226227 0)
(0.235998 -0.239738 0)
(0.227609 -0.252821 0)
(0.218745 -0.265449 0)
(0.209422 -0.277594 0)
(0.199656 -0.289231 0)
(0.189465 -0.300335 0)
(0.178873 -0.310887 0)
(0.167908 -0.320867 0)
(0.156606 -0.330258 0)
(0.145035 -0.339051 0)
(0.133329 -0.347276 0)
(0.12176 -0.355093 0)
(0.110808 -0.363 0)
(0.101134 -0.372141 0)
(0.0932887 -0.384359 0)
(0.0872375 -0.401398 0)
(0.0820733 -0.423737 0)
(0.0762805 -0.450352 0)
(0.0684397 -0.479418 0)
(0.0577479 -0.509058 0)
(0.0440199 -0.537707 0)
(0.0273898 -0.564176 0)
(0.00808809 -0.587619 0)
(-0.0134037 -0.607473 0)
(-0.036868 -0.623408 0)
(-0.0622558 -0.635235 0)
(-0.0892798 -0.642884 0)
(-0.117688 -0.64637 0)
(-0.147236 -0.645766 0)
(-0.177647 -0.641185 0)
(-0.208555 -0.632771 0)
(-0.239398 -0.620691 0)
(-0.269366 -0.605121 0)
(-0.296585 -0.58627 0)
(-0.315676 -0.564414 0)
(-0.318532 -0.53986 0)
(-0.303226 -0.512855 0)
(-0.277218 -0.48384 0)
(-0.248505 -0.453457 0)
(-0.220446 -0.422467 0)
(-0.192901 -0.391765 0)
(-0.165698 -0.362238 0)
(-0.141403 -0.334959 0)
(-0.123284 -0.311361 0)
(-0.113083 -0.292888 0)
(-0.110212 -0.280064 0)
(-0.112542 -0.271835 0)
(-0.118128 -0.266195 0)
(-0.125607 -0.261541 0)
(-0.133988 -0.257064 0)
(-0.142672 -0.252457 0)
(-0.151361 -0.247628 0)
(-0.159923 -0.242556 0)
(-0.168304 -0.237243 0)
(-0.176477 -0.231696 0)
(-0.184428 -0.225924 0)
(-0.192144 -0.219936 0)
(-0.199618 -0.213743 0)
(-0.206842 -0.207354 0)
(-0.21381 -0.20078 0)
(-0.220516 -0.194032 0)
(-0.226956 -0.187121 0)
(-0.233127 -0.180059 0)
(-0.239026 -0.172855 0)
(-0.24465 -0.165521 0)
(-0.249999 -0.158067 0)
(-0.255072 -0.150504 0)
(-0.259867 -0.142839 0)
(-0.264386 -0.135084 0)
(-0.268628 -0.127245 0)
(-0.272595 -0.119333 0)
(-0.276288 -0.111353 0)
(-0.279707 -0.103315 0)
(-0.282855 -0.0952232 0)
(-0.285733 -0.0870852 0)
(-0.288342 -0.0789064 0)
(-0.290685 -0.0706919 0)
(-0.292762 -0.0624465 0)
(-0.294577 -0.0541745 0)
(-0.29613 -0.0458798 0)
(-0.297423 -0.037566 0)
(-0.298454 -0.0292364 0)
(-0.299221 -0.0208939 0)
(-0.299726 -0.0125414 0)
(-0.299989 -0.0041817 0)
(0.299977 -0.0075928 0)
(0.299415 -0.0227584 0)
(0.298337 -0.0378792 0)
(0.296699 -0.0529315 0)
(0.294501 -0.0678919 0)
(0.291753 -0.0827363 0)
(0.288461 -0.0974404 0)
(0.284629 -0.11198 0)
(0.28026 -0.126329 0)
(0.275357 -0.140463 0)
(0.269925 -0.154356 0)
(0.263971 -0.167981 0)
(0.257501 -0.181313 0)
(0.250524 -0.194324 0)
(0.24305 -0.206988 0)
(0.235088 -0.219278 0)
(0.226651 -0.231166 0)
(0.217753 -0.242627 0)
(0.208407 -0.253633 0)
(0.198631 -0.264158 0)
(0.18844 -0.274174 0)
(0.177853 -0.283655 0)
(0.166895 -0.292574 0)
(0.1556 -0.300908 0)
(0.144036 -0.308649 0)
(0.132341 -0.315835 0)
(0.120795 -0.322634 0)
(0.109883 -0.329544 0)
(0.100265 -0.337674 0)
(0.0924815 -0.348778 0)
(0.0864797 -0.364465 0)
(0.0813449 -0.385105 0)
(0.0755653 -0.40966 0)
(0.0677357 -0.436396 0)
(0.0570807 -0.463583 0)
(0.0434268 -0.489797 0)
(0.0269018 -0.513971 0)
(0.00773494 -0.535354 0)
(-0.0136156 -0.553446 0)
(-0.0369362 -0.567958 0)
(-0.0621652 -0.578724 0)
(-0.0890231 -0.585685 0)
(-0.117262 -0.588856 0)
(-0.146638 -0.588305 0)
(-0.176875 -0.584137 0)
(-0.207612 -0.576483 0)
(-0.238293 -0.565496 0)
(-0.268124 -0.551339 0)
(-0.295277 -0.534202 0)
(-0.314476 -0.514338 0)
(-0.317586 -0.49203 0)
(-0.302502 -0.467494 0)
(-0.276616 -0.441122 0)
(-0.247964 -0.413489 0)
(-0.219954 -0.385277 0)
(-0.192525 -0.357285 0)
(-0.165421 -0.330316 0)
(-0.141024 -0.305323 0)
(-0.122668 -0.283622 0)
(-0.112214 -0.266552 0)
(-0.10911 -0.254664 0)
(-0.111265 -0.247086 0)
(-0.116722 -0.241995 0)
(-0.124107 -0.237877 0)
(-0.132423 -0.233944 0)
(-0.141059 -0.229892 0)
(-0.149709 -0.225628 0)
(-0.158238 -0.221128 0)
(-0.16659 -0.216395 0)
(-0.174741 -0.211437 0)
(-0.182677 -0.206262 0)
(-0.190388 -0.200883 0)
(-0.197867 -0.19531 0)
(-0.205107 -0.189552 0)
(-0.212102 -0.183619 0)
(-0.218846 -0.177523 0)
(-0.225335 -0.171273 0)
(-0.231564 -0.164878 0)
(-0.237529 -0.158349 0)
(-0.243228 -0.151694 0)
(-0.248658 -0.144923 0)
(-0.253817 -0.138045 0)
(-0.258703 -0.131068 0)
(-0.263316 -0.124001 0)
(-0.267654 -0.116851 0)
(-0.271718 -0.109626 0)
(-0.275507 -0.102332 0)
(-0.279021 -0.0949774 0)
(-0.282261 -0.0875673 0)
(-0.285227 -0.080108 0)
(-0.287921 -0.072605 0)
(-0.290342 -0.0650634 0)
(-0.292492 -0.057488 0)
(-0.294372 -0.0498832 0)
(-0.295982 -0.0422531 0)
(-0.297323 -0.0346017 0)
(-0.298394 -0.0269326 0)
(-0.299191 -0.0192492 0)
(-0.299715 -0.0115549 0)
(-0.299989 -0.00385289 0)
(0.299976 -0.00689668 0)
(0.299405 -0.0206713 0)
(0.298309 -0.0344038 0)
(0.296644 -0.0480716 0)
(0.29441 -0.0616523 0)
(0.291618 -0.0751235 0)
(0.288276 -0.0884622 0)
(0.284389 -0.101646 0)
(0.27996 -0.11465 0)
(0.274995 -0.127453 0)
(0.269498 -0.14003 0)
(0.263478 -0.152359 0)
(0.256944 -0.164414 0)
(0.249903 -0.176173 0)
(0.242367 -0.187612 0)
(0.234347 -0.198707 0)
(0.225855 -0.209435 0)
(0.216905 -0.219774 0)
(0.207512 -0.229701 0)
(0.197692 -0.239196 0)
(0.187463 -0.248237 0)
(0.176847 -0.256807 0)
(0.16587 -0.26489 0)
(0.154572 -0.272475 0)
(0.143024 -0.279563 0)
(0.131367 -0.286191 0)
(0.119882 -0.292506 0)
(0.109051 -0.298934 0)
(0.0995268 -0.306433 0)
(0.0918385 -0.316522 0)
(0.0859207 -0.330611 0)
(0.0808514 -0.349056 0)
(0.0751217 -0.370986 0)
(0.0673319 -0.394889 0)
(0.0567167 -0.419234 0)
(0.0431146 -0.442742 0)
(0.0266596 -0.464447 0)
(0.00758322 -0.483661 0)
(-0.0136662 -0.499927 0)
(-0.0368761 -0.512975 0)
(-0.0619786 -0.522654 0)
(-0.0886988 -0.528907 0)
(-0.116791 -0.531748 0)
(-0.146016 -0.531237 0)
(-0.176098 -0.527469 0)
(-0.206679 -0.520564 0)
(-0.237216 -0.51066 0)
(-0.266925 -0.497905 0)
(-0.294025 -0.482473 0)
(-0.313333 -0.464592 0)
(-0.316689 -0.444519 0)
(-0.301821 -0.422444 0)
(-0.276056 -0.398716 0)
(-0.247471 -0.37385 0)
(-0.219516 -0.34846 0)
(-0.192202 -0.323268 0)
(-0.165214 -0.299007 0)
(-0.140809 -0.276525 0)
(-0.122314 -0.256997 0)
(-0.111607 -0.24159 0)
(-0.108234 -0.230785 0)
(-0.110178 -0.223828 0)
(-0.115479 -0.219128 0)
(-0.122751 -0.215331 0)
(-0.13099 -0.211725 0)
(-0.139574 -0.208033 0)
(-0.14819 -0.204165 0)
(-0.156699 -0.2001 0)
(-0.165043 -0.195835 0)
(-0.173193 -0.191376 0)
(-0.181137 -0.186728 0)
(-0.188863 -0.181898 0)
(-0.196364 -0.176896 0)
(-0.203632 -0.171727 0)
(-0.210663 -0.166401 0)
(-0.217449 -0.160926 0)
(-0.223985 -0.155309 0)
(-0.230268 -0.149559 0)
(-0.236293 -0.143684 0)
(-0.242057 -0.137692 0)
(-0.247555 -0.13159 0)
(-0.252787 -0.125387 0)
(-0.257749 -0.119089 0)
(-0.262439 -0.112704 0)
(-0.266856 -0.10624 0)
(-0.270999 -0.0997011 0)
(-0.274867 -0.0930955 0)
(-0.278459 -0.086429 0)
(-0.281775 -0.0797073 0)
(-0.284814 -0.0729359 0)
(-0.287577 -0.0661201 0)
(-0.290062 -0.0592648 0)
(-0.292271 -0.0523746 0)
(-0.294204 -0.045454 0)
(-0.295861 -0.0385071 0)
(-0.297242 -0.031538 0)
(-0.298345 -0.0245504 0)
(-0.299166 -0.0175479 0)
(-0.299707 -0.0105341 0)
(-0.299989 -0.00351263 0)
(0.299976 -0.00619021 0)
(0.299397 -0.0185534 0)
(0.298287 -0.0308778 0)
(0.296602 -0.0431423 0)
(0.29434 -0.0553262 0)
(0.291515 -0.0674088 0)
(0.288135 -0.0793689 0)
(0.284205 -0.0911856 0)
(0.27973 -0.102838 0)
(0.274716 -0.114304 0)
(0.269169 -0.125563 0)
(0.2631 -0.136594 0)
(0.256516 -0.147375 0)
(0.249428 -0.157886 0)
(0.241849 -0.168104 0)
(0.233789 -0.17801 0)
(0.225264 -0.187583 0)
(0.216287 -0.196802 0)
(0.206876 -0.205647 0)
(0.197047 -0.214099 0)
(0.18682 -0.222139 0)
(0.176214 -0.229748 0)
(0.165256 -0.236909 0)
(0.153984 -0.243607 0)
(0.142463 -0.249837 0)
(0.130833 -0.255627 0)
(0.11937 -0.261111 0)
(0.108557 -0.266691 0)
(0.0990446 -0.273262 0)
(0.0913618 -0.282233 0)
(0.0854413 -0.294879 0)
(0.0803635 -0.311484 0)
(0.0746298 -0.331212 0)
(0.0668558 -0.352674 0)
(0.0562798 -0.374488 0)
(0.0427372 -0.395517 0)
(0.0263613 -0.41491 0)
(0.00738437 -0.432062 0)
(-0.0137564 -0.446573 0)
(-0.0368504 -0.458207 0)
(-0.0618245 -0.466832 0)
(-0.0884078 -0.4724 0)
(-0.116358 -0.474925 0)
(-0.145435 -0.474461 0)
(-0.175369 -0.471095 0)
(-0.205803 -0.464934 0)
(-0.236204 -0.456104 0)
(-0.265801 -0.444738 0)
(-0.292852 -0.430993 0)
(-0.31226 -0.415076 0)
(-0.315835 -0.397212 0)
(-0.301159 -0.37756 0)
(-0.2755 -0.356429 0)
(-0.246969 -0.334273 0)
(-0.21906 -0.311636 0)
(-0.191855 -0.289156 0)
(-0.164985 -0.267486 0)
(-0.14057 -0.247364 0)
(-0.121942 -0.229829 0)
(-0.111039 -0.215943 0)
(-0.107478 -0.206179 0)
(-0.109286 -0.199885 0)
(-0.114497 -0.195688 0)
(-0.121701 -0.192341 0)
(-0.129889 -0.189178 0)
(-0.138434 -0.185936 0)
(-0.147019 -0.182532 0)
(-0.155503 -0.178947 0)
(-0.163828 -0.17518 0)
(-0.171967 -0.171235 0)
(-0.179906 -0.16712 0)
(-0.187636 -0.162841 0)
(-0.195148 -0.158404 0)
(-0.202435 -0.153817 0)
(-0.20949 -0.149087 0)
(-0.216308 -0.144221 0)
(-0.222882 -0.139227 0)
(-0.229208 -0.13411 0)
(-0.235282 -0.128878 0)
(-0.241098 -0.123538 0)
(-0.246653 -0.118097 0)
(-0.251944 -0.112561 0)
(-0.256968 -0.106937 0)
(-0.261722 -0.101231 0)
(-0.266204 -0.0954493 0)
(-0.270412 -0.0895977 0)
(-0.274345 -0.083682 0)
(-0.278001 -0.0777077 0)
(-0.281378 -0.0716801 0)
(-0.284477 -0.0656042 0)
(-0.287296 -0.059485 0)
(-0.289834 -0.053327 0)
(-0.292091 -0.0471347 0)
(-0.294067 -0.0409122 0)
(-0.295762 -0.0346637 0)
(-0.297176 -0.0283931 0)
(-0.298305 -0.0221041 0)
(-0.299146 -0.0158003 0)
(-0.2997 -0.00948542 0)
(-0.299988 -0.00316301 0)
(0.299976 -0.00547579 0)
(0.299392 -0.0164119 0)
(0.298271 -0.0273128 0)
(0.296569 -0.0381597 0)
(0.294287 -0.0489336 0)
(0.291436 -0.0596156 0)
(0.288026 -0.070187 0)
(0.284063 -0.0806286 0)
(0.279552 -0.0909217 0)
(0.274501 -0.101047 0)
(0.268916 -0.110986 0)
(0.262807 -0.12072 0)
(0.256184 -0.13023 0)
(0.249058 -0.139498 0)
(0.241441 -0.148504 0)
(0.233347 -0.157232 0)
(0.224789 -0.165663 0)
(0.215782 -0.173781 0)
(0.206343 -0.181567 0)
(0.196488 -0.189006 0)
(0.186237 -0.196083 0)
(0.17561 -0.202782 0)
(0.164634 -0.20909 0)
(0.153346 -0.214998 0)
(0.141818 -0.220507 0)
(0.130192 -0.225646 0)
(0.11875 -0.230539 0)
(0.107978 -0.235534 0)
(0.0985259 -0.241402 0)
(0.0909126 -0.249348 0)
(0.0850565 -0.26047 0)
(0.0800285 -0.275022 0)
(0.0743313 -0.292299 0)
(0.0665861 -0.311104 0)
(0.0560404 -0.330233 0)
(0.0425377 -0.348688 0)
(0.0262152 -0.365715 0)
(0.00730712 -0.380779 0)
(-0.0137533 -0.393526 0)
(-0.0367565 -0.403743 0)
(-0.0616273 -0.411314 0)
(-0.0880976 -0.416198 0)
(-0.115927 -0.418406 0)
(-0.144879 -0.417986 0)
(-0.174684 -0.415016 0)
(-0.204991 -0.40959 0)
(-0.235274 -0.401821 0)
(-0.264778 -0.391826 0)
(-0.291801 -0.379746 0)
(-0.311305 -0.365784 0)
(-0.315083 -0.350117 0)
(-0.300582 -0.332869 0)
(-0.275023 -0.314312 0)
(-0.246552 -0.294849 0)
(-0.218697 -0.274958 0)
(-0.191592 -0.2552 0)
(-0.164821 -0.236151 0)
(-0.140405 -0.218455 0)
(-0.121671 -0.203008 0)
(-0.110574 -0.190738 0)
(-0.106831 -0.182137 0)
(-0.108461 -0.176446 0)
(-0.113577 -0.172678 0)
(-0.120713 -0.169698 0)
(-0.128861 -0.166899 0)
(-0.137384 -0.164041 0)
(-0.145959 -0.161048 0)
(-0.154439 -0.1579 0)
(-0.162765 -0.154594 0)
(-0.170909 -0.151135 0)
(-0.178857 -0.147526 0)
(-0.1866 -0.143773 0)
(-0.194129 -0.139883 0)
(-0.201438 -0.135859 0)
(-0.208519 -0.131709 0)
(-0.215366 -0.127438 0)
(-0.221975 -0.123052 0)
(-0.228339 -0.118556 0)
(-0.234453 -0.113957 0)
(-0.240314 -0.109261 0)
(-0.245916 -0.104472 0)
(-0.251256 -0.0995977 0)
(-0.256331 -0.0946427 0)
(-0.261138 -0.0896125 0)
(-0.265673 -0.0845126 0)
(-0.269935 -0.079348 0)
(-0.27392 -0.0741239 0)
(-0.277628 -0.0688451 0)
(-0.281056 -0.0635165 0)
(-0.284203 -0.0581425 0)
(-0.287068 -0.0527275 0)
(-0.289648 -0.0472759 0)
(-0.291945 -0.0417917 0)
(-0.293956 -0.0362788 0)
(-0.295682 -0.030741 0)
(-0.297122 -0.0251821 0)
(-0.298273 -0.0196056 0)
(-0.299129 -0.0140151 0)
(-0.299694 -0.00841398 0)
(-0.299988 -0.00280579 0)
(0.299975 -0.00475527 0)
(0.299387 -0.0142522 0)
(0.298258 -0.0237181 0)
(0.296544 -0.0331362 0)
(0.294246 -0.0424898 0)
(0.291375 -0.0517622 0)
(0.287942 -0.0609368 0)
(0.283954 -0.0699969 0)
(0.279416 -0.0789258 0)
(0.274336 -0.0877071 0)
(0.268721 -0.0963243 0)
(0.262582 -0.104761 0)
(0.255929 -0.113001 0)
(0.248774 -0.121028 0)
(0.24113 -0.128827 0)
(0.233011 -0.136381 0)
(0.224431 -0.143676 0)
(0.215405 -0.150697 0)
(0.205952 -0.157428 0)
(0.196088 -0.163856 0)
(0.185833 -0.169967 0)
(0.175209 -0.175747 0)
(0.164242 -0.181186 0)
(0.15297 -0.186274 0)
(0.141463 -0.191009 0)
(0.129861 -0.195414 0)
(0.118444 -0.199597 0)
(0.107693 -0.203861 0)
(0.0982561 -0.208888 0)
(0.090649 -0.215742 0)
(0.0847901 -0.225381 0)
(0.0797538 -0.238015 0)
(0.0740509 -0.253011 0)
(0.0663133 -0.269321 0)
(0.0557921 -0.285895 0)
(0.0423294 -0.301872 0)
(0.0260613 -0.316603 0)
(0.00722175 -0.32963 0)
(-0.0137611 -0.340648 0)
(-0.0366789 -0.349476 0)
(-0.0614548 -0.356014 0)
(-0.087823 -0.360227 0)
(-0.115545 -0.362126 0)
(-0.144386 -0.361754 0)
(-0.174077 -0.359177 0)
(-0.204273 -0.354479 0)
(-0.234451 -0.347755 0)
(-0.26387 -0.339107 0)
(-0.29091 -0.328657 0)
(-0.310423 -0.3167 0)
(-0.314426 -0.303191 0)
(-0.300071 -0.288308 0)
(-0.274598 -0.272285 0)
(-0.246181 -0.255471 0)
(-0.218374 -0.238281 0)
(-0.191365 -0.221196 0)
(-0.164702 -0.204718 0)
(-0.140287 -0.189396 0)
(-0.121437 -0.175992 0)
(-0.110159 -0.16531 0)
(-0.106303 -0.157907 0)
(-0.107793 -0.152825 0)
(-0.112858 -0.149529 0)
(-0.119947 -0.146956 0)
(-0.128063 -0.144552 0)
(-0.136565 -0.142099 0)
(-0.145124 -0.139529 0)
(-0.153594 -0.136823 0)
(-0.161915 -0.133981 0)
(-0.170058 -0.131004 0)
(-0.17801 -0.127898 0)
(-0.185761 -0.124666 0)
(-0.193302 -0.121314 0)
(-0.200627 -0.117845 0)
(-0.207729 -0.114266 0)
(-0.214601 -0.110581 0)
(-0.221237 -0.106795 0)
(-0.227632 -0.102913 0)
(-0.233781 -0.0989392 0)
(-0.239677 -0.0948796 0)
(-0.245318 -0.0907386 0)
(-0.250699 -0.0865211 0)
(-0.255816 -0.0822317 0)
(-0.260665 -0.0778752 0)
(-0.265244 -0.0734562 0)
(-0.269549 -0.068979 0)
(-0.273577 -0.0644481 0)
(-0.277327 -0.0598677 0)
(-0.280796 -0.0552421 0)
(-0.283982 -0.0505751 0)
(-0.286883 -0.0458708 0)
(-0.289499 -0.041133 0)
(-0.291827 -0.0363652 0)
(-0.293867 -0.0315711 0)
(-0.295618 -0.0267541 0)
(-0.297079 -0.0219176 0)
(-0.298247 -0.017065 0)
(-0.299116 -0.0121994 0)
(-0.299689 -0.00732415 0)
(-0.299988 -0.00244242 0)
(0.299975 -0.00403012 0)
(0.299384 -0.0120787 0)
(0.298249 -0.0201006 0)
(0.296525 -0.0280815 0)
(0.294214 -0.036007 0)
(0.291329 -0.0438628 0)
(0.287879 -0.0516345 0)
(0.283872 -0.0593079 0)
(0.279313 -0.0668689 0)
(0.27421 -0.0743032 0)
(0.268573 -0.081597 0)
(0.26241 -0.0887364 0)
(0.255734 -0.0957076 0)
(0.248557 -0.102497 0)
(0.240891 -0.109091 0)
(0.232751 -0.115478 0)
(0.224152 -0.121643 0)
(0.215109 -0.127575 0)
(0.20564 -0.133262 0)
(0.195762 -0.138691 0)
(0.185495 -0.143852 0)
(0.17486 -0.148735 0)
(0.163884 -0.153329 0)
(0.152605 -0.157628 0)
(0.141094 -0.16163 0)
(0.129492 -0.16536 0)
(0.118083 -0.168907 0)
(0.10735 -0.172532 0)
(0.0979421 -0.176804 0)
(0.0903712 -0.182614 0)
(0.0845475 -0.19076 0)
(0.0795396 -0.201418 0)
(0.073858 -0.214061 0)
(0.0661387 -0.22781 0)
(0.0556398 -0.241786 0)
(0.0422079 -0.255261 0)
(0.0259804 -0.267688 0)
(0.00719158 -0.278677 0)
(-0.0137319 -0.287971 0)
(-0.0365822 -0.295415 0)
(-0.0612822 -0.300927 0)
(-0.0875674 -0.304475 0)
(-0.1152 -0.306068 0)
(-0.143948 -0.305743 0)
(-0.173545 -0.303557 0)
(-0.203644 -0.299579 0)
(-0.233729 -0.293891 0)
(-0.263072 -0.286578 0)
(-0.290144 -0.277743 0)
(-0.309666 -0.26775 0)
(-0.313886 -0.256393 0)
(-0.299646 -0.243855 0)
(-0.274243 -0.230335 0)
(-0.245875 -0.216139 0)
(-0.218113 -0.201622 0)
(-0.191182 -0.187189 0)
(-0.164598 -0.173263 0)
(-0.140182 -0.160305 0)
(-0.121225 -0.148962 0)
(-0.109857 -0.139996 0)
(-0.105869 -0.133801 0)
(-0.107213 -0.129328 0)
(-0.112236 -0.126494 0)
(-0.119285 -0.124311 0)
(-0.127377 -0.122282 0)
(-0.135865 -0.120215 0)
(-0.144418 -0.118051 0)
(-0.152887 -0.115773 0)
(-0.161209 -0.11338 0)
(-0.169356 -0.110873 0)
(-0.177315 -0.108257 0)
(-0.185076 -0.105535 0)
(-0.19263 -0.102711 0)
(-0.199971 -0.0997887 0)
(-0.207091 -0.0967719 0)
(-0.213984 -0.0936648 0)
(-0.220643 -0.0904714 0)
(-0.227064 -0.0871958 0)
(-0.23324 -0.083842 0)
(-0.239167 -0.0804142 0)
(-0.244839 -0.0769162 0)
(-0.250253 -0.0733522 0)
(-0.255403 -0.0697261 0)
(-0.260287 -0.0660417 0)
(-0.264901 -0.062303 0)
(-0.26924 -0.0585136 0)
(-0.273303 -0.0546773 0)
(-0.277087 -0.0507977 0)
(-0.280588 -0.0468784 0)
(-0.283806 -0.0429228 0)
(-0.286737 -0.0389344 0)
(-0.28938 -0.0349162 0)
(-0.291733 -0.0308717 0)
(-0.293795 -0.0268038 0)
(-0.295566 -0.0227157 0)
(-0.297044 -0.0186103 0)
(-0.298226 -0.0144905 0)
(-0.299106 -0.0103593 0)
(-0.299685 -0.00621956 0)
(-0.299988 -0.00207411 0)
(0.299975 -0.00330147 0)
(0.299381 -0.00989474 0)
(0.298241 -0.016466 0)
(0.296511 -0.0230033 0)
(0.294191 -0.0294948 0)
(0.291294 -0.0359285 0)
(0.287832 -0.0422927 0)
(0.28381 -0.0485756 0)
(0.279235 -0.0547655 0)
(0.274116 -0.0608508 0)
(0.268461 -0.06682 0)
(0.262281 -0.0726617 0)
(0.255588 -0.0783647 0)
(0.248394 -0.0839179 0)
(0.240712 -0.0893105 0)
(0.232557 -0.0945317 0)
(0.223944 -0.0995711 0)
(0.214889 -0.104419 0)
(0.20541 -0.109064 0)
(0.195525 -0.113499 0)
(0.185254 -0.117712 0)
(0.174618 -0.121697 0)
(0.163644 -0.125445 0)
(0.15237 -0.128949 0)
(0.140868 -0.132211 0)
(0.129279 -0.135247 0)
(0.117884 -0.138131 0)
(0.107167 -0.141079 0)
(0.0977731 -0.144558 0)
(0.0902128 -0.149302 0)
(0.0843948 -0.155964 0)
(0.0793887 -0.164684 0)
(0.0737086 -0.175027 0)
(0.0659959 -0.186271 0)
(0.0555122 -0.197695 0)
(0.0421053 -0.208707 0)
(0.0259123 -0.218858 0)
(0.00716664 -0.227834 0)
(-0.0137067 -0.235423 0)
(-0.0365006 -0.2415 0)
(-0.0611378 -0.245997 0)
(-0.0873548 -0.24889 0)
(-0.114915 -0.250185 0)
(-0.143587 -0.249911 0)
(-0.173105 -0.248115 0)
(-0.203124 -0.244853 0)
(-0.233127 -0.240189 0)
(-0.262394 -0.234191 0)
(-0.289488 -0.226934 0)
(-0.309042 -0.2188 0)
(-0.313384 -0.209823 0)
(-0.299283 -0.199523 0)
(-0.273938 -0.188445 0)
(-0.245613 -0.176827 0)
(-0.21789 -0.164953 0)
(-0.191021 -0.153149 0)
(-0.164504 -0.141756 0)
(-0.140095 -0.13115 0)
(-0.121045 -0.12186 0)
(-0.109643 -0.114612 0)
(-0.105565 -0.10964 0)
(-0.106758 -0.1058 0)
(-0.111763 -0.103444 0)
(-0.118778 -0.101659 0)
(-0.126848 -0.100008 0)
(-0.135323 -0.0983282 0)
(-0.143869 -0.0965683 0)
(-0.152333 -0.0947153 0)
(-0.160654 -0.0927677 0)
(-0.168804 -0.0907271 0)
(-0.176768 -0.0885965 0)
(-0.184535 -0.0863786 0)
(-0.192099 -0.0840768 0)
(-0.199452 -0.0816941 0)
(-0.206587 -0.0792337 0)
(-0.213496 -0.076699 0)
(-0.220174 -0.074093 0)
(-0.226616 -0.0714191 0)
(-0.232814 -0.0686805 0)
(-0.238765 -0.0658805 0)
(-0.244462 -0.0630224 0)
(-0.249902 -0.0601094 0)
(-0.255079 -0.0571446 0)
(-0.25999 -0.0541313 0)
(-0.264631 -0.0510726 0)
(-0.268998 -0.0479714 0)
(-0.273088 -0.044831 0)
(-0.276898 -0.0416542 0)
(-0.280425 -0.0384439 0)
(-0.283667 -0.0352032 0)
(-0.286622 -0.0319346 0)
(-0.289286 -0.028641 0)
(-0.291659 -0.0253251 0)
(-0.29374 -0.0219894 0)
(-0.295526 -0.0186365 0)
(-0.297017 -0.015269 0)
(-0.298209 -0.0118893 0)
(-0.299097 -0.00849994 0)
(-0.299683 -0.00510332 0)
(-0.299988 -0.0017019 0)
(0.299975 -0.00257022 0)
(0.299379 -0.00770309 0)
(0.298236 -0.0128187 0)
(0.296501 -0.0179077 0)
(0.294174 -0.0229607 0)
(0.291269 -0.0279684 0)
(0.287797 -0.0329216 0)
(0.283764 -0.0378111 0)
(0.279178 -0.0426276 0)
(0.274047 -0.0473622 0)
(0.268379 -0.0520058 0)
(0.262187 -0.0565497 0)
(0.255481 -0.060985 0)
(0.248274 -0.0653032 0)
(0.24058 -0.0694958 0)
(0.232413 -0.0735545 0)
(0.22379 -0.0774713 0)
(0.214725 -0.0812384 0)
(0.205238 -0.0848481 0)
(0.195346 -0.0882932 0)
(0.185069 -0.0915667 0)
(0.174428 -0.0946619 0)
(0.163451 -0.0975731 0)
(0.152176 -0.100296 0)
(0.140674 -0.102829 0)
(0.129088 -0.105189 0)
(0.117699 -0.107432 0)
(0.106992 -0.109725 0)
(0.0976126 -0.112433 0)
(0.0900688 -0.116122 0)
(0.0842659 -0.1213 0)
(0.0792714 -0.128073 0)
(0.0736006 -0.136105 0)
(0.0658981 -0.144834 0)
(0.0554287 -0.153704 0)
(0.0420417 -0.162254 0)
(0.0258749 -0.170135 0)
(0.0071614 -0.177103 0)
(-0.0136744 -0.182995 0)
(-0.0364255 -0.187711 0)
(-0.0610154 -0.1912 0)
(-0.0871807 -0.193442 0)
(-0.114686 -0.194443 0)
(-0.143299 -0.194224 0)
(-0.172756 -0.192821 0)
(-0.202712 -0.190277 0)
(-0.232647 -0.18664 0)
(-0.26184 -0.18196 0)
(-0.288928 -0.176292 0)
(-0.308506 -0.169985 0)
(-0.3129 -0.163327 0)
(-0.298988 -0.155228 0)
(-0.273706 -0.146574 0)
(-0.245417 -0.137524 0)
(-0.217723 -0.128285 0)
(-0.190899 -0.119105 0)
(-0.16443 -0.110245 0)
(-0.14003 -0.101993 0)
(-0.120896 -0.0947602 0)
(-0.109474 -0.0892018 0)
(-0.105366 -0.0854611 0)
(-0.106392 -0.0823013 0)
(-0.111396 -0.0804335 0)
(-0.118385 -0.0790425 0)
(-0.126437 -0.0777633 0)
(-0.134902 -0.0764625 0)
(-0.143442 -0.0750996 0)
(-0.151905 -0.0736644 0)
(-0.160226 -0.0721554 0)
(-0.168378 -0.0705741 0)
(-0.176346 -0.0689226 0)
(-0.18412 -0.0672031 0)
(-0.191692 -0.065418 0)
(-0.199055 -0.0635699 0)
(-0.2062 -0.061661 0)
(-0.213123 -0.059694 0)
(-0.219816 -0.0576712 0)
(-0.226273 -0.0555951 0)
(-0.232489 -0.0534684 0)
(-0.238458 -0.0512934 0)
(-0.244174 -0.0490727 0)
(-0.249634 -0.0468088 0)
(-0.254832 -0.0445041 0)
(-0.259764 -0.042161 0)
(-0.264426 -0.0397821 0)
(-0.268814 -0.0373696 0)
(-0.272924 -0.034926 0)
(-0.276755 -0.0324535 0)
(-0.280301 -0.0299545 0)
(-0.283562 -0.0274312 0)
(-0.286534 -0.0248858 0)
(-0.289215 -0.0223205 0)
(-0.291603 -0.0197373 0)
(-0.293697 -0.0171384 0)
(-0.295496 -0.0145258 0)
(-0.296997 -0.0119015 0)
(-0.298197 -0.00926741 0)
(-0.299091 -0.00662562 0)
(-0.29968 -0.00397806 0)
(-0.299988 -0.00132668 0)
(0.299975 -0.00183712 0)
(0.299378 -0.00550591 0)
(0.298232 -0.0091623 0)
(0.296494 -0.0127996 0)
(0.294162 -0.0164109 0)
(0.291251 -0.0199898 0)
(0.287773 -0.0235295 0)
(0.283733 -0.0270234 0)
(0.279139 -0.0304649 0)
(0.273999 -0.0338476 0)
(0.268322 -0.0371649 0)
(0.262121 -0.0404107 0)
(0.255406 -0.0435786 0)
(0.24819 -0.0466625 0)
(0.240487 -0.0496564 0)
(0.232313 -0.0525544 0)
(0.223682 -0.0553506 0)
(0.214611 -0.0580396 0)
(0.205119 -0.060616 0)
(0.195222 -0.0630744 0)
(0.184942 -0.06541 0)
(0.1743 -0.067618 0)
(0.163323 -0.0696941 0)
(0.152049 -0.0716352 0)
(0.140551 -0.0734411 0)
(0.128969 -0.0751223 0)
(0.117586 -0.0767203 0)
(0.106887 -0.0783542 0)
(0.0975169 -0.0802854 0)
(0.0899812 -0.0829188 0)
(0.0841844 -0.0866157 0)
(0.0791939 -0.0914524 0)
(0.0735267 -0.0971865 0)
(0.06583 -0.103418 0)
(0.0553705 -0.109749 0)
(0.0419985 -0.11585 0)
(0.0258516 -0.121474 0)
(0.00716251 -0.126445 0)
(-0.0136445 -0.130648 0)
(-0.0363629 -0.134012 0)
(-0.0609164 -0.136499 0)
(-0.087042 -0.138096 0)
(-0.114504 -0.138807 0)
(-0.143072 -0.138648 0)
(-0.172481 -0.137643 0)
(-0.202387 -0.135825 0)
(-0.232268 -0.133228 0)
(-0.261407 -0.12989 0)
(-0.288489 -0.125855 0)
(-0.30804 -0.121401 0)
(-0.312568 -0.116663 0)
(-0.298775 -0.110872 0)
(-0.273546 -0.104687 0)
(-0.245283 -0.0982216 0)
(-0.217604 -0.0916224 0)
(-0.190808 -0.085064 0)
(-0.164373 -0.0787324 0)
(-0.139981 -0.0728326 0)
(-0.120778 -0.0676565 0)
(-0.109343 -0.0637358 0)
(-0.105276 -0.0611856 0)
(-0.10612 -0.0587938 0)
(-0.11114 -0.0574341 0)
(-0.118108 -0.0564397 0)
(-0.126146 -0.0555297 0)
(-0.134601 -0.0546048 0)
(-0.143136 -0.0536355 0)
(-0.151596 -0.0526141 0)
(-0.159917 -0.0515399 0)
(-0.16807 -0.0504139 0)
(-0.176041 -0.0492374 0)
(-0.183819 -0.0480123 0)
(-0.191397 -0.0467402 0)
(-0.198767 -0.0454228 0)
(-0.205921 -0.0440619 0)
(-0.212853 -0.0426592 0)
(-0.219557 -0.0412165 0)
(-0.226026 -0.0397356 0)
(-0.232254 -0.0382182 0)
(-0.238236 -0.0366661 0)
(-0.243967 -0.035081 0)
(-0.249441 -0.0334648 0)
(-0.254653 -0.0318192 0)
(-0.2596 -0.030146 0)
(-0.264277 -0.0284467 0)
(-0.268681 -0.0267233 0)
(-0.272806 -0.0249773 0)
(-0.276651 -0.0232104 0)
(-0.280212 -0.0214242 0)
(-0.283486 -0.0196205 0)
(-0.286471 -0.0178007 0)
(-0.289164 -0.0159664 0)
(-0.291563 -0.0141191 0)
(-0.293666 -0.0122604 0)
(-0.295474 -0.0103917 0)
(-0.296982 -0.00851444 0)
(-0.298188 -0.00663015 0)
(-0.299087 -0.00474023 0)
(-0.299679 -0.0028461 0)
(-0.299988 -0.000949207 0)
(0.299975 -0.00110278 0)
(0.299377 -0.00330501 0)
(0.29823 -0.00549978 0)
(0.296489 -0.00768301 0)
(0.294155 -0.00985068 0)
(0.29124 -0.0119987 0)
(0.287757 -0.0141232 0)
(0.283713 -0.0162201 0)
(0.279114 -0.0182855 0)
(0.273968 -0.0203154 0)
(0.268286 -0.0223061 0)
(0.262079 -0.0242536 0)
(0.255358 -0.0261543 0)
(0.248137 -0.0280045 0)
(0.240429 -0.0298005 0)
(0.232249 -0.0315389 0)
(0.223614 -0.0332161 0)
(0.214539 -0.0348289 0)
(0.205043 -0.036374 0)
(0.195143 -0.0378483 0)
(0.184861 -0.0392488 0)
(0.174217 -0.0405728 0)
(0.163239 -0.0418177 0)
(0.151966 -0.0429815 0)
(0.140468 -0.0440644 0)
(0.128888 -0.0450725 0)
(0.117509 -0.0460308 0)
(0.106815 -0.0470108 0)
(0.0974509 -0.0481692 0)
(0.0899217 -0.0497489 0)
(0.0841306 -0.0519662 0)
(0.0791444 -0.0548666 0)
(0.073481 -0.0583048 0)
(0.065789 -0.0620411 0)
(0.0553366 -0.0658366 0)
(0.0419749 -0.0694943 0)
(0.0258414 -0.0728656 0)
(0.00716855 -0.0758456 0)
(-0.0136191 -0.0783648 0)
(-0.0363153 -0.0803808 0)
(-0.0608441 -0.0818712 0)
(-0.0869425 -0.0828277 0)
(-0.114375 -0.0832527 0)
(-0.142912 -0.0831559 0)
(-0.172288 -0.0825525 0)
(-0.202159 -0.0814614 0)
(-0.232006 -0.079904 0)
(-0.261114 -0.0779034 0)
(-0.288204 -0.0754872 0)
(-0.307749 -0.072833 0)
(-0.312366 -0.0699978 0)
(-0.298633 -0.0665253 0)
(-0.273437 -0.0628137 0)
(-0.245192 -0.0589342 0)
(-0.217523 -0.0549744 0)
(-0.190745 -0.0510385 0)
(-0.164332 -0.0472371 0)
(-0.139944 -0.0436915 0)
(-0.120691 -0.0405742 0)
(-0.109245 -0.038235 0)
(-0.105235 -0.0367697 0)
(-0.105942 -0.0352844 0)
(-0.110978 -0.0344564 0)
(-0.117931 -0.0338582 0)
(-0.125958 -0.0333128 0)
(-0.134407 -0.0327591 0)
(-0.142938 -0.0321789 0)
(-0.151396 -0.0315674 0)
(-0.159716 -0.0309242 0)
(-0.16787 -0.0302499 0)
(-0.175843 -0.0295453 0)
(-0.183624 -0.0288114 0)
(-0.191205 -0.0280493 0)
(-0.198579 -0.02726 0)
(-0.205739 -0.0264444 0)
(-0.212677 -0.0256038 0)
(-0.219388 -0.024739 0)
(-0.225865 -0.0238512 0)
(-0.232101 -0.0229414 0)
(-0.238092 -0.0220107 0)
(-0.243832 -0.0210602 0)
(-0.249315 -0.0200908 0)
(-0.254538 -0.0191037 0)
(-0.259494 -0.0180998 0)
(-0.264181 -0.0170803 0)
(-0.268594 -0.0160461 0)
(-0.27273 -0.0149983 0)
(-0.276584 -0.0139378 0)
(-0.280154 -0.0128657 0)
(-0.283437 -0.0117828 0)
(-0.28643 -0.0106903 0)
(-0.289131 -0.00958896 0)
(-0.291537 -0.00847975 0)
(-0.293647 -0.0073636 0)
(-0.295459 -0.00624138 0)
(-0.296973 -0.00511398 0)
(-0.298182 -0.0039823 0)
(-0.299084 -0.00284719 0)
(-0.299678 -0.00170954 0)
(-0.299988 -0.000570188 0)
(0.299975 -0.000367715 0)
(0.299377 -0.00110199 0)
(0.298229 -0.00183374 0)
(0.296487 -0.00256165 0)
(0.294151 -0.00328436 0)
(0.291235 -0.00400052 0)
(0.28775 -0.00470881 0)
(0.283703 -0.00540788 0)
(0.279101 -0.00609644 0)
(0.273953 -0.00677317 0)
(0.268269 -0.00743678 0)
(0.262059 -0.00808601 0)
(0.255335 -0.00871961 0)
(0.248111 -0.00933635 0)
(0.2404 -0.00993503 0)
(0.232218 -0.0105145 0)
(0.223581 -0.0110735 0)
(0.214504 -0.0116111 0)
(0.205006 -0.012126 0)
(0.195105 -0.0126173 0)
(0.184821 -0.013084 0)
(0.174177 -0.0135252 0)
(0.163199 -0.0139399 0)
(0.151926 -0.0143276 0)
(0.140429 -0.0146883 0)
(0.12885 -0.015024 0)
(0.117473 -0.0153431 0)
(0.106782 -0.0156695 0)
(0.0974205 -0.0160554 0)
(0.089894 -0.0165818 0)
(0.0841051 -0.0173208 0)
(0.0791205 -0.0182876 0)
(0.0734586 -0.0194336 0)
(0.0657689 -0.0206788 0)
(0.0553201 -0.0219438 0)
(0.0419636 -0.0231627 0)
(0.0258369 -0.0242861 0)
(0.00717232 -0.0252791 0)
(-0.0136056 -0.0261185 0)
(-0.0362904 -0.0267902 -2.01297e-29)
(-0.0608067 -0.0272868 0)
(-0.0868915 -0.0276054 0)
(-0.114309 -0.0277469 -2.01327e-29)
(-0.14283 -0.0277146 0)
(-0.17219 -0.0275135 0)
(-0.202045 -0.0271499 1.98143e-29)
(-0.231874 -0.0266312 0)
(-0.260968 -0.0259648 0)
(-0.288065 -0.0251602 0)
(-0.307608 -0.0242784 0)
(-0.312268 -0.0233341 0)
(-0.298563 -0.022177 0)
(-0.273384 -0.0209399 0)
(-0.245148 -0.0196468 0)
(-0.217486 -0.0183269 0)
(-0.190719 -0.0170149 0)
(-0.164316 -0.0157474 0)
(-0.139927 -0.0145642 0)
(-0.120647 -0.0135215 0)
(-0.109196 -0.0127396 0)
(-0.105156 -0.0122515 -3.66823e-30)
(-0.10586 -0.0117618 0)
(-0.110892 -0.0114853 -3.38699e-30)
(-0.11784 -0.0112855 0)
(-0.125863 -0.0111036 0)
(-0.13431 -0.0109191 -3.31382e-30)
(-0.14284 -0.0107258 6.62336e-30)
(-0.151297 -0.0105222 0)
(-0.159617 -0.0103081 -3.3108e-30)
(-0.167772 -0.0100835 6.62147e-30)
(-0.175745 -0.0098489 0)
(-0.183528 -0.0096045 0)
(-0.191111 -0.00935068 0)
(-0.198487 -0.00908777 -3.31071e-30)
(-0.20565 -0.00881612 0)
(-0.212591 -0.00853607 0)
(-0.219305 -0.00824797 -3.31071e-30)
(-0.225785 -0.00795218 0)
(-0.232026 -0.00764904 3.31071e-30)
(-0.238021 -0.0073389 0)
(-0.243765 -0.00702212 0)
(-0.249253 -0.00669905 0)
(-0.254481 -0.00637004 6.62143e-30)
(-0.259442 -0.00603543 0)
(-0.264134 -0.00569558 -6.62143e-30)
(-0.268552 -0.00535082 0)
(-0.272692 -0.0050015 0)
(-0.276551 -0.00464795 6.62143e-30)
(-0.280126 -0.00429049 0)
(-0.283413 -0.00392946 0)
(-0.28641 -0.00356517 0)
(-0.289114 -0.00319793 0)
(-0.291524 -0.00282806 0)
(-0.293637 -0.00245586 3.31071e-30)
(-0.295452 -0.00208162 0)
(-0.296968 -0.00170565 0)
(-0.29818 -0.00132824 6.62143e-30)
(-0.299082 -0.000949674 0)
(-0.299677 -0.000570264 6.62143e-30)
(-0.299988 -0.000190259 0)
(0.299975 0.000367581 0)
(0.299377 0.00110174 0)
(0.298229 0.00183344 0)
(0.296487 0.00256128 0)
(0.294151 0.00328393 0)
(0.291235 0.00400003 0)
(0.28775 0.00470826 0)
(0.283703 0.00540726 0)
(0.279101 0.00609573 0)
(0.273953 0.00677237 0)
(0.268269 0.00743588 0)
(0.262059 0.008085 0)
(0.255335 0.00871847 0)
(0.248111 0.00933507 0)
(0.2404 0.00993359 0)
(0.232218 0.0105128 0)
(0.223581 0.0110717 0)
(0.214504 0.0116091 0)
(0.205006 0.0121239 0)
(0.195105 0.012615 0)
(0.184821 0.0130816 0)
(0.174177 0.0135227 0)
(0.163199 0.0139374 0)
(0.151926 0.0143251 0)
(0.140429 0.0146857 0)
(0.12885 0.0150214 0)
(0.117473 0.0153405 0)
(0.106782 0.0156669 0)
(0.0974203 0.0160528 0)
(0.0898939 0.0165792 0)
(0.084105 0.0173181 0)
(0.0791204 0.0182847 0)
(0.0734584 0.0194305 0)
(0.0657687 0.0206756 0)
(0.0553199 0.0219404 0)
(0.0419633 0.0231592 0)
(0.0258366 0.0242825 0)
(0.007172 0.0252754 0)
(-0.0136059 0.0261147 0)
(-0.0362907 0.0267864 2.01297e-29)
(-0.060807 0.0272828 0)
(-0.0868919 0.0276014 0)
(-0.11431 0.0277428 2.01327e-29)
(-0.14283 0.0277104 0)
(-0.172191 0.0275093 0)
(-0.202045 0.0271456 -1.98143e-29)
(-0.231875 0.0266268 0)
(-0.260969 0.0259604 0)
(-0.288065 0.0251557 0)
(-0.307608 0.0242738 0)
(-0.312267 0.0233296 0)
(-0.298563 0.0221727 0)
(-0.273383 0.0209361 0)
(-0.245148 0.0196434 0)
(-0.217486 0.0183241 0)
(-0.190718 0.0170126 0)
(-0.164316 0.0157458 0)
(-0.139927 0.0145634 0)
(-0.120646 0.0135215 0)
(-0.109196 0.0127402 0)
(-0.105156 0.0122524 3.66823e-30)
(-0.10586 0.0117628 0)
(-0.110892 0.0114863 3.38699e-30)
(-0.11784 0.0112864 0)
(-0.125863 0.0111043 0)
(-0.13431 0.0109197 3.31382e-30)
(-0.14284 0.0107263 -6.62336e-30)
(-0.151297 0.0105226 0)
(-0.159617 0.0103083 3.3108e-30)
(-0.167772 0.0100836 -6.62147e-30)
(-0.175745 0.00984889 0)
(-0.183527 0.0096044 0)
(-0.191111 0.00935049 0)
(-0.198487 0.0090875 3.31071e-30)
(-0.20565 0.00881577 0)
(-0.212591 0.00853566 0)
(-0.219305 0.00824751 3.31071e-30)
(-0.225785 0.00795168 0)
(-0.232026 0.00764851 -3.31071e-30)
(-0.238021 0.00733837 0)
(-0.243765 0.0070216 0)
(-0.249253 0.00669855 0)
(-0.254481 0.00636956 -6.62143e-30)
(-0.259442 0.00603499 0)
(-0.264134 0.00569517 6.62143e-30)
(-0.268552 0.00535044 0)
(-0.272692 0.00500114 0)
(-0.276551 0.0046476 -6.62143e-30)
(-0.280126 0.00429015 0)
(-0.283413 0.00392912 0)
(-0.28641 0.00356483 0)
(-0.289114 0.00319759 0)
(-0.291524 0.00282771 0)
(-0.293637 0.0024555 -3.31071e-30)
(-0.295452 0.00208126 0)
(-0.296968 0.00170528 0)
(-0.29818 0.00132787 -6.62143e-30)
(-0.299082 0.00094932 0)
(-0.299677 0.000569903 -6.62143e-30)
(-0.299988 0.000189973 0)
(0.299975 0.00110265 0)
(0.299377 0.00330477 0)
(0.29823 0.00549948 0)
(0.296489 0.00768265 0)
(0.294155 0.00985025 0)
(0.29124 0.0119983 0)
(0.287757 0.0141227 0)
(0.283713 0.0162195 0)
(0.279114 0.0182848 0)
(0.273968 0.0203146 0)
(0.268286 0.0223052 0)
(0.262079 0.0242526 0)
(0.255358 0.0261532 0)
(0.248137 0.0280032 0)
(0.240429 0.0297991 0)
(0.232249 0.0315373 0)
(0.223614 0.0332143 0)
(0.214539 0.0348269 0)
(0.205042 0.0363719 0)
(0.195143 0.037846 0)
(0.18486 0.0392465 0)
(0.174217 0.0405703 0)
(0.163239 0.0418151 0)
(0.151965 0.042979 0)
(0.140467 0.0440618 0)
(0.128888 0.0450699 0)
(0.117509 0.0460282 0)
(0.106815 0.0470082 0)
(0.0974505 0.0481667 0)
(0.0899213 0.0497463 0)
(0.0841302 0.0519635 0)
(0.0791439 0.0548638 0)
(0.0734804 0.0583018 0)
(0.0657883 0.062038 0)
(0.0553359 0.0658333 0)
(0.041974 0.0694908 0)
(0.0258405 0.072862 0)
(0.00716758 0.0758419 0)
(-0.0136202 0.0783609 0)
(-0.0363163 0.0803768 0)
(-0.0608451 0.0818671 0)
(-0.0869436 0.0828235 0)
(-0.114376 0.0832485 0)
(-0.142913 0.0831516 0)
(-0.172289 0.0825482 0)
(-0.20216 0.0814569 0)
(-0.232006 0.0798995 0)
(-0.261115 0.0778988 0)
(-0.288205 0.0754825 0)
(-0.307749 0.0728283 0)
(-0.312365 0.0699931 0)
(-0.298631 0.0665208 0)
(-0.273436 0.0628097 0)
(-0.24519 0.0589306 0)
(-0.217522 0.0549713 0)
(-0.190744 0.0510359 0)
(-0.16433 0.0472351 0)
(-0.139942 0.0436903 0)
(-0.12069 0.0405739 0)
(-0.109244 0.0382354 0)
(-0.105234 0.0367705 0)
(-0.105942 0.0352853 0)
(-0.110977 0.0344573 0)
(-0.117931 0.033859 0)
(-0.125958 0.0333136 0)
(-0.134406 0.0327597 0)
(-0.142938 0.0321793 0)
(-0.151396 0.0315678 0)
(-0.159716 0.0309244 0)
(-0.16787 0.03025 0)
(-0.175843 0.0295453 0)
(-0.183624 0.0288113 0)
(-0.191205 0.0280491 0)
(-0.198579 0.0272597 0)
(-0.205739 0.0264441 0)
(-0.212677 0.0256034 0)
(-0.219388 0.0247385 0)
(-0.225864 0.0238507 0)
(-0.232101 0.0229409 0)
(-0.238092 0.0220102 0)
(-0.243832 0.0210597 0)
(-0.249315 0.0200903 0)
(-0.254537 0.0191032 0)
(-0.259494 0.0180994 0)
(-0.264181 0.0170799 0)
(-0.268594 0.0160457 0)
(-0.27273 0.0149979 0)
(-0.276584 0.0139375 0)
(-0.280154 0.0128653 0)
(-0.283437 0.0117825 0)
(-0.28643 0.01069 0)
(-0.289131 0.00958862 0)
(-0.291537 0.00847942 0)
(-0.293647 0.00736325 0)
(-0.295459 0.00624102 0)
(-0.296972 0.00511363 0)
(-0.298182 0.00398194 0)
(-0.299084 0.00284684 0)
(-0.299678 0.00170919 0)
(-0.299988 0.000569912 0)
(0.299975 0.001837 0)
(0.299378 0.00550567 0)
(0.298232 0.00916201 0)
(0.296494 0.0127992 0)
(0.294162 0.0164105 0)
(0.291251 0.0199893 0)
(0.287772 0.023529 0)
(0.283733 0.0270228 0)
(0.279139 0.0304642 0)
(0.273999 0.0338468 0)
(0.268322 0.0371641 0)
(0.262121 0.0404098 0)
(0.255406 0.0435776 0)
(0.24819 0.0466613 0)
(0.240487 0.049655 0)
(0.232313 0.0525528 0)
(0.223682 0.0553489 0)
(0.214611 0.0580377 0)
(0.205118 0.0606139 0)
(0.195222 0.0630722 0)
(0.184942 0.0654076 0)
(0.1743 0.0676155 0)
(0.163322 0.0696916 0)
(0.152049 0.0716327 0)
(0.14055 0.0734386 0)
(0.128968 0.0751198 0)
(0.117586 0.0767178 0)
(0.106887 0.0783517 0)
(0.0975163 0.0802829 0)
(0.0899805 0.0829162 0)
(0.0841837 0.0866131 0)
(0.0791931 0.0914497 0)
(0.0735258 0.0971837 0)
(0.0658289 0.103415 0)
(0.0553692 0.109746 0)
(0.0419971 0.115847 0)
(0.0258501 0.12147 0)
(0.00716087 0.126441 0)
(-0.0136462 0.130644 0)
(-0.0363647 0.134008 0)
(-0.0609182 0.136495 0)
(-0.0870439 0.138092 0)
(-0.114506 0.138803 0)
(-0.143074 0.138643 0)
(-0.172483 0.137639 0)
(-0.202388 0.13582 0)
(-0.23227 0.133223 0)
(-0.261409 0.129885 0)
(-0.28849 0.12585 0)
(-0.30804 0.121396 0)
(-0.312567 0.116658 0)
(-0.298772 0.110867 0)
(-0.273544 0.104682 0)
(-0.245281 0.0982175 0)
(-0.217601 0.0916189 0)
(-0.190805 0.085061 0)
(-0.164371 0.0787299 0)
(-0.139978 0.0728308 0)
(-0.120776 0.0676555 0)
(-0.109342 0.0637357 0)
(-0.105275 0.0611861 0)
(-0.10612 0.0587946 0)
(-0.11114 0.0574349 0)
(-0.118108 0.0564405 0)
(-0.126145 0.0555304 0)
(-0.134601 0.0546054 0)
(-0.143136 0.0536359 0)
(-0.151596 0.0526145 0)
(-0.159917 0.0515402 0)
(-0.16807 0.050414 0)
(-0.176041 0.0492374 0)
(-0.183819 0.0480122 0)
(-0.191397 0.04674 0)
(-0.198766 0.0454226 0)
(-0.205921 0.0440616 0)
(-0.212853 0.0426588 0)
(-0.219556 0.0412161 0)
(-0.226025 0.0397351 0)
(-0.232254 0.0382177 0)
(-0.238236 0.0366656 0)
(-0.243966 0.0350805 0)
(-0.24944 0.0334644 0)
(-0.254653 0.0318188 0)
(-0.2596 0.0301456 0)
(-0.264277 0.0284464 0)
(-0.26868 0.0267229 0)
(-0.272806 0.0249769 0)
(-0.276651 0.0232101 0)
(-0.280212 0.0214239 0)
(-0.283486 0.0196202 0)
(-0.286471 0.0178003 0)
(-0.289164 0.015966 0)
(-0.291563 0.0141188 0)
(-0.293666 0.01226 0)
(-0.295473 0.0103913 0)
(-0.296982 0.0085141 0)
(-0.298188 0.00662981 0)
(-0.299087 0.0047399 0)
(-0.299679 0.00284577 0)
(-0.299988 0.000948952 0)
(0.299975 0.00257011 0)
(0.299379 0.00770287 0)
(0.298236 0.0128185 0)
(0.296501 0.0179074 0)
(0.294174 0.0229603 0)
(0.291269 0.027968 0)
(0.287797 0.0329211 0)
(0.283764 0.0378105 0)
(0.279178 0.042627 0)
(0.274047 0.0473615 0)
(0.268379 0.052005 0)
(0.262187 0.0565488 0)
(0.255481 0.060984 0)
(0.248274 0.065302 0)
(0.24058 0.0694944 0)
(0.232413 0.073553 0)
(0.223789 0.0774696 0)
(0.214725 0.0812365 0)
(0.205238 0.0848461 0)
(0.195346 0.0882911 0)
(0.185068 0.0915644 0)
(0.174428 0.0946596 0)
(0.163451 0.0975707 0)
(0.152176 0.100293 0)
(0.140674 0.102827 0)
(0.129087 0.105186 0)
(0.117698 0.107429 0)
(0.106991 0.109722 0)
(0.0976117 0.11243 0)
(0.0900679 0.11612 0)
(0.0842649 0.121297 0)
(0.0792704 0.128071 0)
(0.0735994 0.136102 0)
(0.0658967 0.144832 0)
(0.0554269 0.153701 0)
(0.0420397 0.162251 0)
(0.0258727 0.170132 0)
(0.00715903 0.1771 0)
(-0.0136769 0.182991 0)
(-0.0364282 0.187707 0)
(-0.0610181 0.191196 0)
(-0.0871835 0.193438 0)
(-0.114688 0.194438 0)
(-0.143301 0.194219 0)
(-0.172759 0.192816 0)
(-0.202715 0.190271 0)
(-0.23265 0.186635 0)
(-0.261842 0.181954 0)
(-0.288929 0.176286 0)
(-0.308506 0.169979 0)
(-0.312898 0.163321 0)
(-0.298985 0.155223 0)
(-0.273702 0.146568 0)
(-0.245414 0.137519 0)
(-0.217719 0.128281 0)
(-0.190896 0.119102 0)
(-0.164427 0.110242 0)
(-0.140027 0.101991 0)
(-0.120893 0.0947594 0)
(-0.109471 0.0892017 0)
(-0.105365 0.0854616 0)
(-0.106391 0.082302 0)
(-0.111395 0.0804343 0)
(-0.118384 0.0790433 0)
(-0.126437 0.0777639 0)
(-0.134901 0.076463 0)
(-0.143442 0.0751001 0)
(-0.151904 0.0736647 0)
(-0.160226 0.0721557 0)
(-0.168378 0.0705742 0)
(-0.176346 0.0689226 0)
(-0.18412 0.067203 0)
(-0.191692 0.0654179 0)
(-0.199054 0.0635697 0)
(-0.2062 0.0616607 0)
(-0.213123 0.0596936 0)
(-0.219816 0.0576708 0)
(-0.226273 0.0555947 0)
(-0.232489 0.0534679 0)
(-0.238458 0.051293 0)
(-0.244174 0.0490723 0)
(-0.249634 0.0468084 0)
(-0.254832 0.0445037 0)
(-0.259764 0.0421607 0)
(-0.264425 0.0397818 0)
(-0.268813 0.0373693 0)
(-0.272924 0.0349257 0)
(-0.276755 0.0324533 0)
(-0.280301 0.0299543 0)
(-0.283562 0.027431 0)
(-0.286534 0.0248856 0)
(-0.289215 0.0223202 0)
(-0.291603 0.0197371 0)
(-0.293697 0.0171381 0)
(-0.295495 0.0145255 0)
(-0.296997 0.0119011 0)
(-0.298197 0.0092671 0)
(-0.299091 0.00662532 0)
(-0.29968 0.00397775 0)
(-0.299988 0.00132645 0)
(0.299975 0.00330137 0)
(0.299381 0.00989455 0)
(0.298241 0.0164658 0)
(0.296511 0.023003 0)
(0.294191 0.0294944 0)
(0.291294 0.0359281 0)
(0.287831 0.0422923 0)
(0.28381 0.0485751 0)
(0.279235 0.0547649 0)
(0.274116 0.0608501 0)
(0.268461 0.0668193 0)
(0.262281 0.0726609 0)
(0.255588 0.0783638 0)
(0.248394 0.0839168 0)
(0.240712 0.0893092 0)
(0.232556 0.0945303 0)
(0.223943 0.0995695 0)
(0.214888 0.104417 0)
(0.205409 0.109062 0)
(0.195524 0.113497 0)
(0.185253 0.11771 0)
(0.174617 0.121695 0)
(0.163643 0.125442 0)
(0.15237 0.128947 0)
(0.140867 0.132208 0)
(0.129278 0.135244 0)
(0.117883 0.138129 0)
(0.107166 0.141076 0)
(0.0977721 0.144556 0)
(0.0902117 0.149299 0)
(0.0843935 0.155962 0)
(0.0793872 0.164682 0)
(0.0737069 0.175026 0)
(0.0659938 0.186269 0)
(0.0555098 0.197693 0)
(0.0421026 0.208704 0)
(0.0259094 0.218855 0)
(0.00716355 0.22783 0)
(-0.01371 0.235419 0)
(-0.036504 0.241496 0)
(-0.0611414 0.245993 0)
(-0.0873585 0.248885 0)
(-0.114919 0.25018 0)
(-0.14359 0.249906 0)
(-0.173108 0.24811 0)
(-0.203127 0.244847 0)
(-0.23313 0.240183 0)
(-0.262396 0.234184 0)
(-0.28949 0.226927 0)
(-0.309042 0.218794 0)
(-0.313382 0.209816 0)
(-0.299279 0.199517 0)
(-0.273934 0.188439 0)
(-0.245609 0.176821 0)
(-0.217886 0.164948 0)
(-0.191017 0.153145 0)
(-0.164499 0.141754 0)
(-0.140091 0.131149 0)
(-0.121042 0.121859 0)
(-0.10964 0.114612 0)
(-0.105563 0.109641 0)
(-0.106757 0.105801 0)
(-0.111762 0.103445 0)
(-0.118777 0.10166 0)
(-0.126847 0.100009 0)
(-0.135322 0.0983288 0)
(-0.143868 0.0965687 0)
(-0.152333 0.0947157 0)
(-0.160654 0.0927679 0)
(-0.168803 0.0907273 0)
(-0.176767 0.0885965 0)
(-0.184535 0.0863786 0)
(-0.192099 0.0840767 0)
(-0.199452 0.081694 0)
(-0.206586 0.0792335 0)
(-0.213496 0.0766987 0)
(-0.220174 0.0740927 0)
(-0.226615 0.0714187 0)
(-0.232814 0.0686801 0)
(-0.238764 0.0658802 0)
(-0.244462 0.0630221 0)
(-0.249901 0.060109 0)
(-0.255079 0.0571443 0)
(-0.25999 0.054131 0)
(-0.264631 0.0510723 0)
(-0.268998 0.0479712 0)
(-0.273088 0.0448307 0)
(-0.276898 0.0416539 0)
(-0.280425 0.0384437 0)
(-0.283667 0.0352029 0)
(-0.286621 0.0319344 0)
(-0.289286 0.0286408 0)
(-0.291659 0.0253248 0)
(-0.293739 0.0219891 0)
(-0.295526 0.0186362 0)
(-0.297017 0.0152687 0)
(-0.298209 0.011889 0)
(-0.299097 0.00849967 0)
(-0.299683 0.00510304 0)
(-0.299988 0.00170171 0)
(0.299975 0.00403004 0)
(0.299384 0.0120785 0)
(0.298249 0.0201004 0)
(0.296525 0.0280813 0)
(0.294214 0.0360067 0)
(0.291329 0.0438624 0)
(0.287879 0.0516341 0)
(0.283871 0.0593075 0)
(0.279313 0.0668684 0)
(0.27421 0.0743027 0)
(0.268572 0.0815964 0)
(0.26241 0.0887356 0)
(0.255734 0.0957067 0)
(0.248557 0.102496 0)
(0.240891 0.10909 0)
(0.232751 0.115477 0)
(0.224151 0.121642 0)
(0.215108 0.127574 0)
(0.205639 0.13326 0)
(0.195761 0.138689 0)
(0.185494 0.14385 0)
(0.174859 0.148733 0)
(0.163883 0.153327 0)
(0.152604 0.157625 0)
(0.141093 0.161628 0)
(0.129491 0.165358 0)
(0.118081 0.168905 0)
(0.107348 0.172529 0)
(0.0979405 0.176802 0)
(0.0903698 0.182612 0)
(0.0845466 0.190759 0)
(0.0795388 0.201417 0)
(0.0738562 0.214059 0)
(0.0661356 0.227808 0)
(0.0556359 0.241784 0)
(0.0422036 0.255259 0)
(0.025976 0.267685 0)
(0.00718716 0.278673 0)
(-0.0137364 0.287967 0)
(-0.0365868 0.295411 0)
(-0.061287 0.300922 0)
(-0.0875723 0.30447 0)
(-0.115205 0.306063 0)
(-0.143953 0.305738 0)
(-0.17355 0.303551 0)
(-0.203649 0.299572 0)
(-0.233734 0.293884 0)
(-0.263076 0.28657 0)
(-0.290147 0.277735 0)
(-0.309667 0.267742 0)
(-0.313884 0.256385 0)
(-0.299642 0.243847 0)
(-0.274238 0.230327 0)
(-0.245869 0.216132 0)
(-0.218108 0.201616 0)
(-0.191176 0.187184 0)
(-0.164593 0.173259 0)
(-0.140176 0.160302 0)
(-0.121221 0.148961 0)
(-0.109854 0.139996 0)
(-0.105867 0.133801 0)
(-0.107211 0.129329 0)
(-0.112234 0.126495 0)
(-0.119284 0.124312 0)
(-0.127376 0.122283 0)
(-0.135864 0.120216 0)
(-0.144417 0.118051 0)
(-0.152886 0.115773 0)
(-0.161208 0.11338 0)
(-0.169356 0.110874 0)
(-0.177315 0.108258 0)
(-0.185075 0.105535 0)
(-0.19263 0.102711 0)
(-0.19997 0.0997887 0)
(-0.20709 0.0967718 0)
(-0.213983 0.0936646 0)
(-0.220643 0.0904712 0)
(-0.227063 0.0871955 0)
(-0.23324 0.0838417 0)
(-0.239166 0.0804139 0)
(-0.244839 0.0769159 0)
(-0.250252 0.0733519 0)
(-0.255403 0.0697258 0)
(-0.260287 0.0660415 0)
(-0.2649 0.0623027 0)
(-0.26924 0.0585134 0)
(-0.273303 0.0546771 0)
(-0.277086 0.0507975 0)
(-0.280588 0.0468782 0)
(-0.283805 0.0429226 0)
(-0.286736 0.0389342 0)
(-0.289379 0.034916 0)
(-0.291733 0.0308715 0)
(-0.293795 0.0268036 0)
(-0.295566 0.0227155 0)
(-0.297044 0.01861 0)
(-0.298226 0.0144903 0)
(-0.299106 0.0103591 0)
(-0.299685 0.00621933 0)
(-0.299988 0.00207396 0)
(0.299975 0.00475521 0)
(0.299387 0.014252 0)
(0.298258 0.0237179 0)
(0.296544 0.033136 0)
(0.294245 0.0424895 0)
(0.291375 0.0517619 0)
(0.287942 0.0609365 0)
(0.283954 0.0699965 0)
(0.279416 0.0789254 0)
(0.274335 0.0877066 0)
(0.268721 0.0963238 0)
(0.262581 0.10476 0)
(0.255929 0.113 0)
(0.248774 0.121027 0)
(0.24113 0.128826 0)
(0.23301 0.13638 0)
(0.22443 0.143675 0)
(0.215405 0.150695 0)
(0.205951 0.157426 0)
(0.196087 0.163854 0)
(0.185832 0.169965 0)
(0.175208 0.175746 0)
(0.164241 0.181185 0)
(0.152969 0.186272 0)
(0.141462 0.191007 0)
(0.12986 0.195413 0)
(0.118443 0.199595 0)
(0.107692 0.203859 0)
(0.0982546 0.208887 0)
(0.0906473 0.215741 0)
(0.0847883 0.225379 0)
(0.0797517 0.238012 0)
(0.0740485 0.253008 0)
(0.0663104 0.269317 0)
(0.0557887 0.285892 0)
(0.0423255 0.301868 0)
(0.026057 0.3166 0)
(0.00721696 0.329626 0)
(-0.0137663 0.340644 0)
(-0.0366845 0.349472 0)
(-0.0614607 0.35601 0)
(-0.0878291 0.360223 0)
(-0.115551 0.362121 0)
(-0.144392 0.361748 0)
(-0.174084 0.359171 0)
(-0.204279 0.354472 0)
(-0.234457 0.347747 0)
(-0.263875 0.339099 0)
(-0.290914 0.328647 0)
(-0.310425 0.31669 0)
(-0.314424 0.303181 0)
(-0.300067 0.288298 0)
(-0.274593 0.272275 0)
(-0.246175 0.255463 0)
(-0.218368 0.238273 0)
(-0.191358 0.22119 0)
(-0.164695 0.204712 0)
(-0.140281 0.189392 0)
(-0.121432 0.17599 0)
(-0.110155 0.165309 0)
(-0.1063 0.157907 0)
(-0.107791 0.152826 0)
(-0.112856 0.14953 0)
(-0.119946 0.146957 0)
(-0.128062 0.144552 0)
(-0.136564 0.1421 0)
(-0.145123 0.139529 0)
(-0.153593 0.136824 0)
(-0.161914 0.133981 0)
(-0.170057 0.131005 0)
(-0.178009 0.127898 0)
(-0.18576 0.124666 0)
(-0.193301 0.121314 0)
(-0.200626 0.117845 0)
(-0.207728 0.114266 0)
(-0.2146 0.110581 0)
(-0.221237 0.106795 0)
(-0.227632 0.102912 0)
(-0.23378 0.098939 0)
(-0.239677 0.0948794 0)
(-0.245318 0.0907384 0)
(-0.250699 0.0865209 0)
(-0.255816 0.0822315 0)
(-0.260665 0.0778751 0)
(-0.265244 0.073456 0)
(-0.269548 0.0689788 0)
(-0.273577 0.0644479 0)
(-0.277327 0.0598676 0)
(-0.280796 0.0552419 0)
(-0.283982 0.050575 0)
(-0.286883 0.0458707 0)
(-0.289499 0.0411328 0)
(-0.291827 0.0363651 0)
(-0.293867 0.0315709 0)
(-0.295618 0.0267539 0)
(-0.297079 0.0219175 0)
(-0.298247 0.0170648 0)
(-0.299116 0.0121992 0)
(-0.299689 0.00732397 0)
(-0.299988 0.00244231 0)
(0.299976 0.00547574 0)
(0.299392 0.0164118 0)
(0.298271 0.0273127 0)
(0.296569 0.0381595 0)
(0.294286 0.0489334 0)
(0.291435 0.0596154 0)
(0.288026 0.0701867 0)
(0.284063 0.0806283 0)
(0.279552 0.0909213 0)
(0.2745 0.101047 0)
(0.268915 0.110986 0)
(0.262806 0.12072 0)
(0.256183 0.13023 0)
(0.249058 0.139497 0)
(0.241441 0.148504 0)
(0.233346 0.157231 0)
(0.224788 0.165662 0)
(0.215781 0.173779 0)
(0.206342 0.181566 0)
(0.196487 0.189005 0)
(0.186236 0.196081 0)
(0.175609 0.20278 0)
(0.164632 0.209089 0)
(0.153345 0.214997 0)
(0.141817 0.220505 0)
(0.13019 0.225645 0)
(0.118748 0.230537 0)
(0.107976 0.235533 0)
(0.098524 0.241401 0)
(0.0909104 0.249347 0)
(0.0850538 0.260468 0)
(0.0800256 0.27502 0)
(0.0743284 0.292297 0)
(0.0665832 0.311102 0)
(0.0560372 0.330231 0)
(0.0425339 0.348685 0)
(0.0262106 0.365712 0)
(0.00730194 0.380776 0)
(-0.0137591 0.393522 0)
(-0.0367628 0.403739 0)
(-0.0616341 0.41131 0)
(-0.0881048 0.416193 0)
(-0.115935 0.4184 0)
(-0.144887 0.41798 0)
(-0.174692 0.415009 0)
(-0.204999 0.409583 0)
(-0.235282 0.401812 0)
(-0.264785 0.391817 0)
(-0.291807 0.379735 0)
(-0.311308 0.365772 0)
(-0.315082 0.350104 0)
(-0.300578 0.332856 0)
(-0.275018 0.3143 0)
(-0.246546 0.294837 0)
(-0.21869 0.274947 0)
(-0.191584 0.25519 0)
(-0.164813 0.236143 0)
(-0.140397 0.218449 0)
(-0.121665 0.203004 0)
(-0.11057 0.190736 0)
(-0.106827 0.182136 0)
(-0.108459 0.176446 0)
(-0.113575 0.172679 0)
(-0.120711 0.169699 0)
(-0.128859 0.166899 0)
(-0.137383 0.164042 0)
(-0.145957 0.161048 0)
(-0.154438 0.1579 0)
(-0.162763 0.154595 0)
(-0.170908 0.151135 0)
(-0.178856 0.147526 0)
(-0.186599 0.143774 0)
(-0.194128 0.139883 0)
(-0.201437 0.135859 0)
(-0.208518 0.131709 0)
(-0.215366 0.127438 0)
(-0.221974 0.123052 0)
(-0.228338 0.118556 0)
(-0.234452 0.113957 0)
(-0.240313 0.10926 0)
(-0.245915 0.104472 0)
(-0.251256 0.0995976 0)
(-0.256331 0.0946426 0)
(-0.261138 0.0896124 0)
(-0.265673 0.0845125 0)
(-0.269934 0.0793479 0)
(-0.27392 0.0741238 0)
(-0.277628 0.0688451 0)
(-0.281056 0.0635164 0)
(-0.284203 0.0581424 0)
(-0.287067 0.0527275 0)
(-0.289648 0.0472758 0)
(-0.291945 0.0417916 0)
(-0.293956 0.0362787 0)
(-0.295682 0.0307409 0)
(-0.297122 0.025182 0)
(-0.298273 0.0196055 0)
(-0.299129 0.014015 0)
(-0.299694 0.00841385 0)
(-0.299988 0.00280572 0)
(0.299976 0.00619019 0)
(0.299397 0.0185534 0)
(0.298287 0.0308777 0)
(0.296602 0.0431422 0)
(0.29434 0.0553261 0)
(0.291515 0.0674086 0)
(0.288135 0.0793688 0)
(0.284205 0.0911854 0)
(0.27973 0.102837 0)
(0.274715 0.114304 0)
(0.269169 0.125563 0)
(0.263099 0.136594 0)
(0.256516 0.147375 0)
(0.249428 0.157885 0)
(0.241848 0.168104 0)
(0.233789 0.178009 0)
(0.225263 0.187582 0)
(0.216287 0.196801 0)
(0.206875 0.205646 0)
(0.197046 0.214097 0)
(0.186819 0.222137 0)
(0.176213 0.229747 0)
(0.165255 0.236908 0)
(0.153982 0.243606 0)
(0.142462 0.249835 0)
(0.130831 0.255625 0)
(0.119368 0.261109 0)
(0.108555 0.266689 0)
(0.0990424 0.273261 0)
(0.0913593 0.282231 0)
(0.0854385 0.294877 0)
(0.0803603 0.311482 0)
(0.0746265 0.33121 0)
(0.0668523 0.352673 0)
(0.056276 0.374486 0)
(0.0427328 0.395516 0)
(0.0263562 0.414908 0)
(0.00737858 0.43206 0)
(-0.0137629 0.446571 0)
(-0.0368577 0.458204 0)
(-0.0618324 0.466828 0)
(-0.0884164 0.472396 0)
(-0.116367 0.474919 0)
(-0.145445 0.474455 0)
(-0.175379 0.471088 0)
(-0.205814 0.464926 0)
(-0.236215 0.456094 0)
(-0.265811 0.444727 0)
(-0.292861 0.430981 0)
(-0.312266 0.415063 0)
(-0.315837 0.397197 0)
(-0.301157 0.377545 0)
(-0.275495 0.356414 0)
(-0.246964 0.334259 0)
(-0.219054 0.311623 0)
(-0.191848 0.289145 0)
(-0.164976 0.267477 0)
(-0.140561 0.247358 0)
(-0.121933 0.229825 0)
(-0.111032 0.21594 0)
(-0.107474 0.206177 0)
(-0.109283 0.199885 0)
(-0.114495 0.195689 0)
(-0.121699 0.192342 0)
(-0.129887 0.189178 0)
(-0.138432 0.185936 0)
(-0.147017 0.182533 0)
(-0.155502 0.178948 0)
(-0.163827 0.17518 0)
(-0.171966 0.171236 0)
(-0.179905 0.16712 0)
(-0.187635 0.162841 0)
(-0.195147 0.158404 0)
(-0.202434 0.153817 0)
(-0.209489 0.149088 0)
(-0.216307 0.144222 0)
(-0.222881 0.139227 0)
(-0.229208 0.13411 0)
(-0.235281 0.128878 0)
(-0.241097 0.123538 0)
(-0.246652 0.118097 0)
(-0.251943 0.112561 0)
(-0.256967 0.106937 0)
(-0.261722 0.101231 0)
(-0.266204 0.0954493 0)
(-0.270412 0.0895977 0)
(-0.274345 0.083682 0)
(-0.278 0.0777077 0)
(-0.281378 0.0716801 0)
(-0.284477 0.0656042 0)
(-0.287295 0.059485 0)
(-0.289834 0.053327 0)
(-0.292091 0.0471346 0)
(-0.294067 0.0409122 0)
(-0.295762 0.0346637 0)
(-0.297176 0.028393 0)
(-0.298305 0.022104 0)
(-0.299146 0.0158002 0)
(-0.2997 0.00948534 0)
(-0.299988 0.00316298 0)
(0.299976 0.00689668 0)
(0.299405 0.0206713 0)
(0.298309 0.0344038 0)
(0.296644 0.0480715 0)
(0.29441 0.0616523 0)
(0.291618 0.0751234 0)
(0.288276 0.0884621 0)
(0.284389 0.101645 0)
(0.27996 0.11465 0)
(0.274994 0.127453 0)
(0.269498 0.14003 0)
(0.263478 0.152358 0)
(0.256943 0.164414 0)
(0.249903 0.176173 0)
(0.242367 0.187611 0)
(0.234346 0.198706 0)
(0.225854 0.209435 0)
(0.216904 0.219773 0)
(0.207511 0.229701 0)
(0.197691 0.239195 0)
(0.187462 0.248236 0)
(0.176846 0.256806 0)
(0.165869 0.264889 0)
(0.15457 0.272474 0)
(0.143022 0.279562 0)
(0.131365 0.28619 0)
(0.11988 0.292505 0)
(0.109049 0.298933 0)
(0.0995245 0.306432 0)
(0.0918358 0.316521 0)
(0.0859177 0.33061 0)
(0.0808481 0.349055 0)
(0.0751181 0.370985 0)
(0.0673282 0.394889 0)
(0.0567125 0.419233 0)
(0.0431097 0.442741 0)
(0.0266539 0.464446 0)
(0.00757678 0.48366 0)
(-0.0136735 0.499925 0)
(-0.0368842 0.512973 0)
(-0.0619876 0.522651 0)
(-0.0887086 0.528904 0)
(-0.116802 0.531744 0)
(-0.146027 0.531232 0)
(-0.17611 0.527463 0)
(-0.206692 0.520556 0)
(-0.237229 0.51065 0)
(-0.266939 0.497894 0)
(-0.294037 0.48246 0)
(-0.313343 0.464577 0)
(-0.316693 0.444502 0)
(-0.30182 0.422426 0)
(-0.276052 0.398698 0)
(-0.247465 0.373832 0)
(-0.219508 0.348444 0)
(-0.192193 0.323254 0)
(-0.165203 0.298996 0)
(-0.140798 0.276517 0)
(-0.122305 0.256991 0)
(-0.1116 0.241587 0)
(-0.108228 0.230783 0)
(-0.110174 0.223828 0)
(-0.115476 0.219129 0)
(-0.122749 0.215332 0)
(-0.130987 0.211726 0)
(-0.139572 0.208034 0)
(-0.148188 0.204166 0)
(-0.156698 0.200101 0)
(-0.165041 0.195836 0)
(-0.173192 0.191376 0)
(-0.181135 0.186728 0)
(-0.188862 0.181899 0)
(-0.196363 0.176896 0)
(-0.203631 0.171728 0)
(-0.210662 0.166402 0)
(-0.217448 0.160926 0)
(-0.223985 0.155309 0)
(-0.230268 0.149559 0)
(-0.236293 0.143684 0)
(-0.242056 0.137692 0)
(-0.247555 0.13159 0)
(-0.252786 0.125387 0)
(-0.257748 0.119089 0)
(-0.262438 0.112705 0)
(-0.266856 0.10624 0)
(-0.270999 0.0997012 0)
(-0.274867 0.0930956 0)
(-0.278459 0.0864291 0)
(-0.281775 0.0797073 0)
(-0.284814 0.0729359 0)
(-0.287576 0.0661201 0)
(-0.290062 0.0592648 0)
(-0.292271 0.0523746 0)
(-0.294204 0.045454 0)
(-0.295861 0.0385071 0)
(-0.297242 0.031538 0)
(-0.298345 0.0245504 0)
(-0.299166 0.0175479 0)
(-0.299707 0.0105341 0)
(-0.299989 0.00351263 0)
(0.299976 0.00759281 0)
(0.299415 0.0227584 0)
(0.298337 0.0378792 0)
(0.296699 0.0529315 0)
(0.294501 0.0678919 0)
(0.291752 0.0827362 0)
(0.288461 0.0974404 0)
(0.284629 0.11198 0)
(0.28026 0.126329 0)
(0.275357 0.140463 0)
(0.269925 0.154356 0)
(0.263971 0.167981 0)
(0.257501 0.181313 0)
(0.250524 0.194324 0)
(0.243049 0.206988 0)
(0.235087 0.219277 0)
(0.22665 0.231166 0)
(0.217752 0.242627 0)
(0.208406 0.253633 0)
(0.19863 0.264157 0)
(0.188439 0.274174 0)
(0.177852 0.283655 0)
(0.166893 0.292573 0)
(0.155598 0.300907 0)
(0.144034 0.308648 0)
(0.132339 0.315834 0)
(0.120793 0.322633 0)
(0.109881 0.329543 0)
(0.100263 0.337673 0)
(0.0924786 0.348777 0)
(0.0864764 0.364464 0)
(0.0813412 0.385105 0)
(0.0755614 0.40966 0)
(0.0677317 0.436396 0)
(0.0570764 0.463584 0)
(0.0434218 0.489797 0)
(0.0268959 0.513971 0)
(0.00772823 0.535354 0)
(-0.0136233 0.553445 0)
(-0.036945 0.567956 0)
(-0.062175 0.578722 0)
(-0.089034 0.585683 0)
(-0.117274 0.588853 0)
(-0.146651 0.588301 0)
(-0.17689 0.584132 0)
(-0.207628 0.576476 0)
(-0.23831 0.565488 0)
(-0.268142 0.551329 0)
(-0.295295 0.534189 0)
(-0.31449 0.514322 0)
(-0.317595 0.492011 0)
(-0.302507 0.467472 0)
(-0.276615 0.441099 0)
(-0.247959 0.413465 0)
(-0.219946 0.385253 0)
(-0.192514 0.357264 0)
(-0.165408 0.330299 0)
(-0.141012 0.305311 0)
(-0.122657 0.283614 0)
(-0.112204 0.266548 0)
(-0.109103 0.254663 0)
(-0.11126 0.247086 0)
(-0.116717 0.241996 0)
(-0.124104 0.237878 0)
(-0.13242 0.233945 0)
(-0.141057 0.229894 0)
(-0.149707 0.225629 0)
(-0.158236 0.22113 0)
(-0.166588 0.216396 0)
(-0.174739 0.211438 0)
(-0.182675 0.206263 0)
(-0.190386 0.200884 0)
(-0.197866 0.19531 0)
(-0.205106 0.189552 0)
(-0.212101 0.18362 0)
(-0.218845 0.177524 0)
(-0.225334 0.171273 0)
(-0.231563 0.164878 0)
(-0.237529 0.158349 0)
(-0.243228 0.151694 0)
(-0.248658 0.144923 0)
(-0.253817 0.138045 0)
(-0.258703 0.131069 0)
(-0.263315 0.124001 0)
(-0.267654 0.116851 0)
(-0.271717 0.109626 0)
(-0.275506 0.102332 0)
(-0.27902 0.0949775 0)
(-0.282261 0.0875674 0)
(-0.285227 0.0801081 0)
(-0.287921 0.0726051 0)
(-0.290342 0.0650635 0)
(-0.292492 0.0574881 0)
(-0.294371 0.0498833 0)
(-0.295982 0.0422532 0)
(-0.297323 0.0346018 0)
(-0.298394 0.0269327 0)
(-0.299191 0.0192493 0)
(-0.299715 0.0115549 0)
(-0.299989 0.00385293 0)
(0.299977 0.00827546 0)
(0.299428 0.0248053 0)
(0.298373 0.0412888 0)
(0.296771 0.0577014 0)
(0.294619 0.074019 0)
(0.291927 0.0902169 0)
(0.2887 0.10627 0)
(0.28494 0.122151 0)
(0.280647 0.137836 0)
(0.275825 0.153295 0)
(0.270475 0.168501 0)
(0.264602 0.183427 0)
(0.258211 0.198042 0)
(0.251308 0.212319 0)
(0.243901 0.226227 0)
(0.235997 0.239738 0)
(0.227608 0.252821 0)
(0.218744 0.265449 0)
(0.209421 0.277594 0)
(0.199655 0.28923 0)
(0.189464 0.300335 0)
(0.178872 0.310887 0)
(0.167906 0.320867 0)
(0.156604 0.330257 0)
(0.145033 0.33905 0)
(0.133327 0.347275 0)
(0.121758 0.355092 0)
(0.110805 0.363 0)
(0.101131 0.372141 0)
(0.0932856 0.384359 0)
(0.0872341 0.401398 0)
(0.0820697 0.423738 0)
(0.0762768 0.450354 0)
(0.0684356 0.47942 0)
(0.0577431 0.50906 0)
(0.0440143 0.537708 0)
(0.0273834 0.564177 0)
(0.00808092 0.587621 0)
(-0.0134118 0.607474 0)
(-0.0368772 0.623408 0)
(-0.0622662 0.635235 0)
(-0.0892915 0.642884 0)
(-0.117701 0.646369 0)
(-0.147251 0.645764 0)
(-0.177664 0.641182 0)
(-0.208574 0.632767 0)
(-0.239419 0.620685 0)
(-0.26939 0.605114 0)
(-0.29661 0.58626 0)
(-0.315699 0.564399 0)
(-0.318552 0.539841 0)
(-0.30324 0.51283 0)
(-0.277227 0.48381 0)
(-0.248509 0.453422 0)
(-0.220442 0.422428 0)
(-0.192888 0.391728 0)
(-0.165679 0.36221 0)
(-0.141384 0.334941 0)
(-0.123268 0.311351 0)
(-0.113071 0.292883 0)
(-0.110203 0.280063 0)
(-0.112536 0.271836 0)
(-0.118123 0.266197 0)
(-0.125603 0.261543 0)
(-0.133985 0.257066 0)
(-0.142669 0.252459 0)
(-0.151359 0.24763 0)
(-0.159921 0.242558 0)
(-0.168303 0.237245 0)
(-0.176476 0.231698 0)
(-0.184426 0.225925 0)
(-0.192143 0.219937 0)
(-0.199617 0.213744 0)
(-0.206841 0.207355 0)
(-0.213809 0.20078 0)
(-0.220515 0.194033 0)
(-0.226955 0.187122 0)
(-0.233126 0.180059 0)
(-0.239025 0.172856 0)
(-0.24465 0.165522 0)
(-0.249999 0.158068 0)
(-0.255071 0.150504 0)
(-0.259867 0.142839 0)
(-0.264386 0.135084 0)
(-0.268628 0.127246 0)
(-0.272595 0.119333 0)
(-0.276288 0.111354 0)
(-0.279707 0.103315 0)
(-0.282855 0.0952234 0)
(-0.285733 0.0870854 0)
(-0.288342 0.0789065 0)
(-0.290684 0.0706921 0)
(-0.292762 0.0624467 0)
(-0.294577 0.0541747 0)
(-0.29613 0.0458799 0)
(-0.297423 0.0375661 0)
(-0.298454 0.0292365 0)
(-0.299221 0.020894 0)
(-0.299726 0.0125415 0)
(-0.299989 0.00418177 0)
(0.299978 0.00894054 0)
(0.299445 0.0268001 0)
(0.298421 0.0446126 0)
(0.296865 0.062354 0)
(0.294774 0.08 0)
(0.292155 0.0975259 0)
(0.289011 0.114906 0)
(0.285344 0.132112 0)
(0.281152 0.149118 0)
(0.276435 0.165893 0)
(0.271194 0.182409 0)
(0.265431 0.198633 0)
(0.25915 0.214535 0)
(0.252354 0.230079 0)
(0.24505 0.245234 0)
(0.237245 0.259963 0)
(0.228947 0.274232 0)
(0.220166 0.288003 0)
(0.210911 0.301239 0)
(0.201194 0.313899 0)
(0.191028 0.325946 0)
(0.18043 0.337341 0)
(0.169426 0.348055 0)
(0.158058 0.358066 0)
(0.146401 0.367373 0)
(0.134598 0.376026 0)
(0.122933 0.384221 0)
(0.111889 0.392532 0)
(0.102129 0.402262 0)
(0.0942029 0.415508 0)
(0.0880815 0.434244 0)
(0.08286 0.458973 0)
(0.077013 0.48847 0)
(0.0690998 0.520631 0)
(0.058316 0.553349 0)
(0.0444853 0.584899 0)
(0.0277402 0.613993 0)
(0.00830552 0.639722 0)
(-0.0133211 0.661486 0)
(-0.0369201 0.678943 0)
(-0.0624537 0.691896 0)
(-0.0896284 0.700276 0)
(-0.11819 0.704105 0)
(-0.147893 0.703465 0)
(-0.178461 0.698483 0)
(-0.209526 0.689316 0)
(-0.240515 0.676145 0)
(-0.27061 0.659159 0)
(-0.297884 0.638584 0)
(-0.316849 0.614711 0)
(-0.319426 0.587869 0)
(-0.303873 0.558326 0)
(-0.277727 0.526569 0)
(-0.248937 0.493298 0)
(-0.220805 0.459338 0)
(-0.193105 0.425673 0)
(-0.165778 0.393289 0)
(-0.1416 0.363367 0)
(-0.123778 0.337516 0)
(-0.113904 0.317325 0)
(-0.111322 0.303403 0)
(-0.113881 0.294575 0)
(-0.119658 0.288594 0)
(-0.127297 0.283681 0)
(-0.135813 0.278942 0)
(-0.144611 0.27404 0)
(-0.153396 0.268871 0)
(-0.162036 0.263411 0)
(-0.170476 0.257661 0)
(-0.178687 0.251629 0)
(-0.186656 0.24533 0)
(-0.194372 0.238778 0)
(-0.201828 0.23199 0)
(-0.209019 0.224981 0)
(-0.21594 0.217766 0)
(-0.222588 0.210361 0)
(-0.22896 0.20278 0)
(-0.235052 0.195038 0)
(-0.240863 0.187147 0)
(-0.246393 0.179122 0)
(-0.251641 0.170973 0)
(-0.256606 0.162713 0)
(-0.261289 0.154353 0)
(-0.265693 0.145904 0)
(-0.269818 0.137374 0)
(-0.273667 0.128774 0)
(-0.277242 0.120112 0)
(-0.280545 0.111395 0)
(-0.28358 0.10263 0)
(-0.28635 0.0938245 0)
(-0.288856 0.0849837 0)
(-0.291103 0.0761127 0)
(-0.293092 0.067216 0)
(-0.294827 0.0582975 0)
(-0.296311 0.0493608 0)
(-0.297544 0.0404089 0)
(-0.298527 0.0314443 0)
(-0.299258 0.0224694 0)
(-0.299739 0.0134861 0)
(-0.29999 0.00449659 0)
(0.299978 0.00958271 0)
(0.299467 0.0287267 0)
(0.298483 0.0478247 0)
(0.296987 0.0668538 0)
(0.294975 0.085791 0)
(0.292451 0.104612 0)
(0.289416 0.123291 0)
(0.285869 0.141802 0)
(0.281805 0.160115 0)
(0.277221 0.1782 0)
(0.272113 0.196027 0)
(0.266481 0.213562 0)
(0.260325 0.230771 0)
(0.253644 0.24762 0)
(0.246442 0.264072 0)
(0.238724 0.280093 0)
(0.230499 0.295648 0)
(0.221779 0.310705 0)
(0.212579 0.325232 0)
(0.202917 0.339199 0)
(0.192808 0.352572 0)
(0.182269 0.365315 0)
(0.17132 0.377387 0)
(0.159988 0.388746 0)
(0.148332 0.399368 0)
(0.13648 0.409279 0)
(0.124705 0.418659 0)
(0.113494 0.428083 0)
(0.103527 0.438886 0)
(0.0953901 0.45325 0)
(0.0890913 0.473281 0)
(0.0837451 0.499591 0)
(0.0778169 0.530991 0)
(0.0698446 0.565314 0)
(0.0590003 0.600333 0)
(0.0450893 0.634186 0)
(0.0282357 0.665461 0)
(0.00865991 0.693157 0)
(-0.013111 0.716602 0)
(-0.0368524 0.735409 0)
(-0.0625417 0.749357 0)
(-0.0898742 0.758366 0)
(-0.118591 0.762458 0)
(-0.148446 0.761721 0)
(-0.179163 0.756293 0)
(-0.210378 0.746344 0)
(-0.241511 0.732069 0)
(-0.271736 0.713668 0)
(-0.299082 0.691381 0)
(-0.317952 0.665516 0)
(-0.320293 0.636413 0)
(-0.304553 0.604369 0)
(-0.278345 0.569924 0)
(-0.249582 0.53385 0)
(-0.221473 0.497068 0)
(-0.1936 0.46066 0)
(-0.166051 0.425683 0)
(-0.141914 0.393551 0)
(-0.124423 0.366072 0)
(-0.115015 0.344829 0)
(-0.112843 0.330241 0)
(-0.115709 0.320882 0)
(-0.121725 0.314351 0)
(-0.129545 0.308827 0)
(-0.138189 0.303424 0)
(-0.147075 0.297818 0)
(-0.155918 0.291915 0)
(-0.164594 0.285703 0)
(-0.173053 0.279192 0)
(-0.181272 0.272399 0)
(-0.189239 0.265341 0)
(-0.196946 0.258037 0)
(-0.204385 0.250501 0)
(-0.211549 0.24275 0)
(-0.218432 0.234796 0)
(-0.225029 0.226654 0)
(-0.231335 0.218339 0)
(-0.237349 0.209864 0)
(-0.243068 0.201243 0)
(-0.248493 0.19249 0)
(-0.253625 0.183618 0)
(-0.258465 0.17464 0)
(-0.263017 0.165567 0)
(-0.267283 0.156412 0)
(-0.271267 0.147184 0)
(-0.274973 0.137894 0)
(-0.278405 0.12855 0)
(-0.281568 0.119161 0)
(-0.284466 0.109733 0)
(-0.287103 0.100273 0)
(-0.289484 0.0907872 0)
(-0.291614 0.0812795 0)
(-0.293495 0.0717543 0)
(-0.295133 0.0622147 0)
(-0.296531 0.0526637 0)
(-0.297692 0.0431032 0)
(-0.298617 0.033535 0)
(-0.299303 0.0239602 0)
(-0.299755 0.0143796 0)
(-0.299991 0.0047943 0)
(0.29998 0.0101949 0)
(0.299495 0.0305642 0)
(0.298564 0.0508908 0)
(0.297147 0.0711542 0)
(0.295238 0.0913338 0)
(0.292839 0.111407 0)
(0.289948 0.131349 0)
(0.28656 0.151133 0)
(0.282667 0.170729 0)
(0.278262 0.190107 0)
(0.273341 0.209231 0)
(0.267897 0.228066 0)
(0.261927 0.246572 0)
(0.255428 0.264706 0)
(0.248397 0.282424 0)
(0.240832 0.299675 0)
(0.232731 0.316409 0)
(0.224092 0.33257 0)
(0.214922 0.348108 0)
(0.205234 0.362976 0)
(0.195047 0.377137 0)
(0.18439 0.390559 0)
(0.173302 0.403218 0)
(0.161829 0.415091 0)
(0.150046 0.426166 0)
(0.138094 0.436481 0)
(0.126248 0.446236 0)
(0.114991 0.45606 0)
(0.104993 0.467429 0)
(0.0968305 0.482785 0)
(0.0905026 0.504509 0)
(0.0851141 0.533291 0)
(0.0791109 0.567757 0)
(0.0710086 0.605433 0)
(0.0599764 0.643814 0)
(0.045838 0.68084 0)
(0.0287384 0.714973 0)
(0.00890944 0.745138 0)
(-0.0130899 0.770637 0)
(-0.0370259 0.791057 0)
(-0.0628847 0.806186 0)
(-0.0903539 0.815956 0)
(-0.119175 0.820408 0)
(-0.149108 0.819651 0)
(-0.179886 0.813845 0)
(-0.21115 0.803181 0)
(-0.242327 0.787871 0)
(-0.272587 0.768131 0)
(-0.299924 0.744209 0)
(-0.318639 0.71642 0)
(-0.320702 0.685098 0)
(-0.304741 0.650552 0)
(-0.278443 0.613365 0)
(-0.249663 0.574363 0)
(-0.221579 0.534534 0)
(-0.193776 0.495012 0)
(-0.166267 0.456825 0)
(-0.142165 0.421644 0)
(-0.124854 0.391519 0)
(-0.115814 0.368325 0)
(-0.114041 0.352597 0)
(-0.117224 0.342683 0)
(-0.123496 0.335862 0)
(-0.131529 0.330118 0)
(-0.14036 0.324485 0)
(-0.149418 0.318618 0)
(-0.158428 0.312418 0)
(-0.167264 0.305868 0)
(-0.175873 0.298977 0)
(-0.184224 0.291759 0)
(-0.192297 0.284229 0)
(-0.200079 0.276402 0)
(-0.207558 0.268297 0)
(-0.214726 0.259932 0)
(-0.221578 0.251329 0)
(-0.228113 0.242508 0)
(-0.234331 0.233491 0)
(-0.240233 0.2243 0)
(-0.245824 0.214954 0)
(-0.251106 0.205472 0)
(-0.256084 0.195872 0)
(-0.260761 0.18617 0)
(-0.265144 0.176381 0)
(-0.269236 0.166516 0)
(-0.273043 0.15659 0)
(-0.276572 0.146613 0)
(-0.279828 0.136593 0)
(-0.282817 0.126541 0)
(-0.285547 0.116464 0)
(-0.288022 0.106367 0)
(-0.29025 0.0962566 0)
(-0.292237 0.0861367 0)
(-0.293987 0.0760108 0)
(-0.295507 0.0658811 0)
(-0.296801 0.0557493 0)
(-0.297873 0.0456164 0)
(-0.298726 0.0354827 0)
(-0.299358 0.0253477 0)
(-0.299774 0.0152108 0)
(-0.299991 0.00507112 0)
(0.299981 0.0107679 0)
(0.299533 0.032285 0)
(0.298671 0.0537656 0)
(0.297357 0.075194 0)
(0.295582 0.0965536 0)
(0.293344 0.117826 0)
(0.290637 0.138988 0)
(0.287449 0.160016 0)
(0.283767 0.180882 0)
(0.27958 0.201554 0)
(0.274876 0.221999 0)
(0.269643 0.242182 0)
(0.263876 0.262062 0)
(0.257567 0.281606 0)
(0.250719 0.300775 0)
(0.243336 0.319534 0)
(0.235426 0.337838 0)
(0.226991 0.35564 0)
(0.218031 0.37288 0)
(0.208544 0.389495 0)
(0.198528 0.405415 0)
(0.187989 0.420575 0)
(0.176943 0.434917 0)
(0.165424 0.448396 0)
(0.153502 0.460988 0)
(0.141313 0.472721 0)
(0.129133 0.483789 0)
(0.117454 0.494822 0)
(0.106971 0.507336 0)
(0.09831 0.523879 0)
(0.0915339 0.546982 0)
(0.0857833 0.577429 0)
(0.0795016 0.613837 0)
(0.0711847 0.653648 0)
(0.0599894 0.694225 0)
(0.0457243 0.733373 0)
(0.0285197 0.769446 0)
(0.00861076 0.801292 0)
(-0.0134619 0.828162 0)
(-0.0374647 0.849604 0)
(-0.0633642 0.865401 0)
(-0.0908491 0.875494 0)
(-0.119659 0.879936 0)
(-0.149553 0.878858 0)
(-0.180268 0.872442 0)
(-0.211458 0.860904 0)
(-0.242561 0.84448 0)
(-0.272761 0.8234 0)
(-0.300032 0.79792 0)
(-0.318595 0.768343 0)
(-0.320434 0.73497 0)
(-0.304326 0.698117 0)
(-0.278015 0.658414 0)
(-0.249293 0.616764 0)
(-0.221301 0.574255 0)
(-0.193671 0.532159 0)
(-0.166295 0.491685 0)
(-0.142385 0.454593 0)
(-0.125507 0.423018 0)
(-0.117021 0.398841 0)
(-0.115829 0.382451 0)
(-0.11955 0.371962 0)
(-0.12631 0.364508 0)
(-0.134763 0.358037 0)
(-0.143936 0.351599 0)
(-0.153264 0.344863 0)
(-0.162474 0.337741 0)
(-0.171447 0.330225 0)
(-0.180131 0.322332 0)
(-0.188501 0.314085 0)
(-0.196546 0.305512 0)
(-0.20426 0.296641 0)
(-0.211644 0.287502 0)
(-0.218697 0.278125 0)
(-0.225423 0.268537 0)
(-0.231824 0.258764 0)
(-0.237903 0.248828 0)
(-0.24366 0.238749 0)
(-0.249097 0.228546 0)
(-0.254216 0.218235 0)
(-0.259019 0.207831 0)
(-0.263511 0.197347 0)
(-0.267698 0.186797 0)
(-0.271588 0.176193 0)
(-0.275187 0.165547 0)
(-0.278506 0.154871 0)
(-0.281552 0.144174 0)
(-0.284333 0.133463 0)
(-0.28686 0.122748 0)
(-0.28914 0.112032 0)
(-0.291183 0.101321 0)
(-0.292995 0.0906173 0)
(-0.294586 0.079924 0)
(-0.295962 0.0692415 0)
(-0.297129 0.0585701 0)
(-0.298094 0.0479088 0)
(-0.298859 0.037256 0)
(-0.299426 0.0266093 0)
(-0.299798 0.0159658 0)
(-0.299992 0.00532248 0)
(0.299983 0.011289 0)
(0.299583 0.0338519 0)
(0.298813 0.0563883 0)
(0.297637 0.0788892 0)
(0.296042 0.101344 0)
(0.294023 0.123737 0)
(0.291566 0.146051 0)
(0.288655 0.168261 0)
(0.285271 0.190339 0)
(0.281395 0.212251 0)
(0.277007 0.233957 0)
(0.272086 0.255408 0)
(0.266614 0.276554 0)
(0.260565 0.297321 0)
(0.253913 0.317644 0)
(0.246643 0.337463 0)
(0.238757 0.356731 0)
(0.230271 0.375405 0)
(0.221209 0.393446 0)
(0.211595 0.410811 0)
(0.20145 0.427451 0)
(0.19079 0.443307 0)
(0.179635 0.458318 0)
(0.168018 0.472428 0)
(0.156004 0.485601 0)
(0.14373 0.49786 0)
(0.131477 0.509405 0)
(0.119742 0.520911 0)
(0.109226 0.534 0)
(0.100553 0.551447 0)
(0.0937675 0.576073 0)
(0.0879802 0.608797 0)
(0.0816046 0.648127 0)
(0.0730993 0.691226 0)
(0.0615839 0.735181 0)
(0.0468773 0.777568 0)
(0.0291638 0.816589 0)
(0.00873513 0.850995 0)
(-0.0138231 0.880001 0)
(-0.0382295 0.90311 0)
(-0.0643997 0.920121 0)
(-0.0919976 0.930997 0)
(-0.120761 0.935821 0)
(-0.150461 0.934753 0)
(-0.180857 0.928014 0)
(-0.211635 0.915867 0)
(-0.242278 0.898596 0)
(-0.272028 0.876469 0)
(-0.298912 0.849761 0)
(-0.317169 0.818739 0)
(-0.318802 0.7836 0)
(-0.302678 0.74458 0)
(-0.276564 0.702303 0)
(-0.248193 0.657703 0)
(-0.22061 0.611924 0)
(-0.193262 0.566342 0)
(-0.166129 0.522292 0)
(-0.142616 0.481755 0)
(-0.12628 0.447303 0)
(-0.118371 0.421129 0)
(-0.117641 0.403665 0)
(-0.121701 0.392672 0)
(-0.128742 0.38492 0)
(-0.13744 0.37818 0)
(-0.146829 0.371442 0)
(-0.156351 0.364363 0)
(-0.165739 0.356856 0)
(-0.174876 0.348919 0)
(-0.183713 0.340576 0)
(-0.192229 0.331857 0)
(-0.200411 0.322793 0)
(-0.208254 0.313417 0)
(-0.215751 0.303757 0)
(-0.222897 0.293838 0)
(-0.229684 0.283683 0)
(-0.236107 0.273314 0)
(-0.242159 0.262751 0)
(-0.247837 0.252012 0)
(-0.253145 0.24112 0)
(-0.25809 0.230097 0)
(-0.262686 0.218967 0)
(-0.266947 0.207754 0)
(-0.270886 0.196481 0)
(-0.274517 0.185167 0)
(-0.277851 0.173828 0)
(-0.280901 0.162477 0)
(-0.283681 0.151126 0)
(-0.286201 0.139784 0)
(-0.288475 0.128459 0)
(-0.290512 0.117156 0)
(-0.292325 0.10588 0)
(-0.293924 0.0946334 0)
(-0.295318 0.0834162 0)
(-0.296517 0.0722284 0)
(-0.29753 0.061068 0)
(-0.298363 0.0499322 0)
(-0.299021 0.0388171 0)
(-0.299508 0.0277175 0)
(-0.299827 0.016628 0)
(-0.299993 0.00554275 0)
(0.299985 0.0117402 0)
(0.29965 0.0352128 0)
(0.299 0.0586786 0)
(0.298001 0.0821401 0)
(0.296636 0.105597 0)
(0.294888 0.129042 0)
(0.292738 0.152465 0)
(0.290161 0.175848 0)
(0.287133 0.199169 0)
(0.28363 0.222402 0)
(0.279632 0.245519 0)
(0.275126 0.268494 0)
(0.270092 0.291291 0)
(0.264535 0.313915 0)
(0.258423 0.33628 0)
(0.251698 0.358256 0)
(0.244313 0.37973 0)
(0.236241 0.400609 0)
(0.227477 0.420821 0)
(0.218031 0.440302 0)
(0.207924 0.458994 0)
(0.197181 0.476834 0)
(0.185833 0.493755 0)
(0.173918 0.509691 0)
(0.161504 0.524591 0)
(0.148722 0.538457 0)
(0.135842 0.551472 0)
(0.123357 0.564305 0)
(0.111979 0.578645 0)
(0.10238 0.597447 0)
(0.0946889 0.62379 0)
(0.0880765 0.658721 0)
(0.0809534 0.700644 0)
(0.0717777 0.746488 0)
(0.0596848 0.793096 0)
(0.0445073 0.837849 0)
(0.0264521 0.878811 0)
(0.00586745 0.914652 0)
(-0.0167399 0.944556 0)
(-0.0410656 0.968007 0)
(-0.0669296 0.984813 0)
(-0.0940384 0.99498 0)
(-0.122183 0.998681 0)
(-0.151176 0.996229 0)
(-0.180773 0.987989 0)
(-0.210653 0.974348 0)
(-0.240321 0.9557 0)
(-0.269078 0.932406 0)
(-0.29508 0.904791 0)
(-0.312744 0.873074 0)
(-0.314163 0.837246 0)
(-0.298186 0.797287 0)
(-0.272472 0.753648 0)
(-0.24462 0.707204 0)
(-0.217584 0.659167 0)
(-0.190784 0.611039 0)
(-0.164226 0.564306 0)
(-0.141366 0.521233 0)
(-0.125906 0.484666 0)
(-0.119082 0.456966 0)
(-0.11945 0.438504 0)
(-0.124537 0.426753 0)
(-0.132514 0.41822 0)
(-0.142022 0.410584 0)
(-0.152089 0.402837 0)
(-0.162171 0.394659 0)
(-0.172016 0.385986 0)
(-0.181519 0.376832 0)
(-0.190636 0.367233 0)
(-0.199345 0.357229 0)
(-0.207636 0.346859 0)
(-0.215501 0.336158 0)
(-0.222932 0.32516 0)
(-0.229926 0.313896 0)
(-0.236482 0.302394 0)
(-0.242605 0.290685 0)
(-0.248305 0.278799 0)
(-0.253594 0.266772 0)
(-0.258497 0.254646 0)
(-0.26304 0.242467 0)
(-0.267253 0.23028 0)
(-0.271148 0.218098 0)
(-0.274734 0.205924 0)
(-0.278024 0.19377 0)
(-0.281026 0.181644 0)
(-0.283753 0.169555 0)
(-0.286216 0.157509 0)
(-0.288429 0.145514 0)
(-0.290405 0.133574 0)
(-0.292157 0.121693 0)
(-0.293699 0.109873 0)
(-0.295043 0.0981139 0)
(-0.296204 0.0864138 0)
(-0.297192 0.0747696 0)
(-0.298018 0.0631766 0)
(-0.298692 0.0516284 0)
(-0.299221 0.0401179 0)
(-0.29961 0.0286366 0)
(-0.299863 0.0171753 0)
(-0.299995 0.00572445 0)
(0.299992 0.0120961 0)
(0.299755 0.036288 0)
(0.299289 0.0604934 0)
(0.298555 0.0847294 0)
(0.297524 0.109008 0)
(0.296169 0.13333 0)
(0.294451 0.157686 0)
(0.292324 0.182052 0)
(0.289737 0.20639 0)
(0.28664 0.230648 0)
(0.282985 0.254763 0)
(0.27873 0.278651 0)
(0.273858 0.302242 0)
(0.268313 0.325354 0)
(0.262232 0.348287 0)
(0.255586 0.371029 0)
(0.24832 0.393403 0)
(0.240401 0.415259 0)
(0.231802 0.436474 0)
(0.222508 0.456953 0)
(0.212513 0.476619 0)
(0.201826 0.495402 0)
(0.190469 0.513233 0)
(0.178479 0.530041 0)
(0.165924 0.545768 0)
(0.152938 0.560407 0)
(0.139799 0.574128 0)
(0.12702 0.5876 0)
(0.115353 0.602559 0)
(0.105506 0.622118 0)
(0.0976083 0.649608 0)
(0.0907652 0.686216 0)
(0.0833203 0.730281 0)
(0.0736959 0.778528 0)
(0.0609892 0.82756 0)
(0.0450375 0.874585 0)
(0.0261182 0.917539 0)
(0.00468488 0.955011 0)
(-0.0187312 0.986149 0)
(-0.0437943 1.01044 0)
(-0.0702284 1.02775 0)
(-0.0976444 1.03823 0)
(-0.125691 1.04244 0)
(-0.153992 1.04024 0)
(-0.182243 1.03187 0)
(-0.210148 1.01779 0)
(-0.237316 0.998537 0)
(-0.263269 0.974698 0)
(-0.286619 0.946793 0)
(-0.302501 0.915092 0)
(-0.303553 0.879233 0)
(-0.288605 0.838564 0)
(-0.264818 0.79336 0)
(-0.239179 0.744773 0)
(-0.214287 0.694008 0)
(-0.189338 0.642728 0)
(-0.164197 0.592522 0)
(-0.142329 0.546064 0)
(-0.127648 0.506732 0)
(-0.121532 0.477292 0)
(-0.122464 0.457961 0)
(-0.128015 0.445725 0)
(-0.136446 0.436764 0)
(-0.146366 0.428652 0)
(-0.156774 0.420374 0)
(-0.167123 0.411626 0)
(-0.177168 0.402356 0)
(-0.186808 0.392588 0)
(-0.196003 0.382362 0)
(-0.204739 0.371721 0)
(-0.213007 0.360707 0)
(-0.220808 0.349355 0)
(-0.228143 0.337702 0)
(-0.235019 0.325781 0)
(-0.241448 0.313632 0)
(-0.247448 0.301297 0)
(-0.253038 0.288826 0)
(-0.25824 0.276276 0)
(-0.263076 0.263707 0)
(-0.267597 0.251182 0)
(-0.271764 0.238612 0)
(-0.275549 0.225952 0)
(-0.278973 0.213259 0)
(-0.282044 0.200555 0)
(-0.284781 0.187866 0)
(-0.287204 0.175214 0)
(-0.289338 0.162617 0)
(-0.291205 0.150088 0)
(-0.292828 0.137637 0)
(-0.294232 0.125273 0)
(-0.295436 0.112999 0)
(-0.296461 0.100816 0)
(-0.297326 0.0887202 0)
(-0.298046 0.0767081 0)
(-0.298638 0.0647723 0)
(-0.299112 0.0529034 0)
(-0.299477 0.0410907 0)
(-0.299741 0.0293215 0)
(-0.299911 0.0175824 0)
(-0.299997 0.00585943 0)
(0.299993 0.0123782 0)
(0.299864 0.0371423 0)
(0.299615 0.0619608 0)
(0.299221 0.0868864 0)
(0.298657 0.111967 0)
(0.297894 0.13724 0)
(0.296894 0.162732 0)
(0.29561 0.188453 0)
(0.293989 0.214402 0)
(0.291966 0.240557 0)
(0.289472 0.266882 0)
(0.286427 0.293319 0)
(0.282745 0.319796 0)
(0.27835 0.346249 0)
(0.273102 0.372354 0)
(0.267061 0.398094 0)
(0.260275 0.423497 0)
(0.252723 0.448493 0)
(0.244371 0.47296 0)
(0.235193 0.496759 0)
(0.225174 0.519756 0)
(0.214317 0.541831 0)
(0.202633 0.562878 0)
(0.19015 0.582803 0)
(0.176918 0.601527 0)
(0.163041 0.619021 0)
(0.148755 0.635426 0)
(0.13453 0.651393 0)
(0.121134 0.668715 0)
(0.109395 0.690767 0)
(0.0995953 0.721299 0)
(0.0909138 0.761651 0)
(0.0817158 0.809875 0)
(0.0704317 0.862211 0)
(0.0561929 0.91487 0)
(0.0388831 0.964814 0)
(0.0188141 1.00981 0)
(-0.00343882 1.04834 0)
(-0.0273908 1.07942 0)
(-0.0527369 1.10256 0)
(-0.0790744 1.11764 0)
(-0.105957 1.12472 0)
(-0.13288 1.12385 0)
(-0.159431 1.11586 0)
(-0.185306 1.10159 0)
(-0.210236 1.08203 0)
(-0.233869 1.05839 0)
(-0.255786 1.03205 0)
(-0.274898 1.00464 0)
(-0.287377 0.977404 0)
(-0.287163 0.949088 0)
(-0.273196 0.915559 0)
(-0.251557 0.874391 0)
(-0.228265 0.826525 0)
(-0.205593 0.774636 0)
(-0.182957 0.721222 0)
(-0.160227 0.667493 0)
(-0.140556 0.615987 0)
(-0.12769 0.571164 0)
(-0.123342 0.537148 0)
(-0.126356 0.514697 0)
(-0.134101 0.500083 0)
(-0.14452 0.488869 0)
(-0.156042 0.478459 0)
(-0.16768 0.467849 0)
(-0.178967 0.456759 0)
(-0.189722 0.445148 0)
(-0.199889 0.433044 0)
(-0.209456 0.42049 0)
(-0.218425 0.407532 0)
(-0.226804 0.394218 0)
(-0.234603 0.380597 0)
(-0.241835 0.366721 0)
(-0.248517 0.352645 0)
(-0.254671 0.338424 0)
(-0.260322 0.324114 0)
(-0.265495 0.309756 0)
(-0.27021 0.295378 0)
(-0.274469 0.280978 0)
(-0.278229 0.26652 0)
(-0.281515 0.252079 0)
(-0.284392 0.237744 0)
(-0.286895 0.223529 0)
(-0.289065 0.209455 0)
(-0.290938 0.195541 0)
(-0.292547 0.181798 0)
(-0.293922 0.168235 0)
(-0.295091 0.154857 0)
(-0.296079 0.141664 0)
(-0.296909 0.128653 0)
(-0.297602 0.115818 0)
(-0.298176 0.103148 0)
(-0.298646 0.0906331 0)
(-0.299028 0.078258 0)
(-0.299332 0.0660074 0)
(-0.29957 0.0538637 0)
(-0.299749 0.0418081 0)
(-0.299876 0.0298199 0)
(-0.299956 0.0178769 0)
(-0.299998 0.00595744 0)
)
;

boundaryField
{
    fuel
    {
        type            fixedValue;
        value           uniform (0.3 0 0);
    }
    air
    {
        type            fixedValue;
        value           uniform (-0.3 0 0);
    }
    outlet
    {
        type            pressureInletOutletVelocity;
        value           nonuniform List<vector> 
200
(
(0.299993 -0.0123781 0)
(0.299864 -0.037142 0)
(0.299615 -0.0619605 0)
(0.299221 -0.0868859 0)
(0.298657 -0.111966 0)
(0.297894 -0.13724 0)
(0.296894 -0.162731 0)
(0.29561 -0.188452 0)
(0.293989 -0.214401 0)
(0.291966 -0.240556 0)
(0.289472 -0.266881 0)
(0.286427 -0.293318 0)
(0.282745 -0.319794 0)
(0.278351 -0.346247 0)
(0.273103 -0.372352 0)
(0.267062 -0.398092 0)
(0.260275 -0.423495 0)
(0.252724 -0.44849 0)
(0.244372 -0.472958 0)
(0.235194 -0.496757 0)
(0.225176 -0.519753 0)
(0.214318 -0.541828 0)
(0.202635 -0.562876 0)
(0.190153 -0.582801 0)
(0.17692 -0.601525 0)
(0.163044 -0.619019 0)
(0.148758 -0.635424 0)
(0.134533 -0.651391 0)
(0.121137 -0.668713 0)
(0.109399 -0.690765 0)
(0.099599 -0.721297 0)
(0.0909175 -0.761647 0)
(0.0817196 -0.80987 0)
(0.0704361 -0.862206 0)
(0.056198 -0.914865 0)
(0.0388888 -0.96481 0)
(0.01882 -1.00981 0)
(-0.00343288 -1.04833 0)
(-0.0273849 -1.07942 0)
(-0.052731 -1.10256 0)
(-0.0790691 -1.11764 0)
(-0.105953 -1.12473 0)
(-0.132877 -1.12386 0)
(-0.159429 -1.11587 0)
(-0.185306 -1.10161 0)
(-0.210236 -1.08205 0)
(-0.233871 -1.05841 0)
(-0.255789 -1.03208 0)
(-0.274904 -1.00467 0)
(-0.287387 -0.977435 0)
(-0.287179 -0.949123 0)
(-0.273214 -0.915599 0)
(-0.251573 -0.874435 0)
(-0.228278 -0.826571 0)
(-0.205602 -0.774681 0)
(-0.182964 -0.721264 0)
(-0.160234 -0.667532 0)
(-0.140564 -0.616023 0)
(-0.127699 -0.571191 0)
(-0.123349 -0.537164 0)
(-0.126358 -0.514705 0)
(-0.134099 -0.500087 0)
(-0.144516 -0.488871 0)
(-0.156037 -0.478461 0)
(-0.167675 -0.467851 0)
(-0.178963 -0.45676 0)
(-0.189719 -0.44515 0)
(-0.199886 -0.433046 0)
(-0.209453 -0.420491 0)
(-0.218423 -0.407533 0)
(-0.226802 -0.394219 0)
(-0.234601 -0.380598 0)
(-0.241834 -0.366722 0)
(-0.248516 -0.352645 0)
(-0.254671 -0.338425 0)
(-0.260322 -0.324114 0)
(-0.265495 -0.309757 0)
(-0.27021 -0.295378 0)
(-0.274469 -0.280978 0)
(-0.278229 -0.26652 0)
(-0.281514 -0.252079 0)
(-0.284392 -0.237744 0)
(-0.286895 -0.223529 0)
(-0.289065 -0.209455 0)
(-0.290938 -0.195541 0)
(-0.292547 -0.181798 0)
(-0.293922 -0.168235 0)
(-0.295091 -0.154857 0)
(-0.296079 -0.141664 0)
(-0.296909 -0.128653 0)
(-0.297602 -0.115818 0)
(-0.298176 -0.103148 0)
(-0.298646 -0.0906328 0)
(-0.299028 -0.0782577 0)
(-0.299332 -0.0660071 0)
(-0.29957 -0.0538634 0)
(-0.299749 -0.0418078 0)
(-0.299876 -0.0298195 0)
(-0.299956 -0.0178765 0)
(-0.299998 -0.00595719 0)
(0.299993 0.0123782 0)
(0.299864 0.0371423 0)
(0.299615 0.0619608 0)
(0.299221 0.0868864 0)
(0.298657 0.111967 0)
(0.297894 0.13724 0)
(0.296894 0.162732 0)
(0.29561 0.188453 0)
(0.293989 0.214402 0)
(0.291966 0.240557 0)
(0.289472 0.266882 0)
(0.286427 0.293319 0)
(0.282745 0.319796 0)
(0.27835 0.346249 0)
(0.273102 0.372354 0)
(0.267061 0.398094 0)
(0.260275 0.423497 0)
(0.252723 0.448493 0)
(0.244371 0.47296 0)
(0.235193 0.496759 0)
(0.225174 0.519756 0)
(0.214317 0.541831 0)
(0.202633 0.562878 0)
(0.19015 0.582803 0)
(0.176918 0.601527 0)
(0.163041 0.619021 0)
(0.148755 0.635426 0)
(0.13453 0.651393 0)
(0.121134 0.668715 0)
(0.109395 0.690767 0)
(0.0995953 0.721299 0)
(0.0909138 0.761651 0)
(0.0817158 0.809875 0)
(0.0704317 0.862211 0)
(0.0561929 0.91487 0)
(0.0388831 0.964814 0)
(0.0188141 1.00981 0)
(-0.00343882 1.04834 0)
(-0.0273908 1.07942 0)
(-0.0527369 1.10256 0)
(-0.0790744 1.11764 0)
(-0.105957 1.12472 0)
(-0.13288 1.12385 0)
(-0.159431 1.11586 0)
(-0.185306 1.10159 0)
(-0.210236 1.08203 0)
(-0.233869 1.05839 0)
(-0.255786 1.03205 0)
(-0.274898 1.00464 0)
(-0.287377 0.977404 0)
(-0.287163 0.949088 0)
(-0.273196 0.915559 0)
(-0.251557 0.874391 0)
(-0.228265 0.826525 0)
(-0.205593 0.774636 0)
(-0.182957 0.721222 0)
(-0.160227 0.667493 0)
(-0.140556 0.615987 0)
(-0.12769 0.571164 0)
(-0.123342 0.537148 0)
(-0.126356 0.514697 0)
(-0.134101 0.500083 0)
(-0.14452 0.488869 0)
(-0.156042 0.478459 0)
(-0.16768 0.467849 0)
(-0.178967 0.456759 0)
(-0.189722 0.445148 0)
(-0.199889 0.433044 0)
(-0.209456 0.42049 0)
(-0.218425 0.407532 0)
(-0.226804 0.394218 0)
(-0.234603 0.380597 0)
(-0.241835 0.366721 0)
(-0.248517 0.352645 0)
(-0.254671 0.338424 0)
(-0.260322 0.324114 0)
(-0.265495 0.309756 0)
(-0.27021 0.295378 0)
(-0.274469 0.280978 0)
(-0.278229 0.26652 0)
(-0.281515 0.252079 0)
(-0.284392 0.237744 0)
(-0.286895 0.223529 0)
(-0.289065 0.209455 0)
(-0.290938 0.195541 0)
(-0.292547 0.181798 0)
(-0.293922 0.168235 0)
(-0.295091 0.154857 0)
(-0.296079 0.141664 0)
(-0.296909 0.128653 0)
(-0.297602 0.115818 0)
(-0.298176 0.103148 0)
(-0.298646 0.0906331 0)
(-0.299028 0.078258 0)
(-0.299332 0.0660074 0)
(-0.29957 0.0538637 0)
(-0.299749 0.0418081 0)
(-0.299876 0.0298199 0)
(-0.299956 0.0178769 0)
(-0.299998 0.00595744 0)
)
;
    }
    frontAndBack
    {
        type            empty;
    }
}


// ************************************************************************* //
