/*--------------------------------*- C++ -*----------------------------------*\
  =========                 |
  \\      /  F ield         | OpenFOAM: The Open Source CFD Toolbox
   \\    /   O peration     | Website:  https://openfoam.org
    \\  /    A nd           | Version:  11
     \\/     M anipulation  |
\*---------------------------------------------------------------------------*/
FoamFile
{
    format      ascii;
    class       volScalarField;
    location    "0.05";
    object      CH4;
}
// * * * * * * * * * * * * * * * * * * * * * * * * * * * * * * * * * * * * * //

dimensions      [0 0 0 0 0 0 0];

internalField   nonuniform List<scalar> 
4000
(
1
0.999999
0.999997
0.999992
0.999983
0.999966
0.999933
0.999876
0.999776
0.999605
0.999319
0.998846
0.998077
0.996845
0.994897
0.991867
0.987233
0.980297
0.970174
0.955849
0.936576
0.912203
0.882822
0.848923
0.811283
0.770832
0.728535
0.685295
0.641906
0.599032
0.557195
0.516791
0.478096
0.441293
0.406445
0.373566
0.342701
0.313798
0.286786
0.261579
0.238082
0.216194
0.195819
0.176858
0.159215
0.142799
0.127525
0.113311
0.100084
0.0877737
0.0763172
0.0656576
0.0557449
0.0465381
0.0380069
0.030137
0.0229706
0.0166505
0.0111392
0.00652753
0.00339735
0.00173316
0.000861431
0.000414875
0.000192712
8.5881e-05
3.65138e-05
1.4729e-05
5.62459e-06
2.08521e-06
8.79845e-07
4.91346e-07
3.21931e-07
2.13952e-07
1.37467e-07
8.41433e-08
4.84585e-08
2.59152e-08
1.27169e-08
5.76042e-09
2.45022e-09
9.8917e-10
3.82874e-10
1.42867e-10
5.18348e-11
1.83572e-11
6.37449e-12
2.17782e-12
7.34039e-13
2.44599e-13
8.07208e-14
2.64183e-14
8.5838e-15
2.77098e-15
8.88844e-16
2.82905e-16
8.88099e-17
2.69223e-17
7.28027e-18
1.04449e-18
1
0.999999
0.999997
0.999992
0.999984
0.999967
0.999935
0.999879
0.999781
0.999613
0.99933
0.998861
0.998095
0.996864
0.994913
0.99188
0.987242
0.980308
0.970206
0.955932
0.936793
0.912628
0.883509
0.849891
0.812513
0.772272
0.730111
0.686934
0.643542
0.600609
0.558671
0.518132
0.479283
0.442277
0.407216
0.374228
0.343237
0.314206
0.287069
0.26174
0.23813
0.216146
0.195684
0.176647
0.158938
0.142465
0.127143
0.112889
0.0996274
0.0872895
0.0758113
0.0651355
0.055212
0.0459997
0.0374691
0.0296077
0.0224646
0.0161831
0.0107269
0.00620479
0.00322122
0.00163797
0.00081091
0.000388766
0.000179636
7.95721e-05
3.35999e-05
1.34505e-05
5.09803e-06
1.88838e-06
8.14458e-07
4.63678e-07
3.04589e-07
2.01506e-07
1.2882e-07
7.85039e-08
4.5055e-08
2.40516e-08
1.18195e-08
5.38988e-09
2.31786e-09
9.44819e-10
3.68642e-10
1.38964e-10
5.07994e-11
1.81248e-11
6.33541e-12
2.17673e-12
7.3703e-13
2.46459e-13
8.15328e-14
2.67229e-14
8.68805e-15
2.80437e-15
8.98965e-16
2.85818e-16
8.9604e-17
2.71339e-17
7.33136e-18
1.05139e-18
1
0.999999
0.999997
0.999993
0.999984
0.999968
0.999937
0.999882
0.999786
0.999619
0.999338
0.998869
0.998101
0.996866
0.994907
0.991854
0.987191
0.980224
0.970086
0.955788
0.936686
0.912603
0.883618
0.850166
0.812966
0.772898
0.730891
0.687836
0.644528
0.601637
0.5597
0.519125
0.480185
0.443065
0.407955
0.374836
0.343709
0.314533
0.287253
0.261796
0.238069
0.215971
0.195406
0.176274
0.15848
0.141932
0.126544
0.112233
0.0989249
0.086548
0.0750389
0.06434
0.0544012
0.0451819
0.0366537
0.0288063
0.0217111
0.0154925
0.0101353
0.00573616
0.00296739
0.00150219
0.000739773
0.000352564
0.00016183
7.11596e-05
2.98075e-05
1.18319e-05
4.45192e-06
1.65521e-06
7.3808e-07
4.29678e-07
2.83837e-07
1.87835e-07
1.20165e-07
7.33593e-08
4.22254e-08
2.26363e-08
1.11856e-08
5.12353e-09
2.21454e-09
9.11359e-10
3.58725e-10
1.36104e-10
5.0088e-11
1.79675e-11
6.30348e-12
2.17332e-12
7.38078e-13
2.47414e-13
8.20079e-14
2.69179e-14
8.76036e-15
2.82948e-15
9.07294e-16
2.88494e-16
9.04432e-17
2.73826e-17
7.39704e-18
1.06069e-18
1
0.999999
0.999997
0.999993
0.999985
0.999969
0.999939
0.999885
0.99979
0.999626
0.999347
0.99888
0.998115
0.996879
0.994917
0.99186
0.987188
0.980208
0.970059
0.955758
0.936686
0.912653
0.883735
0.850371
0.813274
0.773313
0.731404
0.688429
0.645175
0.602308
0.560362
0.519742
0.480741
0.443594
0.408379
0.375147
0.343905
0.314622
0.287238
0.261673
0.237838
0.215639
0.194978
0.175758
0.157885
0.141266
0.125815
0.111451
0.0980973
0.0856838
0.0741462
0.0634272
0.0534769
0.044255
0.0357343
0.0279066
0.0208877
0.0147362
0.00947624
0.0052301
0.00269686
0.0013595
0.000666109
0.000315646
0.000143959
6.28554e-05
2.61279e-05
1.02891e-05
3.84766e-06
1.44235e-06
6.70074e-07
3.97747e-07
2.63726e-07
1.7442e-07
1.11542e-07
6.81002e-08
3.92101e-08
2.10338e-08
1.0409e-08
4.77821e-09
2.07037e-09
8.53346e-10
3.37153e-10
1.28563e-10
4.75861e-11
1.71808e-11
6.07854e-12
2.11017e-12
7.20893e-13
2.42891e-13
8.08612e-14
2.66403e-14
8.69722e-15
2.81643e-15
9.05054e-16
2.88275e-16
9.05031e-17
2.74314e-17
7.41595e-18
1.06379e-18
1
0.999999
0.999997
0.999993
0.999985
0.99997
0.999941
0.999888
0.999794
0.99963
0.999352
0.998886
0.99812
0.996882
0.994915
0.991846
0.987156
0.980153
0.969974
0.955633
0.936557
0.91254
0.883657
0.850339
0.813294
0.773391
0.731542
0.688619
0.645406
0.602563
0.560623
0.519992
0.480977
0.443771
0.408495
0.375196
0.34388
0.314513
0.28704
0.261386
0.237464
0.215182
0.194442
0.175149
0.157209
0.14053
0.125027
0.110619
0.0972279
0.0847853
0.0732263
0.0624937
0.0525379
0.0433192
0.0348115
0.0270088
0.0200844
0.014003
0.00884604
0.00475501
0.00244553
0.00122839
0.000599182
0.000282485
0.000128092
5.55706e-05
2.29397e-05
8.96956e-06
3.33805e-06
1.26568e-06
6.08482e-07
3.68895e-07
2.45863e-07
1.62681e-07
1.04053e-07
6.35562e-08
3.66201e-08
1.96671e-08
9.75196e-09
4.48804e-09
1.95116e-09
8.0739e-10
3.20369e-10
1.22706e-10
4.56197e-11
1.65388e-11
5.86868e-12
2.04446e-12
7.00972e-13
2.37031e-13
7.91876e-14
2.61765e-14
8.57289e-15
2.78444e-15
8.97271e-16
2.86548e-16
9.01575e-17
2.73743e-17
7.40944e-18
1.06344e-18
1
0.999999
0.999997
0.999993
0.999986
0.99997
0.999942
0.999889
0.999796
0.999634
0.999356
0.998891
0.998126
0.996887
0.994917
0.991842
0.987144
0.980124
0.969921
0.955555
0.936466
0.912441
0.883558
0.850251
0.813228
0.773347
0.731519
0.688615
0.645411
0.602575
0.560635
0.519997
0.480958
0.443717
0.40839
0.375035
0.343657
0.314227
0.286689
0.260969
0.236981
0.214634
0.193834
0.174484
0.156493
0.139768
0.124226
0.109784
0.0963672
0.083905
0.0723332
0.0615948
0.0516403
0.0424306
0.0339402
0.0261646
0.0193477
0.0133359
0.00828435
0.00435806
0.00223623
0.00111957
0.000543854
0.000255195
0.000115103
4.96429e-05
2.03631e-05
7.91098e-06
2.93215e-06
1.12447e-06
5.55219e-07
3.43543e-07
2.30325e-07
1.52603e-07
9.76281e-08
5.96192e-08
3.43388e-08
1.84372e-08
9.14426e-09
4.21269e-09
1.83479e-09
7.61143e-10
3.02942e-10
1.16432e-10
4.34479e-11
1.58123e-11
5.63282e-12
1.96993e-12
6.77996e-13
2.30112e-13
7.71514e-14
2.5591e-14
8.40873e-15
2.7397e-15
8.85491e-16
2.83573e-16
8.94559e-17
2.72229e-17
7.38056e-18
1.06011e-18
1
0.999999
0.999997
0.999994
0.999986
0.999971
0.999942
0.99989
0.999798
0.999636
0.999359
0.998895
0.998129
0.996888
0.994915
0.991834
0.987122
0.980084
0.969854
0.955448
0.936332
0.912286
0.883389
0.850078
0.813058
0.773186
0.731369
0.68847
0.645272
0.602439
0.560492
0.519839
0.480775
0.443494
0.408127
0.374727
0.3433
0.31382
0.286233
0.260466
0.236431
0.214037
0.193191
0.1738
0.155771
0.139014
0.123444
0.10898
0.0955462
0.0830735
0.0714975
0.0607612
0.050816
0.0416237
0.0331609
0.0254262
0.0186791
0.0127495
0.00780803
0.00406621
0.00207823
0.00103598
0.000500881
0.000233865
0.000104921
4.49933e-05
1.83447e-05
7.08446e-06
2.61781e-06
1.01827e-06
5.14322e-07
3.23156e-07
2.17502e-07
1.44234e-07
9.22771e-08
5.63244e-08
3.24163e-08
1.73926e-08
8.62395e-09
3.97534e-09
1.73371e-09
7.20625e-10
2.87519e-10
1.10815e-10
4.14779e-11
1.51436e-11
5.4123e-12
1.89907e-12
6.55768e-13
2.23298e-13
7.51087e-14
2.49929e-14
8.23792e-15
2.69231e-15
8.72797e-16
2.80321e-16
8.86709e-17
2.70475e-17
7.34555e-18
1.05593e-18
1
0.999999
0.999997
0.999994
0.999986
0.999971
0.999943
0.999891
0.999799
0.999638
0.999362
0.998898
0.998133
0.996892
0.994917
0.991832
0.98711
0.980055
0.969797
0.955355
0.936206
0.912127
0.883201
0.849866
0.812828
0.772945
0.731119
0.688217
0.645028
0.602185
0.560227
0.519559
0.480478
0.443186
0.407793
0.374358
0.342891
0.313359
0.285725
0.259917
0.235847
0.213419
0.192542
0.173122
0.155066
0.138288
0.1227
0.108223
0.0947814
0.0823056
0.070732
0.060004
0.0500738
0.0409046
0.0324758
0.0247912
0.0181196
0.0122966
0.00733088
0.00381218
0.00194398
0.00096616
0.000465488
0.00021647
9.66832e-05
4.12582e-05
1.67336e-05
6.42855e-06
2.3694e-06
9.32692e-07
4.81519e-07
3.06573e-07
2.06981e-07
1.37338e-07
8.78503e-08
5.3582e-08
3.08021e-08
1.65059e-08
8.17654e-09
3.76899e-09
1.64481e-09
6.84554e-10
2.73621e-10
1.05691e-10
3.96594e-11
1.45191e-11
5.20405e-12
1.83143e-12
6.34331e-13
2.1666e-13
7.31003e-14
2.43995e-14
8.06707e-15
2.64456e-15
8.59916e-16
2.77002e-16
8.7865e-17
2.68664e-17
7.30918e-18
1.05157e-18
1
0.999999
0.999997
0.999994
0.999986
0.999971
0.999943
0.999892
0.9998
0.99964
0.999364
0.998901
0.998136
0.996895
0.994918
0.991828
0.987096
0.980023
0.969737
0.955257
0.936071
0.911954
0.882991
0.849624
0.812559
0.772655
0.730811
0.68791
0.644698
0.601842
0.559869
0.519187
0.480089
0.442775
0.407362
0.373909
0.342421
0.312879
0.285216
0.259365
0.235263
0.212809
0.191909
0.172469
0.154397
0.137605
0.122007
0.107524
0.0940798
0.0816059
0.0700385
0.0593212
0.0494066
0.0402585
0.0318573
0.0242257
0.0176049
0.0118478
0.00697192
0.00361646
0.00183881
0.000910891
0.000437307
0.00020258
9.01013e-05
3.8276e-05
1.54498e-05
5.90771e-06
2.17363e-06
8.67126e-07
4.55924e-07
2.93172e-07
1.98336e-07
1.31638e-07
8.41801e-08
5.13002e-08
2.94523e-08
1.57598e-08
7.7974e-09
3.59309e-09
1.56854e-09
6.53387e-10
2.6152e-10
1.01194e-10
3.80501e-11
1.39618e-11
5.01658e-12
1.77002e-12
6.147e-13
2.10532e-13
7.12321e-14
2.38436e-14
7.90604e-15
2.59931e-15
8.47668e-16
2.7384e-16
8.70977e-17
2.66947e-17
7.27497e-18
1.04749e-18
1
0.999999
0.999997
0.999994
0.999986
0.999972
0.999944
0.999893
0.999802
0.999642
0.999367
0.998904
0.99814
0.996899
0.99492
0.991824
0.987082
0.979992
0.96968
0.955162
0.935938
0.911779
0.882775
0.84937
0.812271
0.772338
0.730478
0.687552
0.644326
0.601456
0.55947
0.518774
0.479662
0.442331
0.406901
0.373429
0.341922
0.312356
0.28468
0.258824
0.234694
0.212224
0.191309
0.171855
0.153773
0.136973
0.121371
0.106886
0.0934436
0.0809743
0.0694148
0.0587089
0.0488092
0.0396802
0.0313032
0.0237254
0.0171488
0.011452
0.00666444
0.00345096
0.0017507
0.00086492
0.000414001
0.00019115
8.47088e-05
3.58434e-05
1.44072e-05
5.487e-06
2.01746e-06
8.16959e-07
4.36079e-07
2.82404e-07
1.91231e-07
1.26904e-07
8.1114e-08
4.93864e-08
2.83159e-08
1.51291e-08
7.47523e-09
3.44294e-09
1.50309e-09
6.26492e-10
2.51015e-10
9.72653e-11
3.66349e-11
1.34684e-11
4.84955e-12
1.71495e-12
5.96995e-13
2.04974e-13
6.95288e-14
2.33346e-14
7.75799e-15
2.5576e-15
8.36358e-16
2.70921e-16
8.6392e-17
2.65381e-17
7.24415e-18
1.04386e-18
1
0.999999
0.999997
0.999994
0.999986
0.999972
0.999944
0.999894
0.999803
0.999643
0.999369
0.998907
0.998143
0.996901
0.99492
0.991819
0.987068
0.97996
0.969621
0.955067
0.935805
0.911605
0.882558
0.849113
0.811978
0.772016
0.730137
0.687182
0.643938
0.601054
0.559056
0.518348
0.479223
0.441879
0.406436
0.37295
0.34143
0.311851
0.284162
0.258293
0.234159
0.211676
0.19075
0.171289
0.153202
0.136398
0.120795
0.106311
0.0928729
0.0804099
0.0688592
0.0581648
0.0482796
0.0391686
0.030814
0.0232868
0.01675
0.0111075
0.00639883
0.00330882
0.00167552
0.000825941
0.000394358
0.00018157
8.02141e-05
3.38263e-05
1.35471e-05
5.14195e-06
1.89078e-06
7.77752e-07
4.20409e-07
2.73677e-07
1.85368e-07
1.22956e-07
7.85395e-08
4.77725e-08
2.73548e-08
1.45942e-08
7.20132e-09
3.31499e-09
1.44716e-09
6.03427e-10
2.41969e-10
9.38671e-11
3.5405e-11
1.30376e-11
4.70296e-12
1.66639e-12
5.81305e-13
2.00027e-13
6.80061e-14
2.28778e-14
7.62476e-15
2.51998e-15
8.26151e-16
2.6829e-16
8.57584e-17
2.63986e-17
7.21711e-18
1.04071e-18
1
0.999999
0.999998
0.999994
0.999987
0.999972
0.999945
0.999894
0.999803
0.999644
0.99937
0.998909
0.998144
0.996902
0.994918
0.991812
0.987052
0.979928
0.969565
0.954976
0.935678
0.911437
0.882348
0.848863
0.811692
0.771707
0.729794
0.68682
0.643557
0.600658
0.558648
0.517929
0.478794
0.44144
0.405987
0.372491
0.340961
0.311373
0.283675
0.257799
0.233664
0.211172
0.19024
0.170775
0.152686
0.135882
0.12028
0.1058
0.0923669
0.079911
0.0683695
0.0576864
0.0478149
0.0387206
0.0303866
0.0229061
0.0164047
0.01081
0.00617032
0.00318699
0.00161135
0.000792821
0.000377744
0.000173507
7.64485e-05
3.21443e-05
1.28332e-05
4.85656e-06
1.78579e-06
7.42136e-07
4.06676e-07
2.66257e-07
1.80443e-07
1.19639e-07
7.63698e-08
4.6408e-08
2.65401e-08
1.414e-08
6.96832e-09
3.20597e-09
1.39942e-09
5.83692e-10
2.34208e-10
9.09425e-11
3.43428e-11
1.26642e-11
4.57543e-12
1.62398e-12
5.67554e-13
1.95676e-13
6.6663e-14
2.24737e-14
7.50663e-15
2.48657e-15
8.17082e-16
2.65955e-16
8.5198e-17
2.62763e-17
7.19366e-18
1.038e-18
1
0.999999
0.999998
0.999994
0.999987
0.999972
0.999945
0.999894
0.999804
0.999645
0.999371
0.99891
0.998145
0.996902
0.994916
0.991806
0.987036
0.979898
0.969511
0.954891
0.935557
0.911278
0.88215
0.848627
0.811424
0.771403
0.729465
0.686473
0.643194
0.600282
0.55826
0.517532
0.478389
0.441027
0.405567
0.372065
0.340529
0.310935
0.283231
0.257349
0.233206
0.210714
0.189782
0.170316
0.152227
0.135425
0.119826
0.105351
0.0919236
0.0794752
0.0679428
0.0572705
0.0474118
0.0383327
0.0300171
0.0225791
0.0161085
0.0105552
0.00597525
0.00308325
0.00155688
0.000764808
0.000363745
0.000166738
7.32997e-05
3.07433e-05
1.22409e-05
4.62074e-06
1.69904e-06
7.12762e-07
3.95063e-07
2.5995e-07
1.76289e-07
1.1685e-07
7.45439e-08
4.5257e-08
2.58514e-08
1.37554e-08
6.77074e-09
3.11346e-09
1.35885e-09
5.66899e-10
2.27591e-10
8.84436e-11
3.34331e-11
1.23435e-11
4.4656e-12
1.58736e-12
5.55644e-13
1.91897e-13
6.54934e-14
2.21211e-14
7.40335e-15
2.45732e-15
8.09136e-16
2.6391e-16
8.47085e-17
2.61699e-17
7.17347e-18
1.0357e-18
1
0.999999
0.999998
0.999994
0.999987
0.999972
0.999945
0.999895
0.999804
0.999646
0.999372
0.998911
0.998146
0.996902
0.994914
0.991799
0.987021
0.979868
0.969461
0.954811
0.935446
0.911132
0.881967
0.848408
0.811178
0.771128
0.729166
0.686153
0.642859
0.599935
0.557904
0.517168
0.478018
0.440651
0.405186
0.371679
0.340139
0.310541
0.282834
0.256949
0.232805
0.210311
0.189379
0.169914
0.151827
0.135028
0.119433
0.104962
0.091541
0.0791
0.0675761
0.0569137
0.0470666
0.038001
0.0297017
0.0223015
0.0158574
0.0103396
0.00581055
0.00299585
0.0015111
0.00074133
0.000352046
0.000161098
7.06849e-05
2.95838e-05
1.17524e-05
4.42704e-06
1.62841e-06
6.88954e-07
3.85472e-07
2.54675e-07
1.72815e-07
1.1452e-07
7.30165e-08
4.42925e-08
2.52733e-08
1.34321e-08
6.60456e-09
3.03559e-09
1.32468e-09
5.52737e-10
2.22004e-10
8.63303e-11
3.26623e-11
1.20712e-11
4.37216e-12
1.55613e-12
5.45468e-13
1.88661e-13
6.44897e-14
2.18179e-14
7.31438e-15
2.43209e-15
8.02274e-16
2.62143e-16
8.42858e-17
2.60783e-17
7.15615e-18
1.03372e-18
1
0.999999
0.999998
0.999994
0.999987
0.999972
0.999945
0.999895
0.999805
0.999646
0.999373
0.998911
0.998146
0.996901
0.994911
0.991792
0.987006
0.979842
0.969415
0.95474
0.935347
0.911
0.881803
0.848215
0.810951
0.770877
0.728896
0.685867
0.642561
0.599627
0.557588
0.516845
0.47769
0.440319
0.40485
0.371339
0.339797
0.310196
0.282488
0.256602
0.232457
0.209964
0.189033
0.16957
0.151484
0.134689
0.119098
0.104632
0.0912169
0.0787827
0.0672666
0.0566131
0.046776
0.0377222
0.029437
0.0220697
0.0156479
0.0101599
0.00567368
0.00292332
0.00147319
0.000721932
0.000342402
0.000156462
6.85405e-05
2.86355e-05
1.1354e-05
4.26966e-06
1.5715e-06
6.69836e-07
3.77636e-07
2.50295e-07
1.69929e-07
1.12589e-07
7.17522e-08
4.34938e-08
2.47943e-08
1.31641e-08
6.4667e-09
2.97097e-09
1.2963e-09
5.40967e-10
2.17355e-10
8.45698e-11
3.20193e-11
1.18438e-11
4.29397e-12
1.52995e-12
5.3692e-13
1.85938e-13
6.36436e-14
2.15618e-14
7.2391e-15
2.4107e-15
7.96448e-16
2.6064e-16
8.39257e-17
2.60001e-17
7.14134e-18
1.03203e-18
1
0.999999
0.999998
0.999994
0.999987
0.999972
0.999945
0.999895
0.999805
0.999646
0.999373
0.998912
0.998146
0.9969
0.994908
0.991785
0.986993
0.979818
0.969375
0.954677
0.935259
0.910886
0.881661
0.848047
0.81076
0.770665
0.728665
0.685622
0.642305
0.599361
0.557315
0.516568
0.477408
0.440034
0.404563
0.37105
0.339506
0.309905
0.282196
0.25631
0.232166
0.209676
0.188744
0.169283
0.1512
0.134407
0.11882
0.104359
0.0909494
0.0785212
0.0670118
0.0563659
0.0465375
0.0374936
0.02922
0.0218806
0.0154771
0.0100136
0.00556256
0.00286452
0.0014425
0.000706253
0.000334623
0.000152729
6.68177e-05
2.78753e-05
1.10353e-05
4.14395e-06
1.52582e-06
6.54614e-07
3.71362e-07
2.46762e-07
1.67598e-07
1.11029e-07
7.073e-08
4.28475e-08
2.44064e-08
1.29469e-08
6.3549e-09
2.91853e-09
1.27326e-09
5.31402e-10
2.13574e-10
8.31361e-11
3.14951e-11
1.16581e-11
4.23004e-12
1.50852e-12
5.2991e-13
1.83701e-13
6.29471e-14
2.13506e-14
7.17688e-15
2.39299e-15
7.91609e-16
2.59388e-16
8.36241e-17
2.59342e-17
7.12873e-18
1.03058e-18
1
0.999999
0.999998
0.999994
0.999987
0.999973
0.999945
0.999895
0.999805
0.999647
0.999373
0.998912
0.998146
0.996899
0.994905
0.991779
0.986982
0.979797
0.969341
0.954624
0.935186
0.91079
0.881544
0.847906
0.810598
0.770485
0.728472
0.685418
0.642091
0.599142
0.557091
0.516339
0.477177
0.439801
0.404328
0.370815
0.33927
0.309668
0.281959
0.256074
0.23193
0.20944
0.188511
0.169052
0.150972
0.134182
0.118599
0.104142
0.0907366
0.0783134
0.0668097
0.05617
0.0463486
0.0373127
0.0290485
0.0217317
0.0153428
0.00989862
0.00547551
0.00281849
0.0014185
0.000694011
0.000328557
0.000149822
6.54785e-05
2.72854e-05
1.07885e-05
4.04681e-06
1.49067e-06
6.42954e-07
3.665e-07
2.43986e-07
1.65761e-07
1.09802e-07
6.9928e-08
4.2341e-08
2.41024e-08
1.27767e-08
6.26722e-09
2.87739e-09
1.25517e-09
5.2389e-10
2.10602e-10
8.20083e-11
3.10822e-11
1.15117e-11
4.17958e-12
1.49157e-12
5.2436e-13
1.81926e-13
6.23936e-14
2.11824e-14
7.12719e-15
2.37879e-15
7.87716e-16
2.58375e-16
8.3378e-17
2.58797e-17
7.1181e-18
1.02934e-18
1
0.999999
0.999998
0.999994
0.999987
0.999973
0.999945
0.999895
0.999805
0.999647
0.999373
0.998912
0.998146
0.996898
0.994903
0.991774
0.986972
0.97978
0.969314
0.954583
0.935129
0.910716
0.881451
0.847796
0.810473
0.770347
0.728323
0.68526
0.641927
0.598972
0.556917
0.516163
0.476999
0.439621
0.404148
0.370634
0.339089
0.309488
0.281779
0.255894
0.231751
0.209262
0.188335
0.168878
0.1508
0.134013
0.118433
0.103979
0.0905771
0.0781579
0.0666585
0.0560236
0.0462076
0.0371777
0.0289206
0.021621
0.015243
0.00981339
0.00541115
0.00278449
0.00140079
0.000684981
0.000324087
0.000147683
6.4494e-05
2.68522e-05
1.06075e-05
3.97569e-06
1.46507e-06
6.34487e-07
3.62939e-07
2.41935e-07
1.64399e-07
1.08891e-07
6.93322e-08
4.19647e-08
2.38766e-08
1.26503e-08
6.20217e-09
2.84688e-09
1.24175e-09
5.18312e-10
2.08393e-10
8.11695e-11
3.07749e-11
1.14025e-11
4.1419e-12
1.4789e-12
5.20201e-13
1.80594e-13
6.19769e-14
2.10553e-14
7.08954e-15
2.36798e-15
7.84733e-16
2.57591e-16
8.31851e-17
2.5836e-17
7.10933e-18
1.02829e-18
1
0.999999
0.999998
0.999994
0.999987
0.999973
0.999945
0.999895
0.999805
0.999647
0.999373
0.998912
0.998145
0.996897
0.994901
0.99177
0.986965
0.979769
0.969295
0.954554
0.935089
0.910663
0.881386
0.847719
0.810385
0.77025
0.728217
0.685149
0.641811
0.598852
0.556795
0.516039
0.476875
0.439496
0.404023
0.370509
0.338964
0.309363
0.281656
0.255772
0.23163
0.209142
0.188217
0.168761
0.150685
0.133899
0.118321
0.103869
0.0904701
0.0780536
0.0665572
0.0559257
0.0461133
0.0370876
0.0288353
0.0215474
0.0151767
0.00975676
0.00536853
0.00276196
0.00138905
0.000679004
0.00032113
0.000146269
6.38434e-05
2.65662e-05
1.04881e-05
3.92884e-06
1.44826e-06
6.28942e-07
3.60591e-07
2.40575e-07
1.63494e-07
1.08285e-07
6.89348e-08
4.17134e-08
2.37258e-08
1.25659e-08
6.15873e-09
2.8265e-09
1.23279e-09
5.14583e-10
2.06915e-10
8.06074e-11
3.05686e-11
1.13292e-11
4.11654e-12
1.47035e-12
5.17389e-13
1.7969e-13
6.16934e-14
2.09685e-14
7.06367e-15
2.36051e-15
7.82649e-16
2.57036e-16
8.30456e-17
2.58034e-17
7.10252e-18
1.02745e-18
1
0.999999
0.999998
0.999994
0.999987
0.999973
0.999945
0.999895
0.999805
0.999647
0.999373
0.998912
0.998145
0.996896
0.9949
0.991768
0.986961
0.979762
0.969284
0.954537
0.935066
0.910634
0.881349
0.847676
0.810336
0.770196
0.72816
0.685088
0.641748
0.598788
0.55673
0.515973
0.476808
0.43943
0.403956
0.370442
0.338898
0.309298
0.28159
0.255707
0.231566
0.209079
0.188154
0.1687
0.150624
0.13384
0.118263
0.103813
0.0904151
0.0780002
0.0665055
0.0558757
0.0460653
0.0370417
0.0287919
0.02151
0.015143
0.00972811
0.00534701
0.0027506
0.00138314
0.000675993
0.000319642
0.000145557
6.35168e-05
2.64227e-05
1.04283e-05
3.90541e-06
1.43989e-06
6.2618e-07
3.59418e-07
2.39895e-07
1.63042e-07
1.07983e-07
6.87372e-08
4.15888e-08
2.36512e-08
1.25241e-08
6.13718e-09
2.81636e-09
1.22832e-09
5.12722e-10
2.06177e-10
8.03264e-11
3.04653e-11
1.12923e-11
4.10375e-12
1.46603e-12
5.15958e-13
1.79227e-13
6.1547e-14
2.09233e-14
7.05003e-15
2.35651e-15
7.81513e-16
2.56725e-16
8.29644e-17
2.57834e-17
7.09807e-18
1.02688e-18
1
0.999999
0.999998
0.999994
0.999987
0.999973
0.999945
0.999895
0.999805
0.999647
0.999373
0.998911
0.998145
0.996896
0.994899
0.991768
0.98696
0.97976
0.969281
0.954533
0.935061
0.910627
0.881342
0.847667
0.810326
0.770185
0.728148
0.685076
0.641735
0.598775
0.556717
0.515961
0.476796
0.439418
0.403945
0.370432
0.338888
0.309288
0.281581
0.255698
0.231558
0.209071
0.188147
0.168693
0.150618
0.133834
0.118258
0.103808
0.0904105
0.0779959
0.0665015
0.055872
0.0460619
0.0370386
0.0287891
0.0215076
0.015141
0.00972637
0.00534573
0.00274992
0.00138279
0.000675815
0.000319554
0.000145515
6.34973e-05
2.64142e-05
1.04247e-05
3.904e-06
1.43938e-06
6.26011e-07
3.59343e-07
2.39849e-07
1.6301e-07
1.07961e-07
6.87224e-08
4.15793e-08
2.36454e-08
1.25208e-08
6.13544e-09
2.81553e-09
1.22794e-09
5.12562e-10
2.06112e-10
8.03005e-11
3.04554e-11
1.12886e-11
4.10241e-12
1.46555e-12
5.15791e-13
1.7917e-13
6.15276e-14
2.09168e-14
7.04786e-15
2.35579e-15
7.81281e-16
2.56651e-16
8.29408e-17
2.57762e-17
7.09611e-18
1.0266e-18
1
0.999999
0.999998
0.999994
0.999987
0.999973
0.999945
0.999895
0.999805
0.999647
0.999373
0.998911
0.998145
0.996896
0.9949
0.991769
0.986962
0.979764
0.969287
0.954543
0.935075
0.910645
0.881363
0.847693
0.810356
0.770218
0.728184
0.685114
0.641775
0.598816
0.556759
0.516004
0.47684
0.439462
0.40399
0.370477
0.338934
0.309335
0.281629
0.255746
0.231606
0.209119
0.188195
0.168741
0.150666
0.133882
0.118305
0.103854
0.0904562
0.0780408
0.0665454
0.0559148
0.0461033
0.0370784
0.0288269
0.0215403
0.0151705
0.00975158
0.00536471
0.00275995
0.00138801
0.000678472
0.000320867
0.000146143
6.37854e-05
2.65406e-05
1.04774e-05
3.92462e-06
1.44674e-06
6.28428e-07
3.60363e-07
2.40436e-07
1.63399e-07
1.0822e-07
6.88911e-08
4.16854e-08
2.37088e-08
1.25562e-08
6.15368e-09
2.82409e-09
1.2317e-09
5.14118e-10
2.06725e-10
8.05324e-11
3.054e-11
1.13185e-11
4.11266e-12
1.46897e-12
5.16904e-13
1.79523e-13
6.16364e-14
2.09494e-14
7.05729e-15
2.35841e-15
7.81964e-16
2.56815e-16
8.29755e-17
2.5782e-17
7.0967e-18
1.02662e-18
1
0.999999
0.999998
0.999994
0.999987
0.999973
0.999945
0.999895
0.999805
0.999647
0.999373
0.998911
0.998145
0.996897
0.994901
0.991771
0.986967
0.979773
0.969302
0.954566
0.935106
0.910687
0.881415
0.847754
0.810426
0.770295
0.728266
0.685201
0.641866
0.59891
0.556855
0.516102
0.476939
0.439563
0.404091
0.37058
0.339037
0.309438
0.281732
0.25585
0.231711
0.209224
0.1883
0.168845
0.150769
0.133984
0.118406
0.103954
0.090554
0.0781365
0.0666387
0.0560054
0.0461908
0.0371623
0.0289066
0.0216091
0.0152326
0.00980467
0.00540472
0.00278109
0.00139902
0.000684081
0.000323642
0.00014747
6.43955e-05
2.68088e-05
1.05893e-05
3.96852e-06
1.46247e-06
6.33609e-07
3.62549e-07
2.41699e-07
1.64237e-07
1.0878e-07
6.92579e-08
4.1917e-08
2.38477e-08
1.26339e-08
6.19362e-09
2.8428e-09
1.23992e-09
5.17529e-10
2.08073e-10
8.10432e-11
3.07266e-11
1.13845e-11
4.13536e-12
1.47657e-12
5.19383e-13
1.80311e-13
6.18807e-14
2.1023e-14
7.07877e-15
2.36444e-15
7.83578e-16
2.57219e-16
8.30674e-17
2.58001e-17
7.09961e-18
1.0269e-18
1
0.999999
0.999998
0.999994
0.999987
0.999973
0.999945
0.999895
0.999805
0.999646
0.999373
0.998911
0.998145
0.996897
0.994903
0.991775
0.986975
0.979787
0.969326
0.954602
0.935157
0.910752
0.881496
0.84785
0.810534
0.770416
0.728397
0.685339
0.64201
0.599059
0.557007
0.516256
0.477096
0.439721
0.404251
0.37074
0.339198
0.3096
0.281895
0.256012
0.231872
0.209386
0.188461
0.169005
0.150928
0.134142
0.118561
0.104107
0.090704
0.0782832
0.0667818
0.0561443
0.0463249
0.037291
0.0290288
0.0217149
0.015328
0.00988631
0.0054664
0.00281368
0.001416
0.000692737
0.000327927
0.00014952
6.53392e-05
2.72239e-05
1.07627e-05
4.03666e-06
1.48699e-06
6.41702e-07
3.65948e-07
2.43654e-07
1.65534e-07
1.09647e-07
6.9825e-08
4.22753e-08
2.40627e-08
1.27543e-08
6.25557e-09
2.87185e-09
1.25268e-09
5.22826e-10
2.10167e-10
8.18366e-11
3.10166e-11
1.14872e-11
4.17067e-12
1.48839e-12
5.23242e-13
1.8154e-13
6.22617e-14
2.11379e-14
7.1124e-15
2.37392e-15
7.86126e-16
2.57862e-16
8.32157e-17
2.58302e-17
7.10467e-18
1.02741e-18
1
0.999999
0.999998
0.999994
0.999987
0.999972
0.999945
0.999895
0.999805
0.999646
0.999373
0.998911
0.998145
0.996898
0.994905
0.99178
0.986986
0.979806
0.969357
0.954651
0.935224
0.91084
0.881605
0.847979
0.810684
0.770579
0.728572
0.685524
0.642203
0.599258
0.557211
0.516463
0.477306
0.439933
0.404465
0.370956
0.339416
0.309818
0.282114
0.256232
0.232091
0.209604
0.188679
0.169222
0.151143
0.134355
0.118771
0.104314
0.0909072
0.0784821
0.0669757
0.0563326
0.0465069
0.0374655
0.0291945
0.0218588
0.015458
0.00999762
0.00555072
0.00285827
0.00143925
0.000704596
0.000333802
0.000152335
6.6636e-05
2.77951e-05
1.10017e-05
4.13067e-06
1.52098e-06
6.52959e-07
3.70636e-07
2.46329e-07
1.67304e-07
1.10829e-07
7.05979e-08
4.27634e-08
2.43557e-08
1.29184e-08
6.34007e-09
2.91147e-09
1.27009e-09
5.30051e-10
2.13021e-10
8.29181e-11
3.14117e-11
1.1627e-11
4.21872e-12
1.50447e-12
5.28489e-13
1.83209e-13
6.27795e-14
2.12941e-14
7.15807e-15
2.38679e-15
7.89589e-16
2.58737e-16
8.34181e-17
2.58714e-17
7.1117e-18
1.02814e-18
1
0.999999
0.999998
0.999994
0.999987
0.999972
0.999945
0.999895
0.999805
0.999646
0.999372
0.998911
0.998145
0.996899
0.994908
0.991786
0.986998
0.979828
0.969395
0.95471
0.935306
0.910947
0.881738
0.848137
0.810861
0.770777
0.728788
0.685753
0.642442
0.599504
0.557463
0.516721
0.477567
0.440198
0.404732
0.371225
0.339687
0.310091
0.282388
0.256507
0.232367
0.20988
0.188954
0.169496
0.151415
0.134624
0.119038
0.104576
0.091165
0.0787346
0.0672222
0.0565721
0.0467384
0.0376877
0.0294056
0.0220429
0.0156244
0.0101402
0.00565903
0.00291559
0.00146916
0.000719876
0.000341383
0.000155972
6.83144e-05
2.85356e-05
1.1312e-05
4.25304e-06
1.56541e-06
6.67748e-07
3.7673e-07
2.49762e-07
1.69569e-07
1.12344e-07
7.159e-08
4.33904e-08
2.4732e-08
1.3129e-08
6.44845e-09
2.96228e-09
1.2924e-09
5.39302e-10
2.16674e-10
8.4301e-11
3.19165e-11
1.18054e-11
4.28002e-12
1.52497e-12
5.35172e-13
1.85333e-13
6.34377e-14
2.14925e-14
7.21605e-15
2.40312e-15
7.93981e-16
2.59847e-16
8.36747e-17
2.59237e-17
7.12063e-18
1.02906e-18
1
0.999999
0.999998
0.999994
0.999987
0.999972
0.999945
0.999895
0.999804
0.999645
0.999372
0.99891
0.998145
0.9969
0.99491
0.991793
0.987011
0.979853
0.969438
0.954778
0.9354
0.911072
0.881893
0.848321
0.811072
0.771011
0.72904
0.686021
0.642721
0.599793
0.55776
0.517023
0.477874
0.44051
0.405048
0.371544
0.340009
0.310416
0.282715
0.256837
0.232698
0.210211
0.189285
0.169826
0.151744
0.134951
0.119361
0.104895
0.0914792
0.0790427
0.0675232
0.0568649
0.0470217
0.0379599
0.0296644
0.0222695
0.0158293
0.0103161
0.00579302
0.00298658
0.00150627
0.000738861
0.000350819
0.000160509
7.04118e-05
2.94628e-05
1.17014e-05
4.40686e-06
1.62105e-06
6.86415e-07
3.84381e-07
2.54038e-07
1.72386e-07
1.14228e-07
7.28226e-08
4.41686e-08
2.51985e-08
1.33899e-08
6.58255e-09
3.0251e-09
1.31997e-09
5.50725e-10
2.21181e-10
8.60056e-11
3.25382e-11
1.2025e-11
4.35534e-12
1.55013e-12
5.43362e-13
1.87934e-13
6.42423e-14
2.17348e-14
7.28677e-15
2.42302e-15
7.99328e-16
2.61197e-16
8.39874e-17
2.59876e-17
7.1316e-18
1.0302e-18
1
0.999999
0.999998
0.999994
0.999987
0.999972
0.999945
0.999894
0.999804
0.999645
0.999371
0.998909
0.998144
0.9969
0.994912
0.9918
0.987026
0.979881
0.969486
0.954853
0.935506
0.911211
0.882068
0.848528
0.81131
0.77128
0.729329
0.686324
0.643038
0.60012
0.558095
0.517366
0.478224
0.440865
0.405408
0.37191
0.34038
0.310792
0.283096
0.257222
0.233088
0.2106
0.189673
0.170214
0.152131
0.135336
0.119743
0.105273
0.0918516
0.0794086
0.0678813
0.0572137
0.0473596
0.0382849
0.0299737
0.0225418
0.0160758
0.0105278
0.00595475
0.0030724
0.00155121
0.000761907
0.000362301
0.000166042
7.29766e-05
3.05999e-05
1.21803e-05
4.59665e-06
1.69018e-06
7.09706e-07
3.93782e-07
2.59216e-07
1.75792e-07
1.1651e-07
7.43168e-08
4.51114e-08
2.57631e-08
1.37054e-08
6.74466e-09
3.10101e-09
1.35325e-09
5.64507e-10
2.26613e-10
8.80579e-11
3.32856e-11
1.22886e-11
4.44565e-12
1.58025e-12
5.53154e-13
1.91038e-13
6.52016e-14
2.20232e-14
7.37089e-15
2.44668e-15
8.05685e-16
2.62804e-16
8.43602e-17
2.60643e-17
7.14491e-18
1.0316e-18
1
0.999999
0.999998
0.999994
0.999987
0.999972
0.999945
0.999894
0.999803
0.999644
0.99937
0.998908
0.998143
0.996899
0.994914
0.991806
0.98704
0.97991
0.969537
0.954935
0.935621
0.911362
0.882256
0.848752
0.811566
0.771556
0.729631
0.686649
0.64338
0.600476
0.558462
0.517741
0.478607
0.441255
0.405806
0.372315
0.340792
0.311211
0.28352
0.257649
0.233515
0.211036
0.190114
0.170658
0.152576
0.135779
0.120185
0.105711
0.0922845
0.0798348
0.0682991
0.0576215
0.0477552
0.0386659
0.0303369
0.0228632
0.0163671
0.0107784
0.00614674
0.00317448
0.0016048
0.000789463
0.000376069
0.000172697
7.60717e-05
3.19764e-05
1.27621e-05
4.82819e-06
1.77532e-06
7.38536e-07
4.05228e-07
2.65435e-07
1.7988e-07
1.19249e-07
7.61083e-08
4.62397e-08
2.64377e-08
1.40818e-08
6.93784e-09
3.19141e-09
1.39286e-09
5.80889e-10
2.33061e-10
9.04905e-11
3.41702e-11
1.26e-11
4.55212e-12
1.61569e-12
5.64654e-13
1.94678e-13
6.63245e-14
2.23604e-14
7.46915e-15
2.47431e-15
8.13116e-16
2.64687e-16
8.47997e-17
2.61557e-17
7.16111e-18
1.03334e-18
1
0.999999
0.999997
0.999994
0.999986
0.999972
0.999944
0.999893
0.999802
0.999643
0.999368
0.998906
0.998141
0.996898
0.994915
0.991811
0.987055
0.979939
0.96959
0.955021
0.935741
0.911522
0.882455
0.848989
0.811836
0.771856
0.729961
0.686996
0.643741
0.600849
0.558846
0.518136
0.479012
0.441671
0.406232
0.372752
0.341239
0.311668
0.283987
0.258128
0.233999
0.211525
0.190609
0.171157
0.153077
0.136282
0.120687
0.106211
0.0927799
0.0803238
0.0687796
0.0580914
0.0482121
0.0391068
0.0307579
0.0232381
0.0167074
0.0110717
0.00637204
0.00329459
0.00166805
0.0008221
0.000392435
0.000180638
7.9779e-05
3.36318e-05
1.34644e-05
5.10882e-06
1.87853e-06
7.73516e-07
4.18721e-07
2.72732e-07
1.84723e-07
1.22509e-07
7.82395e-08
4.7579e-08
2.72366e-08
1.45269e-08
7.16595e-09
3.29805e-09
1.43953e-09
6.00163e-10
2.40634e-10
9.33416e-11
3.52045e-11
1.29632e-11
4.676e-12
1.65682e-12
5.77966e-13
1.98881e-13
6.76185e-14
2.27484e-14
7.58206e-15
2.50605e-15
8.21657e-16
2.66858e-16
8.53095e-17
2.6263e-17
7.18058e-18
1.03548e-18
1
0.999999
0.999997
0.999994
0.999986
0.999972
0.999944
0.999893
0.999801
0.999641
0.999366
0.998903
0.998138
0.996895
0.994914
0.991815
0.987068
0.979968
0.969643
0.955109
0.935866
0.911685
0.882658
0.849229
0.81211
0.772158
0.730277
0.687342
0.644103
0.601224
0.559234
0.518537
0.479425
0.442097
0.406672
0.373206
0.341707
0.31215
0.284484
0.258628
0.234518
0.212056
0.191151
0.171707
0.153634
0.136844
0.12125
0.106774
0.0933394
0.0808778
0.0693257
0.0586267
0.0487337
0.0396111
0.0312404
0.0236708
0.0171009
0.0114118
0.00663432
0.00343492
0.00174226
0.000860562
0.000411812
0.000190084
8.42092e-05
3.56191e-05
1.43114e-05
5.44846e-06
2.00319e-06
8.12427e-07
4.34221e-07
2.81341e-07
1.90498e-07
1.26396e-07
8.07711e-08
4.91642e-08
2.81796e-08
1.50511e-08
7.43417e-09
3.42325e-09
1.49422e-09
6.22699e-10
2.49465e-10
9.66562e-11
3.64031e-11
1.33827e-11
4.81855e-12
1.70398e-12
5.93179e-13
2.03669e-13
6.90885e-14
2.3188e-14
7.7098e-15
2.54193e-15
8.31319e-16
2.6932e-16
8.58917e-17
2.63874e-17
7.20364e-18
1.03806e-18
1
0.999999
0.999997
0.999994
0.999986
0.999971
0.999943
0.999892
0.9998
0.999639
0.999364
0.9989
0.998134
0.996892
0.994912
0.991817
0.987078
0.979996
0.969697
0.955197
0.935989
0.911848
0.882859
0.849465
0.812376
0.772451
0.730589
0.687661
0.644448
0.601582
0.559605
0.518922
0.479826
0.442514
0.407106
0.373659
0.342183
0.312641
0.284983
0.259152
0.235065
0.212623
0.191734
0.172304
0.154243
0.13746
0.121873
0.107399
0.0939641
0.0814988
0.0699397
0.0592302
0.0493229
0.0401819
0.0317877
0.0241649
0.0175515
0.011803
0.00693821
0.00359847
0.0018293
0.000905968
0.000434824
0.000201367
8.95299e-05
3.80184e-05
1.53392e-05
5.86297e-06
2.1569e-06
8.61621e-07
4.5372e-07
2.91949e-07
1.975e-07
1.31057e-07
8.37864e-08
5.10437e-08
2.92942e-08
1.56692e-08
7.74954e-09
3.57013e-09
1.55819e-09
6.48971e-10
2.5972e-10
1.00488e-10
3.77824e-11
1.3863e-11
4.98101e-12
1.75747e-12
6.10356e-13
2.09052e-13
7.07349e-14
2.36788e-14
7.85207e-15
2.58183e-15
8.42069e-16
2.72067e-16
8.6546e-17
2.65291e-17
7.23054e-18
1.04114e-18
1
0.999999
0.999997
0.999994
0.999986
0.999971
0.999943
0.999891
0.999799
0.999637
0.999361
0.998896
0.99813
0.996888
0.99491
0.991819
0.98709
0.980024
0.969749
0.955287
0.936113
0.912006
0.883051
0.849686
0.812621
0.772714
0.730868
0.687948
0.644735
0.601888
0.559928
0.519264
0.480184
0.44289
0.407501
0.374074
0.342612
0.313099
0.285482
0.259689
0.23563
0.213213
0.192348
0.172939
0.154896
0.138128
0.122552
0.108085
0.0946539
0.0821877
0.0706232
0.0599039
0.0499819
0.0408207
0.0323998
0.0247233
0.0180602
0.0122467
0.00729341
0.00379204
0.00193327
0.00096057
0.000462649
0.000215073
9.60219e-05
4.09582e-05
1.66041e-05
6.37586e-06
2.34948e-06
9.25921e-07
4.78867e-07
3.05157e-07
2.06024e-07
1.36669e-07
8.73942e-08
5.32834e-08
3.06175e-08
1.63999e-08
8.12064e-09
3.7422e-09
1.63276e-09
6.79423e-10
2.71535e-10
1.04876e-10
3.93514e-11
1.4406e-11
5.16348e-12
1.81718e-12
6.29417e-13
2.14993e-13
7.25427e-14
2.42154e-14
8.00704e-15
2.6252e-15
8.5374e-16
2.75055e-16
8.72611e-17
2.66856e-17
7.26081e-18
1.04466e-18
1
0.999999
0.999997
0.999994
0.999986
0.999971
0.999942
0.99989
0.999797
0.999635
0.999358
0.998893
0.998126
0.996883
0.994906
0.991819
0.9871
0.980048
0.969799
0.95537
0.936226
0.912149
0.883219
0.849875
0.812824
0.772925
0.731084
0.688171
0.644958
0.602113
0.560158
0.519499
0.480437
0.443168
0.407812
0.374423
0.34301
0.313543
0.285969
0.260213
0.23619
0.213809
0.192977
0.173599
0.155583
0.138839
0.123281
0.108829
0.0954065
0.0829444
0.0713784
0.0606516
0.0507155
0.0415319
0.0330776
0.0253516
0.0186138
0.0126946
0.00776599
0.00404307
0.00206578
0.00102942
0.000497529
0.000232208
0.000104132
4.46343e-05
1.81892e-05
7.02081e-06
2.59358e-06
1.00982e-06
5.11082e-07
3.21482e-07
2.16382e-07
1.43452e-07
9.17429e-08
5.59745e-08
3.22003e-08
1.72688e-08
8.55879e-09
3.94418e-09
1.71973e-09
7.14688e-10
2.85114e-10
1.09878e-10
4.11255e-11
1.50146e-11
5.36626e-12
1.88297e-12
6.50242e-13
2.21431e-13
7.44871e-14
2.47886e-14
8.17156e-15
2.671e-15
8.66024e-16
2.78194e-16
8.80135e-17
2.68513e-17
7.29316e-18
1.04846e-18
1
0.999999
0.999997
0.999993
0.999986
0.99997
0.999941
0.999889
0.999796
0.999633
0.999355
0.998889
0.998122
0.996881
0.994907
0.991826
0.987117
0.980083
0.969859
0.955466
0.936344
0.912283
0.883363
0.85002
0.812961
0.773051
0.731199
0.688275
0.645061
0.602216
0.56027
0.519631
0.480596
0.443361
0.408045
0.374701
0.343337
0.31392
0.286395
0.260689
0.236716
0.214385
0.1936
0.174265
0.156288
0.139578
0.124049
0.10962
0.0962151
0.0837645
0.0722037
0.0614755
0.0515308
0.0423303
0.0338489
0.026082
0.0192778
0.0132759
0.00823665
0.00432635
0.00221966
0.00111104
0.000539556
0.000253093
0.00011411
4.91929e-05
2.01685e-05
7.8314e-06
2.90182e-06
1.11414e-06
5.51257e-07
3.41556e-07
2.29019e-07
1.51694e-07
9.70059e-08
5.92115e-08
3.40875e-08
1.82935e-08
9.06883e-09
4.1767e-09
1.81868e-09
7.54327e-10
3.00191e-10
1.15365e-10
4.30479e-11
1.56665e-11
5.58097e-12
1.95188e-12
6.71823e-13
2.28036e-13
7.64627e-14
2.53656e-14
8.33583e-15
2.71639e-15
8.78113e-16
2.81264e-16
8.87449e-17
2.70114e-17
7.32421e-18
1.05209e-18
1
0.999999
0.999997
0.999993
0.999985
0.99997
0.99994
0.999887
0.999793
0.999629
0.99935
0.998883
0.998116
0.996874
0.994902
0.991827
0.987127
0.980105
0.969903
0.95553
0.936417
0.912361
0.883437
0.850077
0.812998
0.773066
0.731191
0.688247
0.645019
0.602166
0.56022
0.519587
0.480575
0.443378
0.40811
0.374824
0.343522
0.314171
0.286715
0.261079
0.237175
0.214909
0.194187
0.17491
0.156986
0.140323
0.124835
0.110441
0.0970634
0.0846334
0.0730863
0.0623649
0.0524196
0.0432108
0.0347126
0.0269192
0.0200083
0.0139368
0.00879163
0.00471637
0.00242529
0.00121795
0.000593913
0.000279903
0.00012687
5.50149e-05
2.26987e-05
8.87047e-06
3.29995e-06
1.25223e-06
6.03486e-07
3.66481e-07
2.44324e-07
1.61618e-07
1.03329e-07
6.30836e-08
3.63299e-08
1.95017e-08
9.6653e-09
4.44677e-09
1.93274e-09
7.99615e-10
3.17241e-10
1.21497e-10
4.51682e-11
1.6375e-11
5.81067e-12
2.02435e-12
6.94125e-13
2.34738e-13
7.84304e-14
2.59298e-14
8.49357e-15
2.75927e-15
8.89417e-16
2.84082e-16
8.93973e-17
2.71482e-17
7.34929e-18
1.05488e-18
1
0.999999
0.999997
0.999993
0.999985
0.999969
0.999939
0.999885
0.99979
0.999625
0.999345
0.998877
0.99811
0.996871
0.994903
0.991837
0.987152
0.980154
0.969978
0.955637
0.936525
0.912447
0.883484
0.850078
0.812942
0.772943
0.731004
0.688004
0.644733
0.601856
0.559907
0.51929
0.480293
0.443156
0.407955
0.374741
0.343515
0.314249
0.286884
0.261339
0.237524
0.215344
0.194702
0.175501
0.157645
0.141043
0.125608
0.11126
0.0979207
0.0855209
0.0739963
0.0632893
0.0533503
0.0441391
0.0356286
0.0278108
0.0208051
0.0146639
0.00941595
0.00518553
0.00267339
0.00134732
0.000659925
0.000312597
0.000142505
6.21896e-05
2.58367e-05
1.01684e-05
3.80095e-06
1.42623e-06
6.64985e-07
3.95198e-07
2.62013e-07
1.73207e-07
1.10712e-07
6.75594e-08
3.88792e-08
2.08456e-08
1.03107e-08
4.7315e-09
2.04958e-09
8.44602e-10
3.3365e-10
1.27215e-10
4.70851e-11
1.7e-11
6.01486e-12
2.08826e-12
7.1347e-13
2.40409e-13
8.00424e-14
2.63739e-14
8.61155e-15
2.78913e-15
8.96395e-16
2.85602e-16
8.96889e-17
2.71913e-17
7.35239e-18
1.05476e-18
1
0.999999
0.999997
0.999993
0.999984
0.999968
0.999937
0.999882
0.999785
0.999618
0.999336
0.998866
0.998096
0.996856
0.994891
0.991828
0.987151
0.980163
0.969993
0.955654
0.936505
0.912372
0.883334
0.849829
0.81258
0.77247
0.73043
0.687351
0.644028
0.601129
0.559191
0.518621
0.479696
0.442584
0.407488
0.374388
0.343282
0.31413
0.286872
0.261436
0.23773
0.215654
0.195109
0.175998
0.158223
0.141694
0.126323
0.11203
0.0987371
0.0863751
0.0748798
0.0641939
0.0542673
0.0450593
0.0365419
0.0287049
0.0216225
0.0154143
0.0100687
0.00568717
0.00294147
0.00148866
0.000732853
0.000349122
0.000160173
7.03925e-05
2.94681e-05
1.16895e-05
4.3961e-06
1.63567e-06
7.31688e-07
4.26649e-07
2.81863e-07
1.86452e-07
1.19225e-07
7.27507e-08
4.18536e-08
2.24249e-08
1.10751e-08
5.07127e-09
2.19145e-09
9.01696e-10
3.54869e-10
1.34621e-10
4.95369e-11
1.77686e-11
6.23361e-12
2.14927e-12
7.29967e-13
2.44727e-13
8.11302e-14
2.66345e-14
8.66982e-15
2.80085e-15
8.98336e-16
2.85724e-16
8.96001e-17
2.71343e-17
7.33134e-18
1.05136e-18
1
0.999999
0.999997
0.999992
0.999983
0.999966
0.999935
0.999879
0.999781
0.999612
0.999328
0.998857
0.998089
0.996854
0.994897
0.991853
0.987199
0.980242
0.970105
0.955784
0.936593
0.912366
0.883184
0.849505
0.81207
0.771782
0.729587
0.686388
0.642985
0.600048
0.558112
0.517583
0.478746
0.441764
0.406718
0.37375
0.342781
0.313773
0.286659
0.261356
0.237769
0.215808
0.19537
0.176354
0.158666
0.142214
0.12691
0.112674
0.0994297
0.0871077
0.0756442
0.0649822
0.0550715
0.0458713
0.0373522
0.0295019
0.0223717
0.0161022
0.0106606
0.00615416
0.00319408
0.00162362
0.00080348
0.000385026
0.000177814
7.87181e-05
3.32173e-05
1.32878e-05
5.0331e-06
1.8646e-06
8.06458e-07
4.60113e-07
3.02377e-07
1.99982e-07
1.2779e-07
7.78373e-08
4.46482e-08
2.38208e-08
1.16997e-08
5.33345e-09
2.29296e-09
9.34369e-10
3.6452e-10
1.37389e-10
5.022e-11
1.79172e-11
6.2628e-12
2.15189e-12
7.28699e-13
2.43707e-13
8.06358e-14
2.64339e-14
8.59593e-15
2.7753e-15
8.89887e-16
2.83014e-16
8.87502e-17
2.68826e-17
7.26494e-18
1.04197e-18
1
0.999999
0.999997
0.999992
0.999983
0.999965
0.999933
0.999876
0.999775
0.999604
0.999317
0.998842
0.998071
0.996834
0.99488
0.991838
0.987187
0.980224
0.970064
0.955687
0.936353
0.911912
0.882462
0.8485
0.810804
0.77031
0.727979
0.684714
0.641311
0.598432
0.556599
0.516204
0.477524
0.440737
0.405916
0.37306
0.342221
0.313344
0.286358
0.261177
0.237706
0.215844
0.195493
0.176554
0.158933
0.142539
0.127284
0.11309
0.0998803
0.0875864
0.0761453
0.0655
0.0556007
0.0464063
0.0378869
0.0300284
0.0228747
0.0165665
0.0110686
0.00647427
0.00336877
0.00171801
0.000853552
0.000410887
0.000190756
8.49579e-05
3.60967e-05
1.455e-05
5.55228e-06
2.05824e-06
8.70617e-07
4.87455e-07
3.19614e-07
2.12352e-07
1.36373e-07
8.34285e-08
4.80189e-08
2.56639e-08
1.25849e-08
5.69774e-09
2.4225e-09
9.77758e-10
3.78364e-10
1.41176e-10
5.12208e-11
1.81406e-11
6.29972e-12
2.15246e-12
7.25562e-13
2.41809e-13
7.98139e-14
2.61268e-14
8.49109e-15
2.74178e-15
8.79732e-16
2.8009e-16
8.79543e-17
2.66707e-17
7.21382e-18
1.03507e-18
)
;

boundaryField
{
    fuel
    {
        type            fixedValue;
        value           uniform 1;
    }
    air
    {
        type            fixedValue;
        value           uniform 0;
    }
    outlet
    {
        type            inletOutlet;
        inletValue      uniform 0;
        value           nonuniform List<scalar> 
200
(
1
0.999999
0.999997
0.999992
0.999983
0.999966
0.999933
0.999876
0.999776
0.999605
0.999319
0.998846
0.998077
0.996845
0.994897
0.991867
0.987233
0.980297
0.970174
0.955849
0.936576
0.912203
0.882822
0.848923
0.811283
0.770832
0.728535
0.685295
0.641906
0.599032
0.557195
0.516791
0.478096
0.441293
0.406445
0.373566
0.342701
0.313798
0.286786
0.261579
0.238082
0.216194
0.195819
0.176858
0.159215
0.142799
0.127525
0.113311
0.100084
0.0877737
0.0763172
0.0656576
0.0557449
0.0465381
0.0380069
0.030137
0.0229706
0.0166505
0.0111392
0.00652753
0.00339735
0.00173316
0.000861431
0.000414875
0.000192712
8.5881e-05
3.65138e-05
1.4729e-05
5.62459e-06
2.08521e-06
8.79845e-07
4.91346e-07
3.21931e-07
2.13952e-07
1.37467e-07
8.41433e-08
4.84585e-08
2.59152e-08
1.27169e-08
5.76042e-09
2.45022e-09
9.8917e-10
3.82874e-10
1.42867e-10
5.18348e-11
1.83572e-11
6.37449e-12
2.17782e-12
7.34039e-13
2.44599e-13
8.07208e-14
2.64183e-14
8.5838e-15
2.77098e-15
8.88844e-16
2.82905e-16
8.88099e-17
2.69223e-17
7.28027e-18
1.04449e-18
1
0.999999
0.999997
0.999992
0.999983
0.999965
0.999933
0.999876
0.999775
0.999604
0.999317
0.998842
0.998071
0.996834
0.99488
0.991838
0.987187
0.980224
0.970064
0.955687
0.936353
0.911912
0.882462
0.8485
0.810804
0.77031
0.727979
0.684714
0.641311
0.598432
0.556599
0.516204
0.477524
0.440737
0.405916
0.37306
0.342221
0.313344
0.286358
0.261177
0.237706
0.215844
0.195493
0.176554
0.158933
0.142539
0.127284
0.11309
0.0998803
0.0875864
0.0761453
0.0655
0.0556007
0.0464063
0.0378869
0.0300284
0.0228747
0.0165665
0.0110686
0.00647427
0.00336877
0.00171801
0.000853552
0.000410887
0.000190756
8.49579e-05
3.60967e-05
1.455e-05
5.55228e-06
2.05824e-06
8.70617e-07
4.87455e-07
3.19614e-07
2.12352e-07
1.36373e-07
8.34285e-08
4.80189e-08
2.56639e-08
1.25849e-08
5.69774e-09
2.4225e-09
9.77758e-10
3.78364e-10
1.41176e-10
5.12208e-11
1.81406e-11
6.29972e-12
2.15246e-12
7.25562e-13
2.41809e-13
7.98139e-14
2.61268e-14
8.49109e-15
2.74178e-15
8.79732e-16
2.8009e-16
8.79543e-17
2.66707e-17
7.21382e-18
1.03507e-18
)
;
    }
    frontAndBack
    {
        type            empty;
    }
}


// ************************************************************************* //
