/*--------------------------------*- C++ -*----------------------------------*\
  =========                 |
  \\      /  F ield         | OpenFOAM: The Open Source CFD Toolbox
   \\    /   O peration     | Website:  https://openfoam.org
    \\  /    A nd           | Version:  11
     \\/     M anipulation  |
\*---------------------------------------------------------------------------*/
FoamFile
{
    format      ascii;
    class       volScalarField;
    location    "0.05";
    object      CO2;
}
// * * * * * * * * * * * * * * * * * * * * * * * * * * * * * * * * * * * * * //

dimensions      [0 0 0 0 0 0 0];

internalField   nonuniform List<scalar> 
4000
(
1.54104e-13
1.01773e-12
3.49092e-12
1.048e-11
3.00076e-11
8.40802e-11
2.32595e-10
6.37168e-10
1.72973e-09
4.65249e-09
1.23908e-08
3.26478e-08
8.50197e-08
2.18375e-07
5.51384e-07
1.36242e-06
3.28232e-06
7.67362e-06
1.73085e-05
3.74131e-05
7.6422e-05
0.000145857
0.000261036
0.000439848
0.000701375
0.00106446
0.00154652
0.00216255
0.00292484
0.00384281
0.00492318
0.00617019
0.00758598
0.00917099
0.0109201
0.0128265
0.0148942
0.0171174
0.0194896
0.0220038
0.0246538
0.0274221
0.0303107
0.0333124
0.0364186
0.0396199
0.0429066
0.0462686
0.049695
0.053174
0.0566907
0.0602273
0.0637591
0.0672497
0.0706433
0.0738506
0.0767108
0.0789476
0.0802206
0.0798338
0.0764885
0.0701396
0.0625601
0.0546977
0.047062
0.0399101
0.0333652
0.0274792
0.0222679
0.0177356
0.0138468
0.0104969
0.00767838
0.00541111
0.00365008
0.00234014
0.00141551
0.000802141
0.00042323
0.000209705
9.91508e-05
4.50877e-05
1.98382e-05
8.48839e-06
3.54659e-06
1.45163e-06
5.83789e-07
2.31149e-07
9.0233e-08
3.47489e-08
1.32137e-08
4.96374e-09
1.84229e-09
6.75378e-10
2.44272e-10
8.68788e-11
3.01144e-11
9.9152e-12
2.84674e-12
4.20881e-13
1.61442e-13
1.06761e-12
3.67179e-12
1.10628e-11
3.18057e-11
8.94914e-11
2.48548e-10
6.83251e-10
1.85996e-09
5.01153e-09
1.33517e-08
3.51204e-08
9.10357e-08
2.32246e-07
5.83351e-07
1.43465e-06
3.43937e-06
7.99874e-06
1.79507e-05
3.86303e-05
7.85096e-05
0.000149147
0.000266352
0.000448048
0.000713423
0.00108145
0.00156957
0.002193
0.00296413
0.00389244
0.00498465
0.00624496
0.00767543
0.00927202
0.0110293
0.0129595
0.0150491
0.0172938
0.0196863
0.0222145
0.0248659
0.0276554
0.0305667
0.0335901
0.0367166
0.0399368
0.0432413
0.0466199
0.0500618
0.0535548
0.057084
0.0606307
0.0641698
0.0676631
0.0710524
0.0742429
0.0770651
0.0792328
0.0803874
0.0797878
0.076071
0.069534
0.06187
0.0539843
0.0463608
0.0392423
0.0327441
0.0269134
0.0217639
0.0172985
0.0134725
0.0101756
0.00742
0.00521217
0.00350501
0.00224126
0.00135351
0.000767112
0.000405966
0.000202489
9.65732e-05
4.42696e-05
1.96269e-05
8.45782e-06
3.55736e-06
1.4652e-06
5.92139e-07
2.35233e-07
9.19902e-08
3.54667e-08
1.34894e-08
5.06404e-09
1.87701e-09
6.86833e-10
2.47871e-10
8.79503e-11
3.04151e-11
9.99727e-12
2.86686e-12
4.23619e-13
1.71883e-13
1.13751e-12
3.91821e-12
1.18293e-11
3.40853e-11
9.61133e-11
2.67454e-10
7.36382e-10
2.00691e-09
5.41145e-09
1.44233e-08
3.79553e-08
9.84797e-08
2.51293e-07
6.2793e-07
1.53546e-06
3.66095e-06
8.46518e-06
1.89152e-05
4.05606e-05
8.20518e-05
0.000155596
0.000276358
0.000462492
0.000733304
0.00110801
0.00160433
0.00223764
0.00302054
0.00396267
0.00507086
0.00634955
0.0077975
0.00940989
0.0112015
0.0131571
0.0152716
0.0175357
0.0199422
0.0224869
0.0251819
0.0280067
0.0309511
0.0340064
0.0371635
0.0404131
0.0437456
0.0471506
0.0506173
0.054133
0.0576824
0.0612457
0.0647963
0.0682941
0.0716762
0.0748414
0.0776019
0.0796656
0.0806387
0.0797266
0.0754699
0.0686714
0.0609016
0.0530007
0.0454138
0.0383618
0.0319473
0.02621
0.0211592
0.0167945
0.0130576
0.00983661
0.0071631
0.00502724
0.00338007
0.0021632
0.00130923
0.000744773
0.000396186
0.000198529
9.51865e-05
4.38907e-05
1.9564e-05
8.47108e-06
3.57734e-06
1.47789e-06
5.98672e-07
2.38332e-07
9.33587e-08
3.6025e-08
1.3706e-08
5.14459e-09
1.90584e-09
6.96794e-10
2.51203e-10
8.90337e-11
3.07577e-11
1.00989e-11
2.89356e-12
4.27385e-13
1.82204e-13
1.20586e-12
4.15407e-12
1.25428e-11
3.61433e-11
1.01912e-10
2.83531e-10
7.8032e-10
2.12521e-09
5.72463e-09
1.52357e-08
4.00063e-08
1.03455e-07
2.63079e-07
6.57222e-07
1.60582e-06
3.81949e-06
8.81954e-06
1.96291e-05
4.18661e-05
8.43441e-05
0.000159335
0.000282785
0.000473435
0.000750429
0.00113324
0.00163968
0.00228537
0.00308293
0.00404177
0.00516818
0.00646533
0.00793227
0.00957859
0.0113911
0.0133663
0.0154987
0.0177826
0.0202268
0.0228262
0.0255598
0.0284206
0.0314005
0.0344907
0.0376819
0.0409647
0.044329
0.0477641
0.0512589
0.0547999
0.0583714
0.0619526
0.0655147
0.0690147
0.0723855
0.0755186
0.0781988
0.0801449
0.0809203
0.0796606
0.0748321
0.0677634
0.0598915
0.0519855
0.0444472
0.0374735
0.0311528
0.0255164
0.0205692
0.0163068
0.0126548
0.00950671
0.00691109
0.00484239
0.00325097
0.00207816
0.00125693
0.000715105
0.000380846
0.000191214
9.19096e-05
4.25245e-05
1.90357e-05
8.28079e-06
3.51337e-06
1.4582e-06
5.93408e-07
2.3708e-07
9.31449e-08
3.60285e-08
1.37321e-08
5.16096e-09
1.9135e-09
6.99947e-10
2.52402e-10
8.9462e-11
3.09004e-11
1.01434e-11
2.90568e-12
4.29112e-13
1.92451e-13
1.2736e-12
4.38705e-12
1.32452e-11
3.81662e-11
1.07619e-10
2.99434e-10
8.24159e-10
2.24474e-09
6.04668e-09
1.60925e-08
4.22591e-08
1.09327e-07
2.78116e-07
6.93258e-07
1.68826e-06
4.01181e-06
9.24879e-06
2.05611e-05
4.37908e-05
8.78755e-05
0.000165178
0.000291738
0.000486292
0.000769597
0.00116044
0.0016772
0.00233525
0.00314715
0.00412189
0.00526537
0.00658036
0.00807154
0.00973447
0.0115649
0.0135665
0.0157366
0.018074
0.0205612
0.0231929
0.0259611
0.0288574
0.0318728
0.0349981
0.0382239
0.04154
0.0449361
0.0484012
0.0519235
0.0554891
0.0590815
0.0626786
0.0662498
0.0697492
0.0731049
0.076201
0.0787905
0.0806133
0.0811835
0.0795674
0.0742029
0.0668886
0.0589306
0.0510286
0.0435433
0.0366487
0.03042
0.0248809
0.0200325
0.0158659
0.0122898
0.00920961
0.00668557
0.00467801
0.00313694
0.0020036
0.00121148
0.000689555
0.000367754
0.000185005
8.91573e-05
4.13747e-05
1.85798e-05
8.10822e-06
3.45075e-06
1.43622e-06
5.85875e-07
2.34649e-07
9.23969e-08
3.58097e-08
1.36719e-08
5.14561e-09
1.90997e-09
6.99242e-10
2.52296e-10
8.94609e-11
3.09109e-11
1.01492e-11
2.90759e-12
4.29381e-13
2.02106e-13
1.33745e-12
4.60612e-12
1.38998e-11
4.00286e-11
1.12821e-10
3.13787e-10
8.63359e-10
2.35062e-09
6.32903e-09
1.68342e-08
4.41722e-08
1.14144e-07
2.8983e-07
7.21855e-07
1.7595e-06
4.17101e-06
9.58861e-06
2.12554e-05
4.51637e-05
9.04058e-05
0.000169648
0.000299297
0.000498182
0.0007863
0.00118413
0.00170997
0.00237918
0.00320551
0.00419584
0.00535724
0.00669357
0.00820715
0.00989846
0.0117689
0.0138092
0.0160146
0.0183798
0.0208981
0.0235625
0.0263644
0.0292947
0.0323442
0.0355032
0.0387617
0.0421093
0.0455351
0.0490278
0.0525753
0.0561627
0.059773
0.0633829
0.0669598
0.0704548
0.0737915
0.0768461
0.0793348
0.0810254
0.0813743
0.0793735
0.0735706
0.0660633
0.0580459
0.0501595
0.0427295
0.0359107
0.0297674
0.0243169
0.0195569
0.0154733
0.011965
0.00894791
0.00648477
0.0045303
0.00303329
0.00193476
0.00116858
0.000664693
0.000354482
0.000178454
8.61169e-05
4.00384e-05
1.80199e-05
7.88329e-06
3.36368e-06
1.40362e-06
5.74032e-07
2.30466e-07
9.0958e-08
3.53267e-08
1.35136e-08
5.09491e-09
1.89411e-09
6.94406e-10
2.50863e-10
8.90496e-11
3.07956e-11
1.01179e-11
2.89968e-12
4.2825e-13
2.10307e-13
1.39167e-12
4.7945e-12
1.44847e-11
4.17541e-11
1.17709e-10
3.27279e-10
9.00318e-10
2.45091e-09
6.59819e-09
1.75473e-08
4.60342e-08
1.18934e-07
3.01967e-07
7.51129e-07
1.82852e-06
4.33361e-06
9.95654e-06
2.20478e-05
4.67692e-05
9.33716e-05
0.000174789
0.000307657
0.000511133
0.000805574
0.00121108
0.00174587
0.00242654
0.00326477
0.00426954
0.00544966
0.00680912
0.00835005
0.0100741
0.0119736
0.0140452
0.0162834
0.0186808
0.0212299
0.023924
0.0267569
0.0297189
0.0328001
0.0359901
0.0392786
0.0426548
0.0461074
0.0496246
0.0531939
0.0567996
0.0604242
0.0640429
0.0676212
0.071107
0.0744185
0.0774229
0.0798188
0.0813585
0.0814556
0.0790071
0.072912
0.0652823
0.0572381
0.0493797
0.0420064
0.0352589
0.0291931
0.0238216
0.0191397
0.0151274
0.0116786
0.00871895
0.00630824
0.00439977
0.00294127
0.00187335
0.00113011
0.000642276
0.000342425
0.000172464
8.33114e-05
3.8791e-05
1.74896e-05
7.66647e-06
3.27798e-06
1.37075e-06
5.61762e-07
2.25998e-07
8.93685e-08
3.47735e-08
1.3325e-08
5.032e-09
1.87355e-09
6.8784e-10
2.48816e-10
8.84275e-11
3.06117e-11
1.00654e-11
2.88598e-12
4.26281e-13
2.18114e-13
1.44295e-12
4.96766e-12
1.49902e-11
4.32029e-11
1.21945e-10
3.39569e-10
9.34474e-10
2.54329e-09
6.84561e-09
1.82021e-08
4.77413e-08
1.23307e-07
3.1297e-07
7.78543e-07
1.89147e-06
4.48077e-06
1.02816e-05
2.27361e-05
4.81634e-05
9.60113e-05
0.000179507
0.000315578
0.000523691
0.000824433
0.00123805
0.00178322
0.00247579
0.00332598
0.00434826
0.00554699
0.00692688
0.0084888
0.01023
0.0121528
0.0142519
0.0165207
0.0189552
0.0215405
0.0242677
0.0271298
0.0301212
0.0332314
0.0364496
0.0397651
0.0431667
0.0466428
0.0501813
0.053769
0.0573899
0.0610253
0.0646495
0.068226
0.0716997
0.0749835
0.0779349
0.0802404
0.081632
0.0814821
0.0785781
0.0722712
0.0645619
0.0565118
0.0486878
0.0413699
0.034688
0.0286915
0.0233896
0.0187762
0.0148253
0.0114278
0.00851873
0.00615348
0.00428483
0.00285979
0.00181862
0.00109555
0.000621915
0.000331327
0.000166885
8.06634e-05
3.75961e-05
1.69738e-05
7.45217e-06
3.1919e-06
1.33719e-06
5.4903e-07
2.21286e-07
8.76641e-08
3.41704e-08
1.31161e-08
4.96109e-09
1.84999e-09
6.80177e-10
2.4638e-10
8.76717e-11
3.03832e-11
9.99869e-12
2.86831e-12
4.23733e-13
2.25971e-13
1.49467e-12
5.14384e-12
1.55137e-11
4.4658e-11
1.25818e-10
3.50098e-10
9.64481e-10
2.62736e-09
7.07449e-09
1.88132e-08
4.93452e-08
1.27447e-07
3.2349e-07
8.05052e-07
1.95726e-06
4.63004e-06
1.0611e-05
2.34354e-05
4.95813e-05
9.86704e-05
0.000184175
0.000323298
0.000535816
0.000842596
0.00126411
0.00181918
0.00252182
0.00338829
0.00442721
0.00564508
0.00704537
0.00862925
0.0103956
0.0123418
0.0144632
0.0167546
0.0192072
0.0218198
0.0245829
0.0274766
0.0304959
0.0336326
0.0368763
0.0402159
0.0436399
0.0471365
0.0506932
0.0542966
0.05793
0.0615737
0.0652017
0.0687756
0.0722376
0.0754957
0.0783939
0.0806201
0.0818806
0.081502
0.0781988
0.0717066
0.0639291
0.0558763
0.0480841
0.0408159
0.0341918
0.028256
0.0230146
0.0184604
0.0145628
0.0112089
0.00834394
0.00601816
0.00418403
0.00278807
0.00177025
0.00106486
0.000603745
0.000321359
0.00016185
7.82588e-05
3.65034e-05
1.64981e-05
7.25273e-06
3.11098e-06
1.3053e-06
5.36792e-07
2.16702e-07
8.59859e-08
3.35692e-08
1.29052e-08
4.8886e-09
1.82559e-09
6.72135e-10
2.43788e-10
8.68548e-11
3.01322e-11
9.92428e-12
2.84836e-12
4.20845e-13
2.33646e-13
1.54529e-12
5.31718e-12
1.60334e-11
4.61458e-11
1.29989e-10
3.61374e-10
9.93945e-10
2.70786e-09
7.29001e-09
1.93849e-08
5.08395e-08
1.3128e-07
3.33101e-07
8.28459e-07
2.01189e-06
4.75809e-06
1.09019e-05
2.40656e-05
5.08768e-05
0.000101136
0.000188564
0.000330629
0.000547377
0.00085994
0.00128903
0.00185284
0.00256773
0.00344752
0.00450168
0.00573662
0.00715579
0.00876013
0.0105484
0.0125177
0.0146632
0.0169792
0.0194585
0.0220929
0.0248732
0.0277966
0.0308406
0.0340012
0.0372675
0.0406282
0.0440718
0.0475862
0.0511588
0.0547754
0.0584194
0.0620704
0.0657012
0.0692723
0.0727233
0.0759584
0.0788067
0.0809634
0.0821084
0.0815289
0.0778828
0.0712294
0.0633908
0.0553335
0.0475671
0.0403403
0.0337651
0.0278808
0.0226912
0.0181879
0.0143353
0.0110187
0.00819189
0.00590026
0.00409598
0.00272523
0.00172771
0.00103776
0.000587626
0.000312465
0.000157335
7.60906e-05
3.55119e-05
1.60637e-05
7.06929e-06
3.036e-06
1.27553e-06
5.25274e-07
2.12353e-07
8.43803e-08
3.2989e-08
1.26999e-08
4.81743e-09
1.80141e-09
6.64093e-10
2.41169e-10
8.60205e-11
2.98728e-11
9.84654e-12
2.82737e-12
4.17798e-13
2.40458e-13
1.59019e-12
5.47079e-12
1.64935e-11
4.74621e-11
1.33679e-10
3.71589e-10
1.02193e-09
2.78157e-09
7.48899e-09
1.99147e-08
5.22259e-08
1.34848e-07
3.42095e-07
8.50253e-07
2.06576e-06
4.88366e-06
1.11836e-05
2.46702e-05
5.21109e-05
0.000103469
0.000192702
0.000337532
0.000558259
0.000876258
0.0013122
0.00188432
0.00261065
0.00350285
0.00457105
0.00582169
0.00725817
0.00888128
0.0106896
0.0126798
0.014847
0.017185
0.0196865
0.0223432
0.0251463
0.0280869
0.0311537
0.0343356
0.0376218
0.0410012
0.0444618
0.0479916
0.0515777
0.0552056
0.0588586
0.0625155
0.0661484
0.0697165
0.0731573
0.0763716
0.0791749
0.0812703
0.0823143
0.0815603
0.0776189
0.0708266
0.0629347
0.0548725
0.047127
0.0399347
0.0334003
0.0275595
0.0224137
0.017954
0.014139
0.010854
0.00806015
0.00579796
0.00401944
0.00267047
0.00169055
0.00101402
0.000573456
0.000304618
0.000153338
7.41637e-05
3.46271e-05
1.56742e-05
6.90398e-06
2.96806e-06
1.24839e-06
5.14711e-07
2.08338e-07
8.28883e-08
3.24463e-08
1.25065e-08
4.74989e-09
1.7783e-09
6.56341e-10
2.38622e-10
8.52013e-11
2.96156e-11
9.7687e-12
2.80619e-12
4.14716e-13
2.46453e-13
1.62972e-12
5.60605e-12
1.6899e-11
4.86242e-11
1.36947e-10
3.80685e-10
1.04701e-09
2.84939e-09
7.67145e-09
2.03975e-08
5.349e-08
1.38105e-07
3.50354e-07
8.70652e-07
2.11452e-06
4.99766e-06
1.14399e-05
2.52218e-05
5.324e-05
0.000105613
0.000196515
0.000343901
0.000568296
0.000891281
0.00133313
0.00191396
0.00264971
0.00355337
0.00463448
0.00589941
0.00735148
0.00899137
0.0108175
0.0128264
0.0150129
0.0173708
0.0198925
0.0225693
0.0253916
0.0283486
0.0314356
0.0346359
0.0379394
0.0413347
0.04481
0.0483529
0.0519505
0.055588
0.0592484
0.0629101
0.0665445
0.0701095
0.0735409
0.0767366
0.0794996
0.0815415
0.0824978
0.0815927
0.0773974
0.070486
0.0625485
0.0544816
0.0467534
0.0395899
0.0330899
0.0272856
0.0221769
0.0177544
0.0139704
0.0107121
0.00794658
0.00570966
0.00395325
0.00262303
0.00165829
0.000993366
0.000561097
0.000297756
0.000149832
7.24685e-05
3.38459e-05
1.5329e-05
6.75692e-06
2.90736e-06
1.22404e-06
5.05186e-07
2.047e-07
8.1529e-08
3.1949e-08
1.23282e-08
4.68728e-09
1.75674e-09
6.49061e-10
2.36212e-10
8.442e-11
2.9368e-11
9.69319e-12
2.78553e-12
4.11704e-13
2.51731e-13
1.66453e-12
5.7253e-12
1.7257e-11
4.96517e-11
1.3984e-10
3.88749e-10
1.0693e-09
2.91075e-09
7.83548e-09
2.08336e-08
5.46329e-08
1.41051e-07
3.57761e-07
8.89185e-07
2.1591e-06
5.10157e-06
1.16731e-05
2.57227e-05
5.42634e-05
0.000107552
0.000199958
0.000349645
0.000577339
0.000904651
0.00135278
0.00194081
0.00268513
0.00359882
0.00469141
0.00596911
0.00743511
0.00908993
0.0109318
0.0129572
0.0151607
0.0175358
0.0200749
0.0227692
0.0256094
0.0285855
0.0316868
0.0349021
0.0382201
0.041629
0.0451169
0.048671
0.0522782
0.0559237
0.0595902
0.0632558
0.066891
0.0704529
0.0738759
0.0770552
0.0797826
0.0817781
0.0826588
0.0816236
0.0772116
0.0701987
0.0622223
0.0541514
0.0464377
0.0392983
0.032827
0.0270534
0.0219759
0.0175843
0.0138274
0.0105908
0.00784936
0.00563399
0.00389646
0.00258226
0.00163052
0.000975557
0.000550424
0.000291817
0.000146793
7.09949e-05
3.3165e-05
1.50272e-05
6.62792e-06
2.85393e-06
1.20252e-06
4.96738e-07
2.01459e-07
8.0313e-08
3.15022e-08
1.21673e-08
4.63046e-09
1.73706e-09
6.42378e-10
2.33986e-10
8.36932e-11
2.91362e-11
9.622e-12
2.76597e-12
4.08847e-13
2.56331e-13
1.69488e-12
5.82936e-12
1.75698e-11
5.05504e-11
1.42374e-10
3.95815e-10
1.08883e-09
2.96417e-09
7.97988e-09
2.12186e-08
5.56436e-08
1.43656e-07
3.64251e-07
9.05505e-07
2.19858e-06
5.19382e-06
1.18806e-05
2.61689e-05
5.51748e-05
0.000109277
0.000203021
0.000354761
0.000585425
0.000916569
0.00136987
0.00196442
0.00271653
0.00363913
0.00474177
0.00603062
0.00750879
0.0091767
0.0110324
0.0130722
0.0152906
0.0176809
0.0202352
0.0229445
0.0257994
0.0287897
0.0319054
0.0351338
0.0384643
0.0418848
0.0453831
0.0489466
0.052562
0.0562141
0.0598856
0.0635542
0.0671898
0.0707489
0.0741643
0.0773294
0.0800257
0.0819815
0.0827976
0.0816515
0.0770564
0.069958
0.0619488
0.0538745
0.0461729
0.0390536
0.0326063
0.0268583
0.0218068
0.0174411
0.0137068
0.0104881
0.00776702
0.00556985
0.00384828
0.00254763
0.0016069
0.000960388
0.00054132
0.000286744
0.000144192
6.97317e-05
3.25799e-05
1.47673e-05
6.5165e-06
2.80765e-06
1.18383e-06
4.89373e-07
1.98625e-07
7.92454e-08
3.11083e-08
1.20249e-08
4.57994e-09
1.71948e-09
6.36376e-10
2.31975e-10
8.30327e-11
2.89241e-11
9.5565e-12
2.7479e-12
4.06206e-13
2.60266e-13
1.72086e-12
5.91849e-12
1.78379e-11
5.13219e-11
1.44551e-10
4.01892e-10
1.10564e-09
3.0102e-09
8.10449e-09
2.15514e-08
5.65196e-08
1.45922e-07
3.70081e-07
9.19782e-07
2.23297e-06
5.27414e-06
1.20614e-05
2.65583e-05
5.59715e-05
0.000110788
0.000205702
0.000359234
0.000592382
0.00092722
0.001385
0.001985
0.00274362
0.00367383
0.00478513
0.0060836
0.00757225
0.00925136
0.0111189
0.013171
0.015402
0.0178052
0.0203724
0.0230947
0.0259624
0.0289651
0.0320922
0.0353316
0.0386724
0.0421025
0.0456097
0.0491809
0.052803
0.0564605
0.060136
0.0638069
0.0674428
0.0709992
0.0744081
0.0775609
0.0802307
0.082153
0.0829148
0.0816756
0.0769282
0.0697586
0.0617223
0.0536452
0.0459536
0.0388509
0.0324234
0.0266965
0.0216665
0.0173221
0.0136066
0.0104025
0.00769837
0.00551634
0.00380805
0.00251869
0.00158714
0.000947685
0.000533687
0.000282486
0.000142007
6.86683e-05
3.20864e-05
1.45475e-05
6.4221e-06
2.76834e-06
1.1679e-06
4.83083e-07
1.96196e-07
7.83278e-08
3.07686e-08
1.19016e-08
4.53604e-09
1.70414e-09
6.31114e-10
2.30203e-10
8.24472e-11
2.8735e-11
9.49782e-12
2.73166e-12
4.03828e-13
2.63545e-13
1.74251e-12
5.99281e-12
1.80617e-11
5.19662e-11
1.46371e-10
4.06975e-10
1.1197e-09
3.0488e-09
8.20885e-09
2.18305e-08
5.7254e-08
1.47798e-07
3.74906e-07
9.31789e-07
2.26198e-06
5.34208e-06
1.22145e-05
2.68881e-05
5.66461e-05
0.000112066
0.000207972
0.000362993
0.000598241
0.000935948
0.00139745
0.00200208
0.00276624
0.0037029
0.00482148
0.006128
0.00762539
0.00931385
0.0111912
0.0132535
0.015495
0.0179088
0.0204867
0.0232195
0.0260974
0.0291098
0.0322456
0.0354951
0.0388448
0.0422829
0.0457972
0.0493748
0.0530022
0.0566641
0.0603428
0.0640154
0.0676513
0.0712055
0.0746089
0.0777515
0.0803992
0.0822939
0.0830109
0.0816952
0.0768241
0.0695969
0.0615386
0.0534592
0.0457758
0.0386865
0.0322751
0.0265652
0.0215526
0.0172255
0.013525
0.0103329
0.00764244
0.00547273
0.00377525
0.00249508
0.001571
0.000937303
0.000527443
0.000279
0.000140215
6.77955e-05
3.16807e-05
1.43665e-05
6.34415e-06
2.73581e-06
1.15469e-06
4.77852e-07
1.94171e-07
7.75604e-08
3.04837e-08
1.17978e-08
4.49894e-09
1.69112e-09
6.26628e-10
2.28685e-10
8.1943e-11
2.85713e-11
9.44678e-12
2.71749e-12
4.01753e-13
2.66177e-13
1.75989e-12
6.05251e-12
1.82416e-11
5.24842e-11
1.47834e-10
4.11059e-10
1.131e-09
3.07968e-09
8.29269e-09
2.20547e-08
5.78429e-08
1.49347e-07
3.78817e-07
9.41499e-07
2.28545e-06
5.39703e-06
1.23384e-05
2.7155e-05
5.71927e-05
0.000113103
0.000209803
0.00036601
0.000603065
0.000943142
0.00140767
0.00201602
0.00278461
0.00372638
0.00485075
0.00616369
0.00766805
0.00936396
0.0112492
0.0133196
0.0155695
0.0179917
0.0205781
0.0233193
0.0262055
0.0292262
0.0323703
0.0356263
0.0389825
0.0424267
0.0459466
0.049529
0.0531606
0.0568258
0.060507
0.064181
0.0678168
0.0713691
0.074768
0.0779024
0.0805323
0.0824051
0.0830867
0.0817102
0.0767422
0.0694699
0.0613944
0.0533134
0.0456363
0.0385576
0.0321587
0.0264622
0.0214632
0.0171496
0.0134609
0.0102781
0.00759844
0.0054384
0.00374942
0.00247648
0.00155828
0.000929111
0.000522513
0.000276244
0.000138799
6.71045e-05
3.1359e-05
1.42227e-05
6.28212e-06
2.70987e-06
1.14414e-06
4.73662e-07
1.92545e-07
7.69425e-08
3.02535e-08
1.17137e-08
4.46877e-09
1.6805e-09
6.22949e-10
2.27434e-10
8.15252e-11
2.84349e-11
9.40403e-12
2.70559e-12
4.00008e-13
2.68163e-13
1.77301e-12
6.09759e-12
1.83774e-11
5.28758e-11
1.48941e-10
4.14151e-10
1.13954e-09
3.10302e-09
8.35622e-09
2.22244e-08
5.82904e-08
1.50517e-07
3.81796e-07
9.48896e-07
2.30334e-06
5.43891e-06
1.24328e-05
2.7358e-05
5.76063e-05
0.00011388
0.000211169
0.000368314
0.00060667
0.000948488
0.00141528
0.00202643
0.00279837
0.00374403
0.00487278
0.00619056
0.00770017
0.00940168
0.0112928
0.0133693
0.0156254
0.018054
0.0206467
0.0233942
0.0262865
0.0293131
0.0324628
0.0357244
0.0390856
0.0425344
0.0460583
0.0496444
0.053279
0.0569467
0.0606296
0.0643045
0.0679402
0.071491
0.0748866
0.0780148
0.0806313
0.0824877
0.0831427
0.0817207
0.0766811
0.0693756
0.0612875
0.0532052
0.0455329
0.038462
0.0320724
0.0263858
0.0213968
0.0170933
0.0134134
0.0102374
0.00756573
0.00541287
0.0037302
0.00246263
0.0015488
0.000923005
0.000518836
0.000274188
0.000137741
6.65879e-05
3.11181e-05
1.41149e-05
6.23551e-06
2.69034e-06
1.13617e-06
4.70493e-07
1.91312e-07
7.64728e-08
3.0078e-08
1.16493e-08
4.4456e-09
1.6723e-09
6.20098e-10
2.26459e-10
8.11978e-11
2.83274e-11
9.37017e-12
2.69613e-12
3.98619e-13
2.69492e-13
1.78178e-12
6.12771e-12
1.84681e-11
5.31365e-11
1.49676e-10
4.16202e-10
1.14522e-09
3.1187e-09
8.39855e-09
2.23382e-08
5.85947e-08
1.51303e-07
3.83791e-07
9.53843e-07
2.31526e-06
5.46672e-06
1.24951e-05
2.74915e-05
5.78779e-05
0.000114395
0.000212095
0.000369858
0.000609099
0.000952114
0.00142044
0.00203349
0.00280767
0.00375594
0.00488764
0.00620867
0.0077218
0.00942705
0.0113221
0.0134027
0.015663
0.0180957
0.0206926
0.0234442
0.0263406
0.029371
0.0325243
0.0357891
0.0391537
0.0426057
0.0461325
0.049721
0.0533578
0.057027
0.0607111
0.0643866
0.0680223
0.071572
0.0749654
0.0780894
0.0806969
0.0825423
0.0831795
0.081727
0.0766401
0.0693125
0.0612161
0.0531331
0.045464
0.0383983
0.0320149
0.0263349
0.0213527
0.0170558
0.0133817
0.0102103
0.00754389
0.00539582
0.00371736
0.00245337
0.00154246
0.000918913
0.000516369
0.000272808
0.000137029
6.62401e-05
3.09557e-05
1.4042e-05
6.20398e-06
2.6771e-06
1.13076e-06
4.68334e-07
1.9047e-07
7.61508e-08
2.99573e-08
1.16049e-08
4.42953e-09
1.66658e-09
6.18099e-10
2.25771e-10
8.09653e-11
2.82506e-11
9.34585e-12
2.68931e-12
3.97616e-13
2.70181e-13
1.78633e-12
6.14335e-12
1.85152e-11
5.32726e-11
1.50062e-10
4.17285e-10
1.14824e-09
3.12698e-09
8.42103e-09
2.23984e-08
5.87523e-08
1.51709e-07
3.84818e-07
9.56385e-07
2.3214e-06
5.4811e-06
1.25276e-05
2.75617e-05
5.80224e-05
0.00011467
0.000212579
0.000370657
0.000610346
0.000953962
0.00142305
0.00203704
0.00281234
0.0037619
0.00489506
0.0062177
0.00773258
0.00943969
0.0113367
0.0134193
0.0156817
0.0181166
0.0207155
0.0234693
0.0263677
0.0294001
0.0325554
0.0358221
0.0391882
0.0426416
0.0461697
0.0497593
0.0533971
0.0570671
0.0607517
0.0644275
0.0680631
0.0716124
0.0750045
0.0781265
0.0807294
0.0825692
0.0831975
0.0817295
0.0766188
0.0692803
0.0611798
0.0530965
0.0454291
0.0383661
0.0319859
0.0263092
0.0213304
0.017037
0.0133657
0.0101966
0.00753297
0.00538731
0.00371096
0.00244876
0.00153931
0.000916886
0.000515146
0.000272118
0.000136673
6.60653e-05
3.08739e-05
1.40053e-05
6.18805e-06
2.67039e-06
1.12801e-06
4.67233e-07
1.90038e-07
7.59847e-08
2.98946e-08
1.15816e-08
4.42103e-09
1.66353e-09
6.17018e-10
2.25395e-10
8.08361e-11
2.82073e-11
9.33194e-12
2.68537e-12
3.97035e-13
2.70254e-13
1.78682e-12
6.14502e-12
1.85203e-11
5.32873e-11
1.50103e-10
4.174e-10
1.14855e-09
3.12782e-09
8.42328e-09
2.24043e-08
5.87675e-08
1.51748e-07
3.84914e-07
9.56621e-07
2.32196e-06
5.48241e-06
1.25305e-05
2.7568e-05
5.80352e-05
0.000114694
0.00021262
0.000370724
0.000610446
0.000954104
0.00142324
0.00203728
0.00281264
0.00376225
0.00489547
0.00621817
0.00773311
0.00944029
0.0113374
0.0134201
0.0156825
0.0181174
0.0207164
0.0234702
0.0263687
0.0294012
0.0325566
0.0358233
0.0391894
0.0426428
0.0461708
0.0497605
0.0533982
0.0570682
0.0607528
0.0644286
0.0680641
0.0716133
0.0750053
0.0781272
0.0807298
0.0825694
0.0831972
0.0817284
0.0766165
0.0692775
0.0611768
0.0530937
0.0454265
0.0383637
0.0319838
0.0263074
0.0213288
0.0170356
0.0133646
0.0101956
0.00753216
0.00538668
0.00371048
0.00244841
0.00153907
0.000916725
0.000515046
0.000272061
0.000136642
6.60499e-05
3.08665e-05
1.40018e-05
6.18647e-06
2.6697e-06
1.12771e-06
4.67107e-07
1.89986e-07
7.59637e-08
2.98862e-08
1.15783e-08
4.41973e-09
1.66302e-09
6.16825e-10
2.25322e-10
8.08091e-11
2.81975e-11
9.32862e-12
2.68439e-12
3.96889e-13
2.69702e-13
1.78317e-12
6.1325e-12
1.84826e-11
5.31785e-11
1.49795e-10
4.16537e-10
1.14615e-09
3.12119e-09
8.40508e-09
2.23555e-08
5.86384e-08
1.5141e-07
3.84053e-07
9.54487e-07
2.31682e-06
5.4704e-06
1.25035e-05
2.75099e-05
5.79165e-05
0.000114469
0.000212221
0.000370058
0.000609397
0.000952531
0.00142097
0.00203415
0.0028085
0.00375694
0.00488883
0.00621007
0.0077234
0.00942885
0.0113241
0.0134048
0.0156653
0.0180982
0.0206952
0.0234469
0.0263434
0.0293741
0.0325278
0.0357928
0.0391573
0.0426092
0.0461359
0.0497243
0.053361
0.0570302
0.0607142
0.0643896
0.0680251
0.0715747
0.0749678
0.0780915
0.0806983
0.0825428
0.0831787
0.0817238
0.0766332
0.0693042
0.0612075
0.0531248
0.0454562
0.0383913
0.0320086
0.0263294
0.0213479
0.0170518
0.0133782
0.0102073
0.00754153
0.00539397
0.00371596
0.00245234
0.00154175
0.000918446
0.000516082
0.000272642
0.000136942
6.61958e-05
3.09343e-05
1.4032e-05
6.19946e-06
2.67511e-06
1.12991e-06
4.67974e-07
1.90321e-07
7.60901e-08
2.99329e-08
1.15952e-08
4.42573e-09
1.66511e-09
6.17534e-10
2.25558e-10
8.0886e-11
2.8222e-11
9.33608e-12
2.68642e-12
3.97184e-13
2.68493e-13
1.77519e-12
6.10505e-12
1.83998e-11
5.29395e-11
1.49119e-10
4.14644e-10
1.14091e-09
3.10681e-09
8.36626e-09
2.22519e-08
5.83656e-08
1.50705e-07
3.82271e-07
9.50053e-07
2.30607e-06
5.44516e-06
1.24465e-05
2.73869e-05
5.76647e-05
0.000113991
0.000211373
0.000368645
0.000607174
0.000949195
0.0014163
0.00202778
0.00280006
0.00374606
0.00487517
0.00619331
0.00770329
0.00940516
0.0112966
0.0133735
0.0156299
0.0180588
0.0206517
0.0233994
0.0262918
0.0293182
0.0324682
0.0357297
0.0390909
0.0425398
0.0460637
0.0496498
0.0532844
0.056952
0.0606348
0.0643095
0.067945
0.0714955
0.0748907
0.0780183
0.0806337
0.0824887
0.0831414
0.0817154
0.0766696
0.0693615
0.0612729
0.0531911
0.0455198
0.0384501
0.0320618
0.0263764
0.0213888
0.0170864
0.0134076
0.0102325
0.00756174
0.00540975
0.00372783
0.0024609
0.00154761
0.000922221
0.000518354
0.000273912
0.000137595
6.65142e-05
3.10825e-05
1.40983e-05
6.228e-06
2.68703e-06
1.13475e-06
4.69893e-07
1.91063e-07
7.63713e-08
3.00372e-08
1.16331e-08
4.43924e-09
1.66983e-09
6.19153e-10
2.26102e-10
8.10653e-11
2.82797e-11
9.35393e-12
2.69135e-12
3.97905e-13
2.66617e-13
1.76279e-12
6.06244e-12
1.82713e-11
5.25691e-11
1.48071e-10
4.11715e-10
1.1328e-09
3.0846e-09
8.30603e-09
2.20895e-08
5.79344e-08
1.49578e-07
3.79409e-07
9.42956e-07
2.28894e-06
5.4051e-06
1.23563e-05
2.71928e-05
5.7268e-05
0.00011324
0.000210042
0.000366433
0.000603708
0.00094408
0.00140892
0.00201768
0.00278672
0.00372898
0.00485386
0.00616732
0.0076722
0.0093686
0.0112543
0.0133252
0.0155755
0.0179981
0.0205849
0.0233264
0.026213
0.0292339
0.0323779
0.0356339
0.0389902
0.0424344
0.0459543
0.0495367
0.0531682
0.0568333
0.0605143
0.0641881
0.0678236
0.0713754
0.0747738
0.0779074
0.0805357
0.0824065
0.0830849
0.0817028
0.076726
0.0694502
0.0613739
0.0532936
0.0456178
0.0385408
0.0321438
0.0264491
0.0214519
0.01714
0.0134529
0.0102713
0.00759293
0.00543409
0.00374617
0.00247412
0.00155665
0.00092805
0.000521863
0.000275873
0.000138603
6.7006e-05
3.13114e-05
1.42005e-05
6.27208e-06
2.70544e-06
1.14223e-06
4.72856e-07
1.9221e-07
7.68058e-08
3.01984e-08
1.16918e-08
4.46016e-09
1.67715e-09
6.21667e-10
2.2695e-10
8.13453e-11
2.83701e-11
9.38193e-12
2.69908e-12
3.99034e-13
2.64078e-13
1.74603e-12
6.00486e-12
1.80978e-11
5.20694e-11
1.46659e-10
4.07769e-10
1.12186e-09
3.05459e-09
8.22452e-09
2.18716e-08
5.73608e-08
1.48097e-07
3.75621e-07
9.33525e-07
2.26613e-06
5.35168e-06
1.22359e-05
2.69334e-05
5.67372e-05
0.000112234
0.000208258
0.00036346
0.000599022
0.000936984
0.00139894
0.0020041
0.00276881
0.00370605
0.00482525
0.0061324
0.00763043
0.00931951
0.0111975
0.0132604
0.0155024
0.0179167
0.0204951
0.0232284
0.0261068
0.0291198
0.0322563
0.0355053
0.0388548
0.0422929
0.0458072
0.0493847
0.053012
0.0566737
0.0603522
0.0640246
0.0676601
0.0712137
0.0746164
0.0777579
0.0804035
0.0822957
0.0830086
0.0816858
0.0768033
0.0695715
0.0615121
0.0534337
0.045752
0.0386649
0.0322559
0.0265484
0.021538
0.0172132
0.0135147
0.0103241
0.0076354
0.00546724
0.00377111
0.00249209
0.00156894
0.000935963
0.000526625
0.000278533
0.00013997
6.76722e-05
3.16211e-05
1.43387e-05
6.3316e-06
2.73028e-06
1.15231e-06
4.76845e-07
1.93753e-07
7.73894e-08
3.04147e-08
1.17704e-08
4.48816e-09
1.68694e-09
6.25023e-10
2.28078e-10
8.17176e-11
2.849e-11
9.41906e-12
2.70933e-12
4.00532e-13
2.60879e-13
1.7249e-12
5.93236e-12
1.78796e-11
5.14411e-11
1.44885e-10
4.02813e-10
1.10815e-09
3.01698e-09
8.12255e-09
2.15987e-08
5.66398e-08
1.4622e-07
3.70826e-07
9.21676e-07
2.23759e-06
5.28499e-06
1.20858e-05
2.66106e-05
5.60772e-05
0.000110984
0.000206039
0.000359767
0.000593238
0.000928475
0.0013867
0.00198725
0.00274649
0.00367741
0.00478946
0.00608871
0.00757814
0.00925802
0.0111263
0.0131791
0.0154108
0.0178146
0.0203824
0.0231052
0.0259733
0.0289763
0.0321034
0.0353433
0.0386844
0.0421147
0.0456218
0.049193
0.052815
0.0564723
0.0601476
0.0638181
0.0674535
0.0710093
0.0744173
0.0775687
0.080236
0.0821553
0.082912
0.0816642
0.0769026
0.0697274
0.0616898
0.0536138
0.0459244
0.0388244
0.0323999
0.0266759
0.0216487
0.017307
0.0135938
0.0103918
0.00768974
0.00550962
0.00380299
0.00251504
0.00158462
0.000946051
0.00053269
0.000281918
0.000141708
6.85181e-05
3.2014e-05
1.45138e-05
6.40685e-06
2.76163e-06
1.16501e-06
4.81862e-07
1.9569e-07
7.81208e-08
3.06853e-08
1.18685e-08
4.52302e-09
1.69909e-09
6.2918e-10
2.29473e-10
8.2176e-11
2.86372e-11
9.46449e-12
2.72185e-12
4.0236e-13
2.57018e-13
1.69942e-12
5.84496e-12
1.76167e-11
5.06854e-11
1.42753e-10
3.96865e-10
1.09169e-09
2.97191e-09
8.00059e-09
2.12736e-08
5.57873e-08
1.44024e-07
3.65207e-07
9.07799e-07
2.20399e-06
5.20639e-06
1.19089e-05
2.62299e-05
5.52991e-05
0.000109509
0.000203422
0.000355401
0.000586361
0.000918172
0.001372
0.0019671
0.00271983
0.00364318
0.00474665
0.00603641
0.00751554
0.00918439
0.0110411
0.0130817
0.015301
0.0176921
0.0202471
0.0229572
0.0258127
0.0288035
0.031919
0.0351478
0.0384785
0.0418991
0.0453975
0.048961
0.0525762
0.0562281
0.0598993
0.0635675
0.0672026
0.0707609
0.0741752
0.0773387
0.0800321
0.0819842
0.0827944
0.0816382
0.0770261
0.0699209
0.0619101
0.0538371
0.0461381
0.039022
0.0325783
0.0268337
0.0217856
0.0174231
0.0136916
0.0104752
0.00775673
0.00556182
0.00384223
0.00254326
0.00160389
0.000958433
0.000540126
0.000286064
0.000143834
6.95522e-05
3.24934e-05
1.4727e-05
6.49834e-06
2.79966e-06
1.18039e-06
4.87923e-07
1.98024e-07
7.90002e-08
3.10097e-08
1.19857e-08
4.56459e-09
1.71354e-09
6.34101e-10
2.31117e-10
8.27144e-11
2.88094e-11
9.51743e-12
2.7364e-12
4.04483e-13
2.52493e-13
1.66957e-12
5.74263e-12
1.73093e-11
4.98022e-11
1.40265e-10
3.89929e-10
1.07254e-09
2.91955e-09
7.85909e-09
2.08962e-08
5.47961e-08
1.41467e-07
3.58809e-07
8.91629e-07
2.16509e-06
5.11566e-06
1.17045e-05
2.57898e-05
5.43989e-05
0.000107803
0.000200392
0.000350349
0.000578405
0.000906248
0.00135461
0.00194343
0.00268871
0.00360342
0.00469702
0.00597574
0.0074428
0.00909871
0.0109417
0.0129681
0.0151726
0.0175486
0.0200884
0.022783
0.0256228
0.028598
0.0317015
0.0349179
0.0382364
0.0416456
0.0451335
0.0486875
0.0522947
0.0559399
0.0596061
0.0632712
0.0669057
0.0704668
0.0738885
0.077066
0.07979
0.0817813
0.0826552
0.0816082
0.0771764
0.0701556
0.0621773
0.0541079
0.0463972
0.0392616
0.0327944
0.0270248
0.0219512
0.0175634
0.0138097
0.0105758
0.00783735
0.00562461
0.00388939
0.00257714
0.00162699
0.000973263
0.000549022
0.000291018
0.000146372
7.07841e-05
3.30635e-05
1.49801e-05
6.60664e-06
2.84458e-06
1.1985e-06
4.95046e-07
2.00759e-07
8.00278e-08
3.13876e-08
1.21219e-08
4.61267e-09
1.73018e-09
6.39749e-10
2.32995e-10
8.33261e-11
2.9004e-11
9.57701e-12
2.75273e-12
4.06865e-13
2.47301e-13
1.63532e-12
5.62532e-12
1.69572e-11
4.87919e-11
1.3742e-10
3.82006e-10
1.05065e-09
2.85928e-09
7.69798e-09
2.04677e-08
5.36731e-08
1.38574e-07
3.51525e-07
8.73442e-07
2.12159e-06
5.01366e-06
1.14749e-05
2.52954e-05
5.33874e-05
0.000105885
0.000196987
0.000344672
0.000569477
0.000892945
0.0013361
0.00191765
0.00265408
0.00355851
0.00464066
0.00590678
0.0073601
0.00900124
0.0108286
0.0128385
0.0150261
0.0173848
0.0199072
0.0225849
0.0254091
0.0283704
0.0314549
0.0346547
0.0379582
0.0413535
0.0448289
0.0483718
0.0519692
0.0556064
0.0592664
0.0629276
0.0665612
0.0701252
0.0735552
0.076749
0.0795081
0.0815452
0.0824938
0.0815752
0.0773572
0.0704366
0.062497
0.0544318
0.0467071
0.0395478
0.0330524
0.0272528
0.0221486
0.0177304
0.0139501
0.010695
0.00793281
0.00569889
0.00394512
0.00261714
0.00165422
0.000990721
0.00055948
0.000296833
0.000149347
7.2225e-05
3.37287e-05
1.52746e-05
6.73238e-06
2.89659e-06
1.21942e-06
5.03243e-07
2.03897e-07
8.12025e-08
3.18181e-08
1.22764e-08
4.66703e-09
1.74892e-09
6.46076e-10
2.35089e-10
8.40044e-11
2.92186e-11
9.64238e-12
2.77059e-12
4.09467e-13
2.41417e-13
1.59652e-12
5.4925e-12
1.65587e-11
4.76492e-11
1.34204e-10
3.73047e-10
1.02592e-09
2.79231e-09
7.51766e-09
1.99901e-08
5.24224e-08
1.35356e-07
3.43406e-07
8.53882e-07
2.07348e-06
4.90108e-06
1.12218e-05
2.47508e-05
5.22733e-05
0.000103773
0.000193237
0.000338413
0.000559611
0.000878164
0.00131487
0.00188787
0.00261494
0.00350847
0.0045781
0.00583011
0.00726792
0.00889234
0.0107019
0.0126933
0.0148617
0.0172007
0.019703
0.0223603
0.0251633
0.0281074
0.0311744
0.0343565
0.0376429
0.0410223
0.044483
0.0480128
0.0515986
0.0552263
0.0588788
0.0625352
0.0661673
0.0697343
0.0731735
0.0763855
0.0791845
0.0812746
0.0823099
0.0815407
0.0775736
0.0707708
0.0628765
0.0548161
0.0470745
0.039887
0.0333579
0.0275223
0.0223816
0.0179268
0.014116
0.0108346
0.00804454
0.00578575
0.0040102
0.00266377
0.00168593
0.00101101
0.000571611
0.000303564
0.000152783
7.38856e-05
3.44932e-05
1.5612e-05
6.876e-06
2.95579e-06
1.24314e-06
5.12506e-07
2.07429e-07
8.25193e-08
3.22986e-08
1.24481e-08
4.72712e-09
1.76952e-09
6.52997e-10
2.37365e-10
8.47368e-11
2.94486e-11
9.71193e-12
2.7895e-12
4.12217e-13
2.34781e-13
1.55277e-12
5.34279e-12
1.611e-11
4.63635e-11
1.30591e-10
3.63009e-10
9.98327e-10
2.7195e-09
7.32139e-09
1.94681e-08
5.10559e-08
1.31835e-07
3.34497e-07
8.31851e-07
2.01952e-06
4.77802e-06
1.09462e-05
2.41592e-05
5.10652e-05
0.000101486
0.000189178
0.000331639
0.000548926
0.000862155
0.00129197
0.00185727
0.00257262
0.00345386
0.00450965
0.00574606
0.00716664
0.00877242
0.0105622
0.0125329
0.0146798
0.0169971
0.0194774
0.0221121
0.0248985
0.0278176
0.0308627
0.0340239
0.0372906
0.0406516
0.0440953
0.0476097
0.0511821
0.0547984
0.0584419
0.0620922
0.0657222
0.0692921
0.0727413
0.0759739
0.0788175
0.0809682
0.0821034
0.0815071
0.0778322
0.071167
0.0633256
0.0552703
0.0475082
0.0402869
0.0337175
0.0278391
0.0226551
0.0181573
0.0143095
0.0109969
0.00817435
0.00588651
0.00408557
0.00271768
0.0017225
0.00103436
0.000585539
0.000311271
0.000156707
7.57755e-05
3.53603e-05
1.59934e-05
7.03765e-06
3.02215e-06
1.26961e-06
5.22792e-07
2.11331e-07
8.39666e-08
3.28239e-08
1.26348e-08
4.79208e-09
1.79166e-09
6.60382e-10
2.39776e-10
8.55065e-11
2.96883e-11
9.78387e-12
2.80894e-12
4.15038e-13
2.27303e-13
1.50346e-12
5.17403e-12
1.56044e-11
4.49195e-11
1.26563e-10
3.51964e-10
9.69352e-10
2.64046e-09
7.10905e-09
1.89042e-08
4.95818e-08
1.28049e-07
3.24977e-07
8.08549e-07
1.96632e-06
4.64903e-06
1.06554e-05
2.35347e-05
4.97865e-05
9.90571e-05
0.000184858
0.00032442
0.000537526
0.000845049
0.00126745
0.00182358
0.00252899
0.00339515
0.0044359
0.00565508
0.00705671
0.00864234
0.0104107
0.0123584
0.0144819
0.0167732
0.0192319
0.0218491
0.0246083
0.0275003
0.0305202
0.0336576
0.0369017
0.0402416
0.0436657
0.0471623
0.0507188
0.0543219
0.0579547
0.0615977
0.0652247
0.0687974
0.0722575
0.0755128
0.078406
0.0806257
0.0818753
0.081478
0.0781428
0.0716375
0.0638567
0.055806
0.0480187
0.0407564
0.0341388
0.0282094
0.0229744
0.0184262
0.014534
0.0111847
0.00832434
0.00600278
0.00417237
0.0027796
0.00176439
0.00106103
0.000601396
0.000320013
0.000161142
7.79036e-05
3.63325e-05
1.64189e-05
7.21713e-06
3.09542e-06
1.29866e-06
5.34014e-07
2.15561e-07
8.55249e-08
3.33855e-08
1.28329e-08
4.86054e-09
1.81481e-09
6.68046e-10
2.42256e-10
8.62907e-11
2.99301e-11
9.85573e-12
2.82823e-12
4.17831e-13
2.19272e-13
1.45055e-12
4.99331e-12
1.50649e-11
4.34062e-11
1.22468e-10
3.4119e-10
9.39379e-10
2.55718e-09
6.88348e-09
1.83027e-08
4.80038e-08
1.2398e-07
3.14672e-07
7.82815e-07
1.902e-06
4.5036e-06
1.03334e-05
2.285e-05
4.84008e-05
9.64597e-05
0.000180268
0.00031678
0.000525547
0.000827177
0.00124184
0.00178818
0.00248242
0.00333629
0.00435915
0.00555904
0.00693849
0.00850231
0.0102487
0.012175
0.0142763
0.0165497
0.0189817
0.0215648
0.0242909
0.0271549
0.0301475
0.0332585
0.0364773
0.0397932
0.0431949
0.046671
0.0502092
0.0537966
0.0574169
0.0610515
0.0646746
0.0682497
0.0717214
0.0750021
0.0779488
0.0802469
0.0816266
0.0814562
0.0785168
0.0721953
0.0644823
0.0564345
0.0486156
0.0413043
0.0346294
0.02864
0.023345
0.0187383
0.0147934
0.0114009
0.00849694
0.00613635
0.00427183
0.00285033
0.00181207
0.00109126
0.000619284
0.000329818
0.000166091
8.02651e-05
3.74048e-05
1.68852e-05
7.4124e-06
3.17454e-06
1.3298e-06
5.45944e-07
2.20021e-07
8.71541e-08
3.39677e-08
1.30366e-08
4.93025e-09
1.83817e-09
6.757e-10
2.44706e-10
8.7056e-11
3.01628e-11
9.92398e-12
2.84637e-12
4.2045e-13
2.11576e-13
1.40004e-12
4.82322e-12
1.45713e-11
4.20121e-11
1.18481e-10
3.29464e-10
9.06167e-10
2.46653e-09
6.63973e-09
1.76567e-08
4.6319e-08
1.19666e-07
3.03847e-07
7.56296e-07
1.83946e-06
4.35948e-06
1.00166e-05
2.21749e-05
4.70251e-05
9.38407e-05
0.000175608
0.000308963
0.00051313
0.00080859
0.00121516
0.0017515
0.00243268
0.00327366
0.00428125
0.00546438
0.00682891
0.00837271
0.0100958
0.0119956
0.0140676
0.0163054
0.0187028
0.0212529
0.0239494
0.0267842
0.0297475
0.0328295
0.0360202
0.0393091
0.0426854
0.0461379
0.0496549
0.0532237
0.0568288
0.0604526
0.0640702
0.0676469
0.0711306
0.074439
0.0774384
0.0798266
0.0813536
0.0814296
0.078943
0.072831
0.0651965
0.057154
0.0493009
0.0419346
0.0351946
0.0291365
0.0237725
0.019098
0.0150921
0.011649
0.00869487
0.00628926
0.00438535
0.00293077
0.00186607
0.00112534
0.000639343
0.000340743
0.000171578
8.28673e-05
3.85777e-05
1.7391e-05
7.62229e-06
3.25873e-06
1.36256e-06
5.58353e-07
2.24604e-07
8.88073e-08
3.45509e-08
1.32379e-08
4.99826e-09
1.86065e-09
6.8296e-10
2.46994e-10
8.77586e-11
3.03726e-11
9.98436e-12
2.8622e-12
4.22722e-13
2.03583e-13
1.34725e-12
4.64018e-12
1.4004e-11
4.03269e-11
1.13648e-10
3.16062e-10
8.69553e-10
2.36731e-09
6.37354e-09
1.69516e-08
4.44781e-08
1.14933e-07
2.91844e-07
7.26364e-07
1.76943e-06
4.197e-06
9.64474e-06
2.13775e-05
4.54208e-05
9.08879e-05
0.000170529
0.000300686
0.000500249
0.000789817
0.00118935
0.00171676
0.00238867
0.00321595
0.00420821
0.00537167
0.00670966
0.00822429
0.00991683
0.0117886
0.0138301
0.016037
0.0184039
0.0209247
0.0235909
0.0263943
0.0293257
0.0323761
0.0355356
0.0387944
0.0421421
0.0455679
0.0490604
0.0526074
0.0561941
0.0598036
0.0634124
0.0669877
0.0704807
0.0738144
0.0768644
0.0793449
0.0810245
0.0813554
0.079324
0.0734922
0.0659746
0.0579566
0.0500747
0.0426516
0.0358407
0.0297056
0.0242632
0.0195111
0.0154347
0.0119325
0.00892136
0.00646382
0.00451437
0.00302167
0.0019267
0.00116329
0.000661439
0.000352615
0.000177471
8.56244e-05
3.98022e-05
1.79108e-05
7.83452e-06
3.34247e-06
1.39461e-06
5.70287e-07
2.28937e-07
9.03435e-08
3.50833e-08
1.34184e-08
5.05814e-09
1.88006e-09
6.89101e-10
2.48886e-10
8.83247e-11
3.05369e-11
1.00303e-11
2.87401e-12
4.24409e-13
1.94043e-13
1.28411e-12
4.42303e-12
1.33532e-11
3.84752e-11
1.08484e-10
3.01821e-10
8.30676e-10
2.26234e-09
6.09368e-09
1.62164e-08
4.25808e-08
1.1015e-07
2.80206e-07
6.99209e-07
1.70289e-06
4.04065e-06
9.30647e-06
2.06813e-05
4.40412e-05
8.83981e-05
0.000166057
0.000293215
0.000489168
0.000773367
0.00116562
0.00168388
0.00234376
0.00315758
0.00413453
0.00528035
0.00659739
0.00809103
0.00975695
0.0115891
0.0135922
0.0157633
0.018101
0.0205905
0.0232241
0.0259936
0.0288909
0.031907
0.0350329
0.0382589
0.0415751
0.0449711
0.0484359
0.0519578
0.0555227
0.0591142
0.0627102
0.0662799
0.0697773
0.0731302
0.076222
0.0788035
0.0806163
0.0811702
0.0795259
0.0741247
0.0667962
0.0588358
0.0509377
0.0434593
0.0365729
0.0303529
0.0248225
0.0199826
0.0158239
0.0122545
0.00918005
0.00666242
0.00466044
0.00312412
0.0019947
0.00120564
0.000685951
0.000365685
0.000183916
8.86119e-05
4.11135e-05
1.84594e-05
8.05451e-06
3.42745e-06
1.42635e-06
5.81776e-07
2.32978e-07
9.17269e-08
3.55447e-08
1.35684e-08
5.10567e-09
1.89472e-09
6.9348e-10
2.50144e-10
8.86764e-11
3.06316e-11
1.00549e-11
2.87996e-12
4.25248e-13
1.83893e-13
1.21701e-12
4.19224e-12
1.26572e-11
3.64704e-11
1.02827e-10
2.86059e-10
7.87226e-10
2.14389e-09
5.77465e-09
1.53683e-08
4.03543e-08
1.04357e-07
2.65307e-07
6.61921e-07
1.61873e-06
3.85205e-06
8.88648e-06
1.97733e-05
4.21957e-05
8.49492e-05
0.000160423
0.000284675
0.000475924
0.000753816
0.00113772
0.00164561
0.00229298
0.00309237
0.00405326
0.005182
0.00648213
0.00795109
0.00959947
0.011416
0.0133951
0.0155315
0.0178179
0.0202622
0.0228618
0.0255957
0.028457
0.0314373
0.0345278
0.0377193
0.0410021
0.0443662
0.047801
0.0512952
0.0548356
0.0584062
0.0619862
0.0655468
0.0690449
0.0724129
0.0755419
0.0782145
0.0801509
0.0809107
0.0796241
0.0747526
0.0676664
0.0597908
0.0518881
0.0443567
0.0373916
0.03108
0.0254529
0.0205148
0.0162611
0.0126162
0.00947445
0.00688573
0.00482309
0.00323687
0.00206834
0.00125047
0.000711123
0.000378562
0.000190013
9.13099e-05
4.22383e-05
1.89042e-05
8.22229e-06
3.48805e-06
1.44751e-06
5.88972e-07
2.35264e-07
9.24193e-08
3.5742e-08
1.362e-08
5.11768e-09
1.89703e-09
6.93765e-10
2.50119e-10
8.86251e-11
3.06018e-11
1.00426e-11
2.87616e-12
4.24696e-13
1.73674e-13
1.14933e-12
3.95866e-12
1.19505e-11
3.44313e-11
9.70808e-11
2.70124e-10
7.43671e-10
2.0266e-09
5.464e-09
1.45614e-08
3.83118e-08
9.93758e-08
2.53505e-07
6.33264e-07
1.54864e-06
3.69304e-06
8.54828e-06
1.90938e-05
4.08967e-05
8.27181e-05
0.000156639
0.000277987
0.000464892
0.000736825
0.00111295
0.00161095
0.00224617
0.00303117
0.00397552
0.00508604
0.00636712
0.00781824
0.00943242
0.0112255
0.0131833
0.0153006
0.0175693
0.0199789
0.0225245
0.0252203
0.0280457
0.0309905
0.034046
0.0372031
0.0404527
0.0437849
0.0471896
0.0506557
0.0541707
0.0577191
0.0612812
0.0648304
0.0683261
0.0717053
0.0748664
0.0776196
0.0796736
0.080631
0.0796904
0.075387
0.0685691
0.0607945
0.0528967
0.0453168
0.0382737
0.0318688
0.0261413
0.0211001
0.0167447
0.0130158
0.00980153
0.00713542
0.0050061
0.00336458
0.00215238
0.00130209
0.000740367
0.000393658
0.000197206
9.45279e-05
4.35742e-05
1.94192e-05
8.40693e-06
3.54963e-06
1.4662e-06
5.9385e-07
2.36384e-07
9.25796e-08
3.57179e-08
1.35867e-08
5.09876e-09
1.8884e-09
6.90231e-10
2.48762e-10
8.81416e-11
3.04409e-11
9.99199e-12
2.86225e-12
4.227e-13
1.63314e-13
1.07996e-12
3.71399e-12
1.1189e-11
3.21655e-11
9.04954e-11
2.51314e-10
6.90797e-10
1.88035e-09
5.06607e-09
1.34961e-08
3.54989e-08
9.20094e-08
2.34703e-07
5.89383e-07
1.44915e-06
3.47347e-06
8.07703e-06
1.81211e-05
3.89677e-05
7.91039e-05
0.000150287
0.000268244
0.000450938
0.0007176
0.00108719
0.0015772
0.00220278
0.00297625
0.00390704
0.00500179
0.00626464
0.00769753
0.00929735
0.0110568
0.0129889
0.0150801
0.017326
0.0197201
0.0222514
0.024905
0.0276956
0.0306075
0.0336313
0.0367579
0.0399781
0.0432823
0.0466604
0.0501017
0.053594
0.0571221
0.0606676
0.0642051
0.0676964
0.0710829
0.0742692
0.0770841
0.0792415
0.0803789
0.0797508
0.0759845
0.0694266
0.0617572
0.0538743
0.0462578
0.0391485
0.0326602
0.0268397
0.0217003
0.0172447
0.0134273
0.0101377
0.00738994
0.00518914
0.00348808
0.00222941
0.00134571
0.000762307
0.00040323
0.000201062
9.58655e-05
4.39352e-05
1.94744e-05
8.39028e-06
3.52849e-06
1.45315e-06
5.87174e-07
2.33218e-07
9.11885e-08
3.51501e-08
1.33664e-08
5.01677e-09
1.85902e-09
6.80053e-10
2.45347e-10
8.70267e-11
3.00852e-11
9.88581e-12
2.83419e-12
4.18731e-13
1.56037e-13
1.03048e-12
3.53448e-12
1.06102e-11
3.03784e-11
8.51141e-11
2.35442e-10
6.44932e-10
1.75071e-09
4.70865e-09
1.25394e-08
3.30346e-08
8.6014e-08
2.20883e-07
5.57619e-07
1.37757e-06
3.31805e-06
7.75485e-06
1.74848e-05
3.77744e-05
7.70948e-05
0.000147055
0.00026303
0.000442946
0.000705915
0.00107079
0.0015549
0.00217322
0.00293798
0.00385854
0.00494154
0.00619116
0.00760941
0.0091966
0.0109485
0.0128571
0.0149268
0.0171516
0.0195253
0.0220409
0.0246922
0.0274619
0.0303516
0.0333541
0.0364606
0.039662
0.0429486
0.0463101
0.0497359
0.0532142
0.0567298
0.0602652
0.0637954
0.067284
0.0706747
0.0738778
0.0767308
0.0789573
0.0802132
0.0797966
0.0763997
0.0700289
0.0624434
0.0545835
0.0469548
0.0398121
0.0332774
0.0274018
0.022201
0.0176788
0.0137989
0.0104566
0.00764624
0.00538632
0.00363173
0.0023272
0.00140692
0.00079682
0.000420174
0.00020811
9.83675e-05
4.47231e-05
1.96739e-05
8.417e-06
3.5162e-06
1.43895e-06
5.7862e-07
2.29074e-07
8.94063e-08
3.44251e-08
1.30878e-08
4.91529e-09
1.82383e-09
6.68421e-10
2.41681e-10
8.59297e-11
2.97763e-11
9.80101e-12
2.81328e-12
4.15877e-13
)
;

boundaryField
{
    fuel
    {
        type            fixedValue;
        value           uniform 0;
    }
    air
    {
        type            fixedValue;
        value           uniform 0;
    }
    outlet
    {
        type            inletOutlet;
        inletValue      uniform 0;
        value           nonuniform List<scalar> 
200
(
1.54104e-13
1.01773e-12
3.49092e-12
1.048e-11
3.00076e-11
8.40802e-11
2.32595e-10
6.37168e-10
1.72973e-09
4.65249e-09
1.23908e-08
3.26478e-08
8.50197e-08
2.18375e-07
5.51384e-07
1.36242e-06
3.28232e-06
7.67362e-06
1.73085e-05
3.74131e-05
7.6422e-05
0.000145857
0.000261036
0.000439848
0.000701375
0.00106446
0.00154652
0.00216255
0.00292484
0.00384281
0.00492318
0.00617019
0.00758598
0.00917099
0.0109201
0.0128265
0.0148942
0.0171174
0.0194896
0.0220038
0.0246538
0.0274221
0.0303107
0.0333124
0.0364186
0.0396199
0.0429066
0.0462686
0.049695
0.053174
0.0566907
0.0602273
0.0637591
0.0672497
0.0706433
0.0738506
0.0767108
0.0789476
0.0802206
0.0798338
0.0764885
0.0701396
0.0625601
0.0546977
0.047062
0.0399101
0.0333652
0.0274792
0.0222679
0.0177356
0.0138468
0.0104969
0.00767838
0.00541111
0.00365008
0.00234014
0.00141551
0.000802141
0.00042323
0.000209705
9.91508e-05
4.50877e-05
1.98382e-05
8.48839e-06
3.54659e-06
1.45163e-06
5.83789e-07
2.31149e-07
9.0233e-08
3.47489e-08
1.32137e-08
4.96374e-09
1.84229e-09
6.75378e-10
2.44272e-10
8.68788e-11
3.01144e-11
9.9152e-12
2.84674e-12
4.20881e-13
1.56037e-13
1.03048e-12
3.53448e-12
1.06102e-11
3.03784e-11
8.51141e-11
2.35442e-10
6.44932e-10
1.75071e-09
4.70865e-09
1.25394e-08
3.30346e-08
8.6014e-08
2.20883e-07
5.57619e-07
1.37757e-06
3.31805e-06
7.75485e-06
1.74848e-05
3.77744e-05
7.70948e-05
0.000147055
0.00026303
0.000442946
0.000705915
0.00107079
0.0015549
0.00217322
0.00293798
0.00385854
0.00494154
0.00619116
0.00760941
0.0091966
0.0109485
0.0128571
0.0149268
0.0171516
0.0195253
0.0220409
0.0246922
0.0274619
0.0303516
0.0333541
0.0364606
0.039662
0.0429486
0.0463101
0.0497359
0.0532142
0.0567298
0.0602652
0.0637954
0.067284
0.0706747
0.0738778
0.0767308
0.0789573
0.0802132
0.0797966
0.0763997
0.0700289
0.0624434
0.0545835
0.0469548
0.0398121
0.0332774
0.0274018
0.022201
0.0176788
0.0137989
0.0104566
0.00764624
0.00538632
0.00363173
0.0023272
0.00140692
0.00079682
0.000420174
0.00020811
9.83675e-05
4.47231e-05
1.96739e-05
8.417e-06
3.5162e-06
1.43895e-06
5.7862e-07
2.29074e-07
8.94063e-08
3.44251e-08
1.30878e-08
4.91529e-09
1.82383e-09
6.68421e-10
2.41681e-10
8.59297e-11
2.97763e-11
9.80101e-12
2.81328e-12
4.15877e-13
)
;
    }
    frontAndBack
    {
        type            empty;
    }
}


// ************************************************************************* //
