/*--------------------------------*- C++ -*----------------------------------*\
  =========                 |
  \\      /  F ield         | OpenFOAM: The Open Source CFD Toolbox
   \\    /   O peration     | Website:  https://openfoam.org
    \\  /    A nd           | Version:  11
     \\/     M anipulation  |
\*---------------------------------------------------------------------------*/
FoamFile
{
    format      ascii;
    class       volScalarField;
    location    "0.05";
    object      H2O;
}
// * * * * * * * * * * * * * * * * * * * * * * * * * * * * * * * * * * * * * //

dimensions      [0 0 0 0 0 0 0];

internalField   nonuniform List<scalar> 
4000
(
1.26163e-13
8.3321e-13
2.85799e-12
8.57992e-12
2.45669e-11
6.88358e-11
1.90424e-10
5.21644e-10
1.41611e-09
3.80895e-09
1.01442e-08
2.67285e-08
6.96048e-08
1.78782e-07
4.51414e-07
1.1154e-06
2.6872e-06
6.28232e-06
1.41703e-05
3.06298e-05
6.25661e-05
0.000119412
0.000213708
0.0003601
0.00057421
0.000871467
0.00126612
0.00177046
0.00239454
0.00314608
0.00403057
0.00505148
0.00621057
0.00750821
0.0089402
0.0105009
0.0121938
0.0140139
0.0159559
0.0180143
0.0201839
0.0224502
0.0248151
0.0272726
0.0298156
0.0324365
0.0351273
0.0378797
0.0406848
0.0435331
0.0464121
0.0493075
0.052199
0.0550568
0.0578351
0.0604608
0.0628024
0.0646337
0.0656759
0.0653593
0.0626204
0.0574227
0.0512174
0.0447806
0.0385292
0.032674
0.0273158
0.022497
0.0182306
0.01452
0.0113362
0.00859373
0.00628623
0.00443002
0.00298829
0.00191585
0.00115886
0.000656706
0.000346495
0.000171684
8.11739e-05
3.69129e-05
1.62413e-05
6.94937e-06
2.90357e-06
1.18843e-06
4.77943e-07
1.89239e-07
7.3873e-08
2.84486e-08
1.08179e-08
4.06377e-09
1.50827e-09
5.52926e-10
1.99983e-10
7.11269e-11
2.46544e-11
8.11749e-12
2.3306e-12
3.44572e-13
1.32171e-13
8.74046e-13
3.00606e-12
9.05701e-12
2.6039e-11
7.32658e-11
2.03484e-10
5.59372e-10
1.52273e-09
4.1029e-09
1.0931e-08
2.87528e-08
7.45302e-08
1.90137e-07
4.77585e-07
1.17453e-06
2.81579e-06
6.5485e-06
1.46961e-05
3.16263e-05
6.42751e-05
0.000122105
0.00021806
0.000366813
0.000584073
0.000885372
0.001285
0.00179539
0.00242671
0.00318671
0.00408089
0.0051127
0.00628381
0.00759092
0.0090296
0.0106099
0.0123206
0.0141583
0.016117
0.0181868
0.0203575
0.0226412
0.0250247
0.0274999
0.0300595
0.0326959
0.0354013
0.0381673
0.0409851
0.0438449
0.0467342
0.0496378
0.0525352
0.0553952
0.05817
0.060782
0.0630925
0.0648672
0.0658124
0.0653215
0.0622787
0.0569268
0.0506524
0.0441965
0.0379552
0.0321274
0.0268073
0.0220338
0.0178179
0.0141621
0.0110298
0.00833068
0.00607469
0.00426716
0.00286952
0.0018349
0.00110811
0.000628028
0.000332361
0.000165776
7.90636e-05
3.62432e-05
1.60683e-05
6.92434e-06
2.91238e-06
1.19954e-06
4.84779e-07
1.92583e-07
7.53115e-08
2.90363e-08
1.10436e-08
4.14589e-09
1.53669e-09
5.62304e-10
2.0293e-10
7.20041e-11
2.49005e-11
8.18467e-12
2.34707e-12
3.46813e-13
1.40719e-13
9.31269e-13
3.20781e-12
9.68458e-12
2.79053e-11
7.86871e-11
2.18963e-10
6.02869e-10
1.64304e-09
4.4303e-09
1.18082e-08
3.10736e-08
8.06245e-08
2.05731e-07
5.14081e-07
1.25707e-06
2.99719e-06
6.93037e-06
1.54857e-05
3.32066e-05
6.71751e-05
0.000127385
0.000226252
0.000378638
0.00060035
0.000907121
0.00131345
0.00183194
0.00247289
0.0032442
0.00415147
0.00519832
0.00638375
0.00770379
0.00917057
0.0107716
0.0125027
0.0143563
0.0163265
0.0184098
0.0206162
0.0229288
0.0253394
0.0278407
0.0304254
0.0330858
0.0358141
0.0386018
0.04144
0.0443182
0.047224
0.0501413
0.0530482
0.0559118
0.0586807
0.061272
0.063532
0.0652215
0.0660182
0.0652715
0.0617866
0.0562207
0.0498596
0.0433912
0.0371799
0.0314065
0.026155
0.0214579
0.0173229
0.0137495
0.0106902
0.00805315
0.00586437
0.00411575
0.00276723
0.001771
0.00107185
0.000609739
0.000324354
0.000162534
7.79283e-05
3.5933e-05
1.60169e-05
6.93519e-06
2.92874e-06
1.20994e-06
4.90127e-07
1.9512e-07
7.6432e-08
2.94933e-08
1.1221e-08
4.21183e-09
1.56029e-09
5.70459e-10
2.05658e-10
7.28911e-11
2.51811e-11
8.26785e-12
2.36894e-12
3.49897e-13
1.49169e-13
9.87228e-13
3.4009e-12
1.02687e-11
2.95902e-11
8.34344e-11
2.32125e-10
6.38841e-10
1.73989e-09
4.6867e-09
1.24733e-08
3.27528e-08
8.46975e-08
2.15381e-07
5.38062e-07
1.31467e-06
3.12699e-06
7.22048e-06
1.60702e-05
3.42754e-05
6.90518e-05
0.000130446
0.000231514
0.000387597
0.00061437
0.000927774
0.00134239
0.00187101
0.00252397
0.00330896
0.00423114
0.00529311
0.00649408
0.0078419
0.00932582
0.0109429
0.0126887
0.0145585
0.0165595
0.0186876
0.0209256
0.0232677
0.0257073
0.0282372
0.0308499
0.0335374
0.0362917
0.0391041
0.0419652
0.0448642
0.0477882
0.05072
0.0536363
0.0565018
0.0592614
0.0618265
0.0640207
0.0656139
0.0662487
0.0652174
0.0612644
0.0554773
0.0490327
0.0425601
0.0363885
0.0306792
0.0255045
0.0208901
0.0168399
0.0133502
0.0103604
0.00778306
0.00565805
0.00396442
0.00266154
0.00170137
0.00102904
0.00058545
0.000311795
0.000156545
7.52456e-05
3.48144e-05
1.55844e-05
6.77941e-06
2.87636e-06
1.19381e-06
4.85818e-07
1.94095e-07
7.62569e-08
2.94962e-08
1.12423e-08
4.22523e-09
1.56657e-09
5.7304e-10
2.06639e-10
7.32418e-11
2.52979e-11
8.30428e-12
2.37885e-12
3.5131e-13
1.57558e-13
1.04269e-12
3.59164e-12
1.08438e-11
3.12464e-11
8.81071e-11
2.45144e-10
6.74732e-10
1.83775e-09
4.95036e-09
1.31748e-08
3.45971e-08
8.9505e-08
2.27691e-07
5.67565e-07
1.38216e-06
3.28443e-06
7.5719e-06
1.68332e-05
3.58511e-05
7.19429e-05
0.00013523
0.000238843
0.000398123
0.000630062
0.00095004
0.00137311
0.00191185
0.00257655
0.00337455
0.00431071
0.00538728
0.0066081
0.00796953
0.00946809
0.0111067
0.0128834
0.014797
0.0168333
0.0189878
0.0212541
0.0236253
0.026094
0.0286527
0.0312936
0.0340084
0.0367888
0.0396256
0.0425093
0.0454284
0.0483695
0.0513144
0.0542381
0.057103
0.0598504
0.0623851
0.0645051
0.0659974
0.0664642
0.0651411
0.0607493
0.0547611
0.0482459
0.0417767
0.0356485
0.030004
0.0249046
0.0203698
0.0164005
0.0129893
0.0100615
0.00753982
0.00547342
0.00382985
0.00256818
0.00164033
0.000991832
0.000564532
0.000301077
0.000151462
7.29923e-05
3.38731e-05
1.52111e-05
6.63813e-06
2.8251e-06
1.17582e-06
4.7965e-07
1.92105e-07
7.56445e-08
2.93171e-08
1.1193e-08
4.21266e-09
1.56367e-09
5.72463e-10
2.06553e-10
7.32409e-11
2.53065e-11
8.30903e-12
2.38042e-12
3.51531e-13
1.65462e-13
1.09496e-12
3.77099e-12
1.13796e-11
3.2771e-11
9.23654e-11
2.56895e-10
7.06825e-10
1.92443e-09
5.18152e-09
1.3782e-08
3.61634e-08
9.34485e-08
2.37281e-07
5.90976e-07
1.44049e-06
3.41477e-06
7.85011e-06
1.74016e-05
3.69751e-05
7.40144e-05
0.000138889
0.000245032
0.000407857
0.000643737
0.000969439
0.00139993
0.00194781
0.00262432
0.0034351
0.00438593
0.00547996
0.00671912
0.00810378
0.00963513
0.0113054
0.013111
0.0150474
0.0171091
0.0192904
0.0215843
0.0239833
0.0264799
0.0290662
0.0317339
0.0344745
0.0372792
0.0401387
0.0430429
0.0459799
0.0489356
0.051891
0.0548194
0.0576807
0.0604124
0.0629132
0.0649507
0.0663347
0.0666204
0.0649824
0.0602316
0.0540855
0.0475216
0.0410651
0.0349822
0.0293998
0.0243703
0.019908
0.0160111
0.0126678
0.00979566
0.00732558
0.00530903
0.00370892
0.00248333
0.00158397
0.000956703
0.000544178
0.000290211
0.000146099
7.05031e-05
3.27791e-05
1.47527e-05
6.45398e-06
2.75381e-06
1.14913e-06
4.69955e-07
1.88681e-07
7.44665e-08
2.89217e-08
1.10634e-08
4.17116e-09
1.55069e-09
5.68504e-10
2.0538e-10
7.29041e-11
2.52121e-11
8.2834e-12
2.37394e-12
3.50605e-13
1.72177e-13
1.13935e-12
3.92521e-12
1.18585e-11
3.41837e-11
9.63674e-11
2.6794e-10
7.37083e-10
2.00654e-09
5.40188e-09
1.43658e-08
3.76878e-08
9.73699e-08
2.47217e-07
6.14943e-07
1.49699e-06
3.54789e-06
8.15133e-06
1.80503e-05
3.82896e-05
7.64425e-05
0.000143098
0.000251876
0.00041846
0.000659516
0.000991501
0.00142933
0.00198658
0.00267284
0.00349543
0.00446159
0.00557456
0.00683612
0.00824762
0.00980268
0.0114987
0.0133311
0.0152938
0.0173807
0.0195864
0.0219056
0.0243306
0.0268531
0.0294648
0.0321571
0.0349211
0.0377477
0.0406272
0.0435493
0.0465013
0.0494687
0.0524314
0.0553609
0.0582146
0.0609258
0.0633854
0.065347
0.0666075
0.066687
0.0646824
0.0596924
0.0534461
0.0468603
0.0404267
0.0343903
0.0288662
0.0239001
0.0195025
0.0156695
0.0123846
0.00956121
0.00713813
0.0051645
0.00360205
0.00240799
0.0015337
0.000925214
0.000525825
0.000280341
0.000141195
6.82063e-05
3.17578e-05
1.43186e-05
6.27647e-06
2.68365e-06
1.12222e-06
4.5991e-07
1.85023e-07
7.31652e-08
2.84688e-08
1.09091e-08
4.11965e-09
1.53386e-09
5.63128e-10
2.03703e-10
7.23948e-11
2.50616e-11
8.24041e-12
2.36272e-12
3.48992e-13
1.78568e-13
1.18133e-12
4.06698e-12
1.22723e-11
3.53698e-11
9.9835e-11
2.78002e-10
7.65046e-10
2.08217e-09
5.60444e-09
1.49019e-08
3.90854e-08
1.00951e-07
2.56226e-07
6.37386e-07
1.54853e-06
3.66836e-06
8.41747e-06
1.86139e-05
3.94309e-05
7.86036e-05
0.000146961
0.000258361
0.000428741
0.000674956
0.00101358
0.0014599
0.00202691
0.00272295
0.00355988
0.00454128
0.00567097
0.0069497
0.00837524
0.00994941
0.0116679
0.0135253
0.0155184
0.0176351
0.0198677
0.0222109
0.02466
0.0272062
0.029841
0.0325554
0.0353402
0.0381861
0.041083
0.0440202
0.0469846
0.0499608
0.052928
0.055856
0.0587
0.0613883
0.0638046
0.0656921
0.0668314
0.0667087
0.0643312
0.0591678
0.0528562
0.0462657
0.0398602
0.0338692
0.0283987
0.0234895
0.0191489
0.0153719
0.0121374
0.00935587
0.00697421
0.0050378
0.00350795
0.00234128
0.00148889
0.000896914
0.000509157
0.000271254
0.000136627
6.60384e-05
3.07796e-05
1.38963e-05
6.10102e-06
2.61318e-06
1.09475e-06
4.49486e-07
1.81165e-07
7.17699e-08
2.7975e-08
1.0738e-08
4.0616e-09
1.51457e-09
5.56855e-10
2.01709e-10
7.1776e-11
2.48745e-11
8.18584e-12
2.34826e-12
3.46906e-13
1.85001e-13
1.22367e-12
4.21122e-12
1.27009e-11
3.65611e-11
1.03006e-10
2.86622e-10
7.89612e-10
2.15099e-09
5.79182e-09
1.54022e-08
4.03985e-08
1.04339e-07
2.64838e-07
6.59089e-07
1.60239e-06
3.79057e-06
8.68714e-06
1.91864e-05
4.05918e-05
8.07806e-05
0.000150782
0.000264681
0.000438668
0.000689826
0.00103491
0.00148934
0.0020646
0.00277397
0.00362452
0.00462158
0.00576799
0.00706469
0.0085108
0.0101041
0.0118409
0.0137169
0.0157247
0.0178637
0.0201258
0.0224948
0.0249667
0.0275347
0.0301903
0.0329244
0.0357276
0.0385902
0.0415021
0.0444521
0.0474268
0.0504099
0.05338
0.056306
0.0591403
0.0618076
0.0641804
0.066003
0.0670349
0.0667249
0.0640207
0.0587056
0.0523382
0.0457454
0.039366
0.0334156
0.0279925
0.0231329
0.0188419
0.0151134
0.0119224
0.00917666
0.00683111
0.00492702
0.00342543
0.00228257
0.00144928
0.00087179
0.000494281
0.000263094
0.000132505
6.40698e-05
2.9885e-05
1.35069e-05
5.93774e-06
2.54693e-06
1.06864e-06
4.39467e-07
1.77412e-07
7.03959e-08
2.74828e-08
1.05653e-08
4.00225e-09
1.49459e-09
5.50271e-10
1.99587e-10
7.11073e-11
2.4669e-11
8.12492e-12
2.33193e-12
3.44542e-13
1.91284e-13
1.26511e-12
4.35313e-12
1.31264e-11
3.77792e-11
1.06421e-10
2.95853e-10
8.13734e-10
2.2169e-09
5.96827e-09
1.58703e-08
4.16218e-08
1.07478e-07
2.72707e-07
6.78252e-07
1.64712e-06
3.8954e-06
8.92528e-06
1.97023e-05
4.16524e-05
8.27988e-05
0.000154375
0.000270683
0.000448133
0.000704025
0.00105532
0.0015169
0.00210218
0.00282246
0.00368549
0.00469652
0.00585838
0.00717185
0.00863592
0.0102481
0.0120046
0.0139007
0.0159305
0.0180873
0.0203635
0.0227568
0.0252489
0.0278365
0.0305105
0.033262
0.0360812
0.0389584
0.0418832
0.0448442
0.0478275
0.0508165
0.053789
0.0567126
0.0595379
0.0621865
0.0645183
0.066284
0.0672214
0.066747
0.063762
0.0583149
0.0518975
0.045301
0.0389428
0.0330263
0.0276432
0.0228258
0.0185771
0.0148903
0.0117362
0.00902091
0.00670663
0.00483049
0.00335334
0.00223112
0.00141446
0.000849609
0.000481084
0.000255813
0.000128809
6.22947e-05
2.90733e-05
1.31512e-05
5.78756e-06
2.48554e-06
1.04426e-06
4.30037e-07
1.73851e-07
6.90814e-08
2.70078e-08
1.03973e-08
3.94399e-09
1.4748e-09
5.43687e-10
1.97443e-10
7.04242e-11
2.44566e-11
8.06128e-12
2.31474e-12
3.42048e-13
1.96861e-13
1.30188e-12
4.47889e-12
1.35031e-11
3.88568e-11
1.09442e-10
3.04217e-10
8.36641e-10
2.27725e-09
6.13117e-09
1.6304e-08
4.27569e-08
1.10399e-07
2.8007e-07
6.96095e-07
1.69122e-06
3.99821e-06
9.15591e-06
2.01973e-05
4.26628e-05
8.47091e-05
0.000157763
0.000276335
0.000457042
0.000717385
0.00107429
0.00154267
0.00213731
0.00286775
0.00374227
0.00476617
0.0059422
0.00727103
0.00875147
0.0103808
0.0121551
0.0140692
0.0161172
0.0182922
0.020587
0.0229945
0.0255052
0.0281102
0.0308007
0.0335673
0.0364005
0.0392903
0.0422262
0.0451964
0.048187
0.0511809
0.0541551
0.0570763
0.0598932
0.0625248
0.0648198
0.0665353
0.06739
0.0667727
0.0635459
0.0579851
0.0515241
0.0449236
0.0385825
0.0326942
0.0273446
0.0225627
0.0183499
0.0146988
0.0115755
0.00888606
0.00659878
0.00474674
0.00329068
0.00218629
0.00138404
0.000830171
0.000469483
0.000249388
0.000125536
6.07172e-05
2.83489e-05
1.28323e-05
5.65223e-06
2.42992e-06
1.02205e-06
4.21389e-07
1.70565e-07
6.786e-08
2.65635e-08
1.02389e-08
3.88869e-09
1.45588e-09
5.37341e-10
1.95357e-10
6.97535e-11
2.4246e-11
7.99755e-12
2.2974e-12
3.39524e-13
2.01769e-13
1.33424e-12
4.58962e-12
1.38351e-11
3.98082e-11
1.12117e-10
3.11663e-10
8.57178e-10
2.33277e-09
6.28055e-09
1.66992e-08
4.37918e-08
1.13065e-07
2.86831e-07
7.12795e-07
1.73114e-06
4.09154e-06
9.36571e-06
2.06489e-05
4.35871e-05
8.64644e-05
0.000160885
0.000281548
0.000465259
0.000729684
0.00109142
0.00156695
0.0021693
0.00290912
0.00379421
0.00482979
0.00601859
0.00736115
0.00885618
0.0105008
0.012291
0.0142214
0.0162858
0.0184773
0.0207879
0.0232088
0.025736
0.0283561
0.0310606
0.0338403
0.0366856
0.0395861
0.0425314
0.0455094
0.0485061
0.051504
0.0544794
0.057398
0.0602073
0.0628236
0.0650856
0.0667573
0.0675402
0.0667992
0.0633646
0.0577063
0.0512079
0.0446036
0.0382766
0.0324119
0.0270904
0.0223385
0.018156
0.0145354
0.0114375
0.00876992
0.00650579
0.00467445
0.00323649
0.00214745
0.00135762
0.00081326
0.000459365
0.00024377
0.000122666
5.93294e-05
2.77094e-05
1.25497e-05
5.53183e-06
2.38023e-06
1.00211e-06
4.13591e-07
1.67586e-07
6.67471e-08
2.61564e-08
1.0093e-08
3.83744e-09
1.43823e-09
5.3138e-10
1.93385e-10
6.91139e-11
2.40434e-11
7.93573e-12
2.28049e-12
3.37058e-13
2.0609e-13
1.36274e-12
4.68725e-12
1.41282e-11
4.06494e-11
1.14486e-10
3.18265e-10
8.75427e-10
2.38301e-09
6.41484e-09
1.70563e-08
4.47275e-08
1.15477e-07
2.92896e-07
7.27968e-07
1.76763e-06
4.17661e-06
9.55663e-06
2.10589e-05
4.4425e-05
8.80519e-05
0.000163704
0.000286251
0.000472663
0.00074063
0.00110751
0.00158893
0.00219829
0.00294632
0.00384082
0.00488686
0.00608706
0.00744185
0.0089498
0.0106079
0.0124119
0.0143564
0.0164352
0.018641
0.0209662
0.0234027
0.0259417
0.0285741
0.0312905
0.0340813
0.0369368
0.0398465
0.0427997
0.0457843
0.048786
0.051787
0.0547631
0.0576792
0.0604815
0.0630844
0.0653173
0.066951
0.067672
0.0668245
0.0632124
0.0574711
0.0509408
0.0443333
0.0380181
0.0321732
0.0268752
0.0221484
0.0179915
0.0143961
0.0113203
0.00867057
0.0064262
0.0046125
0.00319
0.00211408
0.00133489
0.00079868
0.000450627
0.000238908
0.000120178
5.81229e-05
2.71519e-05
1.23027e-05
5.42622e-06
2.33649e-06
9.84493e-07
4.06675e-07
1.64933e-07
6.57516e-08
2.57906e-08
9.96128e-09
3.79091e-09
1.42212e-09
5.25909e-10
1.91562e-10
6.85189e-11
2.38535e-11
7.87744e-12
2.26448e-12
3.3472e-13
2.09856e-13
1.38759e-12
4.77245e-12
1.43842e-11
4.13852e-11
1.1656e-10
3.2405e-10
8.91413e-10
2.42674e-09
6.53306e-09
1.73715e-08
4.55549e-08
1.1761e-07
2.98209e-07
7.41329e-07
1.79996e-06
4.25213e-06
9.72654e-06
2.14243e-05
4.51712e-05
8.94645e-05
0.000166212
0.00029044
0.000479282
0.000750387
0.0011215
0.00160825
0.002224
0.00297933
0.00388204
0.00493721
0.00614738
0.00751288
0.00903216
0.0107021
0.0125183
0.0144752
0.0165664
0.0187845
0.0211218
0.0235699
0.0261207
0.0287638
0.0314903
0.0342907
0.0371548
0.0400722
0.043032
0.046022
0.0490278
0.0520312
0.0550077
0.0579215
0.0607177
0.0633089
0.0655163
0.0671176
0.0677857
0.0668474
0.0630854
0.057274
0.0507169
0.0441066
0.0378013
0.0319728
0.0266945
0.0219887
0.017853
0.0142789
0.0112216
0.00858649
0.00635879
0.00455999
0.00315055
0.00208572
0.00131555
0.000786261
0.000443174
0.000234755
0.000118049
5.70887e-05
2.66729e-05
1.20898e-05
5.335e-06
2.2986e-06
9.69187e-07
4.00646e-07
1.62612e-07
6.48775e-08
2.54681e-08
9.84467e-09
3.74956e-09
1.40773e-09
5.20996e-10
1.89916e-10
6.79781e-11
2.36799e-11
7.82383e-12
2.24968e-12
3.32557e-13
2.13078e-13
1.40885e-12
4.84541e-12
1.46038e-11
4.20168e-11
1.18343e-10
3.29026e-10
9.05174e-10
2.46443e-09
6.63507e-09
1.7644e-08
4.62721e-08
1.19465e-07
3.02982e-07
7.53018e-07
1.82811e-06
4.31789e-06
9.87456e-06
2.1743e-05
4.58234e-05
9.0701e-05
0.000168407
0.000294101
0.000484978
0.000759107
0.00113388
0.0016251
0.00224618
0.00300773
0.00391754
0.00498059
0.00619934
0.00757401
0.00910296
0.010783
0.0126095
0.0145769
0.0166787
0.0189074
0.0212552
0.0237135
0.0262736
0.0289257
0.0316608
0.034469
0.0373402
0.040264
0.0432293
0.0462237
0.0492328
0.0522382
0.0552148
0.0581264
0.0609173
0.0634984
0.0656842
0.067258
0.0678816
0.0668671
0.0629804
0.0571108
0.0505315
0.0439189
0.0376218
0.0318069
0.0265448
0.0218562
0.0177382
0.0141815
0.0111396
0.00851647
0.00630259
0.00451618
0.00311762
0.00206203
0.00129937
0.000775862
0.000436925
0.000231269
0.00011626
5.62181e-05
2.62689e-05
1.19099e-05
5.25772e-06
2.26642e-06
9.56152e-07
3.95496e-07
1.60624e-07
6.41263e-08
2.519e-08
9.74373e-09
3.71361e-09
1.39517e-09
5.16687e-10
1.88465e-10
6.74988e-11
2.35251e-11
7.77578e-12
2.23639e-12
3.30611e-13
2.15762e-13
1.42658e-12
4.90626e-12
1.4787e-11
4.25443e-11
1.19833e-10
3.33186e-10
9.16691e-10
2.49603e-09
6.72051e-09
1.78724e-08
4.68734e-08
1.21001e-07
3.06933e-07
7.62847e-07
1.85187e-06
4.37352e-06
9.99991e-06
2.2013e-05
4.63756e-05
9.17477e-05
0.000170265
0.000297179
0.000489775
0.000766253
0.00114408
0.00163908
0.0022647
0.00303153
0.0039473
0.00501694
0.00624284
0.00762516
0.00916217
0.0108505
0.0126856
0.0146618
0.0167723
0.0190096
0.0213657
0.023832
0.0263992
0.0290595
0.0318019
0.0346167
0.0374938
0.0404227
0.0433924
0.0463904
0.0494021
0.0524089
0.0553856
0.0582953
0.0610817
0.0636544
0.0658221
0.0673733
0.0679603
0.0668831
0.0628952
0.0569784
0.0503811
0.0437666
0.0374762
0.0316723
0.0264233
0.0217487
0.0176449
0.0141023
0.0110728
0.00845944
0.0062568
0.00448047
0.00309077
0.0020427
0.00128617
0.000767362
0.000431813
0.000228414
0.000114793
5.55036e-05
2.59367e-05
1.17617e-05
5.1939e-06
2.23979e-06
9.45339e-07
3.91213e-07
1.58966e-07
6.3498e-08
2.49567e-08
9.65876e-09
3.68324e-09
1.38451e-09
5.13015e-10
1.87223e-10
6.7086e-11
2.33911e-11
7.73399e-12
2.22479e-12
3.28912e-13
2.17917e-13
1.44081e-12
4.95514e-12
1.49342e-11
4.29683e-11
1.2103e-10
3.3653e-10
9.25938e-10
2.52131e-09
6.78915e-09
1.8056e-08
4.73555e-08
1.22269e-07
3.10134e-07
7.70797e-07
1.87108e-06
4.4185e-06
1.01013e-05
2.22315e-05
4.68232e-05
9.25967e-05
0.000171764
0.000299649
0.000493724
0.000772142
0.00115245
0.0016505
0.00227973
0.00305076
0.00397127
0.00504616
0.00627777
0.00766619
0.00920961
0.0109046
0.0127466
0.0147297
0.0168471
0.0190913
0.0214542
0.0239272
0.0265012
0.029167
0.0319146
0.0347344
0.037616
0.040549
0.0435222
0.0465228
0.0495365
0.0525444
0.055521
0.0584292
0.0612119
0.063778
0.0659311
0.0674644
0.0680224
0.0668954
0.0628282
0.0568744
0.0502631
0.0436472
0.037362
0.0315667
0.026328
0.0216643
0.0175717
0.0140402
0.0110204
0.00841461
0.00622077
0.00445237
0.00306962
0.00202747
0.00127575
0.000760655
0.000427777
0.000226159
0.000113633
5.49379e-05
2.56733e-05
1.1644e-05
5.14312e-06
2.21855e-06
9.36696e-07
3.87783e-07
1.57635e-07
6.29922e-08
2.47683e-08
9.58991e-09
3.65855e-09
1.37581e-09
5.10003e-10
1.86198e-10
6.6744e-11
2.32794e-11
7.69899e-12
2.21504e-12
3.27483e-13
2.19542e-13
1.45155e-12
4.99204e-12
1.50454e-11
4.32889e-11
1.21936e-10
3.39062e-10
9.32933e-10
2.54042e-09
6.84116e-09
1.81949e-08
4.77219e-08
1.23227e-07
3.12573e-07
7.76853e-07
1.88572e-06
4.45279e-06
1.01786e-05
2.23978e-05
4.71618e-05
9.32327e-05
0.000172882
0.000301535
0.000496675
0.000776518
0.00115867
0.00165902
0.002291
0.0030652
0.0039893
0.00506816
0.00630407
0.00769707
0.00924531
0.0109453
0.0127924
0.0147806
0.0169032
0.0191526
0.0215205
0.0239983
0.026577
0.0292472
0.031999
0.0348225
0.0377075
0.0406434
0.0436191
0.0466217
0.0496369
0.0526455
0.0556221
0.0585291
0.061309
0.06387
0.0660122
0.067532
0.0680682
0.066904
0.0627782
0.0567972
0.0501755
0.0435587
0.0372774
0.0314885
0.0262574
0.0216018
0.0175174
0.0139941
0.0109814
0.00838128
0.00619399
0.00443147
0.00305388
0.00201613
0.00126799
0.000755656
0.000424767
0.000224475
0.000112767
5.45149e-05
2.54761e-05
1.15557e-05
5.10496e-06
2.20256e-06
9.30176e-07
3.85188e-07
1.56626e-07
6.26076e-08
2.46246e-08
9.53722e-09
3.63957e-09
1.36909e-09
5.07668e-10
1.854e-10
6.64759e-11
2.31914e-11
7.67128e-12
2.2073e-12
3.26346e-13
2.2063e-13
1.45873e-12
5.0167e-12
1.51197e-11
4.35024e-11
1.22539e-10
3.40741e-10
9.37584e-10
2.55325e-09
6.87582e-09
1.82881e-08
4.79709e-08
1.2387e-07
3.14206e-07
7.80903e-07
1.89549e-06
4.47556e-06
1.02296e-05
2.2507e-05
4.73841e-05
9.36545e-05
0.000173641
0.0003028
0.000498664
0.000779487
0.0011629
0.0016648
0.00229862
0.00307496
0.00400147
0.00508298
0.00632177
0.00771784
0.00926931
0.0109727
0.0128231
0.0148148
0.0169409
0.0191936
0.0215648
0.0240458
0.0266274
0.0293003
0.0320548
0.0348809
0.0377682
0.0407061
0.0436835
0.0466875
0.0497036
0.0527128
0.0556892
0.0585954
0.0613735
0.0639311
0.0660659
0.0675767
0.0680984
0.0669092
0.0627445
0.0567456
0.0501171
0.0434996
0.037221
0.0314364
0.0262103
0.0215601
0.0174812
0.0139634
0.0109554
0.00835904
0.00617612
0.00441751
0.00304337
0.00200855
0.0012628
0.000752306
0.000422747
0.000223345
0.000112185
5.42302e-05
2.53432e-05
1.14961e-05
5.07914e-06
2.19171e-06
9.25745e-07
3.83421e-07
1.55936e-07
6.2344e-08
2.45258e-08
9.50084e-09
3.62641e-09
1.36441e-09
5.06032e-10
1.84837e-10
6.62856e-11
2.31285e-11
7.65137e-12
2.20171e-12
3.25525e-13
2.21195e-13
1.46246e-12
5.0295e-12
1.51583e-11
4.36138e-11
1.22854e-10
3.41628e-10
9.40052e-10
2.56003e-09
6.89422e-09
1.83374e-08
4.81e-08
1.24203e-07
3.15047e-07
7.82984e-07
1.90051e-06
4.48733e-06
1.02562e-05
2.25645e-05
4.75025e-05
9.38793e-05
0.000174036
0.000303454
0.000499685
0.000781
0.00116504
0.00166771
0.00230244
0.00307984
0.00400754
0.00509037
0.00633059
0.00772819
0.00928126
0.0109863
0.0128385
0.0148319
0.0169596
0.0192141
0.021587
0.0240696
0.0266528
0.0293272
0.0320831
0.0349103
0.0377987
0.0407375
0.0437157
0.0467204
0.0497369
0.0527463
0.0557227
0.0586284
0.0614055
0.0639615
0.0660924
0.0675987
0.068113
0.0669112
0.0627271
0.0567191
0.0500873
0.0434697
0.0371924
0.03141
0.0261866
0.0215391
0.017463
0.013948
0.0109424
0.00834789
0.00616717
0.00441054
0.00303813
0.00200478
0.00126022
0.000750647
0.000421745
0.000222781
0.000111893
5.40871e-05
2.52762e-05
1.1466e-05
5.0661e-06
2.18623e-06
9.23494e-07
3.82519e-07
1.55582e-07
6.2208e-08
2.44744e-08
9.48179e-09
3.61946e-09
1.36191e-09
5.05147e-10
1.84529e-10
6.61798e-11
2.30931e-11
7.63998e-12
2.19849e-12
3.25049e-13
2.21255e-13
1.46285e-12
5.03088e-12
1.51624e-11
4.36258e-11
1.22888e-10
3.41722e-10
9.40309e-10
2.56072e-09
6.89606e-09
1.83422e-08
4.81125e-08
1.24234e-07
3.15126e-07
7.83177e-07
1.90097e-06
4.4884e-06
1.02586e-05
2.25697e-05
4.75129e-05
9.38988e-05
0.00017407
0.000303508
0.000499767
0.000781117
0.00116519
0.0016679
0.00230268
0.00308012
0.00400788
0.00509076
0.00633103
0.00772868
0.0092818
0.0109869
0.0128391
0.0148326
0.0169604
0.0192149
0.0215878
0.0240705
0.0266538
0.0293282
0.032084
0.0349113
0.0377996
0.0407385
0.0437166
0.0467212
0.0497378
0.0527471
0.0557235
0.0586291
0.0614062
0.063962
0.0660928
0.0675988
0.0681128
0.0669104
0.0627252
0.0567168
0.0500849
0.0434673
0.0371902
0.0314081
0.0261848
0.0215376
0.0174617
0.0139469
0.0109415
0.00834708
0.00616651
0.00441002
0.00303774
0.00200449
0.00126002
0.000750515
0.000421664
0.000222734
0.000111868
5.40744e-05
2.52701e-05
1.14632e-05
5.06481e-06
2.18566e-06
9.2325e-07
3.82417e-07
1.5554e-07
6.21908e-08
2.44675e-08
9.47906e-09
3.61839e-09
1.3615e-09
5.04989e-10
1.84469e-10
6.61577e-11
2.30851e-11
7.63726e-12
2.19769e-12
3.24929e-13
2.20803e-13
1.45987e-12
5.02063e-12
1.51315e-11
4.35368e-11
1.22636e-10
3.41015e-10
9.38344e-10
2.55529e-09
6.88117e-09
1.83023e-08
4.80067e-08
1.23958e-07
3.14421e-07
7.8143e-07
1.89676e-06
4.47857e-06
1.02365e-05
2.25221e-05
4.74157e-05
9.37146e-05
0.000173743
0.000302963
0.000498908
0.000779829
0.00116334
0.00166534
0.00229929
0.00307578
0.00400245
0.00508413
0.00632308
0.00771931
0.00927092
0.0109744
0.012825
0.0148168
0.0169429
0.0191958
0.0215671
0.0240484
0.0266302
0.0293032
0.0320578
0.0348838
0.037771
0.0407089
0.0436862
0.0466902
0.0497062
0.0527152
0.0556916
0.0585976
0.0613755
0.0639328
0.066067
0.0675771
0.0680977
0.0669066
0.0627389
0.0567387
0.05011
0.0434928
0.0372146
0.0314306
0.0262052
0.0215556
0.0174773
0.0139601
0.0109526
0.00835665
0.00617419
0.004416
0.00304222
0.00200771
0.00126222
0.000751924
0.000422512
0.00022321
0.000112113
5.41939e-05
2.53256e-05
1.14879e-05
5.07544e-06
2.19009e-06
9.25045e-07
3.83126e-07
1.55814e-07
6.22943e-08
2.45058e-08
9.49291e-09
3.6233e-09
1.36321e-09
5.0557e-10
1.84662e-10
6.62207e-11
2.31051e-11
7.64336e-12
2.19935e-12
3.25171e-13
2.19813e-13
1.45333e-12
4.99815e-12
1.50637e-11
4.33411e-11
1.22082e-10
3.39466e-10
9.34049e-10
2.54352e-09
6.84938e-09
1.82175e-08
4.77834e-08
1.23381e-07
3.12962e-07
7.778e-07
1.88796e-06
4.45791e-06
1.01898e-05
2.24215e-05
4.72096e-05
9.33237e-05
0.000173049
0.000301807
0.000497088
0.000777097
0.00115951
0.00166013
0.00229238
0.00306687
0.00399126
0.00507041
0.00630662
0.00769992
0.00924846
0.0109488
0.0127961
0.0147846
0.0169074
0.0191569
0.0215249
0.0240025
0.0265814
0.0292516
0.0320034
0.034827
0.037712
0.0406478
0.0436235
0.0466261
0.0496411
0.0526497
0.055626
0.0585328
0.0613124
0.0638729
0.0660141
0.0675328
0.0680671
0.0668997
0.0627687
0.0567857
0.0501636
0.0435471
0.0372666
0.0314787
0.0262487
0.0215942
0.0175108
0.0139885
0.0109767
0.00837723
0.00619073
0.00442891
0.00305195
0.00201472
0.00126701
0.000755015
0.000424372
0.000224249
0.000112647
5.44546e-05
2.5447e-05
1.15421e-05
5.09881e-06
2.19985e-06
9.29011e-07
3.84697e-07
1.56422e-07
6.25245e-08
2.45912e-08
9.52394e-09
3.63436e-09
1.36707e-09
5.06895e-10
1.85108e-10
6.63675e-11
2.31524e-11
7.65798e-12
2.20339e-12
3.25761e-13
2.18277e-13
1.44318e-12
4.96327e-12
1.49585e-11
4.30378e-11
1.21225e-10
3.37068e-10
9.27411e-10
2.52533e-09
6.80007e-09
1.80845e-08
4.74304e-08
1.22458e-07
3.10619e-07
7.7199e-07
1.87393e-06
4.42511e-06
1.0116e-05
2.22625e-05
4.68848e-05
9.27089e-05
0.00017196
0.000299995
0.00049425
0.00077291
0.00115347
0.00165185
0.00228146
0.00305289
0.00397382
0.00504913
0.00628116
0.00766999
0.00921382
0.0109092
0.0127515
0.0147349
0.0168526
0.0190971
0.0214603
0.0239336
0.0265075
0.0291732
0.0319209
0.0347407
0.0376223
0.0405552
0.0435284
0.0465289
0.0495425
0.0525502
0.0555266
0.0584344
0.0612167
0.0637821
0.0659338
0.0674655
0.0680209
0.0668894
0.0628149
0.0568583
0.0502463
0.043631
0.0373469
0.0315531
0.0263158
0.0216537
0.0175625
0.0140324
0.0110137
0.00840899
0.00621626
0.00444885
0.00306696
0.00202554
0.00127442
0.000759786
0.000427245
0.000225855
0.000113473
5.48572e-05
2.56343e-05
1.16258e-05
5.13489e-06
2.21492e-06
9.35135e-07
3.87123e-07
1.57361e-07
6.28802e-08
2.47232e-08
9.57196e-09
3.65149e-09
1.37307e-09
5.08954e-10
1.85802e-10
6.65967e-11
2.32263e-11
7.6809e-12
2.20971e-12
3.26686e-13
2.16198e-13
1.42946e-12
4.91613e-12
1.48165e-11
4.26287e-11
1.20069e-10
3.33837e-10
9.18461e-10
2.50077e-09
6.73334e-09
1.79061e-08
4.69608e-08
1.21245e-07
3.07517e-07
7.64269e-07
1.85526e-06
4.38137e-06
1.00174e-05
2.20502e-05
4.64503e-05
9.18853e-05
0.000170499
0.000297562
0.000490414
0.0007671
0.0011453
0.00164074
0.0022668
0.00303411
0.00395039
0.00502054
0.00624696
0.0076298
0.0091673
0.0108561
0.0126917
0.0146683
0.0167792
0.0190169
0.0213734
0.0238401
0.026408
0.0290678
0.0318101
0.0346248
0.0375019
0.0404308
0.0434005
0.0463983
0.0494098
0.0524164
0.0553927
0.0583021
0.0610878
0.0636597
0.0658256
0.0673748
0.0679584
0.0668755
0.0628782
0.0569576
0.0503594
0.0437457
0.0374567
0.0316546
0.0264076
0.0217349
0.017633
0.0140923
0.0110643
0.00845225
0.00625103
0.00447598
0.00308738
0.00204025
0.00128448
0.000766265
0.000431144
0.000228033
0.000114592
5.54026e-05
2.58879e-05
1.1739e-05
5.18363e-06
2.23526e-06
9.43387e-07
3.90389e-07
1.58624e-07
6.3358e-08
2.49003e-08
9.63629e-09
3.67441e-09
1.38108e-09
5.11701e-10
1.86726e-10
6.69015e-11
2.33245e-11
7.7113e-12
2.21811e-12
3.27912e-13
2.13579e-13
1.41216e-12
4.85677e-12
1.46379e-11
4.21144e-11
1.18616e-10
3.2978e-10
9.07231e-10
2.46998e-09
6.64986e-09
1.76826e-08
4.63705e-08
1.19709e-07
3.03592e-07
7.54568e-07
1.8319e-06
4.32678e-06
9.89457e-06
2.17858e-05
4.59099e-05
9.08613e-05
0.000168682
0.000294538
0.000485679
0.000760134
0.00113528
0.00162694
0.00224853
0.00301066
0.00392109
0.00498477
0.00620415
0.00757946
0.00910902
0.0107896
0.0126167
0.0145846
0.0166869
0.018916
0.0212641
0.0237227
0.0262828
0.0289353
0.0316706
0.0344789
0.0373502
0.0402739
0.0432392
0.0462334
0.0492423
0.0522473
0.0552236
0.0581347
0.0609248
0.0635048
0.0656885
0.0672598
0.0678793
0.0668578
0.0629595
0.0570852
0.0505049
0.0438931
0.0375979
0.0317852
0.0265255
0.0218393
0.0177236
0.0141691
0.0111292
0.00850766
0.00629553
0.00451067
0.00311347
0.00205904
0.00129732
0.000774523
0.000436109
0.000230804
0.000116015
5.60952e-05
2.62096e-05
1.18823e-05
5.24523e-06
2.26092e-06
9.53784e-07
3.94496e-07
1.60209e-07
6.39568e-08
2.51218e-08
9.7166e-09
3.70296e-09
1.39103e-09
5.15104e-10
1.87867e-10
6.72768e-11
2.3445e-11
7.7485e-12
2.22835e-12
3.29408e-13
2.10418e-13
1.3913e-12
4.78522e-12
1.44227e-11
4.14957e-11
1.16871e-10
3.2491e-10
8.93761e-10
2.43308e-09
6.55001e-09
1.74165e-08
4.56726e-08
1.17911e-07
2.98991e-07
7.43207e-07
1.80439e-06
4.26242e-06
9.74971e-06
2.14742e-05
4.52729e-05
8.96543e-05
0.000166539
0.000290963
0.000480048
0.000751699
0.00112324
0.00161045
0.0022267
0.00298264
0.00388604
0.00494196
0.0061529
0.00751918
0.00903923
0.0107099
0.0125268
0.0144844
0.0165761
0.0187948
0.0211326
0.0235811
0.0261318
0.0287752
0.031502
0.0343025
0.0371665
0.0400839
0.0430437
0.0460335
0.049039
0.0520421
0.0550181
0.0579313
0.0607266
0.0633165
0.0655215
0.0671198
0.0677831
0.0668364
0.0630606
0.0572436
0.0506853
0.0440759
0.0377729
0.031947
0.0266715
0.0219685
0.0178357
0.0142642
0.0112092
0.00857599
0.00635037
0.00455342
0.0031456
0.00208215
0.00131309
0.000784661
0.000442197
0.000234198
0.000117756
5.69418e-05
2.66021e-05
1.20569e-05
5.32013e-06
2.29206e-06
9.66373e-07
3.99459e-07
1.6212e-07
6.46768e-08
2.53874e-08
9.81261e-09
3.73699e-09
1.40286e-09
5.19133e-10
1.89213e-10
6.77175e-11
2.3586e-11
7.79184e-12
2.24027e-12
3.31147e-13
2.06714e-13
1.36686e-12
4.70144e-12
1.4171e-11
4.07726e-11
1.14834e-10
3.19231e-10
8.78081e-10
2.39021e-09
6.43417e-09
1.71075e-08
4.48611e-08
1.15818e-07
2.93754e-07
7.29969e-07
1.77254e-06
4.18815e-06
9.58241e-06
2.11139e-05
4.45359e-05
8.82572e-05
0.000164059
0.000286828
0.000473535
0.000741937
0.00110901
0.00159107
0.00220123
0.00295009
0.00384541
0.00489229
0.00609335
0.00744904
0.00895788
0.0106169
0.0124217
0.0143669
0.0164462
0.0186522
0.0209772
0.0234129
0.0259538
0.028587
0.0313038
0.0340949
0.0369504
0.03986
0.0428132
0.0457975
0.048799
0.0517995
0.0547751
0.0576905
0.0604919
0.0630933
0.0653234
0.0669537
0.0676691
0.0668119
0.0631837
0.0574357
0.050904
0.0442976
0.037985
0.0321431
0.0268485
0.022125
0.0179712
0.014379
0.0113059
0.00865832
0.00641637
0.00460482
0.00318421
0.00210989
0.001332
0.000796802
0.00044948
0.000238254
0.000119834
5.79503e-05
2.70688e-05
1.2264e-05
5.4088e-06
2.32884e-06
9.81204e-07
4.0529e-07
1.6436e-07
6.5518e-08
2.56968e-08
9.9241e-09
3.77636e-09
1.41648e-09
5.23757e-10
1.90751e-10
6.82183e-11
2.37453e-11
7.84061e-12
2.25364e-12
3.33097e-13
2.02463e-13
1.33882e-12
4.6054e-12
1.38827e-11
3.99455e-11
1.12505e-10
3.12745e-10
8.60157e-10
2.34087e-09
6.30227e-09
1.67568e-08
4.39417e-08
1.1345e-07
2.87791e-07
7.15079e-07
1.73693e-06
4.10464e-06
9.39437e-06
2.07091e-05
4.37078e-05
8.6687e-05
0.000161272
0.00028218
0.000466226
0.000731046
0.00109385
0.00156996
0.00217287
0.00291332
0.00379927
0.00483583
0.00602565
0.00736924
0.00886525
0.0105108
0.0123017
0.0142328
0.0162978
0.0184901
0.0208022
0.0232266
0.0257519
0.0283715
0.031076
0.0338558
0.036701
0.0396015
0.0425467
0.0455245
0.0485209
0.0515183
0.0544931
0.0574109
0.060219
0.0628337
0.0650926
0.0667604
0.0675369
0.0667849
0.0633317
0.0576659
0.0511657
0.0445628
0.0382387
0.0323775
0.0270597
0.0223116
0.0181328
0.0145157
0.0114208
0.00875589
0.00649452
0.00466563
0.00322983
0.00214263
0.0013543
0.000811095
0.000458041
0.000243014
0.000122269
5.913e-05
2.76134e-05
1.25052e-05
5.51174e-06
2.37141e-06
9.98325e-07
4.12001e-07
1.66929e-07
6.64798e-08
2.60492e-08
1.00506e-08
3.82086e-09
1.43182e-09
5.28937e-10
1.92465e-10
6.87737e-11
2.3921e-11
7.89413e-12
2.26826e-12
3.35227e-13
1.97646e-13
1.30706e-12
4.49666e-12
1.35565e-11
3.901e-11
1.09872e-10
3.0541e-10
8.39912e-10
2.28604e-09
6.15465e-09
1.63657e-08
4.29178e-08
1.10814e-07
2.81144e-07
6.99066e-07
1.69754e-06
4.01247e-06
9.18719e-06
2.02633e-05
4.27957e-05
8.49581e-05
0.000158201
0.000277056
0.000458149
0.000718945
0.00107648
0.00154558
0.00214083
0.00287235
0.00374805
0.00477306
0.00595018
0.00728008
0.00876157
0.0103919
0.0121671
0.0140821
0.0161307
0.0183062
0.020601
0.0230113
0.0255222
0.0281273
0.0308179
0.0335846
0.0364179
0.0393076
0.0422433
0.0452133
0.0482036
0.051197
0.0541706
0.0570909
0.0599065
0.0625362
0.0648277
0.0665388
0.0673864
0.0667566
0.0635088
0.0579394
0.0514764
0.0448774
0.0385395
0.0326552
0.0273098
0.0225323
0.0183236
0.0146765
0.0115566
0.00887017
0.006586
0.00473674
0.00328312
0.00218081
0.00138025
0.000827705
0.000467973
0.000248525
0.000125082
6.04895e-05
2.82393e-05
1.27814e-05
5.62932e-06
2.41988e-06
1.01775e-06
4.19584e-07
1.6982e-07
6.75578e-08
2.64426e-08
1.01912e-08
3.87005e-09
1.44869e-09
5.34603e-10
1.94328e-10
6.93733e-11
2.41093e-11
7.95107e-12
2.28374e-12
3.37478e-13
1.92213e-13
1.27124e-12
4.3741e-12
1.31891e-11
3.79574e-11
1.06914e-10
2.97192e-10
8.17321e-10
2.22643e-09
5.99395e-09
1.59383e-08
4.1799e-08
1.07932e-07
2.7385e-07
6.81029e-07
1.65337e-06
3.91172e-06
8.96159e-06
1.97789e-05
4.18067e-05
8.30858e-05
0.000154878
0.00027151
0.000449401
0.000705839
0.00105773
0.00152053
0.00210618
0.00282764
0.00369201
0.00470425
0.00586726
0.00718191
0.00864717
0.0102605
0.0120182
0.0139154
0.015946
0.0181029
0.0203842
0.022774
0.025267
0.0278551
0.0305295
0.0332811
0.0361005
0.0389776
0.0419023
0.044863
0.0478459
0.0508344
0.0538062
0.0567288
0.0595527
0.0621992
0.0645272
0.066288
0.0672174
0.0667291
0.0637205
0.0582638
0.0518441
0.0452493
0.0388946
0.0329825
0.0276042
0.0227916
0.0185475
0.0148652
0.0117151
0.00900308
0.00669227
0.00481924
0.00334482
0.00222494
0.00141019
0.000846821
0.000479375
0.000254835
0.000128294
6.20368e-05
2.89492e-05
1.30936e-05
5.76167e-06
2.47421e-06
1.03941e-06
4.28006e-07
1.73015e-07
6.87427e-08
2.68726e-08
1.0344e-08
3.92323e-09
1.46681e-09
5.40649e-10
1.96302e-10
7.00034e-11
2.43056e-11
8.00997e-12
2.29965e-12
3.39788e-13
1.86091e-13
1.23087e-12
4.23593e-12
1.27752e-11
3.67752e-11
1.03616e-10
2.8815e-10
7.936e-10
2.16172e-09
5.82011e-09
1.54767e-08
4.05922e-08
1.04833e-07
2.66056e-07
6.61952e-07
1.60981e-06
3.80612e-06
8.72351e-06
1.92677e-05
4.07597e-05
8.10972e-05
0.000151342
0.0002656
0.000440068
0.000691834
0.00103765
0.00149295
0.00207046
0.00277958
0.00363163
0.00462976
0.00577726
0.00707541
0.00852315
0.0101178
0.0118562
0.0137321
0.015745
0.0178877
0.0201466
0.0225142
0.0249866
0.0275552
0.0302111
0.0329454
0.0357487
0.0386113
0.0415231
0.0444728
0.047447
0.0504295
0.0533989
0.0563238
0.0591566
0.0618217
0.0641903
0.0660075
0.0670306
0.0667053
0.0639748
0.058649
0.0522789
0.0456879
0.0393125
0.0333669
0.0279491
0.0230948
0.0188089
0.0150854
0.0118988
0.00915678
0.00681507
0.00491443
0.00341588
0.00227563
0.00144449
0.000868656
0.000492357
0.000261992
0.000131925
6.3779e-05
2.97451e-05
1.3442e-05
5.9086e-06
2.53419e-06
1.0632e-06
4.37193e-07
1.76478e-07
7.00185e-08
2.73324e-08
1.05062e-08
3.97928e-09
1.48577e-09
5.46924e-10
1.98333e-10
7.06454e-11
2.45035e-11
8.0688e-12
2.31544e-12
3.42075e-13
1.79516e-13
1.18755e-12
4.08798e-12
1.23335e-11
3.55363e-11
1.00263e-10
2.79329e-10
7.69061e-10
2.09354e-09
5.63545e-09
1.49843e-08
3.93003e-08
1.01502e-07
2.57619e-07
6.40884e-07
1.55715e-06
3.68705e-06
8.45987e-06
1.87071e-05
3.96253e-05
7.89707e-05
0.000147584
0.000259345
0.000430261
0.000677203
0.00101668
0.00146397
0.00203233
0.00273139
0.00356879
0.00455114
0.00568048
0.00696077
0.00839051
0.00996758
0.0116879
0.0135491
0.0155402
0.0176549
0.0198868
0.0222314
0.0246815
0.0272285
0.0298637
0.0325783
0.0353633
0.0382091
0.0411058
0.0440428
0.0470067
0.0499823
0.0529486
0.0558755
0.0587177
0.0614036
0.063816
0.0656974
0.066827
0.0666875
0.064281
0.0591057
0.0527911
0.0462024
0.0398011
0.0338154
0.0283508
0.0234473
0.0191124
0.0153409
0.0121112
0.00933381
0.00695637
0.00502378
0.00349731
0.00233354
0.00148353
0.000893407
0.000507002
0.000270019
0.000135977
6.57124e-05
3.06229e-05
1.38237e-05
6.06847e-06
2.59897e-06
1.08869e-06
4.46959e-07
1.80129e-07
7.13523e-08
2.78091e-08
1.06729e-08
4.03636e-09
1.5049e-09
5.5319e-10
2.00339e-10
7.1272e-11
2.46941e-11
8.12468e-12
2.3303e-12
3.44218e-13
1.73215e-13
1.1462e-12
3.94873e-12
1.19294e-11
3.43949e-11
9.69991e-11
2.69729e-10
7.41871e-10
2.01933e-09
5.43589e-09
1.44554e-08
3.7921e-08
9.79693e-08
2.48757e-07
6.19173e-07
1.50595e-06
3.56907e-06
8.20049e-06
1.81544e-05
3.8499e-05
7.68266e-05
0.000143769
0.000252945
0.000420095
0.000661985
0.000994842
0.00143394
0.00199161
0.00268012
0.00350502
0.00447364
0.00559077
0.00685466
0.00826536
0.00982068
0.011517
0.0133491
0.0153118
0.0173996
0.0196072
0.021928
0.024354
0.0268773
0.0294894
0.032182
0.0349461
0.0377727
0.040652
0.0435738
0.0465252
0.049492
0.0524537
0.055382
0.058234
0.0609426
0.0633982
0.0653533
0.0666035
0.0666657
0.0646299
0.0596261
0.0533758
0.0467915
0.0403622
0.0343315
0.0288136
0.0238538
0.0194623
0.0156354
0.0123558
0.0095369
0.00711841
0.00514896
0.00359025
0.00239939
0.00152774
0.00092131
0.000523424
0.000278964
0.00014047
6.78428e-05
3.15833e-05
1.42379e-05
6.2403e-06
2.6679e-06
1.11552e-06
4.57118e-07
1.83881e-07
7.27058e-08
2.82865e-08
1.08377e-08
4.09203e-09
1.5233e-09
5.59133e-10
2.02212e-10
7.18472e-11
2.48658e-11
8.17411e-12
2.34326e-12
3.46079e-13
1.66671e-13
1.10299e-12
3.79888e-12
1.14649e-11
3.30153e-11
9.30423e-11
2.58758e-10
7.11895e-10
1.93809e-09
5.21796e-09
1.38781e-08
3.64138e-08
9.40949e-08
2.3893e-07
5.94668e-07
1.44862e-06
3.43605e-06
7.89606e-06
1.75016e-05
3.71857e-05
7.44091e-05
0.000139611
0.000246169
0.000409549
0.000646617
0.000973706
0.0014055
0.00195558
0.00263287
0.00344522
0.00439774
0.00549314
0.00673316
0.00811882
0.00965122
0.0113226
0.0131293
0.0150671
0.0171308
0.0193137
0.0216087
0.0240087
0.026506
0.0290927
0.0317607
0.0345014
0.0373061
0.0401653
0.0430692
0.0460056
0.0489607
0.0519152
0.0548423
0.0577019
0.0604312
0.0629282
0.064959
0.066334
0.066605
0.0649418
0.0601674
0.0540129
0.0474486
0.0409957
0.0349185
0.0293425
0.0243197
0.0198641
0.0159736
0.0126362
0.009769
0.00730384
0.00529187
0.00369587
0.00247382
0.00157737
0.000952374
0.000541514
0.000288683
0.000145294
7.00999e-05
3.25857e-05
1.46635e-05
6.41405e-06
2.73645e-06
1.14176e-06
4.66889e-07
1.87429e-07
7.39635e-08
2.87224e-08
1.09855e-08
4.14106e-09
1.53919e-09
5.64161e-10
2.03761e-10
7.23106e-11
2.50003e-11
8.21174e-12
2.35293e-12
3.4746e-13
1.58862e-13
1.05129e-12
3.62109e-12
1.09321e-11
3.14993e-11
8.88148e-11
2.47098e-10
6.80067e-10
1.85216e-09
4.98884e-09
1.32762e-08
3.48606e-08
9.01787e-08
2.29402e-07
5.72436e-07
1.39414e-06
3.30805e-06
7.61913e-06
1.69316e-05
3.60561e-05
7.23707e-05
0.00013595
0.000240052
0.000400477
0.000633148
0.000954284
0.00137858
0.00191881
0.00258509
0.0033849
0.00432298
0.00540122
0.00662405
0.00798793
0.00948791
0.0111278
0.0129052
0.0148191
0.0168573
0.0190133
0.0212807
0.0236527
0.026122
0.0286811
0.0313222
0.0340372
0.0368175
0.0396541
0.0425374
0.0454559
0.0483963
0.0513403
0.0542628
0.0571261
0.059871
0.0624023
0.0645157
0.0659998
0.0664533
0.0651072
0.0606853
0.0546855
0.0481683
0.0417023
0.0355797
0.0299419
0.0248496
0.020322
0.0163596
0.0129549
0.0100327
0.00751563
0.00545446
0.00381546
0.00255769
0.00163304
0.000987043
0.000561582
0.000299383
0.00015057
7.25458e-05
3.36593e-05
1.51126e-05
6.59416e-06
2.80602e-06
1.16774e-06
4.76295e-07
1.90737e-07
7.5096e-08
2.91001e-08
1.11083e-08
4.17997e-09
1.55119e-09
5.67746e-10
2.04791e-10
7.25986e-11
2.50778e-11
8.23182e-12
2.35779e-12
3.48147e-13
1.50552e-13
9.96352e-13
3.43215e-12
1.03623e-11
2.9858e-11
8.41836e-11
2.34194e-10
6.44495e-10
1.75518e-09
4.72766e-09
1.25819e-08
3.30377e-08
8.54358e-08
2.17205e-07
5.41909e-07
1.32524e-06
3.15364e-06
7.27528e-06
1.61882e-05
3.45452e-05
6.95471e-05
0.000131337
0.000233061
0.000389635
0.000617143
0.000931442
0.00134725
0.00187724
0.0025317
0.00331837
0.00424246
0.00530686
0.00650949
0.007859
0.00934617
0.0109665
0.0127155
0.0145873
0.0165885
0.0187168
0.020955
0.0232975
0.0257375
0.0282676
0.0308804
0.033568
0.0363222
0.0391343
0.041995
0.0448934
0.0478167
0.0507476
0.0536626
0.0565265
0.0592838
0.0618455
0.0640336
0.0656189
0.0662409
0.0651875
0.0611993
0.0553979
0.0489502
0.0424804
0.0363145
0.0306122
0.0254449
0.0208381
0.0167953
0.0133128
0.0103288
0.00775665
0.00563729
0.00394862
0.00264999
0.00169333
0.00102375
0.000582191
0.000309925
0.000155562
7.47546e-05
3.45801e-05
1.54767e-05
6.73151e-06
2.85564e-06
1.18506e-06
4.82186e-07
1.92608e-07
7.56629e-08
2.92616e-08
1.11506e-08
4.1898e-09
1.55308e-09
5.6798e-10
2.0477e-10
7.25566e-11
2.50534e-11
8.22177e-12
2.35469e-12
3.47695e-13
1.42186e-13
9.40943e-13
3.24092e-12
9.78376e-12
2.81886e-11
7.94792e-11
2.21148e-10
6.08837e-10
1.65916e-09
4.47332e-09
1.19213e-08
3.13655e-08
8.13581e-08
2.07542e-07
5.18448e-07
1.26785e-06
3.02346e-06
6.9984e-06
1.56319e-05
3.34818e-05
6.77206e-05
0.000128239
0.000227585
0.000380603
0.000603232
0.00091116
0.00131887
0.00183892
0.00248159
0.00325472
0.00416389
0.0052127
0.00640073
0.00772224
0.00919026
0.010793
0.0125265
0.0143838
0.0163566
0.0184406
0.0206477
0.0229608
0.0253717
0.0278732
0.0304579
0.0331183
0.0358463
0.0386337
0.0414714
0.0443491
0.0472541
0.0501704
0.053076
0.055938
0.0587045
0.0612925
0.0635465
0.0652281
0.0660119
0.0652418
0.0617187
0.0561369
0.0497719
0.0433061
0.0371004
0.0313343
0.0260907
0.0214016
0.0172745
0.0137087
0.0106559
0.00802443
0.00584171
0.00409845
0.00275455
0.00176214
0.00106601
0.000606132
0.000322285
0.000161451
7.73891e-05
3.56738e-05
1.58984e-05
6.88268e-06
2.90605e-06
1.20037e-06
4.8618e-07
1.93526e-07
7.57941e-08
2.9242e-08
1.11233e-08
4.17431e-09
1.54602e-09
5.65086e-10
2.03659e-10
7.21607e-11
2.49217e-11
8.18035e-12
2.3433e-12
3.46061e-13
1.33704e-13
8.84151e-13
3.04061e-12
9.16033e-12
2.63336e-11
7.40878e-11
2.05749e-10
5.65549e-10
1.53942e-09
4.14755e-09
1.10491e-08
2.90626e-08
7.53273e-08
1.9215e-07
4.82522e-07
1.1864e-06
2.8437e-06
6.61259e-06
1.48356e-05
3.19026e-05
6.47617e-05
0.000123039
0.000219609
0.000369179
0.000587492
0.000890076
0.00129124
0.0018034
0.00243663
0.00319866
0.00409492
0.0051288
0.0063019
0.00761166
0.00905211
0.0106339
0.0123459
0.0141847
0.0161447
0.0182171
0.0203895
0.0226742
0.0250581
0.0275336
0.0300933
0.0327297
0.0354348
0.0382005
0.0410178
0.0438769
0.0467654
0.0496681
0.0525642
0.0554225
0.0581949
0.0608035
0.0631081
0.0648743
0.0658055
0.0652913
0.0622079
0.056839
0.0505601
0.0441064
0.0378709
0.0320505
0.0267386
0.0219734
0.0177658
0.0141181
0.0109928
0.00829962
0.00605008
0.0042483
0.00285566
0.0018252
0.00110172
0.000624094
0.000330121
0.000164608
7.84842e-05
3.59694e-05
1.59435e-05
6.86905e-06
2.88874e-06
1.18968e-06
4.80714e-07
1.90934e-07
7.46552e-08
2.87771e-08
1.09429e-08
4.10719e-09
1.52196e-09
5.56754e-10
2.00864e-10
7.1248e-11
2.46305e-11
8.09342e-12
2.32032e-12
3.42811e-13
1.27746e-13
8.43645e-13
2.89365e-12
8.68649e-12
2.48705e-11
6.96822e-11
1.92754e-10
5.28e-10
1.43329e-09
3.85493e-09
1.02659e-08
2.70451e-08
7.04189e-08
1.80835e-07
4.56518e-07
1.1278e-06
2.71646e-06
6.34883e-06
1.43147e-05
3.09255e-05
6.31168e-05
0.000120392
0.00021534
0.000362636
0.000577926
0.000876645
0.00127298
0.0017792
0.0024053
0.00315895
0.0040456
0.00506864
0.00622976
0.00752918
0.00896342
0.010526
0.0122205
0.0140419
0.0159852
0.0180447
0.0202153
0.0224828
0.0248486
0.0273067
0.02985
0.0324709
0.0351616
0.0379137
0.0407184
0.043566
0.0464442
0.0493386
0.0522288
0.0550848
0.0578608
0.0604831
0.0628188
0.0646416
0.0656698
0.0653288
0.0625477
0.057332
0.0511219
0.0446871
0.0384415
0.0325938
0.0272439
0.0224336
0.0181757
0.0144735
0.011297
0.0085607
0.00625991
0.00440973
0.00297326
0.00190526
0.00115183
0.00065235
0.000343993
0.000170378
8.05326e-05
3.66144e-05
1.61069e-05
6.89092e-06
2.87868e-06
1.17806e-06
4.73711e-07
1.87541e-07
7.31961e-08
2.81835e-08
1.07149e-08
4.02411e-09
1.49316e-09
5.4723e-10
1.97862e-10
7.03499e-11
2.43776e-11
8.024e-12
2.30321e-12
3.40475e-13
)
;

boundaryField
{
    fuel
    {
        type            fixedValue;
        value           uniform 0;
    }
    air
    {
        type            fixedValue;
        value           uniform 0;
    }
    outlet
    {
        type            inletOutlet;
        inletValue      uniform 0;
        value           nonuniform List<scalar> 
200
(
1.26163e-13
8.3321e-13
2.85799e-12
8.57992e-12
2.45669e-11
6.88358e-11
1.90424e-10
5.21644e-10
1.41611e-09
3.80895e-09
1.01442e-08
2.67285e-08
6.96048e-08
1.78782e-07
4.51414e-07
1.1154e-06
2.6872e-06
6.28232e-06
1.41703e-05
3.06298e-05
6.25661e-05
0.000119412
0.000213708
0.0003601
0.00057421
0.000871467
0.00126612
0.00177046
0.00239454
0.00314608
0.00403057
0.00505148
0.00621057
0.00750821
0.0089402
0.0105009
0.0121938
0.0140139
0.0159559
0.0180143
0.0201839
0.0224502
0.0248151
0.0272726
0.0298156
0.0324365
0.0351273
0.0378797
0.0406848
0.0435331
0.0464121
0.0493075
0.052199
0.0550568
0.0578351
0.0604608
0.0628024
0.0646337
0.0656759
0.0653593
0.0626204
0.0574227
0.0512174
0.0447806
0.0385292
0.032674
0.0273158
0.022497
0.0182306
0.01452
0.0113362
0.00859373
0.00628623
0.00443002
0.00298829
0.00191585
0.00115886
0.000656706
0.000346495
0.000171684
8.11739e-05
3.69129e-05
1.62413e-05
6.94937e-06
2.90357e-06
1.18843e-06
4.77943e-07
1.89239e-07
7.3873e-08
2.84486e-08
1.08179e-08
4.06377e-09
1.50827e-09
5.52926e-10
1.99983e-10
7.11269e-11
2.46544e-11
8.11749e-12
2.3306e-12
3.44572e-13
1.27746e-13
8.43645e-13
2.89365e-12
8.68649e-12
2.48705e-11
6.96822e-11
1.92754e-10
5.28e-10
1.43329e-09
3.85493e-09
1.02659e-08
2.70451e-08
7.04189e-08
1.80835e-07
4.56518e-07
1.1278e-06
2.71646e-06
6.34883e-06
1.43147e-05
3.09255e-05
6.31168e-05
0.000120392
0.00021534
0.000362636
0.000577926
0.000876645
0.00127298
0.0017792
0.0024053
0.00315895
0.0040456
0.00506864
0.00622976
0.00752918
0.00896342
0.010526
0.0122205
0.0140419
0.0159852
0.0180447
0.0202153
0.0224828
0.0248486
0.0273067
0.02985
0.0324709
0.0351616
0.0379137
0.0407184
0.043566
0.0464442
0.0493386
0.0522288
0.0550848
0.0578608
0.0604831
0.0628188
0.0646416
0.0656698
0.0653288
0.0625477
0.057332
0.0511219
0.0446871
0.0384415
0.0325938
0.0272439
0.0224336
0.0181757
0.0144735
0.011297
0.0085607
0.00625991
0.00440973
0.00297326
0.00190526
0.00115183
0.00065235
0.000343993
0.000170378
8.05326e-05
3.66144e-05
1.61069e-05
6.89092e-06
2.87868e-06
1.17806e-06
4.73711e-07
1.87541e-07
7.31961e-08
2.81835e-08
1.07149e-08
4.02411e-09
1.49316e-09
5.4723e-10
1.97862e-10
7.03499e-11
2.43776e-11
8.024e-12
2.30321e-12
3.40475e-13
)
;
    }
    frontAndBack
    {
        type            empty;
    }
}


// ************************************************************************* //
