/*--------------------------------*- C++ -*----------------------------------*\
  =========                 |
  \\      /  F ield         | OpenFOAM: The Open Source CFD Toolbox
   \\    /   O peration     | Website:  https://openfoam.org
    \\  /    A nd           | Version:  11
     \\/     M anipulation  |
\*---------------------------------------------------------------------------*/
FoamFile
{
    format      ascii;
    class       volScalarField;
    location    "0.05";
    object      N2;
}
// * * * * * * * * * * * * * * * * * * * * * * * * * * * * * * * * * * * * * //

dimensions      [0 0 0 0 0 0 0];

internalField   nonuniform List<scalar> 
4000
(
1.80417e-07
1.10756e-06
3.26107e-06
7.84514e-06
1.70058e-05
3.4475e-05
6.66006e-05
0.000123976
0.000223989
0.000394772
0.000681232
0.00115409
0.00192293
0.00315498
0.00510168
0.00813069
0.0127608
0.0196894
0.0297945
0.0440826
0.0632844
0.0875313
0.116703
0.150276
0.187441
0.227231
0.26865
0.310769
0.352771
0.393975
0.433846
0.471982
0.508102
0.542021
0.573687
0.603098
0.630202
0.65506
0.677757
0.698391
0.717068
0.733919
0.749039
0.762539
0.77453
0.785119
0.794409
0.802498
0.809478
0.815438
0.820459
0.82462
0.827993
0.830648
0.832649
0.834057
0.834925
0.835303
0.835257
0.834818
0.834023
0.832894
0.831446
0.829686
0.827621
0.825254
0.82259
0.81964
0.816417
0.812952
0.809266
0.805312
0.801137
0.796879
0.792634
0.788517
0.784657
0.781188
0.778215
0.775833
0.774037
0.772732
0.771812
0.77118
0.770755
0.770475
0.770294
0.770178
0.770106
0.770062
0.770036
0.77002
0.770011
0.770006
0.770003
0.770001
0.770001
0.77
0.77
0.77
1.74937e-07
1.07324e-06
3.15852e-06
7.59847e-06
1.64809e-05
3.34521e-05
6.47449e-05
0.000120815
0.000218916
0.000387084
0.000670225
0.00113925
0.00190473
0.00313607
0.00508577
0.00811772
0.0127515
0.019677
0.0297611
0.0439974
0.0630636
0.0871008
0.116006
0.149293
0.186189
0.225759
0.267032
0.309075
0.351064
0.392308
0.432259
0.470505
0.506752
0.540853
0.572717
0.602194
0.629384
0.654331
0.677117
0.697847
0.716634
0.733543
0.748708
0.762245
0.774264
0.784876
0.794181
0.802281
0.809266
0.815227
0.820245
0.8244
0.827765
0.830409
0.832398
0.833792
0.834645
0.835007
0.834942
0.83449
0.833675
0.832526
0.831056
0.829272
0.827181
0.824788
0.822101
0.819128
0.815887
0.812412
0.808719
0.804752
0.80059
0.796359
0.792156
0.788097
0.784311
0.780922
0.778031
0.775722
0.773976
0.772698
0.771793
0.77117
0.770749
0.770471
0.770291
0.770177
0.770105
0.770061
0.770035
0.77002
0.770011
0.770006
0.770003
0.770001
0.770001
0.77
0.77
0.77
1.67273e-07
1.02653e-06
3.02421e-06
7.28929e-06
1.5854e-05
3.22933e-05
6.27624e-05
0.000117659
0.000214248
0.000380731
0.000662464
0.00113121
0.00189841
0.00313404
0.0050919
0.00814337
0.0128023
0.0197602
0.0298796
0.0441377
0.0631646
0.0871141
0.115879
0.148992
0.185699
0.225086
0.26619
0.308092
0.349976
0.391152
0.431073
0.469322
0.505628
0.539814
0.571665
0.601226
0.628508
0.653565
0.676467
0.697295
0.71612
0.733078
0.748287
0.76186
0.773909
0.784542
0.793862
0.801969
0.808956
0.814913
0.819922
0.824065
0.827414
0.830041
0.83201
0.833384
0.834213
0.834556
0.834478
0.833995
0.833156
0.831984
0.830491
0.828685
0.826574
0.824164
0.821464
0.818485
0.815247
0.811786
0.808111
0.804163
0.800048
0.795877
0.791746
0.787765
0.784058
0.780742
0.777911
0.775641
0.773925
0.77267
0.771777
0.77116
0.770743
0.770467
0.770288
0.770175
0.770104
0.77006
0.770034
0.770019
0.77001
0.770005
0.770003
0.770001
0.770001
0.77
0.77
0.77
1.59486e-07
9.79626e-07
2.89148e-06
6.98844e-06
1.52519e-05
3.11895e-05
6.08767e-05
0.000114629
0.000209643
0.000374101
0.000653411
0.00111953
0.00188471
0.00312032
0.00508187
0.00813724
0.0128053
0.0197757
0.0299053
0.0441661
0.0631605
0.0870568
0.11575
0.148768
0.18536
0.224624
0.265611
0.307412
0.349215
0.390338
0.430234
0.468495
0.504826
0.538978
0.570897
0.600535
0.627898
0.653026
0.675964
0.696801
0.715663
0.732658
0.747897
0.761495
0.773561
0.784204
0.793529
0.801634
0.808614
0.814559
0.819554
0.823678
0.827007
0.829611
0.831557
0.832907
0.833709
0.83403
0.833928
0.833429
0.832573
0.831383
0.829873
0.828052
0.825928
0.82351
0.820806
0.817828
0.8146
0.811159
0.807501
0.803568
0.799494
0.795373
0.791299
0.787384
0.783746
0.780498
0.777731
0.775512
0.773833
0.772605
0.771734
0.771131
0.770724
0.770455
0.770281
0.77017
0.770101
0.770059
0.770033
0.770019
0.77001
0.770005
0.770003
0.770001
0.770001
0.77
0.77
0.77
1.53007e-07
9.40884e-07
2.78315e-06
6.74664e-06
1.47768e-05
3.0337e-05
5.94571e-05
0.00011242
0.000206433
0.000369771
0.00064809
0.00111382
0.00187974
0.00311783
0.0050839
0.00815075
0.0128365
0.0198298
0.0299886
0.0442875
0.0632832
0.0871588
0.115812
0.148776
0.185305
0.224497
0.265406
0.307131
0.348867
0.389937
0.429797
0.468035
0.504337
0.538518
0.570465
0.600122
0.627491
0.652606
0.675555
0.696421
0.715307
0.732321
0.747574
0.761181
0.773251
0.783893
0.793211
0.801306
0.808271
0.814199
0.819173
0.823275
0.82658
0.82916
0.831082
0.832409
0.833184
0.833483
0.833364
0.83285
0.83198
0.830778
0.829256
0.827425
0.825295
0.822873
0.82017
0.817199
0.813984
0.810565
0.806922
0.803008
0.798975
0.794904
0.790887
0.787034
0.783462
0.780279
0.777569
0.775398
0.773756
0.772554
0.771699
0.771108
0.770709
0.770445
0.770274
0.770165
0.770098
0.770057
0.770032
0.770018
0.77001
0.770005
0.770003
0.770001
0.770001
0.77
0.77
0.77
1.48142e-07
9.1163e-07
2.70084e-06
6.5633e-06
1.44195e-05
2.96974e-05
5.83914e-05
0.000110753
0.000203977
0.000366369
0.000643679
0.00110852
0.00187395
0.00311254
0.00508206
0.00815471
0.0128482
0.0198582
0.0300403
0.0443624
0.0633698
0.0872501
0.115897
0.148842
0.185341
0.224498
0.265369
0.307056
0.348756
0.38979
0.429617
0.467824
0.504109
0.538274
0.570198
0.599842
0.627207
0.652335
0.675292
0.696166
0.715056
0.732072
0.747325
0.760926
0.772988
0.783618
0.792921
0.800998
0.807943
0.813848
0.818798
0.822875
0.826155
0.828711
0.830609
0.831915
0.832662
0.832945
0.83281
0.832285
0.831406
0.830195
0.828665
0.82683
0.824696
0.822274
0.819573
0.81661
0.81341
0.810009
0.806381
0.802488
0.79849
0.794461
0.790494
0.786696
0.783182
0.780057
0.777402
0.775277
0.773672
0.772497
0.771662
0.771084
0.770693
0.770435
0.770268
0.770161
0.770095
0.770055
0.770031
0.770017
0.770009
0.770005
0.770002
0.770001
0.770001
0.77
0.77
0.77
1.44945e-07
8.92937e-07
2.6494e-06
6.44445e-06
1.41747e-05
2.92489e-05
5.76509e-05
0.000109597
0.000202287
0.000364062
0.000640774
0.00110525
0.00187094
0.00311101
0.00508346
0.00816252
0.0128703
0.019898
0.0301062
0.0444667
0.0634982
0.0873959
0.116051
0.148991
0.185476
0.224609
0.265454
0.307114
0.348787
0.389792
0.429592
0.467772
0.504033
0.538177
0.570089
0.599721
0.627076
0.652195
0.675145
0.696011
0.714893
0.731898
0.747138
0.760725
0.772769
0.78338
0.792662
0.800715
0.807636
0.813515
0.81844
0.822491
0.825746
0.828277
0.830153
0.831438
0.832167
0.832435
0.83229
0.831753
0.830865
0.829648
0.828113
0.826274
0.82414
0.821719
0.819023
0.816067
0.81288
0.809495
0.805882
0.80201
0.798043
0.794052
0.79013
0.786382
0.782921
0.77985
0.777246
0.775165
0.773593
0.772443
0.771626
0.77106
0.770678
0.770425
0.770262
0.770158
0.770093
0.770054
0.77003
0.770017
0.770009
0.770005
0.770002
0.770001
0.77
0.77
0.77
0.77
1.4204e-07
8.75689e-07
2.60277e-06
6.35045e-06
1.40043e-05
2.89403e-05
5.70868e-05
0.000108676
0.000200919
0.00036211
0.000638127
0.00110188
0.00186706
0.00310726
0.00508135
0.00816501
0.0128821
0.0199262
0.0301612
0.0445569
0.0636188
0.0875459
0.116225
0.149181
0.185672
0.224802
0.265636
0.307278
0.34892
0.389903
0.42968
0.467838
0.504078
0.538202
0.570097
0.599714
0.627054
0.652156
0.675088
0.695935
0.714798
0.731784
0.747003
0.760567
0.772588
0.783174
0.79243
0.800457
0.807351
0.813204
0.818102
0.822128
0.825359
0.827868
0.829723
0.830989
0.831702
0.831958
0.831798
0.831255
0.830363
0.829141
0.827604
0.825764
0.823629
0.82121
0.818519
0.815571
0.812396
0.809026
0.805424
0.801574
0.797634
0.793677
0.789795
0.786092
0.78268
0.779657
0.777098
0.775058
0.773518
0.772392
0.771592
0.771038
0.770664
0.770416
0.770256
0.770154
0.770091
0.770053
0.77003
0.770016
0.770009
0.770005
0.770002
0.770001
0.77
0.77
0.77
0.77
1.39651e-07
8.61326e-07
2.56189e-06
6.25559e-06
1.38172e-05
2.86323e-05
5.66246e-05
0.000107929
0.00019969
0.00036029
0.00063558
0.0010986
0.00186331
0.00310393
0.00508033
0.00816814
0.0128951
0.019958
0.0302206
0.0446529
0.0637491
0.0877105
0.11642
0.149401
0.185907
0.225045
0.265879
0.307501
0.349136
0.390103
0.42986
0.467994
0.50421
0.538312
0.570184
0.599779
0.627097
0.652179
0.675089
0.695913
0.714752
0.731712
0.746905
0.760443
0.772437
0.782996
0.792224
0.800224
0.807091
0.812917
0.817789
0.821791
0.824999
0.827487
0.829324
0.830572
0.831272
0.831517
0.831349
0.8308
0.829903
0.828678
0.827139
0.825298
0.823164
0.820748
0.818061
0.815121
0.811957
0.8086
0.805009
0.801178
0.797263
0.793337
0.789491
0.785828
0.782459
0.77948
0.776963
0.77496
0.773449
0.772345
0.771561
0.771018
0.770651
0.770408
0.770251
0.770151
0.770089
0.770052
0.770029
0.770016
0.770009
0.770004
0.770002
0.770001
0.77
0.77
0.77
0.77
1.37759e-07
8.49947e-07
2.52956e-06
6.18118e-06
1.36632e-05
2.83283e-05
5.60818e-05
0.000107112
0.000198447
0.000358475
0.000633098
0.00109546
0.00185975
0.00310061
0.00507857
0.00817234
0.0129092
0.0199885
0.0302766
0.0447455
0.0638779
0.0878773
0.116623
0.149634
0.186163
0.225316
0.26615
0.307775
0.349401
0.390353
0.430092
0.468206
0.5044
0.538477
0.570325
0.599895
0.627188
0.652244
0.675128
0.695926
0.714738
0.731671
0.746836
0.760345
0.772311
0.782841
0.792042
0.800013
0.806854
0.812654
0.817502
0.821481
0.824668
0.827138
0.828959
0.830189
0.830877
0.831114
0.830939
0.830386
0.829486
0.828259
0.826719
0.824878
0.822745
0.820332
0.817649
0.814716
0.811563
0.808217
0.804636
0.800822
0.796929
0.79303
0.789216
0.78559
0.782259
0.77932
0.776841
0.774871
0.773387
0.772303
0.771533
0.771
0.77064
0.770401
0.770247
0.770149
0.770088
0.770051
0.770029
0.770016
0.770008
0.770004
0.770002
0.770001
0.77
0.77
0.77
0.77
1.36218e-07
8.40716e-07
2.50355e-06
6.12219e-06
1.35442e-05
2.8106e-05
5.56887e-05
0.000106434
0.000197485
0.000357035
0.000631161
0.00109305
0.00185717
0.0030986
0.00507866
0.00817769
0.0129235
0.02002
0.0303337
0.0448379
0.0640064
0.0880442
0.116827
0.149871
0.186427
0.225596
0.266434
0.308067
0.349688
0.390629
0.430351
0.468446
0.504619
0.538673
0.570496
0.600039
0.627306
0.652334
0.675191
0.695961
0.714745
0.731649
0.746786
0.760267
0.772204
0.782706
0.791879
0.799825
0.80664
0.812416
0.817242
0.8212
0.824368
0.826821
0.828627
0.829842
0.830521
0.83075
0.83057
0.830013
0.829111
0.827883
0.826342
0.824502
0.822371
0.81996
0.817282
0.814355
0.811211
0.807875
0.804302
0.800505
0.796632
0.792757
0.788971
0.785377
0.782081
0.779177
0.776731
0.774791
0.773331
0.772265
0.771508
0.770984
0.770629
0.770395
0.770243
0.770146
0.770086
0.77005
0.770028
0.770015
0.770008
0.770004
0.770002
0.770001
0.77
0.77
0.77
0.77
1.3497e-07
8.33247e-07
2.48257e-06
6.07488e-06
1.34496e-05
2.7932e-05
5.53885e-05
0.00010594
0.000196695
0.000355952
0.000629707
0.00109131
0.00185543
0.00309754
0.00508013
0.00818367
0.0129389
0.0200509
0.030389
0.0449266
0.0641301
0.0882057
0.117026
0.150103
0.186686
0.225867
0.266723
0.308359
0.349977
0.390909
0.430619
0.468696
0.504848
0.538879
0.570678
0.600196
0.627437
0.652438
0.675267
0.696009
0.714764
0.731641
0.746749
0.760203
0.772113
0.782589
0.791736
0.799657
0.806448
0.812203
0.817008
0.820947
0.824099
0.826536
0.82833
0.829531
0.830201
0.830425
0.83024
0.829681
0.828778
0.827549
0.826008
0.824168
0.822038
0.81963
0.816956
0.814036
0.810901
0.807572
0.804007
0.800224
0.796369
0.792515
0.788754
0.785189
0.781923
0.77905
0.776634
0.774721
0.773281
0.772231
0.771485
0.770969
0.77062
0.770389
0.770239
0.770144
0.770085
0.770049
0.770028
0.770015
0.770008
0.770004
0.770002
0.770001
0.77
0.77
0.77
0.77
1.33969e-07
8.27254e-07
2.46574e-06
6.03697e-06
1.3374e-05
2.77935e-05
5.51513e-05
0.000105557
0.0001961
0.000355107
0.000628608
0.00109006
0.00185433
0.00309727
0.00508223
0.00819018
0.0129544
0.0200812
0.0304418
0.0450105
0.0642467
0.0883581
0.117213
0.150322
0.186929
0.226135
0.267003
0.308641
0.350257
0.391182
0.430879
0.46894
0.505073
0.539084
0.57086
0.600354
0.627569
0.652544
0.675347
0.696062
0.714791
0.731641
0.746723
0.760151
0.772036
0.782487
0.791611
0.799509
0.806279
0.812014
0.816801
0.820723
0.82386
0.826285
0.828067
0.829256
0.82992
0.830138
0.82995
0.829389
0.828484
0.827255
0.825714
0.823875
0.821747
0.819342
0.816672
0.813757
0.810629
0.807309
0.803749
0.799979
0.796139
0.792304
0.788565
0.785025
0.781786
0.778939
0.776549
0.774659
0.773238
0.772201
0.771466
0.770956
0.770612
0.770384
0.770236
0.770142
0.770084
0.770049
0.770027
0.770015
0.770008
0.770004
0.770002
0.770001
0.77
0.77
0.77
0.77
1.33174e-07
8.22499e-07
2.45239e-06
6.0069e-06
1.33141e-05
2.76839e-05
5.49646e-05
0.000105258
0.00019565
0.000354475
0.000627809
0.0010892
0.0018537
0.00309767
0.00508473
0.00819719
0.0129695
0.0201099
0.0304911
0.0450882
0.0643546
0.0884988
0.117387
0.150526
0.187154
0.226379
0.267259
0.308904
0.350519
0.391437
0.431123
0.46917
0.505286
0.539277
0.571032
0.600503
0.627695
0.652647
0.675425
0.696116
0.714821
0.731646
0.746705
0.760109
0.771971
0.7824
0.791503
0.799381
0.806132
0.811849
0.81662
0.820528
0.823652
0.826065
0.827839
0.829017
0.829675
0.829889
0.829699
0.829136
0.82823
0.827
0.82546
0.823622
0.821496
0.819093
0.816426
0.813516
0.810395
0.807081
0.803526
0.799767
0.795941
0.792122
0.788402
0.784883
0.781667
0.778844
0.776476
0.774606
0.773201
0.772176
0.771449
0.770946
0.770605
0.77038
0.770234
0.770141
0.770083
0.770048
0.770027
0.770015
0.770008
0.770004
0.770002
0.770001
0.77
0.77
0.77
0.77
1.32554e-07
8.18787e-07
2.44196e-06
5.98343e-06
1.32674e-05
2.75988e-05
5.48202e-05
0.000105029
0.00019531
0.000354009
0.000627246
0.00108865
0.00185346
0.00309841
0.00508745
0.00820414
0.0129839
0.0201364
0.0305361
0.0451584
0.0644518
0.0886254
0.117543
0.150707
0.187362
0.226602
0.267492
0.30914
0.350754
0.391667
0.431343
0.469378
0.505478
0.539452
0.571188
0.60064
0.627812
0.652742
0.675498
0.696168
0.71485
0.731654
0.746692
0.760075
0.771917
0.782327
0.791411
0.799272
0.806007
0.811709
0.816466
0.820361
0.823474
0.825878
0.827644
0.828813
0.829466
0.829677
0.829484
0.828921
0.828015
0.826785
0.825245
0.823408
0.821283
0.818882
0.816218
0.813312
0.810197
0.806889
0.803338
0.799589
0.795773
0.791968
0.788265
0.784763
0.781567
0.778764
0.776414
0.774561
0.773169
0.772155
0.771435
0.770937
0.770599
0.770376
0.770232
0.77014
0.770082
0.770048
0.770027
0.770015
0.770008
0.770004
0.770002
0.770001
0.77
0.77
0.77
0.77
1.32081e-07
8.15957e-07
2.43401e-06
5.96555e-06
1.32319e-05
2.75343e-05
5.47113e-05
0.000104857
0.00019506
0.000353682
0.000626872
0.00108834
0.00185354
0.00309935
0.00509035
0.00821072
0.012997
0.0201602
0.0305759
0.0452199
0.0645367
0.0887359
0.117678
0.150864
0.187537
0.226792
0.267692
0.309344
0.350958
0.391866
0.431535
0.469559
0.505646
0.539605
0.571325
0.60076
0.627914
0.652825
0.675563
0.696214
0.714878
0.731663
0.746682
0.760048
0.771873
0.782267
0.791336
0.799182
0.805903
0.811592
0.816338
0.820223
0.823327
0.825723
0.827482
0.828645
0.829294
0.829501
0.829307
0.828743
0.827836
0.826606
0.825067
0.82323
0.821107
0.818707
0.816046
0.813144
0.810034
0.80673
0.803183
0.799441
0.795636
0.791842
0.788151
0.784665
0.781484
0.778698
0.776364
0.774524
0.773144
0.772137
0.771423
0.770929
0.770595
0.770373
0.77023
0.770139
0.770082
0.770047
0.770027
0.770015
0.770008
0.770004
0.770002
0.770001
0.77
0.77
0.77
0.77
1.31735e-07
8.13886e-07
2.4282e-06
5.95251e-06
1.3206e-05
2.74875e-05
5.4633e-05
0.000104736
0.000194888
0.000353465
0.000626645
0.00108822
0.00185377
0.00310037
0.00509308
0.00821662
0.0130084
0.0201805
0.0306095
0.0452716
0.064608
0.088828
0.11779
0.150997
0.187686
0.226953
0.26786
0.309515
0.351128
0.392032
0.431695
0.46971
0.505786
0.539733
0.57144
0.60086
0.627999
0.652896
0.675618
0.696254
0.714902
0.731673
0.746677
0.760028
0.771839
0.78222
0.791276
0.79911
0.805821
0.8115
0.816236
0.820113
0.82321
0.8256
0.827354
0.82851
0.829156
0.829362
0.829167
0.828601
0.827694
0.826464
0.824926
0.82309
0.820967
0.818569
0.81591
0.81301
0.809904
0.806605
0.80306
0.799325
0.795526
0.791742
0.788062
0.784587
0.781419
0.778645
0.776324
0.774495
0.773123
0.772123
0.771414
0.770923
0.770591
0.770371
0.770228
0.770138
0.770081
0.770047
0.770027
0.770015
0.770008
0.770004
0.770002
0.770001
0.77
0.77
0.77
0.77
1.31497e-07
8.12461e-07
2.42421e-06
5.94358e-06
1.31884e-05
2.74559e-05
5.45808e-05
0.000104657
0.000194782
0.000353334
0.000626538
0.00108824
0.00185409
0.0031014
0.0050955
0.00822161
0.0130178
0.020197
0.0306364
0.0453126
0.0646637
0.0888995
0.117879
0.1511
0.187801
0.227077
0.26799
0.309648
0.351261
0.392162
0.43182
0.469828
0.505896
0.539833
0.57153
0.600939
0.628067
0.652952
0.675662
0.696286
0.714923
0.731682
0.746674
0.760015
0.771815
0.782186
0.791232
0.799058
0.80576
0.811431
0.81616
0.820031
0.823123
0.825508
0.827258
0.82841
0.829054
0.829258
0.829062
0.828496
0.827589
0.826359
0.82482
0.822985
0.820863
0.818466
0.815809
0.812911
0.809807
0.806511
0.802968
0.799238
0.795445
0.791667
0.787995
0.784529
0.78137
0.778606
0.776294
0.774474
0.773108
0.772113
0.771407
0.770919
0.770588
0.770369
0.770227
0.770137
0.770081
0.770047
0.770026
0.770015
0.770008
0.770004
0.770002
0.770001
0.77
0.77
0.77
0.77
1.31351e-07
8.11587e-07
2.42178e-06
5.93817e-06
1.31779e-05
2.74373e-05
5.4551e-05
0.000104613
0.000194724
0.000353275
0.000626511
0.00108831
0.0018544
0.00310225
0.00509736
0.00822531
0.0130246
0.0202087
0.0306553
0.0453411
0.0647027
0.0889505
0.117941
0.151173
0.187883
0.227165
0.268082
0.309743
0.351355
0.392255
0.431909
0.469912
0.505974
0.539905
0.571594
0.600996
0.628115
0.652992
0.675695
0.69631
0.714939
0.73169
0.746675
0.760008
0.771801
0.782164
0.791205
0.799024
0.80572
0.811386
0.816111
0.819978
0.823065
0.825448
0.827195
0.828344
0.828986
0.829189
0.828992
0.828426
0.827519
0.826289
0.824751
0.822915
0.820794
0.818398
0.815741
0.812845
0.809743
0.806449
0.802907
0.79918
0.795391
0.791617
0.78795
0.78449
0.781338
0.77858
0.776274
0.774459
0.773098
0.772106
0.771403
0.770916
0.770586
0.770368
0.770227
0.770137
0.770081
0.770047
0.770026
0.770014
0.770008
0.770004
0.770002
0.770001
0.77
0.77
0.77
0.77
1.31286e-07
8.11202e-07
2.42072e-06
5.93584e-06
1.31735e-05
2.74297e-05
5.45391e-05
0.000104597
0.000194705
0.000353262
0.000626523
0.00108839
0.00185464
0.0031028
0.00509851
0.0082275
0.0130286
0.0202154
0.0306661
0.0453574
0.064725
0.0889791
0.117976
0.151213
0.187928
0.227214
0.268133
0.309795
0.351407
0.392306
0.431958
0.469958
0.506018
0.539945
0.571631
0.601029
0.628144
0.653016
0.675714
0.696325
0.71495
0.731697
0.746678
0.760007
0.771796
0.782156
0.791193
0.799009
0.805702
0.811365
0.816088
0.819952
0.823038
0.825419
0.827165
0.828312
0.828953
0.829156
0.828958
0.828392
0.827485
0.826255
0.824716
0.822881
0.82076
0.818365
0.815708
0.812813
0.809712
0.806419
0.802878
0.799152
0.795365
0.791593
0.787929
0.784471
0.781322
0.778567
0.776264
0.774452
0.773093
0.772103
0.7714
0.770914
0.770585
0.770368
0.770226
0.770137
0.770081
0.770047
0.770026
0.770014
0.770008
0.770004
0.770002
0.770001
0.77
0.77
0.77
0.77
1.31295e-07
8.11259e-07
2.42089e-06
5.93627e-06
1.31744e-05
2.74317e-05
5.4543e-05
0.000104604
0.000194719
0.000353288
0.000626568
0.00108847
0.00185478
0.00310305
0.00509893
0.00822819
0.0130297
0.0202171
0.0306687
0.0453612
0.0647301
0.0889856
0.117984
0.151222
0.187938
0.227225
0.268145
0.309806
0.351419
0.392317
0.431969
0.46997
0.506029
0.539956
0.57164
0.601038
0.628152
0.653025
0.675722
0.696332
0.714956
0.731702
0.746683
0.760011
0.7718
0.78216
0.791196
0.799012
0.805704
0.811368
0.81609
0.819954
0.823039
0.82542
0.827166
0.828313
0.828954
0.829157
0.828959
0.828392
0.827485
0.826255
0.824716
0.822881
0.82076
0.818364
0.815708
0.812812
0.809712
0.806418
0.802877
0.799151
0.795364
0.791592
0.787928
0.784471
0.781322
0.778567
0.776264
0.774452
0.773093
0.772103
0.7714
0.770914
0.770585
0.770368
0.770226
0.770137
0.770081
0.770047
0.770026
0.770014
0.770008
0.770004
0.770002
0.770001
0.77
0.77
0.77
0.77
1.31377e-07
8.11752e-07
2.42227e-06
5.93939e-06
1.31806e-05
2.7443e-05
5.45621e-05
0.000104634
0.000194763
0.000353348
0.000626641
0.00108854
0.0018548
0.00310294
0.00509853
0.00822722
0.0130277
0.0202135
0.0306626
0.0453517
0.064717
0.0889686
0.117963
0.151198
0.187911
0.227196
0.268114
0.309776
0.351389
0.392289
0.431942
0.469944
0.506006
0.539935
0.571623
0.601023
0.628141
0.653016
0.675717
0.69633
0.714957
0.731707
0.74669
0.760022
0.771814
0.782176
0.791215
0.799033
0.805728
0.811393
0.816117
0.819983
0.82307
0.825452
0.827199
0.828347
0.828989
0.829192
0.828994
0.828427
0.82752
0.82629
0.824751
0.822915
0.820794
0.818397
0.81574
0.812844
0.809742
0.806447
0.802905
0.799178
0.795389
0.791615
0.787948
0.784488
0.781336
0.778579
0.776273
0.774458
0.773097
0.772106
0.771402
0.770916
0.770586
0.770368
0.770227
0.770137
0.770081
0.770047
0.770026
0.770014
0.770008
0.770004
0.770002
0.770001
0.77
0.77
0.77
0.77
1.31538e-07
8.12713e-07
2.42497e-06
5.94546e-06
1.31927e-05
2.74649e-05
5.45989e-05
0.000104692
0.000194846
0.000353456
0.000626755
0.00108862
0.00185474
0.00310252
0.00509737
0.00822467
0.0130227
0.0202046
0.0306479
0.0453291
0.064686
0.0889285
0.117914
0.151141
0.187847
0.227128
0.268044
0.309704
0.351318
0.39222
0.431876
0.469883
0.505949
0.539885
0.571578
0.600985
0.62811
0.652992
0.675699
0.69632
0.714954
0.73171
0.7467
0.760038
0.771836
0.782205
0.791249
0.799073
0.805773
0.811443
0.816171
0.820041
0.823131
0.825515
0.827264
0.828415
0.829058
0.829262
0.829065
0.828498
0.82759
0.82636
0.824821
0.822985
0.820863
0.818465
0.815807
0.812909
0.809805
0.806508
0.802965
0.799234
0.795441
0.791663
0.787991
0.784526
0.781367
0.778604
0.776292
0.774472
0.773107
0.772112
0.771407
0.770918
0.770588
0.770369
0.770227
0.770137
0.770081
0.770047
0.770026
0.770015
0.770008
0.770004
0.770002
0.770001
0.77
0.77
0.77
0.77
1.31785e-07
8.14195e-07
2.42914e-06
5.95483e-06
1.32113e-05
2.74986e-05
5.46556e-05
0.00010478
0.000194973
0.000353615
0.000626927
0.00108872
0.00185462
0.00310186
0.00509554
0.00822067
0.0130149
0.0201906
0.0306247
0.0452934
0.064637
0.0888652
0.117837
0.151051
0.187748
0.22702
0.267931
0.30959
0.351205
0.39211
0.431772
0.469785
0.50586
0.539804
0.571507
0.600924
0.628059
0.652951
0.67567
0.696301
0.714946
0.731713
0.746713
0.760061
0.771869
0.782247
0.7913
0.799132
0.805839
0.811516
0.816251
0.820126
0.823221
0.82561
0.827362
0.828518
0.829162
0.829367
0.829171
0.828605
0.827697
0.826466
0.824926
0.82309
0.820967
0.818568
0.815908
0.813008
0.809901
0.806601
0.803056
0.79932
0.795522
0.791737
0.788057
0.784583
0.781415
0.778642
0.776321
0.774493
0.773122
0.772122
0.771413
0.770923
0.770591
0.770371
0.770228
0.770138
0.770081
0.770047
0.770026
0.770015
0.770008
0.770004
0.770002
0.770001
0.77
0.77
0.77
0.77
1.32136e-07
8.16297e-07
2.43504e-06
5.96811e-06
1.32376e-05
2.75465e-05
5.47362e-05
0.000104907
0.000195155
0.000353855
0.000627192
0.00108893
0.00185454
0.00310108
0.00509328
0.00821553
0.0130047
0.0201722
0.030594
0.0452461
0.0645719
0.0887809
0.117733
0.150931
0.187611
0.226875
0.267781
0.309438
0.351054
0.391963
0.431632
0.469654
0.505739
0.539695
0.571411
0.600841
0.62799
0.652897
0.675629
0.696275
0.714934
0.731715
0.746729
0.760091
0.771912
0.782301
0.791367
0.799209
0.805927
0.811614
0.816357
0.82024
0.823342
0.825736
0.827493
0.828654
0.829302
0.829508
0.829313
0.828747
0.827839
0.826608
0.825068
0.823231
0.821106
0.818706
0.816044
0.81314
0.81003
0.806726
0.803178
0.799436
0.79563
0.791836
0.788146
0.78466
0.78148
0.778694
0.776361
0.774522
0.773142
0.772136
0.771423
0.770929
0.770594
0.770373
0.77023
0.770138
0.770082
0.770047
0.770027
0.770015
0.770008
0.770004
0.770002
0.770001
0.77
0.77
0.77
0.77
1.32612e-07
8.19147e-07
2.44304e-06
5.98611e-06
1.32734e-05
2.76116e-05
5.48462e-05
0.00010508
0.000195409
0.000354195
0.000627588
0.00108927
0.00185456
0.00310033
0.00509069
0.00820955
0.0129926
0.02015
0.0305567
0.0451883
0.0644923
0.0886776
0.117607
0.150784
0.187449
0.226699
0.267596
0.30925
0.350867
0.391782
0.431458
0.469492
0.50559
0.53956
0.571291
0.600738
0.627904
0.652829
0.675579
0.696243
0.714919
0.731718
0.746749
0.760127
0.771964
0.782369
0.791449
0.799306
0.806037
0.811735
0.816489
0.820382
0.823492
0.825894
0.827658
0.828825
0.829476
0.829685
0.829491
0.828926
0.828019
0.826787
0.825246
0.823408
0.821282
0.81888
0.816215
0.813308
0.810193
0.806884
0.803332
0.799582
0.795767
0.791962
0.788258
0.784757
0.781561
0.778759
0.776411
0.774559
0.773168
0.772153
0.771434
0.770936
0.770599
0.770376
0.770231
0.77014
0.770082
0.770048
0.770027
0.770015
0.770008
0.770004
0.770002
0.770001
0.77
0.77
0.77
0.77
1.33237e-07
8.22892e-07
2.45357e-06
6.00982e-06
1.33206e-05
2.76978e-05
5.49927e-05
0.000105313
0.000195757
0.00035468
0.000628176
0.00108986
0.00185488
0.00309967
0.0050882
0.00820309
0.0129791
0.0201249
0.030514
0.0451216
0.0644001
0.0885578
0.11746
0.150612
0.187257
0.226492
0.26738
0.30903
0.35065
0.39157
0.431257
0.469303
0.505416
0.539403
0.571153
0.600619
0.627805
0.65275
0.675521
0.696205
0.714903
0.731722
0.746773
0.760171
0.772027
0.782451
0.791548
0.799422
0.806168
0.811881
0.816648
0.820553
0.823674
0.826085
0.827855
0.829031
0.829687
0.829899
0.829707
0.829143
0.828235
0.827004
0.825462
0.823623
0.821495
0.819091
0.816423
0.813511
0.81039
0.807075
0.803519
0.79976
0.795933
0.792114
0.788395
0.784876
0.781661
0.778839
0.776472
0.774603
0.773199
0.772175
0.771448
0.770945
0.770605
0.77038
0.770234
0.770141
0.770083
0.770048
0.770027
0.770015
0.770008
0.770004
0.770002
0.770001
0.77
0.77
0.77
0.77
1.34041e-07
8.27705e-07
2.46709e-06
6.04031e-06
1.33815e-05
2.78092e-05
5.51829e-05
0.000105618
0.000196218
0.000355328
0.000629007
0.00109077
0.00185559
0.00309946
0.00508605
0.00819646
0.0129648
0.0200976
0.030467
0.0450475
0.0642973
0.0884237
0.117295
0.150419
0.187041
0.226255
0.267135
0.308783
0.350406
0.391334
0.431032
0.469092
0.505222
0.539229
0.570999
0.600487
0.627695
0.652663
0.675457
0.696165
0.714886
0.731729
0.746803
0.760224
0.772102
0.782547
0.791664
0.799557
0.806322
0.812051
0.816834
0.820752
0.823885
0.826307
0.828087
0.829273
0.829934
0.83015
0.82996
0.829397
0.82849
0.827259
0.825717
0.823876
0.821747
0.819339
0.816668
0.813752
0.810624
0.807302
0.803741
0.79997
0.79613
0.792295
0.788557
0.785016
0.781778
0.778933
0.776544
0.774655
0.773235
0.7722
0.771465
0.770956
0.770611
0.770384
0.770236
0.770142
0.770084
0.770049
0.770027
0.770015
0.770008
0.770004
0.770002
0.770001
0.77
0.77
0.77
0.77
1.35057e-07
8.33788e-07
2.48419e-06
6.07886e-06
1.34585e-05
2.79505e-05
5.54255e-05
0.000106012
0.000196828
0.0003562
0.000630146
0.0010921
0.00185684
0.00310003
0.00508418
0.00819059
0.0129504
0.0200691
0.0304169
0.0449679
0.0641864
0.088279
0.117117
0.150211
0.186809
0.226013
0.266879
0.308521
0.350145
0.391081
0.430791
0.468868
0.505017
0.539044
0.570837
0.600348
0.62758
0.652573
0.675393
0.696127
0.714874
0.731741
0.746841
0.760286
0.772189
0.782657
0.791798
0.799712
0.806497
0.812246
0.817046
0.820981
0.824128
0.826562
0.828352
0.82955
0.830218
0.830438
0.830252
0.829691
0.828785
0.827553
0.826011
0.824169
0.822038
0.819628
0.816953
0.814031
0.810895
0.807565
0.803998
0.800215
0.796359
0.792505
0.788745
0.78518
0.781915
0.779043
0.776628
0.774716
0.773278
0.772229
0.771484
0.770968
0.770619
0.770389
0.770239
0.770144
0.770085
0.770049
0.770028
0.770015
0.770008
0.770004
0.770002
0.770001
0.77
0.77
0.77
0.77
1.36324e-07
8.41371e-07
2.50549e-06
6.1269e-06
1.35545e-05
2.81272e-05
5.57306e-05
0.000106514
0.000197631
0.000357321
0.00063169
0.001094
0.00185883
0.00310149
0.00508351
0.00818553
0.0129365
0.0200404
0.0303653
0.0448842
0.0640696
0.0881266
0.116929
0.149993
0.186566
0.225751
0.266603
0.308246
0.349875
0.390821
0.430546
0.46864
0.504809
0.538859
0.570675
0.600211
0.627469
0.652488
0.675334
0.696094
0.714868
0.731763
0.746889
0.760361
0.77229
0.782784
0.791949
0.799887
0.806695
0.812465
0.817285
0.821238
0.824402
0.82685
0.828653
0.829864
0.830539
0.830765
0.830583
0.830024
0.829119
0.827889
0.826346
0.824503
0.82237
0.819957
0.817278
0.81435
0.811205
0.807867
0.804293
0.800495
0.796621
0.792746
0.78896
0.785367
0.782072
0.779169
0.776725
0.774786
0.773327
0.772262
0.771506
0.770983
0.770629
0.770394
0.770242
0.770146
0.770086
0.77005
0.770028
0.770015
0.770008
0.770004
0.770002
0.770001
0.77
0.77
0.77
0.77
1.37891e-07
8.5075e-07
2.53187e-06
6.18654e-06
1.36744e-05
2.835e-05
5.61241e-05
0.000107196
0.000198622
0.000358788
0.000633693
0.00109654
0.00186167
0.00310392
0.00508425
0.00818142
0.0129237
0.020012
0.0303126
0.044798
0.0639495
0.0879704
0.116738
0.149772
0.186321
0.22549
0.266344
0.307976
0.349612
0.39057
0.430311
0.468424
0.504614
0.538686
0.570527
0.600088
0.627371
0.652416
0.675289
0.696076
0.714876
0.731798
0.746952
0.760451
0.772407
0.782928
0.79212
0.800083
0.806916
0.812709
0.817551
0.821524
0.824706
0.827171
0.828987
0.830213
0.830898
0.831131
0.830954
0.830398
0.829495
0.828266
0.826723
0.82488
0.822745
0.820329
0.817645
0.81471
0.811555
0.808208
0.804625
0.800811
0.796917
0.793018
0.789204
0.785579
0.782249
0.779311
0.776834
0.774866
0.773383
0.7723
0.771531
0.770999
0.770639
0.770401
0.770246
0.770149
0.770088
0.770051
0.770029
0.770016
0.770008
0.770004
0.770002
0.770001
0.77
0.77
0.77
0.77
1.39822e-07
8.62341e-07
2.56467e-06
6.26149e-06
1.38274e-05
2.86426e-05
5.66635e-05
0.00010802
0.000199878
0.000360665
0.000636283
0.00109987
0.00186554
0.00310774
0.00508672
0.00817902
0.0129132
0.0199849
0.0302606
0.0447126
0.0638304
0.0878159
0.116551
0.149556
0.186086
0.225243
0.266092
0.307737
0.349374
0.390347
0.430105
0.468238
0.504451
0.538545
0.570409
0.599994
0.627302
0.652371
0.675269
0.69608
0.714906
0.731854
0.747036
0.760562
0.772545
0.783093
0.792312
0.800302
0.80716
0.812978
0.817844
0.821839
0.825041
0.827524
0.829356
0.830599
0.831295
0.831537
0.831365
0.830813
0.829914
0.828686
0.827144
0.8253
0.823164
0.820745
0.818057
0.815115
0.811949
0.80859
0.804998
0.801166
0.79725
0.793323
0.789477
0.785816
0.782448
0.779471
0.776956
0.774954
0.773445
0.772342
0.771559
0.771017
0.77065
0.770408
0.770251
0.770151
0.770089
0.770052
0.770029
0.770016
0.770009
0.770004
0.770002
0.770001
0.77
0.77
0.77
0.77
1.42248e-07
8.7698e-07
2.60665e-06
6.36041e-06
1.40298e-05
2.9008e-05
5.72114e-05
0.000108877
0.000201247
0.000362661
0.000639061
0.00110347
0.00186975
0.00311182
0.00508899
0.00817707
0.012902
0.0199576
0.0302091
0.0446245
0.063711
0.0876653
0.116373
0.149357
0.185874
0.225026
0.265878
0.307535
0.349194
0.39018
0.429958
0.468112
0.504346
0.538464
0.570348
0.599953
0.62728
0.652369
0.675287
0.696121
0.71497
0.731942
0.747147
0.760699
0.772707
0.783282
0.792527
0.800544
0.807428
0.813272
0.818163
0.822181
0.825405
0.827908
0.829758
0.83102
0.831728
0.83198
0.831817
0.83127
0.830374
0.82915
0.827609
0.825766
0.823629
0.821207
0.818514
0.815564
0.812387
0.809015
0.805412
0.801561
0.79762
0.793663
0.789781
0.786079
0.782667
0.779646
0.77709
0.775051
0.773513
0.772389
0.77159
0.771037
0.770663
0.770416
0.770256
0.770154
0.770091
0.770053
0.77003
0.770016
0.770009
0.770005
0.770002
0.770001
0.77
0.77
0.77
0.77
1.45223e-07
8.94705e-07
2.65501e-06
6.45936e-06
1.42064e-05
2.93066e-05
5.77503e-05
0.000109796
0.000202657
0.000364723
0.000641924
0.00110721
0.00187424
0.00311649
0.00509249
0.00817738
0.0128923
0.0199338
0.0301601
0.0445446
0.0636033
0.0875317
0.116218
0.149191
0.185705
0.224863
0.265728
0.307402
0.349085
0.390097
0.429899
0.468076
0.50433
0.538463
0.570364
0.599984
0.627326
0.652432
0.675367
0.696217
0.715084
0.732074
0.747298
0.760871
0.772901
0.783499
0.792769
0.800811
0.807721
0.813591
0.818506
0.822549
0.825797
0.828322
0.830192
0.831472
0.832196
0.832459
0.83231
0.831769
0.830878
0.829657
0.828119
0.826277
0.82414
0.821716
0.819018
0.81606
0.812871
0.809484
0.805868
0.801996
0.798027
0.794036
0.790114
0.786367
0.782908
0.779839
0.777236
0.775158
0.773588
0.77244
0.771624
0.771059
0.770677
0.770425
0.770261
0.770158
0.770093
0.770054
0.77003
0.770017
0.770009
0.770005
0.770002
0.770001
0.77
0.77
0.77
0.77
1.48445e-07
9.13495e-07
2.70621e-06
6.57553e-06
1.44466e-05
2.97562e-05
5.85086e-05
0.000110979
0.000204398
0.000367125
0.000645003
0.00111079
0.00187778
0.00311885
0.00509215
0.00817081
0.0128753
0.019899
0.030102
0.0444512
0.0634909
0.0874065
0.11609
0.149069
0.185601
0.224784
0.265676
0.307379
0.349087
0.390127
0.429956
0.468161
0.504441
0.538596
0.570508
0.600137
0.627488
0.652599
0.675538
0.696394
0.715267
0.732265
0.747501
0.761087
0.773133
0.783749
0.793039
0.801103
0.808037
0.813931
0.818872
0.82294
0.826212
0.82876
0.830652
0.831952
0.832694
0.832972
0.832833
0.832303
0.83142
0.830205
0.828672
0.826833
0.824697
0.822271
0.819568
0.816603
0.8134
0.809998
0.806367
0.802472
0.798473
0.794444
0.790477
0.78668
0.783167
0.780044
0.777392
0.77527
0.773666
0.772493
0.771659
0.771082
0.770692
0.770434
0.770267
0.770161
0.770095
0.770055
0.770031
0.770017
0.770009
0.770005
0.770002
0.770001
0.770001
0.77
0.77
0.77
1.53296e-07
9.42684e-07
2.78865e-06
6.76025e-06
1.48074e-05
3.04018e-05
5.95873e-05
0.000112671
0.000206901
0.00037062
0.000649593
0.00111642
0.00188418
0.00312533
0.00509642
0.00817002
0.012866
0.0198781
0.0300598
0.0443898
0.0634218
0.0873363
0.11603
0.149033
0.185594
0.224813
0.265745
0.307487
0.349236
0.390311
0.430172
0.468409
0.504704
0.538871
0.570805
0.600447
0.6278
0.652898
0.675826
0.696672
0.715537
0.732532
0.747767
0.761356
0.773409
0.784036
0.793339
0.80142
0.808373
0.814289
0.819253
0.823345
0.826641
0.829214
0.831129
0.83245
0.833218
0.833513
0.833389
0.83287
0.831996
0.830789
0.829264
0.82743
0.825296
0.822871
0.820164
0.817191
0.813974
0.810553
0.806908
0.802991
0.798957
0.794885
0.790869
0.787017
0.783446
0.780265
0.777558
0.77539
0.77375
0.77255
0.771697
0.771106
0.770708
0.770444
0.770273
0.770165
0.770098
0.770057
0.770032
0.770018
0.77001
0.770005
0.770003
0.770001
0.770001
0.77
0.77
0.77
1.59794e-07
9.81553e-07
2.89733e-06
7.00302e-06
1.52847e-05
3.1259e-05
6.10168e-05
0.000114901
0.000210154
0.000375037
0.000655088
0.00112247
0.00188967
0.00312855
0.0050953
0.00816019
0.0128414
0.0198294
0.029986
0.0442864
0.0633207
0.0872607
0.115998
0.149055
0.185686
0.224986
0.266001
0.307823
0.34964
0.390769
0.430664
0.468915
0.50524
0.539379
0.571275
0.600889
0.628228
0.653335
0.676254
0.697071
0.715912
0.732887
0.748106
0.761685
0.773733
0.784359
0.793668
0.801758
0.808724
0.814657
0.81964
0.823754
0.827073
0.829669
0.831607
0.832951
0.833746
0.834061
0.833954
0.83345
0.83259
0.831396
0.829881
0.828056
0.825929
0.823507
0.8208
0.81782
0.814589
0.811146
0.807485
0.80355
0.799474
0.795353
0.79128
0.787365
0.783729
0.780484
0.777718
0.775503
0.773827
0.772601
0.771731
0.771129
0.770722
0.770454
0.77028
0.77017
0.770101
0.770059
0.770033
0.770018
0.77001
0.770005
0.770003
0.770001
0.770001
0.77
0.77
0.77
1.67597e-07
1.02855e-06
3.03036e-06
7.30466e-06
1.58887e-05
3.23668e-05
6.29109e-05
0.000117949
0.000214794
0.000381736
0.000664271
0.0011344
0.00190395
0.00314343
0.00510747
0.00816871
0.0128423
0.0198217
0.029972
0.0442713
0.0633443
0.0873427
0.11616
0.149325
0.186079
0.225504
0.266638
0.308561
0.350456
0.391637
0.431554
0.469793
0.506079
0.540254
0.572088
0.601627
0.628881
0.653907
0.676781
0.697587
0.716389
0.733325
0.748512
0.762065
0.774094
0.784708
0.794011
0.802102
0.809074
0.815017
0.820014
0.824145
0.827485
0.830102
0.832063
0.83343
0.834252
0.834589
0.834504
0.834017
0.833174
0.831998
0.8305
0.82869
0.826575
0.824162
0.821458
0.818476
0.815235
0.811772
0.808095
0.804144
0.800027
0.795856
0.791724
0.787745
0.78404
0.780726
0.777898
0.775631
0.773918
0.772665
0.771774
0.771158
0.770742
0.770466
0.770288
0.770174
0.770104
0.77006
0.770034
0.770019
0.77001
0.770005
0.770003
0.770001
0.770001
0.77
0.77
0.77
1.75264e-07
1.07529e-06
3.16477e-06
7.61415e-06
1.65165e-05
3.35278e-05
6.48986e-05
0.000121116
0.000219487
0.00038814
0.000672131
0.00114261
0.00191053
0.00314592
0.00510219
0.00814466
0.0127945
0.0197437
0.029862
0.0441447
0.0632633
0.08736
0.116327
0.149674
0.186623
0.226239
0.267542
0.309603
0.351599
0.392843
0.432786
0.471018
0.507248
0.54132
0.573165
0.602619
0.629784
0.654706
0.677465
0.698164
0.716923
0.733807
0.748948
0.762462
0.774461
0.785052
0.794339
0.802421
0.809391
0.815337
0.820342
0.824485
0.827839
0.830474
0.832454
0.833841
0.834686
0.835042
0.834973
0.834513
0.833694
0.83254
0.831064
0.829276
0.827182
0.824785
0.822094
0.819118
0.815875
0.812397
0.808702
0.804732
0.800568
0.796336
0.792133
0.788075
0.784291
0.780905
0.778018
0.775711
0.773968
0.772693
0.77179
0.771168
0.770747
0.77047
0.77029
0.770176
0.770105
0.770061
0.770035
0.770019
0.770011
0.770006
0.770003
0.770001
0.770001
0.77
0.77
0.77
1.80736e-07
1.10955e-06
3.26706e-06
7.8601e-06
1.70398e-05
3.45477e-05
6.67496e-05
0.00012427
0.000224555
0.000395831
0.000683166
0.00115756
0.00192903
0.00316547
0.00511933
0.0081596
0.0128072
0.0197619
0.0299045
0.0442443
0.0635061
0.0878206
0.117059
0.150694
0.187911
0.227741
0.269191
0.311331
0.353342
0.394547
0.434409
0.472531
0.508631
0.54253
0.574165
0.603548
0.630623
0.655452
0.67812
0.698725
0.717373
0.734197
0.749291
0.762767
0.774735
0.785302
0.794573
0.802643
0.809607
0.815552
0.820559
0.824707
0.828069
0.830714
0.832707
0.834107
0.834967
0.835338
0.835286
0.834843
0.834042
0.832909
0.831456
0.829692
0.827622
0.825252
0.822585
0.819631
0.816405
0.812937
0.809249
0.805291
0.801114
0.796856
0.79261
0.788493
0.784636
0.781169
0.778199
0.775821
0.774029
0.772726
0.771809
0.771177
0.770753
0.770474
0.770293
0.770178
0.770106
0.770062
0.770036
0.77002
0.770011
0.770006
0.770003
0.770001
0.770001
0.77
0.77
0.77
)
;

boundaryField
{
    fuel
    {
        type            fixedValue;
        value           uniform 0;
    }
    air
    {
        type            fixedValue;
        value           uniform 0.77;
    }
    outlet
    {
        type            inletOutlet;
        inletValue      uniform 1;
        value           nonuniform List<scalar> 
200
(
1.80417e-07
1.10756e-06
3.26107e-06
7.84514e-06
1.70058e-05
3.4475e-05
6.66006e-05
0.000123976
0.000223989
0.000394772
0.000681232
0.00115409
0.00192293
0.00315498
0.00510168
0.00813069
0.0127608
0.0196894
0.0297945
0.0440826
0.0632844
0.0875313
0.116703
0.150276
0.187441
0.227231
0.26865
0.310769
0.352771
0.393975
0.433846
0.471982
0.508102
0.542021
0.573687
0.603098
0.630202
0.65506
0.677757
0.698391
0.717068
0.733919
0.749039
0.762539
0.77453
0.785119
0.794409
0.802498
0.809478
0.815438
0.820459
0.82462
0.827993
0.830648
0.832649
0.834057
0.834925
0.835303
0.835257
0.834818
0.834023
0.832894
0.831446
0.829686
0.827621
0.825254
0.82259
0.81964
0.816417
0.812952
0.809266
0.805312
0.801137
0.796879
0.792634
0.788517
0.784657
0.781188
0.778215
0.775833
0.774037
0.772732
0.771812
0.77118
0.770755
0.770475
0.770294
0.770178
0.770106
0.770062
0.770036
0.77002
0.770011
0.770006
0.770003
0.770001
0.770001
0.77
0.77
0.77
1.80736e-07
1.10955e-06
3.26706e-06
7.8601e-06
1.70398e-05
3.45477e-05
6.67496e-05
0.00012427
0.000224555
0.000395831
0.000683166
0.00115756
0.00192903
0.00316547
0.00511933
0.0081596
0.0128072
0.0197619
0.0299045
0.0442443
0.0635061
0.0878206
0.117059
0.150694
0.187911
0.227741
0.269191
0.311331
0.353342
0.394547
0.434409
0.472531
0.508631
0.54253
0.574165
0.603548
0.630623
0.655452
0.67812
0.698725
0.717373
0.734197
0.749291
0.762767
0.774735
0.785302
0.794573
0.802643
0.809607
0.815552
0.820559
0.824707
0.828069
0.830714
0.832707
0.834107
0.834967
0.835338
0.835286
0.834843
0.834042
0.832909
0.831456
0.829692
0.827622
0.825252
0.822585
0.819631
0.816405
0.812937
0.809249
0.805291
0.801114
0.796856
0.79261
0.788493
0.784636
0.781169
0.778199
0.775821
0.774029
0.772726
0.771809
0.771177
0.770753
0.770474
0.770293
0.770178
0.770106
0.770062
0.770036
0.77002
0.770011
0.770006
0.770003
0.770001
0.770001
0.77
0.77
0.77
)
;
    }
    frontAndBack
    {
        type            empty;
    }
}


// ************************************************************************* //
