/*--------------------------------*- C++ -*----------------------------------*\
  =========                 |
  \\      /  F ield         | OpenFOAM: The Open Source CFD Toolbox
   \\    /   O peration     | Website:  https://openfoam.org
    \\  /    A nd           | Version:  11
     \\/     M anipulation  |
\*---------------------------------------------------------------------------*/
FoamFile
{
    format      ascii;
    class       volScalarField;
    location    "0.05";
    object      O2;
}
// * * * * * * * * * * * * * * * * * * * * * * * * * * * * * * * * * * * * * //

dimensions      [0 0 0 0 0 0 0];

internalField   nonuniform List<scalar> 
4000
(
1.81515e-14
1.15205e-13
3.64134e-13
9.73379e-13
2.4175e-12
5.76403e-12
1.33812e-11
3.04464e-11
6.81044e-11
1.4996e-10
3.25144e-10
6.93991e-10
1.4568e-09
3.00373e-09
6.07623e-09
1.20407e-08
2.33194e-08
4.40027e-08
8.05949e-08
1.4268e-07
2.41684e-07
3.88424e-07
5.93424e-07
8.64832e-07
1.20764e-06
1.6234e-06
2.1105e-06
2.6648e-06
3.28003e-06
3.94842e-06
4.66122e-06
5.40919e-06
6.18306e-06
6.97409e-06
7.77524e-06
8.58161e-06
9.39346e-06
1.02188e-05
1.10775e-05
1.20068e-05
1.30688e-05
1.43555e-05
1.60137e-05
1.82576e-05
2.14089e-05
2.59599e-05
3.26745e-05
4.27433e-05
5.80111e-05
8.16317e-05
0.000121187
0.00018809
0.000303947
0.000507425
0.000865569
0.00149447
0.00259156
0.00446529
0.00770745
0.013461
0.0234711
0.0378103
0.0539147
0.0704205
0.0865953
0.102076
0.116692
0.130369
0.143079
0.15479
0.16555
0.175597
0.184898
0.193279
0.200727
0.207227
0.212768
0.217354
0.221015
0.223786
0.225783
0.227186
0.228152
0.228805
0.229239
0.229523
0.229705
0.229821
0.229893
0.229938
0.229964
0.22998
0.229989
0.229994
0.229997
0.229999
0.229999
0.23
0.23
0.23
1.79637e-14
1.13958e-13
3.6003e-13
9.62167e-13
2.38956e-12
5.69813e-12
1.32312e-11
3.01126e-11
6.73692e-11
1.48338e-10
3.21529e-10
6.85881e-10
1.43941e-09
2.96968e-09
6.0106e-09
1.19008e-08
2.3028e-08
4.34011e-08
7.93845e-08
1.40356e-07
2.3731e-07
3.81009e-07
5.81693e-07
8.48086e-07
1.18583e-06
1.59718e-06
2.08118e-06
2.6339e-06
3.24921e-06
3.91938e-06
4.63556e-06
5.38838e-06
6.16839e-06
6.96697e-06
7.7762e-06
8.59169e-06
9.41365e-06
1.02504e-05
1.11222e-05
1.20659e-05
1.31427e-05
1.44581e-05
1.61568e-05
1.84592e-05
2.1698e-05
2.63833e-05
3.33071e-05
4.37041e-05
5.94856e-05
8.42099e-05
0.000125644
0.000196296
0.0003185
0.000533086
0.000910665
0.00157486
0.00273301
0.00470987
0.00813079
0.0141964
0.0247536
0.039375
0.0556111
0.0721589
0.0883235
0.103762
0.118314
0.131912
0.144526
0.156126
0.166778
0.176741
0.185915
0.194162
0.201469
0.207827
0.213228
0.217683
0.22123
0.22391
0.225849
0.227221
0.228171
0.228815
0.229245
0.229526
0.229708
0.229823
0.229895
0.229939
0.229965
0.22998
0.229989
0.229994
0.229997
0.229999
0.229999
0.23
0.23
0.23
1.77069e-14
1.12323e-13
3.54932e-13
9.48991e-13
2.35857e-12
5.62958e-12
1.30865e-11
2.98191e-11
6.67956e-11
1.47256e-10
3.19554e-10
6.82293e-10
1.4319e-09
2.95035e-09
5.96235e-09
1.18057e-08
2.28254e-08
4.29934e-08
7.85637e-08
1.38702e-07
2.34073e-07
3.75097e-07
5.72902e-07
8.36248e-07
1.171e-06
1.57961e-06
2.06134e-06
2.61263e-06
3.22766e-06
3.89889e-06
4.61769e-06
5.37475e-06
6.16088e-06
6.96692e-06
7.78543e-06
8.61174e-06
9.44603e-06
1.02961e-05
1.11828e-05
1.2146e-05
1.32574e-05
1.4616e-05
1.63757e-05
1.87679e-05
2.21428e-05
2.7038e-05
3.4289e-05
4.51964e-05
6.17684e-05
8.81412e-05
0.000132323
0.000208216
0.000340071
0.00057159
0.000979574
0.00169668
0.00294181
0.00506458
0.00873037
0.0152709
0.0266197
0.0416217
0.0580085
0.0745709
0.0906707
0.105996
0.120404
0.133835
0.146267
0.157668
0.16814
0.177947
0.186924
0.19498
0.202107
0.2083
0.213561
0.217903
0.221368
0.223998
0.225902
0.22725
0.228187
0.228825
0.229251
0.22953
0.229711
0.229825
0.229896
0.22994
0.229966
0.229981
0.22999
0.229995
0.229997
0.229999
0.229999
0.23
0.23
0.23
1.7401e-14
1.10393e-13
3.48893e-13
9.33057e-13
2.31956e-12
5.53789e-12
1.28766e-11
2.93471e-11
6.57496e-11
1.44965e-10
3.14592e-10
6.71734e-10
1.41059e-09
2.91013e-09
5.88759e-09
1.16533e-08
2.25384e-08
4.24501e-08
7.76148e-08
1.37201e-07
2.31613e-07
3.71479e-07
5.67479e-07
8.28371e-07
1.16051e-06
1.56668e-06
2.04653e-06
2.59676e-06
3.21186e-06
3.88453e-06
4.60628e-06
5.36796e-06
6.16004e-06
6.97355e-06
7.80083e-06
8.63708e-06
9.48261e-06
1.03464e-05
1.12541e-05
1.22487e-05
1.33963e-05
1.48049e-05
1.66375e-05
1.91392e-05
2.26815e-05
2.78361e-05
3.54925e-05
4.70334e-05
6.45878e-05
9.29496e-05
0.00014043
0.000222419
0.000365695
0.000617845
0.00106188
0.00184095
0.0031833
0.00547544
0.00942653
0.0164627
0.0286336
0.0440168
0.0605371
0.077087
0.0930918
0.108274
0.122511
0.135755
0.147987
0.159183
0.169484
0.179142
0.187937
0.19582
0.202788
0.208836
0.213968
0.218201
0.221577
0.224141
0.226
0.227317
0.228232
0.228854
0.22927
0.229543
0.229718
0.22983
0.229899
0.229941
0.229967
0.229981
0.22999
0.229995
0.229997
0.229999
0.229999
0.23
0.23
0.23
1.71399e-14
1.08757e-13
3.43818e-13
9.19771e-13
2.28729e-12
5.46262e-12
1.27058e-11
2.89679e-11
6.49234e-11
1.43197e-10
3.1087e-10
6.63993e-10
1.39429e-09
2.87502e-09
5.81374e-09
1.15185e-08
2.22817e-08
4.19674e-08
7.6728e-08
1.35693e-07
2.2911e-07
3.67845e-07
5.62695e-07
8.22575e-07
1.15334e-06
1.55832e-06
2.03726e-06
2.58724e-06
3.20291e-06
3.87718e-06
4.60167e-06
5.36722e-06
6.16439e-06
6.98417e-06
7.81889e-06
8.6651e-06
9.52453e-06
1.04084e-05
1.13386e-05
1.23599e-05
1.35454e-05
1.50091e-05
1.69234e-05
1.95489e-05
2.32819e-05
2.87346e-05
3.68595e-05
4.91374e-05
6.78415e-05
9.8476e-05
0.000149735
0.00023859
0.000394413
0.000668806
0.00115127
0.00199585
0.00343644
0.00590282
0.010142
0.0176866
0.0306221
0.0463443
0.0629686
0.0794868
0.0953848
0.110418
0.124483
0.137542
0.14958
0.160579
0.170726
0.180242
0.188865
0.196588
0.203408
0.209322
0.214335
0.218467
0.221762
0.224265
0.226082
0.227371
0.228267
0.228877
0.229285
0.229552
0.229725
0.229834
0.229902
0.229943
0.229968
0.229982
0.22999
0.229995
0.229997
0.229999
0.229999
0.23
0.23
0.23
1.69277e-14
1.074e-13
3.39476e-13
9.08128e-13
2.25844e-12
5.39316e-12
1.25426e-11
2.85915e-11
6.40709e-11
1.413e-10
3.06721e-10
6.55094e-10
1.37566e-09
2.83783e-09
5.74404e-09
1.13805e-08
2.20283e-08
4.15549e-08
7.60953e-08
1.34709e-07
2.27601e-07
3.6562e-07
5.5953e-07
8.18429e-07
1.14863e-06
1.55307e-06
2.03177e-06
2.58199e-06
3.1985e-06
3.87445e-06
4.60153e-06
5.37072e-06
6.17286e-06
6.99939e-06
7.84365e-06
8.70116e-06
9.57364e-06
1.04722e-05
1.14223e-05
1.24711e-05
1.36957e-05
1.52167e-05
1.7217e-05
1.99739e-05
2.39113e-05
2.96854e-05
3.83198e-05
5.14047e-05
7.13776e-05
0.000104477
0.00015985
0.000256105
0.000425271
0.000723209
0.00124653
0.00216147
0.00370446
0.00635932
0.0109107
0.0190012
0.0325558
0.048537
0.0652233
0.0816906
0.097477
0.112366
0.126269
0.139157
0.15102
0.161849
0.171857
0.181238
0.189716
0.1973
0.203989
0.209785
0.214693
0.218734
0.221953
0.224398
0.226172
0.227431
0.228306
0.228902
0.229301
0.229563
0.229731
0.229838
0.229904
0.229945
0.229969
0.229983
0.229991
0.229995
0.229998
0.229999
0.229999
0.23
0.23
0.23
1.67725e-14
1.06443e-13
3.36457e-13
8.99298e-13
2.23416e-12
5.33181e-12
1.23981e-11
2.82541e-11
6.33034e-11
1.39596e-10
3.03028e-10
6.47297e-10
1.35966e-09
2.80572e-09
5.68137e-09
1.12649e-08
2.18278e-08
4.11945e-08
7.54847e-08
1.33775e-07
2.26176e-07
3.63592e-07
5.56854e-07
8.1509e-07
1.1447e-06
1.54891e-06
2.02786e-06
2.57876e-06
3.19661e-06
3.87445e-06
4.60423e-06
5.37715e-06
6.18426e-06
7.01734e-06
7.86901e-06
8.73571e-06
9.61964e-06
1.05326e-05
1.15015e-05
1.25758e-05
1.38376e-05
1.54138e-05
1.74978e-05
2.03835e-05
2.45223e-05
3.06155e-05
3.97594e-05
5.36582e-05
7.49248e-05
0.000110514
0.00017009
0.000273811
0.000456276
0.000777578
0.00134154
0.00232736
0.00398822
0.00684965
0.0117592
0.0204913
0.034452
0.0505879
0.0672875
0.0836854
0.0993586
0.114111
0.127866
0.140601
0.152308
0.162992
0.172878
0.182132
0.190484
0.197946
0.204521
0.210211
0.215023
0.218982
0.222132
0.224522
0.226256
0.227486
0.228342
0.228926
0.229316
0.229572
0.229737
0.229842
0.229907
0.229946
0.22997
0.229983
0.229991
0.229995
0.229998
0.229999
0.23
0.23
0.23
0.23
1.65842e-14
1.05263e-13
3.3288e-13
8.90736e-13
2.21385e-12
5.27904e-12
1.22555e-11
2.7908e-11
6.25186e-11
1.37837e-10
2.99189e-10
6.39177e-10
1.34308e-09
2.77306e-09
5.61855e-09
1.11554e-08
2.1636e-08
4.08828e-08
7.50131e-08
1.33085e-07
2.25151e-07
3.62149e-07
5.54959e-07
8.1277e-07
1.14209e-06
1.54628e-06
2.02555e-06
2.57728e-06
3.19647e-06
3.87634e-06
4.60886e-06
5.38523e-06
6.19642e-06
7.03382e-06
7.89117e-06
8.76508e-06
9.65832e-06
1.05843e-05
1.15703e-05
1.26679e-05
1.39623e-05
1.55871e-05
1.77449e-05
2.07444e-05
2.50611e-05
3.14352e-05
4.10243e-05
5.5626e-05
7.8065e-05
0.000115795
0.000179693
0.000290594
0.000485474
0.000828193
0.00142939
0.00247988
0.00424552
0.00728212
0.01268
0.0220231
0.0362541
0.0524746
0.069153
0.085472
0.101035
0.115662
0.129284
0.141884
0.153454
0.164011
0.173792
0.182933
0.191175
0.19853
0.205004
0.2106
0.215328
0.219212
0.222299
0.224639
0.226335
0.22754
0.228377
0.228948
0.22933
0.229581
0.229743
0.229845
0.229909
0.229947
0.22997
0.229984
0.229991
0.229995
0.229998
0.229999
0.23
0.23
0.23
0.23
1.63807e-14
1.03961e-13
3.28671e-13
8.79045e-13
2.18511e-12
5.21738e-12
1.21254e-11
2.75944e-11
6.17523e-11
1.36131e-10
2.95521e-10
6.31583e-10
1.32793e-09
2.74394e-09
5.56398e-09
1.10499e-08
2.14581e-08
4.06041e-08
7.45913e-08
1.3247e-07
2.24267e-07
3.60982e-07
5.53535e-07
8.11162e-07
1.14044e-06
1.54483e-06
2.02463e-06
2.57728e-06
3.19791e-06
3.8798e-06
4.6149e-06
5.39441e-06
6.20937e-06
7.05137e-06
7.91377e-06
8.79341e-06
9.69355e-06
1.06275e-05
1.16261e-05
1.27433e-05
1.40652e-05
1.573e-05
1.79484e-05
2.10413e-05
2.55031e-05
3.21036e-05
4.20451e-05
5.719e-05
8.08362e-05
0.000120608
0.000188597
0.000306296
0.000512908
0.000876503
0.00151508
0.002628
0.00450018
0.00771994
0.0134526
0.023364
0.0378457
0.0541435
0.0708017
0.0870491
0.102514
0.117029
0.130534
0.143016
0.154467
0.164914
0.174605
0.183646
0.191792
0.199054
0.205439
0.210952
0.215604
0.219422
0.222452
0.224746
0.226408
0.227588
0.228409
0.228969
0.229343
0.229589
0.229748
0.229848
0.22991
0.229948
0.229971
0.229984
0.229991
0.229996
0.229998
0.229999
0.23
0.23
0.23
0.23
1.61808e-14
1.02683e-13
3.24545e-13
8.67614e-13
2.1553e-12
5.14144e-12
1.19473e-11
2.7228e-11
6.09567e-11
1.34426e-10
2.91965e-10
6.24364e-10
1.31368e-09
2.71667e-09
5.51368e-09
1.09686e-08
2.13227e-08
4.03847e-08
7.42552e-08
1.31996e-07
2.23604e-07
3.60125e-07
5.52524e-07
8.10096e-07
1.13948e-06
1.5442e-06
2.02464e-06
2.57829e-06
3.20033e-06
3.88406e-06
4.62146e-06
5.40371e-06
6.22185e-06
7.06749e-06
7.93404e-06
8.81853e-06
9.72452e-06
1.06662e-05
1.16744e-05
1.28046e-05
1.41492e-05
1.58472e-05
1.8117e-05
2.12898e-05
2.58767e-05
3.26737e-05
4.29228e-05
5.85436e-05
8.32325e-05
0.000124731
0.000196027
0.000319892
0.000537436
0.000920626
0.00159313
0.00276059
0.00472649
0.00810457
0.0141206
0.0245182
0.0392188
0.0555876
0.0722324
0.088421
0.103803
0.118224
0.13163
0.14401
0.155357
0.165711
0.175324
0.184279
0.19234
0.19952
0.205827
0.211268
0.215853
0.219611
0.222591
0.224843
0.226475
0.227633
0.228438
0.228987
0.229355
0.229597
0.229752
0.229851
0.229912
0.229949
0.229971
0.229984
0.229992
0.229996
0.229998
0.229999
0.23
0.23
0.23
0.23
1.59902e-14
1.01476e-13
3.2072e-13
8.5731e-13
2.12939e-12
5.07866e-12
1.17988e-11
2.68815e-11
6.02501e-11
1.32885e-10
2.88769e-10
6.17899e-10
1.30102e-09
2.69276e-09
5.47101e-09
1.08931e-08
2.11951e-08
4.01882e-08
7.39674e-08
1.31601e-07
2.23075e-07
3.59479e-07
5.51815e-07
8.09426e-07
1.13901e-06
1.54415e-06
2.02525e-06
2.57991e-06
3.20329e-06
3.88871e-06
4.62815e-06
5.41278e-06
6.23359e-06
7.0822e-06
7.95204e-06
8.84024e-06
9.75065e-06
1.06981e-05
1.17143e-05
1.28565e-05
1.42183e-05
1.59452e-05
1.82601e-05
2.15038e-05
2.62028e-05
3.31769e-05
4.37042e-05
5.97573e-05
8.53738e-05
0.000128405
0.000202581
0.000331933
0.000559441
0.000960011
0.00166229
0.00287669
0.00492381
0.00843843
0.0146983
0.025513
0.0404015
0.0568323
0.0734672
0.0896073
0.10492
0.119262
0.132582
0.144876
0.156134
0.16641
0.175957
0.184836
0.192823
0.199933
0.206172
0.211548
0.216075
0.21978
0.222715
0.22493
0.226534
0.227672
0.228464
0.229004
0.229365
0.229603
0.229756
0.229853
0.229913
0.22995
0.229972
0.229985
0.229992
0.229996
0.229998
0.229999
0.23
0.23
0.23
0.23
1.58138e-14
1.00363e-13
3.17224e-13
8.48013e-13
2.10638e-12
5.024e-12
1.16722e-11
2.65934e-11
5.96053e-11
1.3155e-10
2.85993e-10
6.123e-10
1.29006e-09
2.67189e-09
5.43408e-09
1.08286e-08
2.109e-08
4.00259e-08
7.37359e-08
1.31295e-07
2.22678e-07
3.59017e-07
5.51348e-07
8.09057e-07
1.13889e-06
1.54446e-06
2.02625e-06
2.58186e-06
3.20649e-06
3.89344e-06
4.63467e-06
5.42133e-06
6.24439e-06
7.09542e-06
7.96786e-06
8.85898e-06
9.77286e-06
1.07248e-05
1.17476e-05
1.28998e-05
1.42768e-05
1.60295e-05
1.8385e-05
2.16933e-05
2.64949e-05
3.36321e-05
4.44169e-05
6.08721e-05
8.73358e-05
0.000131771
0.000208556
0.000342796
0.000579072
0.000994826
0.00172303
0.00297766
0.00509502
0.00872741
0.0151973
0.0263696
0.0414186
0.0579023
0.0745291
0.0906285
0.105883
0.120157
0.133407
0.145626
0.156808
0.167019
0.17651
0.185323
0.193247
0.200295
0.206475
0.211795
0.21627
0.219929
0.222824
0.225007
0.226587
0.227708
0.228487
0.229019
0.229375
0.229609
0.22976
0.229855
0.229915
0.229951
0.229972
0.229985
0.229992
0.229996
0.229998
0.229999
0.23
0.23
0.23
0.23
1.56541e-14
9.93563e-14
3.14075e-13
8.39681e-13
2.08591e-12
4.97577e-12
1.15617e-11
2.63453e-11
5.90549e-11
1.30383e-10
2.83585e-10
6.07468e-10
1.28067e-09
2.65435e-09
5.40242e-09
1.07733e-08
2.10015e-08
3.98923e-08
7.3549e-08
1.31056e-07
2.22383e-07
3.58699e-07
5.51069e-07
8.08916e-07
1.13902e-06
1.54504e-06
2.02748e-06
2.58397e-06
3.20971e-06
3.89801e-06
4.64081e-06
5.42922e-06
6.25416e-06
7.10718e-06
7.98173e-06
8.87516e-06
9.79181e-06
1.07475e-05
1.17759e-05
1.2937e-05
1.43287e-05
1.61037e-05
1.84958e-05
2.18629e-05
2.67584e-05
3.40449e-05
4.50658e-05
6.18896e-05
8.91178e-05
0.000134818
0.000213929
0.000352464
0.000596368
0.00102528
0.00177591
0.00306484
0.00524266
0.0089762
0.0156264
0.0271034
0.0422889
0.0588173
0.0754372
0.0915022
0.106708
0.120925
0.134114
0.146271
0.157389
0.167543
0.176989
0.185745
0.193615
0.20061
0.206738
0.21201
0.21644
0.220059
0.22292
0.225074
0.226633
0.227738
0.228507
0.229031
0.229383
0.229614
0.229763
0.229857
0.229916
0.229951
0.229973
0.229985
0.229992
0.229996
0.229998
0.229999
0.23
0.23
0.23
0.23
1.55129e-14
9.84668e-14
3.11297e-13
8.32356e-13
2.068e-12
4.93377e-12
1.14661e-11
2.61327e-11
5.85921e-11
1.29399e-10
2.81554e-10
6.03401e-10
1.27276e-09
2.64009e-09
5.37618e-09
1.07285e-08
2.09295e-08
3.9785e-08
7.34024e-08
1.30877e-07
2.22172e-07
3.58493e-07
5.50928e-07
8.08928e-07
1.1393e-06
1.54574e-06
2.02878e-06
2.58606e-06
3.21278e-06
3.90226e-06
4.64641e-06
5.43632e-06
6.26285e-06
7.11753e-06
7.99382e-06
8.88914e-06
9.80809e-06
1.07669e-05
1.18001e-05
1.29688e-05
1.43731e-05
1.61687e-05
1.85938e-05
2.20137e-05
2.69935e-05
3.4414e-05
4.56465e-05
6.28006e-05
9.07048e-05
0.000137523
0.00021867
0.000360923
0.000611387
0.00105159
0.00182143
0.00313933
0.00536875
0.00918843
0.015992
0.0277263
0.0430266
0.0595926
0.0762065
0.0922425
0.107407
0.121577
0.134715
0.14682
0.157883
0.16799
0.177399
0.186107
0.193929
0.200879
0.206964
0.212195
0.216586
0.220171
0.223002
0.225132
0.226672
0.227765
0.228524
0.229042
0.22939
0.229618
0.229765
0.229859
0.229917
0.229952
0.229973
0.229985
0.229992
0.229996
0.229998
0.229999
0.23
0.23
0.23
0.23
1.53913e-14
9.77021e-14
3.08912e-13
8.26086e-13
2.05271e-12
4.89809e-12
1.13853e-11
2.5954e-11
5.82054e-11
1.28582e-10
2.79876e-10
6.00052e-10
1.2663e-09
2.62796e-09
5.35457e-09
1.06925e-08
2.08726e-08
3.97015e-08
7.32912e-08
1.30745e-07
2.22025e-07
3.58364e-07
5.50875e-07
8.0903e-07
1.13966e-06
1.54649e-06
2.03005e-06
2.58802e-06
3.2156e-06
3.90608e-06
4.65138e-06
5.44254e-06
6.2704e-06
7.12646e-06
8.00417e-06
8.90107e-06
9.82193e-06
1.07834e-05
1.18207e-05
1.29962e-05
1.44115e-05
1.6225e-05
1.86789e-05
2.21451e-05
2.71986e-05
3.47363e-05
4.61538e-05
6.35963e-05
9.20847e-05
0.000139867
0.000222759
0.000368174
0.000624191
0.00107392
0.00185999
0.00320204
0.00547486
0.0093669
0.0162992
0.0282474
0.0436428
0.0602397
0.0768486
0.0928605
0.107991
0.122122
0.135218
0.147279
0.158298
0.168364
0.177743
0.18641
0.194194
0.201106
0.207155
0.21235
0.21671
0.220266
0.223072
0.22518
0.226706
0.227787
0.228539
0.229052
0.229396
0.229622
0.229768
0.22986
0.229917
0.229952
0.229973
0.229985
0.229992
0.229996
0.229998
0.229999
0.23
0.23
0.23
0.23
1.52905e-14
9.70677e-14
3.06936e-13
8.209e-13
2.0401e-12
4.86874e-12
1.1319e-11
2.58081e-11
5.78912e-11
1.27926e-10
2.78534e-10
5.97382e-10
1.26132e-09
2.61857e-09
5.33798e-09
1.06646e-08
2.0829e-08
3.96387e-08
7.32098e-08
1.30654e-07
2.21931e-07
3.58298e-07
5.50885e-07
8.09181e-07
1.14005e-06
1.54721e-06
2.03123e-06
2.58977e-06
3.21807e-06
3.9094e-06
4.65564e-06
5.44784e-06
6.27678e-06
7.13397e-06
8.01285e-06
8.91104e-06
9.83348e-06
1.07972e-05
1.18379e-05
1.3019e-05
1.44436e-05
1.6272e-05
1.87508e-05
2.22563e-05
2.73724e-05
3.50094e-05
4.65834e-05
6.42698e-05
9.32484e-05
0.000141839
0.000226187
0.000374224
0.000634829
0.00109243
0.00189187
0.00325364
0.00556217
0.00951368
0.0165518
0.0286735
0.044146
0.0607679
0.0773726
0.0933648
0.108467
0.122566
0.135629
0.147655
0.158637
0.168671
0.178024
0.186659
0.194411
0.201292
0.207311
0.212478
0.216811
0.220343
0.223129
0.22522
0.226733
0.227805
0.228551
0.229059
0.2294
0.229625
0.229769
0.229861
0.229918
0.229953
0.229973
0.229985
0.229992
0.229996
0.229998
0.229999
0.23
0.23
0.23
0.23
1.5211e-14
9.65678e-14
3.05381e-13
8.16823e-13
2.0302e-12
4.84576e-12
1.12673e-11
2.56948e-11
5.76499e-11
1.27423e-10
2.7751e-10
5.95379e-10
1.25746e-09
2.61145e-09
5.32556e-09
1.06441e-08
2.07972e-08
3.9594e-08
7.31542e-08
1.30596e-07
2.2188e-07
3.58281e-07
5.50942e-07
8.0937e-07
1.14043e-06
1.54788e-06
2.03227e-06
2.59128e-06
3.22015e-06
3.91215e-06
4.65915e-06
5.45216e-06
6.28197e-06
7.14005e-06
8.01986e-06
8.91907e-06
9.84278e-06
1.08083e-05
1.18519e-05
1.30376e-05
1.44698e-05
1.63109e-05
1.88094e-05
2.23466e-05
2.75134e-05
3.52309e-05
4.69318e-05
6.4816e-05
9.41892e-05
0.00014343
0.000228945
0.000379076
0.000643337
0.0011072
0.00191729
0.0032946
0.0056315
0.00963023
0.0167523
0.0290099
0.0445427
0.061184
0.0777852
0.093762
0.108843
0.122917
0.135953
0.147951
0.158905
0.168913
0.178247
0.186856
0.194583
0.201439
0.207434
0.212579
0.216891
0.220404
0.223174
0.225252
0.226755
0.22782
0.22856
0.229065
0.229404
0.229627
0.229771
0.229862
0.229919
0.229953
0.229973
0.229985
0.229992
0.229996
0.229998
0.229999
0.23
0.23
0.23
0.23
1.51529e-14
9.62025e-14
3.04245e-13
8.13852e-13
2.02301e-12
4.82911e-12
1.123e-11
2.56135e-11
5.74788e-11
1.27063e-10
2.7679e-10
5.93988e-10
1.25476e-09
2.60653e-09
5.317e-09
1.06301e-08
2.07761e-08
3.95654e-08
7.31209e-08
1.30567e-07
2.21863e-07
3.58299e-07
5.51027e-07
8.09562e-07
1.14079e-06
1.54845e-06
2.03313e-06
2.59251e-06
3.22181e-06
3.91431e-06
4.66188e-06
5.4555e-06
6.28596e-06
7.1447e-06
8.0252e-06
8.92518e-06
9.84985e-06
1.08167e-05
1.18624e-05
1.30517e-05
1.44897e-05
1.63402e-05
1.88538e-05
2.24153e-05
2.76206e-05
3.53992e-05
4.71964e-05
6.52306e-05
9.49021e-05
0.000144634
0.000231029
0.000382732
0.000649736
0.0011183
0.00193637
0.00332524
0.00568341
0.0097175
0.0169025
0.0292604
0.0448376
0.0614932
0.0780917
0.094057
0.109122
0.123177
0.136193
0.148171
0.159104
0.169093
0.178413
0.187002
0.194711
0.201549
0.207526
0.212654
0.216951
0.22045
0.223208
0.225276
0.226771
0.22783
0.228567
0.22907
0.229407
0.229629
0.229772
0.229863
0.229919
0.229953
0.229974
0.229985
0.229992
0.229996
0.229998
0.229999
0.23
0.23
0.23
0.23
1.51159e-14
9.59706e-14
3.03526e-13
8.11981e-13
2.01851e-12
4.81879e-12
1.12071e-11
2.55641e-11
5.73729e-11
1.26846e-10
2.76357e-10
5.93125e-10
1.25313e-09
2.60361e-09
5.31203e-09
1.06222e-08
2.07647e-08
3.95512e-08
7.31073e-08
1.30562e-07
2.21873e-07
3.5834e-07
5.51123e-07
8.09743e-07
1.14109e-06
1.54891e-06
2.03379e-06
2.59342e-06
3.22302e-06
3.91587e-06
4.66381e-06
5.45785e-06
6.28873e-06
7.14791e-06
8.02887e-06
8.92936e-06
9.85466e-06
1.08225e-05
1.18696e-05
1.30612e-05
1.45031e-05
1.63598e-05
1.88835e-05
2.24613e-05
2.76925e-05
3.55123e-05
4.73745e-05
6.55099e-05
9.53819e-05
0.000145445
0.000232429
0.000385187
0.000654028
0.00112574
0.00194916
0.00334574
0.00571814
0.00977591
0.017003
0.0294274
0.045034
0.0616989
0.0782956
0.0942533
0.109307
0.12335
0.136353
0.148317
0.159236
0.169213
0.178523
0.1871
0.194796
0.201622
0.207588
0.212704
0.216991
0.220481
0.22323
0.225292
0.226782
0.227838
0.228572
0.229073
0.229409
0.22963
0.229772
0.229863
0.229919
0.229953
0.229974
0.229986
0.229992
0.229996
0.229998
0.229999
0.23
0.23
0.23
0.23
1.50996e-14
9.58687e-14
3.03212e-13
8.11167e-13
2.01656e-12
4.81432e-12
1.11972e-11
2.55424e-11
5.73268e-11
1.26752e-10
2.76167e-10
5.9276e-10
1.25247e-09
2.60247e-09
5.31017e-09
1.06195e-08
2.07614e-08
3.95483e-08
7.31077e-08
1.3057e-07
2.21896e-07
3.58388e-07
5.51209e-07
8.09883e-07
1.1413e-06
1.54921e-06
2.03421e-06
2.59397e-06
3.22373e-06
3.91675e-06
4.66489e-06
5.45913e-06
6.29023e-06
7.14962e-06
8.03081e-06
8.93155e-06
9.85716e-06
1.08254e-05
1.18733e-05
1.3066e-05
1.45099e-05
1.63698e-05
1.88987e-05
2.24847e-05
2.7729e-05
3.55695e-05
4.74645e-05
6.56511e-05
9.56242e-05
0.000145854
0.000233137
0.000386427
0.000656196
0.0011295
0.00195563
0.0033561
0.00573572
0.00980549
0.0170539
0.0295116
0.0451328
0.0618023
0.0783979
0.0943515
0.1094
0.123437
0.136433
0.14839
0.159301
0.169273
0.178578
0.187148
0.194837
0.201658
0.207618
0.212729
0.21701
0.220496
0.223241
0.225299
0.226787
0.227841
0.228574
0.229074
0.22941
0.22963
0.229773
0.229863
0.229919
0.229953
0.229974
0.229986
0.229992
0.229996
0.229998
0.229999
0.23
0.23
0.23
0.23
1.51031e-14
9.58909e-14
3.03282e-13
8.11354e-13
2.01702e-12
4.8154e-12
1.11996e-11
2.55478e-11
5.73386e-11
1.26777e-10
2.76223e-10
5.92878e-10
1.25272e-09
2.60299e-09
5.31124e-09
1.06216e-08
2.07655e-08
3.95559e-08
7.31212e-08
1.30593e-07
2.21932e-07
3.58442e-07
5.51284e-07
8.09983e-07
1.14142e-06
1.54937e-06
2.03439e-06
2.59418e-06
3.22396e-06
3.91701e-06
4.66517e-06
5.45942e-06
6.29052e-06
7.14992e-06
8.03111e-06
8.93183e-06
9.85743e-06
1.08257e-05
1.18735e-05
1.30663e-05
1.45102e-05
1.63702e-05
1.88993e-05
2.24855e-05
2.77303e-05
3.55717e-05
4.7468e-05
6.56566e-05
9.5634e-05
0.000145871
0.000233167
0.000386481
0.000656293
0.00112967
0.00195594
0.00335661
0.0057366
0.00980701
0.0170566
0.0295161
0.045138
0.0618076
0.078403
0.0943564
0.109404
0.123441
0.136437
0.148393
0.159304
0.169275
0.17858
0.18715
0.194839
0.201659
0.207619
0.21273
0.217011
0.220496
0.223242
0.2253
0.226787
0.227841
0.228574
0.229074
0.22941
0.22963
0.229773
0.229863
0.229919
0.229953
0.229974
0.229986
0.229992
0.229996
0.229998
0.229999
0.23
0.23
0.23
0.23
1.51261e-14
9.60354e-14
3.03731e-13
8.12524e-13
2.01984e-12
4.82192e-12
1.12142e-11
2.55796e-11
5.74067e-11
1.26921e-10
2.76519e-10
5.93466e-10
1.25386e-09
2.60515e-09
5.31513e-09
1.06283e-08
2.07763e-08
3.95726e-08
7.31451e-08
1.30625e-07
2.21973e-07
3.5849e-07
5.51333e-07
8.10024e-07
1.14145e-06
1.54935e-06
2.03432e-06
2.59402e-06
3.2237e-06
3.91662e-06
4.66462e-06
5.45869e-06
6.2896e-06
7.14878e-06
8.02973e-06
8.93019e-06
9.85544e-06
1.08232e-05
1.18703e-05
1.30619e-05
1.45039e-05
1.6361e-05
1.88853e-05
2.24639e-05
2.76965e-05
3.55186e-05
4.73845e-05
6.5526e-05
9.54101e-05
0.000145493
0.000232517
0.000385345
0.000654312
0.00112625
0.00195007
0.00334724
0.00572075
0.0097804
0.0170108
0.0294405
0.0450492
0.0617145
0.0783107
0.0942675
0.10932
0.123362
0.136364
0.148327
0.159245
0.169221
0.17853
0.187106
0.194801
0.201626
0.207592
0.212708
0.216993
0.220483
0.223232
0.225293
0.226782
0.227838
0.228572
0.229073
0.229409
0.22963
0.229773
0.229863
0.229919
0.229953
0.229974
0.229986
0.229992
0.229996
0.229998
0.229999
0.23
0.23
0.23
0.23
1.51693e-14
9.63068e-14
3.04575e-13
8.14734e-13
2.0252e-12
4.83434e-12
1.12421e-11
2.56409e-11
5.7538e-11
1.27196e-10
2.7707e-10
5.94556e-10
1.25595e-09
2.60896e-09
5.32187e-09
1.06396e-08
2.07944e-08
3.95994e-08
7.31817e-08
1.3067e-07
2.22026e-07
3.58541e-07
5.51369e-07
8.10023e-07
1.14138e-06
1.54918e-06
2.03401e-06
2.59353e-06
3.22296e-06
3.91558e-06
4.66325e-06
5.45695e-06
6.28745e-06
7.1462e-06
8.02669e-06
8.92663e-06
9.85122e-06
1.0818e-05
1.18637e-05
1.3053e-05
1.44911e-05
1.6342e-05
1.88564e-05
2.24193e-05
2.7627e-05
3.54095e-05
4.72131e-05
6.52575e-05
9.49495e-05
0.000144717
0.000231176
0.000382998
0.000650215
0.00111915
0.00193789
0.00332775
0.00568777
0.009725
0.0169156
0.0292825
0.0448633
0.0615196
0.0781174
0.0940813
0.109144
0.123198
0.136212
0.148188
0.159118
0.169107
0.178425
0.187013
0.19472
0.201557
0.207533
0.21266
0.216955
0.220454
0.22321
0.225278
0.226772
0.227831
0.228568
0.22907
0.229407
0.229629
0.229772
0.229863
0.229919
0.229953
0.229974
0.229985
0.229992
0.229996
0.229998
0.229999
0.23
0.23
0.23
0.23
1.52326e-14
9.67052e-14
3.05816e-13
8.17988e-13
2.0331e-12
4.8527e-12
1.12835e-11
2.57317e-11
5.77323e-11
1.27598e-10
2.77899e-10
5.96205e-10
1.25916e-09
2.61493e-09
5.33243e-09
1.06575e-08
2.08227e-08
3.96409e-08
7.32374e-08
1.30737e-07
2.22103e-07
3.58614e-07
5.51413e-07
8.10004e-07
1.14125e-06
1.54889e-06
2.03348e-06
2.59269e-06
3.22175e-06
3.91391e-06
4.66105e-06
5.45417e-06
6.28404e-06
7.14214e-06
8.02193e-06
8.92108e-06
9.84469e-06
1.08101e-05
1.18536e-05
1.30394e-05
1.4472e-05
1.63136e-05
1.88131e-05
2.23524e-05
2.75225e-05
3.52454e-05
4.69551e-05
6.48535e-05
9.42552e-05
0.000143545
0.00022915
0.000379445
0.000644003
0.00110839
0.0019194
0.00329809
0.00563758
0.00964068
0.0167706
0.0290408
0.0445786
0.061221
0.0778211
0.0937959
0.108874
0.122945
0.135978
0.147974
0.158925
0.168932
0.178264
0.18687
0.194595
0.20145
0.207443
0.212586
0.216897
0.220409
0.223177
0.225254
0.226756
0.227821
0.228561
0.229066
0.229404
0.229627
0.229771
0.229862
0.229919
0.229953
0.229973
0.229985
0.229992
0.229996
0.229998
0.229999
0.23
0.23
0.23
0.23
1.53164e-14
9.72326e-14
3.07458e-13
8.22299e-13
2.04358e-12
4.87708e-12
1.13385e-11
2.58527e-11
5.79922e-11
1.28145e-10
2.79014e-10
5.98422e-10
1.26339e-09
2.62286e-09
5.34665e-09
1.06815e-08
2.08608e-08
3.96971e-08
7.33135e-08
1.3083e-07
2.2221e-07
3.58716e-07
5.51478e-07
8.09983e-07
1.14108e-06
1.54849e-06
2.03277e-06
2.59157e-06
3.2201e-06
3.91164e-06
4.65807e-06
5.45039e-06
6.27943e-06
7.13665e-06
8.01551e-06
8.91361e-06
9.83593e-06
1.07995e-05
1.18402e-05
1.30214e-05
1.44464e-05
1.62758e-05
1.87557e-05
2.22637e-05
2.7384e-05
3.50279e-05
4.6613e-05
6.43175e-05
9.33323e-05
0.000141985
0.000226447
0.000374694
0.000635679
0.00109395
0.00189457
0.00325811
0.00556994
0.00952704
0.0165751
0.0287132
0.0441923
0.0608156
0.0774188
0.0934084
0.108508
0.122603
0.135662
0.147684
0.158663
0.168694
0.178045
0.186677
0.194427
0.201305
0.207322
0.212487
0.216818
0.220348
0.223133
0.225223
0.226735
0.227806
0.228551
0.22906
0.229401
0.229625
0.229769
0.229861
0.229918
0.229953
0.229973
0.229985
0.229992
0.229996
0.229998
0.229999
0.23
0.23
0.23
0.23
1.54211e-14
9.78913e-14
3.09511e-13
8.27692e-13
2.05671e-12
4.90766e-12
1.14076e-11
2.60051e-11
5.83206e-11
1.28836e-10
2.80431e-10
6.01241e-10
1.26885e-09
2.63324e-09
5.36499e-09
1.07128e-08
2.09107e-08
3.97712e-08
7.34145e-08
1.30954e-07
2.22357e-07
3.58862e-07
5.51582e-07
8.09987e-07
1.14091e-06
1.54804e-06
2.03191e-06
2.59018e-06
3.21805e-06
3.9088e-06
4.65432e-06
5.44565e-06
6.27363e-06
7.12973e-06
8.00742e-06
8.90422e-06
9.82493e-06
1.07863e-05
1.18235e-05
1.2999e-05
1.44146e-05
1.6229e-05
1.86847e-05
2.21539e-05
2.72125e-05
3.47584e-05
4.61892e-05
6.36533e-05
9.21853e-05
0.000140042
0.000223072
0.000368742
0.00062522
0.00107577
0.00186326
0.00320749
0.00548432
0.00938316
0.0163276
0.028296
0.0436995
0.0602982
0.0769053
0.0929139
0.10804
0.122166
0.135258
0.147315
0.15833
0.168392
0.177768
0.186432
0.194213
0.201122
0.207168
0.212361
0.216718
0.220272
0.223076
0.225184
0.226708
0.227788
0.22854
0.229052
0.229396
0.229622
0.229768
0.22986
0.229917
0.229952
0.229973
0.229985
0.229992
0.229996
0.229998
0.229999
0.23
0.23
0.23
0.23
1.55467e-14
9.86816e-14
3.11977e-13
8.34181e-13
2.07255e-12
4.94466e-12
1.14915e-11
2.61907e-11
5.8723e-11
1.29691e-10
2.82179e-10
6.04728e-10
1.27556e-09
2.64564e-09
5.38758e-09
1.07513e-08
2.0973e-08
3.98647e-08
7.35435e-08
1.31116e-07
2.22552e-07
3.59063e-07
5.51742e-07
8.10034e-07
1.14074e-06
1.54755e-06
2.03095e-06
2.58859e-06
3.21567e-06
3.90546e-06
4.64988e-06
5.44e-06
6.26667e-06
7.12141e-06
7.99767e-06
8.89289e-06
9.81167e-06
1.07703e-05
1.18033e-05
1.29721e-05
1.43768e-05
1.61734e-05
1.86004e-05
2.20238e-05
2.70094e-05
3.44393e-05
4.56872e-05
6.28661e-05
9.08209e-05
0.000137725
0.000219033
0.000361585
0.00061259
0.00105375
0.00182527
0.00314576
0.0053799
0.00920759
0.0160255
0.027784
0.0430939
0.0596619
0.0762739
0.0923058
0.107465
0.12163
0.134763
0.146863
0.157921
0.168023
0.177429
0.186133
0.193952
0.200898
0.20698
0.212207
0.216596
0.220179
0.223008
0.225136
0.226675
0.227766
0.228525
0.229043
0.22939
0.229618
0.229766
0.229859
0.229917
0.229952
0.229973
0.229985
0.229992
0.229996
0.229998
0.229999
0.23
0.23
0.23
0.23
1.56927e-14
9.96014e-14
3.14851e-13
8.41761e-13
2.0911e-12
4.98816e-12
1.15905e-11
2.6411e-11
5.92021e-11
1.30708e-10
2.84282e-10
6.08948e-10
1.28376e-09
2.66067e-09
5.41563e-09
1.07986e-08
2.10502e-08
3.9982e-08
7.37091e-08
1.3133e-07
2.22819e-07
3.59357e-07
5.52009e-07
8.1019e-07
1.14067e-06
1.5471e-06
2.02997e-06
2.58688e-06
3.21303e-06
3.9017e-06
4.64481e-06
5.43347e-06
6.25858e-06
7.11167e-06
7.9862e-06
8.8795e-06
9.79595e-06
1.07514e-05
1.17795e-05
1.29405e-05
1.43323e-05
1.61089e-05
1.85033e-05
2.18743e-05
2.67762e-05
3.40732e-05
4.51112e-05
6.19627e-05
8.92479e-05
0.000135046
0.00021434
0.000353216
0.00059774
0.00102775
0.00178031
0.00307224
0.00525552
0.00899832
0.0156651
0.0271703
0.0423671
0.0588979
0.0755155
0.0915758
0.106776
0.120987
0.13417
0.146321
0.157432
0.167582
0.177024
0.185776
0.193641
0.200631
0.206756
0.212025
0.216452
0.220068
0.222926
0.225078
0.226636
0.22774
0.228508
0.229032
0.229383
0.229614
0.229763
0.229857
0.229916
0.229951
0.229973
0.229985
0.229992
0.229996
0.229998
0.229999
0.23
0.23
0.23
0.23
1.58583e-14
1.00645e-13
3.18117e-13
8.50403e-13
2.11233e-12
5.0382e-12
1.17052e-11
2.6668e-11
5.97712e-11
1.31913e-10
2.86769e-10
6.13955e-10
1.29355e-09
2.67917e-09
5.44841e-09
1.08563e-08
2.11441e-08
4.01268e-08
7.39173e-08
1.31607e-07
2.23176e-07
3.59769e-07
5.5242e-07
8.1051e-07
1.14077e-06
1.54682e-06
2.02909e-06
2.58518e-06
3.21026e-06
3.89762e-06
4.63922e-06
5.42617e-06
6.24941e-06
7.10053e-06
7.97294e-06
8.86392e-06
9.77757e-06
1.07293e-05
1.1752e-05
1.29044e-05
1.42828e-05
1.60359e-05
1.83935e-05
2.17058e-05
2.65144e-05
3.36629e-05
4.44663e-05
6.09517e-05
8.74782e-05
0.000132021
0.000209009
0.000343633
0.000580609
0.000997607
0.00172799
0.00298607
0.00510963
0.00875255
0.0152413
0.026446
0.041508
0.0579944
0.0746186
0.0907126
0.105961
0.120228
0.13347
0.145683
0.156857
0.167063
0.17655
0.185358
0.193277
0.20032
0.206496
0.211812
0.216283
0.219939
0.222832
0.225012
0.22659
0.22771
0.228488
0.22902
0.229375
0.229609
0.22976
0.229856
0.229915
0.229951
0.229972
0.229985
0.229992
0.229996
0.229998
0.229999
0.23
0.23
0.23
0.23
1.60416e-14
1.01801e-13
3.21746e-13
8.60042e-13
2.13615e-12
5.09474e-12
1.1836e-11
2.69655e-11
6.04372e-11
1.33306e-10
2.8969e-10
6.19858e-10
1.30511e-09
2.70108e-09
5.48671e-09
1.09247e-08
2.12568e-08
4.03026e-08
7.41741e-08
1.31955e-07
2.23639e-07
3.60326e-07
5.53018e-07
8.11054e-07
1.14112e-06
1.54678e-06
2.02842e-06
2.58362e-06
3.20753e-06
3.89343e-06
4.63327e-06
5.41821e-06
6.23924e-06
7.08795e-06
7.95776e-06
8.84583e-06
9.756e-06
1.07031e-05
1.17191e-05
1.28612e-05
1.4224e-05
1.5952e-05
1.82693e-05
2.15174e-05
2.62237e-05
3.32098e-05
4.37568e-05
5.9842e-05
8.55263e-05
0.000128674
0.000203072
0.000332847
0.000561134
0.000963093
0.00166781
0.00288611
0.00494019
0.00846666
0.0147478
0.0255991
0.0405024
0.0569363
0.0735682
0.0897024
0.105008
0.119341
0.132654
0.14494
0.15619
0.16646
0.176002
0.184875
0.192857
0.199961
0.206195
0.211567
0.216089
0.219791
0.222723
0.224936
0.226538
0.227675
0.228466
0.229005
0.229366
0.229603
0.229757
0.229853
0.229914
0.22995
0.229972
0.229985
0.229992
0.229996
0.229998
0.229999
0.23
0.23
0.23
0.23
1.62402e-14
1.03058e-13
3.25711e-13
8.70672e-13
2.16274e-12
5.15891e-12
1.19879e-11
2.73223e-11
6.11759e-11
1.34901e-10
2.9301e-10
6.26598e-10
1.31834e-09
2.72619e-09
5.53301e-09
1.10064e-08
2.13908e-08
4.05129e-08
7.44857e-08
1.32388e-07
2.2423e-07
3.61067e-07
5.53864e-07
8.11911e-07
1.14184e-06
1.54715e-06
2.0282e-06
2.58245e-06
3.20507e-06
3.88933e-06
4.62717e-06
5.40977e-06
6.22815e-06
7.07391e-06
7.94046e-06
8.82483e-06
9.73058e-06
1.0672e-05
1.16799e-05
1.28111e-05
1.41552e-05
1.58547e-05
1.81272e-05
2.13047e-05
2.58995e-05
3.27094e-05
4.29793e-05
5.86337e-05
8.33951e-05
0.000125017
0.000196549
0.00032087
0.000539263
0.000923979
0.00159917
0.00277101
0.00474465
0.00813594
0.0141757
0.0246144
0.0393317
0.0557041
0.0723455
0.0885275
0.103901
0.118314
0.13171
0.144082
0.15542
0.165766
0.175374
0.184322
0.192377
0.199551
0.205853
0.211288
0.215869
0.219624
0.2226
0.224849
0.226479
0.227636
0.22844
0.228988
0.229356
0.229597
0.229753
0.229851
0.229912
0.229949
0.229971
0.229984
0.229992
0.229996
0.229998
0.229999
0.23
0.23
0.23
0.23
1.64508e-14
1.04398e-13
3.30002e-13
8.82421e-13
2.19292e-12
5.23403e-12
1.217e-11
2.77025e-11
6.20013e-11
1.36691e-10
2.96733e-10
6.34152e-10
1.33326e-09
2.75477e-09
5.58582e-09
1.10925e-08
2.15445e-08
4.07555e-08
7.48493e-08
1.32914e-07
2.24972e-07
3.62036e-07
5.55031e-07
8.13193e-07
1.14309e-06
1.54814e-06
2.02861e-06
2.58196e-06
3.2032e-06
3.88565e-06
4.62122e-06
5.4011e-06
6.21633e-06
7.05849e-06
7.92088e-06
8.80044e-06
9.70014e-06
1.06346e-05
1.16337e-05
1.27502e-05
1.40722e-05
1.57386e-05
1.79601e-05
2.10582e-05
2.55285e-05
3.21431e-05
4.21076e-05
5.72899e-05
8.10191e-05
0.000120936
0.000189211
0.000307402
0.000514889
0.000880133
0.00152166
0.00263946
0.00452019
0.00775457
0.0135134
0.0234705
0.0379707
0.0542725
0.0709272
0.0871672
0.102623
0.117129
0.130624
0.143096
0.154537
0.164976
0.17466
0.183694
0.191833
0.199088
0.205467
0.210975
0.215623
0.219436
0.222462
0.224753
0.226413
0.227591
0.228411
0.22897
0.229344
0.22959
0.229748
0.229848
0.229911
0.229948
0.229971
0.229984
0.229991
0.229996
0.229998
0.229999
0.23
0.23
0.23
0.23
1.66705e-14
1.0581e-13
3.34616e-13
8.95458e-13
2.22616e-12
5.311e-12
1.23257e-11
2.80531e-11
6.28218e-11
1.38482e-10
3.00559e-10
6.42061e-10
1.34907e-09
2.78528e-09
5.64293e-09
1.1201e-08
2.17272e-08
4.10518e-08
7.53121e-08
1.33572e-07
2.25919e-07
3.63314e-07
5.56642e-07
8.15058e-07
1.14505e-06
1.54997e-06
2.02998e-06
2.58246e-06
3.20238e-06
3.88287e-06
4.6159e-06
5.39254e-06
6.204e-06
7.04186e-06
7.89941e-06
8.77333e-06
9.66686e-06
1.05921e-05
1.15775e-05
1.26749e-05
1.39703e-05
1.55971e-05
1.77583e-05
2.07637e-05
2.509e-05
3.14795e-05
4.10932e-05
5.57341e-05
7.8261e-05
0.000116144
0.00018035
0.000291779
0.000487603
0.000832007
0.0014363
0.00249227
0.00426715
0.00731969
0.0127463
0.0221398
0.0363913
0.0526165
0.0692911
0.0856021
0.101155
0.115771
0.129382
0.141972
0.153531
0.164079
0.173853
0.182986
0.19122
0.198568
0.205035
0.210626
0.215348
0.219227
0.22231
0.224646
0.226341
0.227543
0.228379
0.228949
0.229331
0.229582
0.229743
0.229845
0.229909
0.229947
0.22997
0.229984
0.229991
0.229995
0.229998
0.229999
0.23
0.23
0.23
0.23
1.68771e-14
1.07111e-13
3.38597e-13
9.05105e-13
2.24822e-12
5.36345e-12
1.2467e-11
2.84124e-11
6.36524e-11
1.40348e-10
3.04625e-10
6.50637e-10
1.36654e-09
2.81963e-09
5.70794e-09
1.13201e-08
2.19257e-08
4.13774e-08
7.581e-08
1.34326e-07
2.27055e-07
3.64911e-07
5.58748e-07
8.17668e-07
1.14801e-06
1.55304e-06
2.03277e-06
2.58454e-06
3.20308e-06
3.88161e-06
4.61203e-06
5.3856e-06
6.19312e-06
7.02611e-06
7.87763e-06
8.74402e-06
9.62742e-06
1.05399e-05
1.15086e-05
1.25835e-05
1.38465e-05
1.54249e-05
1.75129e-05
2.04055e-05
2.45558e-05
3.06679e-05
3.9843e-05
5.37937e-05
7.51471e-05
0.000110904
0.000170774
0.000275027
0.000458465
0.000781522
0.00134862
0.00234012
0.00401065
0.00688911
0.0118284
0.0206146
0.034599
0.0507413
0.0674376
0.0838273
0.0994899
0.114231
0.127974
0.140698
0.152393
0.163067
0.172945
0.182191
0.190534
0.197988
0.204556
0.210239
0.215045
0.218999
0.222144
0.22453
0.226261
0.22749
0.228345
0.228927
0.229317
0.229573
0.229738
0.229842
0.229907
0.229946
0.22997
0.229983
0.229991
0.229995
0.229998
0.229999
0.23
0.23
0.23
0.23
1.70466e-14
1.08151e-13
3.41821e-13
9.14255e-13
2.2735e-12
5.42889e-12
1.2624e-11
2.87737e-11
6.44703e-11
1.42159e-10
3.08541e-10
6.58893e-10
1.38348e-09
2.85357e-09
5.77577e-09
1.14439e-08
2.215e-08
4.17774e-08
7.64891e-08
1.35359e-07
2.28634e-07
3.67133e-07
5.61696e-07
8.21366e-07
1.15226e-06
1.55748e-06
2.03708e-06
2.5881e-06
3.20551e-06
3.88222e-06
4.60992e-06
5.37957e-06
6.18192e-06
7.00845e-06
7.85251e-06
8.70968e-06
9.58174e-06
1.048e-05
1.14301e-05
1.24792e-05
1.37049e-05
1.5228e-05
1.72324e-05
1.99962e-05
2.3945e-05
2.97379e-05
3.8403e-05
5.1538e-05
7.15925e-05
0.000104851
0.000160501
0.000257263
0.000427363
0.000726987
0.0012533
0.00217348
0.00372444
0.00639384
0.0109696
0.0191044
0.0327006
0.0486961
0.0653828
0.0818431
0.0976191
0.112496
0.126386
0.139262
0.151112
0.161931
0.171931
0.181302
0.189771
0.197346
0.204028
0.209816
0.214717
0.218753
0.221967
0.224407
0.226178
0.227435
0.228308
0.228904
0.229302
0.229563
0.229732
0.229838
0.229905
0.229945
0.229969
0.229983
0.229991
0.229995
0.229998
0.229999
0.229999
0.23
0.23
0.23
1.72727e-14
1.09598e-13
3.46471e-13
9.26822e-13
2.30468e-12
5.50375e-12
1.28001e-11
2.91794e-11
6.53886e-11
1.44203e-10
3.13009e-10
6.68472e-10
1.40352e-09
2.89384e-09
5.84984e-09
1.15843e-08
2.24106e-08
4.2229e-08
7.7192e-08
1.3647e-07
2.30281e-07
3.69603e-07
5.65145e-07
8.25562e-07
1.15727e-06
1.56318e-06
2.04312e-06
2.59405e-06
3.21062e-06
3.88568e-06
4.61082e-06
5.37689e-06
6.17438e-06
6.9943e-06
7.82888e-06
8.67469e-06
9.53349e-06
1.04166e-05
1.13467e-05
1.23681e-05
1.35544e-05
1.50199e-05
1.6938e-05
1.95699e-05
2.33136e-05
2.87836e-05
3.69365e-05
4.92592e-05
6.80356e-05
9.88148e-05
0.000150322
0.00023964
0.000396324
0.000672278
0.0011575
0.00200692
0.00345477
0.00593456
0.0101963
0.0177807
0.0307687
0.046511
0.0631383
0.0796505
0.0955381
0.110559
0.124611
0.137656
0.14968
0.160667
0.170804
0.180313
0.188926
0.196639
0.203449
0.209355
0.214361
0.218487
0.221777
0.224276
0.226089
0.227376
0.22827
0.228879
0.229286
0.229553
0.229725
0.229834
0.229902
0.229943
0.229968
0.229982
0.22999
0.229995
0.229997
0.229999
0.229999
0.23
0.23
0.23
1.7553e-14
1.11356e-13
3.51925e-13
9.41118e-13
2.33944e-12
5.58491e-12
1.29846e-11
2.95899e-11
6.62851e-11
1.46125e-10
3.17062e-10
6.76892e-10
1.42107e-09
2.93112e-09
5.93048e-09
1.17374e-08
2.26924e-08
4.27318e-08
7.81136e-08
1.38021e-07
2.32901e-07
3.73354e-07
5.70021e-07
8.31928e-07
1.16514e-06
1.57244e-06
2.05335e-06
2.6046e-06
3.22062e-06
3.89406e-06
4.61642e-06
5.37849e-06
6.17081e-06
6.98434e-06
7.8116e-06
8.64769e-06
9.49296e-06
1.03562e-05
1.12631e-05
1.22572e-05
1.3405e-05
1.4815e-05
1.66507e-05
1.9158e-05
2.27096e-05
2.78796e-05
3.55604e-05
4.71405e-05
6.47574e-05
9.32476e-05
0.000140948
0.000223353
0.000367415
0.000621007
0.00106761
0.0018512
0.00320064
0.00550556
0.00947822
0.0165525
0.0287849
0.0441927
0.060718
0.0772626
0.0932569
0.108427
0.122649
0.135879
0.148097
0.159278
0.169569
0.179219
0.188002
0.195875
0.202833
0.208873
0.213997
0.218223
0.221593
0.224152
0.226007
0.227322
0.228235
0.228856
0.229271
0.229544
0.229719
0.22983
0.229899
0.229941
0.229967
0.229982
0.22999
0.229995
0.229997
0.229999
0.229999
0.23
0.23
0.23
1.78802e-14
1.13421e-13
3.58383e-13
9.5815e-13
2.38112e-12
5.68279e-12
1.32086e-11
3.0093e-11
6.73985e-11
1.4856e-10
3.22322e-10
6.8807e-10
1.44381e-09
2.97444e-09
6.01041e-09
1.18989e-08
2.29991e-08
4.32922e-08
7.90908e-08
1.39629e-07
2.35483e-07
3.77283e-07
5.76037e-07
8.40504e-07
1.1764e-06
1.58618e-06
2.06905e-06
2.62141e-06
3.23737e-06
3.90939e-06
4.62878e-06
5.38622e-06
6.17246e-06
6.97844e-06
7.7966e-06
8.62238e-06
9.45606e-06
1.03058e-05
1.11919e-05
1.21545e-05
1.32659e-05
1.46255e-05
1.63877e-05
1.87847e-05
2.2168e-05
2.70768e-05
3.43497e-05
4.52921e-05
6.19199e-05
8.84112e-05
0.000132796
0.000209077
0.00034168
0.0005746
0.000985124
0.00170676
0.00295932
0.00509547
0.0087845
0.0153635
0.0267785
0.0418077
0.058201
0.0747585
0.0908477
0.10616
0.120553
0.13397
0.146386
0.157772
0.168232
0.17803
0.186995
0.195039
0.202156
0.208341
0.213592
0.217927
0.221386
0.22401
0.22591
0.227256
0.22819
0.228827
0.229252
0.229531
0.229711
0.229825
0.229896
0.22994
0.229966
0.229981
0.22999
0.229995
0.229997
0.229999
0.229999
0.23
0.23
0.23
1.81579e-14
1.15187e-13
3.63896e-13
9.72425e-13
2.4148e-12
5.75762e-12
1.33675e-11
3.0418e-11
6.80406e-11
1.49788e-10
3.24606e-10
6.92291e-10
1.45253e-09
2.99609e-09
6.06274e-09
1.20017e-08
2.32174e-08
4.37454e-08
7.99923e-08
1.41407e-07
2.39026e-07
3.83487e-07
5.85177e-07
8.52765e-07
1.19182e-06
1.60452e-06
2.08975e-06
2.64358e-06
3.25985e-06
3.93079e-06
4.64756e-06
5.40074e-06
6.18086e-06
6.97925e-06
7.78813e-06
8.60297e-06
9.42405e-06
1.02598e-05
1.11307e-05
1.20741e-05
1.3151e-05
1.44672e-05
1.61683e-05
1.84752e-05
2.17219e-05
2.64204e-05
3.33658e-05
4.37978e-05
5.96364e-05
8.44861e-05
0.00012614
0.000197227
0.000320188
0.000536128
0.000916108
0.00158467
0.00275016
0.00473976
0.00818233
0.0142904
0.0249198
0.0395712
0.0558149
0.0723581
0.0885119
0.103937
0.118474
0.132055
0.144654
0.156238
0.166877
0.17683
0.185992
0.194226
0.201523
0.20787
0.213262
0.217709
0.221249
0.223923
0.225857
0.227227
0.228174
0.228817
0.229246
0.229527
0.229708
0.229823
0.229895
0.229939
0.229965
0.22998
0.229989
0.229994
0.229997
0.229999
0.229999
0.23
0.23
0.23
1.83617e-14
1.16536e-13
3.68324e-13
9.84519e-13
2.445e-12
5.8291e-12
1.3531e-11
3.07836e-11
6.88495e-11
1.51577e-10
3.28593e-10
7.01218e-10
1.47166e-09
3.03359e-09
6.13495e-09
1.21531e-08
2.35297e-08
4.43854e-08
8.12697e-08
1.43834e-07
2.43537e-07
3.91197e-07
5.97298e-07
8.69951e-07
1.21407e-06
1.63113e-06
2.11952e-06
2.67502e-06
3.29129e-06
3.96052e-06
4.67393e-06
5.42225e-06
6.1962e-06
6.98706e-06
7.78771e-06
8.59337e-06
9.40429e-06
1.02286e-05
1.10862e-05
1.20149e-05
1.30767e-05
1.43642e-05
1.60247e-05
1.8273e-05
2.1432e-05
2.59957e-05
3.2731e-05
4.28334e-05
5.81557e-05
8.18991e-05
0.000121669
0.000189009
0.000305619
0.00051045
0.000871027
0.00150428
0.00260899
0.00449621
0.00776195
0.0135576
0.0236418
0.0380122
0.0541248
0.0706263
0.0867904
0.102258
0.116858
0.130519
0.143213
0.154908
0.165654
0.175691
0.184979
0.193348
0.200785
0.207274
0.212805
0.217382
0.221037
0.2238
0.225792
0.227192
0.228156
0.228807
0.22924
0.229523
0.229706
0.229822
0.229894
0.229938
0.229964
0.22998
0.229989
0.229994
0.229997
0.229999
0.229999
0.23
0.23
0.23
)
;

boundaryField
{
    fuel
    {
        type            fixedValue;
        value           uniform 0;
    }
    air
    {
        type            fixedValue;
        value           uniform 0.23;
    }
    outlet
    {
        type            inletOutlet;
        inletValue      uniform 0;
        value           nonuniform List<scalar> 
200
(
1.81515e-14
1.15205e-13
3.64134e-13
9.73379e-13
2.4175e-12
5.76403e-12
1.33812e-11
3.04464e-11
6.81044e-11
1.4996e-10
3.25144e-10
6.93991e-10
1.4568e-09
3.00373e-09
6.07623e-09
1.20407e-08
2.33194e-08
4.40027e-08
8.05949e-08
1.4268e-07
2.41684e-07
3.88424e-07
5.93424e-07
8.64832e-07
1.20764e-06
1.6234e-06
2.1105e-06
2.6648e-06
3.28003e-06
3.94842e-06
4.66122e-06
5.40919e-06
6.18306e-06
6.97409e-06
7.77524e-06
8.58161e-06
9.39346e-06
1.02188e-05
1.10775e-05
1.20068e-05
1.30688e-05
1.43555e-05
1.60137e-05
1.82576e-05
2.14089e-05
2.59599e-05
3.26745e-05
4.27433e-05
5.80111e-05
8.16317e-05
0.000121187
0.00018809
0.000303947
0.000507425
0.000865569
0.00149447
0.00259156
0.00446529
0.00770745
0.013461
0.0234711
0.0378103
0.0539147
0.0704205
0.0865953
0.102076
0.116692
0.130369
0.143079
0.15479
0.16555
0.175597
0.184898
0.193279
0.200727
0.207227
0.212768
0.217354
0.221015
0.223786
0.225783
0.227186
0.228152
0.228805
0.229239
0.229523
0.229705
0.229821
0.229893
0.229938
0.229964
0.22998
0.229989
0.229994
0.229997
0.229999
0.229999
0.23
0.23
0.23
1.83617e-14
1.16536e-13
3.68324e-13
9.84519e-13
2.445e-12
5.8291e-12
1.3531e-11
3.07836e-11
6.88495e-11
1.51577e-10
3.28593e-10
7.01218e-10
1.47166e-09
3.03359e-09
6.13495e-09
1.21531e-08
2.35297e-08
4.43854e-08
8.12697e-08
1.43834e-07
2.43537e-07
3.91197e-07
5.97298e-07
8.69951e-07
1.21407e-06
1.63113e-06
2.11952e-06
2.67502e-06
3.29129e-06
3.96052e-06
4.67393e-06
5.42225e-06
6.1962e-06
6.98706e-06
7.78771e-06
8.59337e-06
9.40429e-06
1.02286e-05
1.10862e-05
1.20149e-05
1.30767e-05
1.43642e-05
1.60247e-05
1.8273e-05
2.1432e-05
2.59957e-05
3.2731e-05
4.28334e-05
5.81557e-05
8.18991e-05
0.000121669
0.000189009
0.000305619
0.00051045
0.000871027
0.00150428
0.00260899
0.00449621
0.00776195
0.0135576
0.0236418
0.0380122
0.0541248
0.0706263
0.0867904
0.102258
0.116858
0.130519
0.143213
0.154908
0.165654
0.175691
0.184979
0.193348
0.200785
0.207274
0.212805
0.217382
0.221037
0.2238
0.225792
0.227192
0.228156
0.228807
0.22924
0.229523
0.229706
0.229822
0.229894
0.229938
0.229964
0.22998
0.229989
0.229994
0.229997
0.229999
0.229999
0.23
0.23
0.23
)
;
    }
    frontAndBack
    {
        type            empty;
    }
}


// ************************************************************************* //
