/*--------------------------------*- C++ -*----------------------------------*\
  =========                 |
  \\      /  F ield         | OpenFOAM: The Open Source CFD Toolbox
   \\    /   O peration     | Website:  https://openfoam.org
    \\  /    A nd           | Version:  11
     \\/     M anipulation  |
\*---------------------------------------------------------------------------*/
FoamFile
{
    format      ascii;
    class       volScalarField;
    location    "0.05";
    object      Qdot;
}
// * * * * * * * * * * * * * * * * * * * * * * * * * * * * * * * * * * * * * //

dimensions      [1 -1 -3 0 0 0 0];

internalField   nonuniform List<scalar> 
4000
(
0
0
0
5.25247e-17
0
-1.25019e-06
-1.03269e-22
0
0
-1.78987e-14
0
0
0
0
0
0
0
0
0
0
-1.17465e-17
-3.38726e-16
3.91394e-09
1.10946e-07
2.19226e-06
3.18169e-05
0.00037829
0.00349793
0.0253507
0.147047
0.69959
2.79462
9.5742
28.6577
76.1478
182.037
396.702
797.27
1495.88
2649.07
4478.71
7310.67
11657
18378.2
28884.7
45464.4
71690.6
112891
183457
349634
606641
1.09426e+06
1.97377e+06
3.51326e+06
6.19988e+06
1.09123e+07
1.90182e+07
3.28e+07
5.66949e+07
9.95369e+07
1.0703e+08
5.75274e+07
3.0566e+07
1.58905e+07
8.02401e+06
3.90914e+06
1.82577e+06
812582
343608
139808
46551.7
10097.1
1298.46
99.9241
5.17261
0.190607
0.00542979
0.000136827
3.63604e-06
1.27505e-07
6.19056e-09
5.60579e-10
-6.61881e-12
4.68162e-11
-2.45132e-11
-2.45277e-11
-1.57384e-14
-4.63869e-15
2.47162e-11
-4.48989e-16
-1.43215e-16
-2.4726e-11
-1.47842e-17
-4.72644e-18
-1.50906e-18
-4.79083e-19
2.47864e-11
-4.54767e-20
-1.22894e-20
-1.76231e-21
-8.20711e-19
0
0
0
0
0
0
0
0
0
0
2.68584e-14
0
0
2.26498e-12
0
8.68369e-12
0
0
1.32418e-10
-1.46635e-17
-4.84907e-10
3.90899e-09
1.08638e-07
2.13893e-06
3.0151e-05
0.0003688
0.0034288
0.0249648
0.145551
0.696063
2.79445
9.61832
28.907
77.005
184.781
403.904
813.851
1530.46
2714.87
4591.71
7499.12
11991.9
18949.8
29840.6
47039.8
74243.9
116943
195871
366361
646278
1.14933e+06
2.077e+06
3.69733e+06
6.55726e+06
1.15135e+07
2.00417e+07
3.45439e+07
5.96801e+07
1.04916e+08
1.02012e+08
5.47343e+07
2.89995e+07
1.5021e+07
7.551e+06
3.65918e+06
1.69846e+06
750606
315131
127057
40576.7
8364.92
1015.61
75.5589
3.83983
0.141178
0.00409283
0.000107125
3.00691e-06
1.12575e-07
6.95614e-09
8.04848e-10
-6.40693e-12
-1.08437e-12
-2.45059e-11
-5.68847e-14
-1.57205e-14
-4.64652e-15
-1.43094e-15
-2.57655e-13
9.64551e-14
-4.6417e-17
3.17678e-12
-4.79031e-18
-1.52902e-18
-4.85072e-19
-1.51213e-19
-3.18973e-12
-3.18974e-12
1.96374e-18
0
0
5.2598e-17
3.49874e-17
0
0
0
-1.24993e-06
0
1.24914e-06
5.36998e-14
0
0
0
-2.26399e-12
0
0
0
4.00766e-13
0
-1.46302e-17
4.83676e-10
3.89913e-09
1.12716e-07
1.33722e-06
3.17682e-05
0.000376029
0.0034791
0.025292
0.147478
0.706176
2.84096
9.80212
29.4945
78.8911
189.836
416.004
839.914
1580.8
2804.91
4757.3
7806.44
12520.5
19843.5
31333.4
49501.7
78233.6
123262
214531
391664
703221
1.25233e+06
2.24921e+06
4.01722e+06
7.09603e+06
1.24345e+07
2.16193e+07
3.72514e+07
6.43939e+07
1.12698e+08
9.44227e+07
5.05759e+07
2.67063e+07
1.37706e+07
6.88402e+06
3.3143e+06
1.52704e+06
669433
278979
111253
33518.2
6674.83
777.525
57.1774
2.92488
0.110039
0.00331434
9.1062e-05
2.68468e-06
1.04907e-07
5.80566e-09
5.61788e-10
-6.29216e-12
-4.89744e-11
-2.27654e-13
-5.67491e-14
-1.56869e-14
3.16969e-12
-1.43906e-15
-4.54075e-16
-1.45766e-16
-4.67361e-17
-1.20979e-14
4.01998e-15
-2.4785e-11
2.47859e-11
-1.5296e-19
-9.44688e-17
-3.18974e-12
1.96373e-18
-1.25028e-06
0
0
0
0
5.16376e-23
0
0
-8.95229e-15
0
0
6.5914e-21
0
0
0
0
-2.04802e-19
0
0
0
-1.46137e-17
-3.70439e-16
4.58096e-09
1.15565e-07
2.26288e-06
3.26066e-05
0.000384306
0.00356136
0.0259064
0.151193
0.724851
2.92021
10.0806
30.4412
81.5449
196.413
430.574
869.313
1640.07
2924.41
4978.4
8189.04
13172.2
20940.9
33163.5
52515.2
83102.3
130934
236134
421122
765867
1.37288e+06
2.45997e+06
4.37244e+06
7.69824e+06
1.3462e+07
2.33243e+07
4.01298e+07
6.92785e+07
1.20697e+08
8.64674e+07
4.62281e+07
2.43244e+07
1.24841e+07
6.20576e+06
2.96833e+06
1.35769e+06
590572
244523
96377.6
26741.3
5269.45
588.401
42.5135
2.16547
0.082105
0.00252417
7.16179e-05
2.20004e-06
8.90106e-08
5.40843e-09
5.66877e-10
-5.8217e-12
-1.0053e-12
-2.16008e-13
2.44099e-11
-1.51191e-14
-4.51608e-15
-1.4044e-15
-4.45911e-16
2.47635e-11
-4.6353e-17
-1.49118e-17
6.03742e-15
-1.537e-18
-2.47859e-11
2.47864e-11
-4.62877e-20
-1.25389e-20
-1.7974e-21
-8.20711e-19
-4.37349e-18
3.22757e-24
0
0
-2.79883e-16
0
0
0
-1.24909e-06
0
0
0
0
0
0
2.04696e-19
0
0
7.7418e-13
-1.60475e-17
-3.86427e-16
6.1724e-09
1.20519e-07
2.36825e-06
3.33429e-05
0.000400485
0.00370405
0.0268967
0.156802
0.751049
3.02241
10.4431
31.5226
84.4164
203.306
446.524
905.478
1713.94
3062.25
5224.71
8616.79
13902.5
22175.2
35231.1
55935
88650.7
139716
259893
454312
834267
1.50067e+06
2.68272e+06
4.75261e+06
8.34802e+06
1.45737e+07
2.51405e+07
4.32179e+07
7.45464e+07
1.27637e+08
7.89307e+07
4.21446e+07
2.21102e+07
1.13015e+07
5.58949e+06
2.6578e+06
1.20762e+06
521635
214859
83371.3
22158.9
4202.19
452.765
32.2437
1.63835
0.0626731
0.00196695
5.75701e-05
1.83611e-06
7.58802e-08
4.75914e-09
5.71131e-10
-5.42788e-12
-9.49308e-13
4.8314e-11
2.44137e-11
-1.45842e-14
-4.36969e-15
-2.47175e-11
-4.35709e-16
-1.40405e-16
-4.54592e-17
-1.47203e-17
-4.75039e-18
-1.52502e-18
-2.47859e-11
-1.52461e-19
-4.62253e-20
-2.47867e-11
-1.7974e-21
3.28739e-18
0
0
0
1.39947e-16
4.20172e-16
1.68056e-15
0
0
1.78966e-14
1.34423e-14
0
0
1.13713e-12
-1.23373e-06
1.22399e-06
-2.08413e-13
-4.09635e-13
-6.80688e-11
7.73497e-13
-1.60305e-17
-7.22971e-10
9.76524e-07
1.04373e-06
2.46284e-06
3.48288e-05
0.00041602
0.00385113
0.0279512
0.162828
0.779412
3.13542
10.8264
32.6853
87.658
211.825
466.253
946.445
1793.67
3209.47
5486.44
9070.81
14678.9
23491.9
37445.9
59614
94643.3
149241
284756
489825
905763
1.63201e+06
2.91192e+06
5.14724e+06
9.02725e+06
1.57421e+07
2.70292e+07
4.64489e+07
8.00618e+07
1.30607e+08
7.25365e+07
3.86864e+07
2.0241e+07
1.03073e+07
5.07412e+06
2.39971e+06
1.08376e+06
465171
190708
72648.4
18760.4
3383.36
354.258
24.8795
1.25733
0.0482696
0.00153586
4.60238e-05
1.51653e-06
6.4468e-08
3.63951e-09
2.07911e-10
-4.99091e-12
2.30508e-11
-1.94038e-13
-4.94636e-14
2.77412e-11
-4.20711e-15
-1.31883e-15
-3.18496e-12
-1.37087e-16
-4.45017e-17
1.20684e-14
-4.02949e-15
-2.47835e-11
-4.8108e-19
3.1897e-12
-4.61006e-20
-1.24765e-20
3.18975e-12
0
0
0
0
1.39947e-16
0
0
0
-8.25817e-22
0
0
0
0
-1.23997e-06
0
0
1.77393e-11
0
-1.02114e-10
0
-1.60107e-17
1.02425e-06
4.55821e-09
1.32177e-07
3.44541e-06
3.57759e-05
0.000434719
0.00400987
0.0290985
0.169546
0.811651
3.26899
11.3051
34.1722
91.7115
221.529
487.486
989.515
1875.86
3359.53
5751.55
9529.09
15461.4
24818.6
39679.1
63326.5
100698
158885
309244
525492
976757
1.7615e+06
3.13855e+06
5.53995e+06
9.71958e+06
1.69681e+07
2.90753e+07
4.99261e+07
8.61867e+07
1.26137e+08
6.7727e+07
3.60308e+07
1.87863e+07
9.52735e+06
4.6681e+06
2.19608e+06
986116
420784
171810
63744
16105.2
2777.02
283.164
19.6219
0.985657
0.0379129
0.00121995
3.73157e-05
1.26292e-06
5.59479e-08
3.68826e-09
5.79967e-10
1.21056e-10
-8.2787e-13
2.40709e-11
-3.26588e-11
-2.4606e-11
-4.04455e-15
-2.47187e-11
1.92655e-13
6.4214e-14
3.1881e-12
-1.41456e-17
-4.59073e-18
-1.51215e-15
-4.75091e-19
-1.50465e-19
-4.57887e-20
3.18974e-12
-1.7896e-21
0
-8.06896e-25
3.51041e-17
0
2.58198e-23
0
0
0
0
0
0
1.24656e-06
0
5.34134e-14
0
0
-1.33119e-11
0
7.83883e-19
0
-1.74487e-17
7.21036e-10
6.37139e-09
1.37979e-07
2.7128e-06
3.8608e-05
0.000457019
0.00420571
0.0304468
0.176772
0.845034
3.40092
11.757
35.5429
95.4223
230.728
508.084
1031.99
1957.07
3506.24
6008.17
9968.6
16205.3
26069.2
41765.9
66765.2
106258
169168
331057
574971
1.04254e+06
1.88208e+06
3.34933e+06
5.9181e+06
1.03862e+07
1.80831e+07
3.09376e+07
5.30648e+07
9.29079e+07
1.18879e+08
6.37609e+07
3.38532e+07
1.76005e+07
8.89453e+06
4.34009e+06
2.03229e+06
907928
385424
156827
57237.7
14033.8
2324.34
231.359
15.8208
0.789225
0.0303577
0.00098499
3.0645e-05
1.05907e-06
4.86387e-08
4.44388e-09
2.15057e-10
-2.78762e-11
-7.7497e-13
-1.73235e-13
-4.48277e-14
-1.28029e-14
-3.89014e-15
-1.23125e-15
-2.5761e-13
-1.29687e-16
-2.47745e-11
-1.38582e-17
-4.51888e-18
-1.46315e-18
3.18964e-12
-1.48968e-19
-4.55391e-20
-1.2383e-20
-2.47868e-11
0
6.56567e-18
-3.22757e-24
0
2.58198e-23
-4.20171e-16
8.41443e-16
0
0
0
0
2.14502e-13
-1.24397e-06
0
0
0
2.04448e-19
-4.0911e-13
-7.83451e-19
-1.11928e-06
-1.74316e-17
-4.50834e-16
5.45533e-09
-7.68647e-07
2.84592e-06
4.07002e-05
0.000479474
0.00440937
0.0318334
0.184959
0.883985
3.55377
12.2683
37.0285
99.2691
239.523
527.104
1070.7
2032.76
3643.96
6246.61
10371.6
16877.2
27179.1
43580.1
69680.6
110828
183840
349801
619618
1.10284e+06
1.99417e+06
3.56126e+06
6.30164e+06
1.10309e+07
1.91814e+07
3.28212e+07
5.63471e+07
9.87385e+07
1.13158e+08
6.06214e+07
3.21162e+07
1.66503e+07
8.38607e+06
4.07634e+06
1.90068e+06
845213
357138
144822
51666.8
12386.6
1980.2
192.955
13.0304
0.645419
0.0248032
0.000810088
2.55685e-05
9.04523e-07
4.38602e-08
2.5817e-09
5.86998e-10
-3.9426e-12
-2.47614e-11
-1.63289e-11
-4.28321e-14
3.0581e-12
-3.75607e-15
-3.18221e-12
-3.86245e-16
-1.26369e-16
-3.22288e-14
-1.36348e-17
-4.44703e-18
3.18953e-12
3.18965e-12
-1.4797e-19
-9.44679e-17
-1.23206e-20
-1.77791e-21
0
4.37349e-18
0
0
-1.25023e-06
5.59764e-16
0
0
0
1.24904e-06
0
0
0
-1.23977e-06
0
0
-1.77267e-11
-5.22775e-11
0
-7.7102e-13
1.07236e-06
4.79208e-10
6.80946e-09
1.50854e-07
2.98377e-06
4.20195e-05
0.000501511
0.00460832
0.0332929
0.193215
0.92227
3.70359
12.7719
38.5114
103.138
248.698
546.605
1109.12
2102.69
3770.37
6463.8
10735.3
17477.6
28162.1
45174.2
72225.9
114802
196294
365930
656399
1.17121e+06
2.1078e+06
3.76438e+06
6.63936e+06
1.16079e+07
2.01505e+07
3.44755e+07
5.91954e+07
1.03711e+08
1.08347e+08
5.79937e+07
3.0669e+07
1.58622e+07
7.96612e+06
3.85936e+06
1.79283e+06
794027
334162
135081
46896.4
11085.1
1716.59
164.091
10.9506
0.538552
0.0206637
0.000678413
2.16824e-05
7.81785e-07
3.80299e-08
2.1359e-09
1.59063e-10
-2.73398e-11
2.40672e-12
-1.56517e-13
-4.10296e-14
-1.18477e-14
-3.63012e-15
3.17997e-12
2.47476e-11
-1.23307e-16
-3.22281e-14
-1.33474e-17
-6.04664e-15
3.18953e-12
-4.61119e-19
-1.46722e-19
-4.50401e-20
-2.3618e-17
-1.77401e-21
0
0
0
0
0
-1.25018e-06
0
0
-3.36445e-15
3.35924e-14
0
1.24651e-06
-5.70327e-13
-1.19022e-12
1.06246e-13
1.03458e-19
0
0
-1.15668e-06
0
-1.8853e-17
4.78737e-10
7.70797e-09
1.57505e-07
3.11591e-06
4.41359e-05
0.000524823
0.00481594
0.0347417
0.201335
0.959762
3.84955
13.2604
39.9406
106.85
257.371
565.055
1145.33
2169.43
3884.68
6660.31
11062.5
18014.9
29038.1
46590.1
74479.7
118309
206996
379821
686913
1.23086e+06
2.21172e+06
3.93843e+06
6.9344e+06
1.21128e+07
2.09904e+07
3.59038e+07
6.16437e+07
1.07952e+08
1.042e+08
5.57391e+07
2.94345e+07
1.51939e+07
7.612e+06
3.67741e+06
1.70286e+06
751561
315219
127112
42809.8
10053.6
1513.01
142.138
9.38041
0.458133
0.0175439
0.000578417
1.86842e-05
6.81567e-07
3.39053e-08
2.16092e-09
1.37961e-10
-4.11132e-13
-3.26504e-11
-1.49753e-13
-3.94199e-14
-1.14267e-14
-3.52449e-15
-1.12332e-15
-3.66359e-16
-1.20755e-16
2.47748e-11
-3.18894e-12
-4.31132e-18
3.18954e-12
-4.57126e-19
-1.45974e-19
9.43778e-17
-1.22582e-20
-1.77011e-21
0
1.31495e-17
0
0
0
0
0
0
-8.95202e-15
-1.24904e-06
7.15303e-14
0
-2.67929e-14
0
0
-6.73407e-12
0
-1.1861e-06
-1.0187e-10
1.96884e-10
-1.88397e-17
1.40392e-12
6.79441e-09
1.66293e-07
3.2505e-06
4.53597e-05
0.000545909
0.00501108
0.0361234
0.209113
0.995592
3.98831
13.7218
41.2819
110.31
265.401
582.048
1178.7
2230.95
3992.77
6840.59
11358.4
18498.3
29825.3
47863.7
76510.6
121478
216449
392252
713675
1.28214e+06
2.30089e+06
4.08916e+06
7.19094e+06
1.25515e+07
2.17151e+07
3.7135e+07
6.37503e+07
1.11568e+08
1.00626e+08
5.38016e+07
2.83777e+07
1.46243e+07
7.31167e+06
3.52385e+06
1.62732e+06
716081
299486
120499
40226
9230.05
1354.29
125.259
8.18167
0.396963
0.0151695
0.000501837
1.63623e-05
6.09006e-07
2.96859e-08
1.46461e-09
1.62814e-10
-3.2684e-12
-6.22252e-13
-1.43624e-13
-2.45287e-11
-1.10868e-14
4.19796e-12
-1.09685e-15
4.49954e-13
3.18687e-12
-3.18827e-12
2.47804e-11
-4.26342e-18
-3.18954e-12
-4.53134e-19
-1.44976e-19
-2.47867e-11
-1.2227e-20
-1.76621e-21
0
-1.25027e-06
0
0
2.10094e-16
0
-8.41443e-16
0
0
-6.72591e-15
0
0
1.42223e-13
0
3.28859e-12
0
0
-5.22387e-11
1.01837e-10
-7.6978e-13
-3.77113e-10
-5.15294e-16
9.05079e-09
1.70387e-07
3.36913e-06
4.72589e-05
0.000566398
0.0051961
0.0374163
0.216358
1.02893
4.11716
14.149
42.519
113.487
272.731
597.449
1208.65
2285.54
4087.49
7000.02
11622.3
18931.4
30533
49012.3
78347.5
124351
224833
403403
737248
1.32655e+06
2.37782e+06
4.21948e+06
7.41288e+06
1.29305e+07
2.23372e+07
3.81915e+07
6.55562e+07
1.14629e+08
9.75706e+07
5.21473e+07
2.74778e+07
1.41409e+07
7.05777e+06
3.39456e+06
1.56398e+06
686453
286394
115004
37923.5
8549.96
1228.79
112.158
7.2592
0.350084
0.0133498
0.000442857
1.45545e-05
5.48308e-07
2.76803e-08
1.83998e-09
3.49387e-10
-3.10985e-12
-5.97037e-13
-1.38774e-13
-3.69413e-14
-1.07792e-14
-3.34165e-15
-1.07445e-15
-3.51572e-16
-1.16162e-16
-3.85653e-17
-1.27728e-17
-4.20754e-18
-1.38131e-18
-7.55812e-16
1.88699e-16
-4.4541e-20
-1.21958e-20
-1.76621e-21
0
-1.31496e-17
-3.22757e-24
1.25026e-06
1.39947e-16
-1.25018e-06
8.41443e-16
3.36064e-15
0
-1.65089e-21
3.29927e-21
0
0
0
0
0
0
0
0
7.69459e-13
-2.02652e-17
7.17013e-10
6.78255e-09
-7.32524e-07
3.48474e-06
4.98111e-05
0.000585573
0.0053665
0.0386073
0.222995
1.05931
4.23416
14.5358
43.6365
116.35
279.326
611.288
1235.55
2334.52
4172.17
7140.59
11856.2
19315.9
31162.7
50036.3
79987.3
126918
232174
413249
757745
1.36467e+06
2.44365e+06
4.33116e+06
7.60305e+06
1.3255e+07
2.28664e+07
3.90905e+07
6.70918e+07
1.17188e+08
9.49864e+07
5.075e+07
2.67193e+07
1.37345e+07
6.84495e+06
3.28654e+06
1.51124e+06
661866
275562
110367
35972
7996.96
1129.68
101.964
6.54687
0.31403
0.0119509
0.000397352
1.31484e-05
4.99482e-07
2.47e-08
2.33238e-09
5.97496e-10
-2.97851e-12
-3.26033e-11
1.60474e-11
-3.59755e-14
-1.05363e-14
-3.27258e-15
-1.05408e-15
-3.45453e-16
9.64925e-14
-3.22261e-14
-1.26131e-17
4.02069e-15
-1.37133e-18
3.18965e-12
-1.43478e-19
-4.43539e-20
-1.21958e-20
-1.76231e-21
0
0
3.22757e-24
0
0
0
0
0
0
-3.57922e-14
0
-1.24649e-06
-2.67921e-14
5.34017e-14
0
0
-1.77147e-11
-4.0854e-13
1.15526e-06
-1.51039e-18
-2.02556e-17
-5.42156e-16
6.77776e-09
1.81601e-07
3.58696e-06
5.06199e-05
0.000602799
0.00551903
0.0396625
0.228867
1.08619
4.33756
14.877
44.6195
118.861
285.091
623.348
1258.94
2377.09
4246.13
7265.61
12061
19651.5
31712.2
50930.2
81418.9
129159
238470
421747
775224
1.39689e+06
2.49918e+06
4.42542e+06
7.76353e+06
1.35285e+07
2.33103e+07
3.98446e+07
6.83796e+07
1.19288e+08
9.28357e+07
4.9588e+07
2.60896e+07
1.33979e+07
6.66904e+06
3.19748e+06
1.46788e+06
641715
266713
106528
34366.6
7551.09
1051.62
94.0449
5.99772
0.286351
0.0108779
0.000362335
1.20581e-05
4.62428e-07
2.57976e-08
1.86497e-09
1.66395e-10
-2.87042e-12
-5.57937e-13
-1.31113e-13
-3.51383e-14
-1.03258e-14
5.11065e-13
2.47218e-11
-3.40354e-16
2.47657e-11
-3.76078e-17
-1.24854e-17
-2.47836e-11
-1.36135e-18
-3.18915e-12
1.88701e-16
-4.42915e-20
-1.21646e-20
-1.75451e-21
0
0
2.62626e-17
0
0
5.59764e-16
0
0
0
2.68664e-14
0
0
1.24385e-06
0
0
0
0
0
6.77849e-11
-1.30946e-10
-2.02476e-17
4.77092e-10
6.77374e-09
1.87442e-07
3.67109e-06
5.27761e-05
0.000617936
0.00564835
0.0405671
0.233913
1.10926
4.42612
15.1687
45.4583
121
289.992
633.582
1278.74
2413.04
4308.36
7370.12
12233.7
19935.3
32177.3
51687
82630.8
131054
243720
428870
789738
1.42347e+06
2.54492e+06
4.50312e+06
7.89582e+06
1.37539e+07
2.36743e+07
4.04635e+07
6.94362e+07
1.20967e+08
9.10873e+07
4.86439e+07
2.55786e+07
1.31251e+07
6.52679e+06
3.12562e+06
1.43297e+06
625531
259629
103556
33078.1
7200.83
991.227
87.9751
5.57918
0.265326
0.0100634
0.000335694
1.12251e-05
4.34801e-07
2.27218e-08
2.7129e-09
1.67169e-10
-2.78362e-12
-5.44061e-13
-1.28047e-13
-3.44621e-14
-1.01315e-14
-3.16694e-15
-1.0215e-15
-3.36786e-16
-1.11824e-16
2.47753e-11
-2.47807e-11
-4.10376e-18
-1.35337e-18
-4.43154e-19
3.18971e-12
-4.42291e-20
-1.21334e-20
1.96376e-18
0
0
1.25027e-06
0
0
5.59765e-16
1.68056e-15
4.47714e-15
0
0
0
2.68486e-14
1.24384e-06
0
0
1.22258e-06
0
-1.74316e-11
0
-1.11536e-06
-2.02411e-17
-5.60917e-16
8.12507e-09
1.89044e-07
3.74515e-06
5.31204e-05
0.000629026
0.00575628
0.0413166
0.23807
1.12818
4.49859
15.4069
46.1419
122.741
293.975
641.89
1294.8
2442.17
4358.73
7454.64
12373.8
20165.4
32554.6
52300.9
83613.3
132590
247926
434600
801332
1.4446e+06
2.58127e+06
4.5649e+06
8.00099e+06
1.3933e+07
2.39625e+07
4.09538e+07
7.02733e+07
1.22256e+08
8.97157e+07
4.79035e+07
2.51782e+07
1.29116e+07
6.41564e+06
3.06956e+06
1.40578e+06
612953
254138
101251
32075.1
6932.75
945.525
83.4199
5.26687
0.249692
0.00945834
0.000315867
1.06022e-05
4.12431e-07
2.12189e-08
2.7202e-09
1.67771e-10
-2.71615e-12
-5.32957e-13
-1.25875e-13
-3.39792e-14
-1.0002e-14
-3.12631e-15
2.47225e-11
-3.32706e-16
-1.10803e-16
-3.69056e-17
-1.23258e-17
-4.0878e-18
-1.34738e-18
1.25808e-15
-1.41981e-19
-4.41668e-20
-1.21334e-20
3.18975e-12
0
0
2.62626e-17
-6.45507e-24
0
0
0
-1.68265e-15
4.48714e-15
0
1.34415e-14
0
2.67917e-14
-5.33999e-14
0
1.03416e-19
2.0423e-19
0
-7.81404e-19
-1.50931e-18
-2.02362e-17
-7.1573e-10
8.57205e-09
1.8982e-07
3.80446e-06
5.39962e-05
0.00063846
0.00583909
0.0418912
0.241256
1.14269
4.55409
15.5891
46.6643
124.068
297.009
648.21
1307.01
2464.29
4397
7518.8
12479.4
20339.9
32841.1
52767.1
84359
133755
251090
438923
810036
1.46041e+06
2.60847e+06
4.61115e+06
8.07974e+06
1.40671e+07
2.41778e+07
4.13202e+07
7.0899e+07
1.23189e+08
8.87005e+07
4.73556e+07
2.48821e+07
1.27539e+07
6.33359e+06
3.02822e+06
1.38576e+06
603701
250104
99540.3
31333.8
6737.99
912.644
80.1605
5.04418
0.238569
0.00902813
0.00030174
1.01533e-05
3.96323e-07
2.12968e-08
1.52857e-09
4.15414e-10
-2.63982e-11
4.759e-11
-1.24215e-13
-3.35604e-14
-3.17705e-12
-1.02917e-12
-1.00113e-15
-3.30666e-16
-1.10037e-16
-3.67142e-17
1.2071e-14
2.47836e-11
-1.51202e-15
3.18965e-12
-1.88986e-16
-4.41044e-20
-1.21022e-20
-1.75062e-21
8.20711e-19
1.25027e-06
0
0
2.10385e-16
4.20754e-16
1.03267e-22
-2.79449e-15
0
-1.24904e-06
0
2.68485e-14
0
0
0
0
-2.6588e-11
-1.18499e-06
0
-1.50912e-18
-2.0233e-17
-5.74376e-16
7.66823e-09
1.94022e-07
3.84262e-06
5.3789e-05
0.000644781
0.0058962
0.0422879
0.24345
1.15266
4.59216
15.7138
47.021
124.974
299.073
652.502
1315.28
2479.26
4422.83
7562.03
12550.7
20456.8
33033.2
53080.1
84860.3
134538
253206
441823
815859
1.47097e+06
2.62664e+06
4.64207e+06
8.13241e+06
1.41568e+07
2.43215e+07
4.15651e+07
7.13173e+07
1.23794e+08
8.80271e+07
4.69921e+07
2.46857e+07
1.26493e+07
6.27922e+06
3.00085e+06
1.37252e+06
597584
247437
98396.8
30841.2
6610.36
891.261
78.049
4.90023
0.231386
0.00875029
0.000292609
9.86501e-06
3.8744e-07
2.0635e-08
1.04906e-09
1.68503e-10
-2.63328e-12
-5.19073e-13
1.60666e-11
-3.18661e-12
-3.08202e-12
-3.07754e-15
-9.95021e-16
-3.29137e-16
-1.09527e-16
-3.65865e-17
-2.47807e-11
-4.04788e-18
-1.3374e-18
-4.39162e-19
-1.41732e-19
-4.39796e-20
-1.21022e-20
-1.74672e-21
-1.25028e-06
0
-2.62626e-17
0
0
4.20754e-16
-1.68056e-15
0
1.24959e-06
0
0
0
0
0
0
0
0
-4.00945e-19
6.77563e-11
-1.50902e-18
-2.16763e-17
-5.77062e-16
7.66725e-09
1.95695e-07
3.86608e-06
5.41146e-05
0.000648516
0.0059276
0.0424937
0.244585
1.15779
4.61169
15.7776
47.2033
125.435
300.125
654.687
1319.49
2486.87
4435.97
7584.08
12587.2
20516.7
33130.9
53238.7
85113.6
134934
254270
443285
818788
1.47628e+06
2.63579e+06
4.65766e+06
8.159e+06
1.42021e+07
2.43941e+07
4.1689e+07
7.15291e+07
1.24094e+08
8.76871e+07
4.68087e+07
2.45866e+07
1.25966e+07
6.25184e+06
2.98708e+06
1.36586e+06
594514
246100
97822.2
30594.9
6547.23
880.766
77.0179
4.83022
0.227906
0.00861607
0.000288207
9.72637e-06
3.81892e-07
2.06817e-08
1.41082e-09
1.68648e-10
-2.6169e-12
4.76037e-11
-3.2547e-12
8.11674e-12
-3.17703e-12
-1.54349e-12
3.18068e-12
-3.27607e-16
-1.09272e-16
-3.65227e-17
-1.21662e-17
-4.04788e-18
-1.3374e-18
-4.38164e-19
-3.18971e-12
-4.39796e-20
-1.21022e-20
-1.75062e-21
-1.09337e-18
0
1.74939e-17
0
2.10094e-16
0
0
-1.68265e-15
-1.23165e-14
0
1.34415e-14
-1.24648e-06
0
1.23957e-06
0
0
2.04218e-19
0
0
-1.50901e-18
-2.16761e-17
-5.74307e-16
7.66714e-09
1.96545e-07
3.86521e-06
5.41636e-05
0.000649008
0.00593021
0.0425178
0.244707
1.15831
4.61355
15.7833
47.2186
125.472
300.202
654.836
1319.75
2487.32
4436.69
7585.2
12589
20519.3
33134.9
53244.8
85123.2
134949
254310
443342
818906
1.4765e+06
2.63619e+06
4.65837e+06
8.16026e+06
1.42044e+07
2.43978e+07
4.16954e+07
7.15403e+07
1.24109e+08
8.7667e+07
4.67978e+07
2.45807e+07
1.25935e+07
6.25021e+06
2.98626e+06
1.36546e+06
594328
246019
97787.1
30579.8
6543.35
880.122
76.9545
4.82588
0.227688
0.00860756
0.00028792
9.71681e-06
3.80616e-07
2.06807e-08
1.41093e-09
4.15929e-10
-2.6154e-12
2.84367e-11
-2.4428e-11
-2.45371e-11
-2.46217e-11
1.02303e-12
-9.95025e-16
-3.27607e-16
-1.09272e-16
-3.22249e-14
2.47888e-11
-4.0399e-18
-1.33541e-18
-4.38164e-19
-1.41482e-19
-4.39172e-20
2.35936e-17
-2.95247e-18
0
0
-1.25027e-06
0
-2.58198e-23
-5.16375e-23
-8.41443e-16
-1.24991e-06
0
0
0
-2.68485e-14
0
0
1.23285e-06
-1.22252e-06
0
5.22004e-11
6.77582e-11
-1.50908e-18
-2.02323e-17
7.15558e-10
9.02159e-09
-7.10094e-07
3.85046e-06
5.39273e-05
0.000646167
0.00590682
0.0423544
0.2438
1.15416
4.59756
15.7304
47.0657
125.08
299.298
652.936
1316.05
2480.54
4424.89
7565.35
12555.9
20464.7
33044.9
53098
84888
134582
253321
441989
816200
1.47161e+06
2.6278e+06
4.64414e+06
8.13609e+06
1.41633e+07
2.43323e+07
4.1584e+07
7.13505e+07
1.23841e+08
8.79673e+07
4.69598e+07
2.46682e+07
1.264e+07
6.27436e+06
2.99839e+06
1.37132e+06
597029
247193
98291.6
30796.1
6598.84
889.36
77.8628
4.88756
0.230752
0.00872557
0.000291784
9.84034e-06
3.85803e-07
2.06616e-08
1.04937e-09
4.15786e-10
-2.6293e-12
2.35738e-11
-2.44279e-11
-3.32706e-14
-9.82382e-15
-3.07348e-15
-9.97061e-16
-3.28627e-16
-1.09527e-16
-3.65865e-17
-1.21662e-17
-4.04788e-18
-1.3374e-18
-4.38163e-19
-1.41482e-19
2.47866e-11
-1.21022e-20
-1.75062e-21
1.09337e-18
0
2.62626e-17
1.05195e-16
0
0
0
0
0
0
0
0
0
0
1.06221e-13
1.03415e-19
-1.20715e-06
1.74298e-11
6.77632e-11
-1.11511e-06
-2.02352e-17
7.15687e-10
9.92545e-09
1.94061e-07
3.81781e-06
5.34024e-05
0.000640869
0.00585791
0.0420117
0.241883
1.14537
4.56374
15.6189
46.7447
124.261
297.42
649.007
1308.43
2466.65
4400.65
7524.31
12487.7
20352
32859.6
52796.1
84404.8
133827
251284
439202
810613
1.4615e+06
2.61043e+06
4.61464e+06
8.08593e+06
1.4078e+07
2.41959e+07
4.13521e+07
7.09547e+07
1.2327e+08
8.85995e+07
4.7301e+07
2.48525e+07
1.27381e+07
6.32535e+06
3.02406e+06
1.38374e+06
602760
249691
99362.5
31257.4
6718.22
909.364
79.8384
5.02225
0.237472
0.00898544
0.000300327
1.01063e-05
3.95199e-07
2.06139e-08
2.00595e-09
4.12483e-10
6.04869e-11
-5.2387e-13
-1.23959e-13
8.11608e-12
-9.90484e-15
-3.08973e-15
-1.00317e-15
-3.30156e-16
-1.09782e-16
-3.66503e-17
-8.06103e-15
3.18934e-12
1.50934e-15
-2.4786e-11
1.88702e-16
-4.39796e-20
-1.21022e-20
-1.75062e-21
0
0
1.74939e-17
1.25026e-06
0
0
-1.11944e-15
1.24991e-06
-8.95201e-15
1.65089e-21
0
0
0
5.34002e-14
0
1.22257e-06
2.65898e-11
0
-1.15479e-06
-1.5095e-18
-2.02399e-17
-4.76867e-10
8.57439e-09
1.89879e-07
3.76887e-06
5.25831e-05
0.000632833
0.00577993
0.0414725
0.238889
1.13173
4.51143
15.4467
46.2498
122.999
294.527
642.961
1296.71
2445.35
4363.78
7462.19
12384.7
20182.1
32580.5
52341.6
83677.4
132691
248199
434991
802141
1.44612e+06
2.58401e+06
4.56977e+06
8.00963e+06
1.39482e+07
2.39879e+07
4.09982e+07
7.03509e+07
1.22373e+08
8.95731e+07
4.78264e+07
2.51364e+07
1.28893e+07
6.40401e+06
3.06367e+06
1.40292e+06
611623
253556
101005
31968.6
6904.84
940.874
82.9636
5.23593
0.248153
0.00939879
0.000313898
1.05377e-05
4.12679e-07
2.123e-08
1.88146e-09
3.5335e-10
-2.7077e-12
2.56865e-12
-1.2562e-13
-3.38501e-14
-9.96952e-15
-3.11817e-15
-1.00928e-15
-3.32706e-16
-1.10548e-16
-3.68418e-17
-1.22619e-17
-2.47836e-11
-1.34539e-18
-4.4016e-19
-1.41732e-19
-6.29403e-17
3.18974e-12
-1.75062e-21
0
0
0
0
0
-4.20754e-16
0
0
0
2.68664e-14
1.24808e-06
-1.24648e-06
0
-2.62146e-20
1.06225e-13
6.73231e-12
2.08034e-13
0
0
-1.50985e-18
1.06849e-06
-5.5284e-16
6.77307e-09
1.85719e-07
3.69395e-06
5.31126e-05
0.000620132
0.00567767
0.0407564
0.234908
1.11356
4.44176
15.2174
45.5903
121.317
290.673
634.911
1281.13
2417.02
4314.62
7379.56
12247.8
19956.7
32210.4
51738.8
82712.3
131182
244070
429369
790774
1.42542e+06
2.54844e+06
4.50937e+06
7.90689e+06
1.37734e+07
2.37068e+07
4.05204e+07
6.95354e+07
1.21122e+08
9.09023e+07
4.85439e+07
2.55244e+07
1.30961e+07
6.51167e+06
3.11797e+06
1.42924e+06
623799
258869
103235
32939.7
7164.11
985.074
87.3704
5.53819
0.263292
0.00998499
0.000333121
1.11409e-05
4.29455e-07
2.36341e-08
1.85227e-09
4.14314e-10
-2.77318e-12
-5.42037e-13
-1.27791e-13
-3.4333e-14
-1.01153e-14
-3.15474e-15
-1.01946e-15
1.92757e-13
-1.11569e-16
-3.70971e-17
-1.23258e-17
-4.08779e-18
-1.34938e-18
-4.41158e-19
-1.42231e-19
-2.79764e-11
-1.21022e-20
-1.74672e-21
0
0
0
0
2.10385e-16
1.25018e-06
-1.25008e-06
0
0
6.7259e-15
1.24808e-06
1.24649e-06
2.6792e-14
0
0
0
2.65936e-11
0
0
-1.51029e-18
-2.02539e-17
-5.47605e-16
7.67881e-09
-7.24597e-07
3.61223e-06
5.09927e-05
0.000606173
0.00555061
0.0398747
0.230007
1.09116
4.35573
14.9339
44.7744
119.234
285.893
624.91
1261.74
2381.77
4253.55
7276.99
12078.1
19677.4
31752
50992.3
81516.7
129312
238893
422348
776480
1.39927e+06
2.50346e+06
4.43301e+06
7.77698e+06
1.35523e+07
2.33499e+07
3.9914e+07
6.85006e+07
1.19484e+08
9.26073e+07
4.94645e+07
2.60227e+07
1.33621e+07
6.65032e+06
3.18799e+06
1.46325e+06
639560
265765
106128
34194.9
7504.75
1043.76
93.2675
5.94477
0.283717
0.0107764
0.000359021
1.19522e-05
4.5894e-07
2.32881e-08
1.86612e-09
1.66503e-10
-2.85699e-12
-5.5566e-13
3.00056e-12
-3.50093e-14
-1.02772e-14
-3.2035e-15
-5.14955e-13
-3.39334e-16
-1.12589e-16
-2.47753e-11
-1.24535e-17
-4.11973e-18
-2.47852e-11
-3.19041e-12
-1.4248e-19
3.18973e-12
-1.21334e-20
-1.75062e-21
0
0
0
0
0
0
0
0
1.24959e-06
0
-1.24809e-06
2.68488e-14
0
0
0
0
0
4.0859e-13
1.15548e-06
-1.51081e-18
-2.17106e-17
1.01717e-06
8.13843e-09
1.77456e-07
3.51239e-06
4.94442e-05
0.00058962
0.00540263
0.038847
0.224265
1.06488
4.25468
14.6005
43.814
116.781
280.259
613.122
1238.87
2340.13
4181.23
7155.36
11876.9
19346.4
31209
50108.1
80100
127095
232667
413946
759213
1.36748e+06
2.4487e+06
4.3401e+06
7.61888e+06
1.32829e+07
2.29133e+07
3.91724e+07
6.72347e+07
1.17425e+08
9.47135e+07
5.06024e+07
2.66393e+07
1.36917e+07
6.82248e+06
3.27512e+06
1.50566e+06
659265
274415
109867
35764.7
7939.67
1119.8
100.975
6.47904
0.31064
0.0118201
0.000393085
1.30128e-05
4.9869e-07
2.56373e-08
2.33383e-09
4.12379e-10
-2.9626e-12
2.35016e-11
2.41595e-11
-3.57819e-14
-1.04877e-14
3.1725e-12
-1.05001e-15
1.92744e-13
-1.1412e-16
-3.79269e-17
-1.25812e-17
2.47836e-11
-1.36535e-18
-4.46148e-19
-1.42979e-19
3.18973e-12
3.93177e-17
-1.75451e-21
8.20711e-19
0
-1.74939e-17
0
2.58198e-23
0
-5.61113e-16
0
8.95201e-15
0
0
0
-1.31526e-20
0
0
-8.97048e-12
0
-4.0123e-19
0
-1.96774e-10
-2.51174e-10
-5.20739e-16
6.78711e-09
1.72923e-07
3.40161e-06
4.77163e-05
0.000571185
0.00523527
0.0376835
0.217785
1.03517
4.14009
14.2214
42.7182
113.972
273.789
599.539
1212.43
2291.78
4096.6
7014.41
11644.7
18965.3
30584.8
49092.7
78473.4
124548
225393
404188
738920
1.32977e+06
2.38362e+06
4.22976e+06
7.43108e+06
1.29627e+07
2.23914e+07
3.82862e+07
6.57214e+07
1.14909e+08
9.72519e+07
5.1975e+07
2.73842e+07
1.40907e+07
7.0314e+06
3.38114e+06
1.55741e+06
683379
285035
114424
37680.2
8481.16
1216.57
110.913
7.17284
0.345738
0.0131817
0.000437384
1.43847e-05
5.42018e-07
2.67914e-08
2.22313e-09
1.64401e-10
9.15699e-11
-5.93496e-13
-1.38006e-13
2.44571e-11
-1.07305e-14
-3.32945e-15
-1.07037e-15
-3.50042e-16
9.64909e-14
2.47751e-11
8.03603e-15
-6.04648e-15
-3.19105e-12
2.15956e-11
-1.43728e-19
2.47866e-11
-1.21646e-20
-1.75451e-21
0
1.25027e-06
-1.74939e-17
0
-2.10094e-16
4.20754e-16
0
0
0
0
0
0
4.28092e-13
-5.34046e-14
0
0
0
0
0
-1.51213e-18
-1.88376e-17
-5.07354e-16
7.69735e-09
1.64553e-07
3.28136e-06
4.66537e-05
0.000551173
0.00505595
0.0364122
0.210643
1.00237
4.01348
13.8016
41.5021
110.846
266.559
584.294
1182.65
2237.42
4003.03
6856.17
11382.9
18535.7
29882.4
47952
76648.2
121692
217069
393112
715536
1.28577e+06
2.30746e+06
4.10078e+06
7.21152e+06
1.25879e+07
2.17768e+07
3.72427e+07
6.39383e+07
1.11892e+08
1.00261e+08
5.36035e+07
2.82699e+07
1.45664e+07
7.28122e+06
3.50833e+06
1.6197e+06
712509
297905
119843
39969.5
9150.1
1339.32
123.696
8.07203
0.391405
0.0149538
0.000494829
1.6145e-05
6.0117e-07
2.97202e-08
2.66155e-09
1.63e-10
-3.24554e-12
-6.18461e-13
-1.42857e-13
-3.78745e-14
-1.10219e-14
3.1721e-12
-1.09277e-15
-3.5667e-16
3.18687e-12
-3.90121e-17
-1.28685e-17
-4.23947e-18
-1.3873e-18
-4.51138e-19
-1.44227e-19
-4.44163e-20
-2.47867e-11
-2.95248e-18
0
0
1.25027e-06
0
2.10094e-16
0
8.41443e-16
0
0
0
0
1.24651e-06
0
0
0
-1.03456e-19
2.04365e-19
-5.22602e-11
-1.1566e-06
0
-2.03007e-17
-4.91235e-16
5.43848e-09
1.6218e-07
3.15725e-06
4.38536e-05
0.000530023
0.00486003
0.0350506
0.203038
0.96728
3.87724
13.3477
40.1809
107.434
258.638
567.544
1149.82
2177
3899.15
6680.04
11090.9
18056.8
29100.9
46686.1
74627.7
118538
207672
380744
688948
1.23491e+06
2.21907e+06
3.95142e+06
6.95741e+06
1.21535e+07
2.10599e+07
3.60249e+07
6.18553e+07
1.08322e+08
1.03785e+08
5.55143e+07
2.93119e+07
1.51279e+07
7.57723e+06
3.65963e+06
1.69412e+06
747450
313393
126338
42507.3
9957.01
1494.42
140.165
9.2405
0.450992
0.017266
0.000569392
1.84062e-05
6.75686e-07
3.1665e-08
2.16349e-09
3.46205e-10
-3.43077e-12
-6.4745e-13
-1.48601e-13
-3.91943e-14
-2.46133e-11
-3.50009e-15
-5.14992e-13
-3.64829e-16
-1.19989e-16
-3.95865e-17
8.03564e-15
6.03799e-15
-1.40127e-18
-4.5513e-19
-2.47864e-11
3.18973e-12
-1.21958e-20
-3.18975e-12
0
0
0
0
2.10385e-16
0
1.03267e-22
3.36064e-15
0
0
0
0
0
0
-5.21589e-20
0
-1.20817e-06
4.01521e-19
0
-1.51381e-18
-1.7414e-17
-4.75132e-16
6.80805e-09
1.52106e-07
3.02349e-06
4.26003e-05
0.00050797
0.00466558
0.0336332
0.195084
0.930461
3.73362
12.8666
38.7721
103.774
250.089
549.427
1114.11
2112.41
3784.05
6484.52
10766.1
17523.6
28231.4
45280.1
72388.9
115053
197055
366953
658692
1.17584e+06
2.11617e+06
3.77895e+06
6.66493e+06
1.1653e+07
2.02276e+07
3.46099e+07
5.94309e+07
1.04126e+08
1.07883e+08
5.77412e+07
3.05307e+07
1.57873e+07
7.92638e+06
3.83893e+06
1.78271e+06
789248
332026
134183
46440
10967.6
1693.35
161.58
10.7705
0.529284
0.0203016
0.000666704
2.13222e-05
7.7017e-07
3.76259e-08
2.13901e-09
1.59332e-10
-3.64858e-12
-6.81727e-13
1.60138e-11
1.21844e-11
-1.17342e-14
-3.60572e-15
-1.14979e-15
-3.73496e-16
-1.22541e-16
-4.03525e-17
-1.32836e-17
6.03792e-15
-1.41724e-18
-4.58124e-19
-1.45724e-19
-4.47906e-20
-1.2227e-20
-1.76231e-21
0
0
0
-5.25246e-17
-1.39947e-16
-1.25018e-06
0
0
-8.95204e-15
0
0
-1.24654e-06
-4.28116e-13
0
0
0
0
0
1.15761e-06
-1.51479e-18
-1.74287e-17
-4.59038e-16
-9.60614e-07
1.46316e-07
2.89051e-06
4.13271e-05
0.000484852
0.00446313
0.0322373
0.186978
0.892552
3.58471
12.3677
37.3107
99.9271
241.126
530.378
1077.13
2042.31
3658.14
6268.73
10405.2
16927.7
27255.6
43697.1
69860.7
111105
184705
350954
622318
1.10678e+06
2.00173e+06
3.57734e+06
6.3293e+06
1.10798e+07
1.92661e+07
3.29698e+07
5.66087e+07
9.92011e+07
1.1264e+08
6.03403e+07
3.19624e+07
1.65669e+07
8.34178e+06
4.05349e+06
1.88931e+06
839809
354704
143784
51168.3
12244.6
1951.06
189.73
12.7957
0.633226
0.024325
0.000794667
2.51087e-05
8.89876e-07
4.07397e-08
2.58555e-09
5.87362e-10
-3.90491e-12
-7.21541e-13
-1.63023e-13
-1.22997e-11
-2.77751e-11
-3.72761e-15
-1.18237e-15
-3.83694e-16
-1.25603e-16
3.2146e-14
2.47802e-11
-4.40711e-18
-2.47866e-11
2.79756e-11
-1.46972e-19
-4.50401e-20
3.18973e-12
-1.77011e-21
0
0
0
-1.25026e-06
-1.39947e-16
-1.25018e-06
0
0
8.95206e-15
0
0
0
0
0
5.21673e-20
0
0
-1.18745e-06
-7.83798e-19
0
-1.74452e-17
4.80177e-10
7.73531e-09
1.40948e-07
2.75577e-06
3.84701e-05
0.000463088
0.00426302
0.0308523
0.179002
0.855094
3.43912
11.8785
35.8758
96.2843
232.48
511.353
1037.52
1966.24
3521.46
6032.11
10005.2
16260.9
26154.1
41897
66968.6
106572
170171
332342
578089
1.04692e+06
1.89047e+06
3.36467e+06
5.94856e+06
1.04389e+07
1.81759e+07
3.10992e+07
5.33485e+07
9.34123e+07
1.18301e+08
6.34455e+07
3.36792e+07
1.75056e+07
8.84374e+06
4.31372e+06
2.01911e+06
901625
382568
155606
56678
13862.3
2287.53
227.16
15.51
0.772918
0.0297161
0.000964395
3.00369e-05
1.0407e-06
4.69059e-08
3.26322e-09
5.84164e-10
-4.20268e-12
-7.67396e-13
-1.71701e-13
-4.44409e-14
4.07746e-12
-3.85762e-15
-1.22107e-15
-3.94402e-16
-1.28921e-16
-4.21398e-17
-1.37944e-17
-4.48695e-18
-1.45317e-18
-4.66109e-19
-1.48219e-19
-6.29415e-17
-1.22894e-20
2.94895e-18
0
1.25027e-06
-5.2598e-17
5.25246e-17
0
0
0
0
0
0
0
-2.14509e-13
0
1.13702e-12
1.23353e-06
0
0
0
1.02101e-10
0
-1.60072e-17
-1.41201e-12
5.46646e-09
1.35149e-07
2.62897e-06
3.7307e-05
0.00044243
0.00407755
0.0295377
0.171911
0.822055
3.30738
11.4226
34.4918
92.466
223.125
490.603
995.236
1885.88
3375.93
5777.14
9568.11
15520.8
24910.2
39822.7
63554.9
101064
159472
310744
527793
981478
1.77045e+06
3.15492e+06
5.56951e+06
9.77615e+06
1.70656e+07
2.92443e+07
5.02189e+07
8.67111e+07
1.25488e+08
6.7359e+07
3.58266e+07
1.8674e+07
9.46703e+06
4.63666e+06
2.18031e+06
978546
417343
170345
63126.1
15896.8
2729.65
277.585
19.2027
0.963483
0.0370396
0.00119212
3.65083e-05
1.23414e-06
5.60754e-08
3.21976e-09
5.80481e-10
-4.54784e-12
-4.87806e-11
-1.81656e-13
-4.66299e-14
-1.32399e-14
3.17066e-12
-1.2618e-15
2.56801e-13
-9.67332e-14
-4.30973e-17
-1.40498e-17
-4.56678e-18
-1.47512e-18
-4.72097e-19
-1.49217e-19
-4.54768e-20
-1.23518e-20
-1.77791e-21
5.46687e-19
0
0
-3.49874e-17
0
0
1.25009e-06
0
0
0
1.24815e-06
0
0
-1.13712e-12
3.39668e-12
0
-1.2094e-06
0
0
1.51857e-18
-1.60267e-17
-4.13585e-16
4.5641e-09
1.29768e-07
1.65411e-06
3.48485e-05
0.000425001
0.00392136
0.028414
0.165312
0.790314
3.1749
10.9512
33.024
88.4736
213.587
469.727
952.746
1804.37
3226.65
5512.94
9110.83
14739.3
23584.1
37589.3
59840.1
95002.1
149809
286228
492015
910256
1.64053e+06
2.92748e+06
5.17535e+06
9.07779e+06
1.58324e+07
2.71788e+07
4.67117e+07
8.052e+07
1.30703e+08
7.20536e+07
3.84257e+07
2.01006e+07
1.02329e+07
5.03571e+06
2.38053e+06
1.07457e+06
460986
188917
71801.7
18498.9
3321.51
346.751
24.3065
1.22677
0.0470668
0.00149792
4.49454e-05
1.48018e-06
6.36975e-08
4.09522e-09
5.7642e-10
-4.92655e-12
-8.75725e-13
-1.63449e-11
-4.8948e-14
-1.38229e-14
-2.41586e-11
-1.30661e-15
-2.47467e-11
-1.35556e-16
-4.40548e-17
3.18887e-12
-4.63064e-18
-1.49309e-18
-4.76089e-19
-1.50465e-19
-4.56639e-20
-3.18974e-12
-2.9525e-18
0
0
7.00918e-17
0
2.58198e-23
0
1.03267e-22
0
-1.24962e-06
-1.78968e-14
-3.29951e-21
0
0
0
0
0
0
1.18911e-06
6.81062e-11
0
-1.60431e-17
-1.02672e-06
4.57035e-09
1.22625e-07
2.42266e-06
3.41621e-05
0.000408704
0.0037741
0.0273658
0.159323
0.762219
3.06399
10.569
31.885
85.3142
205.239
450.21
911.498
1724.91
3080.01
5251.82
8657.13
13962.4
22265.4
35369.5
56151.1
88990.5
140250
261318
456369
838526
1.50874e+06
2.69724e+06
4.77836e+06
8.39363e+06
1.46541e+07
2.52743e+07
4.34512e+07
7.49501e+07
1.2799e+08
7.83222e+07
4.18174e+07
2.19342e+07
1.12082e+07
5.54124e+06
2.63365e+06
1.19602e+06
516333
212592
82419.2
21836.5
4120.5
442.495
31.4467
1.59557
0.0609936
0.00191465
5.61055e-05
1.79254e-06
7.46741e-08
4.29512e-09
5.71851e-10
-5.35267e-12
-9.37709e-13
-3.32771e-12
8.08592e-12
-4.10357e-12
-3.17873e-12
-1.35142e-15
-4.30608e-16
-1.38874e-16
-4.8365e-14
-1.45606e-17
3.18929e-12
-1.51305e-18
-4.81079e-19
-1.51463e-19
-2.47866e-11
-3.18974e-12
-1.78571e-21
2.01724e-25
0
-1.74939e-17
0
0
2.79883e-16
0
-1.24993e-06
-3.36454e-15
0
0
1.42905e-13
0
0
1.23418e-06
1.22466e-06
-2.08581e-13
0
-4.0035e-13
7.75073e-13
-1.46089e-17
-3.78642e-16
5.26619e-09
1.17682e-07
2.32154e-06
3.34577e-05
0.00039306
0.00363525
0.0263994
0.153826
0.736368
2.9627
10.22
30.8037
82.4336
198.419
434.711
877.457
1652.6
2943.39
5006.37
8229.62
13231
21027.5
33293.3
52713.5
83408.3
131407
237451
422961
769779
1.38045e+06
2.47362e+06
4.39653e+06
7.74081e+06
1.35371e+07
2.34512e+07
4.03512e+07
6.96633e+07
1.21285e+08
8.57683e+07
4.58514e+07
2.41211e+07
1.2376e+07
6.14956e+06
2.94004e+06
1.34401e+06
584272
241797
95171.4
26190
5163.56
574.263
41.3933
2.10507
0.0797521
0.00245231
6.96741e-05
2.14531e-06
8.69692e-08
5.88857e-09
5.67706e-10
-5.73465e-12
-9.92196e-13
-2.13326e-13
-5.35875e-14
-1.49733e-14
-3.17882e-12
-5.15165e-13
-4.4183e-16
-3.18692e-12
-4.57784e-17
-1.48161e-17
2.47832e-11
-1.52103e-18
-4.84074e-19
1.88692e-16
-4.59758e-20
-2.36182e-17
-1.77791e-21
8.20711e-19
-1.25027e-06
0
-1.25026e-06
0
0
0
1.24993e-06
0
-6.72644e-15
1.24827e-06
0
0
-1.24054e-06
0
0
0
0
1.16273e-06
0
2.53651e-10
-3.70744e-16
5.50218e-09
1.15696e-07
2.27301e-06
3.19043e-05
0.000385127
0.00356195
0.0258447
0.150418
0.718948
2.88742
9.94807
29.8951
79.8305
191.842
419.936
847.103
1593.15
2824.27
4786.04
7847.69
12579.2
19927.9
31457.1
49686.8
78514
123688
215774
393342
706916
1.25973e+06
2.26265e+06
4.04072e+06
7.13741e+06
1.25078e+07
2.17461e+07
3.74739e+07
6.47846e+07
1.13332e+08
9.36664e+07
5.01658e+07
2.64833e+07
1.36509e+07
6.82118e+06
3.28233e+06
1.51141e+06
662146
275782
109801
32898.3
6535.15
757.842
55.5852
2.83852
0.106693
0.00321394
8.8419e-05
2.61437e-06
1.00658e-07
7.00106e-09
8.30211e-10
-6.1953e-12
-1.05636e-12
-2.24845e-13
-5.60403e-14
-1.54925e-14
-4.59752e-15
-3.18208e-12
-4.48974e-16
6.42022e-14
3.18806e-12
3.18886e-12
3.18929e-12
-1.52502e-18
-4.84074e-19
-1.51463e-19
-4.5851e-20
-1.2383e-20
-2.9525e-18
0
0
0
0
0
-5.16378e-23
-8.40291e-16
0
0
0
-3.57721e-14
6.59241e-21
0
5.34557e-14
1.23497e-06
0
0
0
5.12963e-11
0
-1.46587e-17
-1.03234e-06
3.90692e-09
1.11619e-07
2.21395e-06
3.20581e-05
0.000380019
0.00352169
0.0255795
0.14879
0.710051
2.84507
9.77507
29.3322
78.0225
186.946
408.067
821.184
1542.55
2734.05
4621.08
7540.67
12050.5
19033.5
29962.3
47220.7
74517.2
117360
197156
368090
650350
1.15533e+06
2.08863e+06
3.71887e+06
6.59971e+06
1.1588e+07
2.01719e+07
3.4774e+07
6.00876e+07
1.05619e+08
1.01204e+08
5.42943e+07
2.87587e+07
1.48907e+07
7.48202e+06
3.62375e+06
1.68095e+06
742355
311462
125497
39879.6
8186.22
988.954
73.3613
3.72081
0.136653
0.00396182
0.000103839
2.92133e-06
1.11079e-07
6.26243e-09
5.61393e-10
-6.3051e-12
-1.06823e-12
-2.2642e-13
-5.61758e-14
-1.55261e-14
-4.59774e-15
-1.41668e-15
-4.4694e-16
-1.42959e-16
-4.59063e-17
2.478e-11
-4.73442e-18
-1.51305e-18
-4.79083e-19
-1.49966e-19
-4.54767e-20
-1.22582e-20
-1.75841e-21
0
0
8.74694e-18
0
0
0
-8.40295e-16
0
-3.3647e-15
0
0
-6.59307e-21
-1.31625e-20
0
0
-6.75338e-12
0
1.19323e-06
0
0
-1.46771e-17
-3.55343e-16
4.60224e-09
1.12615e-07
2.27289e-06
3.21917e-05
0.000390011
0.00360057
0.0260241
0.150576
0.714697
2.84884
9.74072
29.1031
77.2043
184.281
401.011
804.857
1508.28
2668.07
4506.14
7350.93
11714.7
18460.9
29005.1
45643.5
71961.7
113306
184787
351412
611010
1.10054e+06
1.98593e+06
3.53566e+06
6.24042e+06
1.09888e+07
1.91509e+07
3.30339e+07
5.71048e+07
1.00265e+08
1.06196e+08
5.70733e+07
3.0317e+07
1.57554e+07
7.95209e+06
3.87198e+06
1.80727e+06
803780
339651
138120
45806.1
9885.45
1264.11
96.9452
5.0065
0.184223
0.00524691
0.000132384
3.52758e-06
1.2473e-07
5.73815e-09
8.00286e-10
-6.50906e-12
-1.0892e-12
-2.28897e-13
-5.65075e-14
4.07423e-12
1.53515e-12
3.69328e-12
-4.43888e-16
9.64593e-14
-4.54595e-17
1.20683e-14
-4.67854e-18
-1.49309e-18
-4.74093e-19
-1.48968e-19
-4.50401e-20
2.47867e-11
9.83453e-19
)
;

boundaryField
{
    fuel
    {
        type            calculated;
        value           uniform 0;
    }
    air
    {
        type            calculated;
        value           uniform 0;
    }
    outlet
    {
        type            calculated;
        value           uniform 0;
    }
    frontAndBack
    {
        type            empty;
    }
}


// ************************************************************************* //
