/*--------------------------------*- C++ -*----------------------------------*\
  =========                 |
  \\      /  F ield         | OpenFOAM: The Open Source CFD Toolbox
   \\    /   O peration     | Website:  https://openfoam.org
    \\  /    A nd           | Version:  11
     \\/     M anipulation  |
\*---------------------------------------------------------------------------*/
FoamFile
{
    format      ascii;
    class       volScalarField;
    location    "0.05";
    object      rho;
}
// * * * * * * * * * * * * * * * * * * * * * * * * * * * * * * * * * * * * * //

dimensions      [1 -3 0 0 0 0 0];

internalField   nonuniform List<scalar> 
4000
(
0.658533
0.658532
0.65853
0.658524
0.658513
0.658491
0.65845
0.658375
0.658241
0.658007
0.657606
0.656931
0.655812
0.653993
0.651093
0.646581
0.639751
0.629757
0.615726
0.596999
0.573768
0.547275
0.518975
0.490418
0.462878
0.437183
0.413724
0.392574
0.373606
0.356597
0.341294
0.327452
0.314853
0.303311
0.292689
0.282872
0.273734
0.265192
0.25715
0.249552
0.242357
0.235546
0.229073
0.222913
0.217046
0.211456
0.20613
0.201057
0.196227
0.191633
0.187272
0.183144
0.179258
0.175632
0.172305
0.169349
0.166902
0.16521
0.164615
0.165888
0.170636
0.17968
0.191933
0.206979
0.224721
0.245276
0.268907
0.295983
0.326947
0.362203
0.402461
0.449555
0.504547
0.567131
0.637061
0.713104
0.79274
0.872129
0.946602
1.01081
1.06191
1.10046
1.12833
1.14772
1.16085
1.16948
1.17504
1.17854
1.1807
1.18202
1.1828
1.18326
1.18352
1.18366
1.18374
1.18378
1.1838
1.18381
1.18382
1.18382
0.658533
0.658532
0.65853
0.658524
0.658513
0.65849
0.658447
0.65837
0.65823
0.657987
0.657569
0.656867
0.655709
0.653837
0.650864
0.646256
0.639309
0.62919
0.615039
0.596214
0.572971
0.546542
0.518291
0.489795
0.46232
0.436679
0.413261
0.392137
0.373183
0.356181
0.340881
0.327039
0.314439
0.302913
0.292319
0.282479
0.273329
0.26478
0.256733
0.249146
0.241982
0.235165
0.228685
0.222519
0.216649
0.211058
0.205732
0.20066
0.195832
0.191242
0.186885
0.182764
0.178886
0.175273
0.171966
0.16904
0.166642
0.165029
0.164562
0.166069
0.17127
0.180657
0.193215
0.208561
0.22662
0.247522
0.271538
0.299041
0.330464
0.36619
0.406993
0.454824
0.510383
0.573393
0.643483
0.719292
0.798218
0.876443
0.949466
1.0123
1.06247
1.10051
1.12813
1.14749
1.16062
1.1693
1.17491
1.17846
1.18066
1.182
1.18279
1.18325
1.18352
1.18366
1.18374
1.18378
1.1838
1.18381
1.18382
1.18382
0.658533
0.658532
0.65853
0.658524
0.658512
0.658489
0.658444
0.658364
0.658219
0.657966
0.657533
0.656804
0.655603
0.653661
0.650597
0.645869
0.638771
0.628476
0.614121
0.595083
0.571702
0.545121
0.516916
0.488547
0.461219
0.43571
0.4124
0.391357
0.372464
0.355503
0.340231
0.326405
0.31383
0.302339
0.291709
0.28187
0.272727
0.264197
0.25618
0.248613
0.241417
0.234587
0.228098
0.221925
0.21605
0.210457
0.20513
0.200058
0.195232
0.190646
0.186295
0.182183
0.178319
0.174725
0.171447
0.168567
0.166246
0.164749
0.164473
0.166328
0.172197
0.182072
0.19505
0.210791
0.229245
0.250556
0.274997
0.302937
0.334787
0.370895
0.412128
0.4605
0.516283
0.579275
0.649022
0.72412
0.802006
0.879013
0.950866
1.01289
1.06251
1.10033
1.12789
1.14725
1.16043
1.16917
1.17483
1.17841
1.18063
1.18198
1.18278
1.18325
1.18351
1.18366
1.18374
1.18378
1.1838
1.18381
1.18382
1.18382
0.658533
0.658532
0.65853
0.658524
0.658511
0.658487
0.658442
0.658359
0.658211
0.657953
0.65751
0.656766
0.655543
0.653571
0.650456
0.645655
0.638463
0.628038
0.613565
0.594452
0.571031
0.544467
0.51622
0.487781
0.46042
0.434903
0.411599
0.390569
0.371688
0.354742
0.339488
0.325689
0.313143
0.301617
0.291014
0.281207
0.272097
0.263593
0.255558
0.247942
0.240734
0.233898
0.227404
0.221229
0.215352
0.209758
0.204432
0.199362
0.19454
0.189959
0.185617
0.181517
0.17767
0.174101
0.170859
0.168033
0.165808
0.164441
0.164377
0.166614
0.173199
0.183597
0.197013
0.213156
0.232004
0.253713
0.27856
0.30691
0.339153
0.375618
0.417317
0.466278
0.522374
0.585526
0.655208
0.729958
0.807192
0.883287
0.954082
1.01511
1.06392
1.10111
1.12827
1.1474
1.16048
1.16918
1.17482
1.1784
1.18062
1.18197
1.18278
1.18325
1.18351
1.18366
1.18374
1.18378
1.1838
1.18381
1.18382
1.18382
0.658533
0.658532
0.658529
0.658523
0.658511
0.658487
0.658441
0.658356
0.658205
0.657941
0.65749
0.656732
0.655485
0.653475
0.650307
0.645433
0.638132
0.627568
0.612913
0.59359
0.570031
0.543419
0.515198
0.486837
0.459492
0.434004
0.410725
0.389722
0.370868
0.353952
0.338729
0.324964
0.312419
0.300936
0.290369
0.280568
0.271437
0.262876
0.254819
0.247208
0.240001
0.233164
0.22667
0.220495
0.214619
0.209026
0.203703
0.198638
0.193822
0.18925
0.184919
0.180834
0.177007
0.173466
0.170265
0.167496
0.165375
0.164143
0.164297
0.166928
0.174201
0.185097
0.198929
0.215451
0.234665
0.25674
0.281958
0.310679
0.343272
0.380052
0.422209
0.471703
0.528064
0.591334
0.660922
0.735315
0.811918
0.887157
0.956984
1.01713
1.06523
1.1019
1.12872
1.14765
1.16061
1.16924
1.17485
1.17842
1.18063
1.18198
1.18278
1.18325
1.18352
1.18366
1.18374
1.18378
1.1838
1.18381
1.18382
1.18382
0.658534
0.658532
0.658529
0.658523
0.658511
0.658486
0.658439
0.658354
0.658201
0.657934
0.657476
0.656709
0.655447
0.653414
0.65021
0.645275
0.637903
0.627248
0.612491
0.593058
0.569411
0.542717
0.514424
0.486027
0.458722
0.433249
0.40998
0.388988
0.370131
0.353227
0.338015
0.32425
0.311715
0.300223
0.289613
0.279791
0.270657
0.262114
0.254066
0.24646
0.239257
0.232424
0.225932
0.21976
0.213888
0.2083
0.202983
0.197925
0.193118
0.188557
0.18424
0.180172
0.176368
0.172858
0.169699
0.166992
0.164983
0.163894
0.164281
0.167342
0.175205
0.186535
0.200734
0.217591
0.237132
0.259536
0.285087
0.314143
0.347056
0.384155
0.426745
0.476695
0.53337
0.59682
0.666406
0.740573
0.816702
0.891244
0.960229
1.01952
1.06688
1.10298
1.1294
1.14807
1.16085
1.16938
1.17493
1.17846
1.18066
1.18199
1.18279
1.18325
1.18352
1.18366
1.18374
1.18378
1.1838
1.18381
1.18382
1.18382
0.658534
0.658532
0.658529
0.658523
0.658511
0.658486
0.658439
0.658352
0.658198
0.657928
0.657466
0.65669
0.655415
0.65336
0.650123
0.64514
0.637691
0.626936
0.61205
0.59247
0.568708
0.541927
0.513582
0.485159
0.457846
0.432395
0.409167
0.3882
0.369386
0.35251
0.337303
0.32353
0.310978
0.29946
0.288852
0.27903
0.269897
0.261358
0.253319
0.245724
0.238529
0.231702
0.225216
0.219049
0.213183
0.207602
0.202293
0.197245
0.192449
0.187902
0.183601
0.179553
0.175774
0.172298
0.169184
0.166545
0.16464
0.163711
0.164364
0.167932
0.176235
0.187911
0.202415
0.219558
0.239384
0.262077
0.287927
0.317286
0.350493
0.387904
0.430901
0.481245
0.538239
0.601887
0.671505
0.745493
0.821212
0.895129
0.963349
1.02185
1.06852
1.10408
1.13011
1.14851
1.16112
1.16954
1.17502
1.17851
1.18069
1.18201
1.1828
1.18326
1.18352
1.18367
1.18374
1.18378
1.18381
1.18381
1.18382
1.18382
0.658534
0.658532
0.658529
0.658523
0.65851
0.658485
0.658438
0.658351
0.658196
0.657924
0.657458
0.656677
0.655391
0.65332
0.650054
0.645032
0.637522
0.626686
0.611697
0.591999
0.568129
0.54125
0.51283
0.484357
0.457018
0.431564
0.408338
0.387391
0.368624
0.351751
0.336556
0.322795
0.310261
0.29878
0.288185
0.278364
0.269227
0.26067
0.252619
0.245023
0.237835
0.231015
0.224536
0.218377
0.212519
0.206947
0.201647
0.19661
0.191827
0.187294
0.183011
0.178984
0.175231
0.171788
0.168721
0.166148
0.164342
0.163564
0.1645
0.168586
0.177239
0.189198
0.203955
0.221344
0.241416
0.264365
0.290481
0.320112
0.353585
0.391292
0.434675
0.485377
0.542681
0.606539
0.676221
0.750084
0.825466
0.898845
0.966382
1.02415
1.07017
1.10521
1.13085
1.14897
1.16141
1.16971
1.17513
1.17857
1.18072
1.18203
1.18281
1.18327
1.18352
1.18367
1.18374
1.18379
1.18381
1.18382
1.18382
1.18382
0.658534
0.658532
0.658529
0.658523
0.65851
0.658485
0.658438
0.65835
0.658194
0.657921
0.657452
0.656666
0.655372
0.653285
0.649995
0.644932
0.637367
0.626451
0.611361
0.591546
0.56757
0.540601
0.512116
0.483601
0.45624
0.430779
0.407555
0.386648
0.367862
0.350998
0.335809
0.32206
0.309536
0.298059
0.28748
0.27768
0.268564
0.260036
0.251989
0.24438
0.23719
0.230375
0.223903
0.217752
0.211903
0.20634
0.201051
0.196026
0.191256
0.186738
0.182473
0.178466
0.174738
0.171327
0.168302
0.165795
0.164076
0.163437
0.164618
0.169166
0.178135
0.190347
0.20533
0.222936
0.243228
0.266404
0.292757
0.322636
0.356352
0.394329
0.438078
0.489111
0.546707
0.610774
0.680535
0.754307
0.829402
0.902306
0.96923
1.02632
1.07174
1.10629
1.13157
1.14944
1.1617
1.16989
1.17523
1.17864
1.18076
1.18205
1.18282
1.18327
1.18353
1.18367
1.18375
1.18379
1.18381
1.18382
1.18382
1.18382
0.658534
0.658532
0.658529
0.658523
0.65851
0.658485
0.658438
0.65835
0.658193
0.657919
0.657448
0.656658
0.655357
0.653258
0.649948
0.644856
0.637243
0.626259
0.611079
0.591155
0.567077
0.540017
0.511461
0.482901
0.455515
0.430042
0.406834
0.385919
0.367145
0.350293
0.335117
0.321378
0.308865
0.297397
0.286826
0.277035
0.267928
0.259403
0.251372
0.243787
0.236595
0.229786
0.223322
0.217179
0.211339
0.205786
0.200509
0.195495
0.190739
0.186235
0.181986
0.177999
0.174293
0.170911
0.167924
0.165478
0.163836
0.163318
0.164712
0.169661
0.178907
0.191345
0.20653
0.22433
0.244819
0.2682
0.294768
0.324869
0.358805
0.397037
0.441125
0.492461
0.55033
0.614599
0.684449
0.758156
0.833007
0.905494
0.971871
1.02835
1.07321
1.10731
1.13225
1.14988
1.16198
1.17006
1.17534
1.1787
1.18079
1.18207
1.18283
1.18328
1.18353
1.18367
1.18375
1.18379
1.18381
1.18382
1.18382
1.18382
0.658534
0.658532
0.658529
0.658523
0.65851
0.658485
0.658438
0.65835
0.658193
0.657917
0.657445
0.656652
0.655345
0.653236
0.649909
0.644787
0.637131
0.626083
0.61082
0.590797
0.566624
0.539481
0.510861
0.482256
0.454845
0.429369
0.406172
0.385248
0.366483
0.349644
0.334479
0.320751
0.308247
0.296788
0.286227
0.276445
0.267348
0.258831
0.250808
0.243229
0.236054
0.229251
0.222794
0.21666
0.210829
0.205286
0.20002
0.195018
0.190274
0.185785
0.181551
0.177581
0.173896
0.17054
0.167587
0.165195
0.163621
0.163207
0.164786
0.170083
0.179572
0.192206
0.207568
0.225541
0.246205
0.26977
0.29653
0.326832
0.360964
0.399435
0.443836
0.495447
0.553566
0.618026
0.687967
0.761626
0.836269
0.908388
0.974277
1.0302
1.07457
1.10826
1.13289
1.15029
1.16224
1.17023
1.17544
1.17876
1.18083
1.18209
1.18285
1.18328
1.18353
1.18367
1.18375
1.18379
1.18381
1.18382
1.18382
1.18382
0.658534
0.658532
0.65853
0.658523
0.65851
0.658485
0.658438
0.65835
0.658192
0.657916
0.657443
0.656647
0.655335
0.653218
0.649875
0.644729
0.637034
0.625931
0.610592
0.59048
0.566221
0.539001
0.510319
0.481674
0.454239
0.428771
0.405557
0.384643
0.365885
0.349055
0.333901
0.320183
0.307689
0.296239
0.285687
0.275913
0.266825
0.258315
0.250299
0.242729
0.235567
0.22877
0.222321
0.216195
0.210373
0.204841
0.199584
0.194594
0.189862
0.185385
0.181165
0.177211
0.173546
0.170212
0.16729
0.164945
0.16343
0.163108
0.164847
0.170444
0.180142
0.192948
0.208464
0.226588
0.247406
0.271132
0.298064
0.328543
0.362849
0.401542
0.446226
0.498085
0.556432
0.621068
0.691096
0.764722
0.839185
0.910983
0.976441
1.03187
1.07579
1.10912
1.13347
1.15067
1.16248
1.17037
1.17553
1.17881
1.18086
1.18211
1.18286
1.18329
1.18354
1.18367
1.18375
1.18379
1.18381
1.18382
1.18382
1.18382
0.658534
0.658532
0.65853
0.658523
0.658511
0.658485
0.658438
0.65835
0.658192
0.657916
0.657441
0.656643
0.655327
0.653202
0.649847
0.644679
0.636949
0.625797
0.610392
0.5902
0.565865
0.538575
0.509839
0.481157
0.453709
0.428218
0.405007
0.384101
0.365353
0.348532
0.333387
0.319678
0.307193
0.295751
0.285207
0.275442
0.266363
0.257859
0.24985
0.242286
0.235128
0.228342
0.221901
0.215784
0.209972
0.204448
0.199201
0.194221
0.1895
0.185035
0.180828
0.176888
0.17324
0.169926
0.16703
0.164727
0.163263
0.16302
0.164897
0.170751
0.180629
0.193582
0.209232
0.227486
0.248439
0.272305
0.299387
0.330022
0.364485
0.403368
0.448315
0.500392
0.558943
0.623738
0.693849
0.767449
0.84176
0.913278
0.978358
1.03335
1.07688
1.10988
1.13398
1.15101
1.1627
1.17051
1.17561
1.17886
1.18089
1.18213
1.18287
1.1833
1.18354
1.18368
1.18375
1.18379
1.18381
1.18382
1.18382
1.18382
0.658534
0.658532
0.65853
0.658523
0.658511
0.658485
0.658438
0.65835
0.658192
0.657915
0.65744
0.65664
0.655321
0.65319
0.649823
0.644636
0.636877
0.625681
0.610218
0.589955
0.565553
0.538202
0.509418
0.480702
0.453242
0.427742
0.404528
0.383626
0.364885
0.348073
0.332937
0.319236
0.306759
0.295324
0.284787
0.27503
0.265958
0.25746
0.249458
0.241901
0.234749
0.22797
0.221537
0.215428
0.209623
0.204108
0.19887
0.193899
0.189188
0.184733
0.180537
0.17661
0.172976
0.169681
0.166808
0.164541
0.16312
0.162943
0.164938
0.171011
0.181042
0.194121
0.209884
0.22825
0.249317
0.273306
0.300516
0.331287
0.365887
0.404934
0.450115
0.502383
0.561112
0.626048
0.696234
0.769816
0.843996
0.915273
0.980027
1.03465
1.07783
1.11055
1.13444
1.15131
1.16289
1.17063
1.17568
1.1789
1.18091
1.18214
1.18287
1.1833
1.18354
1.18368
1.18375
1.18379
1.18381
1.18382
1.18382
1.18382
0.658534
0.658532
0.65853
0.658523
0.658511
0.658485
0.658438
0.65835
0.658192
0.657915
0.657439
0.656638
0.655315
0.653179
0.649802
0.644599
0.636815
0.625582
0.610068
0.589745
0.565284
0.53788
0.509054
0.480314
0.452829
0.427324
0.404114
0.383218
0.364484
0.34768
0.332552
0.318858
0.306387
0.294959
0.284429
0.274678
0.265612
0.25712
0.249122
0.241571
0.234425
0.227652
0.221226
0.215124
0.209327
0.203819
0.198589
0.193626
0.188923
0.184477
0.180291
0.176375
0.172754
0.169474
0.16662
0.164384
0.162999
0.162878
0.164972
0.171228
0.181387
0.194571
0.21043
0.228889
0.250053
0.274145
0.301465
0.332351
0.367068
0.406255
0.451637
0.504069
0.562951
0.628009
0.69826
0.771829
0.845901
0.916974
0.981451
1.03575
1.07865
1.11113
1.13483
1.15156
1.16305
1.17073
1.17574
1.17894
1.18093
1.18215
1.18288
1.1833
1.18355
1.18368
1.18375
1.18379
1.18381
1.18382
1.18382
1.18382
0.658534
0.658532
0.65853
0.658523
0.658511
0.658486
0.658438
0.65835
0.658192
0.657915
0.657438
0.656636
0.655311
0.65317
0.649785
0.644569
0.636764
0.625499
0.609943
0.58957
0.565059
0.53761
0.50875
0.47999
0.452492
0.426983
0.403773
0.382881
0.364152
0.347353
0.332231
0.318543
0.306077
0.294655
0.28413
0.274385
0.265324
0.256837
0.248844
0.241298
0.234158
0.227392
0.22097
0.214873
0.209081
0.20358
0.198356
0.1934
0.188704
0.184266
0.180088
0.176182
0.172571
0.169303
0.166465
0.164254
0.1629
0.162825
0.165
0.171405
0.181669
0.194939
0.210876
0.229412
0.250656
0.274832
0.302243
0.333224
0.368038
0.407343
0.452892
0.50546
0.56447
0.629629
0.699937
0.773495
0.847479
0.918384
0.982632
1.03667
1.07932
1.1116
1.13515
1.15177
1.16318
1.17081
1.17579
1.17897
1.18095
1.18216
1.18289
1.18331
1.18355
1.18368
1.18375
1.18379
1.18381
1.18382
1.18382
1.18382
0.658534
0.658532
0.65853
0.658523
0.658511
0.658486
0.658438
0.65835
0.658192
0.657915
0.657438
0.656634
0.655307
0.653163
0.649772
0.644544
0.636722
0.625432
0.609843
0.589428
0.564877
0.537393
0.508508
0.479725
0.452217
0.426705
0.403496
0.382607
0.363884
0.347091
0.331973
0.318291
0.30583
0.294412
0.283891
0.274151
0.265095
0.256611
0.248622
0.241079
0.233943
0.227181
0.220764
0.214672
0.208886
0.20339
0.198171
0.19322
0.188531
0.184099
0.179928
0.176028
0.172426
0.169168
0.166343
0.164152
0.162822
0.162784
0.165023
0.171545
0.181892
0.19523
0.211228
0.229825
0.251133
0.275376
0.302859
0.333916
0.368807
0.408205
0.453888
0.506566
0.565678
0.630919
0.701272
0.774824
0.848737
0.919509
0.983574
1.0374
1.07986
1.11198
1.13541
1.15195
1.16329
1.17088
1.17583
1.17899
1.18097
1.18217
1.18289
1.18331
1.18355
1.18368
1.18375
1.18379
1.18381
1.18382
1.18382
1.18382
0.658534
0.658532
0.65853
0.658523
0.658511
0.658486
0.658438
0.65835
0.658192
0.657914
0.657437
0.656633
0.655305
0.653157
0.649761
0.644526
0.636691
0.625381
0.609766
0.58932
0.564741
0.537231
0.508323
0.479527
0.452013
0.426498
0.40329
0.382404
0.363683
0.346894
0.331781
0.318101
0.305644
0.29423
0.283713
0.273975
0.264923
0.256441
0.248456
0.240916
0.233783
0.227024
0.220611
0.214522
0.20874
0.203247
0.198033
0.193086
0.188401
0.183974
0.179808
0.175914
0.172317
0.169067
0.166251
0.164077
0.162764
0.162753
0.16504
0.17165
0.182058
0.195446
0.21149
0.230133
0.251487
0.275781
0.303318
0.334432
0.369381
0.40885
0.454634
0.507394
0.566583
0.631886
0.702274
0.775821
0.849682
0.920354
0.984283
1.03795
1.08027
1.11227
1.1356
1.15207
1.16337
1.17093
1.17586
1.17901
1.18098
1.18218
1.18289
1.18331
1.18355
1.18368
1.18375
1.18379
1.18381
1.18382
1.18382
1.18382
0.658534
0.658532
0.65853
0.658523
0.658511
0.658486
0.658438
0.65835
0.658192
0.657914
0.657437
0.656632
0.655303
0.653153
0.649754
0.644513
0.636669
0.625347
0.609715
0.589249
0.564649
0.537121
0.508199
0.479393
0.451874
0.426357
0.40315
0.382266
0.363548
0.346761
0.331651
0.317974
0.305519
0.294107
0.283592
0.273858
0.264807
0.256328
0.248344
0.240807
0.233677
0.22692
0.220509
0.214423
0.208643
0.203153
0.197941
0.192997
0.188315
0.183891
0.179728
0.175838
0.172246
0.169001
0.166191
0.164026
0.162726
0.162733
0.165053
0.17172
0.182168
0.19559
0.211665
0.230338
0.251724
0.276051
0.303624
0.334776
0.369764
0.409281
0.455133
0.507948
0.567189
0.632533
0.702945
0.77649
0.850316
0.920922
0.984759
1.03832
1.08054
1.11246
1.13573
1.15216
1.16343
1.17097
1.17589
1.17903
1.18099
1.18218
1.1829
1.18331
1.18355
1.18368
1.18375
1.18379
1.18381
1.18382
1.18382
1.18382
0.658534
0.658532
0.65853
0.658523
0.658511
0.658486
0.658438
0.65835
0.658192
0.657914
0.657436
0.656631
0.655302
0.653151
0.64975
0.644506
0.636657
0.625329
0.609687
0.58921
0.5646
0.537063
0.508134
0.479324
0.451803
0.426286
0.403079
0.382196
0.36348
0.346695
0.331586
0.317911
0.305457
0.294046
0.283533
0.273799
0.26475
0.256271
0.248289
0.240752
0.233623
0.226867
0.220458
0.214373
0.208594
0.203105
0.197895
0.192953
0.188272
0.183849
0.179688
0.1758
0.17221
0.168967
0.166161
0.164001
0.162707
0.162723
0.165059
0.171755
0.182225
0.195663
0.211754
0.230442
0.251844
0.276187
0.303778
0.334949
0.369956
0.409497
0.455382
0.508224
0.567489
0.632854
0.703277
0.776819
0.850629
0.921202
0.984995
1.0385
1.08068
1.11256
1.1358
1.1522
1.16346
1.17098
1.1759
1.17903
1.18099
1.18218
1.1829
1.18331
1.18355
1.18368
1.18375
1.18379
1.18381
1.18382
1.18382
1.18382
0.658534
0.658532
0.65853
0.658523
0.658511
0.658486
0.658438
0.65835
0.658192
0.657914
0.657436
0.656631
0.655301
0.653151
0.649749
0.644505
0.636656
0.625326
0.609683
0.589205
0.564594
0.537056
0.508127
0.479316
0.451795
0.426279
0.403073
0.382191
0.363475
0.346691
0.331582
0.317907
0.305454
0.294043
0.28353
0.273796
0.264747
0.256269
0.248286
0.24075
0.23362
0.226865
0.220456
0.214371
0.208592
0.203103
0.197893
0.192951
0.18827
0.183848
0.179687
0.175798
0.172209
0.168966
0.16616
0.164001
0.162706
0.162723
0.165061
0.171758
0.182229
0.195668
0.21176
0.230449
0.251851
0.276196
0.303788
0.334959
0.369968
0.409509
0.455397
0.50824
0.567507
0.632873
0.703296
0.776839
0.850648
0.921219
0.98501
1.03851
1.08068
1.11257
1.1358
1.15221
1.16346
1.17098
1.1759
1.17903
1.18099
1.18218
1.1829
1.18331
1.18355
1.18368
1.18375
1.18379
1.18381
1.18382
1.18382
1.18382
0.658534
0.658532
0.65853
0.658523
0.658511
0.658486
0.658438
0.65835
0.658192
0.657914
0.657436
0.656631
0.655302
0.653152
0.649752
0.64451
0.636664
0.625339
0.609704
0.589234
0.564631
0.537101
0.508178
0.479372
0.451853
0.426339
0.403133
0.38225
0.363534
0.346749
0.331639
0.317963
0.305509
0.294098
0.283584
0.273849
0.2648
0.256321
0.248337
0.2408
0.23367
0.226913
0.220503
0.214417
0.208637
0.203147
0.197936
0.192993
0.188311
0.183887
0.179724
0.175834
0.172242
0.168998
0.166189
0.164025
0.162725
0.162734
0.165056
0.171728
0.18218
0.195605
0.211682
0.230358
0.251746
0.276076
0.303652
0.334806
0.369798
0.409318
0.455175
0.507995
0.567239
0.632587
0.703001
0.776546
0.85037
0.920971
0.9848
1.03835
1.08056
1.11248
1.13575
1.15217
1.16343
1.17097
1.17589
1.17903
1.18099
1.18218
1.1829
1.18331
1.18355
1.18368
1.18375
1.18379
1.18381
1.18382
1.18382
1.18382
0.658534
0.658532
0.65853
0.658523
0.658511
0.658486
0.658438
0.65835
0.658192
0.657914
0.657437
0.656632
0.655303
0.653155
0.649758
0.64452
0.636682
0.625369
0.609749
0.589298
0.564713
0.537199
0.508289
0.479492
0.451979
0.426464
0.403258
0.382374
0.363657
0.34687
0.331758
0.318081
0.305625
0.294212
0.283696
0.27396
0.264908
0.256427
0.248442
0.240904
0.233772
0.227013
0.220601
0.214513
0.208731
0.203239
0.198025
0.193079
0.188394
0.183967
0.179801
0.175908
0.172312
0.169063
0.166248
0.164074
0.162763
0.162754
0.165046
0.171663
0.182077
0.19547
0.211519
0.230166
0.251524
0.275822
0.303364
0.334483
0.369437
0.408913
0.454705
0.507473
0.566668
0.631977
0.702368
0.775915
0.849771
0.920435
0.984351
1.038
1.08031
1.1123
1.13562
1.15209
1.16338
1.17094
1.17587
1.17901
1.18098
1.18218
1.18289
1.18331
1.18355
1.18368
1.18375
1.18379
1.18381
1.18382
1.18382
1.18382
0.658534
0.658532
0.65853
0.658523
0.658511
0.658486
0.658438
0.65835
0.658192
0.657914
0.657437
0.656633
0.655306
0.65316
0.649768
0.644538
0.636712
0.625417
0.609821
0.589399
0.564843
0.537354
0.508464
0.47968
0.452173
0.426663
0.403457
0.382571
0.36385
0.347059
0.331944
0.318264
0.305805
0.294388
0.283869
0.27413
0.265075
0.256592
0.248604
0.241062
0.233927
0.227165
0.22075
0.214659
0.208873
0.203378
0.19816
0.19321
0.188521
0.184089
0.179919
0.17602
0.172418
0.169161
0.166337
0.164149
0.16282
0.162785
0.165031
0.171564
0.181919
0.195263
0.211268
0.229871
0.251184
0.275433
0.302923
0.333986
0.368885
0.408291
0.453986
0.506673
0.565793
0.631041
0.701397
0.774948
0.848855
0.919614
0.983663
1.03747
1.07991
1.11202
1.13543
1.15196
1.1633
1.17089
1.17584
1.179
1.18097
1.18217
1.18289
1.18331
1.18355
1.18368
1.18375
1.18379
1.18381
1.18382
1.18382
1.18382
0.658534
0.658532
0.65853
0.658523
0.658511
0.658486
0.658438
0.65835
0.658192
0.657915
0.657438
0.656635
0.655309
0.653167
0.649781
0.644561
0.636752
0.625481
0.609918
0.589535
0.565017
0.537563
0.508701
0.479936
0.452443
0.426934
0.403726
0.382837
0.364111
0.347315
0.332195
0.31851
0.306047
0.294626
0.284103
0.274359
0.2653
0.256813
0.248821
0.241276
0.234137
0.227371
0.220951
0.214855
0.209065
0.203564
0.198341
0.193386
0.188691
0.184254
0.180077
0.176171
0.172561
0.169295
0.166458
0.16425
0.162898
0.162827
0.16501
0.17143
0.181705
0.194983
0.210927
0.22947
0.250722
0.274905
0.302325
0.333314
0.368137
0.407451
0.453015
0.505595
0.564614
0.629781
0.700092
0.773648
0.847622
0.918512
0.982739
1.03675
1.07938
1.11165
1.13518
1.15179
1.1632
1.17082
1.1758
1.17897
1.18095
1.18216
1.18289
1.18331
1.18355
1.18368
1.18375
1.18379
1.18381
1.18382
1.18382
1.18382
0.658534
0.658532
0.65853
0.658523
0.658511
0.658485
0.658438
0.65835
0.658192
0.657915
0.657439
0.656637
0.655314
0.653176
0.649797
0.644591
0.636802
0.625562
0.61004
0.589707
0.565237
0.537826
0.508997
0.480254
0.452769
0.427268
0.404062
0.383169
0.364439
0.347637
0.332511
0.31882
0.306351
0.294925
0.284396
0.274647
0.265583
0.257092
0.249096
0.241545
0.234401
0.22763
0.221204
0.215103
0.209306
0.2038
0.198571
0.193609
0.188907
0.184462
0.180277
0.176362
0.172742
0.169463
0.166611
0.164377
0.162997
0.162881
0.164984
0.171258
0.18143
0.194624
0.210492
0.22896
0.250133
0.274234
0.301564
0.33246
0.367187
0.406386
0.451785
0.504231
0.563125
0.628191
0.698446
0.772011
0.846072
0.917126
0.981577
1.03585
1.07872
1.11118
1.13486
1.15158
1.16306
1.17074
1.17575
1.17894
1.18094
1.18215
1.18288
1.1833
1.18355
1.18368
1.18375
1.18379
1.18381
1.18382
1.18382
1.18382
0.658534
0.658532
0.65853
0.658523
0.658511
0.658485
0.658438
0.65835
0.658192
0.657915
0.65744
0.656639
0.655319
0.653187
0.649817
0.644626
0.636863
0.625659
0.610186
0.589912
0.565499
0.53814
0.509352
0.480636
0.453168
0.427673
0.404466
0.383569
0.364832
0.348024
0.332891
0.319193
0.306717
0.295285
0.28475
0.274994
0.265923
0.257427
0.249426
0.24187
0.23472
0.227942
0.221511
0.215403
0.209599
0.204085
0.198849
0.193879
0.189169
0.184715
0.18052
0.176595
0.172962
0.169668
0.166797
0.164534
0.163117
0.162946
0.164952
0.171047
0.181093
0.194184
0.209958
0.228334
0.249412
0.273411
0.300633
0.331416
0.366027
0.405089
0.45029
0.502573
0.561316
0.626262
0.696452
0.77003
0.844197
0.915451
0.980175
1.03476
1.07791
1.11061
1.13448
1.15133
1.1629
1.17064
1.17569
1.17891
1.18092
1.18214
1.18287
1.1833
1.18354
1.18368
1.18375
1.18379
1.18381
1.18382
1.18382
1.18382
0.658534
0.658532
0.65853
0.658523
0.65851
0.658485
0.658438
0.65835
0.658192
0.657916
0.657441
0.656642
0.655325
0.653199
0.649841
0.644669
0.636934
0.625773
0.610357
0.590152
0.565806
0.538507
0.509767
0.481084
0.453634
0.428156
0.404945
0.38404
0.365294
0.348476
0.333335
0.319629
0.307146
0.295706
0.285164
0.275401
0.266323
0.257822
0.249815
0.242254
0.2351
0.228312
0.221872
0.215755
0.209944
0.204422
0.199177
0.194198
0.189478
0.185014
0.180808
0.17687
0.173223
0.169912
0.167018
0.164719
0.163259
0.163023
0.164913
0.170793
0.180688
0.193655
0.209317
0.227583
0.248547
0.272427
0.299522
0.33017
0.364647
0.403546
0.448516
0.500611
0.559178
0.623985
0.6941
0.767696
0.841991
0.913483
0.978529
1.03348
1.07698
1.10995
1.13403
1.15104
1.16271
1.17052
1.17561
1.17886
1.18089
1.18213
1.18287
1.1833
1.18354
1.18368
1.18375
1.18379
1.18381
1.18382
1.18382
1.18382
0.658534
0.658532
0.65853
0.658523
0.65851
0.658485
0.658438
0.65835
0.658192
0.657916
0.657442
0.656646
0.655333
0.653214
0.649869
0.644718
0.637016
0.625904
0.610554
0.590428
0.566157
0.538927
0.51024
0.481593
0.454162
0.428677
0.405472
0.384569
0.365819
0.348993
0.333843
0.320128
0.307636
0.296188
0.285638
0.275867
0.266781
0.258273
0.250259
0.242688
0.235521
0.228731
0.222285
0.216161
0.210342
0.204811
0.199556
0.194567
0.189836
0.185361
0.181143
0.177191
0.173527
0.170195
0.167276
0.164935
0.163425
0.163111
0.164866
0.170491
0.180208
0.19303
0.20856
0.226697
0.247529
0.271269
0.298216
0.32871
0.363031
0.401745
0.446454
0.498332
0.556698
0.621347
0.691381
0.765001
0.839448
0.911216
0.976635
1.03202
1.0759
1.10919
1.13352
1.1507
1.1625
1.17039
1.17553
1.17882
1.18086
1.18211
1.18286
1.18329
1.18354
1.18367
1.18375
1.18379
1.18381
1.18382
1.18382
1.18382
0.658534
0.658532
0.658529
0.658523
0.65851
0.658485
0.658438
0.65835
0.658193
0.657917
0.657444
0.65665
0.655342
0.653232
0.649901
0.644775
0.637111
0.626054
0.610777
0.590739
0.566553
0.539398
0.51077
0.482163
0.454755
0.429281
0.406089
0.385173
0.36641
0.349573
0.334412
0.320687
0.308186
0.29673
0.286172
0.276392
0.267298
0.258784
0.250763
0.243189
0.236009
0.229209
0.222754
0.216622
0.210793
0.205253
0.199988
0.194988
0.190245
0.185758
0.181525
0.177557
0.173875
0.170521
0.167571
0.165183
0.163615
0.163212
0.164807
0.170136
0.179646
0.192298
0.207676
0.225664
0.246343
0.269923
0.296701
0.327019
0.361168
0.39966
0.444089
0.495722
0.553862
0.618337
0.688284
0.761938
0.836562
0.908648
0.974494
1.03036
1.07469
1.10834
1.13294
1.15033
1.16226
1.17024
1.17544
1.17876
1.18083
1.18209
1.18285
1.18329
1.18354
1.18367
1.18375
1.18379
1.18381
1.18382
1.18382
1.18382
0.658534
0.658532
0.658529
0.658523
0.65851
0.658485
0.658438
0.65835
0.658193
0.657918
0.657447
0.656656
0.655354
0.653254
0.64994
0.644843
0.637221
0.626225
0.611029
0.591088
0.566994
0.539921
0.511357
0.482793
0.455409
0.429944
0.406731
0.385834
0.367061
0.350212
0.33504
0.321306
0.308796
0.297332
0.286764
0.276976
0.267871
0.259349
0.251322
0.243728
0.236547
0.22974
0.223278
0.217137
0.211299
0.205748
0.200473
0.195461
0.190707
0.186205
0.181958
0.177973
0.174269
0.170889
0.167906
0.165465
0.16383
0.163322
0.164735
0.169719
0.17899
0.191447
0.206649
0.224466
0.244971
0.26837
0.294956
0.325076
0.359031
0.397285
0.441404
0.492765
0.550656
0.614943
0.6848
0.758501
0.833332
0.905782
0.972111
1.02853
1.07334
1.10741
1.13231
1.14992
1.162
1.17008
1.17535
1.1787
1.1808
1.18207
1.18284
1.18328
1.18353
1.18367
1.18375
1.18379
1.18381
1.18382
1.18382
1.18382
0.658534
0.658532
0.658529
0.658523
0.65851
0.658485
0.658438
0.65835
0.658194
0.65792
0.657451
0.656664
0.655369
0.65328
0.649986
0.644917
0.637343
0.626416
0.611308
0.591471
0.567477
0.540492
0.511997
0.483479
0.45612
0.430665
0.407449
0.386524
0.367768
0.350906
0.335725
0.321982
0.309462
0.297987
0.287411
0.277612
0.268504
0.259965
0.251914
0.244319
0.237137
0.230324
0.223854
0.217705
0.211858
0.206298
0.201011
0.195988
0.191221
0.186705
0.182442
0.178437
0.174712
0.171303
0.168282
0.165781
0.16407
0.163442
0.164643
0.16923
0.178225
0.190459
0.205461
0.223084
0.243395
0.26659
0.292963
0.322862
0.356599
0.3946
0.438382
0.489443
0.547064
0.61115
0.68092
0.754686
0.829759
0.902623
0.969496
1.02652
1.07188
1.10639
1.13163
1.14948
1.16173
1.16991
1.17524
1.17864
1.18076
1.18205
1.18282
1.18327
1.18353
1.18367
1.18375
1.18379
1.18381
1.18382
1.18382
1.18382
0.658534
0.658532
0.658529
0.658523
0.65851
0.658485
0.658438
0.658351
0.658195
0.657923
0.657457
0.656675
0.655388
0.653313
0.650043
0.645014
0.637494
0.626642
0.611633
0.591911
0.568018
0.541123
0.512697
0.48422
0.456881
0.431433
0.408215
0.387272
0.368487
0.351635
0.336453
0.322713
0.310182
0.29869
0.288093
0.278275
0.269135
0.260592
0.252553
0.244965
0.237778
0.230959
0.224482
0.218325
0.21247
0.2069
0.201603
0.196568
0.191788
0.187257
0.182976
0.178952
0.175202
0.171762
0.168699
0.166132
0.164334
0.163569
0.164527
0.168655
0.177337
0.189318
0.204096
0.221505
0.241597
0.264567
0.290704
0.320358
0.353854
0.391586
0.435004
0.485738
0.543069
0.606948
0.67664
0.750498
0.825856
0.899193
0.966673
1.02437
1.07033
1.10532
1.13092
1.14902
1.16144
1.16973
1.17514
1.17858
1.18073
1.18203
1.18281
1.18327
1.18352
1.18367
1.18374
1.18379
1.18381
1.18382
1.18382
1.18382
0.658534
0.658532
0.658529
0.658523
0.65851
0.658486
0.658438
0.658352
0.658197
0.657927
0.657464
0.656688
0.655411
0.653353
0.650109
0.64512
0.63766
0.626884
0.611975
0.592368
0.568585
0.541786
0.513433
0.485008
0.457691
0.432249
0.409023
0.388083
0.369262
0.352384
0.337178
0.323394
0.310848
0.299352
0.288757
0.278945
0.269822
0.26129
0.253254
0.245659
0.238465
0.23164
0.225157
0.218993
0.213129
0.207551
0.202244
0.197199
0.192406
0.187861
0.183563
0.179518
0.175742
0.172269
0.16916
0.166527
0.16463
0.163714
0.164391
0.168004
0.176338
0.188039
0.202566
0.219731
0.239578
0.262294
0.288167
0.317551
0.350782
0.388222
0.431256
0.481634
0.538659
0.60233
0.671959
0.745941
0.821635
0.895507
0.963665
1.02209
1.0687
1.1042
1.13019
1.14856
1.16115
1.16956
1.17504
1.17852
1.18069
1.18201
1.1828
1.18326
1.18352
1.18367
1.18374
1.18378
1.18381
1.18381
1.18382
1.18382
0.658534
0.658532
0.658529
0.658523
0.658511
0.658486
0.658439
0.658354
0.6582
0.657933
0.657475
0.656706
0.655442
0.653406
0.650197
0.645256
0.637867
0.627196
0.612415
0.592951
0.569279
0.54256
0.514258
0.485862
0.458536
0.433058
0.409803
0.388809
0.369981
0.35309
0.337887
0.324134
0.31161
0.300127
0.289524
0.279708
0.270578
0.262038
0.25399
0.246387
0.239186
0.232355
0.225867
0.219698
0.213829
0.208244
0.20293
0.197875
0.193071
0.188513
0.184199
0.180134
0.176334
0.172827
0.169672
0.166971
0.164971
0.163893
0.1643
0.167397
0.175303
0.186665
0.200891
0.217772
0.237337
0.259765
0.285343
0.314425
0.347366
0.384493
0.427123
0.477112
0.533821
0.597296
0.666895
0.741056
0.817159
0.891651
0.960571
1.01978
1.06707
1.10312
1.12949
1.14812
1.16089
1.1694
1.17494
1.17847
1.18066
1.182
1.18279
1.18325
1.18352
1.18366
1.18374
1.18378
1.1838
1.18381
1.18382
1.18382
0.658533
0.658532
0.658529
0.658523
0.658511
0.658487
0.65844
0.658356
0.658205
0.65794
0.657488
0.656729
0.65548
0.653466
0.650288
0.645402
0.63809
0.62751
0.612834
0.593482
0.569885
0.543256
0.51502
0.486607
0.459283
0.433806
0.410543
0.389554
0.370714
0.353808
0.338593
0.324838
0.312299
0.300819
0.29026
0.280466
0.271342
0.262789
0.254735
0.247126
0.239922
0.233089
0.226599
0.220427
0.214555
0.208965
0.203646
0.198584
0.193771
0.189203
0.184875
0.180793
0.176969
0.173432
0.170235
0.167472
0.16536
0.164139
0.16431
0.166974
0.174298
0.18523
0.199092
0.21564
0.234881
0.256983
0.282229
0.310978
0.343599
0.380409
0.422606
0.472155
0.528548
0.591844
0.661445
0.735834
0.812409
0.887597
0.957354
1.01741
1.06543
1.10204
1.12882
1.14771
1.16065
1.16927
1.17487
1.17843
1.18064
1.18198
1.18278
1.18325
1.18352
1.18366
1.18374
1.18378
1.1838
1.18381
1.18382
1.18382
0.658533
0.658532
0.65853
0.658524
0.658511
0.658487
0.658442
0.658359
0.658211
0.657952
0.657508
0.656763
0.655537
0.653561
0.650442
0.645626
0.638414
0.627973
0.613468
0.594299
0.570847
0.544252
0.515976
0.487564
0.460219
0.434718
0.411426
0.390407
0.371538
0.354602
0.339355
0.325559
0.313022
0.301503
0.2909
0.281093
0.271984
0.263483
0.255456
0.247848
0.240646
0.233815
0.227326
0.221155
0.215283
0.209692
0.20437
0.199304
0.194485
0.189908
0.18557
0.181473
0.177629
0.174064
0.170827
0.168005
0.165789
0.164433
0.164386
0.166654
0.173296
0.183733
0.197182
0.213354
0.232231
0.253968
0.278845
0.307226
0.3395
0.375995
0.417739
0.466756
0.522889
0.58607
0.655768
0.730515
0.807721
0.883762
0.954481
1.01542
1.06414
1.10126
1.12837
1.14747
1.16052
1.1692
1.17483
1.17841
1.18063
1.18198
1.18278
1.18325
1.18351
1.18366
1.18374
1.18378
1.1838
1.18381
1.18382
1.18382
0.658533
0.658532
0.65853
0.658524
0.658512
0.658488
0.658444
0.658363
0.658218
0.657965
0.657531
0.6568
0.655596
0.65365
0.650579
0.645839
0.638722
0.628387
0.613992
0.594921
0.571487
0.544902
0.516694
0.488329
0.461003
0.435501
0.412201
0.391171
0.37229
0.355341
0.34008
0.326264
0.313693
0.302212
0.291591
0.281759
0.27262
0.264088
0.256073
0.248512
0.241322
0.234497
0.228013
0.221845
0.215976
0.210386
0.205064
0.199996
0.195174
0.190591
0.186245
0.182136
0.178275
0.174686
0.171412
0.168537
0.166225
0.164738
0.164481
0.166368
0.172296
0.182214
0.195225
0.210997
0.229481
0.250822
0.275295
0.303269
0.335152
0.371294
0.41257
0.461003
0.516827
0.579852
0.64962
0.724717
0.802576
0.879526
0.951299
1.01322
1.06276
1.1005
1.128
1.14732
1.16047
1.1692
1.17484
1.17842
1.18063
1.18198
1.18278
1.18325
1.18351
1.18366
1.18374
1.18378
1.1838
1.18381
1.18382
1.18382
0.658533
0.658532
0.65853
0.658524
0.658512
0.65849
0.658447
0.658369
0.65823
0.657985
0.657567
0.656862
0.655701
0.653824
0.650842
0.64622
0.639253
0.629102
0.614909
0.596042
0.572774
0.546295
0.51802
0.48952
0.462053
0.436426
0.413024
0.391917
0.37298
0.355993
0.340707
0.326877
0.314288
0.302768
0.292184
0.282352
0.273211
0.264669
0.256629
0.249043
0.241882
0.235071
0.228595
0.222435
0.216569
0.210983
0.205662
0.200594
0.195771
0.191184
0.186832
0.182714
0.178841
0.175232
0.171929
0.169009
0.16662
0.165018
0.164569
0.166109
0.171373
0.180803
0.193396
0.208774
0.226864
0.247798
0.271847
0.299386
0.330846
0.366608
0.407455
0.45535
0.510956
0.574004
0.644119
0.71993
0.798828
0.876994
0.949927
1.01265
1.06272
1.10069
1.12825
1.14757
1.16066
1.16933
1.17493
1.17847
1.18067
1.182
1.18279
1.18325
1.18352
1.18366
1.18374
1.18378
1.1838
1.18381
1.18382
1.18382
0.658533
0.658532
0.65853
0.658524
0.658513
0.658491
0.65845
0.658375
0.65824
0.658006
0.657603
0.656926
0.655804
0.653979
0.651069
0.646542
0.63969
0.629663
0.615588
0.596811
0.57354
0.547008
0.518682
0.490114
0.462578
0.436896
0.413456
0.392327
0.373379
0.356388
0.341102
0.327275
0.31469
0.303161
0.292547
0.282738
0.273608
0.265074
0.257038
0.249447
0.242257
0.23545
0.228982
0.222826
0.216964
0.211379
0.206058
0.20099
0.196164
0.191574
0.187217
0.183093
0.179211
0.175589
0.172268
0.169317
0.166879
0.165199
0.164622
0.165928
0.17074
0.179828
0.192117
0.207196
0.224969
0.245557
0.269222
0.296335
0.327337
0.362632
0.402936
0.450097
0.50514
0.567769
0.637731
0.713784
0.793396
0.872726
0.947108
1.0112
1.06218
1.10064
1.12845
1.1478
1.16089
1.16951
1.17506
1.17855
1.18071
1.18202
1.1828
1.18326
1.18352
1.18366
1.18374
1.18378
1.1838
1.18381
1.18382
1.18382
)
;

boundaryField
{
    fuel
    {
        type            calculated;
        value           nonuniform List<scalar> 
40
(
0.658534
0.658534
0.658534
0.658534
0.658534
0.658534
0.658534
0.658534
0.658534
0.658534
0.658534
0.658534
0.658534
0.658534
0.658534
0.658534
0.658534
0.658534
0.658534
0.658534
0.658534
0.658534
0.658534
0.658534
0.658534
0.658534
0.658534
0.658534
0.658534
0.658534
0.658534
0.658534
0.658534
0.658534
0.658534
0.658534
0.658534
0.658534
0.658534
0.658534
)
;
    }
    air
    {
        type            calculated;
        value           nonuniform List<scalar> 
40
(
1.18382
1.18382
1.18382
1.18382
1.18382
1.18382
1.18382
1.18382
1.18382
1.18382
1.18382
1.18382
1.18382
1.18382
1.18382
1.18382
1.18382
1.18382
1.18382
1.18382
1.18382
1.18382
1.18382
1.18382
1.18382
1.18382
1.18382
1.18382
1.18382
1.18382
1.18382
1.18382
1.18382
1.18382
1.18382
1.18382
1.18382
1.18382
1.18382
1.18382
)
;
    }
    outlet
    {
        type            calculated;
        value           nonuniform List<scalar> 
200
(
0.658533
0.658532
0.658529
0.658524
0.658511
0.658488
0.658444
0.658363
0.65822
0.657969
0.657541
0.656823
0.655636
0.653711
0.650652
0.645907
0.638757
0.628343
0.613807
0.594533
0.570852
0.544048
0.515611
0.487083
0.459697
0.434231
0.411036
0.390154
0.371443
0.354672
0.339585
0.325939
0.313517
0.302135
0.291653
0.281964
0.272942
0.264506
0.256558
0.249045
0.241927
0.23518
0.228778
0.22268
0.216869
0.21133
0.206051
0.201019
0.196226
0.191666
0.187334
0.183233
0.179368
0.175762
0.17245
0.169505
0.167066
0.165369
0.164753
0.165984
0.17064
0.179591
0.191738
0.206658
0.224247
0.244614
0.268013
0.294806
0.325426
0.360276
0.400013
0.446375
0.500599
0.562332
0.631395
0.706672
0.785799
0.865092
0.939974
1.0051
1.05732
1.09698
1.12581
1.14598
1.15967
1.16872
1.17455
1.17824
1.18052
1.18191
1.18274
1.18322
1.1835
1.18365
1.18374
1.18378
1.1838
1.18381
1.18382
1.18382
0.658533
0.658532
0.658529
0.658524
0.658511
0.658488
0.658443
0.658363
0.658219
0.657968
0.657539
0.656818
0.655627
0.653696
0.650627
0.645866
0.638691
0.628244
0.613663
0.594337
0.570616
0.543772
0.515311
0.486775
0.459394
0.433943
0.410767
0.389907
0.371216
0.354463
0.339393
0.325762
0.313353
0.301983
0.29151
0.281829
0.272816
0.264387
0.256446
0.24894
0.24183
0.235086
0.228688
0.222594
0.216788
0.211254
0.205979
0.200951
0.196163
0.191607
0.18728
0.183182
0.179322
0.175719
0.172412
0.169473
0.167043
0.165357
0.16476
0.166025
0.170744
0.17974
0.191923
0.206875
0.224495
0.244895
0.268328
0.295157
0.325814
0.360702
0.400487
0.446911
0.501186
0.562964
0.63206
0.707348
0.786454
0.865692
0.940486
1.00549
1.0576
1.09717
1.12594
1.14606
1.15972
1.16875
1.17457
1.17825
1.18053
1.18191
1.18274
1.18322
1.1835
1.18365
1.18374
1.18378
1.1838
1.18381
1.18382
1.18382
)
;
    }
    frontAndBack
    {
        type            empty;
    }
}


// ************************************************************************* //
