/*--------------------------------*- C++ -*----------------------------------*\
  =========                 |
  \\      /  F ield         | OpenFOAM: The Open Source CFD Toolbox
   \\    /   O peration     | Website:  https://openfoam.org
    \\  /    A nd           | Version:  11
     \\/     M anipulation  |
\*---------------------------------------------------------------------------*/
FoamFile
{
    format      ascii;
    class       volScalarField;
    location    "0.05";
    object      T;
}
// * * * * * * * * * * * * * * * * * * * * * * * * * * * * * * * * * * * * * //

dimensions      [0 0 0 1 0 0 0];

internalField   nonuniform List<scalar> 
4000
(
293
293.001
293.002
293.005
293.011
293.023
293.046
293.086
293.158
293.284
293.499
293.86
294.458
295.433
296.996
299.457
303.256
308.99
317.416
329.415
345.653
366.306
391.383
420.583
453.396
489.232
527.526
567.793
609.65
652.811
697.07
742.279
788.328
835.131
882.588
930.6
979.141
1028.15
1077.7
1127.74
1178.24
1229.06
1280.23
1331.69
1383.39
1435.26
1487.21
1539.16
1591.02
1642.66
1693.95
1744.68
1794.57
1843.2
1889.86
1933.42
1971.78
2001.25
2017.2
2010.03
1961.64
1869.6
1756.1
1633.51
1508.9
1386.16
1267.48
1154.16
1047.05
946.935
853.685
765.471
683.027
608.432
542.248
484.886
436.523
397.043
365.99
342.87
326.457
315.081
307.337
302.169
298.77
296.574
295.179
294.306
293.769
293.444
293.251
293.139
293.075
293.039
293.02
293.009
293.004
293.002
293.001
293
293
293.001
293.002
293.005
293.011
293.024
293.046
293.088
293.162
293.292
293.514
293.887
294.502
295.501
297.098
299.606
303.465
309.267
317.766
329.836
346.101
366.727
391.779
420.931
453.683
489.462
527.714
567.965
609.836
653.039
697.369
742.675
788.847
835.763
883.309
931.526
980.267
1029.49
1079.24
1129.45
1180.02
1231.07
1282.49
1334.2
1386.15
1438.25
1490.43
1542.61
1594.68
1646.53
1698
1748.9
1798.92
1847.62
1894.27
1937.66
1975.56
2004.15
2018.54
2008.51
1955.02
1860.09
1745
1621.61
1496.69
1373.96
1255.53
1142.65
1036.14
936.821
844.341
756.735
675.32
601.866
536.895
480.756
433.555
395.106
364.897
342.372
326.29
315.066
307.391
302.231
298.829
296.621
295.211
294.326
293.78
293.45
293.254
293.14
293.075
293.039
293.02
293.009
293.004
293.002
293.001
293
293
293.001
293.002
293.005
293.012
293.024
293.048
293.09
293.167
293.3
293.529
293.914
294.549
295.58
297.221
299.789
303.727
309.63
318.257
330.484
346.885
367.688
392.801
421.953
454.67
490.404
528.617
568.842
610.708
653.935
698.319
743.715
789.979
836.972
884.773
933.194
982.142
1031.54
1081.43
1131.81
1182.79
1234.21
1285.98
1338.06
1390.36
1442.82
1495.36
1547.88
1600.28
1652.45
1704.22
1755.37
1805.6
1854.41
1901.03
1944.16
1981.31
2008.58
2020.61
2006.35
1945.42
1846.47
1729.34
1605.13
1480.14
1357.82
1240.16
1128.3
1023.05
925.161
833.998
747.546
667.705
595.827
532.362
477.583
431.528
393.963
364.366
342.175
326.278
315.119
307.459
302.296
298.878
296.654
295.233
294.34
293.788
293.455
293.257
293.141
293.076
293.039
293.02
293.009
293.004
293.002
293.001
293
293
293.001
293.002
293.005
293.012
293.025
293.048
293.092
293.17
293.306
293.538
293.929
294.574
295.619
297.284
299.888
303.874
309.847
318.549
330.839
347.293
368.121
393.31
422.576
455.393
491.217
529.512
569.823
611.782
655.109
699.599
745.098
791.462
838.717
886.659
935.213
984.284
1033.83
1084.05
1134.93
1186.29
1238.07
1290.22
1342.67
1395.36
1448.21
1501.13
1554.04
1606.81
1659.33
1711.42
1762.84
1813.28
1862.19
1908.74
1951.53
1987.7
2013.47
2022.9
2003.96
1935.14
1832.03
1712.9
1588.01
1463.13
1341.43
1224.72
1114.04
1010.15
913.745
823.797
738.418
660.019
589.539
527.388
473.8
428.779
392.072
363.148
341.433
325.85
314.901
307.357
302.255
298.865
296.653
295.235
294.342
293.79
293.456
293.257
293.141
293.076
293.039
293.02
293.009
293.004
293.002
293.001
293
293
293.001
293.002
293.005
293.012
293.025
293.049
293.093
293.172
293.31
293.547
293.944
294.599
295.662
297.353
299.992
304.036
310.087
318.9
331.338
347.921
368.849
394.104
423.401
456.308
492.216
530.603
571.006
613.06
656.482
701.066
746.655
793.187
840.522
888.56
937.301
986.677
1036.69
1087.3
1138.47
1190.16
1242.29
1294.8
1347.63
1400.7
1453.93
1507.23
1560.51
1613.64
1666.5
1718.89
1770.57
1821.18
1870.15
1916.58
1958.97
1994.02
2018.23
2024.96
2001.21
1924.95
1818.03
1697.15
1571.75
1447.09
1326.08
1210.34
1100.84
998.285
903.282
814.408
730.048
652.999
583.815
522.875
470.381
426.306
390.377
362.056
340.762
325.455
314.677
307.235
302.19
298.832
296.636
295.226
294.338
293.788
293.454
293.256
293.141
293.075
293.039
293.02
293.009
293.004
293.002
293.001
293
293
293.001
293.002
293.005
293.012
293.025
293.049
293.094
293.174
293.313
293.552
293.954
294.616
295.689
297.397
300.066
304.147
310.249
319.127
331.646
348.315
369.342
394.715
424.124
457.088
493.083
531.572
572.083
614.277
657.822
702.539
748.29
794.98
842.535
890.917
939.977
989.631
1039.86
1090.73
1142.19
1194.18
1246.64
1299.49
1352.67
1406.09
1459.68
1513.33
1566.95
1620.41
1673.56
1726.21
1778.1
1828.84
1877.82
1924.08
1966.01
1999.8
2022.33
2026.14
1997.21
1914.79
1804.79
1682.56
1556.87
1432.53
1312.21
1197.4
1088.98
987.622
893.811
805.894
722.512
646.585
578.509
518.616
467.072
423.829
388.601
360.842
339.968
324.953
314.369
307.051
302.083
298.77
296.601
295.207
294.327
293.782
293.451
293.254
293.14
293.075
293.039
293.019
293.009
293.004
293.002
293.001
293
293
293.001
293.002
293.005
293.012
293.025
293.05
293.095
293.175
293.316
293.556
293.961
294.63
295.713
297.437
300.13
304.251
310.409
319.366
331.991
348.766
369.907
395.391
424.916
457.998
494.093
532.666
573.283
615.556
659.203
704.07
750.014
796.935
844.777
893.386
942.694
992.607
1043.1
1094.23
1145.94
1198.21
1250.96
1304.12
1357.62
1411.36
1465.26
1519.23
1573.14
1626.88
1680.28
1733.14
1785.19
1836
1884.93
1930.94
1972.29
2004.94
2025.53
2026.03
1991.05
1904.39
1792.27
1669.2
1543.44
1419.5
1299.85
1185.89
1078.44
978.137
885.328
798.244
715.778
640.809
573.693
514.717
464.017
421.521
386.927
359.682
339.2
324.458
314.059
306.86
301.968
298.702
296.562
295.184
294.314
293.774
293.447
293.252
293.139
293.074
293.038
293.019
293.009
293.004
293.002
293.001
293
293
293.001
293.002
293.005
293.012
293.025
293.05
293.095
293.176
293.317
293.559
293.967
294.64
295.731
297.468
300.181
304.333
310.537
319.559
332.268
349.14
370.395
396.004
425.661
458.876
495.101
533.81
574.551
616.902
660.71
705.727
751.828
798.902
846.836
895.615
945.139
995.301
1046.13
1097.57
1149.58
1202.11
1255.14
1308.58
1362.36
1416.38
1470.57
1524.8
1578.97
1632.94
1686.55
1739.58
1791.74
1842.58
1891.42
1937.13
1977.86
2009.38
2028.07
2025.29
1984.16
1894.32
1780.71
1657.13
1531.45
1407.93
1288.93
1175.73
1069.13
969.756
877.803
791.425
709.769
635.629
569.342
511.164
461.202
419.367
385.34
358.561
338.444
323.962
313.741
306.661
301.846
298.628
296.518
295.158
294.298
293.766
293.442
293.249
293.137
293.073
293.038
293.019
293.009
293.004
293.002
293.001
293
293
293.001
293.002
293.005
293.012
293.025
293.05
293.095
293.176
293.318
293.562
293.971
294.648
295.746
297.495
300.228
304.409
310.657
319.742
332.537
349.505
370.868
396.594
426.373
459.716
496.071
534.915
575.739
618.281
662.241
707.425
753.691
800.935
849.071
898.022
947.7
998.02
1048.96
1100.64
1152.98
1205.8
1259.08
1312.78
1366.81
1421.09
1475.51
1529.98
1584.37
1638.54
1692.32
1745.49
1797.73
1848.58
1897.31
1942.76
1982.85
2013.38
2030.38
2024.57
1978.04
1885.41
1770.5
1646.51
1520.92
1397.79
1279.34
1166.82
1060.96
962.379
871.162
785.374
704.427
631.006
565.437
507.954
458.643
417.393
383.873
357.515
337.732
323.491
313.436
306.468
301.725
298.555
296.473
295.132
294.283
293.757
293.437
293.246
293.135
293.072
293.037
293.019
293.009
293.004
293.002
293.001
293
293
293.001
293.002
293.005
293.012
293.025
293.05
293.095
293.176
293.319
293.563
293.975
294.655
295.758
297.516
300.264
304.47
310.757
319.898
332.771
349.829
371.298
397.14
427.04
460.509
496.994
535.947
576.927
619.602
663.701
709.031
755.451
802.857
851.165
900.294
950.159
1000.67
1051.83
1103.68
1156.15
1209.24
1262.75
1316.67
1370.93
1425.42
1480.06
1534.73
1589.3
1643.65
1697.57
1750.85
1803.16
1854.01
1902.65
1947.85
1987.33
2017
2032.51
2024.03
1972.85
1877.79
1761.73
1637.35
1511.81
1388.99
1271.02
1159.06
1053.83
955.93
865.327
780.034
699.701
626.902
561.956
505.078
456.334
415.6
382.531
356.55
337.071
323.049
313.148
306.283
301.609
298.483
296.43
295.106
294.268
293.748
293.432
293.243
293.134
293.072
293.037
293.018
293.009
293.004
293.002
293.001
293
293
293.001
293.002
293.005
293.012
293.025
293.05
293.095
293.177
293.319
293.564
293.977
294.66
295.768
297.534
300.297
304.526
310.848
320.042
332.986
350.129
371.696
397.646
427.661
461.249
497.849
536.908
578.037
620.841
665.069
710.534
757.096
804.653
853.118
902.41
952.442
1003.12
1054.46
1106.5
1159.16
1212.39
1266.11
1320.24
1374.69
1429.37
1484.19
1539.03
1593.77
1648.25
1702.3
1755.67
1808.03
1858.88
1907.43
1952.4
1991.34
2020.24
2034.45
2023.65
1968.44
1871.29
1754.23
1629.5
1503.99
1381.42
1263.84
1152.35
1047.64
950.327
860.224
775.344
695.542
623.282
558.873
502.52
454.273
413.992
381.321
355.675
336.468
322.645
312.882
306.113
301.502
298.416
296.389
295.081
294.253
293.739
293.427
293.241
293.132
293.071
293.037
293.018
293.009
293.004
293.002
293.001
293
293
293.001
293.002
293.005
293.012
293.025
293.05
293.095
293.177
293.32
293.565
293.979
294.664
295.776
297.55
300.325
304.574
310.928
320.169
333.178
350.398
372.055
398.105
428.227
461.926
498.616
537.811
579.047
621.972
666.324
711.913
758.605
806.297
854.902
904.339
954.52
1005.35
1056.86
1109.06
1161.88
1215.25
1269.16
1323.46
1378.07
1432.92
1487.9
1542.88
1597.76
1652.36
1706.51
1759.96
1812.36
1863.2
1911.66
1956.43
1994.87
2023.1
2036.17
2023.37
1964.7
1865.75
1747.83
1622.79
1497.29
1374.93
1257.66
1146.57
1042.31
945.49
855.789
771.255
691.909
620.11
556.165
500.266
452.45
412.564
380.242
354.892
335.927
322.28
312.642
305.957
301.403
298.355
296.352
295.059
294.24
293.732
293.422
293.238
293.131
293.07
293.036
293.018
293.009
293.004
293.002
293.001
293
293
293.001
293.002
293.005
293.012
293.025
293.05
293.095
293.177
293.32
293.566
293.981
294.667
295.783
297.563
300.349
304.616
310.999
320.281
333.348
350.637
372.375
398.515
428.733
462.523
499.331
538.626
579.962
622.991
667.451
713.153
759.962
807.774
856.504
906.069
956.38
1007.34
1058.99
1111.34
1164.32
1217.86
1271.89
1326.32
1381.08
1436.07
1491.17
1546.29
1601.27
1655.98
1710.21
1763.72
1816.15
1866.98
1915.36
1959.95
1997.95
2025.6
2037.69
2023.15
1961.53
1861.04
1742.38
1617.08
1491.59
1369.4
1252.4
1141.63
1037.74
941.329
851.983
767.717
688.762
617.358
553.809
498.3
450.856
411.312
379.294
354.201
335.448
321.956
312.427
305.818
301.315
298.3
296.318
295.038
294.228
293.725
293.418
293.236
293.13
293.069
293.036
293.018
293.008
293.004
293.002
293
293
293
293.001
293.002
293.005
293.012
293.025
293.05
293.095
293.177
293.32
293.566
293.982
294.67
295.789
297.575
300.37
304.653
311.06
320.38
333.498
350.847
372.657
398.877
429.182
463.052
499.951
539.34
580.772
623.894
668.449
714.249
761.159
809.078
857.917
907.595
958.02
1009.1
1060.87
1113.34
1166.45
1220.11
1274.27
1328.83
1383.71
1438.81
1494.03
1549.24
1604.32
1659.11
1713.42
1766.98
1819.43
1870.24
1918.55
1962.98
2000.6
2027.75
2039
2022.98
1958.85
1857.07
1737.79
1612.27
1486.78
1364.73
1247.94
1137.45
1033.87
937.794
848.746
764.695
686.069
615
551.787
496.609
449.481
410.231
378.472
353.602
335.031
321.673
312.24
305.697
301.237
298.252
296.288
295.02
294.217
293.718
293.415
293.234
293.129
293.069
293.036
293.018
293.008
293.004
293.001
293
293
293
293.001
293.002
293.005
293.012
293.025
293.05
293.095
293.177
293.32
293.567
293.983
294.672
295.794
297.584
300.388
304.684
311.113
320.465
333.627
351.03
372.902
399.192
429.566
463.523
500.498
539.963
581.471
624.672
669.308
715.193
762.192
810.201
859.135
908.908
959.431
1010.61
1062.49
1115.07
1168.28
1222.05
1276.32
1330.98
1385.96
1441.15
1496.46
1551.76
1606.92
1661.78
1716.14
1769.74
1822.21
1873
1921.25
1965.54
2002.83
2029.56
2040.1
2022.84
1956.63
1853.77
1733.97
1608.26
1482.78
1360.84
1244.23
1133.96
1030.63
934.836
846.034
762.158
683.805
613.015
550.083
495.181
448.319
409.314
377.775
353.092
334.677
321.432
312.08
305.593
301.171
298.21
296.263
295.005
294.208
293.713
293.412
293.232
293.128
293.068
293.035
293.018
293.008
293.004
293.001
293
293
293
293.001
293.002
293.005
293.012
293.025
293.05
293.095
293.177
293.32
293.567
293.984
294.674
295.798
297.592
300.403
304.711
311.158
320.536
333.736
351.183
373.108
399.456
429.889
463.909
500.949
540.479
582.053
625.322
670.029
715.985
763.057
811.143
860.155
910.008
960.612
1011.87
1063.84
1116.5
1169.8
1223.66
1278
1332.75
1387.82
1443.1
1498.48
1553.85
1609.07
1663.98
1718.39
1772.02
1824.5
1875.28
1923.47
1967.65
2004.67
2031.04
2041
2022.72
1954.81
1851.08
1730.86
1605
1479.52
1357.67
1241.21
1131.11
1027.99
932.42
843.815
760.078
681.948
611.385
548.682
494.006
447.361
408.558
377.199
352.671
334.383
321.232
311.947
305.506
301.116
298.176
296.241
294.992
294.201
293.709
293.409
293.231
293.127
293.068
293.035
293.017
293.008
293.004
293.001
293
293
293
293.001
293.002
293.005
293.012
293.025
293.05
293.095
293.177
293.32
293.567
293.984
294.676
295.801
297.599
300.415
304.732
311.194
320.593
333.824
351.307
373.274
399.667
430.154
464.226
501.318
540.9
582.526
625.849
670.61
716.623
763.754
811.9
860.974
910.89
961.559
1012.89
1064.92
1117.66
1171.02
1224.95
1279.37
1334.18
1389.31
1444.65
1500.09
1555.52
1610.79
1665.74
1720.18
1773.83
1826.32
1877.08
1925.23
1969.32
2006.12
2032.22
2041.72
2022.62
1953.38
1848.96
1728.41
1602.44
1476.96
1355.17
1238.83
1128.87
1025.91
930.514
842.062
758.434
680.479
610.094
547.572
493.074
446.6
407.956
376.741
352.335
334.148
321.072
311.841
305.437
301.072
298.148
296.224
294.982
294.195
293.705
293.407
293.23
293.126
293.067
293.035
293.017
293.008
293.004
293.001
293
293
293
293.001
293.002
293.005
293.012
293.025
293.049
293.095
293.177
293.32
293.567
293.985
294.677
295.804
297.604
300.424
304.749
311.221
320.638
333.891
351.401
373.399
399.829
430.353
464.463
501.593
541.215
582.882
626.245
671.048
717.104
764.279
812.471
861.591
911.556
962.272
1013.65
1065.73
1118.52
1171.94
1225.92
1280.39
1335.26
1390.43
1445.82
1501.3
1556.76
1612.07
1667.05
1721.51
1775.18
1827.68
1878.43
1926.55
1970.57
2007.19
2033.09
2042.24
2022.53
1952.31
1847.38
1726.6
1600.53
1475.05
1353.32
1237.06
1127.2
1024.36
929.096
840.757
757.209
679.384
609.131
546.742
492.377
446.031
407.506
376.397
352.083
333.972
320.952
311.761
305.385
301.038
298.127
296.211
294.974
294.19
293.702
293.406
293.229
293.126
293.067
293.035
293.017
293.008
293.004
293.001
293
293
293
293.001
293.002
293.005
293.012
293.025
293.049
293.095
293.177
293.32
293.568
293.985
294.678
295.806
297.608
300.43
304.76
311.24
320.667
333.936
351.464
373.484
399.938
430.488
464.624
501.782
541.43
583.124
626.515
671.345
717.43
764.635
812.857
862.009
912.005
962.754
1014.16
1066.28
1119.1
1172.56
1226.57
1281.07
1335.97
1391.17
1446.59
1502.11
1557.6
1612.93
1667.93
1722.41
1776.09
1828.58
1879.33
1927.43
1971.4
2007.91
2033.67
2042.58
2022.47
1951.6
1846.33
1725.39
1599.26
1473.78
1352.09
1235.88
1126.09
1023.33
928.152
839.887
756.391
678.652
608.488
546.189
491.912
445.65
407.204
376.167
351.914
333.854
320.872
311.707
305.35
301.016
298.113
296.203
294.969
294.187
293.701
293.405
293.228
293.125
293.067
293.035
293.017
293.008
293.004
293.001
293
293
293
293.001
293.002
293.005
293.012
293.025
293.049
293.095
293.177
293.32
293.568
293.986
294.679
295.807
297.61
300.434
304.766
311.25
320.683
333.96
351.498
373.53
399.996
430.559
464.708
501.879
541.54
583.247
626.652
671.496
717.595
764.814
813.052
862.219
912.232
962.996
1014.42
1066.56
1119.4
1172.87
1226.9
1281.42
1336.33
1391.55
1446.98
1502.51
1558.02
1613.36
1668.37
1722.86
1776.54
1829.04
1879.78
1927.86
1971.81
2008.27
2033.95
2042.75
2022.43
1951.23
1845.79
1724.77
1598.62
1473.14
1351.47
1235.29
1125.54
1022.81
927.681
839.453
755.984
678.289
608.17
545.914
491.682
445.462
407.056
376.053
351.83
333.795
320.832
311.68
305.332
301.005
298.106
296.198
294.966
294.185
293.7
293.404
293.228
293.125
293.067
293.035
293.017
293.008
293.004
293.001
293
293
293
293.001
293.002
293.005
293.012
293.025
293.049
293.095
293.177
293.32
293.568
293.986
294.679
295.807
297.61
300.435
304.767
311.251
320.686
333.963
351.503
373.536
400.003
430.567
464.718
501.889
541.552
583.259
626.664
671.509
717.608
764.828
813.066
862.234
912.247
963.012
1014.44
1066.58
1119.42
1172.89
1226.92
1281.44
1336.35
1391.57
1447
1502.53
1558.03
1613.38
1668.39
1722.87
1776.56
1829.05
1879.8
1927.88
1971.83
2008.28
2033.96
2042.75
2022.42
1951.2
1845.76
1724.73
1598.58
1473.1
1351.43
1235.25
1125.5
1022.78
927.653
839.427
755.96
678.268
608.151
545.898
491.668
445.451
407.047
376.046
351.825
333.791
320.829
311.678
305.331
301.004
298.105
296.198
294.966
294.185
293.7
293.404
293.228
293.125
293.067
293.035
293.017
293.008
293.004
293.001
293
293
293
293.001
293.002
293.005
293.012
293.025
293.049
293.095
293.177
293.32
293.568
293.986
294.679
295.807
297.609
300.432
304.763
311.244
320.674
333.945
351.477
373.502
399.959
430.513
464.652
501.811
541.461
583.157
626.55
671.382
717.469
764.676
812.899
862.053
912.05
962.8
1014.21
1066.33
1119.15
1172.61
1226.63
1281.13
1336.03
1391.23
1446.65
1502.16
1557.65
1612.98
1667.98
1722.46
1776.14
1828.63
1879.38
1927.47
1971.44
2007.94
2033.68
2042.58
2022.43
1951.51
1846.22
1725.26
1599.14
1473.66
1351.97
1235.77
1125.99
1023.24
928.071
839.813
756.322
678.591
608.435
546.142
491.873
445.618
407.179
376.147
351.899
333.844
320.865
311.702
305.346
301.014
298.112
296.202
294.968
294.186
293.701
293.405
293.228
293.125
293.067
293.035
293.017
293.008
293.004
293.001
293
293
293
293.001
293.002
293.005
293.012
293.025
293.05
293.095
293.177
293.32
293.568
293.985
294.678
295.805
297.606
300.427
304.753
311.228
320.648
333.906
351.421
373.426
399.862
430.393
464.507
501.645
541.273
582.943
626.311
671.116
717.175
764.353
812.548
861.672
911.639
962.358
1013.74
1065.82
1118.61
1172.03
1226.01
1280.48
1335.35
1390.52
1445.91
1501.39
1556.86
1612.16
1667.14
1721.6
1775.27
1827.76
1878.51
1926.62
1970.64
2007.25
2033.12
2042.24
2022.48
1952.17
1847.19
1726.39
1600.33
1474.85
1353.13
1236.88
1127.03
1024.21
928.958
840.631
757.091
679.28
609.041
546.665
492.312
445.977
407.463
376.364
352.058
333.955
320.941
311.753
305.38
301.035
298.125
296.21
294.973
294.189
293.702
293.406
293.229
293.126
293.067
293.035
293.017
293.008
293.004
293.001
293
293
293
293.001
293.002
293.005
293.012
293.025
293.05
293.095
293.177
293.32
293.567
293.985
294.677
295.803
297.601
300.418
304.738
311.203
320.607
333.843
351.333
373.308
399.71
430.205
464.285
501.383
540.971
582.604
625.933
670.699
716.717
763.853
812.003
861.081
911.002
961.674
1013
1065.04
1117.78
1171.15
1225.08
1279.5
1334.31
1389.44
1444.78
1500.22
1555.65
1610.92
1665.87
1720.3
1773.95
1826.43
1877.19
1925.34
1969.42
2006.19
2032.26
2041.71
2022.54
1953.18
1848.69
1728.13
1602.15
1476.67
1354.9
1238.57
1128.64
1025.7
930.322
841.888
758.273
680.337
609.971
547.467
492.987
446.529
407.9
376.698
352.303
334.126
321.058
311.831
305.43
301.067
298.145
296.223
294.981
294.194
293.705
293.407
293.23
293.126
293.067
293.035
293.017
293.008
293.004
293.001
293
293
293
293.001
293.002
293.005
293.012
293.025
293.05
293.095
293.177
293.32
293.567
293.984
294.675
295.8
297.595
300.407
304.718
311.168
320.552
333.759
351.214
373.148
399.505
429.951
463.976
501.026
540.566
582.148
625.424
670.137
716.1
763.179
811.27
860.287
910.146
960.755
1012.02
1063.99
1116.66
1169.96
1223.83
1278.17
1332.92
1387.99
1443.26
1498.65
1554.02
1609.24
1664.15
1718.55
1772.17
1824.65
1875.42
1923.6
1967.77
2004.76
2031.1
2041
2022.62
1954.55
1850.74
1730.49
1604.63
1479.16
1357.32
1240.88
1130.81
1027.72
932.175
843.594
759.874
681.769
611.23
548.551
493.898
447.273
408.489
377.147
352.633
334.356
321.214
311.935
305.498
301.111
298.172
296.239
294.991
294.2
293.708
293.409
293.231
293.127
293.068
293.035
293.017
293.008
293.004
293.001
293
293
293
293.001
293.002
293.005
293.012
293.025
293.05
293.095
293.177
293.32
293.567
293.983
294.673
295.795
297.587
300.392
304.692
311.125
320.483
333.654
351.065
372.948
399.248
429.635
463.603
500.588
540.061
581.578
624.788
669.433
715.327
762.334
810.351
859.292
909.072
959.601
1010.79
1062.67
1115.25
1168.47
1222.25
1276.51
1331.18
1386.16
1441.36
1496.67
1551.97
1607.12
1661.98
1716.33
1769.93
1822.39
1873.18
1921.41
1965.69
2002.95
2029.63
2040.1
2022.72
1956.31
1853.35
1733.52
1607.81
1482.33
1360.41
1243.84
1133.59
1030.3
934.538
845.765
761.91
683.588
612.828
549.925
495.051
448.214
409.232
377.713
353.047
334.645
321.411
312.066
305.584
301.165
298.207
296.26
295.004
294.207
293.713
293.412
293.232
293.128
293.068
293.035
293.018
293.008
293.004
293.001
293
293
293
293.001
293.002
293.005
293.012
293.025
293.05
293.095
293.177
293.32
293.567
293.982
294.671
295.791
297.578
300.375
304.661
311.073
320.4
333.528
350.888
372.71
398.943
429.257
463.15
500.059
539.456
580.895
624.027
668.591
714.401
761.322
809.25
858.099
907.786
958.22
1009.31
1061.09
1113.57
1166.68
1220.35
1274.5
1329.07
1383.95
1439.05
1494.27
1549.48
1604.56
1659.35
1713.65
1767.2
1819.65
1870.45
1918.75
1963.16
2000.74
2027.83
2039
2022.84
1958.47
1856.58
1737.25
1611.72
1486.25
1364.22
1247.47
1137.01
1033.47
937.44
848.427
764.401
685.812
614.779
551.6
496.455
449.357
410.134
378.399
353.549
334.995
321.649
312.224
305.686
301.231
298.247
296.286
295.019
294.216
293.718
293.415
293.234
293.128
293.069
293.035
293.018
293.008
293.004
293.001
293
293
293
293.001
293.002
293.005
293.012
293.025
293.05
293.095
293.177
293.32
293.566
293.981
294.668
295.785
297.566
300.354
304.625
311.013
320.303
333.381
350.681
372.433
398.587
428.818
462.624
499.432
538.743
580.097
623.141
667.613
713.327
760.147
807.971
856.712
906.288
956.609
1007.58
1059.24
1111.59
1164.56
1218.09
1272.15
1326.59
1381.36
1436.35
1491.45
1546.56
1601.55
1656.25
1710.48
1763.99
1816.41
1867.22
1915.59
1960.15
1998.11
2025.7
2037.7
2022.99
1961.09
1860.47
1741.76
1616.45
1490.98
1368.82
1251.85
1141.13
1037.28
940.919
851.613
767.377
688.464
617.101
553.592
498.121
450.712
411.2
379.209
354.14
335.406
321.927
312.409
305.806
301.307
298.295
296.315
295.037
294.227
293.724
293.418
293.236
293.13
293.069
293.036
293.018
293.008
293.004
293.002
293
293
293
293.001
293.002
293.005
293.012
293.025
293.05
293.095
293.177
293.32
293.565
293.98
294.665
295.778
297.553
300.331
304.584
310.944
320.193
333.214
350.446
372.118
398.183
428.321
462.031
498.76
537.965
579.208
622.141
666.504
712.108
758.814
806.519
855.138
904.586
954.777
1005.62
1057.13
1109.34
1162.19
1215.6
1269.48
1323.77
1378.39
1433.24
1488.21
1543.2
1598.07
1652.67
1706.82
1760.26
1812.65
1863.48
1911.92
1956.66
1995.06
2023.22
2036.18
2023.19
1964.2
1865.1
1747.11
1622.07
1496.59
1374.26
1257.04
1146
1041.79
945.024
855.364
770.868
691.57
619.818
555.918
500.062
452.286
412.436
380.146
354.822
335.879
322.248
312.621
305.944
301.394
298.35
296.348
295.057
294.239
293.731
293.422
293.238
293.131
293.07
293.036
293.018
293.009
293.004
293.002
293
293
293
293.001
293.002
293.005
293.012
293.025
293.05
293.095
293.177
293.319
293.565
293.978
294.661
295.77
297.538
300.303
304.537
310.866
320.069
333.026
350.183
371.766
397.734
427.768
461.371
497.988
537.064
578.202
621.026
665.275
710.756
757.334
804.905
853.383
902.688
952.731
1003.42
1054.77
1106.81
1159.47
1212.74
1266.46
1320.59
1375.04
1429.73
1484.55
1539.39
1594.12
1648.61
1702.65
1756.01
1808.36
1859.2
1907.73
1952.67
1991.55
2020.37
2034.46
2023.45
1967.88
1870.56
1753.43
1628.69
1503.2
1380.67
1263.13
1151.7
1047.06
949.8
859.747
774.909
695.161
622.952
558.595
502.29
454.089
413.848
381.212
355.596
336.415
322.609
312.859
306.097
301.492
298.41
296.385
295.079
294.252
293.739
293.426
293.24
293.132
293.071
293.037
293.018
293.009
293.004
293.002
293.001
293
293
293.001
293.002
293.005
293.012
293.025
293.05
293.095
293.177
293.319
293.564
293.975
294.656
295.761
297.521
300.271
304.482
310.777
319.929
332.816
349.891
371.379
397.242
427.163
460.651
497.15
536.136
577.115
619.813
663.935
709.282
755.717
803.139
851.462
900.606
950.485
1001.01
1052.18
1104.03
1156.57
1209.61
1263.14
1317.07
1371.32
1425.82
1480.46
1535.13
1589.7
1644.04
1697.96
1751.23
1803.53
1854.36
1902.98
1948.14
1987.57
2017.15
2032.52
2023.81
1972.22
1876.97
1760.83
1636.44
1510.92
1388.15
1270.24
1158.34
1053.17
955.34
864.794
779.548
699.275
626.535
561.645
504.821
456.128
415.44
382.41
356.462
337.011
323.01
313.122
306.267
301.599
298.477
296.426
295.103
294.266
293.747
293.431
293.243
293.134
293.071
293.037
293.018
293.009
293.004
293.002
293.001
293
293
293.001
293.002
293.005
293.012
293.025
293.05
293.095
293.176
293.318
293.562
293.972
294.65
295.749
297.5
300.236
304.422
310.679
319.776
332.588
349.575
370.96
396.71
426.512
459.876
496.25
535.111
575.995
618.516
662.502
707.7
753.979
801.242
849.401
898.368
948.069
998.384
1049.39
1101.12
1153.42
1206.22
1259.51
1313.21
1367.25
1421.53
1475.95
1530.42
1584.8
1638.97
1692.75
1745.9
1798.13
1848.97
1897.68
1943.08
1983.11
2013.55
2030.4
2024.33
1977.35
1884.51
1769.51
1645.5
1519.94
1396.86
1278.47
1166.02
1060.23
961.722
870.572
784.837
703.955
630.598
565.092
507.67
458.414
417.214
383.738
357.417
337.666
323.447
313.407
306.449
301.713
298.547
296.469
295.129
294.281
293.756
293.436
293.246
293.135
293.072
293.037
293.019
293.009
293.004
293.002
293.001
293
293
293.001
293.002
293.005
293.012
293.025
293.05
293.095
293.176
293.317
293.56
293.968
294.642
295.735
297.474
300.191
304.349
310.562
319.599
332.327
349.222
370.502
396.134
425.816
459.058
495.305
534.035
574.803
617.223
661.028
706.054
752.139
799.234
847.231
896.051
945.596
995.807
1046.6
1098.02
1150.02
1202.57
1255.61
1309.06
1362.84
1416.87
1471.05
1525.28
1579.45
1633.42
1687.02
1740.04
1792.18
1843
1891.81
1937.49
1978.15
2009.57
2028.1
2025.03
1983.41
1893.34
1779.63
1656.03
1530.38
1406.91
1287.97
1174.85
1068.33
969.033
877.153
790.833
709.249
635.179
568.961
510.849
460.95
419.17
385.191
358.453
338.371
323.914
313.71
306.641
301.833
298.62
296.513
295.155
294.297
293.765
293.441
293.249
293.137
293.073
293.038
293.019
293.009
293.004
293.002
293.001
293
293
293.001
293.002
293.005
293.012
293.025
293.05
293.095
293.175
293.316
293.557
293.963
294.632
295.717
297.444
300.141
304.269
310.439
319.413
332.059
348.857
370.025
395.537
425.088
458.203
494.321
532.925
573.54
615.861
659.549
704.455
750.466
797.416
845.234
893.839
943.147
993.053
1043.55
1094.68
1146.42
1198.71
1251.48
1304.65
1358.15
1411.89
1465.8
1519.76
1573.67
1627.4
1680.79
1733.64
1785.67
1836.46
1885.37
1931.33
1972.62
2005.15
2025.57
2025.78
1990.28
1903.34
1791.11
1668.01
1542.27
1418.38
1298.81
1184.93
1077.55
977.345
884.616
797.597
715.207
640.314
573.275
514.373
463.74
421.306
386.765
359.565
339.12
324.405
314.024
306.838
301.954
298.694
296.556
295.181
294.312
293.773
293.446
293.252
293.138
293.074
293.038
293.019
293.009
293.004
293.002
293.001
293
293
293.001
293.002
293.005
293.012
293.025
293.049
293.094
293.174
293.314
293.553
293.955
294.618
295.693
297.404
300.077
304.168
310.28
319.175
331.719
348.414
369.476
394.876
424.313
457.33
493.369
531.883
572.441
614.634
658.199
702.939
748.705
795.404
842.971
891.366
940.439
990.107
1040.36
1091.25
1142.73
1194.74
1247.2
1300.06
1353.25
1406.67
1460.26
1513.91
1567.52
1620.97
1674.11
1726.75
1778.62
1829.34
1878.3
1924.52
1966.38
2000.06
2022.43
2026
1996.63
1913.79
1803.59
1681.31
1555.62
1431.33
1311.08
1196.35
1088.02
986.759
893.037
805.19
721.888
646.044
578.052
518.239
466.769
423.594
388.424
360.714
339.881
324.895
314.332
307.027
302.068
298.761
296.596
295.204
294.325
293.781
293.45
293.254
293.14
293.075
293.039
293.019
293.009
293.004
293.002
293.001
293
293
293.001
293.002
293.005
293.012
293.025
293.049
293.093
293.172
293.311
293.547
293.945
294.602
295.667
297.363
300.009
304.06
310.122
318.951
331.413
348.032
368.989
394.28
423.652
456.579
492.516
530.927
571.356
613.434
656.883
701.495
747.107
793.665
841.032
889.087
937.844
987.228
1037.24
1087.87
1139.07
1190.76
1242.9
1295.42
1348.25
1401.32
1454.55
1507.85
1561.12
1614.25
1667.09
1719.46
1771.13
1821.72
1870.66
1917.05
1959.38
1994.32
2018.39
2024.89
2000.75
1923.96
1816.79
1695.82
1570.41
1445.8
1324.86
1209.21
1099.8
997.351
902.447
813.654
729.358
652.407
583.316
522.465
470.051
426.05
390.184
361.917
340.668
325.392
314.637
307.209
302.174
298.822
296.63
295.223
294.335
293.786
293.454
293.256
293.141
293.075
293.039
293.019
293.009
293.004
293.002
293.001
293
293
293.001
293.002
293.005
293.012
293.025
293.048
293.092
293.17
293.306
293.539
293.931
294.577
295.625
297.293
299.904
303.902
309.887
318.611
330.942
347.43
368.3
393.54
422.821
455.662
491.511
529.837
570.177
612.164
655.52
700.04
745.575
791.963
839.238
887.221
935.812
984.92
1034.49
1084.71
1135.6
1186.95
1238.74
1290.89
1343.34
1396.03
1448.88
1501.79
1554.69
1607.45
1659.96
1712.03
1763.44
1813.85
1862.74
1909.25
1951.98
1988.04
2013.68
2022.89
2003.57
1934.14
1830.74
1711.49
1586.59
1461.74
1340.12
1223.49
1112.92
1009.14
912.844
822.978
737.671
659.377
588.997
526.941
473.441
428.501
391.863
362.997
341.331
325.782
314.857
307.329
302.237
298.854
296.647
295.231
294.339
293.789
293.455
293.256
293.141
293.076
293.039
293.02
293.009
293.004
293.002
293.001
293
293
293.001
293.002
293.005
293.012
293.024
293.048
293.091
293.167
293.301
293.53
293.916
294.552
295.586
297.231
299.806
303.756
309.681
318.337
330.593
347.043
367.873
393.02
422.207
454.965
490.739
528.989
569.249
611.148
654.404
698.815
744.238
790.535
837.548
885.364
933.803
982.775
1032.21
1082.13
1132.52
1183.51
1234.93
1286.71
1338.78
1391.08
1443.53
1496.06
1548.57
1600.96
1653.12
1704.87
1756
1806.2
1854.99
1901.57
1944.64
1981.69
2008.83
2020.63
2005.97
1944.38
1845.12
1727.86
1603.62
1478.66
1356.42
1238.85
1127.09
1021.95
924.184
833.116
746.741
667.01
595.239
531.876
477.193
431.223
393.734
364.201
342.064
326.204
315.07
307.428
302.277
298.866
296.647
295.229
294.337
293.787
293.454
293.256
293.141
293.076
293.039
293.02
293.009
293.004
293.002
293.001
293
293
293.001
293.002
293.005
293.012
293.024
293.047
293.088
293.163
293.293
293.515
293.889
294.506
295.508
297.111
299.626
303.497
309.319
317.847
329.953
346.25
366.936
392.041
421.242
454.039
489.859
528.15
568.437
610.34
653.573
697.93
743.261
789.456
836.401
883.968
932.201
980.954
1030.18
1079.95
1130.19
1180.77
1231.83
1283.25
1334.96
1386.9
1439
1491.17
1543.34
1595.39
1647.23
1698.68
1749.55
1799.55
1848.22
1894.83
1938.16
1975.96
2004.41
2018.56
2008.13
1953.94
1858.66
1743.43
1620.02
1495.13
1372.47
1254.14
1141.36
1034.97
935.772
843.397
755.872
674.572
601.231
536.369
480.333
433.226
394.859
364.72
342.253
326.212
315.017
307.359
302.211
298.817
296.614
295.207
294.323
293.779
293.449
293.254
293.14
293.075
293.039
293.02
293.009
293.004
293.002
293.001
293
293
293.001
293.002
293.005
293.011
293.023
293.046
293.086
293.159
293.285
293.5
293.862
294.462
295.44
297.009
299.479
303.292
309.046
317.502
329.542
345.824
366.532
391.668
420.925
453.79
489.674
528.01
568.313
610.203
653.394
697.68
742.913
788.984
835.806
883.284
931.314
979.867
1028.89
1078.45
1128.5
1179.01
1229.84
1281.01
1332.47
1384.17
1436.02
1487.97
1539.91
1591.75
1643.38
1694.64
1745.35
1795.22
1843.81
1890.44
1933.94
1972.2
2001.52
2017.24
2009.65
1960.55
1868.14
1754.49
1631.87
1507.29
1384.61
1266.03
1152.82
1045.83
945.834
852.693
764.561
682.234
607.754
541.683
484.428
436.164
396.773
365.796
342.74
326.374
315.028
307.305
302.149
298.758
296.567
295.175
294.304
293.768
293.443
293.251
293.139
293.075
293.039
293.02
293.009
293.004
293.002
293.001
293
)
;

boundaryField
{
    fuel
    {
        type            fixedValue;
        value           uniform 293;
    }
    air
    {
        type            fixedValue;
        value           uniform 293;
    }
    outlet
    {
        type            inletOutlet;
        inletValue      uniform 293;
        value           nonuniform List<scalar> 
200
(
293
293.001
293.002
293.005
293.012
293.025
293.048
293.091
293.168
293.301
293.528
293.908
294.537
295.56
297.197
299.769
303.729
309.685
318.408
330.781
347.419
368.479
393.937
423.463
456.533
492.557
530.976
571.315
613.2
656.354
700.577
745.723
791.687
838.383
885.724
933.598
981.98
1030.82
1080.19
1130.04
1180.34
1230.98
1281.88
1333.08
1384.52
1436.11
1487.78
1539.45
1591.02
1642.39
1693.39
1743.84
1793.46
1841.84
1888.27
1931.65
1969.85
1999.34
2015.51
2008.86
1961.6
1870.53
1757.89
1636.05
1512.09
1389.91
1271.71
1158.77
1051.94
951.998
858.91
770.923
688.413
613.624
547.114
489.299
440.379
400.272
368.57
344.818
327.874
316.079
308.024
302.629
299.073
296.768
295.301
294.382
293.815
293.471
293.267
293.148
293.079
293.041
293.021
293.01
293.004
293.002
293.001
293
293
293.001
293.002
293.005
293.012
293.025
293.048
293.092
293.168
293.302
293.529
293.911
294.542
295.568
297.211
299.792
303.766
309.744
318.498
330.913
347.596
368.713
394.23
423.812
456.935
493.006
531.466
571.841
613.759
656.943
701.192
746.363
792.35
839.065
886.426
934.317
982.711
1031.56
1080.94
1130.8
1181.09
1231.74
1282.65
1333.86
1385.29
1436.88
1488.54
1540.2
1591.76
1643.1
1694.08
1744.51
1794.11
1842.45
1888.85
1932.17
1970.26
1999.61
2015.55
2008.48
1960.5
1869.07
1756.27
1634.4
1510.47
1388.36
1270.25
1157.43
1050.72
950.895
857.909
770.012
687.617
612.942
546.543
488.835
440.014
399.996
368.371
344.684
327.788
316.025
307.99
302.608
299.06
296.761
295.297
294.379
293.813
293.47
293.266
293.147
293.079
293.041
293.021
293.01
293.004
293.002
293.001
293
)
;
    }
    frontAndBack
    {
        type            empty;
    }
}


// ************************************************************************* //
