#           x             T           CH4            O2            N2           CO2           H2O
       0.0006       293.005      0.999995   1.32321e-11   4.76245e-06   6.27127e-09   5.13423e-09
       0.0007       293.007      0.999992   2.10755e-11    7.3388e-06   1.05097e-08   8.60417e-09
       0.0008       293.009       0.99999   2.89189e-11   9.91516e-06   1.47481e-08   1.20741e-08
       0.0009       293.013      0.999985   4.45899e-11   1.46893e-05   2.41093e-08   1.97381e-08
        0.001       293.018       0.99998    6.0261e-11   1.94635e-05   3.34705e-08    2.7402e-08
       0.0011       293.025      0.999972   9.12414e-11   2.81502e-05   5.40001e-08   4.42094e-08
       0.0012       293.033      0.999963   1.22222e-10   3.68369e-05   7.45297e-08   6.10167e-08
       0.0013       293.046      0.999947    1.8292e-10   5.24144e-05   1.19196e-07    9.7585e-08
       0.0014       293.059      0.999932   2.43619e-10   6.79919e-05   1.63863e-07   1.34153e-07
       0.0015       293.084      0.999904   3.61516e-10   9.55795e-05   2.60164e-07   2.12994e-07
       0.0016       293.108      0.999877   4.79413e-10   0.000123167   3.56465e-07   2.91835e-07
       0.0017        293.15      0.999828   7.06309e-10   0.000171463   5.61916e-07   4.60035e-07
       0.0018       293.193      0.999779   9.33204e-10   0.000219759   7.67367e-07   6.28235e-07
       0.0019       293.267      0.999694   1.36539e-09   0.000303349   1.20042e-06   9.82769e-07
        0.002       293.341       0.99961   1.79757e-09    0.00038694   1.63346e-06    1.3373e-06
       0.0021       293.467      0.999465   2.61107e-09   0.000529904   2.53375e-06   2.07436e-06
       0.0022       293.593      0.999321   3.42458e-09   0.000672869   3.43404e-06   2.81142e-06
       0.0023       293.807      0.999076   4.93499e-09   0.000914235   5.27658e-06   4.31989e-06
       0.0024        294.02      0.998831   6.44541e-09     0.0011556   7.11912e-06   5.82836e-06
       0.0025       294.378      0.998423   9.20421e-09    0.00155706   1.08218e-05   8.85975e-06
       0.0026       294.735      0.998015    1.1963e-08    0.00195851   1.45246e-05   1.18911e-05
       0.0027       295.319      0.997349   1.68781e-08    0.00261124    2.1768e-05   1.78213e-05
       0.0028       295.903      0.996684   2.17932e-08    0.00326397   2.90114e-05   2.37514e-05
       0.0029       296.835      0.995624   3.03064e-08    0.00429809    4.2765e-05   3.50114e-05
        0.003       297.767      0.994565   3.88196e-08    0.00533221   5.65187e-05   4.62713e-05
       0.0031       299.218      0.992925   5.31281e-08    0.00692628   8.18179e-05   6.69836e-05
       0.0032       300.668      0.991285   6.74366e-08    0.00852036   0.000107117   8.76958e-05
       0.0033        302.86      0.988821    9.0684e-08     0.0109026   0.000152027   0.000124463
       0.0034       305.052      0.986357   1.13931e-07     0.0132849   0.000196938   0.000161231
       0.0035       308.259      0.982779   1.50298e-07     0.0167238   0.000273559    0.00022396
       0.0036       311.466        0.9792   1.86665e-07     0.0201626    0.00035018   0.000286689
       0.0037       315.992      0.974195   2.41236e-07     0.0249407   0.000475323   0.000389142
       0.0038       320.518      0.969189   2.95808e-07     0.0297187   0.000600465   0.000491596
       0.0039       326.661      0.962461   3.74131e-07     0.0360915   0.000795504   0.000651272
        0.004       332.804      0.955734   4.52455e-07     0.0424643   0.000990542   0.000810949
       0.0041        340.81      0.947059   5.59811e-07     0.0506124    0.00128007    0.00104798
       0.0042       348.817      0.938384   6.67168e-07     0.0587604    0.00156959    0.00128502
       0.0043       358.839       0.92765   8.07741e-07     0.0687505    0.00197894    0.00162015
       0.0044        368.86      0.916915   9.48313e-07     0.0787406    0.00238829    0.00195528
       0.0045       380.929      0.904141   1.12452e-06     0.0905104    0.00294056    0.00240741
       0.0046       392.999      0.891366   1.30072e-06       0.10228    0.00349282    0.00285954
       0.0046       392.999      0.891366   1.30072e-06       0.10228    0.00349282    0.00285954
       0.0046       392.999      0.891366   1.30072e-06       0.10228    0.00349282    0.00285954
       0.0047       407.035      0.876699   1.51291e-06       0.11565    0.00420621    0.00344358
       0.0048       421.071      0.862031    1.7251e-06       0.12902    0.00491959    0.00402763
       0.0049        436.91      0.845713   1.97168e-06      0.143726    0.00580582    0.00475318
        0.005        452.75      0.829395   2.21827e-06      0.158432    0.00669205    0.00547873
       0.0051       470.186      0.811729   2.49611e-06      0.174162    0.00775593    0.00634971
       0.0052       487.623      0.794064   2.77395e-06      0.189893     0.0088198    0.00722069
       0.0053       506.446      0.775375   3.07889e-06      0.206326     0.0100597    0.00823578
       0.0054        525.27      0.756686   3.38382e-06      0.222759     0.0112996    0.00925087
       0.0055       545.291      0.737296   3.71113e-06      0.239587     0.0127085     0.0104043
       0.0056       565.312      0.717906   4.03843e-06      0.256414     0.0141173     0.0115577
       0.0056       565.312      0.717906   4.03843e-06      0.256414     0.0141173     0.0115577
       0.0056       565.312      0.717906   4.03843e-06      0.256414     0.0141173     0.0115577
       0.0057       586.376      0.698113   4.38321e-06      0.273359     0.0156839     0.0128402
       0.0058        607.44      0.678319   4.72799e-06      0.290303     0.0172505     0.0141228
       0.0059       629.426      0.658388   5.08541e-06      0.307124     0.0189604     0.0155227
        0.006       651.413      0.638457   5.44282e-06      0.323945     0.0206704     0.0169227
       0.0061       674.234      0.618617   5.80817e-06      0.340443     0.0225076     0.0184268
       0.0062       697.056      0.598777   6.17351e-06      0.356942     0.0243448     0.0199309
       0.0062       697.056      0.598777   6.17351e-06      0.356942     0.0243448     0.0199309
       0.0062       697.056      0.598777   6.17351e-06      0.356942     0.0243448     0.0199309
       0.0063       720.646      0.579218   6.54222e-06      0.372959     0.0262918     0.0215249
       0.0064       744.236      0.559659   6.91091e-06      0.388976     0.0282388     0.0231189
       0.0065       768.545      0.540537   7.27842e-06       0.40439     0.0302781     0.0247884
       0.0066       792.855      0.521414   7.64592e-06      0.419803     0.0323173     0.0264579
       0.0066       792.855      0.521414   7.64592e-06      0.419803     0.0323173     0.0264579
       0.0066       792.855      0.521414   7.64592e-06      0.419803     0.0323173     0.0264579
       0.0067       817.839      0.502848   8.00769e-06      0.434524     0.0344312     0.0281885
       0.0068       842.824      0.484282   8.36947e-06      0.449245     0.0365451     0.0299191
       0.0069       868.439      0.466365   8.72125e-06      0.463213     0.0387169     0.0316972
        0.007       894.055      0.448447   9.07303e-06       0.47718     0.0408887     0.0334752
       0.0071       920.251      0.431243   9.41163e-06      0.490357     0.0431024     0.0352875
       0.0072       946.447       0.41404   9.75023e-06      0.503534     0.0453161     0.0370999
       0.0073       973.171      0.397596   1.00752e-05      0.515903     0.0475568     0.0389343
       0.0074       999.895      0.381152   1.04002e-05      0.528271     0.0497975     0.0407688
       0.0074       999.895      0.381152   1.04003e-05      0.528271     0.0497976     0.0407688
       0.0074       999.895      0.381152   1.04002e-05      0.528271     0.0497975     0.0407688
       0.0075       1027.14      0.365495   1.07168e-05      0.539829     0.0520516     0.0426141
       0.0076       1054.38      0.349838   1.10333e-05      0.551386     0.0543055     0.0444595
      0.00765       1068.26      0.342409   1.11947e-05      0.556764     0.0554329     0.0453824
       0.0077       1082.14      0.334981    1.1356e-05      0.562142     0.0565602     0.0463053
      0.00775       1096.02      0.327552   1.15173e-05      0.567521     0.0576876     0.0472283
       0.0078        1109.9      0.320124   1.16787e-05      0.572899     0.0588149     0.0481512
       0.0079       1138.14      0.306068   1.20364e-05      0.582873     0.0610588     0.0499883
        0.008       1166.38      0.292013   1.23941e-05      0.592847     0.0633027     0.0518253
       0.0081       1195.05      0.278752   1.28362e-05      0.602064     0.0655256     0.0536452
       0.0082       1223.72      0.265491   1.32783e-05      0.611282     0.0677485     0.0554651
       0.0083       1252.76       0.25301   1.38815e-05      0.619774     0.0699414     0.0572604
       0.0084       1281.81      0.240529   1.44848e-05      0.628266     0.0721343     0.0590557
       0.0084       1281.81      0.240529   1.44848e-05      0.628266     0.0721343     0.0590557
       0.0084       1281.81      0.240529   1.44848e-05      0.628266     0.0721343     0.0590557
       0.0085       1311.16      0.228807   1.53652e-05      0.636068     0.0742892     0.0608199
       0.0086       1340.52      0.217085   1.62455e-05      0.643871      0.076444     0.0625841
       0.0087       1370.13      0.206098   1.75768e-05      0.651019      0.078554     0.0643114
       0.0088       1399.74      0.195111    1.8908e-05      0.658168     0.0806639     0.0660388
       0.0089       1429.53      0.184831   2.09559e-05      0.664701     0.0827227     0.0677244
        0.009       1459.32      0.174551   2.30037e-05      0.671234     0.0847816       0.06941
       0.0091       1489.21       0.16495    2.6181e-05       0.67719     0.0867843     0.0710495
       0.0092       1519.11      0.155348   2.93582e-05      0.683147     0.0887869      0.072689
       0.0092       1519.11      0.155348   2.93582e-05      0.683147     0.0887869      0.072689
       0.0092       1519.11      0.155348   2.93582e-05      0.683147     0.0887869      0.072689
       0.0093       1549.03      0.146394   3.43098e-05      0.688564     0.0907287     0.0742788
       0.0094       1578.94       0.13744   3.92613e-05      0.693981     0.0926705     0.0758685
       0.0095       1608.79      0.129104   4.71275e-05      0.698897     0.0945474     0.0774051
       0.0096       1638.64      0.120767   5.49936e-05      0.703812     0.0964242     0.0789416
       0.0097       1668.32      0.113018   6.81625e-05      0.708261     0.0982316     0.0804214
       0.0098       1697.99      0.105268   8.13314e-05      0.712711      0.100039     0.0819012
       0.0099       1727.37      0.098075   0.000104266      0.716728      0.101772     0.0833201
         0.01       1756.75     0.0908821   0.000127201      0.720746      0.103505     0.0847389
       0.0101       1785.68     0.0842178   0.000167809      0.724366      0.105157     0.0860912
       0.0102       1814.61     0.0775535   0.000208418      0.727986      0.106809     0.0874435
       0.0103       1842.88     0.0713916   0.000280977      0.731239      0.108368     0.0887204
       0.0104       1871.15     0.0652298   0.000353535      0.734491      0.109928     0.0899973
       0.0105       1898.46     0.0595479   0.000483327      0.737407      0.111378     0.0911841
       0.0106       1925.77     0.0538661   0.000613118      0.740322      0.112827      0.092371
       0.0107       1951.66     0.0486473   0.000844121      0.742928      0.114137     0.0934431
       0.0108       1977.55     0.0434286    0.00107512      0.745534      0.115447     0.0945152
       0.0109       2001.21     0.0386796    0.00148178       0.74785      0.116561     0.0954274
        0.011       2024.86     0.0339306    0.00188844      0.750166      0.117675     0.0963396
       0.0111       2044.76     0.0297218     0.0025861      0.752186      0.118495     0.0970109
       0.0112       2064.65     0.0255129    0.00328376      0.754206      0.119315     0.0976821
       0.0113       2078.95      0.021847    0.00448263      0.755966      0.119704     0.0980006
       0.0114       2093.24      0.018181    0.00568151      0.757726      0.120093      0.098319
       0.0115       2098.95      0.014989    0.00780886      0.759313      0.119806     0.0980839
       0.0116       2104.66      0.011797    0.00993621        0.7609      0.119518     0.0978487
       0.0117       2095.34    0.00923993      0.013682      0.762327       0.11808     0.0966711
       0.0118       2086.01    0.00668283     0.0174277      0.763754      0.116641     0.0954935
       0.0119       2052.54     0.0050443     0.0236786      0.765003      0.113419     0.0928552
        0.012       2019.07    0.00340576     0.0299294      0.766251      0.110196     0.0902169
       0.0121       1964.16    0.00255272     0.0382565      0.767337       0.10549     0.0863635
       0.0122       1909.26    0.00169969     0.0465837      0.768424      0.100783     0.0825101
      0.01225       1876.87    0.00148115      0.051093      0.768892     0.0981661     0.0803678
       0.0123       1844.48    0.00126262     0.0556023      0.769361     0.0955493     0.0782254
      0.01235        1812.1    0.00104409     0.0601116      0.769829     0.0929325     0.0760831
       0.0124       1779.71    0.00082556      0.064621      0.770297     0.0903157     0.0739407
       0.0125       1711.43   0.000606919     0.0736162      0.771095     0.0850512     0.0696306
       0.0126       1643.16   0.000388277     0.0826114      0.771893     0.0797866     0.0653206
       0.0126       1643.16   0.000388277     0.0826114      0.771893     0.0797866     0.0653206
       0.0126       1643.16   0.000388277     0.0826114      0.771893     0.0797866     0.0653206
       0.0127       1574.87   0.000282113      0.091227      0.772561     0.0747403     0.0611892
       0.0128       1506.59   0.000175948     0.0998427       0.77323     0.0696939     0.0570578
       0.0129       1440.18   0.000126181      0.107914      0.773776     0.0649828     0.0532009
        0.013       1373.78   7.64141e-05      0.115986      0.774322     0.0602717     0.0493439
       0.0131        1310.3   5.40225e-05      0.123447      0.774753     0.0559444     0.0458012
       0.0132       1246.82    3.1631e-05      0.130909      0.775185     0.0516171     0.0422585
      0.01325       1216.83   2.68273e-05      0.134325      0.775345     0.0496526     0.0406502
       0.0133       1186.85   2.20236e-05      0.137742      0.775506     0.0476881     0.0390418
      0.01335       1156.87   1.72199e-05      0.141159      0.775667     0.0457235     0.0374335
       0.0134       1126.89   1.24162e-05      0.144576      0.775828      0.043759     0.0358252
       0.0135       1070.91   8.52311e-06      0.150776      0.776045     0.0402326     0.0329381
       0.0136       1014.94   4.63001e-06      0.156976      0.776263     0.0367062     0.0300511
       0.0136       1014.94   4.63001e-06      0.156976      0.776263     0.0367062     0.0300511
       0.0136       1014.94   4.63001e-06      0.156975      0.776263     0.0367063     0.0300511
       0.0137       964.306   3.19122e-06      0.162436       0.77638     0.0336399     0.0275408
       0.0138       913.675   1.75244e-06      0.167897      0.776498     0.0305737     0.0250304
      0.01385       890.289   1.52402e-06      0.170351      0.776511     0.0292169     0.0239197
       0.0139       866.903   1.29559e-06      0.172806      0.776524     0.0278602      0.022809
      0.01395       843.518   1.06717e-06       0.17526      0.776537     0.0265035     0.0216982
        0.014       820.132   8.38747e-07      0.177715       0.77655     0.0251468     0.0205875
       0.0141       775.104   7.05856e-07      0.182321      0.776491     0.0226466     0.0185406
       0.0142       730.075   5.72966e-07      0.186928      0.776432     0.0201463     0.0164936
       0.0143       688.447    5.2157e-07      0.191092      0.776291     0.0179339     0.0146823
       0.0144       646.818   4.70175e-07      0.195257       0.77615     0.0157215     0.0128711
       0.0144       646.818   4.70175e-07      0.195257       0.77615     0.0157215     0.0128711
       0.0144       646.818   4.70175e-07      0.195257       0.77615     0.0157216     0.0128711
       0.0145       609.916   4.29982e-07      0.198886      0.775937     0.0138435     0.0113336
       0.0146       573.013    3.8979e-07      0.202515      0.775723     0.0119655    0.00979605
       0.0147       541.068   3.49524e-07      0.205623      0.775449     0.0104077     0.0085207
       0.0148       509.124   3.09259e-07       0.20873      0.775174    0.00884993    0.00724536
      0.01485       495.673   2.89968e-07      0.210032      0.775015    0.00822195    0.00673124
       0.0149       482.223   2.70677e-07      0.211334      0.774855    0.00759398    0.00621712
      0.01495       468.773   2.51387e-07      0.212636      0.774695      0.006966      0.005703
        0.015       455.322   2.32096e-07      0.213938      0.774536    0.00633803    0.00518889
       0.0151       433.371   1.98408e-07      0.216063       0.77419    0.00535951    0.00438778
       0.0152       411.421    1.6472e-07      0.218188      0.773845      0.004381    0.00358668
       0.0153       394.128   1.37875e-07       0.21987      0.773495    0.00364844    0.00298695
       0.0154       376.836    1.1103e-07      0.221552      0.773145    0.00291589    0.00238721
       0.0154       376.836    1.1103e-07      0.221552      0.773145    0.00291589    0.00238721
       0.0154       376.836    1.1103e-07      0.221552      0.773145    0.00291589    0.00238721
       0.0155       363.721   9.12484e-08      0.222839      0.772812    0.00239133    0.00195776
       0.0156       350.606   7.14666e-08      0.224125       0.77248    0.00186677     0.0015283
       0.0157       341.041   5.77988e-08      0.225075      0.772182    0.00150843    0.00123494
       0.0158       331.475    4.4131e-08      0.226024      0.771884    0.00115009   0.000941566
      0.01585       328.117   3.96577e-08      0.226362      0.771759    0.00103334    0.00084599
       0.0159       324.759   3.51844e-08        0.2267      0.771633   0.000916603   0.000750415
      0.01595       321.401   3.07111e-08      0.227038      0.771508   0.000799861   0.000654839
        0.016       318.043   2.62378e-08      0.227376      0.771382   0.000683119   0.000559263
      0.01604       316.221   2.40033e-08      0.227562      0.771302   0.000624953   0.000511643
      0.01608       314.399   2.17689e-08      0.227748      0.771221   0.000566788   0.000464024
      0.01614       311.667   1.84173e-08      0.228027      0.771101   0.000479539   0.000392594
       0.0162       308.934   1.50656e-08      0.228306      0.770981   0.000392291   0.000321164
      0.01625       307.437   1.33939e-08      0.228462      0.770904   0.000348844   0.000285595
       0.0163       305.939   1.17223e-08      0.228617      0.770827   0.000305398   0.000250026
      0.01635       304.442   1.00506e-08      0.228773      0.770751   0.000261952   0.000214457
       0.0164       302.945   8.37892e-09      0.228928      0.770674   0.000218506   0.000178888
     0.016475       301.505   6.93414e-09       0.22908      0.770591   0.000180975   0.000148163
      0.01655       300.066   5.48935e-09      0.229232      0.770507   0.000143444   0.000117437
     0.016575       299.586   5.00776e-09      0.229283      0.770479   0.000130934   0.000107195
       0.0166       299.106   4.52616e-09      0.229333      0.770452   0.000118424   9.69526e-05
    0.0166333       298.705   4.16858e-09      0.229377      0.770425   0.000109125   8.93398e-05
    0.0166667       298.303   3.81099e-09       0.22942      0.770399   9.98265e-05    8.1727e-05
    0.0167333       297.501   3.09582e-09      0.229506      0.770347    8.1229e-05   6.65015e-05
       0.0168       296.698   2.38065e-09      0.229592      0.770295   6.26316e-05   5.12759e-05
      0.01684       296.401    2.1489e-09      0.229624      0.770274   5.65866e-05   4.63269e-05
      0.01688       296.104   1.91715e-09      0.229656      0.770252   5.05416e-05   4.13779e-05
      0.01694       295.659   1.56952e-09      0.229704       0.77022    4.1474e-05   3.39544e-05
        0.017       295.214   1.22188e-09      0.229752      0.770188   3.24065e-05   2.65309e-05
       0.0171       294.763   9.17511e-10      0.229802      0.770153   2.44242e-05   1.99959e-05
       0.0172       294.312   6.13139e-10      0.229852      0.770118   1.64419e-05   1.34608e-05
       0.0172       294.312   6.13139e-10      0.229852      0.770118   1.64419e-05   1.34608e-05
       0.0172       294.312   6.13139e-10      0.229852      0.770118   1.64419e-05   1.34608e-05
       0.0173       294.042   4.57443e-10      0.229882      0.770095   1.23253e-05   1.00906e-05
       0.0174       293.772   3.01747e-10      0.229913      0.770073   8.20868e-06   6.72037e-06
     0.017475       293.651    2.4346e-10      0.229926      0.770062   6.65002e-06   5.44431e-06
      0.01755       293.531   1.85172e-10      0.229939      0.770051   5.09136e-06   4.16825e-06
     0.017575       293.491   1.65743e-10      0.229944      0.770048   4.57181e-06    3.7429e-06
       0.0176       293.451   1.46314e-10      0.229949      0.770044   4.05225e-06   3.31754e-06
    0.0176333        293.42   1.33598e-10      0.229952      0.770041   3.70716e-06   3.03502e-06
    0.0176667       293.388   1.20883e-10      0.229956      0.770038   3.36206e-06   2.75249e-06
    0.0177333       293.326    9.5452e-11      0.229963      0.770032   2.67187e-06   2.18744e-06
       0.0178       293.263    7.0021e-11       0.22997      0.770027   1.98168e-06   1.62238e-06
      0.01784       293.241   6.26378e-11      0.229973      0.770024   1.77755e-06   1.45526e-06
      0.01788       293.218   5.52546e-11      0.229975      0.770022   1.57341e-06   1.28814e-06
      0.01794       293.185   4.41799e-11      0.229979      0.770019   1.26721e-06   1.03746e-06
        0.018       293.152   3.31051e-11      0.229982      0.770016   9.61015e-07   7.86774e-07
       0.0181        293.12   2.42902e-11      0.229986      0.770013   7.11748e-07   5.82701e-07
       0.0182       293.087   1.54753e-11       0.22999       0.77001    4.6248e-07   3.78628e-07
       0.0182       293.087   1.54753e-11       0.22999       0.77001    4.6248e-07   3.78628e-07
       0.0182       293.087   1.54753e-11       0.22999       0.77001    4.6248e-07   3.78628e-07
       0.0183       293.068    1.1316e-11      0.229992      0.770007     3.417e-07   2.79747e-07
       0.0184       293.049   7.15671e-12      0.229994      0.770006    2.2092e-07   1.80865e-07
      0.01847       293.041   5.79799e-12      0.229995      0.770005   1.80243e-07   1.47564e-07
      0.01854       293.034   4.43928e-12      0.229996      0.770004   1.39567e-07   1.14263e-07
      0.01857        293.03   3.85698e-12      0.229997      0.770003   1.22134e-07   9.99906e-08
       0.0186       293.027   3.27467e-12      0.229997      0.770003   1.04702e-07   8.57186e-08
       0.0187       293.021   2.37802e-12      0.229998      0.770002   7.69247e-08   6.29777e-08
       0.0188       293.014   1.48138e-12      0.229998      0.770002   4.91476e-08   4.02367e-08
       0.0189       293.011   1.07105e-12      0.229999      0.770001   3.59517e-08   2.94333e-08
        0.019       293.007   6.60732e-13      0.229999      0.770001   2.27558e-08     1.863e-08
        0.019       293.007   6.60731e-13      0.229999      0.770001   2.27558e-08     1.863e-08
        0.019       293.007   6.60732e-13      0.229999      0.770001   2.27558e-08     1.863e-08
       0.0191       293.006   4.74621e-13      0.229999      0.770001   1.65276e-08    1.3531e-08
       0.0192       293.004   2.88512e-13          0.23      0.770001   1.02994e-08   8.43205e-09
     0.019265       293.003   2.34137e-13          0.23          0.77   8.40405e-09   6.88034e-09
      0.01933       293.003   1.79762e-13          0.23          0.77    6.5087e-09   5.32863e-09
     0.019365       293.002   1.50484e-13          0.23          0.77   5.48813e-09   4.49309e-09
       0.0194       293.002   1.21205e-13          0.23          0.77   4.46756e-09   3.65755e-09
