/*--------------------------------*- C++ -*----------------------------------*\
  =========                 |
  \\      /  F ield         | OpenFOAM: The Open Source CFD Toolbox
   \\    /   O peration     | Website:  https://openfoam.org
    \\  /    A nd           | Version:  11
     \\/     M anipulation  |
\*---------------------------------------------------------------------------*/
FoamFile
{
    format      ascii;
    class       volScalarField;
    location    "0.1";
    object      CH4;
}
// * * * * * * * * * * * * * * * * * * * * * * * * * * * * * * * * * * * * * //

dimensions      [0 0 0 0 0 0 0];

internalField   nonuniform List<scalar> 
4000
(
0.999063
0.996272
0.992284
0.986779
0.979407
0.969814
0.957672
0.942722
0.92481
0.90391
0.880138
0.853741
0.825069
0.794543
0.762618
0.729752
0.696377
0.662888
0.629627
0.596883
0.564889
0.533827
0.503835
0.475007
0.447406
0.421064
0.39599
0.372176
0.349599
0.328224
0.30801
0.288909
0.270872
0.253901
0.237833
0.22267
0.208359
0.194857
0.182103
0.170056
0.158671
0.147908
0.137724
0.128083
0.11895
0.110291
0.102076
0.0942756
0.0868631
0.0798138
0.0731049
0.0667152
0.0606256
0.0548187
0.0492792
0.0439936
0.038951
0.0341564
0.029617
0.025267
0.0211519
0.0172858
0.0137007
0.0104578
0.00759195
0.00517511
0.00339035
0.00220406
0.00141909
0.000903332
0.000567576
0.000351427
0.000214073
0.000128072
7.51151e-05
4.31095e-05
2.41702e-05
1.32319e-05
7.10163e-06
3.81812e-06
2.20372e-06
1.46168e-06
1.07994e-06
8.37225e-07
6.50978e-07
4.99029e-07
3.75011e-07
2.75577e-07
1.9766e-07
1.38037e-07
9.36552e-08
6.1622e-08
3.93243e-08
2.43379e-08
1.46059e-08
8.47889e-09
4.71687e-09
2.4453e-09
1.08184e-09
2.56718e-10
0.999077
0.996327
0.9924
0.986979
0.979718
0.970264
0.958291
0.943534
0.925833
0.905153
0.881599
0.855405
0.826913
0.796536
0.764725
0.731935
0.698601
0.665119
0.631835
0.599043
0.566981
0.535836
0.505749
0.47682
0.449114
0.422664
0.397484
0.373566
0.350887
0.329415
0.309107
0.289917
0.271792
0.254737
0.238601
0.223366
0.208989
0.195424
0.182612
0.170511
0.159076
0.148265
0.138038
0.128356
0.119185
0.110491
0.102242
0.0944112
0.08697
0.0798942
0.0731605
0.0667479
0.0606371
0.0548106
0.0492531
0.0439512
0.0388938
0.0340859
0.029537
0.0251772
0.0210545
0.0171833
0.0135985
0.0103596
0.00750284
0.00510037
0.00333972
0.00216951
0.00139582
0.000887879
0.000557391
0.000344779
0.000209785
0.000125345
7.34088e-05
4.20616e-05
2.354e-05
1.2862e-05
6.89052e-06
3.70223e-06
2.14153e-06
1.42325e-06
1.05245e-06
8.15475e-07
6.33573e-07
4.85525e-07
3.65203e-07
2.6907e-07
1.93198e-07
1.34948e-07
9.15705e-08
6.03559e-08
3.85587e-08
2.38789e-08
1.43338e-08
8.31999e-09
4.62669e-09
2.39729e-09
1.06009e-09
2.51473e-10
0.999087
0.996367
0.992483
0.98712
0.979936
0.97058
0.958729
0.94412
0.926592
0.906109
0.882771
0.856805
0.828544
0.798391
0.766786
0.734177
0.700992
0.667624
0.634418
0.601668
0.569615
0.538449
0.508316
0.479319
0.451527
0.42498
0.399692
0.375659
0.352863
0.331271
0.310845
0.291538
0.273303
0.256086
0.239868
0.224528
0.210051
0.196385
0.183483
0.171295
0.159779
0.14889
0.13859
0.128839
0.119603
0.110848
0.102543
0.0946581
0.0871669
0.0800443
0.0732671
0.0668142
0.0606659
0.0548048
0.0492153
0.0438843
0.0388006
0.0339693
0.0294037
0.0250265
0.0208904
0.0170104
0.0134272
0.0101953
0.00735426
0.00497647
0.00325656
0.00211392
0.00135853
0.000863019
0.000541045
0.000334159
0.000202981
0.000121055
7.0752e-05
4.04495e-05
2.25839e-05
1.23093e-05
6.57999e-06
3.53371e-06
2.05145e-06
1.36769e-06
1.01343e-06
7.85782e-07
6.10881e-07
4.69014e-07
3.53497e-07
2.60101e-07
1.86827e-07
1.30719e-07
8.89866e-08
5.87881e-08
3.76479e-08
2.33719e-08
1.40595e-08
8.17394e-09
4.54999e-09
2.35859e-09
1.04307e-09
2.47434e-10
0.999095
0.996399
0.992548
0.987231
0.980107
0.97083
0.959076
0.944587
0.927202
0.906885
0.883733
0.857969
0.829919
0.799978
0.768581
0.736165
0.703155
0.669936
0.636852
0.604193
0.572202
0.541068
0.510939
0.481922
0.454087
0.427478
0.402113
0.37799
0.355094
0.333394
0.312855
0.293433
0.275081
0.257748
0.241384
0.225935
0.211349
0.197574
0.184566
0.172277
0.160662
0.14968
0.139291
0.129455
0.120139
0.111308
0.102931
0.0949788
0.0874245
0.0802427
0.0734102
0.0669057
0.0607096
0.0548042
0.0491741
0.043806
0.0386889
0.0338274
0.0292407
0.024842
0.0206893
0.0167986
0.0132195
0.00999646
0.00717485
0.00482777
0.00315743
0.00204838
0.00131502
0.000834123
0.000522029
0.000321878
0.000195176
0.000116175
6.77578e-05
3.86505e-05
2.15281e-05
1.17054e-05
6.24392e-06
3.35194e-06
1.95306e-06
1.30637e-06
9.71059e-07
7.55206e-07
5.88997e-07
4.52523e-07
3.4082e-07
2.51374e-07
1.81111e-07
1.27227e-07
8.68663e-08
5.75079e-08
3.69334e-08
2.29973e-08
1.38737e-08
8.08553e-09
4.50814e-09
2.33878e-09
1.03452e-09
2.45393e-10
0.9991
0.996419
0.992589
0.987301
0.980216
0.97099
0.959303
0.944901
0.927623
0.907437
0.884437
0.858846
0.830983
0.801238
0.770038
0.737815
0.704985
0.67193
0.638989
0.606449
0.574551
0.543484
0.513397
0.484396
0.456555
0.429918
0.404507
0.380323
0.357351
0.335566
0.314932
0.295408
0.276948
0.259504
0.243025
0.227461
0.212762
0.198877
0.185761
0.173366
0.161649
0.150568
0.140082
0.130156
0.120751
0.111837
0.103381
0.0953538
0.0877292
0.0804814
0.0735869
0.0670245
0.0607745
0.0548195
0.0491437
0.0437335
0.0385789
0.0336831
0.0290728
0.0246501
0.0204789
0.0165764
0.0130037
0.00978948
0.00698802
0.00467369
0.00305465
0.00197982
0.00127023
0.000804948
0.000503125
0.000309661
0.000187394
0.000111318
6.4791e-05
3.68786e-05
2.04946e-05
1.11176e-05
5.9182e-06
3.17609e-06
1.8568e-06
1.24825e-06
9.32298e-07
7.26194e-07
5.66024e-07
4.355e-07
3.2903e-07
2.43454e-07
1.7607e-07
1.24088e-07
8.49523e-08
5.64789e-08
3.64206e-08
2.27663e-08
1.37826e-08
8.05327e-09
4.49848e-09
2.33666e-09
1.03433e-09
2.45424e-10
0.999103
0.996431
0.992615
0.987347
0.980288
0.971099
0.959461
0.945123
0.92793
0.907847
0.884971
0.859523
0.831819
0.802245
0.771221
0.739174
0.706515
0.67362
0.640824
0.608411
0.576619
0.545636
0.515611
0.486649
0.458827
0.432188
0.406757
0.382536
0.359512
0.337663
0.316954
0.297346
0.278795
0.261254
0.244674
0.229006
0.214202
0.200213
0.186992
0.174494
0.162677
0.151497
0.140917
0.130898
0.121405
0.112406
0.103869
0.0957653
0.0880675
0.0807506
0.0737914
0.0671685
0.0608623
0.0548552
0.0491315
0.0436781
0.0384842
0.033552
0.0289171
0.0244697
0.0202795
0.0163642
0.0128
0.00959294
0.00681042
0.00452842
0.00295791
0.00191552
0.00122765
0.000777444
0.000485479
0.000298543
0.000180497
0.000107068
6.22156e-05
3.53524e-05
1.96141e-05
1.06247e-05
5.6508e-06
3.03427e-06
1.77721e-06
1.19684e-06
8.94045e-07
6.97418e-07
5.4518e-07
4.20702e-07
3.18857e-07
2.36801e-07
1.71814e-07
1.214e-07
8.34572e-08
5.57183e-08
3.60813e-08
2.26475e-08
1.37588e-08
8.06553e-09
4.51781e-09
2.35161e-09
1.04234e-09
2.47477e-10
0.999105
0.996439
0.992632
0.987375
0.980335
0.97117
0.959569
0.94528
0.928151
0.908151
0.885378
0.86005
0.832483
0.803057
0.77219
0.740302
0.7078
0.675055
0.642398
0.61011
0.578426
0.547535
0.51758
0.488671
0.460881
0.434257
0.408823
0.384583
0.361526
0.339629
0.318862
0.299187
0.28056
0.262936
0.246269
0.23051
0.215611
0.201527
0.18821
0.175617
0.163704
0.152432
0.14176
0.131652
0.122074
0.112992
0.104376
0.0961959
0.0884261
0.0810411
0.0740177
0.0673347
0.0609723
0.0549133
0.0491421
0.0436455
0.0384129
0.0334433
0.0287844
0.0243138
0.0201059
0.0161792
0.0126223
0.00941587
0.00664977
0.00439947
0.00287197
0.00185853
0.0011901
0.000752858
0.000469792
0.000288579
0.000174246
0.000103271
5.99558e-05
3.40367e-05
1.88645e-05
1.02064e-05
5.42039e-06
2.90486e-06
1.70097e-06
1.14727e-06
8.59621e-07
6.72507e-07
5.27221e-07
4.08109e-07
3.10373e-07
2.31186e-07
1.68158e-07
1.19286e-07
8.23385e-08
5.52008e-08
3.59009e-08
2.26243e-08
1.38006e-08
8.12053e-09
4.5634e-09
2.38142e-09
1.0574e-09
2.51267e-10
0.999106
0.996444
0.992642
0.987395
0.980367
0.971222
0.959647
0.945397
0.928321
0.90839
0.885703
0.860478
0.833028
0.803733
0.773003
0.741257
0.708897
0.676289
0.643761
0.611592
0.580013
0.54921
0.519329
0.490477
0.462727
0.436126
0.4107
0.386452
0.363374
0.341445
0.320633
0.300904
0.282214
0.264521
0.247778
0.23194
0.216958
0.202788
0.189385
0.176704
0.164704
0.153345
0.142589
0.132398
0.122739
0.113579
0.104888
0.0966349
0.0887958
0.0813451
0.0742598
0.0675185
0.0611019
0.0549924
0.0491748
0.0436359
0.0383655
0.0333604
0.028678
0.0241886
0.0199652
0.016029
0.0124739
0.00928653
0.00649762
0.00428341
0.00279662
0.00180949
0.00115824
0.000732255
0.000456549
0.000280308
0.000169154
0.000100155
5.80678e-05
3.29131e-05
1.82108e-05
9.8353e-06
5.21472e-06
2.79282e-06
1.63627e-06
1.10573e-06
8.30636e-07
6.51612e-07
5.12299e-07
3.97722e-07
3.03189e-07
2.26358e-07
1.65244e-07
1.17662e-07
8.15351e-08
5.48857e-08
3.58411e-08
2.26821e-08
1.38935e-08
8.20727e-09
4.62826e-09
2.42216e-09
1.07766e-09
2.56342e-10
0.999107
0.996448
0.992651
0.98741
0.980393
0.971263
0.959711
0.945493
0.928462
0.90859
0.885977
0.860842
0.833495
0.804313
0.773706
0.742087
0.709853
0.67737
0.644959
0.612899
0.581417
0.5507
0.52089
0.492094
0.464385
0.437812
0.412399
0.388151
0.365061
0.343107
0.322261
0.302487
0.283746
0.265994
0.249186
0.233278
0.218224
0.203978
0.190497
0.177738
0.165659
0.154221
0.143386
0.133119
0.123384
0.114151
0.105388
0.0970693
0.0891662
0.0816542
0.0745107
0.0677145
0.0612464
0.0550888
0.0492266
0.0436464
0.0383374
0.0332943
0.0285712
0.0241116
0.0198611
0.0159099
0.0123508
0.0091675
0.00638882
0.00420115
0.00274159
0.00177293
0.00113414
0.000716525
0.000446375
0.000273774
0.000165042
9.76271e-05
5.65716e-05
3.20464e-05
1.77198e-05
9.56344e-06
5.06688e-06
2.71189e-06
1.58838e-06
1.07372e-06
8.07491e-07
6.3448e-07
4.99723e-07
3.88578e-07
2.96989e-07
2.22483e-07
1.62969e-07
1.1645e-07
8.09917e-08
5.47314e-08
3.58823e-08
2.28019e-08
1.40243e-08
8.31713e-09
4.70691e-09
2.47062e-09
1.10156e-09
2.62313e-10
0.999108
0.996452
0.992659
0.987424
0.980417
0.971301
0.959769
0.94558
0.928589
0.908769
0.886222
0.861165
0.83391
0.80483
0.774331
0.742825
0.710705
0.678332
0.646028
0.614066
0.582673
0.552034
0.52229
0.493547
0.465879
0.439333
0.413935
0.389691
0.366592
0.34462
0.323746
0.303936
0.285151
0.267349
0.250486
0.234517
0.219399
0.205086
0.191536
0.178706
0.166556
0.155048
0.144142
0.133805
0.124003
0.114703
0.105876
0.0974944
0.0895313
0.0819622
0.0747645
0.0679172
0.0614012
0.0551991
0.0492957
0.0436781
0.0383361
0.0332629
0.0285038
0.0240357
0.0197712
0.0158143
0.012252
0.00907271
0.00630563
0.00414264
0.00270212
0.00174647
0.00111657
0.000704981
0.000438884
0.000268978
0.000162019
9.57533e-05
5.54239e-05
3.13618e-05
1.73221e-05
9.33821e-06
4.94159e-06
2.64144e-06
1.54556e-06
1.04472e-06
7.86536e-07
6.19154e-07
4.88767e-07
3.81127e-07
2.921e-07
2.19448e-07
1.61232e-07
1.1558e-07
8.06628e-08
5.47029e-08
3.60003e-08
2.29667e-08
1.41812e-08
8.44222e-09
4.79434e-09
2.52387e-09
1.12769e-09
2.68831e-10
0.999109
0.996456
0.992667
0.98744
0.980441
0.971339
0.959827
0.945665
0.92871
0.908937
0.886449
0.861463
0.83429
0.8053
0.774899
0.743493
0.711474
0.679201
0.646991
0.615117
0.583804
0.553234
0.52355
0.494855
0.467225
0.440705
0.415322
0.391083
0.367979
0.345992
0.325095
0.305254
0.286432
0.268586
0.251674
0.235652
0.220477
0.206106
0.192494
0.179602
0.167389
0.155816
0.144848
0.134448
0.124584
0.115224
0.106339
0.0979004
0.0898828
0.0822617
0.0750147
0.0681207
0.0615609
0.0553178
0.0493766
0.0437245
0.0383515
0.033251
0.0284629
0.0239797
0.019701
0.0157396
0.0121744
0.0089984
0.0062412
0.00409914
0.00267295
0.00172698
0.00110364
0.000696489
0.000433373
0.000265451
0.000159798
9.43784e-05
5.4589e-05
3.08658e-05
1.70342e-05
9.17499e-06
4.85039e-06
2.58945e-06
1.51318e-06
1.02225e-06
7.7008e-07
6.07081e-07
4.80137e-07
3.75199e-07
2.8823e-07
2.17089e-07
1.59934e-07
1.14984e-07
8.04996e-08
5.47738e-08
3.61738e-08
2.31615e-08
1.43542e-08
8.57581e-09
4.88626e-09
2.57942e-09
1.15486e-09
2.75597e-10
0.99911
0.99646
0.992677
0.987456
0.980468
0.97138
0.959887
0.94575
0.928829
0.9091
0.886666
0.861744
0.834644
0.805736
0.775421
0.744104
0.712175
0.67999
0.647863
0.616067
0.584824
0.554316
0.524684
0.496033
0.468435
0.441939
0.41657
0.392334
0.369226
0.347227
0.32631
0.306443
0.287588
0.269704
0.252749
0.236682
0.221457
0.207033
0.193368
0.18042
0.168151
0.156522
0.145497
0.135041
0.125122
0.115708
0.10677
0.098281
0.0902147
0.082547
0.0752556
0.0683195
0.0617201
0.0554402
0.0494649
0.0437816
0.0383806
0.0332555
0.0284384
0.0239405
0.0196481
0.015683
0.0121145
0.00894058
0.00619107
0.0040659
0.00265086
0.00171234
0.00109398
0.000690171
0.000429286
0.000262841
0.000158156
9.33637e-05
5.39738e-05
3.05006e-05
1.68223e-05
9.05462e-06
4.78276e-06
2.55024e-06
1.48802e-06
1.00429e-06
7.56739e-07
5.97275e-07
4.73161e-07
3.70451e-07
2.85178e-07
2.15278e-07
1.58989e-07
1.14607e-07
8.04612e-08
5.49144e-08
3.63831e-08
2.33732e-08
1.45343e-08
8.71203e-09
4.97895e-09
2.63512e-09
1.18202e-09
2.82356e-10
0.999111
0.996465
0.992688
0.987475
0.980497
0.971422
0.959948
0.945836
0.928946
0.909258
0.886873
0.862009
0.834975
0.806139
0.7759
0.744663
0.712813
0.680704
0.648651
0.616922
0.58574
0.555286
0.5257
0.497085
0.469517
0.443041
0.417683
0.393451
0.370339
0.348329
0.327395
0.307504
0.28862
0.270703
0.253712
0.237603
0.222335
0.207866
0.194153
0.181157
0.168838
0.15716
0.146085
0.13558
0.125612
0.11615
0.107166
0.0986322
0.0905224
0.0828132
0.0754821
0.0685085
0.0618738
0.0555611
0.0495553
0.0438442
0.038418
0.0332704
0.0284268
0.0239152
0.0196099
0.0156414
0.0120692
0.00889617
0.00615228
0.00404042
0.00263406
0.00170127
0.00108673
0.00068545
0.000426243
0.000260904
0.00015694
9.26132e-05
5.3519e-05
3.02306e-05
1.66655e-05
8.96531e-06
4.73219e-06
2.52026e-06
1.46799e-06
9.89699e-07
7.45832e-07
5.8929e-07
4.67532e-07
3.66669e-07
2.82793e-07
2.13909e-07
1.58323e-07
1.14397e-07
8.05155e-08
5.51002e-08
3.66111e-08
2.35901e-08
1.47137e-08
8.8457e-09
5.06918e-09
2.6891e-09
1.20829e-09
2.88886e-10
0.999113
0.996471
0.992699
0.987494
0.980526
0.971465
0.960009
0.94592
0.92906
0.909408
0.887068
0.862256
0.835281
0.806508
0.776337
0.745168
0.713387
0.681345
0.649355
0.617684
0.586555
0.556146
0.526599
0.498016
0.470471
0.444012
0.418664
0.394435
0.371319
0.349299
0.328349
0.308438
0.289529
0.271583
0.254559
0.238415
0.22311
0.208601
0.194847
0.181809
0.169447
0.157725
0.146607
0.136059
0.126049
0.116546
0.107522
0.0989486
0.0908008
0.0830551
0.0756894
0.068683
0.0620174
0.0556758
0.0496433
0.0439076
0.038459
0.0332914
0.0284248
0.0239003
0.0195832
0.0156116
0.0120354
0.00886251
0.00612258
0.00402104
0.00262137
0.00169296
0.00108131
0.000681934
0.000423985
0.00025947
0.000156043
9.20594e-05
5.31836e-05
3.00314e-05
1.65496e-05
8.89902e-06
4.69425e-06
2.49707e-06
1.45144e-06
9.7768e-07
7.36906e-07
5.82818e-07
4.63023e-07
3.63683e-07
2.8095e-07
2.1289e-07
1.57867e-07
1.143e-07
8.06268e-08
5.5308e-08
3.68422e-08
2.38016e-08
1.48854e-08
8.97228e-09
5.15412e-09
2.73975e-09
1.23289e-09
2.94997e-10
0.999114
0.996476
0.99271
0.987513
0.980555
0.971507
0.960068
0.946001
0.929168
0.909549
0.887248
0.862481
0.835556
0.806839
0.776725
0.745616
0.713893
0.681908
0.649971
0.61835
0.587265
0.556895
0.52738
0.498823
0.471298
0.444852
0.419511
0.395284
0.372164
0.350135
0.329172
0.309243
0.290312
0.272342
0.25529
0.239116
0.223778
0.209235
0.195446
0.182372
0.169974
0.158215
0.14706
0.136476
0.126429
0.116891
0.107832
0.0992251
0.0910452
0.0832685
0.0758732
0.0688388
0.0621468
0.0557803
0.0497249
0.0439679
0.0384999
0.0333149
0.0284285
0.0238927
0.0195651
0.0155908
0.0120109
0.00883738
0.00610013
0.00400649
0.00261188
0.00168678
0.00107729
0.000679342
0.000422325
0.000258418
0.000155384
9.16539e-05
5.29379e-05
2.98853e-05
1.64644e-05
8.85008e-06
4.66598e-06
2.47943e-06
1.43843e-06
9.68093e-07
7.29759e-07
5.77659e-07
4.59458e-07
3.61352e-07
2.7954e-07
2.1214e-07
1.57567e-07
1.14283e-07
8.07676e-08
5.55181e-08
3.70627e-08
2.39985e-08
1.50431e-08
9.08773e-09
5.23126e-09
2.78563e-09
1.25515e-09
3.00524e-10
0.999115
0.996482
0.992721
0.98753
0.980582
0.971546
0.960122
0.946073
0.929264
0.909673
0.887406
0.862678
0.835796
0.807125
0.777061
0.746
0.714326
0.682388
0.650495
0.618914
0.587866
0.557527
0.528038
0.499502
0.471993
0.445558
0.420223
0.395996
0.372873
0.350836
0.329861
0.309917
0.290968
0.272977
0.255902
0.239702
0.224338
0.209767
0.195949
0.182844
0.170416
0.158627
0.147441
0.136826
0.12675
0.117182
0.108093
0.099459
0.0912525
0.0834502
0.0760303
0.0689726
0.0622585
0.0558714
0.0497967
0.044022
0.0385378
0.0333381
0.0284351
0.0238896
0.019553
0.0155768
0.0119933
0.00881891
0.0060834
0.00399571
0.0026049
0.00168225
0.00107436
0.000677456
0.00042112
0.000257656
0.000154908
9.13604e-05
5.27599e-05
2.97794e-05
1.64024e-05
8.81432e-06
4.64516e-06
2.4662e-06
1.4284e-06
9.60596e-07
7.24146e-07
5.73617e-07
4.56685e-07
3.59558e-07
2.78474e-07
2.11593e-07
1.57372e-07
1.14308e-07
8.0914e-08
5.57139e-08
3.72612e-08
2.41729e-08
1.51816e-08
9.18862e-09
5.29848e-09
2.82555e-09
1.2745e-09
3.05326e-10
0.999116
0.996486
0.99273
0.987546
0.980605
0.97158
0.960168
0.946135
0.929345
0.909778
0.887538
0.862842
0.835995
0.807362
0.777336
0.746315
0.71468
0.682779
0.650921
0.619372
0.588352
0.558038
0.52857
0.50005
0.472553
0.446126
0.420795
0.396569
0.373442
0.351399
0.330414
0.310458
0.291495
0.273486
0.256392
0.240173
0.224787
0.210193
0.196352
0.183224
0.170771
0.158957
0.147747
0.137108
0.127008
0.117417
0.108306
0.0996489
0.0914207
0.0835978
0.0761582
0.0690818
0.06235
0.0559464
0.0498562
0.0440673
0.0385701
0.0333586
0.0284423
0.0238889
0.0195449
0.0155673
0.0119808
0.00880552
0.00607114
0.00398784
0.00259983
0.00167897
0.00107225
0.000676101
0.000420257
0.000257111
0.000154567
9.11503e-05
5.26324e-05
2.97033e-05
1.63578e-05
8.78849e-06
4.63001e-06
2.45643e-06
1.42085e-06
9.54891e-07
7.19859e-07
5.70537e-07
4.54581e-07
3.58208e-07
2.77683e-07
2.11201e-07
1.57248e-07
1.14352e-07
8.10475e-08
5.58825e-08
3.74286e-08
2.43185e-08
1.52966e-08
9.27213e-09
5.35401e-09
2.8585e-09
1.29046e-09
3.09287e-10
0.999117
0.99649
0.992737
0.987558
0.980624
0.971606
0.960204
0.946184
0.929408
0.909859
0.88764
0.862968
0.836147
0.807542
0.777545
0.746554
0.714948
0.683075
0.651243
0.619718
0.588719
0.558423
0.52897
0.500463
0.472974
0.446553
0.421224
0.396998
0.373869
0.351821
0.330829
0.310863
0.291889
0.273867
0.25676
0.240525
0.225123
0.210512
0.196654
0.183508
0.171037
0.159205
0.147977
0.13732
0.127201
0.117593
0.108465
0.0997914
0.0915472
0.0837088
0.0762545
0.0691641
0.0624192
0.0560031
0.0499014
0.0441018
0.0385948
0.0333745
0.0284483
0.0238889
0.0195394
0.0155609
0.011972
0.00879597
0.00606234
0.00398223
0.00259622
0.00167665
0.00107075
0.000675143
0.000419647
0.000256726
0.000154327
9.10021e-05
5.25424e-05
2.96495e-05
1.63263e-05
8.77016e-06
4.61922e-06
2.44943e-06
1.41539e-06
9.50739e-07
7.16734e-07
5.68293e-07
4.53053e-07
3.57231e-07
2.77115e-07
2.10924e-07
1.57168e-07
1.14393e-07
8.11544e-08
5.60139e-08
3.75578e-08
2.44304e-08
1.53848e-08
9.33605e-09
5.39649e-09
2.88369e-09
1.30266e-09
3.12316e-10
0.999118
0.996492
0.992742
0.987566
0.980636
0.971623
0.960228
0.946216
0.92945
0.909913
0.887708
0.863051
0.836248
0.807661
0.777683
0.746711
0.715124
0.68327
0.651456
0.619946
0.588961
0.558677
0.529234
0.500734
0.473252
0.446834
0.421508
0.397281
0.37415
0.352099
0.331102
0.31113
0.292149
0.274119
0.257002
0.240757
0.225344
0.210723
0.196853
0.183695
0.171212
0.159368
0.148128
0.137459
0.127329
0.117708
0.108569
0.099885
0.0916302
0.0837817
0.0763177
0.0692181
0.0624644
0.0560401
0.0499308
0.0441241
0.0386107
0.0333845
0.0284517
0.0238884
0.0195353
0.0155562
0.0119658
0.00878935
0.00605627
0.00397835
0.00259372
0.00167504
0.00106972
0.000674483
0.000419227
0.000256461
0.000154162
9.09004e-05
5.24807e-05
2.96127e-05
1.63047e-05
8.75764e-06
4.61187e-06
2.44471e-06
1.41176e-06
9.47985e-07
7.14665e-07
5.66808e-07
4.5204e-07
3.56582e-07
2.76737e-07
2.10738e-07
1.57112e-07
1.14419e-07
8.1224e-08
5.61004e-08
3.76433e-08
2.45046e-08
1.54434e-08
9.37865e-09
5.42484e-09
2.90053e-09
1.31082e-09
3.14341e-10
0.999118
0.996493
0.992744
0.987569
0.980641
0.971631
0.960238
0.94623
0.929469
0.909936
0.887738
0.863088
0.836293
0.807714
0.777746
0.746784
0.715206
0.68336
0.651554
0.620052
0.589074
0.558796
0.529358
0.500862
0.473383
0.446967
0.421642
0.397416
0.374284
0.352231
0.331232
0.311257
0.292272
0.274238
0.257117
0.240868
0.22545
0.210823
0.196947
0.183784
0.171295
0.159445
0.148199
0.137524
0.127389
0.117763
0.108618
0.0999287
0.0916687
0.0838153
0.0763466
0.0692425
0.0624846
0.0560564
0.0499433
0.0441332
0.0386167
0.0333877
0.0284517
0.0238866
0.0195318
0.0155527
0.0119616
0.00878512
0.0060525
0.00397592
0.00259215
0.00167403
0.00106907
0.000674064
0.000418961
0.000256294
0.000154058
9.08363e-05
5.2442e-05
2.95897e-05
1.62913e-05
8.74993e-06
4.60743e-06
2.44197e-06
1.40977e-06
9.4652e-07
7.13575e-07
5.66023e-07
4.51499e-07
3.56229e-07
2.76524e-07
2.10627e-07
1.5707e-07
1.14421e-07
8.12505e-08
5.61376e-08
3.76818e-08
2.45388e-08
1.54709e-08
9.39882e-09
5.43838e-09
2.90861e-09
1.31476e-09
3.1532e-10
0.999118
0.996493
0.992743
0.987568
0.98064
0.971629
0.960235
0.946226
0.929464
0.90993
0.88773
0.86308
0.836283
0.807704
0.777735
0.746771
0.715193
0.683347
0.65154
0.620038
0.58906
0.558782
0.529344
0.500848
0.473369
0.446953
0.421628
0.397402
0.374271
0.352218
0.33122
0.311246
0.292261
0.274227
0.257106
0.240858
0.22544
0.210813
0.196938
0.183775
0.171287
0.159437
0.148192
0.137517
0.127382
0.117756
0.108612
0.0999224
0.0916627
0.0838095
0.0763411
0.0692372
0.0624795
0.0560515
0.0499387
0.0441289
0.0386125
0.0333838
0.028448
0.0238831
0.0195285
0.0155498
0.0119591
0.00878295
0.00605078
0.00397478
0.0025914
0.00167353
0.00106874
0.000673854
0.000418827
0.000256209
0.000154005
9.08044e-05
5.24229e-05
2.95786e-05
1.62849e-05
8.74641e-06
4.60553e-06
2.44101e-06
1.4093e-06
9.4626e-07
7.13405e-07
5.65894e-07
4.51398e-07
3.5615e-07
2.76463e-07
2.1058e-07
1.57035e-07
1.14396e-07
8.12329e-08
5.61255e-08
3.76737e-08
2.45336e-08
1.54676e-08
9.39688e-09
5.43727e-09
2.90803e-09
1.3145e-09
3.15258e-10
0.999118
0.996491
0.99274
0.987563
0.980631
0.971617
0.960219
0.946204
0.929435
0.909895
0.887686
0.863027
0.83622
0.80763
0.77765
0.746676
0.715087
0.683231
0.651415
0.619905
0.588919
0.558635
0.529192
0.500693
0.473211
0.446793
0.421468
0.397242
0.374112
0.352062
0.331066
0.311095
0.292115
0.274086
0.25697
0.240727
0.225315
0.210695
0.196825
0.183669
0.171187
0.159344
0.148105
0.137437
0.127308
0.117688
0.10855
0.0998662
0.0916122
0.0837645
0.0763012
0.0692023
0.0624493
0.0560257
0.049917
0.044111
0.0385982
0.0333727
0.0284405
0.023878
0.0195256
0.0155477
0.0119583
0.0087829
0.00605116
0.00397495
0.00259148
0.00167356
0.00106876
0.000673857
0.000418828
0.00025621
0.000154006
9.08054e-05
5.2424e-05
2.95796e-05
1.62858e-05
8.74718e-06
4.60626e-06
2.44186e-06
1.41038e-06
9.4722e-07
7.14162e-07
5.66428e-07
4.51741e-07
3.56347e-07
2.76556e-07
2.10601e-07
1.57011e-07
1.14346e-07
8.11723e-08
5.60649e-08
3.76197e-08
2.44894e-08
1.5434e-08
9.37299e-09
5.42162e-09
2.89883e-09
1.31006e-09
3.1416e-10
0.999117
0.996488
0.992734
0.987553
0.980616
0.971595
0.960189
0.946164
0.929384
0.909829
0.887604
0.862927
0.8361
0.80749
0.777489
0.746494
0.714884
0.683009
0.651175
0.619649
0.588649
0.558353
0.5289
0.500392
0.472905
0.446484
0.421157
0.396933
0.373805
0.351758
0.330769
0.310805
0.291832
0.273813
0.256707
0.240474
0.225074
0.210465
0.196608
0.183464
0.170995
0.159165
0.147938
0.137283
0.127166
0.117559
0.108432
0.0997604
0.0915175
0.0836804
0.0762273
0.0691381
0.0623942
0.0559793
0.0498787
0.0440802
0.0385742
0.033355
0.0284298
0.0238717
0.0195234
0.0155468
0.0119594
0.00878526
0.00605385
0.00397659
0.00259248
0.00167419
0.00106915
0.000674104
0.000418983
0.000256308
0.000154068
9.08442e-05
5.24481e-05
2.95944e-05
1.62948e-05
8.75272e-06
4.60986e-06
2.44467e-06
1.41311e-06
9.49463e-07
7.15896e-07
5.6766e-07
4.52554e-07
3.56839e-07
2.76813e-07
2.10696e-07
1.56999e-07
1.14271e-07
8.10684e-08
5.5955e-08
3.75187e-08
2.44052e-08
1.53692e-08
9.32676e-09
5.39123e-09
2.88093e-09
1.30143e-09
3.12022e-10
0.999116
0.996484
0.992726
0.987539
0.980595
0.971564
0.960147
0.946108
0.92931
0.909735
0.887487
0.862783
0.835929
0.807288
0.777256
0.74623
0.71459
0.682685
0.650825
0.619274
0.588253
0.557939
0.52847
0.499951
0.472455
0.44603
0.420701
0.396476
0.373352
0.351312
0.33033
0.310376
0.291415
0.27341
0.256319
0.240102
0.224719
0.210128
0.196289
0.183163
0.170713
0.158902
0.147694
0.137057
0.126959
0.11737
0.108261
0.0996059
0.0913796
0.0835584
0.0761205
0.0690457
0.0623155
0.0559134
0.0498248
0.0440373
0.0385415
0.0333316
0.0284167
0.023865
0.0195227
0.0155479
0.0119634
0.00879065
0.00605935
0.00398001
0.00259463
0.00167555
0.00107001
0.000674653
0.000419331
0.000256528
0.000154205
9.09297e-05
5.25006e-05
2.96262e-05
1.63139e-05
8.76412e-06
4.61695e-06
2.4498e-06
1.41768e-06
9.53119e-07
7.18694e-07
5.69657e-07
4.53887e-07
3.57663e-07
2.77263e-07
2.10883e-07
1.57014e-07
1.14183e-07
8.09288e-08
5.58015e-08
3.7375e-08
2.42842e-08
1.52754e-08
9.25955e-09
5.34691e-09
2.85478e-09
1.28881e-09
3.08894e-10
0.999115
0.996479
0.992715
0.987521
0.980568
0.971526
0.960094
0.946037
0.929218
0.909617
0.887339
0.862601
0.835709
0.807029
0.776956
0.745889
0.714209
0.682266
0.65037
0.618786
0.587736
0.557397
0.527909
0.499374
0.471866
0.445433
0.420101
0.395877
0.372757
0.350724
0.329753
0.309812
0.290867
0.272879
0.255808
0.239612
0.224251
0.209683
0.195869
0.182768
0.170342
0.158556
0.147374
0.136761
0.126688
0.117123
0.108037
0.0994049
0.0912005
0.0834004
0.0759827
0.068927
0.0622149
0.0558297
0.0497569
0.0439841
0.0385017
0.0333039
0.0284028
0.0238593
0.0195248
0.0155521
0.0119712
0.00880004
0.00606844
0.00398576
0.0025983
0.0016779
0.00107152
0.000675616
0.000419944
0.000256915
0.000154448
9.10799e-05
5.25923e-05
2.96814e-05
1.63466e-05
8.78337e-06
4.62859e-06
2.45779e-06
1.42439e-06
9.58357e-07
7.22673e-07
5.72504e-07
4.55807e-07
3.58868e-07
2.77942e-07
2.11192e-07
1.57076e-07
1.14095e-07
8.07646e-08
5.56123e-08
3.71943e-08
2.41302e-08
1.51554e-08
9.17313e-09
5.28977e-09
2.82101e-09
1.27248e-09
3.04848e-10
0.999113
0.996473
0.992704
0.987502
0.980538
0.971482
0.960034
0.945955
0.92911
0.909478
0.887164
0.862385
0.835447
0.806718
0.776595
0.745476
0.713746
0.681755
0.649815
0.61819
0.587104
0.556734
0.527219
0.498664
0.471141
0.444699
0.419361
0.395138
0.372022
0.349998
0.329039
0.309115
0.290189
0.272223
0.255176
0.239006
0.223673
0.209134
0.19535
0.18228
0.169885
0.15813
0.146979
0.136398
0.126355
0.11682
0.107763
0.0991597
0.0909828
0.0832089
0.0758162
0.0687843
0.0620946
0.0557305
0.0496773
0.0439225
0.0384568
0.033274
0.0283898
0.0238564
0.0195313
0.0155612
0.0119844
0.00881469
0.00608212
0.00399452
0.00260396
0.00168156
0.00107388
0.000677137
0.000420916
0.000257531
0.000154834
9.13182e-05
5.27373e-05
2.97681e-05
1.63975e-05
8.81301e-06
4.64613e-06
2.46937e-06
1.43365e-06
9.65423e-07
7.28e-07
5.76328e-07
4.58408e-07
3.60527e-07
2.78904e-07
2.11659e-07
1.57212e-07
1.14028e-07
8.059e-08
5.53977e-08
3.69837e-08
2.39484e-08
1.50125e-08
9.06973e-09
5.22119e-09
2.7804e-09
1.25284e-09
2.99976e-10
0.999112
0.996467
0.992691
0.98748
0.980505
0.971435
0.959967
0.945865
0.928991
0.909323
0.886966
0.862139
0.835148
0.806361
0.776178
0.744999
0.713209
0.68116
0.649165
0.617492
0.586361
0.555953
0.526407
0.497826
0.470285
0.443829
0.418486
0.394262
0.371151
0.349137
0.328193
0.308288
0.289385
0.271444
0.254426
0.238288
0.222988
0.208484
0.194735
0.181702
0.169345
0.157627
0.146514
0.13597
0.125964
0.116465
0.107444
0.0988737
0.0907291
0.0829866
0.0756238
0.0686203
0.0619575
0.0556186
0.0495887
0.0438555
0.0384094
0.0332443
0.0283802
0.0238586
0.0195445
0.0155771
0.0120047
0.00883621
0.00610172
0.00400719
0.00261219
0.00168691
0.00107736
0.00067938
0.000422353
0.000258442
0.000155405
9.16706e-05
5.29512e-05
2.98955e-05
1.6472e-05
8.85599e-06
4.67119e-06
2.4854e-06
1.44592e-06
9.74598e-07
7.34879e-07
5.81288e-07
4.61816e-07
3.62736e-07
2.80219e-07
2.12338e-07
1.57461e-07
1.14009e-07
8.04241e-08
5.51711e-08
3.67528e-08
2.37452e-08
1.4851e-08
8.9522e-09
5.14293e-09
2.73396e-09
1.23034e-09
2.94393e-10
0.99911
0.996461
0.992678
0.987458
0.980471
0.971385
0.959898
0.94577
0.928863
0.909155
0.886751
0.861868
0.834816
0.805964
0.775711
0.744461
0.712601
0.680485
0.648427
0.616695
0.585512
0.555059
0.525474
0.496863
0.469299
0.442828
0.417476
0.393251
0.370146
0.348143
0.327216
0.307332
0.288456
0.270545
0.253561
0.237459
0.222197
0.207734
0.194027
0.181037
0.168724
0.15705
0.14598
0.13548
0.125516
0.116059
0.107079
0.0985486
0.0904426
0.0827368
0.0754091
0.0684387
0.0618071
0.0554973
0.0494945
0.0437861
0.0383627
0.033218
0.0283771
0.0238686
0.0195665
0.0156027
0.0120347
0.00886663
0.00612885
0.00402485
0.00262375
0.00169448
0.00108229
0.000682576
0.000424406
0.000259745
0.000156221
9.21746e-05
5.32567e-05
3.00771e-05
1.65779e-05
8.91662e-06
4.70603e-06
2.50692e-06
1.46145e-06
9.86104e-07
7.43512e-07
5.87562e-07
4.6618e-07
3.65611e-07
2.81979e-07
2.13296e-07
1.57872e-07
1.14074e-07
8.02911e-08
5.49492e-08
3.65128e-08
2.35283e-08
1.46763e-08
8.82389e-09
5.05708e-09
2.68287e-09
1.20555e-09
2.88238e-10
0.999108
0.996455
0.992666
0.987437
0.980438
0.971336
0.959827
0.945672
0.928729
0.908978
0.886521
0.861578
0.834456
0.805529
0.775197
0.743867
0.711927
0.679733
0.647602
0.615802
0.584559
0.554053
0.524424
0.495777
0.468185
0.441696
0.416334
0.392107
0.369008
0.347017
0.326109
0.30625
0.287403
0.269528
0.252582
0.236522
0.221305
0.206888
0.19323
0.180289
0.168026
0.156402
0.145383
0.134932
0.125018
0.115609
0.106676
0.0981907
0.0901284
0.0824644
0.0751765
0.0682439
0.0616477
0.055371
0.0493988
0.0437185
0.0383205
0.0331983
0.0283842
0.0238897
0.0196007
0.0156408
0.0120768
0.00890821
0.00616535
0.00404881
0.00263953
0.00170486
0.00108909
0.000687004
0.000427259
0.000261562
0.000157362
9.28786e-05
5.36834e-05
3.03305e-05
1.67251e-05
9.00053e-06
4.75362e-06
2.53527e-06
1.48045e-06
1.00018e-06
7.54124e-07
5.95355e-07
4.71674e-07
3.69295e-07
2.84291e-07
2.14611e-07
1.585e-07
1.14259e-07
8.02192e-08
5.47518e-08
3.62776e-08
2.33072e-08
1.44945e-08
8.68894e-09
4.96621e-09
2.62859e-09
1.17916e-09
2.81681e-10
0.999107
0.996449
0.992654
0.987416
0.980406
0.971288
0.959757
0.945573
0.928593
0.908794
0.88628
0.861268
0.83407
0.805059
0.774639
0.743217
0.711187
0.678905
0.646689
0.614813
0.5835
0.552933
0.523253
0.494565
0.466942
0.440432
0.415058
0.390829
0.367735
0.345759
0.324872
0.305042
0.286229
0.268393
0.251491
0.235479
0.220312
0.205949
0.192345
0.179461
0.167255
0.155689
0.144726
0.134332
0.124473
0.115119
0.106238
0.0978044
0.0897911
0.0821741
0.0749308
0.0680405
0.0614841
0.0552444
0.0493064
0.0436574
0.0382874
0.0331898
0.0284054
0.0239256
0.0196504
0.0156943
0.0121339
0.00896358
0.0062135
0.00408069
0.00266069
0.00171889
0.00109834
0.000693048
0.000431168
0.000264058
0.000158931
9.38488e-05
5.42716e-05
3.06796e-05
1.69277e-05
9.11567e-06
4.8184e-06
2.57296e-06
1.50481e-06
1.01767e-06
7.67169e-07
6.04964e-07
4.78516e-07
3.7395e-07
2.87279e-07
2.16378e-07
1.59414e-07
1.14614e-07
8.02438e-08
5.46025e-08
3.60631e-08
2.30926e-08
1.43128e-08
8.552e-09
4.8732e-09
2.57277e-09
1.15196e-09
2.74916e-10
0.999106
0.996444
0.992643
0.987397
0.980375
0.97124
0.959687
0.945473
0.928452
0.908602
0.886025
0.860938
0.833655
0.804551
0.774031
0.742507
0.710374
0.677993
0.645684
0.61372
0.582329
0.551694
0.521956
0.493221
0.465564
0.439029
0.413643
0.389411
0.366325
0.344365
0.323504
0.303706
0.284933
0.267142
0.25029
0.234332
0.219223
0.20492
0.191379
0.178557
0.166415
0.154914
0.144015
0.133684
0.123887
0.114593
0.105772
0.0973946
0.0894359
0.0818711
0.0746774
0.0678339
0.0613214
0.0551227
0.0492226
0.0436083
0.0382695
0.0331997
0.0284432
0.0239789
0.0197181
0.0157665
0.0122091
0.00903575
0.00627606
0.00412273
0.00268887
0.00173771
0.00111082
0.000701249
0.000436491
0.000267465
0.000161078
9.51778e-05
5.50788e-05
3.11593e-05
1.7206e-05
9.27349e-06
4.90664e-06
2.62339e-06
1.53637e-06
1.03967e-06
7.83323e-07
6.16833e-07
4.87007e-07
3.79786e-07
2.91089e-07
2.18699e-07
1.60689e-07
1.15195e-07
8.03984e-08
5.45267e-08
3.58871e-08
2.28965e-08
1.41395e-08
8.41839e-09
4.7814e-09
2.51733e-09
1.12487e-09
2.68169e-10
0.999105
0.996439
0.992632
0.987378
0.980344
0.971193
0.959616
0.945369
0.928305
0.908398
0.885751
0.860581
0.833203
0.803994
0.773363
0.741725
0.709478
0.676985
0.64457
0.612509
0.581031
0.55032
0.520519
0.491734
0.464038
0.437478
0.412079
0.387847
0.364771
0.342832
0.322001
0.302241
0.283514
0.265775
0.24898
0.233084
0.218041
0.203805
0.190334
0.177584
0.165514
0.154083
0.143256
0.132995
0.123267
0.114039
0.105282
0.0969676
0.0890691
0.0815615
0.074422
0.0676297
0.0611651
0.055011
0.0491521
0.0435751
0.0382693
0.0332292
0.0285092
0.0240532
0.0198064
0.0158603
0.0123061
0.00912867
0.00635736
0.00417934
0.00272709
0.00176335
0.00112788
0.000712465
0.000443777
0.000272133
0.000164021
9.70034e-05
5.61974e-05
3.18266e-05
1.75937e-05
9.49313e-06
5.02892e-06
2.69234e-06
1.57844e-06
1.06826e-06
8.04028e-07
6.31988e-07
4.97845e-07
3.87155e-07
2.95923e-07
2.21701e-07
1.62407e-07
1.16056e-07
8.07228e-08
5.4554e-08
3.57692e-08
2.27326e-08
1.39834e-08
8.29411e-09
4.69458e-09
2.46447e-09
1.09893e-09
2.61701e-10
0.999103
0.996434
0.992621
0.987359
0.980312
0.971142
0.959539
0.945255
0.928142
0.908172
0.885445
0.860182
0.832697
0.803371
0.772615
0.74085
0.708475
0.675858
0.643327
0.611158
0.579584
0.548791
0.518922
0.490083
0.462348
0.435765
0.410355
0.386126
0.363066
0.341153
0.320359
0.300646
0.281972
0.264294
0.247565
0.23174
0.216771
0.202612
0.189219
0.176548
0.164558
0.153207
0.142458
0.132274
0.122621
0.113467
0.104781
0.0965336
0.0886993
0.0812529
0.0741715
0.0674339
0.0610208
0.0549146
0.0491002
0.0435644
0.038297
0.0332948
0.0286157
0.0241296
0.0199099
0.0159779
0.0124277
0.00924603
0.00646407
0.00425877
0.00278044
0.00179891
0.00115136
0.000727821
0.000453721
0.000278527
0.000168049
9.94809e-05
5.76651e-05
3.26777e-05
1.80763e-05
9.76058e-06
5.1745e-06
2.77218e-06
1.62585e-06
1.10005e-06
8.27084e-07
6.49085e-07
5.10403e-07
3.96223e-07
3.01957e-07
2.25521e-07
1.64665e-07
1.17264e-07
8.1268e-08
5.47116e-08
3.57316e-08
2.26158e-08
1.3855e-08
8.18599e-09
4.61708e-09
2.4167e-09
1.07537e-09
2.55813e-10
0.999102
0.996427
0.992608
0.987335
0.980272
0.971081
0.959446
0.945119
0.927948
0.907904
0.885087
0.859717
0.832111
0.802652
0.771756
0.739847
0.70733
0.674577
0.641918
0.609633
0.577957
0.547077
0.517138
0.488245
0.460474
0.433871
0.408457
0.384238
0.361201
0.339325
0.318577
0.29892
0.280311
0.262704
0.246052
0.230308
0.215423
0.20135
0.188045
0.175462
0.163559
0.152295
0.141631
0.131531
0.121959
0.112883
0.104273
0.0960978
0.0883323
0.0809512
0.0739315
0.0672519
0.0608928
0.0548369
0.0490686
0.0435749
0.0383451
0.0333782
0.0287225
0.0242549
0.0200503
0.0161273
0.0125748
0.0093751
0.00661529
0.0043732
0.00285474
0.00184727
0.00118278
0.000748148
0.000466791
0.000286689
0.000173075
0.000102557
5.95273e-05
3.37849e-05
1.872e-05
1.01256e-05
5.37664e-06
2.88224e-06
1.68949e-06
1.14101e-06
8.5572e-07
6.69749e-07
5.25194e-07
4.06661e-07
3.09389e-07
2.3041e-07
1.67598e-07
1.189e-07
8.20811e-08
5.5035e-08
3.57981e-08
2.25634e-08
1.37662e-08
8.10199e-09
4.55397e-09
2.37698e-09
1.05559e-09
2.50859e-10
0.9991
0.996418
0.992589
0.987301
0.980219
0.970998
0.959324
0.944944
0.927703
0.907571
0.884647
0.859152
0.831406
0.801795
0.770741
0.738672
0.705999
0.673097
0.6403
0.607893
0.576112
0.545144
0.515137
0.486196
0.458396
0.431781
0.406374
0.382177
0.359177
0.33735
0.316663
0.297075
0.278544
0.261021
0.244458
0.228805
0.214015
0.200039
0.18683
0.174343
0.162535
0.151365
0.140792
0.130781
0.121295
0.112301
0.103769
0.0956703
0.0879769
0.0806639
0.0737083
0.0670886
0.0607854
0.0547812
0.0490602
0.0436094
0.038418
0.0334881
0.0288561
0.0244115
0.0202242
0.0163122
0.0127541
0.0095519
0.00677549
0.00450141
0.00294015
0.00190389
0.00122009
0.000772572
0.000482373
0.000296591
0.000179286
0.000106327
6.17721e-05
3.50926e-05
1.94653e-05
1.05418e-05
5.60614e-06
3.0113e-06
1.76561e-06
1.19058e-06
8.9017e-07
6.9469e-07
5.43167e-07
4.19246e-07
3.17851e-07
2.36102e-07
1.71308e-07
1.21047e-07
8.32218e-08
5.55681e-08
3.59899e-08
2.25951e-08
1.37303e-08
8.05089e-09
4.51084e-09
2.34857e-09
1.0412e-09
2.47231e-10
0.999096
0.996404
0.99256
0.987251
0.980139
0.970879
0.959152
0.944702
0.927374
0.907133
0.88408
0.858438
0.830529
0.800745
0.769514
0.737268
0.704425
0.671365
0.638425
0.605894
0.57401
0.542962
0.512896
0.48392
0.456105
0.429496
0.404112
0.379955
0.357009
0.335249
0.314639
0.295138
0.2767
0.259275
0.242814
0.227265
0.21258
0.198709
0.185605
0.173221
0.161514
0.150441
0.139964
0.130044
0.120647
0.111738
0.103286
0.095264
0.0876434
0.0803991
0.0735078
0.0669483
0.0607011
0.0547486
0.0490752
0.0436673
0.038515
0.0336212
0.0290135
0.0245933
0.0204249
0.0165254
0.0129582
0.00974867
0.006953
0.00464617
0.00303656
0.00196797
0.00126251
0.000799962
0.00049993
0.000307651
0.00018615
0.000110564
6.43412e-05
3.66155e-05
2.03442e-05
1.10338e-05
5.87299e-06
3.15288e-06
1.84528e-06
1.2422e-06
9.28639e-07
7.23638e-07
5.64143e-07
4.34128e-07
3.28054e-07
2.42772e-07
1.7562e-07
1.23778e-07
8.47483e-08
5.63515e-08
3.63454e-08
2.27244e-08
1.37614e-08
8.04379e-09
4.49473e-09
2.33545e-09
1.03404e-09
2.45385e-10
0.999091
0.996383
0.992516
0.987177
0.980023
0.970709
0.95891
0.94437
0.926929
0.906554
0.883344
0.857525
0.829426
0.799444
0.768015
0.735577
0.702554
0.669332
0.636253
0.603606
0.571632
0.540521
0.510419
0.481429
0.453625
0.427046
0.401711
0.377619
0.354751
0.333079
0.312566
0.293169
0.274839
0.257526
0.24118
0.225746
0.211174
0.197414
0.184418
0.17214
0.160535
0.149562
0.13918
0.129352
0.120041
0.111215
0.102843
0.094895
0.0873441
0.0801655
0.0733358
0.0668339
0.0606401
0.054737
0.0491089
0.0437427
0.0386276
0.0337678
0.0291835
0.024787
0.0206367
0.016749
0.0131748
0.00995617
0.00714013
0.00480025
0.0031393
0.00203647
0.00130724
0.000829085
0.000518831
0.000319865
0.000193925
0.00011541
6.7299e-05
3.83813e-05
2.13739e-05
1.16194e-05
6.19772e-06
3.3286e-06
1.94239e-06
1.3008e-06
9.67758e-07
7.52943e-07
5.87351e-07
4.51321e-07
3.39955e-07
2.50765e-07
1.80703e-07
1.26976e-07
8.67073e-08
5.74117e-08
3.68796e-08
2.29701e-08
1.38616e-08
8.0814e-09
4.50765e-09
2.33944e-09
1.03514e-09
2.4558e-10
0.999083
0.99635
0.992448
0.987061
0.979845
0.97045
0.95855
0.943886
0.926297
0.905751
0.882351
0.856328
0.828015
0.79782
0.766183
0.733552
0.700357
0.666988
0.63379
0.601055
0.569024
0.537884
0.507781
0.478816
0.451057
0.424543
0.399289
0.375288
0.352523
0.33096
0.310561
0.29128
0.273068
0.255873
0.239671
0.224348
0.209886
0.196234
0.183344
0.171167
0.15966
0.14878
0.138487
0.128743
0.119512
0.110762
0.102461
0.0945796
0.0870918
0.0799722
0.0731975
0.0667468
0.0606007
0.0547414
0.0491538
0.0438245
0.0387425
0.0339126
0.029349
0.0249738
0.02084
0.0169627
0.0133839
0.0101562
0.00732049
0.0049496
0.00323884
0.00210219
0.0013509
0.000858142
0.000537941
0.000332207
0.000201771
0.000120316
7.03093e-05
4.01896e-05
2.24349e-05
1.22261e-05
6.53524e-06
3.51123e-06
2.04147e-06
1.36278e-06
1.01067e-06
7.83904e-07
6.09518e-07
4.68036e-07
3.52811e-07
2.59626e-07
1.8651e-07
1.30522e-07
8.88804e-08
5.87303e-08
3.76208e-08
2.33628e-08
1.40595e-08
8.1775e-09
4.55402e-09
2.36166e-09
1.04477e-09
2.47885e-10
0.999072
0.996309
0.992363
0.986916
0.979621
0.970125
0.9581
0.943285
0.925519
0.904773
0.881153
0.854899
0.826354
0.795934
0.764091
0.731281
0.697939
0.664458
0.631186
0.598413
0.566376
0.535261
0.505207
0.476313
0.448642
0.422229
0.397084
0.3732
0.350553
0.329111
0.308831
0.289666
0.271566
0.254529
0.238414
0.223195
0.208833
0.195283
0.182482
0.170391
0.158966
0.148162
0.137942
0.128266
0.1191
0.11041
0.102166
0.0943377
0.0868994
0.079826
0.0730944
0.0666838
0.0605748
0.0547499
0.0491939
0.0438934
0.0388374
0.0340307
0.0294837
0.0251256
0.021005
0.0171364
0.0135556
0.0103208
0.0074692
0.00507354
0.00332206
0.00215801
0.00138832
0.000883002
0.00055426
0.000342799
0.000208553
0.000124592
7.29566e-05
4.17962e-05
2.33879e-05
1.27772e-05
6.84495e-06
3.67935e-06
2.1314e-06
1.41852e-06
1.05001e-06
8.13937e-07
6.32497e-07
4.84764e-07
3.64688e-07
2.68743e-07
1.93e-07
1.34837e-07
9.15162e-08
6.03402e-08
3.85622e-08
2.38907e-08
1.43474e-08
8.33213e-09
4.63586e-09
2.40319e-09
1.06309e-09
2.52233e-10
0.999058
0.996253
0.992245
0.986713
0.979305
0.969666
0.95747
0.942459
0.924479
0.90351
0.879671
0.853212
0.824487
0.793918
0.761963
0.729079
0.695698
0.662214
0.628967
0.596245
0.564279
0.533249
0.503292
0.474501
0.446937
0.420632
0.395594
0.371815
0.34927
0.327926
0.30774
0.288666
0.270652
0.2537
0.237651
0.222505
0.208209
0.194721
0.181978
0.169941
0.158566
0.147809
0.137632
0.127997
0.118869
0.110214
0.102003
0.0942052
0.0867954
0.0797483
0.0730413
0.0666533
0.0605653
0.0547597
0.0492216
0.0439373
0.0388961
0.0341025
0.0295648
0.0252165
0.0211036
0.0172399
0.0136586
0.0104197
0.00755896
0.0051488
0.00337303
0.00219271
0.00141169
0.000898555
0.000564524
0.000349501
0.000212876
0.000127341
7.46763e-05
4.2852e-05
2.40227e-05
1.31498e-05
7.05766e-06
3.79628e-06
2.19412e-06
1.45738e-06
1.07788e-06
8.36018e-07
6.5017e-07
4.98479e-07
3.74649e-07
2.75353e-07
1.97537e-07
1.3798e-07
9.36399e-08
6.16328e-08
3.93465e-08
2.43626e-08
1.46282e-08
8.49651e-09
4.72932e-09
2.45301e-09
1.08568e-09
2.57685e-10
)
;

boundaryField
{
    fuel
    {
        type            fixedValue;
        value           uniform 1;
    }
    air
    {
        type            fixedValue;
        value           uniform 0;
    }
    outlet
    {
        type            inletOutlet;
        inletValue      uniform 0;
        value           nonuniform List<scalar> 
200
(
0.999063
0.996272
0.992284
0.986779
0.979407
0.969814
0.957672
0.942722
0.92481
0.90391
0.880138
0.853741
0.825069
0.794543
0.762618
0.729752
0.696377
0.662888
0.629627
0.596883
0.564889
0.533827
0.503835
0.475007
0.447406
0.421064
0.39599
0.372176
0.349599
0.328224
0.30801
0.288909
0.270872
0.253901
0.237833
0.22267
0.208359
0.194857
0.182103
0.170056
0.158671
0.147908
0.137724
0.128083
0.11895
0.110291
0.102076
0.0942756
0.0868631
0.0798138
0.0731049
0.0667152
0.0606256
0.0548187
0.0492792
0.0439936
0.038951
0.0341564
0.029617
0.025267
0.0211519
0.0172858
0.0137007
0.0104578
0.00759195
0.00517511
0.00339035
0.00220406
0.00141909
0.000903332
0.000567576
0.000351427
0.000214073
0.000128072
7.51151e-05
4.31095e-05
2.41702e-05
1.32319e-05
7.10163e-06
3.81812e-06
2.20372e-06
1.46168e-06
1.07994e-06
8.37225e-07
6.50978e-07
4.99029e-07
3.75011e-07
2.75577e-07
1.9766e-07
1.38037e-07
9.36552e-08
6.1622e-08
3.93243e-08
2.43379e-08
1.46059e-08
8.47889e-09
4.71687e-09
2.4453e-09
1.08184e-09
2.56718e-10
0.999058
0.996253
0.992245
0.986713
0.979305
0.969666
0.95747
0.942459
0.924479
0.90351
0.879671
0.853212
0.824487
0.793918
0.761963
0.729079
0.695698
0.662214
0.628967
0.596245
0.564279
0.533249
0.503292
0.474501
0.446937
0.420632
0.395594
0.371815
0.34927
0.327926
0.30774
0.288666
0.270652
0.2537
0.237651
0.222505
0.208209
0.194721
0.181978
0.169941
0.158566
0.147809
0.137632
0.127997
0.118869
0.110214
0.102003
0.0942052
0.0867954
0.0797483
0.0730413
0.0666533
0.0605653
0.0547597
0.0492216
0.0439373
0.0388961
0.0341025
0.0295648
0.0252165
0.0211036
0.0172399
0.0136586
0.0104197
0.00755896
0.0051488
0.00337303
0.00219271
0.00141169
0.000898555
0.000564524
0.000349501
0.000212876
0.000127341
7.46763e-05
4.2852e-05
2.40227e-05
1.31498e-05
7.05766e-06
3.79628e-06
2.19412e-06
1.45738e-06
1.07788e-06
8.36018e-07
6.5017e-07
4.98479e-07
3.74649e-07
2.75353e-07
1.97537e-07
1.3798e-07
9.36399e-08
6.16328e-08
3.93465e-08
2.43626e-08
1.46282e-08
8.49651e-09
4.72932e-09
2.45301e-09
1.08568e-09
2.57685e-10
)
;
    }
    frontAndBack
    {
        type            empty;
    }
}


// ************************************************************************* //
