/*--------------------------------*- C++ -*----------------------------------*\
  =========                 |
  \\      /  F ield         | OpenFOAM: The Open Source CFD Toolbox
   \\    /   O peration     | Website:  https://openfoam.org
    \\  /    A nd           | Version:  11
     \\/     M anipulation  |
\*---------------------------------------------------------------------------*/
FoamFile
{
    format      ascii;
    class       volScalarField;
    location    "0.1";
    object      CO2;
}
// * * * * * * * * * * * * * * * * * * * * * * * * * * * * * * * * * * * * * //

dimensions      [0 0 0 0 0 0 0];

internalField   nonuniform List<scalar> 
4000
(
5.64243e-07
2.31424e-06
5.09071e-06
9.51691e-06
1.65203e-05
2.74274e-05
4.40523e-05
6.87563e-05
0.000104456
0.000154569
0.00022289
0.000313438
0.000430286
0.000577406
0.000758563
0.00097724
0.00123661
0.00153952
0.00188854
0.00228595
0.00273381
0.00323397
0.00378808
0.00439765
0.00506404
0.00578846
0.00657202
0.00741568
0.00832029
0.00928659
0.0103152
0.0114065
0.012561
0.0137749
0.015056
0.0164005
0.0178082
0.0192781
0.0208109
0.0224054
0.0240607
0.025776
0.0275501
0.0293818
0.0312696
0.0332119
0.035207
0.0372528
0.0393471
0.0414873
0.0436707
0.0458935
0.0481511
0.0504384
0.0527475
0.0550694
0.057391
0.0596884
0.0619312
0.064118
0.0661813
0.0680529
0.0696319
0.0707716
0.0712842
0.0708715
0.069087
0.0660008
0.0621358
0.0578404
0.0533477
0.0488142
0.0443443
0.040007
0.0358476
0.0318954
0.0281689
0.0246795
0.0214341
0.0184384
0.0156971
0.0131984
0.0109483
0.00894452
0.00718304
0.00565814
0.00436176
0.00328318
0.00240796
0.00171725
0.00118889
0.000798209
0.000519477
0.000327626
0.000200059
0.000117871
6.6326e-05
3.46484e-05
1.53931e-05
3.65829e-06
5.91871e-07
2.42834e-06
5.34326e-06
9.99037e-06
1.73395e-05
2.87729e-05
4.6173e-05
7.19778e-05
0.000109182
0.000161273
0.0002321
0.00032571
0.000446175
0.000597446
0.000783241
0.00100698
0.00127178
0.00158041
0.00193537
0.0023389
0.00279299
0.00329946
0.00385992
0.00447586
0.00514861
0.00587937
0.00666925
0.0075192
0.00843007
0.00940261
0.0104374
0.0115351
0.0126959
0.0139162
0.0152029
0.0165536
0.0179674
0.0194434
0.0209823
0.0225827
0.024244
0.0259652
0.0277453
0.0295828
0.0314765
0.0334246
0.0354254
0.0374767
0.0395765
0.0417221
0.0439109
0.0461389
0.0484017
0.050694
0.0530078
0.0553332
0.0576576
0.0599569
0.0621991
0.0643844
0.066443
0.0683057
0.0698687
0.0709845
0.0714616
0.0709958
0.0691336
0.0659935
0.0620909
0.05777
0.0532601
0.0487156
0.0442391
0.0398988
0.035739
0.0317885
0.0280654
0.0245809
0.0213417
0.0183536
0.0156206
0.0131307
0.01089
0.00889587
0.00714411
0.0056287
0.00434149
0.00327079
0.00240094
0.00171395
0.00118805
0.000798697
0.00052061
0.000328925
0.000201235
0.000118793
6.69661e-05
3.50376e-05
1.55844e-05
3.70587e-06
6.41059e-07
2.62907e-06
5.77944e-06
1.07895e-05
1.8688e-05
3.09328e-05
4.94969e-05
7.69197e-05
0.000116301
0.000171225
0.000245626
0.00034361
0.000469286
0.000626609
0.000819276
0.00105067
0.00132383
0.00164147
0.00200602
0.00241962
0.0028842
0.00340149
0.00397306
0.00460032
0.00528455
0.00602693
0.0068285
0.0076902
0.00861285
0.00959715
0.0106437
0.011753
0.0129253
0.0141608
0.0154572
0.0168197
0.018245
0.0197331
0.0212834
0.0228953
0.0245679
0.0263004
0.0280916
0.0299402
0.0318449
0.0338039
0.0358153
0.0378769
0.0399866
0.042142
0.0443404
0.0465778
0.0488496
0.0511506
0.0534734
0.0558039
0.0581329
0.0604351
0.0626758
0.0648576
0.0669075
0.0687536
0.0702877
0.0713614
0.0717768
0.0712203
0.069228
0.0659981
0.0620334
0.0576697
0.0531321
0.0485705
0.0440849
0.0397415
0.0355833
0.0316379
0.0279228
0.0244486
0.0212214
0.0182474
0.015529
0.0130538
0.010828
0.0088484
0.00711038
0.00560774
0.00433085
0.00326761
0.00240381
0.00172083
0.00119668
0.000807607
0.000528676
0.000335501
0.000206157
0.000122185
6.9107e-05
3.62448e-05
1.61447e-05
3.84124e-06
7.00711e-07
2.87109e-06
6.30036e-06
1.17332e-05
2.02627e-05
3.34294e-05
5.33076e-05
8.25531e-05
0.00012439
0.000182528
0.000261011
0.000364043
0.000495797
0.000660264
0.00086115
0.00110181
0.00138524
0.0017141
0.00209071
0.00251714
0.00299524
0.00352663
0.00411281
0.00475509
0.00545471
0.00621275
0.00703021
0.00790797
0.00884681
0.00984739
0.0109103
0.0120359
0.0132245
0.0144763
0.0157913
0.0171695
0.0186108
0.020115
0.0216813
0.023309
0.0249973
0.0267452
0.0285516
0.0304152
0.0323346
0.034308
0.0363335
0.0384091
0.0405325
0.0427011
0.0449122
0.0471616
0.0494448
0.0517561
0.0540881
0.0564271
0.0587616
0.0610668
0.0633046
0.0654809
0.0675182
0.0693422
0.0708378
0.0718576
0.0721954
0.0715261
0.0693748
0.0660354
0.0619965
0.0575822
0.0530111
0.0484295
0.0439337
0.0395873
0.0354317
0.031493
0.0277878
0.0243257
0.0211124
0.0181539
0.0154512
0.0129915
0.0107807
0.00881545
0.00709008
0.00559688
0.00432751
0.00327056
0.0024109
0.00172991
0.00120643
0.000817176
0.000536956
0.000342084
0.000210991
0.000125437
7.11417e-05
3.74042e-05
1.66955e-05
3.97779e-06
7.67387e-07
3.14102e-06
6.87943e-06
1.27781e-05
2.19991e-05
3.61719e-05
5.74795e-05
8.8703e-05
0.000133202
0.000194819
0.000277729
0.000386241
0.000524613
0.000696894
0.000906812
0.00115772
0.00145259
0.00179402
0.00218427
0.00262533
0.00311894
0.00366665
0.00426984
0.00492975
0.00564752
0.00642414
0.00726055
0.00815755
0.00911586
0.0101361
0.0112187
0.0123642
0.0135728
0.0148445
0.0161796
0.0175778
0.0190389
0.0205625
0.022148
0.0237948
0.0255019
0.0272683
0.0290928
0.0309741
0.0329106
0.0349007
0.0369426
0.0390346
0.0411738
0.0433576
0.0455828
0.0478451
0.0501399
0.0524606
0.054799
0.0571518
0.0594918
0.0617997
0.064033
0.0662015
0.0682234
0.0700215
0.0714725
0.0724323
0.0726849
0.0718922
0.0695728
0.0661177
0.0619994
0.0575324
0.0529267
0.0483231
0.0438152
0.0394646
0.0353106
0.031378
0.0276817
0.0242309
0.0210302
0.0180861
0.0153979
0.0129518
0.0107535
0.00879839
0.00708158
0.00559651
0.00433377
0.00328134
0.00242401
0.00174383
0.00122031
0.000829369
0.000547031
0.000349837
0.000216476
0.000129214
7.36307e-05
3.88897e-05
1.74182e-05
4.156e-06
8.38147e-07
3.42706e-06
7.49159e-06
1.38796e-05
2.38241e-05
3.90468e-05
6.18433e-05
9.51253e-05
0.000142394
0.000207637
0.000295163
0.000409403
0.00055471
0.000735201
0.000954643
0.0012164
0.00152343
0.00187828
0.00228316
0.00273998
0.00325039
0.00381584
0.00443762
0.00511688
0.00585463
0.0066518
0.00750922
0.00842761
0.00940763
0.0104498
0.0115546
0.0127223
0.0139531
0.0152472
0.0166045
0.0180248
0.0195079
0.0210533
0.0226603
0.0243283
0.0260562
0.0278431
0.0296877
0.0315887
0.0335445
0.0355534
0.0376134
0.0397222
0.0418776
0.0440768
0.0463165
0.0485924
0.0508999
0.0532322
0.0555818
0.0579377
0.060283
0.0625922
0.064819
0.0669774
0.0689814
0.070751
0.072154
0.0730513
0.0732159
0.0722968
0.0698136
0.0662453
0.0620487
0.0575285
0.0528885
0.0482639
0.0437445
0.0393886
0.0352344
0.0313053
0.0276155
0.0241731
0.020982
0.0180481
0.0153699
0.0129325
0.0107423
0.00879543
0.00708595
0.00560653
0.00434776
0.00329742
0.00244093
0.00176099
0.00123585
0.000842747
0.000557962
0.000358071
0.000222789
0.000133762
7.65643e-05
4.05711e-05
1.82108e-05
4.35036e-06
9.11259e-07
3.72232e-06
8.1225e-06
1.50127e-05
2.5698e-05
4.19929e-05
6.63075e-05
0.000101686
0.000151772
0.000220702
0.000312924
0.000432994
0.000585367
0.000774236
0.00100342
0.0012763
0.00159582
0.00196451
0.00238452
0.00285768
0.00338558
0.00396956
0.00461081
0.00531038
0.00606919
0.00688805
0.0077677
0.00870878
0.00971183
0.0107773
0.0119056
0.0130969
0.0143514
0.0156692
0.0170501
0.0184939
0.0200002
0.0215685
0.0231982
0.0248884
0.0266383
0.0284465
0.030312
0.0322333
0.0342087
0.0362364
0.0383146
0.0404408
0.0426127
0.0448275
0.0470814
0.0493703
0.0516891
0.0540308
0.0563867
0.058745
0.0610974
0.0634077
0.065627
0.0677734
0.0697574
0.0714966
0.0728514
0.0736872
0.0737636
0.072718
0.0700855
0.0664127
0.0621431
0.0575722
0.0528975
0.0482505
0.0437174
0.0393547
0.0351982
0.03127
0.0275835
0.0241458
0.0209604
0.018033
0.0153622
0.0129316
0.010748
0.00880649
0.0071013
0.00562481
0.00436757
0.0033179
0.00246163
0.00178001
0.00125262
0.000856903
0.000569182
0.000367101
0.000229407
0.000138261
7.94373e-05
4.22319e-05
1.90028e-05
4.5455e-06
9.85033e-07
4.02002e-06
8.75779e-06
1.61519e-05
2.75785e-05
4.49447e-05
7.07735e-05
0.00010824
0.000161132
0.000233732
0.000330629
0.000456503
0.000615918
0.000813146
0.00105206
0.00133607
0.00166812
0.0020507
0.00248594
0.0029756
0.00352118
0.00412395
0.00478498
0.00550523
0.0062855
0.00712651
0.0080289
0.00899319
0.0100198
0.0111092
0.0122616
0.0134771
0.0147559
0.0160979
0.0175029
0.0189706
0.0205006
0.0220923
0.023745
0.0254578
0.0272297
0.0290596
0.030946
0.0328876
0.0348827
0.0369297
0.0390269
0.0411689
0.0433562
0.0455856
0.0478531
0.0501542
0.0524838
0.0548346
0.0571975
0.0595608
0.0619077
0.0642202
0.066432
0.0685643
0.0705267
0.0722345
0.0735447
0.0743176
0.0743115
0.0731465
0.0703798
0.0666134
0.0622776
0.0576599
0.0529521
0.0482819
0.0437336
0.0393614
0.0351998
0.0312696
0.0275832
0.0241472
0.0209647
0.0180414
0.0153748
0.0129478
0.0107673
0.00882824
0.0071246
0.00564873
0.00439191
0.00334217
0.00248402
0.00180003
0.00126987
0.000871139
0.000580602
0.000375895
0.000235788
0.000142637
8.22416e-05
4.38573e-05
1.97797e-05
4.73712e-06
1.05799e-06
4.31421e-06
9.38493e-06
1.72749e-05
2.94299e-05
4.78465e-05
7.51581e-05
0.000114668
0.000170302
0.000246487
0.000347949
0.000479494
0.000645791
0.000851195
0.00109963
0.00139455
0.00173889
0.00213515
0.00258538
0.00309132
0.00365436
0.00427571
0.00495635
0.00569711
0.00649872
0.00736178
0.0082868
0.00927422
0.0103244
0.0114376
0.012614
0.0138537
0.0151566
0.0165227
0.0179517
0.0194431
0.0209966
0.0226114
0.0242868
0.0260218
0.0278154
0.0296662
0.031573
0.033534
0.0355475
0.0376115
0.0397233
0.0418838
0.0440872
0.046331
0.0486113
0.0509239
0.0532633
0.0556224
0.057992
0.0603601
0.0627109
0.0650219
0.0672297
0.0693218
0.0712679
0.0729467
0.0742144
0.0749283
0.0748396
0.0735595
0.0706837
0.0668381
0.0624446
0.0577846
0.053046
0.0483534
0.0437887
0.0394048
0.0352349
0.0312995
0.0276102
0.024173
0.0209902
0.0180675
0.0154021
0.0129758
0.0107959
0.0088572
0.00715376
0.0056781
0.00442005
0.00336794
0.00250723
0.00182039
0.00128723
0.000885259
0.000592051
0.000384478
0.000241974
0.000146874
8.49573e-05
4.54323e-05
2.05329e-05
4.92299e-06
1.12875e-06
4.5994e-06
9.99234e-06
1.83615e-05
3.12188e-05
5.06469e-05
7.93847e-05
0.000120857
0.000179125
0.00025875
0.000364593
0.000501581
0.000674485
0.000887742
0.00114534
0.00145075
0.00180694
0.00221637
0.00268109
0.00320275
0.00378271
0.00442207
0.00512174
0.00588243
0.00670478
0.00758929
0.00853635
0.00954631
0.0106194
0.0117558
0.0129556
0.0142188
0.0155452
0.0169348
0.018387
0.0199015
0.0214777
0.0231149
0.0248121
0.0265685
0.0283828
0.0302538
0.03218
0.0341598
0.0361914
0.0382728
0.0404019
0.0425762
0.044793
0.0470492
0.0493408
0.0516634
0.0540112
0.056377
0.058751
0.0611206
0.0634686
0.0657712
0.0679787
0.0700523
0.0719767
0.073624
0.0748504
0.0755083
0.0753412
0.0739525
0.0709892
0.0670778
0.0626344
0.0579364
0.0531687
0.048454
0.0438726
0.039476
0.0352968
0.0313544
0.0276599
0.0242188
0.0210333
0.0181089
0.0154423
0.0130146
0.0108333
0.00889304
0.0071877
0.00570952
0.00444896
0.00339413
0.00253046
0.0018405
0.00130412
0.000899261
0.000602948
0.000392674
0.000247882
0.000150921
8.7552e-05
4.69377e-05
2.12531e-05
5.10074e-06
1.19611e-06
4.87076e-06
1.05699e-05
1.93936e-05
3.29164e-05
5.33018e-05
8.33876e-05
0.000126714
0.000187467
0.000270338
0.000380314
0.000522436
0.000701575
0.000922246
0.0011885
0.00150383
0.00187123
0.00229314
0.00277159
0.00330818
0.00390421
0.0045607
0.00527847
0.00605816
0.00690029
0.00780524
0.00877335
0.00980482
0.0108998
0.0120584
0.0132805
0.0145661
0.0159149
0.0173268
0.0188012
0.0203376
0.0219353
0.0235937
0.0253116
0.0270881
0.0289219
0.0308118
0.0327562
0.0347533
0.0368015
0.0388986
0.0410424
0.0432303
0.0454598
0.0477274
0.0500292
0.0523606
0.0547156
0.057087
0.0594648
0.0618359
0.0641829
0.0664819
0.0686812
0.0707386
0.0726421
0.0742589
0.0754469
0.0760534
0.0758156
0.0743306
0.0712936
0.0673256
0.0628381
0.0581055
0.0533105
0.0485743
0.0439756
0.0395654
0.0353753
0.0314242
0.0277227
0.024276
0.0210859
0.0181578
0.0154884
0.0130578
0.0108736
0.00893065
0.00722255
0.00574152
0.00447799
0.00342007
0.00255321
0.00186
0.00132021
0.000912416
0.000613236
0.000400408
0.000253451
0.000154734
8.9996e-05
4.83557e-05
2.19316e-05
5.26823e-06
1.25904e-06
5.12418e-06
1.11089e-05
2.03561e-05
3.44982e-05
5.57734e-05
8.71111e-05
0.000132158
0.000195216
0.000281097
0.000394905
0.000541788
0.000726709
0.00095426
0.00122854
0.0015531
0.00193091
0.00236444
0.00285568
0.00340619
0.0040172
0.00468969
0.00542437
0.00622181
0.00708243
0.00800653
0.00899432
0.0100459
0.0111614
0.0123407
0.0135837
0.0148903
0.0162601
0.0176928
0.0191879
0.0207447
0.0223625
0.0240405
0.0257776
0.0275727
0.0294246
0.0313318
0.0332928
0.0353057
0.0373688
0.03948
0.0416369
0.0438374
0.0460783
0.0483562
0.0506671
0.0530063
0.0553676
0.0577434
0.0601239
0.0624956
0.0648404
0.0671338
0.0693264
0.0713718
0.0732566
0.0748454
0.0759989
0.0765595
0.0762599
0.0746917
0.0715912
0.0675736
0.0630469
0.0582828
0.0534624
0.0487053
0.0440896
0.0396654
0.0354637
0.0315029
0.0277934
0.0243399
0.0211439
0.018211
0.0155378
0.0131032
0.0109153
0.00896894
0.00725748
0.00577314
0.0045063
0.00344507
0.00257491
0.00187848
0.0013357
0.000924766
0.000622826
0.000407597
0.000258621
0.000158271
9.22626e-05
4.96707e-05
2.25609e-05
5.42358e-06
1.31667e-06
5.35623e-06
1.16022e-05
2.12365e-05
3.5944e-05
5.80309e-05
9.05098e-05
0.000137124
0.000202281
0.000290903
0.000408199
0.000559417
0.000749604
0.000983423
0.00126502
0.00159799
0.00198531
0.00242945
0.00293237
0.0034956
0.00412034
0.00480746
0.00555765
0.00637136
0.00724895
0.00819061
0.00919647
0.0102666
0.0114008
0.0125992
0.0138614
0.0151872
0.0165762
0.018028
0.019542
0.0211174
0.0227536
0.0244495
0.026204
0.0280161
0.0298844
0.0318073
0.0337834
0.0358108
0.0378875
0.0400115
0.0421805
0.0443917
0.0466424
0.0489291
0.0512476
0.0535933
0.0559598
0.0583393
0.0607218
0.0630936
0.0654365
0.0677255
0.0699141
0.0719443
0.0738126
0.0753767
0.0765003
0.0770214
0.0766686
0.0750297
0.0718746
0.0678139
0.0632523
0.0584598
0.0536159
0.0488393
0.0442072
0.0397692
0.0355557
0.031585
0.0278669
0.0244061
0.0212038
0.0182652
0.0155877
0.0131486
0.0109566
0.00900637
0.00729127
0.00580343
0.00453317
0.0034686
0.00259514
0.00189539
0.00134979
0.000936074
0.0006316
0.000414164
0.000263339
0.000161496
9.43286e-05
5.08693e-05
2.31345e-05
5.56519e-06
1.36834e-06
5.56416e-06
1.20441e-05
2.20246e-05
3.72377e-05
6.00497e-05
9.35477e-05
0.00014156
0.000208591
0.000299658
0.000420065
0.000575149
0.000770035
0.00100945
0.00129759
0.00163806
0.00203389
0.00248752
0.00300089
0.00357552
0.00421254
0.0049128
0.00567689
0.00650521
0.00739802
0.00835545
0.00937754
0.0104642
0.0116154
0.0128308
0.0141103
0.0154533
0.0168596
0.0183285
0.0198594
0.0214515
0.0231041
0.024816
0.0265861
0.0284133
0.0302961
0.0322331
0.0342225
0.0362626
0.0383514
0.0404869
0.0426667
0.0448869
0.0471459
0.0494401
0.0517652
0.0541163
0.056487
0.0588694
0.0612533
0.063625
0.0659657
0.0682504
0.0704342
0.0724527
0.0743069
0.0758493
0.0769471
0.0774343
0.0770365
0.0753383
0.0721367
0.0680387
0.0634467
0.0586289
0.0537638
0.0489692
0.0443219
0.0398708
0.0356461
0.0316656
0.0279391
0.0244709
0.0212621
0.0183178
0.0156358
0.0131919
0.0109957
0.00904158
0.00732282
0.0058315
0.00455792
0.00349015
0.00261365
0.00191108
0.00136256
0.000946244
0.000639466
0.000420041
0.000267556
0.000164378
9.61745e-05
5.19402e-05
2.3647e-05
5.69171e-06
1.41348e-06
5.74584e-06
1.24301e-05
2.27128e-05
3.83668e-05
6.1811e-05
9.61967e-05
0.000145428
0.00021409
0.000307285
0.000430402
0.000588853
0.000787832
0.00103212
0.00132596
0.00167298
0.00207622
0.00253813
0.00306064
0.00364523
0.00429299
0.00500473
0.00578098
0.00662208
0.00752823
0.00849947
0.00953577
0.010637
0.011803
0.0130334
0.0143279
0.015686
0.0171073
0.0185912
0.0201369
0.0217437
0.0234105
0.0251363
0.02692
0.0287603
0.0306557
0.0326047
0.0346056
0.0366565
0.0387555
0.0409001
0.0430881
0.0453171
0.0475838
0.0498845
0.0522152
0.0545709
0.0569452
0.0593299
0.0617149
0.0640862
0.0664251
0.0687061
0.0708862
0.072896
0.0747368
0.0762601
0.0773358
0.0777946
0.0773591
0.0756117
0.0723712
0.0682417
0.0636235
0.0587838
0.0539001
0.0490895
0.0444284
0.0399653
0.0357302
0.0317406
0.0280061
0.0245309
0.0213159
0.0183661
0.0156797
0.0132315
0.0110313
0.00907338
0.00735117
0.0058566
0.00457994
0.00350922
0.0026299
0.00192471
0.00137372
0.00095513
0.000646333
0.000425168
0.000271234
0.000166891
9.77834e-05
5.28736e-05
2.40937e-05
5.80201e-06
1.45171e-06
5.89965e-06
1.27567e-05
2.32952e-05
3.93219e-05
6.33003e-05
9.84362e-05
0.000148696
0.000218735
0.000313728
0.000439133
0.000600428
0.000802865
0.00105127
0.00134992
0.00170249
0.002112
0.00258092
0.00311116
0.00370418
0.00436105
0.00508252
0.00586908
0.00672102
0.00763847
0.00862142
0.00966978
0.0107833
0.0119618
0.0132049
0.0145122
0.0158832
0.0173173
0.0188138
0.0203721
0.0219911
0.02367
0.0254076
0.0272028
0.0290541
0.0309601
0.0329192
0.0349297
0.0369897
0.039097
0.0412494
0.0434442
0.0456802
0.0479532
0.0502594
0.0525948
0.0549541
0.0573313
0.0597179
0.0621035
0.0644744
0.0668116
0.0690893
0.071266
0.0732678
0.075098
0.0766057
0.0776634
0.078099
0.0776329
0.0758456
0.0725734
0.0684178
0.0637779
0.0589197
0.0540201
0.0491959
0.0445228
0.0400493
0.035805
0.0318074
0.0280657
0.0245841
0.0213635
0.0184087
0.0157183
0.013266
0.0110621
0.0091009
0.00737559
0.00587814
0.00459877
0.0035255
0.00264378
0.00193629
0.00138316
0.000962639
0.000652131
0.000429495
0.000274337
0.000169011
9.91415e-05
5.36617e-05
2.44709e-05
5.89514e-06
1.4827e-06
6.02437e-06
1.30216e-05
2.37672e-05
4.00961e-05
6.45072e-05
0.000100251
0.000151344
0.000222499
0.000318947
0.000446205
0.000609803
0.00081504
0.00106678
0.00136934
0.00172639
0.00214099
0.0026156
0.00315211
0.00375197
0.00441623
0.0051456
0.00594053
0.00680127
0.00772791
0.00872038
0.00977853
0.0109021
0.0120908
0.0133442
0.0146619
0.0160433
0.0174877
0.0189945
0.0205629
0.022192
0.0238806
0.0256278
0.0274321
0.0292924
0.031207
0.0331743
0.0351926
0.0372599
0.0393742
0.0415332
0.0437344
0.0459753
0.0482527
0.050563
0.0529018
0.0552639
0.0576432
0.0600313
0.0624174
0.0647878
0.0671234
0.0693983
0.0715721
0.0735675
0.0753893
0.0768845
0.077928
0.0783452
0.077855
0.0760364
0.0727391
0.0685628
0.0639054
0.0590323
0.0541198
0.0492843
0.0446015
0.0401193
0.0358673
0.0318629
0.0281153
0.0246284
0.021403
0.018444
0.0157501
0.0132944
0.0110875
0.00912344
0.00739555
0.0058957
0.00461409
0.00353872
0.002655
0.00194564
0.00139078
0.000968699
0.000656809
0.000432986
0.000276841
0.000170721
0.000100237
5.42976e-05
2.47753e-05
5.97032e-06
1.50625e-06
6.11911e-06
1.32228e-05
2.41259e-05
4.06842e-05
6.54242e-05
0.000101629
0.000153356
0.000225358
0.000322913
0.000451578
0.000616927
0.000824293
0.00107857
0.0013841
0.00174456
0.00216303
0.00264196
0.00318324
0.00378831
0.00445819
0.00519356
0.00599487
0.00686231
0.00779594
0.00879565
0.00986125
0.0109925
0.0121889
0.0134502
0.0147757
0.016165
0.0176173
0.019132
0.0207081
0.0223447
0.0240408
0.0257951
0.0276065
0.0294734
0.0313945
0.033368
0.0353922
0.0374651
0.0395845
0.0417484
0.0439541
0.0461988
0.0484798
0.050793
0.0531344
0.0554986
0.0578794
0.0602684
0.0626549
0.0650248
0.0673592
0.069632
0.0718034
0.0737941
0.0756094
0.0770952
0.0781279
0.0785314
0.0780232
0.0761813
0.0728652
0.0686733
0.0640028
0.0591184
0.0541961
0.049352
0.0446617
0.0401728
0.035915
0.0319054
0.0281531
0.0246622
0.0214332
0.0184709
0.0157743
0.013316
0.0111067
0.00914052
0.00741064
0.00590895
0.00462563
0.00354866
0.00266344
0.00195267
0.00139651
0.000973254
0.000660325
0.00043561
0.000278723
0.000172008
0.000101062
5.47762e-05
2.50045e-05
6.02691e-06
1.52216e-06
6.1831e-06
1.33587e-05
2.4368e-05
4.10811e-05
6.6043e-05
0.000102559
0.000154714
0.000227288
0.000325589
0.000455206
0.000621739
0.000830545
0.00108654
0.00139408
0.00175686
0.00217795
0.0026598
0.00320432
0.00381293
0.00448662
0.00522608
0.00603171
0.0069037
0.00784206
0.00884668
0.00991734
0.0110537
0.0122554
0.013522
0.0148529
0.0162475
0.0177052
0.0192251
0.0208064
0.0224482
0.0241492
0.0259084
0.0277245
0.029596
0.0315214
0.0334991
0.0355272
0.0376037
0.0397266
0.0418936
0.0441021
0.0463497
0.0486329
0.0509482
0.0532913
0.0556568
0.0580386
0.0604282
0.0628148
0.0651843
0.0675177
0.069789
0.0719588
0.0739462
0.0757576
0.0772367
0.0782621
0.0786563
0.0781359
0.0762783
0.0729495
0.0687471
0.0640677
0.0591757
0.0542469
0.0493971
0.0447016
0.0402084
0.0359466
0.0319335
0.0281781
0.0246844
0.021453
0.0184885
0.0157902
0.0133302
0.0111193
0.00915168
0.00742049
0.00591759
0.00463315
0.00355512
0.00266892
0.00195725
0.00140026
0.000976241
0.000662637
0.000437339
0.000279966
0.000172858
0.000101607
5.50931e-05
2.51563e-05
6.06441e-06
1.53032e-06
6.2159e-06
1.34283e-05
2.44918e-05
4.12839e-05
6.63587e-05
0.000103034
0.000155405
0.000228271
0.000326953
0.000457056
0.000624193
0.000833736
0.00109061
0.00139918
0.00176315
0.00218559
0.00266895
0.00321514
0.00382557
0.00450123
0.0052428
0.00605066
0.006925
0.00786581
0.00887298
0.00994625
0.0110853
0.0122897
0.013559
0.0148927
0.0162901
0.0177505
0.0192731
0.0208571
0.0225014
0.0242051
0.0259668
0.0277853
0.0296591
0.0315867
0.0335665
0.0355966
0.037675
0.0397997
0.0419682
0.0441783
0.0464271
0.0487115
0.0510277
0.0533716
0.0557378
0.05812
0.0605099
0.0628965
0.0652658
0.0675987
0.0698692
0.0720381
0.0740238
0.0758328
0.0773085
0.0783299
0.0787192
0.0781923
0.0763262
0.0729907
0.0687829
0.064099
0.0592031
0.054271
0.0494184
0.0447204
0.040225
0.0359613
0.0319466
0.0281897
0.0246947
0.0214621
0.0184966
0.0157975
0.0133367
0.0111251
0.00915681
0.00742502
0.00592157
0.00463662
0.00355813
0.00267149
0.0019594
0.00140202
0.000977647
0.000663729
0.000438159
0.000280557
0.000173265
0.000101869
5.52456e-05
2.52295e-05
6.08253e-06
1.53089e-06
6.2182e-06
1.34332e-05
2.45008e-05
4.1299e-05
6.63829e-05
0.000103071
0.000155461
0.000228351
0.000327066
0.000457211
0.0006244
0.000834006
0.00109096
0.00139961
0.00176368
0.00218623
0.00266972
0.00321604
0.0038266
0.00450241
0.00524413
0.00605216
0.00692666
0.00786764
0.00887497
0.00994841
0.0110876
0.0122922
0.0135617
0.0148955
0.016293
0.0177536
0.0192763
0.0208605
0.0225049
0.0242087
0.0259705
0.0277891
0.029663
0.0315907
0.0335705
0.0356006
0.0376791
0.0398038
0.0419724
0.0441824
0.0464312
0.0487156
0.0510318
0.0533756
0.0557418
0.058124
0.0605137
0.0629003
0.0652695
0.0676023
0.0698726
0.0720413
0.0740267
0.0758354
0.0773106
0.0783316
0.0787201
0.0781922
0.0763248
0.0729885
0.0687802
0.0640961
0.0592002
0.0542681
0.0494155
0.0447177
0.0402225
0.035959
0.0319444
0.0281877
0.0246928
0.0214604
0.0184951
0.0157962
0.0133355
0.0111241
0.00915593
0.00742427
0.00592096
0.00463612
0.00355773
0.00267118
0.00195916
0.00140184
0.000977521
0.000663641
0.000438099
0.000280518
0.00017324
0.000101854
5.52375e-05
2.52258e-05
6.08162e-06
1.52385e-06
6.18995e-06
1.33734e-05
2.43947e-05
4.11259e-05
6.61143e-05
0.000102669
0.000154877
0.000227524
0.000325922
0.000455662
0.000622349
0.000831342
0.00108756
0.00139535
0.00175843
0.00217985
0.00266206
0.00320697
0.00381599
0.00449013
0.00523005
0.00603616
0.00690864
0.00784751
0.00885264
0.0099238
0.0110607
0.0122629
0.0135299
0.0148613
0.0162564
0.0177145
0.0192348
0.0208165
0.0224586
0.02416
0.0259195
0.0277359
0.0296076
0.0315333
0.0335111
0.0355393
0.037616
0.039739
0.041906
0.0441146
0.046362
0.0486453
0.0509604
0.0533034
0.0556688
0.0580504
0.0604398
0.0628261
0.0651953
0.0675284
0.0697992
0.0719684
0.0739551
0.0757654
0.0772432
0.0782669
0.0786589
0.0781356
0.076274
0.0729428
0.0687391
0.0640591
0.0591669
0.0542381
0.0493886
0.0446936
0.0402008
0.0359395
0.0319269
0.0281721
0.0246789
0.021448
0.018484
0.0157862
0.0133267
0.0111163
0.0091491
0.0074183
0.00591576
0.00463165
0.00355392
0.00266801
0.00195656
0.00139975
0.000975873
0.000662379
0.000437164
0.000279851
0.000172786
0.000101564
5.50694e-05
2.51454e-05
6.06177e-06
1.50906e-06
6.13048e-06
1.32473e-05
2.41703e-05
4.07585e-05
6.55426e-05
0.000101811
0.000153627
0.000225751
0.000323466
0.000452338
0.000617944
0.000825622
0.00108027
0.00138623
0.00174718
0.0021662
0.00264573
0.00318766
0.00379343
0.00446405
0.0052002
0.0060023
0.00687056
0.00780502
0.00880557
0.00987201
0.0110041
0.0122013
0.0134634
0.0147897
0.0161797
0.0176328
0.0191481
0.0207249
0.0223621
0.0240587
0.0258135
0.0276254
0.0294927
0.0314142
0.033388
0.0354124
0.0374854
0.039605
0.0417689
0.0439746
0.0462194
0.0485003
0.0508134
0.0531545
0.0555185
0.057899
0.0602876
0.0626736
0.0650429
0.0673767
0.0696487
0.0718191
0.0738086
0.0756226
0.0771059
0.0781358
0.0785357
0.0780229
0.0761745
0.0728544
0.0686601
0.0639884
0.0591035
0.0541813
0.0493377
0.044648
0.04016
0.035903
0.0318944
0.0281431
0.024653
0.0214249
0.0184636
0.0157678
0.0133103
0.0111017
0.00913625
0.00740702
0.00590594
0.00462316
0.00354666
0.00266188
0.00195148
0.00139564
0.000972629
0.00065989
0.000435317
0.000278532
0.000171888
0.000100991
5.47373e-05
2.49866e-05
6.02259e-06
1.48662e-06
6.04022e-06
1.30557e-05
2.38292e-05
4.01999e-05
6.46729e-05
0.000100506
0.000151724
0.000223049
0.000319723
0.00044727
0.000611229
0.000816905
0.00106917
0.00137233
0.00173007
0.00214543
0.00262088
0.0031583
0.00375914
0.00442443
0.00515487
0.00595092
0.00681281
0.00774061
0.00873425
0.00979357
0.0109183
0.0121082
0.0133627
0.0146814
0.0160639
0.0175093
0.0190171
0.0205864
0.0222163
0.0239057
0.0256535
0.0274585
0.0293193
0.0312344
0.0332021
0.0352208
0.0372884
0.0394029
0.041562
0.0437632
0.0460041
0.0482814
0.0505914
0.05293
0.0552918
0.0576706
0.0600581
0.0624436
0.0648132
0.0671479
0.0694217
0.0715941
0.0735878
0.0754074
0.0768993
0.0779389
0.0783517
0.0778551
0.0760276
0.0727248
0.0685453
0.0638863
0.0590126
0.0541002
0.0492652
0.0445832
0.040102
0.0358512
0.031848
0.0281015
0.0246158
0.0213917
0.0184339
0.0157411
0.0132865
0.0110806
0.00911753
0.00739054
0.00589153
0.00461068
0.003536
0.00265287
0.00194402
0.00138958
0.000967838
0.00065621
0.000432582
0.000276578
0.000170558
0.00010014
5.42446e-05
2.4751e-05
5.96445e-06
1.4567e-06
5.91989e-06
1.28003e-05
2.33744e-05
3.94548e-05
6.35124e-05
9.87626e-05
0.000149183
0.000219441
0.000314724
0.0004405
0.000602259
0.000805258
0.00105433
0.00135376
0.0017072
0.0021177
0.0025877
0.00311911
0.00371338
0.00437157
0.00509442
0.00588241
0.00673581
0.00765475
0.00863921
0.00968906
0.0108041
0.0119841
0.0132286
0.0145373
0.0159096
0.017345
0.0188427
0.0204021
0.0220222
0.0237021
0.0254406
0.0272366
0.0290886
0.0309952
0.0329549
0.0349659
0.0370262
0.0391339
0.0412866
0.0434819
0.0457174
0.0479901
0.0502959
0.0526309
0.0549898
0.0573664
0.0597523
0.0621372
0.064507
0.066843
0.0691192
0.071294
0.0732936
0.0751208
0.0766242
0.077678
0.0781077
0.0776334
0.0758346
0.0725554
0.0683958
0.0637538
0.0588948
0.0539953
0.0491717
0.0444997
0.0400274
0.0357845
0.0317884
0.0280483
0.0245683
0.0213492
0.018396
0.0157069
0.013256
0.0110534
0.00909338
0.00736922
0.00587283
0.00459442
0.003522
0.00264097
0.0019342
0.00138163
0.000961548
0.000651375
0.000428987
0.000274008
0.000168806
9.90201e-05
5.35956e-05
2.44407e-05
5.88784e-06
1.41953e-06
5.77035e-06
1.24829e-05
2.28089e-05
3.8528e-05
6.20685e-05
9.65934e-05
0.00014602
0.000214948
0.000308497
0.000432067
0.000591083
0.000790749
0.00103585
0.00133063
0.00167873
0.00208317
0.0025464
0.00307033
0.00365644
0.00430582
0.00501923
0.00579722
0.0066401
0.00754806
0.00852112
0.00955924
0.0106623
0.01183
0.0130622
0.0143583
0.0157181
0.017141
0.0186264
0.0201735
0.0217815
0.0234495
0.0251764
0.0269611
0.0288022
0.0306984
0.0326481
0.0346494
0.0367007
0.0387998
0.0409444
0.043132
0.0453615
0.0476282
0.0499288
0.0522591
0.0546142
0.0569879
0.0593718
0.0617557
0.0641259
0.0664633
0.0687425
0.0709205
0.0729273
0.0747639
0.0762832
0.077354
0.0778057
0.0773604
0.0755991
0.0723503
0.0682158
0.0635951
0.0587544
0.0538708
0.049061
0.0444012
0.0399396
0.0357061
0.0317183
0.0279856
0.0245121
0.0212989
0.0183509
0.0156661
0.0132194
0.0110207
0.00906431
0.00734347
0.00585018
0.00457469
0.00350503
0.00262665
0.00192223
0.00137188
0.000953817
0.000645424
0.000424559
0.00027084
0.000166646
9.76388e-05
5.2795e-05
2.40578e-05
5.79333e-06
1.37541e-06
5.59284e-06
1.21059e-05
2.21371e-05
3.74266e-05
6.03517e-05
9.40132e-05
0.000142256
0.000209601
0.000301083
0.000422025
0.000577775
0.000773471
0.00101384
0.00130309
0.00164483
0.00204207
0.00249725
0.0030123
0.00358872
0.00422763
0.00492986
0.00569599
0.0065264
0.00742134
0.00838091
0.00940513
0.0104939
0.0116472
0.0128647
0.0141461
0.015491
0.0168991
0.0183697
0.0199023
0.0214959
0.0231499
0.024863
0.0266343
0.0284625
0.0303462
0.0322839
0.0342739
0.0363144
0.0384035
0.0405391
0.0427191
0.0449392
0.0471981
0.049492
0.0518167
0.0541672
0.0565372
0.0589186
0.0613014
0.0636717
0.0660109
0.0682936
0.0704755
0.0724917
0.0743413
0.0758784
0.0769694
0.0774481
0.0770385
0.0753242
0.0721127
0.068009
0.063414
0.058595
0.05373
0.0489363
0.0442903
0.0398408
0.035618
0.0316395
0.027915
0.0244488
0.0212421
0.0182999
0.0156198
0.0131779
0.0109835
0.00903103
0.00731387
0.00582405
0.00455185
0.00348532
0.00260991
0.00190822
0.00136044
0.000944726
0.000638413
0.000419335
0.0002671
0.000164095
9.60071e-05
5.18492e-05
2.36054e-05
5.68167e-06
1.32474e-06
5.38896e-06
1.16728e-05
2.1365e-05
3.616e-05
5.83764e-05
9.1043e-05
0.000137921
0.000203439
0.000292539
0.000410449
0.000562432
0.00075355
0.000988472
0.00127135
0.00160577
0.00199471
0.00244063
0.00294547
0.00351076
0.00413766
0.00482704
0.00557956
0.00639567
0.00727568
0.00821979
0.00922809
0.0103006
0.0114373
0.0126379
0.0139024
0.0152304
0.0166215
0.0180752
0.019591
0.0211682
0.022806
0.0245033
0.0262592
0.0280724
0.0299417
0.0318655
0.0338422
0.03587
0.0379471
0.0400712
0.0422402
0.0444514
0.0467021
0.0489885
0.0513065
0.0536516
0.0560172
0.0583956
0.0607768
0.063147
0.0654879
0.0677745
0.0699601
0.0719862
0.0738516
0.0754098
0.0765262
0.0770378
0.0766718
0.0750147
0.0718484
0.0677811
0.063216
0.0584221
0.0535782
0.0488024
0.0441718
0.0397356
0.0355243
0.0315557
0.0278399
0.0243814
0.0211813
0.0182451
0.0155698
0.0131327
0.0109428
0.00899445
0.00728116
0.00579501
0.0045263
0.00346311
0.00259087
0.00189213
0.00134738
0.000934347
0.000630401
0.000413359
0.000262818
0.000161172
9.41374e-05
5.07654e-05
2.3087e-05
5.55372e-06
1.26807e-06
5.16083e-06
1.1188e-05
2.05001e-05
3.47405e-05
5.61614e-05
8.77102e-05
0.000133054
0.000196519
0.000282939
0.000397439
0.000545186
0.000731157
0.000959952
0.00123567
0.00156186
0.0019415
0.00237704
0.00287044
0.00342325
0.0040367
0.00471173
0.00544903
0.00624916
0.0071125
0.00803934
0.00902987
0.0100842
0.0112023
0.0123842
0.0136298
0.0149388
0.0163109
0.0177458
0.0192429
0.0208017
0.0224213
0.0241008
0.0258394
0.0276358
0.0294889
0.031397
0.0333588
0.0353724
0.037436
0.0395475
0.0417047
0.043905
0.0461456
0.0484231
0.0507333
0.0530717
0.055432
0.0578067
0.0601857
0.0625557
0.0648984
0.0671893
0.0693788
0.0714202
0.0733008
0.0748831
0.0760288
0.076579
0.0762648
0.0746765
0.0715635
0.0675385
0.0630078
0.058242
0.0534215
0.0486653
0.0440511
0.0396289
0.0354294
0.031471
0.0277638
0.0243128
0.0211193
0.0181889
0.015518
0.0130856
0.0109
0.00895572
0.00724625
0.00576376
0.00449861
0.00343891
0.00257008
0.00187477
0.00133297
0.000922817
0.000621475
0.000406691
0.000258035
0.000157907
9.20473e-05
4.95538e-05
2.25074e-05
5.41067e-06
1.20606e-06
4.91114e-06
1.06571e-05
1.95525e-05
3.3184e-05
5.37306e-05
8.40504e-05
0.000127706
0.000188911
0.00027238
0.000383125
0.000526207
0.000706512
0.000928565
0.00119641
0.00151356
0.00188298
0.00230712
0.00278796
0.00332711
0.00392583
0.00458513
0.0053058
0.00608845
0.00693358
0.00784155
0.00881267
0.00984712
0.010945
0.0121065
0.0133314
0.0146196
0.015971
0.0173853
0.0188619
0.0204005
0.0220002
0.0236603
0.0253798
0.0271577
0.0289928
0.0308837
0.0328289
0.0348268
0.0368755
0.0389729
0.0411168
0.0433047
0.0455338
0.047801
0.0501022
0.0524329
0.0547868
0.057157
0.0595333
0.0619026
0.0642474
0.0665439
0.0687395
0.070794
0.0726923
0.0743018
0.0754812
0.0760762
0.0758227
0.0743158
0.0712651
0.0672889
0.062797
0.0580623
0.0532671
0.0485316
0.0439345
0.0395263
0.0353384
0.0313898
0.0276909
0.0242468
0.0210592
0.0181338
0.0154669
0.0130387
0.0108569
0.00891622
0.00721026
0.00573123
0.00446952
0.00341326
0.00254787
0.00185594
0.00131719
0.000910246
0.000611732
0.0003994
0.0002528
0.000154329
8.97571e-05
4.8226e-05
2.18723e-05
5.25392e-06
1.13955e-06
4.64324e-06
1.00871e-05
1.85343e-05
3.15101e-05
5.11145e-05
8.01081e-05
0.000121941
0.000180703
0.000260984
0.00036767
0.000505711
0.000679893
0.000894665
0.00115401
0.00146142
0.00181982
0.00223168
0.00269901
0.00322347
0.00380637
0.00444879
0.00515161
0.00591553
0.00674115
0.00762893
0.00857927
0.00959247
0.0106688
0.0118083
0.0130111
0.0142771
0.0156063
0.0169985
0.0184532
0.01997
0.0215483
0.0231874
0.0248864
0.0266443
0.0284599
0.030332
0.0322591
0.0342396
0.0362718
0.0383535
0.0404827
0.0426569
0.0448735
0.0471293
0.0494203
0.051742
0.0540887
0.0564532
0.0588257
0.0611934
0.0635391
0.065839
0.0680437
0.0701127
0.0720316
0.0736715
0.074889
0.0755349
0.0753512
0.0739395
0.0709613
0.0670408
0.0625922
0.0578917
0.0531234
0.0484093
0.0438293
0.0394347
0.0352578
0.0313179
0.027626
0.0241877
0.0210049
0.0180832
0.0154193
0.0129942
0.0108153
0.00887751
0.00717445
0.00569841
0.00443981
0.00338677
0.00252468
0.00183608
0.00130083
0.000896896
0.000601307
0.000391573
0.000247169
0.000150478
8.72911e-05
4.67961e-05
2.11884e-05
5.08514e-06
1.06955e-06
4.36119e-06
9.48653e-06
1.74605e-05
2.97431e-05
4.83497e-05
7.59377e-05
0.000115838
0.000172007
0.000248902
0.000351278
0.000483964
0.000651647
0.000858691
0.00110903
0.0014061
0.00175284
0.00215171
0.00260478
0.00311373
0.00367994
0.00430459
0.00498863
0.00573287
0.00653798
0.00740457
0.0083331
0.009324
0.0103776
0.0114941
0.0126737
0.0139165
0.0152224
0.0165913
0.0180229
0.0195168
0.0210725
0.0226894
0.0243666
0.0261033
0.0278982
0.0297502
0.0316579
0.0336197
0.0356337
0.0376981
0.0398105
0.0419706
0.0441737
0.046417
0.0486967
0.0510085
0.0533467
0.0557045
0.0580724
0.0604385
0.062787
0.0650951
0.0672997
0.0693872
0.0713279
0.0729994
0.0742579
0.0749598
0.0748544
0.0735511
0.0706584
0.0668024
0.0624028
0.0577397
0.0529999
0.0483076
0.0437442
0.0393621
0.0351944
0.0312615
0.0275749
0.0241404
0.0209603
0.0180405
0.0153778
0.0129542
0.0107768
0.00884068
0.00713963
0.00566625
0.00441029
0.00336007
0.00250103
0.00181564
0.00128371
0.000882711
0.000590278
0.000383288
0.000241204
0.000146397
8.46765e-05
4.52802e-05
2.04635e-05
4.90627e-06
9.97257e-07
4.0697e-06
8.86536e-06
1.63486e-05
2.7911e-05
4.54798e-05
7.16038e-05
0.000109488
0.000162953
0.000236314
0.00033419
0.000461289
0.00062219
0.000821178
0.00106213
0.00134844
0.00168305
0.00206845
0.00250671
0.0029996
0.00354856
0.00415484
0.0048195
0.00554344
0.00632745
0.00717221
0.00807833
0.00904631
0.0100766
0.0111695
0.0123252
0.0135441
0.014826
0.0161709
0.0175787
0.019049
0.0205814
0.0221753
0.02383
0.0255445
0.027318
0.0291491
0.0310366
0.0329791
0.0349748
0.037022
0.0391187
0.0412612
0.0434484
0.0456774
0.0479442
0.0502444
0.0525727
0.0549221
0.0572833
0.0596445
0.0619891
0.0642987
0.066507
0.0686351
0.0705919
0.0722927
0.0735939
0.0743551
0.0743333
0.0731468
0.0703598
0.0665807
0.0622375
0.0576158
0.0529064
0.0482361
0.0436887
0.0393181
0.0351587
0.0312308
0.027547
0.0241137
0.0209339
0.0180134
0.0153496
0.0129253
0.0107474
0.00881088
0.00710971
0.00563635
0.00438205
0.00333394
0.00247744
0.00179495
0.00126608
0.000868404
0.000578695
0.000374617
0.000234964
0.000142127
8.19424e-05
4.36956e-05
1.9706e-05
4.71938e-06
9.24018e-07
3.77422e-06
8.235e-06
1.52188e-05
2.60469e-05
4.25555e-05
6.71819e-05
0.000103002
0.000153696
0.000223433
0.000316696
0.000438066
0.000592018
0.000782757
0.0010141
0.00128943
0.00161167
0.00198334
0.00240655
0.00288312
0.0034146
0.0040023
0.00464737
0.00535084
0.00611358
0.00693639
0.00781996
0.00876491
0.00977176
0.0108409
0.0119728
0.0131675
0.0144253
0.0157462
0.01713
0.0185765
0.0200853
0.021656
0.0232877
0.0249798
0.0267313
0.028541
0.0304078
0.0323301
0.0343064
0.0363348
0.0384133
0.0405393
0.0427106
0.0449246
0.0471776
0.0494653
0.0517829
0.054123
0.0564771
0.0588333
0.0611834
0.063491
0.0657067
0.0678488
0.0698275
0.0715599
0.0729061
0.0737301
0.0737917
0.0727257
0.0700706
0.0663838
0.0621056
0.05753
0.052853
0.0482055
0.043673
0.0393117
0.035157
0.031231
0.0275469
0.0241118
0.020929
0.0180044
0.0153364
0.0129085
0.0107275
0.00878867
0.00708597
0.00561172
0.00435644
0.0033091
0.00245472
0.0017747
0.00124866
0.000854056
0.000567212
0.000365764
0.00022854
0.000137723
7.91211e-05
4.20609e-05
1.8925e-05
4.52675e-06
8.51305e-07
3.48062e-06
7.60786e-06
1.4093e-05
2.41862e-05
3.96318e-05
6.27546e-05
9.64999e-05
0.000144406
0.000210498
0.000299119
0.000414728
0.000561699
0.000744159
0.000965878
0.00123021
0.0015401
0.00189808
0.00230633
0.00276672
0.00328088
0.00385023
0.00447601
0.00515933
0.00590119
0.00670247
0.00756398
0.00848641
0.00947037
0.0105164
0.0116249
0.0127961
0.0140304
0.0153277
0.016688
0.0181112
0.0195969
0.0211446
0.0227538
0.0244237
0.0261533
0.0279417
0.0297875
0.0316895
0.033646
0.0356553
0.0377154
0.0398243
0.0419794
0.0441781
0.046417
0.0486918
0.0509979
0.0533286
0.0556763
0.0580304
0.0603732
0.0626797
0.064903
0.0670573
0.0690561
0.0708192
0.072213
0.0730993
0.0732495
0.0723105
0.0698037
0.0662204
0.0620145
0.057489
0.0528462
0.0482206
0.0437013
0.0393465
0.0351938
0.0312666
0.0275791
0.0241391
0.0209506
0.0180193
0.0153438
0.012909
0.0107215
0.00877717
0.00707017
0.00559305
0.00433644
0.00328823
0.00243373
0.00175549
0.00123176
0.000839792
0.000555889
0.000356672
0.000221876
0.000133191
7.62257e-05
4.03863e-05
1.81261e-05
4.32996e-06
7.80809e-07
3.19571e-06
6.99836e-06
1.29969e-05
2.2371e-05
3.67744e-05
5.84203e-05
9.01253e-05
0.000135288
0.000197791
0.000281844
0.000391786
0.000531896
0.000706234
0.00091853
0.00117213
0.00146999
0.00181467
0.00220843
0.00265321
0.00315072
0.00370247
0.00430981
0.00497394
0.00569595
0.00647683
0.00731746
0.00821862
0.009181
0.0102052
0.0112917
0.0124408
0.0136529
0.014928
0.0162662
0.0176673
0.0191311
0.0206572
0.022245
0.0238937
0.0256025
0.0273704
0.0291962
0.0310785
0.0330158
0.0350064
0.0370486
0.0391405
0.0412795
0.0434628
0.0456872
0.0479486
0.0502422
0.0525616
0.0548984
0.0572489
0.0595866
0.0618918
0.0641215
0.0662858
0.0683026
0.0700941
0.0715362
0.0724853
0.0727238
0.071912
0.069568
0.0660973
0.061969
0.057496
0.052887
0.0482819
0.0437738
0.039424
0.0352713
0.0313402
0.027646
0.0241973
0.020999
0.0180574
0.0153717
0.0129282
0.0107324
0.00877985
0.00706551
0.00558283
0.00432235
0.00327206
0.00241661
0.00173817
0.00121611
0.000826339
0.000544915
0.000348425
0.000215552
0.000128611
7.32572e-05
3.86741e-05
1.73157e-05
4.13162e-06
7.14277e-07
2.92642e-06
6.42088e-06
1.19554e-05
2.06414e-05
3.40446e-05
5.42707e-05
8.40127e-05
0.000126536
0.00018559
0.000265258
0.000369773
0.00050333
0.000669933
0.000873285
0.00111673
0.00140326
0.00173549
0.00211572
0.002546
0.00302811
0.00356367
0.00415411
0.00480074
0.00550472
0.00626712
0.00708891
0.00797092
0.00891393
0.00991856
0.0109853
0.0121147
0.0133069
0.0145621
0.0158803
0.0172617
0.0187058
0.0202125
0.021781
0.0234107
0.0251008
0.0268502
0.0286579
0.0305226
0.0324427
0.0344168
0.0364427
0.0385182
0.0406413
0.0428095
0.04502
0.0472685
0.0495506
0.0518606
0.0541915
0.056528
0.05886
0.0611625
0.0633968
0.0655688
0.0676011
0.0694186
0.0709054
0.0719148
0.0722388
0.0715508
0.0693746
0.0660191
0.0619699
0.0575492
0.0529745
0.0483911
0.0438947
0.0395486
0.0353939
0.0314566
0.0277531
0.024293
0.0210817
0.0181255
0.0154252
0.0129679
0.0107596
0.0087968
0.00707385
0.00558304
0.00431596
0.00326118
0.00240348
0.00172417
0.00120218
0.000814146
0.000534878
0.000340717
0.000210141
0.000124951
7.088e-05
3.72776e-05
1.66425e-05
3.9648e-06
6.5469e-07
2.68472e-06
5.90086e-06
1.10138e-05
1.90714e-05
3.15573e-05
5.04771e-05
7.8409e-05
0.000118495
0.000174362
0.000249983
0.000349497
0.000477032
0.000636556
0.000831765
0.00106603
0.00134237
0.00166348
0.00203175
0.00244928
0.00291798
0.00343953
0.00401546
0.00464715
0.00533584
0.00608266
0.00688863
0.00775467
0.00868155
0.00966998
0.0107205
0.0118336
0.0130095
0.0142485
0.0155483
0.0169138
0.018342
0.0198327
0.0213853
0.0229992
0.0246736
0.0264076
0.0282001
0.0300497
0.031955
0.0339145
0.0359261
0.0379879
0.0400977
0.042253
0.0444509
0.0466875
0.0489582
0.0512578
0.0535785
0.0559076
0.0582344
0.0605339
0.0627711
0.0649488
0.0669935
0.0688332
0.0703587
0.071422
0.0718237
0.0712488
0.0692317
0.0659856
0.0620103
0.0576401
0.0530984
0.0485346
0.0440481
0.0397047
0.0355471
0.0316028
0.0278892
0.0244167
0.0211914
0.0182196
0.0155033
0.0130304
0.010807
0.00882974
0.00709411
0.00559383
0.00431921
0.00325812
0.00239629
0.00171506
0.00119237
0.000804537
0.00052657
0.000334112
0.000205276
0.000121655
6.88055e-05
3.60878e-05
1.60752e-05
3.82467e-06
6.05516e-07
2.48409e-06
5.46505e-06
1.02158e-05
1.77257e-05
2.94035e-05
4.71651e-05
7.34887e-05
0.000111413
0.000164469
0.000236546
0.000331724
0.000454096
0.000607624
0.000796024
0.00102271
0.00129075
0.00160292
0.00196168
0.00236921
0.00282749
0.00333828
0.00390317
0.00452359
0.00520084
0.00593611
0.00673044
0.00758477
0.00849993
0.00947664
0.0105155
0.011617
0.0127815
0.0140055
0.0152953
0.0166492
0.0180659
0.0195444
0.0210856
0.0226882
0.0243514
0.0260742
0.0278555
0.0296942
0.0315887
0.0335375
0.0355386
0.0375901
0.0396898
0.0418351
0.0440232
0.0462503
0.0485115
0.0508014
0.0531147
0.0554386
0.0577609
0.0600577
0.0622964
0.0644776
0.0665312
0.0683874
0.069942
0.0710475
0.071511
0.0710269
0.06914
0.0659837
0.0620706
0.0577428
0.0532287
0.0486818
0.0442042
0.0398636
0.0357042
0.0317546
0.0280328
0.0245498
0.0213123
0.0183263
0.0155953
0.0131076
0.0108691
0.00887731
0.00712787
0.00561477
0.00432981
0.00326124
0.00239336
0.00170813
0.00118374
0.000795595
0.000518471
0.000327506
0.000200331
0.00011824
6.66457e-05
3.48664e-05
1.55073e-05
3.68741e-06
5.77994e-07
2.37045e-06
5.21364e-06
9.74473e-06
1.69111e-05
2.80664e-05
4.5059e-05
7.02912e-05
0.000106725
0.000157821
0.000227416
0.000319562
0.000438352
0.000587767
0.00077157
0.000993229
0.00125589
0.00156239
0.00191524
0.0023167
0.00276878
0.00327328
0.00383185
0.00444593
0.00511684
0.00584578
0.00663382
0.00748188
0.0083908
0.00936128
0.0103939
0.0114892
0.0126473
0.0138649
0.0151493
0.0164969
0.0179075
0.0193799
0.0209151
0.0225117
0.024169
0.0258859
0.0276614
0.0294943
0.031383
0.033326
0.0353215
0.0373675
0.0394618
0.0416018
0.0437848
0.0460071
0.0482644
0.0505515
0.0528579
0.0551772
0.0574961
0.0597908
0.0620299
0.0642126
0.0662708
0.068136
0.0697067
0.0708361
0.0713353
0.0709044
0.0690953
0.0659929
0.0621172
0.0578148
0.0533178
0.0487818
0.0443106
0.0399729
0.0358138
0.0318624
0.028137
0.024649
0.0214053
0.0184115
0.0156721
0.0131755
0.0109276
0.00892606
0.00716686
0.00564422
0.00435005
0.00327359
0.00240032
0.00171135
0.0011845
0.000795058
0.000517299
0.000326177
0.000199132
0.000117304
6.59965e-05
3.44722e-05
1.53136e-05
3.63923e-06
)
;

boundaryField
{
    fuel
    {
        type            fixedValue;
        value           uniform 0;
    }
    air
    {
        type            fixedValue;
        value           uniform 0;
    }
    outlet
    {
        type            inletOutlet;
        inletValue      uniform 0;
        value           nonuniform List<scalar> 
200
(
5.64243e-07
2.31424e-06
5.09071e-06
9.51691e-06
1.65203e-05
2.74274e-05
4.40523e-05
6.87563e-05
0.000104456
0.000154569
0.00022289
0.000313438
0.000430286
0.000577406
0.000758563
0.00097724
0.00123661
0.00153952
0.00188854
0.00228595
0.00273381
0.00323397
0.00378808
0.00439765
0.00506404
0.00578846
0.00657202
0.00741568
0.00832029
0.00928659
0.0103152
0.0114065
0.012561
0.0137749
0.015056
0.0164005
0.0178082
0.0192781
0.0208109
0.0224054
0.0240607
0.025776
0.0275501
0.0293818
0.0312696
0.0332119
0.035207
0.0372528
0.0393471
0.0414873
0.0436707
0.0458935
0.0481511
0.0504384
0.0527475
0.0550694
0.057391
0.0596884
0.0619312
0.064118
0.0661813
0.0680529
0.0696319
0.0707716
0.0712842
0.0708715
0.069087
0.0660008
0.0621358
0.0578404
0.0533477
0.0488142
0.0443443
0.040007
0.0358476
0.0318954
0.0281689
0.0246795
0.0214341
0.0184384
0.0156971
0.0131984
0.0109483
0.00894452
0.00718304
0.00565814
0.00436176
0.00328318
0.00240796
0.00171725
0.00118889
0.000798209
0.000519477
0.000327626
0.000200059
0.000117871
6.6326e-05
3.46484e-05
1.53931e-05
3.65829e-06
5.77994e-07
2.37045e-06
5.21364e-06
9.74473e-06
1.69111e-05
2.80664e-05
4.5059e-05
7.02912e-05
0.000106725
0.000157821
0.000227416
0.000319562
0.000438352
0.000587767
0.00077157
0.000993229
0.00125589
0.00156239
0.00191524
0.0023167
0.00276878
0.00327328
0.00383185
0.00444593
0.00511684
0.00584578
0.00663382
0.00748188
0.0083908
0.00936128
0.0103939
0.0114892
0.0126473
0.0138649
0.0151493
0.0164969
0.0179075
0.0193799
0.0209151
0.0225117
0.024169
0.0258859
0.0276614
0.0294943
0.031383
0.033326
0.0353215
0.0373675
0.0394618
0.0416018
0.0437848
0.0460071
0.0482644
0.0505515
0.0528579
0.0551772
0.0574961
0.0597908
0.0620299
0.0642126
0.0662708
0.068136
0.0697067
0.0708361
0.0713353
0.0709044
0.0690953
0.0659929
0.0621172
0.0578148
0.0533178
0.0487818
0.0443106
0.0399729
0.0358138
0.0318624
0.028137
0.024649
0.0214053
0.0184115
0.0156721
0.0131755
0.0109276
0.00892606
0.00716686
0.00564422
0.00435005
0.00327359
0.00240032
0.00171135
0.0011845
0.000795058
0.000517299
0.000326177
0.000199132
0.000117304
6.59965e-05
3.44722e-05
1.53136e-05
3.63923e-06
)
;
    }
    frontAndBack
    {
        type            empty;
    }
}


// ************************************************************************* //
