/*--------------------------------*- C++ -*----------------------------------*\
  =========                 |
  \\      /  F ield         | OpenFOAM: The Open Source CFD Toolbox
   \\    /   O peration     | Website:  https://openfoam.org
    \\  /    A nd           | Version:  11
     \\/     M anipulation  |
\*---------------------------------------------------------------------------*/
FoamFile
{
    format      ascii;
    class       volScalarField;
    location    "0.1";
    object      H2O;
}
// * * * * * * * * * * * * * * * * * * * * * * * * * * * * * * * * * * * * * //

dimensions      [0 0 0 0 0 0 0];

internalField   nonuniform List<scalar> 
4000
(
4.61941e-07
1.89465e-06
4.16772e-06
7.79141e-06
1.3525e-05
2.24546e-05
3.60652e-05
5.62902e-05
8.55176e-05
0.000126544
0.000182478
0.000256609
0.000352271
0.000472717
0.000621029
0.000800058
0.0010124
0.00126039
0.00154613
0.00187149
0.00223815
0.00264762
0.00310127
0.00360032
0.00414589
0.00473896
0.00538045
0.00607115
0.00681175
0.00760285
0.00844495
0.00933844
0.0102836
0.0112774
0.0123262
0.013427
0.0145794
0.0157828
0.0170377
0.0183431
0.0196983
0.0211026
0.022555
0.0240546
0.0256001
0.0271903
0.0288237
0.0304985
0.0322131
0.0339653
0.0357528
0.0375726
0.0394209
0.0412934
0.0431839
0.0450848
0.0469855
0.0488664
0.0507025
0.0524928
0.0541821
0.0557144
0.057007
0.05794
0.0583598
0.0580218
0.0565609
0.0540342
0.05087
0.0473534
0.0436753
0.0399638
0.0363043
0.0327534
0.0293481
0.0261125
0.0230616
0.0202049
0.0175479
0.0150953
0.0128511
0.0108054
0.00896329
0.0073228
0.00588069
0.00463227
0.00357094
0.00268791
0.00197137
0.00140589
0.000973336
0.000653486
0.000425291
0.000268225
0.000163786
9.65e-05
5.43005e-05
2.83663e-05
1.26022e-05
2.99501e-06
4.84559e-07
1.98806e-06
4.37448e-06
8.17903e-06
1.41957e-05
2.35562e-05
3.78014e-05
5.89276e-05
8.93868e-05
0.000132033
0.000190018
0.000266656
0.00036528
0.000489124
0.000641233
0.000824408
0.00104119
0.00129386
0.00158447
0.00191483
0.0022866
0.00270124
0.00316008
0.00366435
0.00421512
0.00481339
0.00546006
0.0061559
0.00690163
0.00769784
0.00854504
0.00944366
0.010394
0.0113931
0.0124465
0.0135523
0.0147098
0.0159182
0.017178
0.0184883
0.0198484
0.0212575
0.0227148
0.0242192
0.0257695
0.0273644
0.0290025
0.0306819
0.0324009
0.0341575
0.0359495
0.0377735
0.0396261
0.0415027
0.043397
0.0453008
0.0472038
0.0490862
0.0509219
0.0527109
0.0543963
0.0559213
0.0572009
0.0581144
0.058505
0.0581236
0.0565991
0.0540283
0.0508333
0.0472958
0.0436036
0.039883
0.0362182
0.0326648
0.0292592
0.026025
0.0229769
0.0201242
0.0174722
0.0150259
0.0127885
0.01075
0.00891555
0.00728297
0.00584882
0.00460817
0.00355434
0.00267777
0.00196563
0.0014032
0.000972646
0.000653886
0.000426219
0.000269288
0.000164749
9.72545e-05
5.48246e-05
2.8685e-05
1.27588e-05
3.03397e-06
5.24829e-07
2.1524e-06
4.73158e-06
8.83324e-06
1.52997e-05
2.53244e-05
4.05226e-05
6.29735e-05
9.52145e-05
0.000140181
0.000201092
0.000281311
0.000384201
0.000512999
0.000670734
0.000860173
0.00108381
0.00134386
0.00164231
0.00198092
0.00236127
0.00278477
0.00325271
0.00376624
0.00432642
0.0049342
0.00559044
0.0062959
0.00705126
0.00785711
0.00871391
0.00962206
0.0105818
0.0115934
0.0126547
0.0137701
0.0149371
0.0161553
0.0174245
0.0187442
0.0201135
0.0215319
0.0229983
0.0245118
0.0260711
0.0276749
0.0293217
0.0310095
0.0327367
0.0345013
0.0363011
0.0381328
0.0399927
0.0418766
0.0437782
0.0456862
0.0475929
0.0494777
0.0513121
0.0530984
0.0547766
0.0562879
0.0575439
0.0584229
0.058763
0.0583075
0.0566763
0.054032
0.0507862
0.0472137
0.0434988
0.0397642
0.0360919
0.032536
0.0291317
0.0259017
0.0228602
0.0200158
0.0173738
0.014939
0.0127134
0.0106871
0.00886482
0.00724411
0.00582121
0.00459101
0.00354563
0.00267517
0.00196798
0.00140883
0.000979713
0.000661181
0.000432822
0.000274671
0.000168779
0.000100032
5.65773e-05
2.96733e-05
1.32175e-05
3.14479e-06
5.73666e-07
2.35053e-06
5.15805e-06
9.60587e-06
1.65889e-05
2.73683e-05
4.36425e-05
6.75855e-05
0.000101837
0.000149434
0.000213688
0.000298039
0.000405905
0.000540553
0.000705016
0.000902042
0.00113409
0.00140331
0.00171164
0.00206076
0.00245217
0.00288722
0.00336712
0.00389295
0.00446572
0.00508632
0.00575557
0.00647418
0.0072428
0.00806197
0.00893215
0.00985368
0.0108268
0.0118517
0.0129282
0.0140565
0.0152365
0.016468
0.0177503
0.0190829
0.0204651
0.0218961
0.023375
0.0249007
0.026472
0.0280876
0.0297459
0.0314452
0.0331836
0.034959
0.0367692
0.0386108
0.04048
0.0423723
0.0442815
0.0461963
0.0481076
0.0499949
0.0518269
0.0536086
0.0552766
0.0567698
0.0579943
0.0588292
0.0591058
0.0585578
0.0567966
0.0540626
0.050756
0.0471421
0.0433997
0.0396488
0.0359682
0.0324098
0.0290076
0.0257831
0.0227496
0.0199153
0.0172845
0.0148624
0.0126498
0.010636
0.00882606
0.00721713
0.00580458
0.00458212
0.00354289
0.00267758
0.00197379
0.00141626
0.000987696
0.000669015
0.000439601
0.000280061
0.000172736
0.000102694
5.82431e-05
3.06225e-05
1.36685e-05
3.25658e-06
6.28253e-07
2.57152e-06
5.63213e-06
1.04613e-05
1.80104e-05
2.96136e-05
4.7058e-05
7.26204e-05
0.000109051
0.000159497
0.000227375
0.000316212
0.000429496
0.000570541
0.000742399
0.000947817
0.00118922
0.00146875
0.00178824
0.00214934
0.00255345
0.00300186
0.00349568
0.00403595
0.00462357
0.00525939
0.00594415
0.00667851
0.00746307
0.00829832
0.00918468
0.0101225
0.0111119
0.0121531
0.0132461
0.0143908
0.015587
0.0168343
0.0181324
0.0194806
0.0208782
0.0223243
0.023818
0.0253582
0.0269437
0.0285729
0.0302446
0.0319573
0.0337086
0.0354965
0.0373182
0.0391704
0.0410491
0.042949
0.0448635
0.0467897
0.0487054
0.0505949
0.0524233
0.0541986
0.0558539
0.057326
0.0585139
0.0592997
0.0595065
0.0588575
0.0569586
0.05413
0.0507583
0.0471013
0.0433307
0.0395617
0.0358711
0.0323094
0.0289085
0.0256889
0.0226628
0.0198376
0.0172173
0.0148069
0.0126061
0.0106035
0.00880378
0.00720316
0.00579762
0.00458181
0.00354802
0.00268641
0.00198451
0.00142766
0.000999057
0.000678997
0.00044785
0.000286408
0.000177227
0.000105786
6.02808e-05
3.18387e-05
1.42602e-05
3.40248e-06
6.86184e-07
2.8057e-06
6.1333e-06
1.13631e-05
1.95046e-05
3.19672e-05
5.06306e-05
7.78782e-05
0.000116576
0.00016999
0.000241647
0.000335175
0.000454136
0.000601902
0.000781558
0.000995858
0.00124722
0.00153773
0.0018692
0.0022432
0.00266106
0.003124
0.00363304
0.00418914
0.00479313
0.00544577
0.00614773
0.00689961
0.00770194
0.00855516
0.00945962
0.0104156
0.0114233
0.0124827
0.013594
0.0147568
0.015971
0.0172361
0.0185518
0.0199173
0.021332
0.0227949
0.0243051
0.0258614
0.0274626
0.0291072
0.0307937
0.0325202
0.0342848
0.0360853
0.0379189
0.0397822
0.0416713
0.0435807
0.0455043
0.0474331
0.0493532
0.0512437
0.0530667
0.0548338
0.0564745
0.0579232
0.0590718
0.0598064
0.0599412
0.0591888
0.0571558
0.0542344
0.0507987
0.0470981
0.0432994
0.0395132
0.0358132
0.0322471
0.0288461
0.0256293
0.0226086
0.0197903
0.0171778
0.0147758
0.0125832
0.0105877
0.00879464
0.00720074
0.00580121
0.00459001
0.00355947
0.00269957
0.00199837
0.00144171
0.00101178
0.00068995
0.000456798
0.00029315
0.000182395
0.00010951
6.26825e-05
3.32152e-05
1.4909e-05
3.5616e-06
7.4604e-07
3.04743e-06
6.64982e-06
1.22908e-05
2.10387e-05
3.43792e-05
5.42854e-05
8.32491e-05
0.000124254
0.000180687
0.000256188
0.000354488
0.000479234
0.00063386
0.00082149
0.00104489
0.00130648
0.00160832
0.00195218
0.00233956
0.00277174
0.00324984
0.00377483
0.00434756
0.00496879
0.00563919
0.00635935
0.0071298
0.00795099
0.00882329
0.00974699
0.0107223
0.0117494
0.0128282
0.0139587
0.0151408
0.016374
0.017658
0.0189922
0.0203759
0.0218085
0.0232889
0.0248162
0.0263891
0.0280063
0.0296664
0.0313678
0.0331085
0.0348867
0.0366998
0.0385451
0.040419
0.0423174
0.0442345
0.0461633
0.048094
0.0500199
0.0519114
0.0537282
0.0554855
0.0571098
0.0585337
0.0596428
0.060327
0.0603896
0.0595336
0.0573784
0.0543715
0.050876
0.0471338
0.0433067
0.0395023
0.0357911
0.0322194
0.0288164
0.0256005
0.0225824
0.0197679
0.0171601
0.0147635
0.0125769
0.010587
0.00879926
0.0072098
0.00581377
0.00460499
0.00357569
0.00271633
0.00201532
0.00145728
0.00102551
0.000701539
0.000465984
0.000300542
0.000187814
0.000113193
6.50346e-05
3.45749e-05
1.55575e-05
3.72136e-06
8.06438e-07
3.29115e-06
7.16992e-06
1.32234e-05
2.25783e-05
3.67958e-05
5.79417e-05
8.86152e-05
0.000131918
0.000191354
0.000270683
0.000373735
0.000504246
0.000665716
0.000861312
0.00109383
0.00136567
0.00167889
0.00203522
0.0024361
0.00288276
0.00337624
0.00391742
0.00450708
0.00514588
0.00583441
0.00657319
0.00736265
0.00820316
0.00909502
0.0100385
0.0110336
0.0120805
0.0131792
0.0143295
0.0155311
0.0167837
0.0180868
0.0194398
0.0208421
0.0222927
0.0237908
0.0253352
0.0269248
0.0285582
0.0302341
0.031951
0.0337046
0.0354953
0.0373205
0.0391769
0.0410608
0.042968
0.0448926
0.0468271
0.0487619
0.0506833
0.0525765
0.0543873
0.056133
0.0577396
0.0591378
0.0602104
0.0608431
0.0608382
0.0598844
0.0576193
0.0545358
0.0509862
0.0472057
0.0433515
0.039528
0.0358043
0.0322248
0.0288178
0.0256001
0.0225821
0.0197691
0.0171636
0.0147703
0.0125872
0.0106003
0.00881509
0.0072276
0.00583284
0.00462456
0.00359562
0.0027362
0.00203365
0.00147367
0.00103963
0.000713194
0.000475334
0.000307742
0.000193038
0.000116776
6.73305e-05
3.59056e-05
1.61935e-05
3.87824e-06
8.66164e-07
3.532e-06
7.68336e-06
1.41428e-05
2.4094e-05
3.91715e-05
6.15313e-05
9.38773e-05
0.000139425
0.000201797
0.000284863
0.000392558
0.000528703
0.000696866
0.000900261
0.00114171
0.00142362
0.00174803
0.00211663
0.00253083
0.0029918
0.00350049
0.00405772
0.00466418
0.00532045
0.00602702
0.00678433
0.00759273
0.0084525
0.00936386
0.010327
0.0113419
0.0124086
0.013527
0.0146969
0.0159179
0.0171897
0.0185118
0.0198834
0.0213038
0.0227722
0.0242875
0.0258485
0.027454
0.0291024
0.0307922
0.0325211
0.0342899
0.0360938
0.0379308
0.0397977
0.041691
0.0436062
0.0455376
0.0474775
0.0494163
0.0513409
0.0532328
0.0550404
0.0567532
0.0583464
0.0597209
0.0607587
0.0613432
0.0612705
0.0602225
0.0578681
0.0547198
0.0511229
0.0473078
0.0434283
0.0395865
0.0358495
0.0322604
0.0288465
0.0256246
0.0226043
0.0197902
0.0171845
0.0147917
0.0126096
0.0106232
0.00883848
0.00725131
0.00585672
0.00464861
0.00361865
0.00275731
0.00205264
0.00149034
0.00105385
0.000724754
0.000484707
0.000314769
0.000198102
0.000120244
6.95538e-05
3.71951e-05
1.68101e-05
4.03041e-06
9.24095e-07
3.76549e-06
8.18064e-06
1.50324e-05
2.55586e-05
4.14642e-05
6.49915e-05
9.89446e-05
0.000146648
0.000211836
0.000298489
0.00041064
0.000552195
0.000726787
0.000937679
0.00118772
0.00147933
0.00181453
0.00219499
0.00262207
0.00309687
0.00362031
0.00419312
0.0048159
0.00548915
0.00621328
0.00698864
0.00781548
0.00869402
0.00962438
0.0106066
0.0116408
0.0127267
0.0138643
0.0150533
0.0162932
0.0175836
0.018924
0.0203135
0.0217514
0.0232368
0.0247685
0.0263455
0.0279664
0.0296296
0.0313336
0.0330767
0.0348567
0.0366716
0.0385188
0.0403949
0.0422964
0.0442185
0.0461553
0.048099
0.0500389
0.0519612
0.0538463
0.0556535
0.0573512
0.0589267
0.0602753
0.0612794
0.0618179
0.0616812
0.0605443
0.0581182
0.054916
0.0512782
0.047432
0.0435287
0.0396689
0.0359181
0.0323187
0.0288972
0.0256696
0.0226449
0.0198278
0.0172198
0.0148256
0.0126425
0.010655
0.00886909
0.00728065
0.0058845
0.00467434
0.00364232
0.00277874
0.00207167
0.0015068
0.00106767
0.000736217
0.000493628
0.000321479
0.000202939
0.000123558
7.16781e-05
3.84275e-05
1.73997e-05
4.17593e-06
9.79243e-07
3.98765e-06
8.65347e-06
1.58773e-05
2.69484e-05
4.36377e-05
6.82687e-05
0.000103739
0.000153477
0.000221323
0.00031136
0.000427714
0.000574373
0.000755035
0.000973011
0.00123117
0.00153196
0.00187738
0.00226908
0.00270838
0.00319635
0.00373381
0.00432144
0.00495976
0.0056492
0.00639009
0.00718266
0.00802712
0.00892357
0.00987207
0.0108726
0.0119251
0.0130294
0.0141853
0.0153924
0.0166502
0.0179583
0.0193159
0.0207224
0.0221768
0.0236781
0.0252254
0.0268172
0.0284522
0.0301291
0.0318459
0.0336011
0.0353923
0.0372175
0.039074
0.0409584
0.0428672
0.0447952
0.0467366
0.0486833
0.0506245
0.0525459
0.0544282
0.0562287
0.0579131
0.0594715
0.0607951
0.0617677
0.0622642
0.0620696
0.0608538
0.0583674
0.0551188
0.051445
0.0475704
0.0436449
0.0397673
0.0360025
0.0323919
0.0289615
0.0257267
0.0226964
0.0198746
0.0172628
0.0148656
0.0126802
0.0106903
0.00890211
0.00731145
0.00591304
0.00470053
0.00366609
0.00279998
0.00209029
0.00152277
0.00108085
0.000746987
0.000502051
0.00032781
0.000207498
0.00012668
7.3679e-05
3.95884e-05
1.79552e-05
4.31305e-06
1.03076e-06
4.19512e-06
9.09474e-06
1.66653e-05
2.82434e-05
4.56612e-05
7.13171e-05
0.000108196
0.000159822
0.000230132
0.000323305
0.000443557
0.00059495
0.000781245
0.0010058
0.00127151
0.00158082
0.00193575
0.00233792
0.00278861
0.00328885
0.0038394
0.00444088
0.00509374
0.00579832
0.00655488
0.00736357
0.00822451
0.00913774
0.0101032
0.0111209
0.0121906
0.013312
0.0144849
0.0157089
0.0169835
0.018308
0.0196817
0.0211039
0.0225735
0.0240896
0.0256511
0.0272565
0.0289045
0.0305935
0.0323219
0.0340878
0.0358893
0.0377239
0.0395888
0.0414807
0.0433958
0.0453289
0.047274
0.0492229
0.0511646
0.0530842
0.0549619
0.0567569
0.0584315
0.0599745
0.0612752
0.0622196
0.0626786
0.0624333
0.0611494
0.0586111
0.0553219
0.0516159
0.0477156
0.0437692
0.0398746
0.0360958
0.0324737
0.0290338
0.0257912
0.0227542
0.0199268
0.0173104
0.0149092
0.0127207
0.0107274
0.00893629
0.00734279
0.00594164
0.00472642
0.00368927
0.00282045
0.00210805
0.00153789
0.00109352
0.000757097
0.000509902
0.000333696
0.000211731
0.000129575
7.55346e-05
4.0665e-05
1.84704e-05
4.44024e-06
1.07795e-06
4.38509e-06
9.49862e-06
1.73861e-05
2.94271e-05
4.75094e-05
7.40996e-05
0.000112262
0.000165606
0.00023816
0.000334189
0.000457989
0.000613694
0.000805119
0.00103566
0.00130826
0.00162536
0.00198897
0.0024007
0.00286182
0.00337328
0.00393583
0.00455
0.00521618
0.00593465
0.00670558
0.00752907
0.00840514
0.00933376
0.0103148
0.0113482
0.0124336
0.0135708
0.0147594
0.0159988
0.0172886
0.0186281
0.0200166
0.021453
0.0229366
0.0244661
0.0260404
0.0276582
0.029318
0.0310182
0.0327571
0.0345328
0.0363431
0.0381857
0.0400578
0.041956
0.0438764
0.0458138
0.0477618
0.0497124
0.0516542
0.0535723
0.0554462
0.057238
0.0589002
0.0604297
0.0617102
0.0626301
0.0630567
0.0627679
0.0614262
0.0588431
0.0555186
0.0517841
0.0478605
0.0438949
0.0399843
0.0361921
0.0325587
0.0291092
0.0258584
0.0228144
0.019981
0.0173593
0.0149536
0.0127615
0.0107646
0.00897009
0.00737344
0.0059693
0.00475121
0.00371127
0.00283971
0.00212462
0.00155174
0.00110506
0.000766355
0.000517085
0.000339072
0.000215593
0.000132216
7.7226e-05
4.16463e-05
1.894e-05
4.55617e-06
1.12024e-06
4.55533e-06
9.86038e-06
1.80314e-05
3.04862e-05
4.91622e-05
7.65866e-05
0.000115894
0.000170772
0.000245327
0.000343904
0.000470869
0.000630421
0.000826427
0.00106232
0.00134107
0.00166513
0.00203651
0.0024568
0.00292725
0.00344877
0.00402207
0.00464762
0.00532576
0.00605669
0.00684054
0.00767731
0.00856698
0.00950943
0.0105045
0.0115519
0.0126515
0.0138028
0.0150054
0.0162587
0.0175622
0.0189151
0.0203166
0.0217658
0.0232617
0.0248032
0.0263889
0.0280177
0.0296879
0.031398
0.0331462
0.0349309
0.0367485
0.038598
0.0404762
0.0423797
0.0443045
0.0462454
0.0481959
0.0501476
0.0520892
0.0540056
0.055876
0.0576638
0.0593164
0.0608344
0.0620971
0.0629959
0.0633948
0.0630691
0.0616788
0.0590577
0.0557027
0.0519433
0.047999
0.044016
0.0400907
0.036286
0.0326419
0.0291831
0.0259244
0.0228735
0.0200341
0.0174071
0.0149966
0.0128009
0.0108001
0.00900212
0.00740227
0.00599513
0.0047742
0.00373153
0.00285736
0.00213977
0.00156459
0.00111552
0.000774681
0.000523525
0.000343884
0.000219046
0.000134575
7.87372e-05
4.2523e-05
1.93596e-05
4.65975e-06
1.15721e-06
4.70407e-06
1.01764e-05
1.85948e-05
3.14106e-05
5.06041e-05
7.87554e-05
0.000119061
0.000175273
0.000251571
0.000352366
0.000482088
0.000644991
0.000844987
0.00108555
0.00136966
0.00169979
0.00207795
0.00250572
0.00298432
0.00351464
0.00409733
0.00473284
0.00542144
0.00616329
0.00695844
0.00780685
0.00870842
0.00966298
0.0106703
0.0117301
0.012842
0.0140056
0.0152205
0.0164859
0.0178013
0.0191659
0.0205789
0.0220392
0.0235458
0.0250976
0.0266932
0.0283313
0.0300104
0.0317287
0.0334846
0.0352759
0.0371008
0.0389565
0.04084
0.0427482
0.0446767
0.0466205
0.0485729
0.0505254
0.0524668
0.0543816
0.056249
0.0580339
0.0596793
0.0611864
0.0624334
0.0633141
0.0636897
0.0633332
0.0619026
0.0592497
0.0558689
0.052088
0.0481258
0.0441275
0.0401891
0.0363731
0.0327192
0.029252
0.0259858
0.0229284
0.0200832
0.0174512
0.0150362
0.0128369
0.0108325
0.00903119
0.0074283
0.00601834
0.00479475
0.00374956
0.00287297
0.00215307
0.00157574
0.00112465
0.000781956
0.000529147
0.000348081
0.000222057
0.000136632
8.00544e-05
4.32872e-05
1.97253e-05
4.75005e-06
1.1885e-06
4.82999e-06
1.04438e-05
1.90715e-05
3.21925e-05
5.18234e-05
8.05888e-05
0.000121736
0.000179077
0.000256846
0.000359514
0.000491565
0.000657298
0.000860666
0.00110517
0.00139381
0.00172908
0.00211298
0.00254708
0.00303258
0.00357035
0.00416101
0.00480496
0.00550244
0.00625354
0.00705828
0.00791656
0.00882823
0.00979306
0.0108108
0.011881
0.0130034
0.0141775
0.0154027
0.0166784
0.018004
0.0193784
0.020801
0.0222707
0.0237863
0.0253468
0.0269507
0.0285967
0.0302831
0.0320084
0.0337705
0.0355674
0.037398
0.0392589
0.0411469
0.0430589
0.0449905
0.0469366
0.0488905
0.0508436
0.0527846
0.0546981
0.0565628
0.0583448
0.0599837
0.0614821
0.0627164
0.0635824
0.063939
0.0635574
0.0620941
0.0594152
0.0560131
0.0522144
0.0482371
0.0442258
0.0402762
0.0364505
0.032788
0.0293132
0.0260404
0.0229771
0.0201268
0.0174901
0.0150711
0.0128684
0.0108608
0.00905646
0.00745082
0.00603833
0.00481238
0.00376497
0.0028863
0.00216444
0.00158522
0.00113238
0.000788104
0.000533894
0.000351624
0.000224598
0.000138368
8.11663e-05
4.39323e-05
2.00341e-05
4.8263e-06
1.21388e-06
4.93209e-06
1.06607e-05
1.9458e-05
3.28263e-05
5.28115e-05
8.20743e-05
0.000123904
0.000182158
0.000261119
0.000365304
0.00049924
0.000667266
0.000873366
0.00112107
0.00141338
0.00175281
0.00214136
0.0025806
0.0030717
0.00361553
0.00421265
0.00486346
0.00556814
0.00632677
0.0071393
0.00800559
0.00892546
0.00989864
0.0109248
0.0120036
0.0131345
0.014317
0.0155507
0.0168347
0.0181684
0.0195509
0.0209812
0.0224584
0.0239814
0.0255489
0.0271595
0.0288119
0.0305044
0.0322353
0.0340028
0.035805
0.0376396
0.0395041
0.0413954
0.0433102
0.0452441
0.047192
0.0491471
0.0511006
0.0530412
0.0549533
0.0568158
0.0585954
0.0602291
0.0617205
0.0629447
0.0637989
0.0641405
0.0637392
0.0622504
0.0595509
0.0561318
0.0523188
0.0483292
0.0443074
0.0403486
0.0365148
0.0328453
0.0293643
0.0260859
0.0230177
0.020163
0.0175225
0.0150999
0.0128945
0.010884
0.00907722
0.00746928
0.00605467
0.00482676
0.00377752
0.00289712
0.00217363
0.00159288
0.00113862
0.000793066
0.000537724
0.000354482
0.000226647
0.000139768
8.20634e-05
4.4453e-05
2.02833e-05
4.88785e-06
1.23316e-06
5.00966e-06
1.08254e-05
1.97516e-05
3.33078e-05
5.35622e-05
8.3203e-05
0.000125551
0.000184499
0.000264366
0.000369703
0.000505073
0.000674841
0.000883018
0.00113315
0.00142826
0.00177085
0.00216295
0.00260609
0.00310145
0.00364988
0.00425193
0.00490795
0.00561812
0.00638246
0.00720092
0.00807332
0.00899943
0.00997895
0.0110115
0.0120968
0.0132341
0.0144231
0.0156632
0.0169535
0.0182934
0.019682
0.0211182
0.0226012
0.0241297
0.0257024
0.0273181
0.0289753
0.0306723
0.0324075
0.034179
0.0359848
0.0378226
0.03969
0.0415838
0.0435006
0.0454362
0.0473854
0.0493412
0.051295
0.0532352
0.0551464
0.0570071
0.0587848
0.0604146
0.0619008
0.0631171
0.0639626
0.0642929
0.0638769
0.062369
0.0596541
0.0562222
0.0523985
0.0483997
0.0443699
0.0404041
0.0365641
0.0328891
0.0294033
0.0261207
0.0230487
0.0201907
0.0175471
0.0151219
0.0129143
0.0109017
0.00909297
0.00748326
0.00606702
0.00483761
0.00378696
0.00290526
0.00218054
0.00159864
0.00114331
0.000796795
0.000540603
0.00035663
0.000228188
0.000140822
8.27384e-05
4.48448e-05
2.04709e-05
4.93418e-06
1.24618e-06
5.06205e-06
1.09366e-05
1.99499e-05
3.36328e-05
5.40688e-05
8.39645e-05
0.000126663
0.000186079
0.000266557
0.000372673
0.000509012
0.00067996
0.000889542
0.00114132
0.00143832
0.00178307
0.00217756
0.00262335
0.00312161
0.00367315
0.00427854
0.00493811
0.00565199
0.00642023
0.0072427
0.00811924
0.00904958
0.0100334
0.0110703
0.0121599
0.0133017
0.0144951
0.0157394
0.017034
0.0183781
0.0197708
0.021211
0.0226978
0.02423
0.0258063
0.0274254
0.0290858
0.0307859
0.0325239
0.0342979
0.036106
0.0379461
0.0398154
0.0417108
0.0436291
0.0455657
0.0475157
0.049472
0.0514259
0.0533658
0.0552762
0.0571356
0.0589121
0.0605391
0.0620221
0.063233
0.0640725
0.0643952
0.0639692
0.0624484
0.0597231
0.0562827
0.0524517
0.0484466
0.0444114
0.040441
0.0365968
0.0329182
0.0294292
0.0261437
0.0230692
0.0202089
0.0175634
0.0151364
0.0129273
0.0109133
0.00910328
0.0074924
0.00607509
0.00484468
0.00379312
0.00291055
0.00218502
0.00160238
0.00114638
0.00079924
0.000542495
0.000358046
0.000229205
0.000141518
8.31849e-05
4.51042e-05
2.05952e-05
4.96488e-06
1.25286e-06
5.0889e-06
1.09936e-05
2.00512e-05
3.37987e-05
5.43272e-05
8.43528e-05
0.000127229
0.000186883
0.000267673
0.000374187
0.000511021
0.000682572
0.000892875
0.00114549
0.00144347
0.00178932
0.00218505
0.00263221
0.00313196
0.00368512
0.00429223
0.00495362
0.00566944
0.00643967
0.00726423
0.00814291
0.00907543
0.0100615
0.0111007
0.0121925
0.0133365
0.0145321
0.0157787
0.0170755
0.0184217
0.0198165
0.0212588
0.0227476
0.0242816
0.0258598
0.0274806
0.0291426
0.0308442
0.0325836
0.034359
0.0361684
0.0380094
0.0398797
0.0417759
0.0436948
0.045632
0.0475824
0.0495389
0.0514928
0.0534325
0.0553425
0.0572013
0.058977
0.0606026
0.0620836
0.0632918
0.064128
0.0644467
0.0640153
0.0624876
0.0597568
0.0563119
0.0524773
0.0484691
0.0444312
0.0404584
0.0366122
0.0329318
0.0294412
0.0261544
0.0230787
0.0202173
0.0175708
0.015143
0.0129333
0.0109186
0.00910801
0.0074966
0.0060788
0.00484794
0.00379596
0.00291301
0.00218712
0.00160414
0.00114782
0.000800391
0.000543389
0.000358717
0.00022969
0.00014185
8.33992e-05
4.52291e-05
2.06552e-05
4.97971e-06
1.25332e-06
5.09079e-06
1.09977e-05
2.00586e-05
3.38112e-05
5.43471e-05
8.43833e-05
0.000127275
0.000186949
0.000267766
0.000374314
0.000511191
0.000682794
0.000893158
0.00114585
0.00144391
0.00178985
0.00218567
0.00263294
0.00313281
0.00368609
0.00429333
0.00495485
0.0056708
0.00644117
0.00726586
0.00814468
0.00907734
0.0100635
0.0111028
0.0121948
0.013339
0.0145347
0.0157814
0.0170783
0.0184246
0.0198194
0.0212618
0.0227507
0.0242848
0.025863
0.0274839
0.0291459
0.0308475
0.032587
0.0343624
0.0361718
0.0380128
0.039883
0.0417793
0.0436982
0.0456353
0.0475856
0.0495421
0.0514959
0.0534355
0.0553454
0.0572041
0.0589796
0.060605
0.0620858
0.0632935
0.0641294
0.0644474
0.0640153
0.0624864
0.0597551
0.0563098
0.0524749
0.0484667
0.0444288
0.0404561
0.03661
0.0329298
0.0294393
0.0261526
0.023077
0.0202158
0.0175695
0.0151418
0.0129322
0.0109177
0.00910718
0.00749588
0.00607819
0.00484743
0.00379555
0.00291268
0.00218687
0.00160395
0.00114768
0.000800288
0.000543317
0.000358667
0.000229657
0.00014183
8.33871e-05
4.52224e-05
2.06522e-05
4.97897e-06
1.24756e-06
5.06766e-06
1.09487e-05
1.99717e-05
3.36694e-05
5.41272e-05
8.40542e-05
0.000126796
0.000186272
0.000266829
0.000373047
0.000509511
0.000680612
0.000890376
0.00114236
0.00143961
0.00178462
0.00217941
0.00262552
0.00312412
0.00367603
0.0042818
0.00494175
0.00565604
0.00642468
0.00724757
0.00812453
0.00905528
0.0100395
0.0110768
0.0121668
0.0133089
0.0145027
0.0157474
0.0170423
0.0183867
0.0197796
0.0212201
0.0227071
0.0242395
0.025816
0.0274352
0.0290957
0.0307959
0.032534
0.0343081
0.0361162
0.0379562
0.0398255
0.0417209
0.043639
0.0455756
0.0475254
0.0494815
0.0514352
0.0533748
0.0552849
0.057144
0.0589199
0.0605464
0.0620285
0.0632383
0.0640764
0.0643974
0.0639689
0.0624449
0.0597177
0.0562761
0.0524446
0.0484394
0.0444043
0.040434
0.0365902
0.032912
0.0294234
0.0261383
0.0230642
0.0202044
0.0175593
0.0151327
0.0129241
0.0109105
0.00910082
0.00749029
0.00607329
0.00484318
0.00379189
0.00290956
0.00218428
0.00160182
0.00114596
0.000798938
0.000542284
0.000357902
0.000229111
0.000141458
8.31496e-05
4.50848e-05
2.05863e-05
4.96271e-06
1.23545e-06
5.01897e-06
1.08454e-05
1.9788e-05
3.33686e-05
5.36592e-05
8.3352e-05
0.000125773
0.00018482
0.000264819
0.000370325
0.000505905
0.00067593
0.00088441
0.00113489
0.0014304
0.00177345
0.00216603
0.00260971
0.00310565
0.00365468
0.00425736
0.00491403
0.00562487
0.0063899
0.00720904
0.00808213
0.00900892
0.00998912
0.0110224
0.0121082
0.0132462
0.0144358
0.0156764
0.0169673
0.0183076
0.0196966
0.0211333
0.0226166
0.0241455
0.0257185
0.0273344
0.0289918
0.030689
0.0324243
0.0341958
0.0360016
0.0378394
0.0397068
0.0416005
0.0435172
0.0454525
0.0474014
0.049357
0.0513103
0.0532501
0.0551607
0.0570207
0.0587977
0.0604265
0.0619116
0.0631259
0.0639691
0.0642965
0.0638766
0.0623634
0.0596452
0.0562114
0.0523867
0.0483875
0.0443578
0.0403924
0.0365529
0.0328786
0.0293935
0.0261116
0.0230405
0.0201832
0.0175404
0.015116
0.012909
0.010897
0.0090889
0.00747977
0.00606406
0.00483514
0.00378494
0.00290362
0.00217925
0.00159766
0.0011426
0.000796282
0.000540246
0.00035639
0.000228032
0.000140723
8.26801e-05
4.48129e-05
2.04563e-05
4.93064e-06
1.21708e-06
4.94508e-06
1.06886e-05
1.95088e-05
3.29113e-05
5.29472e-05
8.2283e-05
0.000124215
0.000182609
0.000261754
0.000366176
0.000500408
0.000668793
0.000875318
0.00112351
0.00141639
0.00175645
0.00214569
0.00258567
0.00307757
0.00362224
0.00422025
0.00487197
0.00557759
0.00633717
0.00715065
0.00801791
0.00893873
0.00991284
0.0109399
0.0120196
0.0131513
0.0143347
0.0155691
0.0168539
0.0181883
0.0195714
0.0210023
0.0224801
0.0240035
0.0255713
0.0271823
0.0288349
0.0305277
0.0322588
0.0340264
0.0358286
0.0376631
0.0395276
0.0414187
0.0433333
0.0452669
0.0472144
0.0491691
0.051122
0.053062
0.0549734
0.0568349
0.0586134
0.0602457
0.0617354
0.0629568
0.0638079
0.0641458
0.0637393
0.0622431
0.0595391
0.0561174
0.0523031
0.0483131
0.0442913
0.040333
0.0364999
0.0328312
0.0293511
0.0260737
0.0230065
0.0201528
0.0175132
0.0150916
0.0128871
0.0108776
0.00907158
0.00746444
0.00605057
0.00482334
0.00377473
0.00289489
0.00217188
0.00159155
0.00113764
0.000792361
0.000537234
0.000354151
0.000226432
0.000139634
8.19838e-05
4.44096e-05
2.02635e-05
4.88304e-06
1.19259e-06
4.84656e-06
1.04795e-05
1.91364e-05
3.23013e-05
5.1997e-05
8.08561e-05
0.000122135
0.000179655
0.000257661
0.000360633
0.000493064
0.000659258
0.000863173
0.00110831
0.00139767
0.00173374
0.00211853
0.00255359
0.00304011
0.00357897
0.00417076
0.00481588
0.00551455
0.00626688
0.00707284
0.00793235
0.00884523
0.00981126
0.0108302
0.0119016
0.0130251
0.0142002
0.0154264
0.016703
0.0180294
0.0194047
0.020828
0.0222983
0.0238146
0.0253755
0.0269799
0.0286263
0.030313
0.0320385
0.033801
0.0355983
0.0374284
0.039289
0.0411768
0.0430885
0.0450197
0.0469654
0.0489187
0.0508711
0.0528113
0.0547238
0.0565873
0.0583678
0.0600048
0.0615007
0.0627316
0.0635943
0.0639461
0.0635578
0.0620851
0.0594005
0.055995
0.0521946
0.0482166
0.0442055
0.0402564
0.0364315
0.0327701
0.0292965
0.0260249
0.0229629
0.0201138
0.0174784
0.0150606
0.0128591
0.0108525
0.0090493
0.00744467
0.00603311
0.00480803
0.00376141
0.00288343
0.00216214
0.00158351
0.00113113
0.000787211
0.000533275
0.000351208
0.000224328
0.0001382
8.10669e-05
4.38782e-05
2.00094e-05
4.82032e-06
1.16216e-06
4.72414e-06
1.02196e-05
1.86734e-05
3.15425e-05
5.08149e-05
7.90802e-05
0.000119545
0.000175976
0.000252563
0.000353729
0.000483915
0.000647379
0.000848042
0.00108938
0.00137436
0.00170547
0.00208471
0.00251365
0.0029935
0.00352513
0.0041092
0.00474613
0.0054362
0.00617953
0.00697617
0.00782607
0.00872911
0.00968513
0.0106939
0.0117551
0.0128683
0.0140332
0.0152492
0.0165158
0.0178323
0.0191979
0.0206117
0.0220728
0.0235801
0.0251325
0.0267287
0.0283672
0.0300466
0.0317651
0.0335208
0.0353118
0.0371371
0.0389928
0.0408762
0.0427841
0.0447122
0.0466555
0.0486072
0.0505589
0.0524993
0.0544129
0.0562789
0.058062
0.0597049
0.0612086
0.0624524
0.063329
0.0636989
0.0633342
0.0618923
0.0592325
0.0558477
0.0520648
0.0481017
0.0441035
0.0401658
0.0363508
0.0326982
0.0292323
0.0259675
0.0229116
0.0200679
0.0174372
0.0150237
0.0128257
0.0108226
0.00902257
0.00742087
0.00601203
0.00478949
0.00374526
0.00286954
0.00215041
0.00157371
0.00112315
0.000780882
0.000528403
0.000347582
0.000221734
0.000136431
7.9936e-05
4.32228e-05
1.96959e-05
4.74295e-06
1.12603e-06
4.57881e-06
9.911e-06
1.81235e-05
3.06408e-05
4.94094e-05
7.69678e-05
0.000116464
0.000171598
0.000246494
0.000345508
0.000473019
0.000633234
0.000830025
0.00106683
0.00134661
0.00167182
0.00204447
0.00246614
0.00293805
0.00346113
0.00403604
0.00466326
0.00534311
0.00607578
0.00686138
0.0076999
0.0085913
0.00953546
0.0105322
0.0115813
0.0126824
0.0138352
0.0150391
0.0162938
0.0175985
0.0189526
0.0203551
0.0218053
0.023302
0.0248442
0.0264305
0.0280597
0.0297303
0.0314406
0.033189
0.0349737
0.0367913
0.0386407
0.0405187
0.0424218
0.0443462
0.0462865
0.0482362
0.0501869
0.0521274
0.0540425
0.0559114
0.0576976
0.0593483
0.0608626
0.0621209
0.0630142
0.0634061
0.0630708
0.0616672
0.0590381
0.0556784
0.0519165
0.0479712
0.0439883
0.0400637
0.0362601
0.0326173
0.0291601
0.025903
0.0228538
0.020016
0.0173907
0.014982
0.0127878
0.0107886
0.00899207
0.00739362
0.0059878
0.0047681
0.00372656
0.0028534
0.00213671
0.00156225
0.00111378
0.000773439
0.000522663
0.000343306
0.000218672
0.000134343
7.86002e-05
4.24485e-05
1.93255e-05
4.65153e-06
1.08456e-06
4.41189e-06
9.55641e-06
1.74913e-05
2.96039e-05
4.77923e-05
7.45361e-05
0.000112915
0.000166554
0.000239499
0.000336031
0.000460458
0.000616925
0.000809253
0.00104084
0.00131463
0.00163305
0.00199812
0.00241143
0.00287423
0.00338746
0.00395186
0.00456794
0.00523608
0.00595654
0.00672947
0.00755496
0.00843301
0.00936358
0.0103466
0.0113818
0.012469
0.0136078
0.014798
0.016039
0.0173302
0.018671
0.0200606
0.0214982
0.0229826
0.024513
0.026088
0.0277063
0.0293665
0.0310669
0.032806
0.0345816
0.036392
0.0382346
0.0401064
0.0420042
0.0439241
0.0458608
0.0478079
0.0497574
0.0516979
0.0536144
0.0554864
0.0572757
0.0589345
0.0604616
0.0617374
0.0626514
0.0630702
0.0627705
0.0614139
0.0588217
0.0554918
0.0517544
0.0478296
0.043864
0.0399541
0.0361631
0.0325312
0.0290834
0.0258344
0.0227923
0.0199608
0.017341
0.0149371
0.0127468
0.0107516
0.00895875
0.00736368
0.00596102
0.00474432
0.00370564
0.00283522
0.00212112
0.00154907
0.00110309
0.000764942
0.000516104
0.000338414
0.000215167
0.00013195
7.70695e-05
4.15612e-05
1.89011e-05
4.54678e-06
1.03816e-06
4.22512e-06
9.15949e-06
1.67833e-05
2.84417e-05
4.59788e-05
7.18076e-05
0.00010893
0.000160888
0.00023164
0.00032538
0.000446339
0.000598592
0.000785904
0.00101164
0.00127868
0.00158949
0.00194606
0.00235
0.00280259
0.00330481
0.00385745
0.00446108
0.00511613
0.00582294
0.00658174
0.00739267
0.00825583
0.00917124
0.0101389
0.0111586
0.0122302
0.0133536
0.0145283
0.015754
0.0170301
0.0183561
0.0197311
0.0211545
0.0226252
0.0241423
0.0257045
0.0273106
0.0289591
0.0306486
0.0323772
0.0341432
0.0359446
0.037779
0.0396435
0.0415349
0.0434493
0.0453817
0.0473258
0.0492735
0.0512138
0.0531318
0.0550073
0.0567998
0.0584711
0.0600107
0.0613061
0.0622441
0.0626945
0.0624373
0.061137
0.0585884
0.0552932
0.0515839
0.0476822
0.0437357
0.0398418
0.0360643
0.0324438
0.0290057
0.025765
0.02273
0.0199047
0.0172902
0.0148911
0.0127044
0.0107131
0.00892375
0.00733197
0.00593244
0.00471874
0.00368298
0.00281541
0.0021041
0.00153486
0.00109129
0.000755502
0.000508796
0.000332954
0.000211251
0.000129277
7.53583e-05
4.05692e-05
1.84266e-05
4.42967e-06
9.87388e-07
4.02071e-06
8.72484e-06
1.60074e-05
2.71674e-05
4.39888e-05
6.88113e-05
0.000104552
0.000154659
0.000222995
0.000313661
0.000430801
0.000578415
0.000760208
0.000979493
0.00123914
0.00154158
0.00188882
0.00228248
0.00272388
0.00321405
0.00375381
0.00434381
0.00498456
0.00567646
0.00641981
0.00721485
0.00806175
0.0089606
0.00991145
0.0109143
0.011969
0.0130753
0.0142332
0.0154421
0.0167017
0.0180114
0.0193705
0.0207782
0.0222338
0.0237362
0.0252842
0.0268768
0.0285124
0.0301896
0.0319067
0.033662
0.0354531
0.0372782
0.0391343
0.0410182
0.0429263
0.0448535
0.0467939
0.0487394
0.0506791
0.0525988
0.0544789
0.0562765
0.0579584
0.0595125
0.0608302
0.0617958
0.0622829
0.0620754
0.0608417
0.0583441
0.0550889
0.0514113
0.0475351
0.0436093
0.0397324
0.0359688
0.0323598
0.0289313
0.0256985
0.0226703
0.0198506
0.017241
0.014846
0.0126626
0.0106747
0.00888845
0.00729963
0.00590298
0.00469211
0.00365916
0.0027944
0.00208591
0.00151944
0.00107837
0.000745211
0.00050082
0.000326985
0.000206965
0.000126348
7.34834e-05
3.94822e-05
1.79067e-05
4.30134e-06
9.32936e-07
3.80138e-06
8.2582e-06
1.51739e-05
2.57971e-05
4.1847e-05
6.55838e-05
9.98324e-05
0.00014794
0.000213666
0.000301009
0.000414021
0.000556622
0.000732454
0.000944781
0.00119645
0.00148987
0.00182705
0.00220966
0.00263902
0.00311624
0.00364218
0.00421758
0.00484299
0.00551892
0.00624574
0.00702378
0.00785327
0.00873441
0.00966732
0.010652
0.0116886
0.0127768
0.0139165
0.0151075
0.0163493
0.0176414
0.0189833
0.0203743
0.0218134
0.0232999
0.0248326
0.0264103
0.0280317
0.0296954
0.0313997
0.0331428
0.0349228
0.0367375
0.0385843
0.0404599
0.0423608
0.0442819
0.0462177
0.0481601
0.0500985
0.0520189
0.0539018
0.0557068
0.0574007
0.0589716
0.0603142
0.0613109
0.0618397
0.0616894
0.0605337
0.0580954
0.0548857
0.0512437
0.0473955
0.0434917
0.0396323
0.0358827
0.0322849
0.0288652
0.0256397
0.0226172
0.0198022
0.0171965
0.0148046
0.0126237
0.0106382
0.00885441
0.00726794
0.00587366
0.00466524
0.00363483
0.00277272
0.00206693
0.00150318
0.00106497
0.000734281
0.000492284
0.000320577
0.000202355
0.000123195
7.14644e-05
3.83115e-05
1.73468e-05
4.16316e-06
8.75632e-07
3.57046e-06
7.76654e-06
1.42948e-05
2.43504e-05
3.95835e-05
6.21695e-05
9.48352e-05
0.000140821
0.000203774
0.000287588
0.000396217
0.000533497
0.000703003
0.000907952
0.00115116
0.00143503
0.00176159
0.00213251
0.00254918
0.00301274
0.00352413
0.00408415
0.00469345
0.00535259
0.00606205
0.00682224
0.00763348
0.00849604
0.00941013
0.0103759
0.0113933
0.0124624
0.0135831
0.0147552
0.0159782
0.0172519
0.0185756
0.0199488
0.0213705
0.02284
0.0243563
0.0259181
0.0275241
0.029173
0.0308631
0.0325925
0.0343609
0.0361646
0.0380012
0.0398676
0.0417602
0.0436745
0.0456048
0.0475434
0.0494805
0.0514032
0.0532928
0.0550977
0.0568067
0.0583955
0.0597639
0.0607943
0.0613689
0.0612827
0.0602156
0.0578474
0.0546905
0.0510886
0.0472709
0.0433906
0.039549
0.035813
0.0322254
0.0288134
0.0255935
0.0225753
0.0197635
0.01716
0.0147696
0.0125897
0.0106055
0.0088229
0.00723779
0.00584516
0.00463891
0.00361067
0.00275086
0.00204757
0.00148645
0.00105096
0.000722668
0.000483255
0.000313795
0.000197472
0.000119854
6.93239e-05
3.70705e-05
1.67533e-05
4.01672e-06
8.16446e-07
3.33183e-06
7.25799e-06
1.33845e-05
2.28505e-05
3.72339e-05
5.86214e-05
8.96369e-05
0.000133408
0.000193468
0.000273599
0.000377653
0.000509381
0.000672291
0.000869554
0.00110396
0.0013779
0.00169342
0.00205223
0.00245574
0.00290517
0.00340153
0.00394568
0.00453836
0.00518023
0.00587183
0.00661366
0.00740613
0.0082496
0.00914435
0.0100906
0.0110884
0.0121379
0.013239
0.0143915
0.0155953
0.0168498
0.0181547
0.0195094
0.0209131
0.022365
0.0238641
0.0254094
0.0269997
0.0286335
0.0303096
0.0320262
0.0337802
0.0355709
0.0373957
0.0392515
0.0411346
0.0430408
0.0449642
0.0468973
0.0488304
0.0507499
0.0526408
0.0544487
0.0561909
0.0577929
0.0591854
0.0602507
0.0608739
0.060856
0.0598847
0.0576029
0.0545091
0.0509533
0.0471696
0.043314
0.0394905
0.0357676
0.0321894
0.0287841
0.0255684
0.0225525
0.0197417
0.0171384
0.0147474
0.0125666
0.0105818
0.00879879
0.00721339
0.00582066
0.00461443
0.00358755
0.00272946
0.00202826
0.00146951
0.00103653
0.000710955
0.000473773
0.000306696
0.000192363
0.000116358
6.70856e-05
3.57732e-05
1.61332e-05
3.86372e-06
7.56485e-07
3.08992e-06
6.74192e-06
1.24595e-05
2.13243e-05
3.48398e-05
5.50012e-05
8.43269e-05
0.000125829
0.000182923
0.000259276
0.00035864
0.00048468
0.000640836
0.000830236
0.00105564
0.00131946
0.00162374
0.00197022
0.00236039
0.0027955
0.00327664
0.00380476
0.00438068
0.00500513
0.00567876
0.00640213
0.00717575
0.00800005
0.00887538
0.00980201
0.0107802
0.0118099
0.0128913
0.0140242
0.0152084
0.0164437
0.0177296
0.0190655
0.0204508
0.0218847
0.0233663
0.0248946
0.0264684
0.0280863
0.029747
0.0314487
0.0331892
0.0349668
0.0367794
0.0386239
0.0404968
0.0423942
0.04431
0.0462373
0.0481663
0.0500903
0.0519795
0.0537935
0.0555472
0.0571672
0.0585855
0.0596875
0.0603622
0.0604126
0.0595399
0.0573662
0.0543478
0.0508453
0.0470993
0.0432703
0.0394655
0.0357547
0.0321841
0.0287827
0.0255686
0.0225524
0.0197401
0.0171344
0.0147401
0.0125557
0.0105681
0.00878254
0.00719521
0.00580122
0.00459427
0.00356658
0.00270913
0.00200966
0.00145293
0.00102227
0.000699208
0.000464372
0.000299448
0.000187104
0.000112752
6.47757e-05
3.44349e-05
1.54937e-05
3.70601e-06
6.96956e-07
2.84955e-06
6.22849e-06
1.15378e-05
1.9801e-05
3.24462e-05
5.13766e-05
7.90036e-05
0.000118224
0.000172333
0.000244886
0.000339534
0.000459858
0.000609236
0.000790756
0.00100717
0.00126087
0.00155394
0.00188817
0.00226509
0.00268603
0.00315215
0.00366447
0.0042239
0.00483125
0.00548726
0.00619256
0.00694775
0.00775331
0.00860967
0.00951718
0.0104761
0.0114866
0.0125486
0.0136623
0.0148275
0.0160438
0.0173109
0.0186284
0.0199955
0.0214115
0.0228756
0.0243868
0.0259439
0.0275457
0.0291907
0.0308773
0.0326038
0.0343682
0.0361682
0.0380011
0.0398635
0.0417515
0.0436597
0.0455817
0.047509
0.049427
0.0513153
0.0531355
0.0548992
0.0565357
0.0579791
0.0591201
0.0598458
0.0599687
0.0592
0.0571477
0.054214
0.0507708
0.0470658
0.0432647
0.0394778
0.0357779
0.0322126
0.0288128
0.0255977
0.0225788
0.0197625
0.0171521
0.0147522
0.0125618
0.0105685
0.00877759
0.00718579
0.00578828
0.00457898
0.0035502
0.00269204
0.00199247
0.0014372
0.00100843
0.00068753
0.000455101
0.000292004
0.000181648
0.000109043
6.24053e-05
3.30639e-05
1.48397e-05
3.5449e-06
6.39242e-07
2.6163e-06
5.72949e-06
1.06404e-05
1.8315e-05
3.01069e-05
4.78282e-05
7.37848e-05
0.000110759
0.00016193
0.000230743
0.000320752
0.000435459
0.000578188
0.000751992
0.000959613
0.00120347
0.00148566
0.00180802
0.00217216
0.00257947
0.00303118
0.0035284
0.00407212
0.00466323
0.00530253
0.00599074
0.00672851
0.00751641
0.0083549
0.00924439
0.0101852
0.0111775
0.0122214
0.013317
0.0144641
0.0156625
0.0169119
0.0182117
0.0195615
0.0209605
0.0224079
0.0239027
0.0254437
0.0270297
0.0286594
0.0303313
0.032044
0.0337951
0.0355826
0.0374037
0.0392551
0.0411329
0.0430317
0.0449448
0.0468692
0.0487831
0.0506702
0.0524957
0.0542676
0.0559187
0.0573854
0.058566
0.0593431
0.0595384
0.0588737
0.0569547
0.0541132
0.0507335
0.0470715
0.0432981
0.0395279
0.0358373
0.0322761
0.0288763
0.025658
0.0226335
0.0198102
0.0171917
0.0147834
0.0125847
0.0105842
0.00878654
0.00718799
0.00578447
0.00457061
0.00353867
0.00267881
0.00197846
0.00142302
0.000995615
0.000676517
0.000446117
0.000285252
0.000176471
0.000105293
5.9975e-05
3.16621e-05
1.41762e-05
3.38252e-06
5.84772e-07
2.39583e-06
5.25672e-06
9.78775e-06
1.68989e-05
2.7872e-05
4.44309e-05
6.87805e-05
0.000103594
0.000151941
0.000217164
0.00030273
0.000412072
0.000548468
0.000714951
0.000914261
0.00114884
0.00142083
0.00173212
0.00208439
0.00247909
0.00291755
0.00340094
0.00393032
0.00450666
0.00513084
0.00580362
0.00652573
0.00729775
0.00812024
0.0089936
0.00991819
0.0108942
0.0119218
0.0130011
0.014132
0.0153143
0.0165478
0.0178319
0.0191661
0.0205498
0.021982
0.023462
0.0249886
0.0265606
0.0281767
0.0298353
0.0315345
0.0332727
0.0350478
0.0368574
0.0386983
0.0405666
0.0424578
0.0443661
0.046279
0.0481882
0.0500732
0.0519024
0.0536806
0.0553444
0.0568324
0.0580496
0.058876
0.0591413
0.058578
0.0567964
0.0540493
0.0507342
0.047115
0.0433697
0.0396173
0.0359362
0.0323781
0.0289767
0.0257533
0.0227212
0.0198884
0.0172594
0.0148392
0.0126285
0.0106167
0.00880877
0.00720186
0.0057913
0.00457079
0.00353344
0.0026699
0.00196771
0.00141156
0.000984216
0.000666534
0.0004379
0.000278942
0.000172041
0.000102297
5.80289e-05
3.05188e-05
1.36251e-05
3.24594e-06
5.35989e-07
2.19796e-06
4.83098e-06
9.01689e-06
1.56136e-05
2.58357e-05
4.13252e-05
6.41927e-05
9.70108e-05
0.000142749
0.000204659
0.00028613
0.000390542
0.000521143
0.000680958
0.000872748
0.00109899
0.00136188
0.00166337
0.00200521
0.00238893
0.00281592
0.00328742
0.00380458
0.0043684
0.00497982
0.00563966
0.00634868
0.00710751
0.00791672
0.00877678
0.00968805
0.0106508
0.0116652
0.0127293
0.0138472
0.0150165
0.0162368
0.0175079
0.0188292
0.0202001
0.0216197
0.0230872
0.0246014
0.0261613
0.0277655
0.0294124
0.0311004
0.0328277
0.0345921
0.0363916
0.0382226
0.0400817
0.0419643
0.0438643
0.0457711
0.047676
0.0495586
0.0513902
0.053173
0.054847
0.0563531
0.057602
0.0584725
0.0588014
0.0583308
0.0566794
0.0540218
0.0507673
0.0471894
0.0434712
0.0397349
0.0360618
0.0325059
0.0291021
0.025873
0.0228326
0.0199897
0.0173492
0.0149162
0.0126924
0.0106679
0.00884759
0.00722883
0.00580789
0.00457962
0.0035361
0.0026674
0.00196182
0.0014041
0.000976185
0.000658667
0.000431098
0.000273534
0.000168058
9.95977e-05
5.63304e-05
2.95447e-05
1.31606e-05
3.13122e-06
4.95731e-07
2.0337e-06
4.47419e-06
8.36359e-06
1.45119e-05
2.40724e-05
3.86136e-05
6.01645e-05
9.12131e-05
0.00013465
0.000193658
0.000271579
0.000371765
0.000497457
0.000651698
0.00083728
0.00105673
0.0013123
0.00160601
0.00193966
0.00231485
0.00273302
0.00319549
0.00370342
0.00425788
0.00485984
0.00551015
0.00620958
0.00695882
0.00775844
0.00860894
0.00951073
0.0104641
0.0114662
0.0125222
0.0136305
0.0147904
0.0160008
0.0172626
0.0185746
0.0199362
0.0213467
0.0228051
0.0243104
0.0258614
0.0274568
0.0290951
0.0307747
0.0324937
0.03425
0.0360414
0.0378647
0.039716
0.0415907
0.0434845
0.0453871
0.0472884
0.0491687
0.0510015
0.0527872
0.0544685
0.0559882
0.0572609
0.0581659
0.0585454
0.0581491
0.0566043
0.0540202
0.0508166
0.0472735
0.0435779
0.0398553
0.0361896
0.032636
0.0292307
0.0259972
0.0229502
0.0200987
0.0174482
0.0150036
0.0127678
0.010731
0.00889846
0.00726777
0.00583553
0.00459676
0.00354478
0.00266995
0.00195943
0.00139843
0.000969114
0.000651347
0.000424467
0.000268126
0.000164009
9.68022e-05
5.45623e-05
2.85448e-05
1.26957e-05
3.01885e-06
4.73199e-07
1.94066e-06
4.26836e-06
7.97793e-06
1.3845e-05
2.29777e-05
3.68894e-05
5.75468e-05
8.73747e-05
0.000129206
0.000186184
0.000261623
0.000358875
0.0004812
0.000631677
0.000813148
0.00102819
0.00127911
0.00156799
0.00189666
0.00226677
0.00267981
0.0031371
0.00363984
0.00418911
0.00478589
0.00543105
0.00612535
0.00686947
0.007664
0.00850941
0.00940608
0.0103543
0.011351
0.0124026
0.0135059
0.0146607
0.0158661
0.017123
0.0184301
0.0197869
0.0211926
0.0226462
0.0241467
0.025693
0.0272837
0.0289174
0.0305925
0.032307
0.034059
0.0358462
0.0376656
0.0395136
0.0413861
0.0432743
0.0451731
0.0470716
0.0489502
0.0507833
0.0525703
0.0542553
0.0557824
0.0570682
0.0579929
0.0584015
0.0580488
0.0565677
0.0540278
0.0508548
0.0473325
0.0436508
0.0399372
0.0362767
0.0327255
0.0293205
0.0260855
0.0230355
0.02018
0.0175243
0.0150733
0.0128306
0.0107866
0.00894634
0.00730769
0.00586744
0.00462087
0.00356135
0.00268006
0.00196512
0.00140107
0.000969743
0.000650907
0.000423508
0.000267039
0.000163028
9.60354e-05
5.40308e-05
2.82221e-05
1.25371e-05
2.9794e-06
)
;

boundaryField
{
    fuel
    {
        type            fixedValue;
        value           uniform 0;
    }
    air
    {
        type            fixedValue;
        value           uniform 0;
    }
    outlet
    {
        type            inletOutlet;
        inletValue      uniform 0;
        value           nonuniform List<scalar> 
200
(
4.61941e-07
1.89465e-06
4.16772e-06
7.79141e-06
1.3525e-05
2.24546e-05
3.60652e-05
5.62902e-05
8.55176e-05
0.000126544
0.000182478
0.000256609
0.000352271
0.000472717
0.000621029
0.000800058
0.0010124
0.00126039
0.00154613
0.00187149
0.00223815
0.00264762
0.00310127
0.00360032
0.00414589
0.00473896
0.00538045
0.00607115
0.00681175
0.00760285
0.00844495
0.00933844
0.0102836
0.0112774
0.0123262
0.013427
0.0145794
0.0157828
0.0170377
0.0183431
0.0196983
0.0211026
0.022555
0.0240546
0.0256001
0.0271903
0.0288237
0.0304985
0.0322131
0.0339653
0.0357528
0.0375726
0.0394209
0.0412934
0.0431839
0.0450848
0.0469855
0.0488664
0.0507025
0.0524928
0.0541821
0.0557144
0.057007
0.05794
0.0583598
0.0580218
0.0565609
0.0540342
0.05087
0.0473534
0.0436753
0.0399638
0.0363043
0.0327534
0.0293481
0.0261125
0.0230616
0.0202049
0.0175479
0.0150953
0.0128511
0.0108054
0.00896329
0.0073228
0.00588069
0.00463227
0.00357094
0.00268791
0.00197137
0.00140589
0.000973336
0.000653486
0.000425291
0.000268225
0.000163786
9.65e-05
5.43005e-05
2.83663e-05
1.26022e-05
2.99501e-06
4.73199e-07
1.94066e-06
4.26836e-06
7.97793e-06
1.3845e-05
2.29777e-05
3.68894e-05
5.75468e-05
8.73747e-05
0.000129206
0.000186184
0.000261623
0.000358875
0.0004812
0.000631677
0.000813148
0.00102819
0.00127911
0.00156799
0.00189666
0.00226677
0.00267981
0.0031371
0.00363984
0.00418911
0.00478589
0.00543105
0.00612535
0.00686947
0.007664
0.00850941
0.00940608
0.0103543
0.011351
0.0124026
0.0135059
0.0146607
0.0158661
0.017123
0.0184301
0.0197869
0.0211926
0.0226462
0.0241467
0.025693
0.0272837
0.0289174
0.0305925
0.032307
0.034059
0.0358462
0.0376656
0.0395136
0.0413861
0.0432743
0.0451731
0.0470716
0.0489502
0.0507833
0.0525703
0.0542553
0.0557824
0.0570682
0.0579929
0.0584015
0.0580488
0.0565677
0.0540278
0.0508548
0.0473325
0.0436508
0.0399372
0.0362767
0.0327255
0.0293205
0.0260855
0.0230355
0.02018
0.0175243
0.0150733
0.0128306
0.0107866
0.00894634
0.00730769
0.00586744
0.00462087
0.00356135
0.00268006
0.00196512
0.00140107
0.000969743
0.000650907
0.000423508
0.000267039
0.000163028
9.60354e-05
5.40308e-05
2.82221e-05
1.25371e-05
2.9794e-06
)
;
    }
    frontAndBack
    {
        type            empty;
    }
}


// ************************************************************************* //
