/*--------------------------------*- C++ -*----------------------------------*\
  =========                 |
  \\      /  F ield         | OpenFOAM: The Open Source CFD Toolbox
   \\    /   O peration     | Website:  https://openfoam.org
    \\  /    A nd           | Version:  11
     \\/     M anipulation  |
\*---------------------------------------------------------------------------*/
FoamFile
{
    format      ascii;
    class       volScalarField;
    location    "0.1";
    object      N2;
}
// * * * * * * * * * * * * * * * * * * * * * * * * * * * * * * * * * * * * * //

dimensions      [0 0 0 0 0 0 0];

internalField   nonuniform List<scalar> 
4000
(
0.000935982
0.00372387
0.00770631
0.0132031
0.0205623
0.0301359
0.0422474
0.0571516
0.0749986
0.0958066
0.119453
0.145685
0.174143
0.2044
0.235994
0.268462
0.301363
0.3343
0.366924
0.398944
0.430122
0.460273
0.489256
0.516974
0.543362
0.568386
0.592034
0.614313
0.635245
0.654862
0.673205
0.69032
0.706258
0.721021
0.734759
0.747477
0.759228
0.770057
0.780024
0.78917
0.797544
0.805187
0.812143
0.818451
0.824148
0.829271
0.833854
0.837927
0.841523
0.844668
0.847391
0.849717
0.851671
0.853275
0.854551
0.855522
0.856205
0.856619
0.856783
0.856714
0.856428
0.855939
0.855263
0.854418
0.853411
0.852238
0.850918
0.849456
0.847853
0.846109
0.844223
0.842192
0.840014
0.837687
0.835208
0.832578
0.829795
0.826862
0.823781
0.820561
0.817215
0.813739
0.81016
0.806499
0.802786
0.799058
0.795361
0.791754
0.788305
0.785069
0.782105
0.779461
0.777177
0.775266
0.773718
0.772505
0.771586
0.770911
0.770433
0.770106
0.000922207
0.00366852
0.00759023
0.0130027
0.0202502
0.0296829
0.0416244
0.0563334
0.0739663
0.0945509
0.117976
0.143998
0.17227
0.202371
0.233843
0.266224
0.299076
0.331995
0.364632
0.396689
0.427924
0.458146
0.487212
0.515019
0.541501
0.566621
0.590363
0.612735
0.633757
0.65346
0.671886
0.68908
0.705093
0.719929
0.733724
0.746503
0.758309
0.769189
0.779203
0.788393
0.796806
0.804486
0.811474
0.817812
0.823537
0.828685
0.83329
0.837384
0.840998
0.84416
0.846898
0.849237
0.851202
0.852815
0.8541
0.855078
0.855768
0.856187
0.856355
0.85629
0.856006
0.855518
0.854842
0.853997
0.852988
0.851811
0.850484
0.84901
0.8474
0.845651
0.843757
0.841717
0.839528
0.83719
0.8347
0.832058
0.829265
0.826322
0.823234
0.820009
0.816661
0.813189
0.809618
0.805974
0.802287
0.798596
0.794955
0.791422
0.788019
0.78482
0.781896
0.779301
0.777056
0.775175
0.773652
0.77246
0.771556
0.770894
0.770424
0.770104
0.000912035
0.00362801
0.00750656
0.01286
0.0200297
0.0293629
0.0411805
0.0557393
0.0731953
0.0935778
0.11678
0.142566
0.170598
0.200464
0.231717
0.263904
0.296591
0.329379
0.361921
0.393917
0.425124
0.455348
0.48444
0.512295
0.538842
0.564038
0.587867
0.610332
0.63145
0.651251
0.669774
0.687063
0.703166
0.718135
0.731996
0.744859
0.756743
0.767702
0.777785
0.787041
0.795515
0.803252
0.810293
0.81668
0.822449
0.827638
0.83228
0.836409
0.840055
0.843246
0.846009
0.848371
0.850355
0.851986
0.853284
0.854278
0.85498
0.85541
0.855586
0.855527
0.855249
0.854765
0.854093
0.85325
0.852243
0.851065
0.849737
0.84826
0.846638
0.844877
0.842974
0.840925
0.838728
0.836382
0.833885
0.831239
0.828443
0.825501
0.822417
0.819204
0.815872
0.812423
0.808883
0.805277
0.801638
0.798016
0.794441
0.790929
0.78758
0.784451
0.781605
0.779072
0.776882
0.77505
0.773566
0.772404
0.771522
0.770875
0.770416
0.770102
0.00090396
0.00359587
0.00744034
0.0127473
0.0198553
0.029109
0.0408264
0.0552618
0.0725702
0.0927811
0.11579
0.141365
0.169175
0.198815
0.229847
0.261823
0.294317
0.326936
0.359334
0.391216
0.422336
0.452502
0.481564
0.509412
0.535973
0.561203
0.58508
0.607606
0.628795
0.648674
0.66728
0.684654
0.700845
0.715901
0.729874
0.742816
0.754781
0.765819
0.775979
0.785308
0.793851
0.801653
0.808756
0.8152
0.821023
0.826261
0.83095
0.83512
0.838804
0.842029
0.844824
0.847215
0.849225
0.850879
0.852198
0.853209
0.853927
0.854372
0.85456
0.854512
0.854242
0.853767
0.853103
0.852267
0.851267
0.850094
0.848772
0.847303
0.845676
0.843903
0.841989
0.839938
0.83774
0.835395
0.832902
0.830261
0.827475
0.824547
0.821483
0.818294
0.814995
0.811584
0.808095
0.804558
0.800998
0.797415
0.793869
0.790438
0.787172
0.784127
0.781344
0.778862
0.776724
0.774937
0.77349
0.772355
0.771493
0.770859
0.770408
0.7701
0.000898853
0.00357551
0.00739836
0.0126756
0.0197436
0.0289439
0.0405914
0.0549371
0.0721329
0.0922071
0.115055
0.140448
0.168059
0.19749
0.228307
0.260073
0.292365
0.324797
0.357028
0.388764
0.419763
0.449833
0.478822
0.506622
0.533157
0.55838
0.582269
0.604821
0.626049
0.645979
0.664643
0.682084
0.698345
0.713476
0.727527
0.740548
0.75259
0.763703
0.773936
0.783336
0.791947
0.799815
0.80698
0.813484
0.819363
0.824655
0.829392
0.833607
0.837332
0.840596
0.843426
0.84585
0.847892
0.849576
0.850925
0.851947
0.852685
0.853147
0.853351
0.853317
0.853061
0.852597
0.851946
0.851121
0.850131
0.848968
0.847655
0.846195
0.84459
0.842826
0.840915
0.838858
0.836659
0.83432
0.831838
0.829214
0.826448
0.823545
0.820511
0.817365
0.814117
0.810765
0.807339
0.803835
0.800291
0.796771
0.793311
0.78996
0.786775
0.7838
0.781075
0.778659
0.776575
0.774832
0.773421
0.77231
0.771464
0.770842
0.7704
0.770098
0.000895573
0.00356231
0.00737084
0.0126279
0.0196679
0.0288299
0.0404255
0.0547026
0.07181
0.091774
0.114489
0.139729
0.167168
0.196414
0.227038
0.258607
0.290707
0.322955
0.355014
0.386595
0.417458
0.44741
0.476304
0.504029
0.530509
0.555697
0.579568
0.602118
0.623359
0.643312
0.662012
0.679496
0.695808
0.710996
0.725107
0.738191
0.750298
0.761477
0.771774
0.781238
0.789912
0.79784
0.805064
0.811624
0.817557
0.822898
0.827684
0.831945
0.835713
0.839018
0.841886
0.844344
0.846417
0.848129
0.849502
0.850556
0.851316
0.851799
0.852022
0.852007
0.851768
0.851319
0.850685
0.849875
0.848899
0.847748
0.846448
0.845001
0.84341
0.841678
0.839788
0.837755
0.83558
0.833254
0.830788
0.828185
0.825448
0.822579
0.819586
0.816486
0.813269
0.809943
0.806532
0.803083
0.799619
0.796175
0.79279
0.789519
0.786402
0.783481
0.780824
0.778467
0.776432
0.774733
0.773349
0.772261
0.771434
0.770825
0.770393
0.770097
0.000893565
0.0035541
0.00735348
0.0125973
0.0196182
0.0287528
0.0403101
0.0545345
0.0715718
0.0914458
0.11405
0.139159
0.166449
0.19553
0.22598
0.257371
0.289291
0.321364
0.353256
0.384682
0.415405
0.445233
0.474021
0.501657
0.528066
0.553199
0.577033
0.599561
0.620793
0.640752
0.659466
0.676975
0.69332
0.708546
0.722702
0.735835
0.747994
0.759226
0.769578
0.779097
0.787826
0.795809
0.803086
0.809698
0.81568
0.82107
0.825902
0.830207
0.834017
0.837361
0.840266
0.84276
0.844867
0.846611
0.848016
0.849104
0.84988
0.850387
0.850631
0.850637
0.850417
0.849988
0.849374
0.848579
0.847619
0.846485
0.8452
0.843768
0.842194
0.840477
0.83862
0.836607
0.834452
0.832161
0.829729
0.827158
0.824452
0.821612
0.818644
0.815558
0.812383
0.809112
0.805773
0.802392
0.798995
0.795622
0.792312
0.789104
0.78604
0.783189
0.780593
0.778289
0.776302
0.774635
0.773281
0.772217
0.771407
0.77081
0.770386
0.770095
0.000892229
0.00354855
0.00734153
0.0125758
0.0195824
0.0286962
0.0402232
0.054405
0.0713846
0.0911831
0.113693
0.138689
0.165848
0.194784
0.225079
0.256307
0.288063
0.319974
0.351709
0.382987
0.413573
0.443278
0.471956
0.499497
0.525828
0.550898
0.574682
0.597175
0.618386
0.638334
0.657049
0.674568
0.690931
0.706183
0.72037
0.733539
0.745738
0.757013
0.76741
0.776975
0.785751
0.793781
0.801105
0.807762
0.81379
0.819223
0.824094
0.828444
0.832294
0.835677
0.838619
0.841147
0.843287
0.845063
0.846497
0.847612
0.848428
0.848955
0.849221
0.849248
0.849052
0.848645
0.848053
0.847283
0.84633
0.845217
0.843952
0.84254
0.840984
0.839287
0.837451
0.835478
0.833357
0.831091
0.828677
0.826128
0.82345
0.820645
0.817721
0.814692
0.811571
0.808355
0.805075
0.801756
0.798426
0.795119
0.791863
0.788706
0.785711
0.782922
0.780382
0.778127
0.776181
0.774546
0.77322
0.772177
0.771383
0.770796
0.770379
0.770093
0.000891188
0.00354418
0.00733204
0.0125585
0.0195535
0.0286499
0.0401515
0.0542972
0.0712271
0.0909603
0.113388
0.138284
0.165328
0.194135
0.22429
0.255371
0.286978
0.31874
0.350331
0.38147
0.411927
0.441513
0.470084
0.497532
0.523782
0.548785
0.572515
0.594966
0.616147
0.636075
0.654782
0.6723
0.688672
0.703939
0.718147
0.731342
0.743571
0.75488
0.765313
0.774916
0.783732
0.791803
0.799168
0.805866
0.811935
0.817411
0.822327
0.826709
0.830594
0.834011
0.836987
0.839548
0.84172
0.843526
0.844989
0.84613
0.84697
0.847525
0.847822
0.847877
0.847705
0.847322
0.846754
0.846006
0.845074
0.843982
0.842739
0.841348
0.839813
0.838136
0.836318
0.834361
0.832266
0.830034
0.827671
0.825168
0.822533
0.819772
0.816893
0.813911
0.810839
0.807673
0.804445
0.801177
0.797895
0.794631
0.791435
0.788347
0.785412
0.782678
0.780188
0.777979
0.776067
0.774466
0.773165
0.772141
0.77136
0.770784
0.770373
0.770092
0.000890183
0.00353998
0.00732299
0.0125422
0.0195265
0.028607
0.0400857
0.054199
0.0710845
0.0907593
0.113114
0.137921
0.164861
0.193552
0.223582
0.254532
0.286003
0.31763
0.349088
0.380101
0.410438
0.439914
0.468385
0.495743
0.521915
0.546851
0.570526
0.592933
0.614079
0.633984
0.652675
0.670188
0.68656
0.701835
0.716057
0.729271
0.741522
0.752857
0.76332
0.772954
0.781803
0.789908
0.797308
0.804042
0.810146
0.815656
0.820605
0.825024
0.828945
0.832396
0.835405
0.837998
0.8402
0.842037
0.843529
0.8447
0.84557
0.84616
0.846477
0.846555
0.846408
0.846049
0.845504
0.84478
0.843871
0.842803
0.841582
0.840215
0.838703
0.837049
0.835256
0.833323
0.831253
0.829047
0.826707
0.824235
0.821635
0.818913
0.816076
0.813139
0.810116
0.807001
0.803826
0.800613
0.797391
0.794193
0.791056
0.788024
0.785142
0.782458
0.780013
0.777842
0.775966
0.774394
0.773115
0.772108
0.77134
0.770773
0.770368
0.770091
0.000889079
0.00353542
0.00731329
0.0125251
0.0194986
0.0285638
0.0400207
0.0541037
0.0709484
0.0905701
0.112858
0.137584
0.164432
0.193019
0.222936
0.253767
0.285117
0.316622
0.347961
0.378859
0.409087
0.438462
0.46684
0.494116
0.520214
0.545087
0.568709
0.591072
0.612184
0.632063
0.650737
0.668239
0.684608
0.699886
0.714116
0.727343
0.739612
0.750967
0.761453
0.771114
0.779991
0.788125
0.795555
0.80232
0.808456
0.813997
0.818977
0.823428
0.82738
0.830862
0.833901
0.836524
0.838755
0.84062
0.84214
0.843338
0.844234
0.844848
0.845195
0.845299
0.845177
0.844844
0.844324
0.843624
0.842739
0.841695
0.840499
0.839155
0.837668
0.836039
0.834271
0.832365
0.830323
0.828146
0.825837
0.823397
0.820833
0.818149
0.815352
0.812458
0.809479
0.80641
0.803283
0.800121
0.79695
0.793802
0.790716
0.787733
0.784899
0.782259
0.779857
0.77772
0.775875
0.774328
0.77307
0.772079
0.771322
0.770762
0.770363
0.770089
0.000887828
0.00353032
0.00730258
0.0125064
0.0194689
0.0285187
0.0399544
0.0540087
0.0708152
0.0903878
0.112614
0.137268
0.164032
0.192526
0.222341
0.253067
0.284308
0.315704
0.346936
0.377731
0.407862
0.437146
0.465441
0.492642
0.518673
0.543488
0.56706
0.589382
0.610461
0.630315
0.648971
0.666461
0.682825
0.698103
0.712338
0.725574
0.737856
0.749227
0.759733
0.769415
0.778315
0.786474
0.79393
0.800723
0.806886
0.812456
0.817465
0.821943
0.825923
0.829432
0.832498
0.835148
0.837407
0.839298
0.840844
0.842068
0.84299
0.84363
0.844005
0.844129
0.844032
0.843724
0.843228
0.842552
0.841691
0.840671
0.839499
0.838179
0.836716
0.835113
0.833371
0.831491
0.829477
0.827329
0.825049
0.822642
0.820111
0.817462
0.814702
0.811847
0.808909
0.805882
0.802799
0.799681
0.796555
0.793453
0.790412
0.787474
0.784682
0.782082
0.779714
0.777611
0.775794
0.77427
0.77303
0.772052
0.771305
0.770753
0.770359
0.770088
0.000886447
0.00352474
0.00729099
0.0124865
0.0194376
0.028472
0.0398871
0.0539139
0.0706848
0.0902122
0.112383
0.136971
0.163659
0.19207
0.221795
0.252427
0.283572
0.314872
0.34601
0.376714
0.406758
0.435962
0.464183
0.491317
0.517289
0.542052
0.56558
0.587865
0.608913
0.628744
0.647382
0.664861
0.681218
0.696494
0.710732
0.723975
0.736267
0.747652
0.758172
0.767872
0.776792
0.784972
0.792451
0.799266
0.805453
0.811047
0.81608
0.820584
0.824589
0.828123
0.831215
0.833889
0.836172
0.838088
0.839658
0.840906
0.841851
0.842514
0.842911
0.843063
0.842988
0.842703
0.842229
0.841576
0.840738
0.839741
0.838591
0.837295
0.835855
0.834276
0.832558
0.830704
0.828716
0.826595
0.824344
0.821966
0.819466
0.81685
0.814124
0.811303
0.808403
0.805414
0.802369
0.799291
0.796205
0.793144
0.790143
0.787244
0.784491
0.781927
0.779589
0.777514
0.775722
0.774218
0.772994
0.772029
0.771291
0.770745
0.770355
0.770087
0.000884992
0.0035189
0.00727894
0.012466
0.0194057
0.0284251
0.0398204
0.0538214
0.0705593
0.0900454
0.112166
0.136696
0.163317
0.191653
0.2213
0.251849
0.28291
0.314126
0.345182
0.375807
0.405777
0.434911
0.463068
0.490144
0.516064
0.540782
0.56427
0.586522
0.607544
0.627353
0.645975
0.663444
0.679795
0.695069
0.709308
0.722556
0.734855
0.746251
0.756784
0.766498
0.775434
0.783632
0.79113
0.797965
0.804172
0.809786
0.814839
0.819367
0.823394
0.826951
0.830065
0.832762
0.835067
0.837004
0.838596
0.839865
0.840832
0.841517
0.841936
0.84211
0.842055
0.841792
0.841338
0.840706
0.839889
0.838913
0.837784
0.836509
0.835091
0.833534
0.831838
0.830008
0.828043
0.825947
0.823722
0.821371
0.818899
0.816311
0.813615
0.810827
0.807959
0.805004
0.801994
0.79895
0.7959
0.792874
0.789909
0.787044
0.784323
0.781788
0.77948
0.777431
0.775659
0.774173
0.772963
0.772008
0.771278
0.770738
0.770352
0.770087
0.000883545
0.00351312
0.00726706
0.0124458
0.0193747
0.0283798
0.0397567
0.0537342
0.0704422
0.0898915
0.111968
0.136446
0.163009
0.191281
0.22086
0.251338
0.282327
0.313471
0.344457
0.375015
0.404921
0.433995
0.462098
0.489125
0.515001
0.53968
0.563136
0.58536
0.606358
0.626149
0.644757
0.662216
0.678561
0.693833
0.708073
0.721324
0.73363
0.745034
0.755578
0.765304
0.774254
0.782467
0.78998
0.796832
0.803057
0.80869
0.813764
0.818307
0.822353
0.825929
0.829061
0.831777
0.834102
0.836058
0.837669
0.838957
0.839942
0.840646
0.841084
0.841274
0.84124
0.840996
0.840562
0.839948
0.83915
0.838193
0.837083
0.835827
0.834428
0.83289
0.831215
0.829405
0.827462
0.825388
0.823186
0.820859
0.818411
0.815849
0.81318
0.810418
0.807579
0.804652
0.801672
0.798659
0.795639
0.792644
0.789709
0.786873
0.78418
0.781672
0.779388
0.777359
0.775606
0.774134
0.772936
0.77199
0.771267
0.770731
0.770349
0.770086
0.00088219
0.00350772
0.00725601
0.0124272
0.0193461
0.0283384
0.0396989
0.0536555
0.0703376
0.0897551
0.111794
0.136228
0.162741
0.19096
0.220481
0.2509
0.281829
0.312913
0.343841
0.374343
0.404196
0.433222
0.46128
0.488266
0.514106
0.538753
0.562181
0.584381
0.605361
0.625136
0.643733
0.661183
0.677524
0.692793
0.707034
0.720288
0.732599
0.744009
0.754562
0.764298
0.773259
0.781483
0.78901
0.795876
0.802116
0.807764
0.812854
0.817413
0.821474
0.825065
0.828213
0.830945
0.833285
0.835258
0.836885
0.838189
0.839191
0.83991
0.840364
0.840571
0.840553
0.840325
0.839907
0.839309
0.838527
0.837585
0.836492
0.835252
0.83387
0.832349
0.830691
0.828898
0.826973
0.824918
0.822735
0.820428
0.818002
0.815462
0.812815
0.810077
0.807262
0.80436
0.801404
0.798417
0.795423
0.792453
0.789542
0.786731
0.784061
0.781575
0.779311
0.7773
0.775561
0.774102
0.772914
0.771975
0.771258
0.770726
0.770346
0.770085
0.000881011
0.00350303
0.00724643
0.0124111
0.0193215
0.0283029
0.0396496
0.0535888
0.0702494
0.0896408
0.111649
0.136047
0.16252
0.190696
0.220171
0.250542
0.281422
0.312459
0.343341
0.373798
0.40361
0.432596
0.460618
0.487572
0.513383
0.538005
0.561411
0.583593
0.604557
0.624321
0.642908
0.660352
0.676688
0.691956
0.706196
0.719453
0.731767
0.743182
0.753741
0.763485
0.772455
0.780689
0.788226
0.795102
0.801354
0.807013
0.812114
0.816687
0.820761
0.824365
0.827526
0.830271
0.832625
0.83461
0.836251
0.837568
0.838583
0.839315
0.839783
0.840002
0.839998
0.839783
0.839377
0.838792
0.838023
0.837095
0.836015
0.834788
0.83342
0.831912
0.830268
0.82849
0.82658
0.82454
0.822373
0.820083
0.817674
0.815151
0.812523
0.809803
0.807008
0.804126
0.80119
0.798223
0.795249
0.792299
0.789409
0.786618
0.783966
0.781497
0.779249
0.777252
0.775526
0.774077
0.772896
0.771964
0.77125
0.770722
0.770344
0.770085
0.000880079
0.00349932
0.00723888
0.0123984
0.0193022
0.0282751
0.0396111
0.053537
0.0701811
0.0895526
0.111537
0.135908
0.162352
0.190494
0.219935
0.25027
0.281114
0.312116
0.342962
0.373386
0.403167
0.432124
0.460119
0.487049
0.512838
0.537441
0.560831
0.582999
0.603952
0.623706
0.642287
0.659725
0.676058
0.691324
0.705565
0.718823
0.73114
0.742559
0.753123
0.762872
0.771848
0.780089
0.787633
0.794518
0.800778
0.806446
0.811555
0.816137
0.820221
0.823835
0.827006
0.829761
0.832125
0.83412
0.835771
0.837098
0.838122
0.838865
0.839343
0.839572
0.839578
0.839373
0.838977
0.838402
0.837643
0.836725
0.835655
0.834438
0.83308
0.831583
0.82995
0.828183
0.826284
0.824256
0.822102
0.819824
0.817427
0.814918
0.812303
0.809598
0.806817
0.80395
0.80103
0.798078
0.795119
0.792185
0.78931
0.786532
0.783895
0.781439
0.779203
0.777216
0.775499
0.774057
0.772883
0.771955
0.771245
0.770719
0.770343
0.770084
0.000879453
0.00349684
0.00723381
0.0123899
0.0192893
0.0282566
0.0395855
0.0535026
0.0701358
0.0894942
0.111463
0.135817
0.16224
0.190361
0.219779
0.25009
0.280911
0.311888
0.342712
0.373114
0.402873
0.431811
0.459789
0.486702
0.512477
0.537067
0.560446
0.582605
0.60355
0.623298
0.641873
0.659308
0.675639
0.690904
0.705144
0.718402
0.730721
0.742143
0.752709
0.762462
0.771442
0.779687
0.787237
0.794127
0.800392
0.806066
0.811182
0.81577
0.819859
0.82348
0.826658
0.829419
0.831789
0.833791
0.835448
0.836782
0.837814
0.838563
0.839048
0.839283
0.839295
0.839097
0.838708
0.83814
0.837388
0.836477
0.835413
0.834204
0.832853
0.831363
0.829738
0.827978
0.826087
0.824067
0.82192
0.819651
0.817263
0.814763
0.812157
0.809461
0.80669
0.803833
0.800923
0.797981
0.795033
0.792109
0.789244
0.786476
0.783848
0.781401
0.779172
0.777193
0.775481
0.774044
0.772874
0.771949
0.771241
0.770717
0.770342
0.770084
0.000879169
0.00349571
0.00723152
0.0123861
0.0192835
0.0282483
0.0395741
0.0534872
0.0701155
0.0894679
0.11143
0.135775
0.162189
0.1903
0.219706
0.250006
0.280816
0.311782
0.342593
0.372985
0.402734
0.431662
0.45963
0.486535
0.512303
0.536886
0.560259
0.582413
0.603354
0.623098
0.641671
0.659104
0.675433
0.690697
0.704937
0.718195
0.730514
0.741936
0.752504
0.762258
0.77124
0.779488
0.787039
0.793931
0.800199
0.805876
0.810994
0.815585
0.819678
0.823301
0.826482
0.829247
0.83162
0.833626
0.835286
0.836623
0.837658
0.83841
0.838899
0.839138
0.839153
0.838959
0.838573
0.838008
0.83726
0.836352
0.835292
0.834087
0.832739
0.831253
0.829631
0.827875
0.825988
0.823972
0.82183
0.819565
0.817181
0.814685
0.812084
0.809393
0.806627
0.803775
0.80087
0.797933
0.79499
0.792071
0.789211
0.786448
0.783825
0.781382
0.779157
0.777181
0.775473
0.774038
0.772869
0.771946
0.771239
0.770716
0.770341
0.770084
0.000879238
0.00349599
0.00723209
0.0123871
0.019285
0.0282505
0.039577
0.053491
0.0701204
0.0894738
0.111437
0.135783
0.162198
0.190309
0.219717
0.250018
0.280827
0.311793
0.342605
0.372997
0.402745
0.431674
0.459642
0.486546
0.512314
0.536897
0.560269
0.582422
0.603362
0.623106
0.641678
0.65911
0.675439
0.690702
0.704941
0.718199
0.730517
0.741939
0.752506
0.76226
0.771241
0.779488
0.78704
0.793931
0.800199
0.805875
0.810993
0.815584
0.819676
0.8233
0.826481
0.829245
0.831618
0.833623
0.835284
0.836621
0.837656
0.838408
0.838896
0.839135
0.83915
0.838956
0.838571
0.838006
0.837258
0.83635
0.83529
0.834085
0.832737
0.831251
0.829629
0.827874
0.825986
0.82397
0.821828
0.819563
0.81718
0.814684
0.812083
0.809392
0.806626
0.803774
0.800869
0.797932
0.794989
0.79207
0.78921
0.786447
0.783824
0.781381
0.779157
0.777181
0.775472
0.774038
0.772869
0.771946
0.771239
0.770716
0.770341
0.770084
0.00087966
0.00349766
0.0072355
0.0123928
0.0192937
0.0282629
0.0395941
0.0535138
0.07015
0.0895115
0.111484
0.13584
0.162266
0.19039
0.21981
0.250123
0.280945
0.311923
0.342747
0.373149
0.402908
0.431846
0.459822
0.486735
0.512509
0.537097
0.560474
0.582631
0.603575
0.62332
0.641894
0.659327
0.675656
0.690919
0.705158
0.718414
0.730731
0.742151
0.752716
0.762467
0.771445
0.77969
0.787238
0.794127
0.800391
0.806064
0.811178
0.815766
0.819855
0.823475
0.826652
0.829413
0.831782
0.833784
0.835441
0.836775
0.837806
0.838555
0.83904
0.839275
0.839288
0.83909
0.838701
0.838133
0.837382
0.836471
0.835408
0.834199
0.832848
0.831358
0.829732
0.827973
0.826082
0.824062
0.821916
0.819647
0.81726
0.81476
0.812154
0.809458
0.806687
0.80383
0.80092
0.797978
0.79503
0.792107
0.789242
0.786474
0.783846
0.781399
0.779171
0.777192
0.775481
0.774044
0.772873
0.771948
0.771241
0.770717
0.770342
0.770084
0.000880427
0.0035007
0.00724171
0.0124032
0.0193096
0.0282858
0.0396256
0.053556
0.0702051
0.0895818
0.111572
0.135948
0.162396
0.190543
0.219987
0.250325
0.281172
0.312175
0.343022
0.373446
0.403226
0.432183
0.460176
0.487104
0.512891
0.537492
0.560879
0.583044
0.603994
0.623744
0.642322
0.659757
0.676087
0.69135
0.705587
0.718842
0.731156
0.742573
0.753133
0.76288
0.771854
0.780093
0.787635
0.794518
0.800776
0.806442
0.81155
0.816131
0.820213
0.823826
0.826997
0.829751
0.832114
0.834109
0.835759
0.837086
0.83811
0.838852
0.83933
0.839559
0.839565
0.83936
0.838965
0.838391
0.837632
0.836714
0.835645
0.834429
0.833072
0.831575
0.829942
0.828176
0.826277
0.82425
0.822095
0.819817
0.817421
0.814912
0.812297
0.809592
0.806811
0.803944
0.801024
0.798073
0.795115
0.792181
0.789306
0.786529
0.783893
0.781437
0.779201
0.777215
0.775498
0.774056
0.772882
0.771954
0.771244
0.770719
0.770343
0.770084
0.000881501
0.00350497
0.00725042
0.0124179
0.0193319
0.0283179
0.0396701
0.0536158
0.0702834
0.0896823
0.111698
0.136103
0.162584
0.190765
0.220245
0.25062
0.281504
0.312543
0.343426
0.373883
0.403694
0.432679
0.460699
0.48765
0.513458
0.538076
0.561478
0.583656
0.604616
0.624374
0.642957
0.660396
0.676728
0.691991
0.706227
0.719479
0.73179
0.743201
0.753756
0.763497
0.772463
0.780694
0.788228
0.795102
0.80135
0.807008
0.812106
0.816677
0.82075
0.824352
0.827513
0.830257
0.832609
0.834594
0.836234
0.837551
0.838565
0.839297
0.839765
0.839984
0.83998
0.839766
0.839361
0.838776
0.838007
0.837079
0.835999
0.834773
0.833405
0.831898
0.830254
0.828477
0.826567
0.824528
0.822361
0.820072
0.817663
0.815141
0.812513
0.809794
0.806999
0.804117
0.801183
0.798216
0.795243
0.792294
0.789404
0.786613
0.783962
0.781494
0.779246
0.77725
0.775524
0.774075
0.772895
0.771963
0.77125
0.770722
0.770344
0.770085
0.000882829
0.00351024
0.00726121
0.0124361
0.0193597
0.0283581
0.0397258
0.0536908
0.0703822
0.0898095
0.111858
0.136302
0.162824
0.191051
0.220579
0.251003
0.281936
0.313023
0.343952
0.374454
0.404307
0.43333
0.461385
0.488367
0.514203
0.538845
0.562267
0.584462
0.605436
0.625205
0.643796
0.66124
0.677575
0.692838
0.707073
0.720322
0.732627
0.744032
0.75458
0.764312
0.773268
0.781489
0.789012
0.795874
0.802111
0.807756
0.812842
0.8174
0.821459
0.825048
0.828195
0.830926
0.833265
0.835236
0.836863
0.838166
0.839168
0.839887
0.840341
0.840548
0.840531
0.840304
0.839885
0.839287
0.838505
0.837564
0.836471
0.835232
0.83385
0.83233
0.830672
0.82888
0.826956
0.824902
0.82272
0.820414
0.817988
0.815448
0.812802
0.810064
0.80725
0.804349
0.801394
0.798407
0.795414
0.792445
0.789535
0.786725
0.784057
0.78157
0.779307
0.777296
0.775559
0.774101
0.772913
0.771975
0.771257
0.770726
0.770346
0.770085
0.000884342
0.00351627
0.00727356
0.0124569
0.0193917
0.0284044
0.0397904
0.0537784
0.0704981
0.0899597
0.112049
0.136539
0.163113
0.191395
0.220982
0.251467
0.282461
0.313608
0.344596
0.375153
0.405058
0.43413
0.462229
0.489251
0.515121
0.539794
0.563243
0.585459
0.606451
0.626234
0.644834
0.662285
0.678623
0.693887
0.70812
0.721365
0.733664
0.745061
0.7556
0.76532
0.774265
0.782472
0.789982
0.796829
0.803051
0.808681
0.813752
0.818292
0.822335
0.825908
0.829039
0.831753
0.834076
0.836031
0.837641
0.838928
0.839914
0.840617
0.841055
0.841246
0.841214
0.840969
0.840534
0.83992
0.839123
0.838165
0.837056
0.835801
0.834403
0.832865
0.831191
0.829381
0.827439
0.825366
0.823164
0.820838
0.818392
0.815831
0.813163
0.810402
0.807564
0.804639
0.80166
0.798648
0.795629
0.792635
0.7897
0.786866
0.784173
0.781666
0.779383
0.777355
0.775603
0.774132
0.772935
0.771989
0.771266
0.770731
0.770348
0.770086
0.000885966
0.00352275
0.00728687
0.0124795
0.0194265
0.028455
0.0398615
0.0538753
0.0706274
0.0901285
0.112265
0.136809
0.163443
0.191792
0.221449
0.252006
0.283073
0.314293
0.34535
0.375975
0.405943
0.435073
0.463225
0.490295
0.516208
0.540918
0.564398
0.586641
0.607654
0.627453
0.646066
0.663525
0.679867
0.695132
0.709363
0.722603
0.734894
0.746282
0.756808
0.766516
0.775446
0.783637
0.79113
0.79796
0.804163
0.809773
0.814822
0.819346
0.823371
0.826925
0.830037
0.832731
0.835035
0.836971
0.838562
0.83983
0.840797
0.841481
0.8419
0.842072
0.842019
0.841756
0.841304
0.840672
0.839856
0.83888
0.837753
0.836478
0.835061
0.833504
0.83181
0.82998
0.828016
0.825921
0.823697
0.821348
0.818877
0.816291
0.813596
0.810809
0.807942
0.804988
0.801979
0.798937
0.795888
0.792863
0.789898
0.787035
0.784314
0.781782
0.779475
0.777426
0.775656
0.77417
0.772961
0.772007
0.771277
0.770737
0.770351
0.770086
0.00088762
0.00352938
0.00730054
0.0125027
0.0194626
0.028508
0.0399365
0.0539787
0.0707666
0.0903119
0.112501
0.137107
0.163811
0.192236
0.221974
0.252614
0.283766
0.315071
0.34621
0.376913
0.406955
0.436154
0.464369
0.491495
0.517458
0.542211
0.565729
0.588003
0.60904
0.628859
0.647486
0.664954
0.681301
0.696567
0.710794
0.724027
0.73631
0.747685
0.758198
0.76789
0.776802
0.784975
0.792448
0.799258
0.80544
0.81103
0.816059
0.820559
0.82456
0.828091
0.83118
0.833853
0.836134
0.838048
0.839617
0.840864
0.841809
0.842473
0.842871
0.843024
0.842947
0.842662
0.842189
0.841536
0.8407
0.839703
0.838554
0.837259
0.83582
0.834242
0.832525
0.830672
0.828685
0.826565
0.824315
0.821939
0.819441
0.816825
0.8141
0.811282
0.808382
0.805395
0.802352
0.799275
0.796191
0.79313
0.790131
0.787233
0.784481
0.781919
0.779583
0.777509
0.775718
0.774215
0.772992
0.772027
0.77129
0.770744
0.770355
0.770087
0.00088923
0.00353586
0.00731398
0.0125258
0.0194986
0.0285615
0.0400131
0.0540856
0.0709123
0.0905062
0.112754
0.137429
0.164211
0.192722
0.222552
0.253288
0.284537
0.315938
0.347171
0.377965
0.408092
0.437369
0.465656
0.492847
0.518868
0.543671
0.567231
0.58954
0.610606
0.630446
0.649088
0.666566
0.682917
0.698183
0.712406
0.725631
0.737901
0.749263
0.759759
0.769432
0.778323
0.786475
0.793924
0.80071
0.806868
0.812432
0.817436
0.821911
0.825887
0.829393
0.832457
0.835104
0.837361
0.839251
0.840796
0.842019
0.842941
0.843581
0.843956
0.844081
0.843984
0.843676
0.843181
0.842506
0.841646
0.840627
0.839456
0.838137
0.836676
0.835073
0.833332
0.831454
0.829441
0.827294
0.825016
0.82261
0.820081
0.817434
0.814675
0.811822
0.808885
0.80586
0.802779
0.799662
0.796538
0.793437
0.790398
0.787462
0.784672
0.782073
0.779707
0.777605
0.775789
0.774266
0.773028
0.772051
0.771304
0.770752
0.770359
0.770088
0.000890739
0.00354198
0.00732677
0.0125479
0.0195337
0.0286144
0.0400899
0.0541944
0.0710627
0.0907093
0.113022
0.137773
0.164642
0.193249
0.223181
0.254025
0.285383
0.316893
0.348233
0.379129
0.409352
0.438718
0.467087
0.494351
0.520436
0.545294
0.568901
0.591249
0.612345
0.632209
0.650867
0.668354
0.684709
0.699972
0.714189
0.727403
0.739659
0.751003
0.761478
0.771129
0.779996
0.788122
0.795545
0.802302
0.808432
0.813967
0.818942
0.823389
0.827337
0.830815
0.833852
0.836472
0.838702
0.840565
0.842084
0.843281
0.844177
0.844791
0.845138
0.845241
0.84512
0.844789
0.84427
0.843571
0.842688
0.841645
0.84045
0.839107
0.837622
0.835994
0.834228
0.832324
0.830283
0.828107
0.825799
0.823362
0.820799
0.818116
0.815321
0.812429
0.809452
0.806385
0.80326
0.8001
0.79693
0.793784
0.7907
0.787719
0.784887
0.782249
0.779848
0.777713
0.77587
0.774324
0.773068
0.772077
0.771321
0.770762
0.770363
0.770089
0.000892129
0.00354767
0.00733879
0.012569
0.0195676
0.0286662
0.0401666
0.0543048
0.0712178
0.0909215
0.113305
0.138139
0.165105
0.193819
0.223866
0.25483
0.28631
0.317941
0.3494
0.380409
0.410739
0.440205
0.468664
0.496008
0.522164
0.547083
0.57074
0.593129
0.614257
0.634144
0.652817
0.670312
0.686667
0.701926
0.716132
0.729332
0.741569
0.752891
0.763342
0.772965
0.781804
0.7899
0.797292
0.804018
0.810116
0.815619
0.820562
0.824977
0.828894
0.832341
0.835347
0.837938
0.840139
0.841973
0.843465
0.844635
0.845505
0.846094
0.846411
0.846491
0.846344
0.845987
0.845443
0.84472
0.843813
0.842747
0.841528
0.840162
0.838651
0.837
0.835208
0.833277
0.831208
0.829004
0.826666
0.824195
0.821597
0.818877
0.816042
0.813108
0.810086
0.806973
0.8038
0.80059
0.79737
0.794173
0.791038
0.788008
0.785129
0.782447
0.780004
0.777834
0.77596
0.774389
0.773112
0.772106
0.771339
0.770772
0.770368
0.77009
0.000893446
0.0035531
0.00735037
0.0125896
0.0196012
0.0287184
0.0402451
0.0544196
0.0713811
0.0911475
0.113608
0.138536
0.165609
0.194441
0.224615
0.255712
0.287328
0.319094
0.350684
0.381819
0.412266
0.44184
0.470397
0.497828
0.524058
0.549041
0.572751
0.595181
0.61634
0.636247
0.654933
0.672432
0.688784
0.704033
0.718224
0.731403
0.743616
0.754911
0.765331
0.774922
0.783727
0.791787
0.799144
0.805834
0.811896
0.817365
0.822275
0.826653
0.830534
0.833947
0.83692
0.839479
0.841649
0.843454
0.844916
0.846056
0.846896
0.847452
0.847748
0.847805
0.847634
0.847253
0.846685
0.845939
0.845009
0.84392
0.842678
0.841289
0.839756
0.838081
0.836266
0.834311
0.832217
0.829987
0.827626
0.825125
0.822492
0.819733
0.816856
0.813876
0.810806
0.807643
0.804417
0.80115
0.797871
0.794609
0.791415
0.788329
0.785397
0.782665
0.780177
0.77797
0.776061
0.774461
0.773162
0.772139
0.771359
0.770783
0.770373
0.770092
0.000894817
0.00355878
0.00736254
0.0126114
0.0196371
0.0287747
0.0403303
0.054545
0.0715606
0.091397
0.113945
0.138976
0.166168
0.195132
0.225448
0.256692
0.288458
0.320372
0.352106
0.383377
0.413951
0.443641
0.472301
0.499822
0.52613
0.551176
0.574937
0.597406
0.618591
0.638515
0.657207
0.674704
0.691046
0.706278
0.720446
0.733597
0.745779
0.757038
0.767421
0.776973
0.785738
0.793757
0.801071
0.80772
0.81374
0.819167
0.824034
0.828377
0.832223
0.835602
0.838541
0.841067
0.843206
0.84498
0.846414
0.847529
0.848345
0.848873
0.849139
0.849167
0.848972
0.848567
0.847977
0.847209
0.846258
0.845148
0.843885
0.842475
0.840922
0.839227
0.837393
0.835422
0.833304
0.83104
0.828628
0.826082
0.823406
0.820603
0.817682
0.814656
0.811537
0.808324
0.805047
0.80173
0.798401
0.795093
0.791833
0.788685
0.785694
0.782908
0.78037
0.778118
0.776173
0.774541
0.773217
0.772175
0.771381
0.770796
0.770379
0.770093
0.000896493
0.00356567
0.00737725
0.0126376
0.01968
0.0288416
0.0404313
0.0546929
0.0717709
0.0916874
0.114334
0.139483
0.166809
0.195921
0.226394
0.257801
0.289731
0.321807
0.353696
0.385113
0.415821
0.445631
0.474397
0.502009
0.528392
0.553498
0.577304
0.599804
0.621009
0.64094
0.659629
0.677113
0.693434
0.708639
0.722774
0.735887
0.748028
0.759244
0.769581
0.779086
0.787802
0.795774
0.803041
0.809643
0.815617
0.821
0.825825
0.830126
0.833933
0.837274
0.840177
0.842669
0.844775
0.846519
0.847923
0.849011
0.849788
0.850296
0.850541
0.850548
0.85033
0.849902
0.84929
0.848498
0.847541
0.846409
0.845126
0.843698
0.842125
0.840412
0.838557
0.836546
0.834394
0.832105
0.829675
0.827107
0.824403
0.821566
0.8186
0.815516
0.812343
0.809075
0.805739
0.802359
0.798966
0.795598
0.792295
0.789084
0.786022
0.783174
0.780581
0.778279
0.776294
0.774629
0.773277
0.772214
0.771405
0.770809
0.770385
0.770095
0.000898843
0.00357523
0.00739739
0.012673
0.0197371
0.0289292
0.0405611
0.0548797
0.0720326
0.0920439
0.114806
0.14009
0.167569
0.196847
0.227497
0.259083
0.291192
0.323442
0.355495
0.387064
0.417909
0.44784
0.476708
0.504405
0.530855
0.556012
0.579851
0.602371
0.62358
0.643504
0.662175
0.679632
0.695919
0.711082
0.725171
0.738235
0.750323
0.761484
0.771766
0.781215
0.789877
0.797794
0.805007
0.811558
0.817483
0.822818
0.827598
0.831854
0.835619
0.83892
0.841786
0.844243
0.846315
0.848027
0.8494
0.850454
0.851215
0.851699
0.851923
0.85191
0.851672
0.851226
0.850594
0.849786
0.848813
0.847665
0.846367
0.844924
0.843336
0.841607
0.83972
0.83769
0.835517
0.833193
0.830731
0.828131
0.825395
0.822529
0.819539
0.816441
0.813226
0.809902
0.806495
0.803048
0.799588
0.796148
0.792768
0.7895
0.786384
0.783465
0.780811
0.778456
0.776424
0.774727
0.773345
0.772258
0.771432
0.770824
0.770392
0.770096
0.000902457
0.00358976
0.00742766
0.0127253
0.0198199
0.0290536
0.0407412
0.0551329
0.0723789
0.0925052
0.115405
0.140846
0.1685
0.197966
0.22881
0.260593
0.292893
0.325325
0.357547
0.389268
0.420247
0.45029
0.47925
0.507018
0.533518
0.558707
0.582561
0.605078
0.626273
0.64617
0.664803
0.682214
0.698448
0.713554
0.727581
0.740581
0.752604
0.7637
0.773916
0.783301
0.791899
0.799755
0.806911
0.813405
0.819277
0.824562
0.829294
0.833505
0.837226
0.840487
0.843315
0.845738
0.847779
0.849462
0.850811
0.851835
0.852574
0.853037
0.853242
0.853211
0.852957
0.852495
0.851847
0.851026
0.850038
0.848878
0.847568
0.846111
0.844509
0.842748
0.84084
0.838786
0.836591
0.834255
0.831777
0.829155
0.826392
0.823492
0.820461
0.817317
0.814073
0.810723
0.8073
0.803798
0.800257
0.79674
0.793284
0.789937
0.786756
0.783783
0.78106
0.778647
0.776566
0.774825
0.773416
0.772307
0.771463
0.770841
0.7704
0.770098
0.000907882
0.00361139
0.00747225
0.0128015
0.0199387
0.0292288
0.04099
0.0554758
0.072839
0.0931067
0.116171
0.141799
0.169654
0.199332
0.23039
0.262384
0.294885
0.327501
0.359888
0.39175
0.422846
0.452982
0.48201
0.509822
0.536345
0.561536
0.585376
0.607864
0.629016
0.64886
0.667432
0.684776
0.700938
0.715967
0.729916
0.742837
0.754783
0.765803
0.775946
0.78526
0.79379
0.80158
0.808673
0.815109
0.820924
0.826156
0.830839
0.835006
0.838686
0.841909
0.844703
0.847092
0.849102
0.850756
0.852074
0.853086
0.853806
0.854252
0.854442
0.854397
0.85413
0.853657
0.852997
0.852164
0.851167
0.849998
0.848679
0.847213
0.84559
0.84382
0.841911
0.839863
0.837669
0.835327
0.832837
0.830199
0.827416
0.824491
0.82143
0.818244
0.814948
0.811541
0.808054
0.80452
0.800963
0.797383
0.79384
0.790412
0.787149
0.784109
0.781328
0.778849
0.776714
0.774929
0.773484
0.772351
0.77149
0.770857
0.770407
0.7701
0.000916259
0.00364473
0.00754097
0.0129185
0.0201197
0.0294924
0.0413575
0.0559706
0.0734858
0.0939295
0.117191
0.143033
0.171112
0.201017
0.232298
0.264501
0.297192
0.329976
0.362502
0.394476
0.425654
0.455843
0.484898
0.512713
0.539219
0.564373
0.588161
0.610586
0.631665
0.65143
0.669918
0.687174
0.703248
0.71819
0.732027
0.744867
0.756732
0.767672
0.777739
0.78698
0.795441
0.803167
0.810199
0.816577
0.82234
0.827523
0.832161
0.836286
0.839928
0.843116
0.845877
0.848238
0.850222
0.851853
0.853153
0.854147
0.854851
0.855283
0.855461
0.855405
0.855129
0.854649
0.853981
0.853142
0.852138
0.850964
0.849638
0.848164
0.846547
0.844791
0.842892
0.840846
0.838653
0.83631
0.833816
0.831173
0.828381
0.825442
0.822362
0.819151
0.815823
0.812377
0.80884
0.805237
0.801602
0.797983
0.794411
0.790901
0.787555
0.784431
0.781588
0.779058
0.776871
0.775042
0.77356
0.7724
0.771519
0.770873
0.770415
0.770102
0.000926691
0.00368628
0.00762681
0.013065
0.0203461
0.029821
0.0418132
0.0565801
0.0742761
0.0949257
0.118414
0.144494
0.172815
0.202955
0.234454
0.26685
0.299704
0.332615
0.365233
0.397264
0.428466
0.45865
0.487675
0.51544
0.541878
0.566953
0.590653
0.612983
0.633964
0.65363
0.67202
0.689181
0.705164
0.719975
0.733744
0.7465
0.758286
0.769148
0.779145
0.788321
0.796722
0.804391
0.81137
0.8177
0.823418
0.82856
0.833161
0.837251
0.840863
0.844023
0.846759
0.849098
0.851064
0.85268
0.853964
0.854942
0.855633
0.856055
0.856225
0.856163
0.855882
0.855397
0.854725
0.853884
0.852879
0.851706
0.850384
0.848915
0.847309
0.845563
0.843673
0.841635
0.83945
0.837115
0.834628
0.83199
0.8292
0.826261
0.823176
0.819955
0.816611
0.813141
0.809574
0.805933
0.802249
0.798561
0.794923
0.791394
0.787994
0.784799
0.781877
0.779287
0.777044
0.775166
0.773646
0.772456
0.771554
0.770892
0.770424
0.770104
0.000940732
0.00374267
0.00774504
0.013269
0.0206638
0.0302821
0.0424469
0.0574121
0.075325
0.0962005
0.119912
0.146203
0.174711
0.205006
0.236626
0.269105
0.302007
0.334932
0.367535
0.399526
0.430669
0.460779
0.48972
0.517393
0.543735
0.568714
0.592318
0.614554
0.635445
0.655024
0.673332
0.690414
0.706321
0.721059
0.734772
0.747468
0.759198
0.770008
0.779959
0.789092
0.797453
0.805086
0.812032
0.818332
0.824023
0.829141
0.833719
0.837789
0.841382
0.844525
0.847247
0.849572
0.851524
0.853127
0.854407
0.85538
0.856066
0.856483
0.856649
0.856584
0.856301
0.855815
0.855143
0.854303
0.8533
0.852131
0.850816
0.849357
0.847758
0.846018
0.844136
0.842108
0.839933
0.837609
0.835135
0.832508
0.829729
0.826799
0.823722
0.820506
0.817163
0.813691
0.810115
0.806457
0.802748
0.799023
0.795328
0.791725
0.788279
0.785047
0.782086
0.779446
0.777166
0.775258
0.773712
0.772501
0.771583
0.77091
0.770432
0.770106
)
;

boundaryField
{
    fuel
    {
        type            fixedValue;
        value           uniform 0;
    }
    air
    {
        type            fixedValue;
        value           uniform 0.77;
    }
    outlet
    {
        type            inletOutlet;
        inletValue      uniform 1;
        value           nonuniform List<scalar> 
200
(
0.000935982
0.00372387
0.00770631
0.0132031
0.0205623
0.0301359
0.0422474
0.0571516
0.0749986
0.0958066
0.119453
0.145685
0.174143
0.2044
0.235994
0.268462
0.301363
0.3343
0.366924
0.398944
0.430122
0.460273
0.489256
0.516974
0.543362
0.568386
0.592034
0.614313
0.635245
0.654862
0.673205
0.69032
0.706258
0.721021
0.734759
0.747477
0.759228
0.770057
0.780024
0.78917
0.797544
0.805187
0.812143
0.818451
0.824148
0.829271
0.833854
0.837927
0.841523
0.844668
0.847391
0.849717
0.851671
0.853275
0.854551
0.855522
0.856205
0.856619
0.856783
0.856714
0.856428
0.855939
0.855263
0.854418
0.853411
0.852238
0.850918
0.849456
0.847853
0.846109
0.844223
0.842192
0.840014
0.837687
0.835208
0.832578
0.829795
0.826862
0.823781
0.820561
0.817215
0.813739
0.81016
0.806499
0.802786
0.799058
0.795361
0.791754
0.788305
0.785069
0.782105
0.779461
0.777177
0.775266
0.773718
0.772505
0.771586
0.770911
0.770433
0.770106
0.000940732
0.00374267
0.00774504
0.013269
0.0206638
0.0302821
0.0424469
0.0574121
0.075325
0.0962005
0.119912
0.146203
0.174711
0.205006
0.236626
0.269105
0.302007
0.334932
0.367535
0.399526
0.430669
0.460779
0.48972
0.517393
0.543735
0.568714
0.592318
0.614554
0.635445
0.655024
0.673332
0.690414
0.706321
0.721059
0.734772
0.747468
0.759198
0.770008
0.779959
0.789092
0.797453
0.805086
0.812032
0.818332
0.824023
0.829141
0.833719
0.837789
0.841382
0.844525
0.847247
0.849572
0.851524
0.853127
0.854407
0.85538
0.856066
0.856483
0.856649
0.856584
0.856301
0.855815
0.855143
0.854303
0.8533
0.852131
0.850816
0.849357
0.847758
0.846018
0.844136
0.842108
0.839933
0.837609
0.835135
0.832508
0.829729
0.826799
0.823722
0.820506
0.817163
0.813691
0.810115
0.806457
0.802748
0.799023
0.795328
0.791725
0.788279
0.785047
0.782086
0.779446
0.777166
0.775258
0.773712
0.772501
0.771583
0.77091
0.770432
0.770106
)
;
    }
    frontAndBack
    {
        type            empty;
    }
}


// ************************************************************************* //
