/*--------------------------------*- C++ -*----------------------------------*\
  =========                 |
  \\      /  F ield         | OpenFOAM: The Open Source CFD Toolbox
   \\    /   O peration     | Website:  https://openfoam.org
    \\  /    A nd           | Version:  11
     \\/     M anipulation  |
\*---------------------------------------------------------------------------*/
FoamFile
{
    format      ascii;
    class       volScalarField;
    location    "0.1";
    object      O2;
}
// * * * * * * * * * * * * * * * * * * * * * * * * * * * * * * * * * * * * * //

dimensions      [0 0 0 0 0 0 0];

internalField   nonuniform List<scalar> 
4000
(
1.6322e-08
6.57602e-08
1.39621e-07
2.48241e-07
4.04987e-07
6.26198e-07
9.30542e-07
1.33767e-06
1.86623e-06
2.53158e-06
3.34361e-06
4.30518e-06
5.4114e-06
6.64989e-06
8.00173e-06
9.44294e-06
1.09462e-05
1.24824e-05
1.40223e-05
1.55378e-05
1.70026e-05
1.83935e-05
1.96901e-05
2.08757e-05
2.19371e-05
2.28648e-05
2.36525e-05
2.42977e-05
2.48012e-05
2.51675e-05
2.5405e-05
2.55259e-05
2.55468e-05
2.54893e-05
2.53791e-05
2.52478e-05
2.51323e-05
2.50755e-05
2.51267e-05
2.53432e-05
2.57922e-05
2.65544e-05
2.7729e-05
2.94417e-05
3.1856e-05
3.51893e-05
3.97351e-05
4.58925e-05
5.42045e-05
6.54068e-05
8.04867e-05
0.000101548
0.000131718
0.000174813
0.000238042
0.000330735
0.0004676
0.000669723
0.000966792
0.00140825
0.002057
0.00300806
0.0043978
0.00641269
0.00935338
0.0136935
0.0200436
0.0283051
0.0377221
0.0477935
0.0581863
0.0686785
0.0791235
0.0894251
0.099521
0.109371
0.11895
0.12824
0.137229
0.145901
0.154235
0.162255
0.169927
0.177233
0.184149
0.190651
0.196706
0.202274
0.207316
0.211808
0.215732
0.219087
0.221878
0.224138
0.225918
0.22728
0.228294
0.229026
0.229539
0.229887
1.57111e-08
6.32318e-08
1.34001e-07
2.3769e-07
3.86781e-07
5.96529e-07
8.84396e-07
1.26887e-06
1.76772e-06
2.3959e-06
3.16357e-06
4.07455e-06
5.12557e-06
6.30624e-06
7.59985e-06
8.98457e-06
1.0435e-05
1.19235e-05
1.34221e-05
1.49032e-05
1.6341e-05
1.77123e-05
1.89965e-05
2.01765e-05
2.12386e-05
2.21726e-05
2.29719e-05
2.36331e-05
2.41566e-05
2.45463e-05
2.481e-05
2.49594e-05
2.50108e-05
2.4985e-05
2.49077e-05
2.48101e-05
2.47287e-05
2.47062e-05
2.4792e-05
2.50434e-05
2.55281e-05
2.63274e-05
2.75416e-05
2.92983e-05
3.17634e-05
3.5158e-05
3.97808e-05
4.6038e-05
5.4482e-05
6.58609e-05
8.11776e-05
0.000102664
0.000133464
0.000177442
0.000242011
0.000336908
0.000476863
0.000683442
0.000986862
0.00143789
0.00210065
0.00307198
0.00448976
0.00654461
0.00954274
0.0139694
0.020444
0.0287991
0.0382803
0.0483954
0.0588217
0.0693398
0.0798047
0.0901215
0.100229
0.110086
0.119669
0.12896
0.137946
0.146608
0.154927
0.162929
0.170575
0.177846
0.184719
0.191166
0.197149
0.202629
0.207614
0.212062
0.215944
0.219246
0.221998
0.224227
0.225982
0.227324
0.228322
0.229043
0.229547
0.229889
1.50056e-08
6.03421e-08
1.2768e-07
2.26011e-07
3.669e-07
5.64436e-07
8.34719e-07
1.19479e-06
1.66105e-06
2.24746e-06
2.96369e-06
3.81383e-06
4.79561e-06
5.90037e-06
7.11366e-06
8.41621e-06
9.78524e-06
1.11958e-05
1.26219e-05
1.40379e-05
1.54195e-05
1.67441e-05
1.79919e-05
1.91458e-05
2.01921e-05
2.112e-05
2.19224e-05
2.25953e-05
2.31383e-05
2.35545e-05
2.38508e-05
2.40382e-05
2.41321e-05
2.41524e-05
2.41245e-05
2.40784e-05
2.40504e-05
2.40827e-05
2.42244e-05
2.45332e-05
2.50771e-05
2.59385e-05
2.72198e-05
2.90513e-05
3.16035e-05
3.51038e-05
3.98598e-05
4.62901e-05
5.49633e-05
6.6648e-05
8.2373e-05
0.00010458
0.000136427
0.000182088
0.000249123
0.000347892
0.000493339
0.000707819
0.00102238
0.00149005
0.00217689
0.00318309
0.0046482
0.00677004
0.00986291
0.0144302
0.0211023
0.0295961
0.0391839
0.0493771
0.0598541
0.0704062
0.0808922
0.0912197
0.101329
0.111181
0.120752
0.130022
0.138981
0.147606
0.155883
0.163835
0.171423
0.17863
0.185429
0.191785
0.197682
0.203128
0.208048
0.212419
0.216219
0.219459
0.222156
0.22434
0.226059
0.227374
0.228352
0.229059
0.229555
0.229891
1.42673e-08
5.73314e-08
1.21143e-07
2.14035e-07
3.46684e-07
5.32047e-07
7.84893e-07
1.12082e-06
1.55487e-06
2.09983e-06
2.7647e-06
3.55345e-06
4.46439e-06
5.49012e-06
6.61801e-06
7.83104e-06
9.10896e-06
1.04293e-05
1.17688e-05
1.31038e-05
1.44121e-05
1.56725e-05
1.68664e-05
1.79775e-05
1.89923e-05
1.99003e-05
2.06939e-05
2.13689e-05
2.19242e-05
2.23621e-05
2.26887e-05
2.29142e-05
2.30528e-05
2.31237e-05
2.31511e-05
2.31644e-05
2.31989e-05
2.32963e-05
2.35054e-05
2.38839e-05
2.45004e-05
2.54387e-05
2.68034e-05
2.87286e-05
3.13902e-05
3.50238e-05
3.99483e-05
4.65977e-05
5.55623e-05
6.76393e-05
8.38968e-05
0.00010701
0.000140138
0.000188048
0.000258225
0.000361788
0.000514556
0.00073932
0.0010681
0.00155676
0.0022736
0.00332266
0.00484557
0.00704952
0.0102574
0.014994
0.0218995
0.0305504
0.0402562
0.0505389
0.061078
0.0716623
0.0821628
0.0924918
0.102591
0.112424
0.121966
0.1312
0.140114
0.148686
0.156902
0.164787
0.172298
0.179409
0.186107
0.192406
0.19826
0.203613
0.208444
0.212727
0.216462
0.219652
0.222299
0.22444
0.226126
0.227416
0.228378
0.229073
0.229561
0.229892
1.35461e-08
5.43983e-08
1.14804e-07
2.02488e-07
3.27298e-07
5.0114e-07
7.37532e-07
1.05071e-06
1.45434e-06
1.96008e-06
2.57613e-06
3.30617e-06
4.14883e-06
5.09764e-06
6.14145e-06
7.2652e-06
8.45084e-06
9.67835e-06
1.09268e-05
1.21749e-05
1.34024e-05
1.45901e-05
1.57207e-05
1.6779e-05
1.77523e-05
1.86304e-05
1.9406e-05
2.00745e-05
2.06346e-05
2.1088e-05
2.144e-05
2.17e-05
2.18812e-05
2.2002e-05
2.20852e-05
2.21595e-05
2.22594e-05
2.24256e-05
2.27066e-05
2.31601e-05
2.38554e-05
2.48775e-05
2.63336e-05
2.83618e-05
3.11439e-05
3.4924e-05
4.00324e-05
4.69179e-05
5.61894e-05
6.86657e-05
8.56472e-05
0.000109874
0.000144542
0.000195007
0.00026873
0.000377709
0.000538578
0.000775249
0.0011202
0.00163244
0.00238267
0.00347897
0.0050637
0.00735711
0.0106893
0.0156083
0.0227593
0.0315777
0.0413819
0.0517355
0.0623242
0.0729475
0.0834673
0.0937951
0.103878
0.113683
0.123187
0.132376
0.141235
0.149739
0.157877
0.165679
0.173102
0.180163
0.186829
0.193051
0.198807
0.204072
0.208816
0.213028
0.216706
0.219833
0.22243
0.224531
0.226186
0.227455
0.228402
0.229087
0.229568
0.229894
1.28397e-08
5.15308e-08
1.0863e-07
1.91297e-07
3.08619e-07
4.71537e-07
6.92423e-07
9.84263e-07
1.35949e-06
1.82867e-06
2.39921e-06
3.07447e-06
3.85325e-06
4.72977e-06
5.6941e-06
6.73278e-06
7.82974e-06
8.96709e-06
1.0126e-05
1.12876e-05
1.24335e-05
1.35463e-05
1.46103e-05
1.56115e-05
1.65382e-05
1.73809e-05
1.81325e-05
1.87886e-05
1.93475e-05
1.98108e-05
2.01832e-05
2.04731e-05
2.06931e-05
2.08604e-05
2.0997e-05
2.11305e-05
2.12943e-05
2.15286e-05
2.18814e-05
2.24103e-05
2.31851e-05
2.42925e-05
2.58423e-05
2.79765e-05
3.08835e-05
3.4816e-05
4.01165e-05
4.72499e-05
5.68446e-05
6.97429e-05
8.7566e-05
0.000113038
0.00014942
0.000202624
0.000280198
0.000394676
0.000563813
0.000812761
0.00117488
0.00171189
0.00249687
0.0036421
0.00528876
0.00767459
0.0111338
0.0162376
0.0236252
0.032604
0.0425145
0.0529179
0.0635386
0.074169
0.0846816
0.0950034
0.105069
0.114845
0.124309
0.133447
0.142248
0.150688
0.158776
0.166536
0.17393
0.18092
0.187493
0.193629
0.199302
0.204484
0.209159
0.213316
0.216928
0.220001
0.222553
0.224616
0.226246
0.227496
0.228427
0.229101
0.229574
0.229896
1.21517e-08
4.87442e-08
1.02655e-07
1.80526e-07
2.90752e-07
4.434e-07
6.49813e-07
9.21851e-07
1.27083e-06
1.70631e-06
2.235e-06
2.8599e-06
3.57989e-06
4.38977e-06
5.28059e-06
6.24032e-06
7.25453e-06
8.30723e-06
9.3816e-06
1.04607e-05
1.15279e-05
1.25678e-05
1.3566e-05
1.451e-05
1.53889e-05
1.6194e-05
1.69188e-05
1.7559e-05
1.8113e-05
1.8582e-05
1.89703e-05
1.92857e-05
1.95401e-05
1.97496e-05
1.99355e-05
2.01243e-05
2.03485e-05
2.06475e-05
2.1069e-05
2.16704e-05
2.25224e-05
2.3713e-05
2.53549e-05
2.75946e-05
3.0627e-05
3.47143e-05
4.02118e-05
4.76012e-05
5.75324e-05
7.08741e-05
8.95426e-05
0.000116249
0.000154319
0.000210075
0.000291813
0.000412006
0.00058949
0.000850449
0.00122907
0.00179054
0.00260974
0.00380263
0.00550987
0.00799104
0.0115779
0.0168643
0.0244645
0.0335888
0.0435971
0.0540639
0.0647058
0.0753512
0.0858653
0.0961613
0.106197
0.115937
0.125364
0.134464
0.14323
0.151643
0.159677
0.167369
0.174678
0.181591
0.188089
0.194148
0.199745
0.204861
0.209483
0.213574
0.217129
0.220153
0.222663
0.224698
0.226302
0.227532
0.228449
0.229113
0.22958
0.229897
1.1485e-08
4.60496e-08
9.69007e-08
1.70209e-07
2.73745e-07
4.16793e-07
6.09779e-07
8.63564e-07
1.18847e-06
1.59318e-06
2.08376e-06
2.66287e-06
3.32946e-06
4.07878e-06
4.90276e-06
5.79052e-06
6.7291e-06
7.70415e-06
8.70059e-06
9.70322e-06
1.06972e-05
1.16686e-05
1.26046e-05
1.34938e-05
1.43264e-05
1.50944e-05
1.57918e-05
1.64146e-05
1.69615e-05
1.74333e-05
1.7834e-05
1.8171e-05
1.84555e-05
1.87028e-05
1.89332e-05
1.91723e-05
1.94519e-05
1.98107e-05
2.02958e-05
2.09649e-05
2.18891e-05
2.31582e-05
2.48876e-05
2.72283e-05
3.03819e-05
3.46199e-05
4.03105e-05
4.79517e-05
5.82143e-05
7.19915e-05
9.14473e-05
0.000119269
0.000159211
0.000217619
0.000303523
0.000429567
0.000615054
0.00088778
0.00128212
0.00186594
0.00271695
0.00395373
0.00571809
0.00827017
0.0120231
0.0174689
0.0252523
0.0345013
0.0445937
0.0551151
0.0657891
0.076432
0.0869358
0.0972225
0.107248
0.116969
0.126367
0.135429
0.144145
0.152493
0.160465
0.168096
0.175341
0.182187
0.188616
0.194607
0.200149
0.205215
0.209771
0.213805
0.217309
0.220289
0.222764
0.22477
0.226351
0.227563
0.228468
0.229124
0.229585
0.229898
1.08453e-08
4.34697e-08
9.14123e-08
1.60419e-07
2.57703e-07
3.91855e-07
5.7249e-07
8.0959e-07
1.11261e-06
1.48947e-06
1.94565e-06
2.48355e-06
3.10214e-06
3.79709e-06
4.56102e-06
5.38411e-06
6.25465e-06
7.1597e-06
8.08571e-06
9.01903e-06
9.94637e-06
1.08552e-05
1.17339e-05
1.25724e-05
1.33617e-05
1.40946e-05
1.47656e-05
1.53712e-05
1.59099e-05
1.63827e-05
1.67933e-05
1.71486e-05
1.74591e-05
1.77397e-05
1.80096e-05
1.82938e-05
1.86232e-05
1.90358e-05
1.95785e-05
2.03089e-05
2.12989e-05
2.26397e-05
2.44493e-05
2.6883e-05
3.01486e-05
3.45266e-05
4.03971e-05
4.82748e-05
5.88507e-05
7.30838e-05
9.33103e-05
0.000122206
0.000164024
0.000225016
0.000314798
0.000446932
0.000640903
0.000925602
0.00133711
0.00193607
0.00281949
0.00410009
0.00592262
0.00855527
0.0124272
0.0180346
0.025968
0.0353213
0.0454856
0.0560554
0.0667612
0.077425
0.0879309
0.0982029
0.108191
0.117875
0.127235
0.136255
0.144927
0.153227
0.161148
0.168727
0.17592
0.182714
0.189094
0.195042
0.200526
0.205528
0.210028
0.214011
0.217471
0.220411
0.222856
0.224835
0.226395
0.227592
0.228485
0.229133
0.229589
0.229899
1.02393e-08
4.103e-08
8.62403e-08
1.51237e-07
2.42739e-07
3.68725e-07
5.38102e-07
7.6009e-07
1.04339e-06
1.39526e-06
1.82069e-06
2.32184e-06
2.89772e-06
3.54435e-06
4.25497e-06
5.02064e-06
5.83075e-06
6.67359e-06
7.53693e-06
8.40846e-06
9.27624e-06
1.0129e-05
1.09563e-05
1.17489e-05
1.24988e-05
1.31996e-05
1.38462e-05
1.44354e-05
1.49659e-05
1.54387e-05
1.58572e-05
1.62279e-05
1.6561e-05
1.68705e-05
1.71752e-05
1.7499e-05
1.78724e-05
1.83327e-05
1.89264e-05
1.97112e-05
2.07597e-05
2.21643e-05
2.40454e-05
2.65619e-05
2.99268e-05
3.44273e-05
4.04522e-05
4.85252e-05
5.93462e-05
7.41148e-05
9.51343e-05
0.000125101
0.00016867
0.000232052
0.000325297
0.000462581
0.000664239
0.000959522
0.00138697
0.00200554
0.00291788
0.00423724
0.00611406
0.00882125
0.0128008
0.0185577
0.0266081
0.0360451
0.0462681
0.0568775
0.0676081
0.078285
0.0887942
0.0990625
0.109044
0.11871
0.128043
0.137031
0.145666
0.153924
0.161798
0.169329
0.176471
0.183212
0.189536
0.195423
0.200853
0.205803
0.210255
0.214195
0.217615
0.220523
0.222937
0.224892
0.226434
0.227617
0.228501
0.229142
0.229593
0.2299
9.67365e-09
3.87568e-08
8.14357e-08
1.42742e-07
2.2896e-07
3.47536e-07
5.06764e-07
7.15203e-07
9.80906e-07
1.31057e-06
1.70878e-06
2.17748e-06
2.71574e-06
3.31986e-06
3.98365e-06
4.69892e-06
5.45599e-06
6.24423e-06
7.05254e-06
7.86979e-06
8.68516e-06
9.48845e-06
1.02703e-05
1.10224e-05
1.17374e-05
1.24095e-05
1.30342e-05
1.36084e-05
1.41312e-05
1.46033e-05
1.50281e-05
1.5412e-05
1.57644e-05
1.60989e-05
1.64337e-05
1.6792e-05
1.72037e-05
1.77056e-05
1.8344e-05
1.91766e-05
2.02766e-05
2.17379e-05
2.36828e-05
2.62741e-05
2.97294e-05
3.43431e-05
4.05128e-05
4.87733e-05
5.98382e-05
7.51175e-05
9.68864e-05
0.000127865
0.000173036
0.00023868
0.000335149
0.000477136
0.000685683
0.000991038
0.0014327
0.00206962
0.00300823
0.00436201
0.00628714
0.00906027
0.0131343
0.0190215
0.0271675
0.0366737
0.0469456
0.0575884
0.06834
0.0790276
0.089539
0.0998022
0.109772
0.119421
0.128731
0.137692
0.146295
0.154516
0.162351
0.169841
0.17694
0.183637
0.189914
0.195756
0.20114
0.206046
0.210457
0.214358
0.217742
0.220621
0.22301
0.224943
0.226469
0.22764
0.228515
0.22915
0.229597
0.229901
9.15451e-09
3.66733e-08
7.70435e-08
1.35003e-07
2.16459e-07
3.28398e-07
4.78584e-07
6.75015e-07
9.25194e-07
1.23534e-06
1.6097e-06
2.05005e-06
2.55551e-06
3.12265e-06
3.74575e-06
4.41727e-06
5.12834e-06
5.86924e-06
6.62985e-06
7.40001e-06
8.16992e-06
8.9303e-06
9.67265e-06
1.03894e-05
1.1074e-05
1.1721e-05
1.23263e-05
1.28874e-05
1.3403e-05
1.38743e-05
1.43044e-05
1.46993e-05
1.50681e-05
1.54241e-05
1.57846e-05
1.61727e-05
1.66173e-05
1.71552e-05
1.78322e-05
1.87064e-05
1.98514e-05
2.13624e-05
2.33642e-05
2.60224e-05
2.956e-05
3.42776e-05
4.05813e-05
4.90165e-05
6.03095e-05
7.60436e-05
9.8471e-05
0.00013033
0.000176825
0.000244716
0.000344208
0.000490446
0.000705049
0.00101902
0.00147353
0.00212703
0.0030889
0.00447241
0.00643933
0.00926949
0.0134244
0.0194219
0.0276483
0.037213
0.0475268
0.0581986
0.0689685
0.0796659
0.0901796
0.100439
0.110399
0.120033
0.129324
0.138262
0.146839
0.15503
0.162831
0.170286
0.177349
0.184007
0.190245
0.196047
0.201392
0.20626
0.210635
0.214502
0.217857
0.220707
0.223073
0.224989
0.2265
0.22766
0.228527
0.229157
0.2296
0.229902
8.68686e-09
3.47986e-08
7.30998e-08
1.28075e-07
2.05306e-07
3.11386e-07
4.53631e-07
6.39561e-07
8.76219e-07
1.16943e-06
1.52315e-06
1.93903e-06
2.41624e-06
2.95157e-06
3.53974e-06
4.17375e-06
4.84541e-06
5.54579e-06
6.26556e-06
6.99545e-06
7.72646e-06
8.45012e-06
9.15865e-06
9.84512e-06
1.05036e-05
1.1129e-05
1.17177e-05
1.22673e-05
1.27768e-05
1.32472e-05
1.36815e-05
1.40857e-05
1.44684e-05
1.48424e-05
1.52249e-05
1.56381e-05
1.61108e-05
1.66792e-05
1.73892e-05
1.82989e-05
1.94825e-05
2.10366e-05
2.30877e-05
2.58047e-05
2.94147e-05
3.4224e-05
4.06463e-05
4.92355e-05
6.0728e-05
7.6846e-05
9.98213e-05
0.000132548
0.000180293
0.000250201
0.000352421
0.000502462
0.000722423
0.00104394
0.00150968
0.00217737
0.00315952
0.00456833
0.00657101
0.00944964
0.0136728
0.0197628
0.0280569
0.0376713
0.0480213
0.0587184
0.0695049
0.0802115
0.0907282
0.100985
0.110938
0.12056
0.129836
0.138754
0.147309
0.155475
0.163247
0.170672
0.177703
0.184329
0.190533
0.196301
0.201612
0.206447
0.210789
0.214626
0.217956
0.220783
0.223129
0.225029
0.226527
0.227678
0.228538
0.229163
0.229603
0.229903
8.27435e-09
3.31466e-08
6.96305e-08
1.21994e-07
1.95545e-07
2.96544e-07
4.31929e-07
6.08824e-07
8.33886e-07
1.11261e-06
1.44873e-06
1.84379e-06
2.29702e-06
2.8054e-06
3.36399e-06
3.96629e-06
4.60468e-06
5.27086e-06
5.95621e-06
6.65215e-06
7.35037e-06
8.04308e-06
8.72311e-06
9.38407e-06
1.00204e-05
1.06277e-05
1.12023e-05
1.17422e-05
1.22464e-05
1.27159e-05
1.31538e-05
1.35656e-05
1.39599e-05
1.4349e-05
1.47497e-05
1.5184e-05
1.568e-05
1.6274e-05
1.70115e-05
1.7951e-05
1.91672e-05
2.07575e-05
2.28505e-05
2.56177e-05
2.92896e-05
3.41778e-05
4.07018e-05
4.94224e-05
6.10835e-05
7.7515e-05
0.000100926
0.000134476
0.000183337
0.000254943
0.00035965
0.000513063
0.000737692
0.0010657
0.00154092
0.00222067
0.00322028
0.00465045
0.00668332
0.0096026
0.0138827
0.0200494
0.0284002
0.0380566
0.0484375
0.0591566
0.0699578
0.080673
0.0911931
0.101448
0.111396
0.121009
0.130272
0.139175
0.147711
0.155856
0.163603
0.171003
0.178008
0.184605
0.190781
0.196519
0.201801
0.206608
0.210924
0.214736
0.218042
0.220848
0.223178
0.225063
0.226551
0.227693
0.228547
0.229168
0.229605
0.229903
7.91942e-09
3.17262e-08
6.66518e-08
1.16783e-07
1.87199e-07
2.83885e-07
4.13467e-07
5.82742e-07
7.98053e-07
1.06463e-06
1.38602e-06
1.7637e-06
2.19692e-06
2.68287e-06
3.21689e-06
3.79286e-06
4.40364e-06
5.04148e-06
5.69832e-06
6.36615e-06
7.03726e-06
7.70436e-06
8.36082e-06
9.00067e-06
9.61881e-06
1.0211e-05
1.0774e-05
1.13057e-05
1.18055e-05
1.22743e-05
1.2715e-05
1.3133e-05
1.35367e-05
1.39382e-05
1.43538e-05
1.48053e-05
1.53205e-05
1.59352e-05
1.66953e-05
1.76591e-05
1.89019e-05
2.05221e-05
2.26496e-05
2.54582e-05
2.91819e-05
3.41364e-05
4.0747e-05
4.95825e-05
6.13967e-05
7.81043e-05
0.000101902
0.000136152
0.000185957
0.000258963
0.000365861
0.000522198
0.000750833
0.00108437
0.00156768
0.00225766
0.00327174
0.00471947
0.00677744
0.0097303
0.0140573
0.0202867
0.0286843
0.0383758
0.0487827
0.0595206
0.0703347
0.0810577
0.0915811
0.101836
0.111779
0.121385
0.130638
0.139528
0.148049
0.156177
0.163903
0.171283
0.178265
0.184839
0.190991
0.196704
0.201962
0.206744
0.211037
0.214828
0.218114
0.220904
0.223219
0.225092
0.226571
0.227706
0.228555
0.229173
0.229608
0.229904
7.62342e-09
3.05423e-08
6.41717e-08
1.12451e-07
1.80272e-07
2.73399e-07
3.98206e-07
5.61226e-07
7.68552e-07
1.0252e-06
1.33458e-06
1.6981e-06
2.11506e-06
2.5828e-06
3.09687e-06
3.65151e-06
4.23996e-06
4.85486e-06
5.48865e-06
6.13379e-06
6.78299e-06
7.42942e-06
8.06685e-06
8.68967e-06
9.29307e-06
9.87307e-06
1.04266e-05
1.09518e-05
1.1448e-05
1.19161e-05
1.2359e-05
1.2782e-05
1.31933e-05
1.36046e-05
1.40321e-05
1.44972e-05
1.50275e-05
1.56589e-05
1.64368e-05
1.74198e-05
1.86835e-05
2.03271e-05
2.24816e-05
2.53224e-05
2.90856e-05
3.40898e-05
4.07629e-05
4.96766e-05
6.1651e-05
7.86103e-05
0.000102748
0.000137585
0.000188182
0.000262351
0.000371032
0.000529826
0.000761798
0.00109991
0.00158983
0.00228812
0.00331403
0.00477595
0.00685441
0.00983452
0.0141994
0.0204793
0.0289148
0.038635
0.0490635
0.0598172
0.0706423
0.0813721
0.0918987
0.102154
0.112094
0.121694
0.130939
0.139818
0.148327
0.156441
0.16415
0.171513
0.178476
0.185031
0.191163
0.196857
0.202094
0.206857
0.21113
0.214904
0.218174
0.22095
0.223252
0.225117
0.226587
0.227717
0.228562
0.229176
0.229609
0.229904
7.38694e-09
2.95969e-08
6.21927e-08
1.08998e-07
1.74758e-07
2.65063e-07
3.86092e-07
5.44173e-07
7.45204e-07
9.94044e-07
1.29398e-06
1.64638e-06
2.05061e-06
2.50408e-06
3.00256e-06
3.54053e-06
4.11152e-06
4.70853e-06
5.32435e-06
5.95177e-06
6.5839e-06
7.21424e-06
7.83683e-06
8.44638e-06
9.03831e-06
9.60881e-06
1.0155e-05
1.06751e-05
1.11684e-05
1.1636e-05
1.20806e-05
1.25073e-05
1.29243e-05
1.33432e-05
1.37798e-05
1.42554e-05
1.47974e-05
1.54413e-05
1.62328e-05
1.72304e-05
1.851e-05
2.01713e-05
2.23461e-05
2.52109e-05
2.90036e-05
3.40445e-05
4.07639e-05
4.97351e-05
6.18533e-05
7.90255e-05
0.000103445
0.000138751
0.000189973
0.000265043
0.00037507
0.000535897
0.000770564
0.00111233
0.00160751
0.00231237
0.0033476
0.00482062
0.00691521
0.00991667
0.0143112
0.0206305
0.0290956
0.0388383
0.0492839
0.0600503
0.0708843
0.0816198
0.0921492
0.102404
0.112342
0.121938
0.131177
0.140049
0.148547
0.156651
0.164346
0.171695
0.178644
0.185184
0.1913
0.196978
0.202199
0.206946
0.211205
0.214964
0.218221
0.220986
0.223279
0.225136
0.2266
0.227726
0.228567
0.229179
0.229611
0.229904
7.21005e-09
2.88899e-08
6.07134e-08
1.06418e-07
1.70642e-07
2.58847e-07
3.77067e-07
5.3148e-07
7.27843e-07
9.70895e-07
1.26384e-06
1.60803e-06
2.00284e-06
2.44578e-06
2.93276e-06
3.45843e-06
4.01657e-06
4.6004e-06
5.20298e-06
5.81738e-06
6.43694e-06
7.05542e-06
7.66711e-06
8.2669e-06
8.85037e-06
9.41389e-06
9.95467e-06
1.0471e-05
1.09622e-05
1.14293e-05
1.18751e-05
1.23046e-05
1.27257e-05
1.31501e-05
1.35933e-05
1.40764e-05
1.46268e-05
1.52799e-05
1.60812e-05
1.70894e-05
1.83805e-05
2.00546e-05
2.22443e-05
2.5127e-05
2.89418e-05
3.40107e-05
4.0766e-05
4.97835e-05
6.20136e-05
7.93505e-05
0.000103988
0.000139648
0.000191346
0.000267098
0.000378141
0.000540491
0.000777189
0.00112171
0.00162083
0.00233062
0.00337281
0.00485403
0.00696062
0.00997794
0.0143944
0.0207428
0.0292299
0.0389894
0.0494477
0.0602235
0.0710642
0.0818039
0.0923355
0.102591
0.112528
0.12212
0.131354
0.14022
0.148712
0.156807
0.164493
0.171831
0.17877
0.185298
0.191403
0.197068
0.202278
0.207013
0.211261
0.215009
0.218257
0.221013
0.2233
0.22515
0.22661
0.227732
0.228572
0.229182
0.229612
0.229905
7.09285e-09
2.84216e-08
5.97339e-08
1.04711e-07
1.67921e-07
2.5474e-07
3.71109e-07
5.23107e-07
7.16395e-07
9.55636e-07
1.24398e-06
1.58276e-06
1.97136e-06
2.40736e-06
2.88675e-06
3.40431e-06
3.95395e-06
4.52908e-06
5.12291e-06
5.72869e-06
6.33995e-06
6.95059e-06
7.55505e-06
8.14837e-06
8.72624e-06
9.28511e-06
9.82228e-06
1.0336e-05
1.08258e-05
1.12926e-05
1.17391e-05
1.21704e-05
1.25942e-05
1.30221e-05
1.34696e-05
1.39577e-05
1.45136e-05
1.51727e-05
1.59804e-05
1.69955e-05
1.82943e-05
1.9977e-05
2.21766e-05
2.50715e-05
2.89015e-05
3.39899e-05
4.07706e-05
4.9821e-05
6.21281e-05
7.95779e-05
0.000104365
0.000140266
0.000192286
0.0002685
0.000380225
0.000543591
0.000781664
0.00112804
0.00162983
0.00234295
0.00338986
0.00487657
0.00699121
0.0100192
0.0144504
0.0208183
0.0293202
0.0390909
0.0495577
0.0603397
0.0711847
0.0819273
0.0924602
0.102716
0.112651
0.122242
0.131473
0.140335
0.148822
0.156911
0.164591
0.171922
0.178854
0.185374
0.191471
0.197129
0.20233
0.207058
0.211298
0.215039
0.218281
0.221032
0.223313
0.22516
0.226617
0.227737
0.228574
0.229183
0.229612
0.229905
7.03509e-09
2.8191e-08
5.92524e-08
1.03873e-07
1.66587e-07
2.5273e-07
3.68195e-07
5.19013e-07
7.10799e-07
9.48175e-07
1.23426e-06
1.57038e-06
1.95592e-06
2.38848e-06
2.86411e-06
3.37763e-06
3.92304e-06
4.49381e-06
5.08325e-06
5.68469e-06
6.29174e-06
6.89841e-06
7.4992e-06
8.0892e-06
8.66419e-06
9.22067e-06
9.75595e-06
1.02684e-05
1.07574e-05
1.12239e-05
1.16707e-05
1.21028e-05
1.25279e-05
1.29576e-05
1.34072e-05
1.38977e-05
1.44564e-05
1.51184e-05
1.59294e-05
1.6948e-05
1.82507e-05
1.99379e-05
2.21428e-05
2.50441e-05
2.88822e-05
3.39811e-05
4.07753e-05
4.98435e-05
6.21911e-05
7.97002e-05
0.000104566
0.000140591
0.000192778
0.00026923
0.000381302
0.000545179
0.000783996
0.00113136
0.00163456
0.00234943
0.00339883
0.0048884
0.00700731
0.0100409
0.01448
0.0208584
0.0293681
0.0391446
0.0496157
0.0604008
0.0712479
0.0819917
0.0925251
0.10278
0.112715
0.122305
0.131534
0.140394
0.148878
0.156965
0.164641
0.171969
0.178896
0.185413
0.191506
0.197159
0.202356
0.207081
0.211316
0.215055
0.218293
0.221041
0.22332
0.225165
0.226621
0.227739
0.228576
0.229184
0.229613
0.229905
7.03518e-09
2.81913e-08
5.92526e-08
1.03872e-07
1.66584e-07
2.52721e-07
3.68176e-07
5.18976e-07
7.10734e-07
9.48067e-07
1.2341e-06
1.57013e-06
1.95558e-06
2.38802e-06
2.8635e-06
3.37685e-06
3.92207e-06
4.49264e-06
5.08186e-06
5.68309e-06
6.28992e-06
6.89636e-06
7.49693e-06
8.08674e-06
8.66154e-06
9.21784e-06
9.75298e-06
1.02653e-05
1.07542e-05
1.12207e-05
1.16674e-05
1.20995e-05
1.25247e-05
1.29544e-05
1.34041e-05
1.38947e-05
1.44535e-05
1.51158e-05
1.5927e-05
1.69459e-05
1.8249e-05
1.99366e-05
2.2142e-05
2.50439e-05
2.88829e-05
3.39829e-05
4.07787e-05
4.98489e-05
6.22002e-05
7.97148e-05
0.000104588
0.000140625
0.000192828
0.000269303
0.00038141
0.000545339
0.000784233
0.0011317
0.00163505
0.00235014
0.00339983
0.00488978
0.00700928
0.0100437
0.014484
0.0208642
0.0293748
0.0391519
0.0496231
0.0604082
0.0712552
0.0819987
0.0925318
0.102787
0.112721
0.12231
0.131539
0.140398
0.148882
0.156969
0.164644
0.171972
0.178899
0.185415
0.191508
0.197161
0.202358
0.207082
0.211318
0.215056
0.218294
0.221042
0.223321
0.225165
0.226621
0.227739
0.228576
0.229184
0.229613
0.229905
7.09314e-09
2.84225e-08
5.97346e-08
1.04709e-07
1.67911e-07
2.54714e-07
3.71052e-07
5.22996e-07
7.162e-07
9.55316e-07
1.24349e-06
1.58203e-06
1.97033e-06
2.40596e-06
2.88491e-06
3.40197e-06
3.95105e-06
4.52557e-06
5.11875e-06
5.72387e-06
6.33444e-06
6.94441e-06
7.54822e-06
8.14092e-06
8.71822e-06
9.27657e-06
9.8133e-06
1.03267e-05
1.08162e-05
1.12828e-05
1.17292e-05
1.21604e-05
1.25844e-05
1.30124e-05
1.34602e-05
1.39487e-05
1.45051e-05
1.51647e-05
1.59732e-05
1.69891e-05
1.82889e-05
1.99729e-05
2.21741e-05
2.5071e-05
2.89035e-05
3.39953e-05
4.07804e-05
4.98366e-05
6.21549e-05
7.96212e-05
0.000104431
0.000140366
0.000192434
0.000268719
0.000380548
0.00054407
0.000782373
0.00112907
0.00163132
0.00234506
0.00339288
0.00488069
0.00699708
0.0100275
0.0144623
0.0208354
0.0293402
0.0391125
0.0495798
0.0603618
0.0712063
0.081948
0.09248
0.102734
0.112669
0.122258
0.131488
0.140349
0.148834
0.156923
0.164601
0.171932
0.178862
0.185382
0.191477
0.197134
0.202335
0.207062
0.211301
0.215042
0.218283
0.221033
0.223315
0.225161
0.226618
0.227737
0.228575
0.229183
0.229613
0.229905
7.21066e-09
2.88919e-08
6.07155e-08
1.06417e-07
1.70629e-07
2.58808e-07
3.76977e-07
5.31302e-07
7.27524e-07
9.70366e-07
1.26302e-06
1.60681e-06
2.0011e-06
2.44341e-06
2.92964e-06
3.45446e-06
4.01163e-06
4.59442e-06
5.19589e-06
5.80914e-06
6.42754e-06
7.04487e-06
7.65544e-06
8.25417e-06
8.83666e-06
9.3993e-06
9.93932e-06
1.0455e-05
1.09457e-05
1.14125e-05
1.18581e-05
1.22876e-05
1.27089e-05
1.31336e-05
1.35773e-05
1.4061e-05
1.46123e-05
1.52664e-05
1.60689e-05
1.70785e-05
1.83714e-05
2.00476e-05
2.22399e-05
2.51259e-05
2.89449e-05
3.40193e-05
4.07817e-05
4.98086e-05
6.20572e-05
7.94212e-05
0.000104096
0.000139814
0.000191592
0.000267461
0.00037868
0.000541295
0.000778364
0.00112341
0.00162328
0.00233412
0.00337784
0.00486092
0.0069704
0.00999179
0.0144143
0.0207713
0.0292632
0.0390252
0.0494842
0.0602597
0.0710994
0.0818378
0.0923677
0.102621
0.112556
0.122147
0.131379
0.140243
0.148733
0.156826
0.164511
0.171847
0.178784
0.185311
0.191414
0.197078
0.202286
0.20702
0.211266
0.215014
0.218261
0.221016
0.223302
0.225152
0.226612
0.227733
0.228572
0.229182
0.229612
0.229905
7.38795e-09
2.96002e-08
6.21967e-08
1.08997e-07
1.74742e-07
2.6501e-07
3.85966e-07
5.4392e-07
7.44748e-07
9.93284e-07
1.29279e-06
1.64462e-06
2.0481e-06
2.50066e-06
2.99806e-06
3.53478e-06
4.10438e-06
4.69988e-06
5.31409e-06
5.93985e-06
6.57029e-06
7.19894e-06
7.81991e-06
8.42792e-06
9.01842e-06
9.58765e-06
1.01328e-05
1.06519e-05
1.11446e-05
1.16116e-05
1.2056e-05
1.24827e-05
1.29e-05
1.33193e-05
1.37566e-05
1.42331e-05
1.47764e-05
1.54218e-05
1.6215e-05
1.72147e-05
1.84968e-05
2.0161e-05
2.23395e-05
2.5209e-05
2.90075e-05
3.40559e-05
4.07849e-05
4.97687e-05
6.19123e-05
7.91214e-05
0.000103592
0.000138977
0.00019031
0.000265543
0.000375815
0.000537011
0.000772195
0.00111469
0.00161091
0.00231723
0.00335457
0.00483021
0.00692886
0.00993619
0.0143392
0.0206705
0.0291426
0.038889
0.0493359
0.0601021
0.0709349
0.0816686
0.0921958
0.102448
0.112384
0.121977
0.131213
0.140082
0.148577
0.156678
0.164371
0.171717
0.178664
0.185202
0.191316
0.196991
0.20221
0.206956
0.211213
0.21497
0.218227
0.22099
0.223282
0.225138
0.226602
0.227727
0.228568
0.22918
0.229611
0.229904
7.62511e-09
3.05481e-08
6.41798e-08
1.12455e-07
1.80257e-07
2.73337e-07
3.9805e-07
5.60904e-07
7.67963e-07
1.02421e-06
1.33302e-06
1.69577e-06
2.11175e-06
2.57826e-06
3.09089e-06
3.64385e-06
4.23042e-06
4.84329e-06
5.47492e-06
6.1178e-06
6.76472e-06
7.40889e-06
8.04412e-06
8.66486e-06
9.26633e-06
9.84461e-06
1.03967e-05
1.09206e-05
1.14159e-05
1.18833e-05
1.23259e-05
1.27489e-05
1.31605e-05
1.35724e-05
1.40009e-05
1.44673e-05
1.49993e-05
1.56327e-05
1.64129e-05
1.73987e-05
1.86657e-05
2.03133e-05
2.24726e-05
2.53194e-05
2.90902e-05
3.4104e-05
4.07894e-05
4.97185e-05
6.17241e-05
7.87292e-05
0.00010293
0.000137868
0.000188605
0.000262979
0.00037197
0.000531233
0.00076386
0.0011029
0.00159414
0.00229426
0.00332285
0.00478811
0.00687192
0.00985944
0.0142351
0.0205304
0.0289747
0.0386995
0.0491297
0.0598833
0.070707
0.0814345
0.0919583
0.10221
0.112147
0.121744
0.130985
0.139861
0.148366
0.156477
0.164183
0.171542
0.178502
0.185054
0.191183
0.196874
0.202109
0.206869
0.21114
0.214912
0.21818
0.220955
0.223256
0.225119
0.226589
0.227718
0.228563
0.229177
0.22961
0.229904
7.92218e-09
3.17359e-08
6.6667e-08
1.16796e-07
1.87191e-07
2.83822e-07
4.13291e-07
5.8236e-07
7.97337e-07
1.06341e-06
1.38408e-06
1.76077e-06
2.19274e-06
2.67712e-06
3.20927e-06
3.78309e-06
4.39146e-06
5.02666e-06
5.6807e-06
6.34562e-06
7.01377e-06
7.67794e-06
8.33154e-06
8.96869e-06
9.58432e-06
1.01742e-05
1.07353e-05
1.12654e-05
1.1764e-05
1.22319e-05
1.26722e-05
1.30902e-05
1.34944e-05
1.38968e-05
1.43137e-05
1.47668e-05
1.52841e-05
1.59015e-05
1.66646e-05
1.76319e-05
1.88789e-05
2.05042e-05
2.26379e-05
2.54543e-05
2.91879e-05
3.41554e-05
4.0783e-05
4.96414e-05
6.14866e-05
7.82457e-05
0.000102116
0.000136488
0.000186463
0.000259723
0.000367012
0.000523898
0.000753314
0.00108797
0.00157286
0.00226504
0.00328233
0.00473423
0.00679863
0.00976043
0.0141005
0.0203487
0.0287571
0.0384543
0.0488635
0.0596013
0.0704139
0.0811342
0.0916543
0.101905
0.111845
0.121446
0.130695
0.139581
0.148097
0.156221
0.163943
0.171318
0.178296
0.184867
0.191015
0.196725
0.20198
0.20676
0.211049
0.214838
0.218122
0.22091
0.223223
0.225096
0.226573
0.227708
0.228556
0.229173
0.229608
0.229904
8.2788e-09
3.31627e-08
6.96575e-08
1.22024e-07
1.95556e-07
2.96495e-07
4.31748e-07
6.08399e-07
8.33056e-07
1.11116e-06
1.44639e-06
1.84024e-06
2.2919e-06
2.79833e-06
3.35459e-06
3.95419e-06
4.58954e-06
5.2524e-06
5.93422e-06
6.62648e-06
7.32096e-06
8.00995e-06
8.68637e-06
9.3439e-06
9.9771e-06
1.05815e-05
1.11537e-05
1.16915e-05
1.21941e-05
1.26626e-05
1.31e-05
1.35117e-05
1.39066e-05
1.42968e-05
1.46991e-05
1.51355e-05
1.56343e-05
1.62314e-05
1.69727e-05
1.79166e-05
1.9138e-05
2.07345e-05
2.2835e-05
2.56115e-05
2.92952e-05
3.41986e-05
4.07422e-05
4.94887e-05
6.11835e-05
7.76723e-05
0.000101165
0.000134856
0.000183911
0.00025581
0.000360972
0.00051502
0.000740555
0.00106986
0.00154698
0.00222938
0.0032327
0.00466783
0.00670794
0.00963752
0.0139327
0.020121
0.0284844
0.0381475
0.0485311
0.0592501
0.0700495
0.0807617
0.0912778
0.101529
0.111471
0.12108
0.130337
0.139235
0.147766
0.155907
0.163649
0.171045
0.178045
0.184638
0.19081
0.196545
0.201823
0.206626
0.210939
0.214748
0.218051
0.220856
0.223183
0.225067
0.226553
0.227695
0.228548
0.229169
0.229606
0.229903
8.69385e-09
3.48244e-08
7.31452e-08
1.28132e-07
2.05351e-07
3.11371e-07
4.53469e-07
6.39118e-07
8.753e-07
1.16777e-06
1.52042e-06
1.93483e-06
2.41012e-06
2.94307e-06
3.52836e-06
4.15905e-06
4.82696e-06
5.52323e-06
6.23862e-06
6.96394e-06
7.6903e-06
8.40932e-06
9.11334e-06
9.79553e-06
1.045e-05
1.10719e-05
1.16575e-05
1.22046e-05
1.27121e-05
1.31812e-05
1.36149e-05
1.4019e-05
1.44024e-05
1.47778e-05
1.51623e-05
1.55781e-05
1.60541e-05
1.66264e-05
1.73409e-05
1.82559e-05
1.94458e-05
2.10071e-05
2.30669e-05
2.57946e-05
2.9418e-05
3.42445e-05
4.06888e-05
4.93065e-05
6.0836e-05
7.7018e-05
0.000100083
0.000132971
0.000180939
0.000251193
0.000353898
0.000504632
0.000725587
0.00104853
0.00151633
0.00218689
0.00317341
0.0045878
0.00659866
0.00948893
0.0137291
0.0198435
0.0281519
0.0377739
0.0481269
0.058824
0.0696085
0.0803118
0.0908242
0.101076
0.111024
0.120641
0.129911
0.138824
0.147372
0.155533
0.1633
0.17072
0.177746
0.184366
0.190567
0.19633
0.201637
0.206468
0.210807
0.21464
0.217967
0.220791
0.223135
0.225033
0.22653
0.22768
0.228539
0.229163
0.229603
0.229903
9.16518e-09
3.67132e-08
7.7116e-08
1.35102e-07
2.16558e-07
3.28443e-07
4.78476e-07
6.74593e-07
9.24224e-07
1.23351e-06
1.6066e-06
2.04519e-06
2.54835e-06
3.1126e-06
3.73222e-06
4.39969e-06
5.10619e-06
5.84207e-06
6.5973e-06
7.36185e-06
8.12604e-06
8.88072e-06
9.61751e-06
1.0329e-05
1.10087e-05
1.16513e-05
1.22528e-05
1.28107e-05
1.3324e-05
1.37936e-05
1.42229e-05
1.46177e-05
1.49874e-05
1.5345e-05
1.5708e-05
1.60992e-05
1.65478e-05
1.70903e-05
1.77728e-05
1.86532e-05
1.98055e-05
2.13249e-05
2.33365e-05
2.60069e-05
2.95594e-05
3.4296e-05
4.06243e-05
4.90917e-05
6.04269e-05
7.62373e-05
9.87756e-05
0.000130788
0.000177513
0.000245779
0.000345793
0.000492779
0.000708466
0.001024
0.00148077
0.00213747
0.00310404
0.00449361
0.00646958
0.00931259
0.0134863
0.0195108
0.0277531
0.0373262
0.0476436
0.0583155
0.0690834
0.0797773
0.0902865
0.100541
0.110495
0.120123
0.129408
0.13834
0.14691
0.155096
0.162891
0.17034
0.177397
0.184049
0.190283
0.19608
0.20142
0.206284
0.210654
0.214517
0.217869
0.220717
0.22308
0.224994
0.226503
0.227662
0.228528
0.229157
0.229601
0.229902
9.68941e-09
3.88163e-08
8.15466e-08
1.42901e-07
2.29141e-07
3.47679e-07
5.06754e-07
7.14854e-07
9.79941e-07
1.30861e-06
1.70534e-06
2.17197e-06
2.7075e-06
3.30817e-06
3.96779e-06
4.67818e-06
5.42972e-06
6.21187e-06
7.01366e-06
7.82408e-06
8.63248e-06
9.42882e-06
1.02039e-05
1.09495e-05
1.16586e-05
1.23253e-05
1.29453e-05
1.35157e-05
1.40355e-05
1.45056e-05
1.49294e-05
1.53132e-05
1.56666e-05
1.60031e-05
1.63408e-05
1.6703e-05
1.71193e-05
1.76268e-05
1.82716e-05
1.91115e-05
2.02197e-05
2.16905e-05
2.36466e-05
2.6251e-05
2.97227e-05
3.43569e-05
4.05527e-05
4.8847e-05
5.99556e-05
7.53167e-05
9.72028e-05
0.000128338
0.000173746
0.000239789
0.00033681
0.00047959
0.000689298
0.00099635
0.0014404
0.00208081
0.00302435
0.0043847
0.00631954
0.00910646
0.0132007
0.019117
0.0272803
0.0367958
0.0470718
0.057715
0.0684645
0.0791485
0.0896551
0.0999129
0.109877
0.119519
0.128823
0.137777
0.146374
0.154589
0.162417
0.1699
0.176994
0.183684
0.189956
0.195792
0.201171
0.206073
0.210479
0.214375
0.217756
0.220631
0.223017
0.224949
0.226473
0.227642
0.228516
0.229151
0.229597
0.229901
1.02619e-08
4.1116e-08
8.64033e-08
1.51478e-07
2.43034e-07
3.69011e-07
5.3825e-07
7.59884e-07
1.0425e-06
1.39325e-06
1.81697e-06
2.31571e-06
2.88838e-06
3.53092e-06
4.23659e-06
4.99643e-06
5.79991e-06
6.63544e-06
7.49092e-06
8.35422e-06
9.21358e-06
1.00579e-05
1.0877e-05
1.16618e-05
1.24045e-05
1.30988e-05
1.37397e-05
1.43243e-05
1.48512e-05
1.53214e-05
1.57387e-05
1.61094e-05
1.64436e-05
1.67555e-05
1.70636e-05
1.7392e-05
1.77709e-05
1.82377e-05
1.88389e-05
1.96321e-05
2.06899e-05
2.21052e-05
2.39985e-05
2.65294e-05
2.99114e-05
3.44332e-05
4.04846e-05
4.85913e-05
5.94556e-05
7.43098e-05
9.54541e-05
0.00012559
0.000169429
0.000233188
0.000326982
0.00046508
0.000667952
0.000965039
0.00139507
0.00201711
0.00293453
0.00426077
0.0061477
0.00886926
0.01287
0.0186575
0.0267267
0.0361741
0.0464018
0.057012
0.0677408
0.0784141
0.0889185
0.0991812
0.109156
0.118816
0.128142
0.137124
0.145752
0.154002
0.161869
0.169394
0.17653
0.183264
0.189582
0.195463
0.200887
0.205832
0.210279
0.214214
0.21763
0.220535
0.222946
0.224899
0.226438
0.22762
0.228503
0.229143
0.229594
0.2299
1.08767e-08
4.35901e-08
9.16435e-08
1.6077e-07
2.58154e-07
3.92338e-07
5.72864e-07
8.09611e-07
1.1119e-06
1.4875e-06
1.94174e-06
2.47685e-06
3.0917e-06
3.78187e-06
4.53994e-06
5.35612e-06
6.21878e-06
7.11511e-06
8.03174e-06
8.95521e-06
9.87246e-06
1.07712e-05
1.16401e-05
1.24691e-05
1.32497e-05
1.39747e-05
1.4639e-05
1.52389e-05
1.57733e-05
1.62432e-05
1.66523e-05
1.70075e-05
1.73194e-05
1.76028e-05
1.78768e-05
1.81664e-05
1.85023e-05
1.89225e-05
1.94738e-05
2.02138e-05
2.12145e-05
2.25672e-05
2.43903e-05
2.68396e-05
3.01236e-05
3.45238e-05
4.04215e-05
4.83325e-05
5.89491e-05
7.3267e-05
9.36173e-05
0.00012268
0.000164769
0.000226136
0.000316468
0.000449434
0.000644674
0.000931157
0.00134516
0.00194759
0.0028361
0.00412363
0.00595625
0.00860322
0.0124962
0.0181343
0.0260891
0.0354546
0.0456247
0.0561959
0.0669002
0.0775606
0.0880616
0.0983279
0.10831
0.117988
0.12734
0.136354
0.145019
0.153311
0.161224
0.168796
0.175983
0.18277
0.189144
0.195086
0.200564
0.20556
0.210054
0.214032
0.217488
0.220424
0.222866
0.224842
0.2264
0.227595
0.228487
0.229134
0.22959
0.229899
1.15275e-08
4.62133e-08
9.72182e-08
1.70699e-07
2.74395e-07
4.17537e-07
6.10464e-07
8.63913e-07
1.18805e-06
1.59138e-06
2.07977e-06
2.6557e-06
3.31796e-06
4.06172e-06
4.87883e-06
5.75847e-06
6.68775e-06
7.65249e-06
8.63779e-06
9.62872e-06
1.06107e-05
1.15701e-05
1.24944e-05
1.33723e-05
1.41945e-05
1.49532e-05
1.56425e-05
1.62587e-05
1.68004e-05
1.72687e-05
1.76677e-05
1.80046e-05
1.82907e-05
1.85413e-05
1.87765e-05
1.90219e-05
1.93091e-05
1.96768e-05
2.01718e-05
2.08519e-05
2.17882e-05
2.30707e-05
2.4815e-05
2.71729e-05
3.03466e-05
3.4609e-05
4.03303e-05
4.80108e-05
5.83246e-05
7.21695e-05
9.17398e-05
0.000119719
0.000159931
0.000218707
0.000305163
0.000432075
0.000618761
0.000893185
0.00128986
0.00187712
0.002733
0.0039767
0.00575055
0.00831598
0.0120884
0.0175622
0.0253719
0.0346359
0.0447358
0.0552596
0.0659328
0.0765727
0.0870719
0.0973528
0.107371
0.117086
0.126477
0.135531
0.144241
0.152581
0.160545
0.168168
0.175406
0.182245
0.188668
0.194656
0.200197
0.205252
0.2098
0.213828
0.217327
0.220303
0.222774
0.224778
0.226356
0.227567
0.22847
0.229125
0.229585
0.229898
1.22078e-08
4.8961e-08
1.03079e-07
1.81189e-07
2.91653e-07
4.44476e-07
6.50901e-07
9.22645e-07
1.27084e-06
1.70483e-06
2.23108e-06
2.85237e-06
3.5674e-06
4.37084e-06
5.2537e-06
6.20394e-06
7.20725e-06
8.24784e-06
9.30911e-06
1.03744e-05
1.14275e-05
1.24532e-05
1.34376e-05
1.43684e-05
1.52351e-05
1.60292e-05
1.67445e-05
1.73768e-05
1.79248e-05
1.83897e-05
1.87759e-05
1.90913e-05
1.93476e-05
1.9561e-05
1.97525e-05
1.99485e-05
2.01816e-05
2.04908e-05
2.09236e-05
2.15375e-05
2.24031e-05
2.36086e-05
2.52669e-05
2.75251e-05
3.05789e-05
3.46919e-05
4.02213e-05
4.76513e-05
5.76346e-05
7.1044e-05
8.98354e-05
0.000116719
0.00015503
0.000211143
0.000293456
0.000414449
0.000593076
0.000855672
0.00123657
0.00180139
0.00262539
0.003825
0.00554146
0.00803454
0.0116397
0.0169525
0.0245822
0.0337236
0.0437408
0.0542111
0.064853
0.075496
0.0860057
0.0962963
0.106326
0.11606
0.125479
0.134572
0.143331
0.151736
0.159763
0.167447
0.17475
0.181656
0.188146
0.194196
0.199782
0.204897
0.209513
0.213598
0.217148
0.220168
0.222674
0.224706
0.226308
0.227535
0.228451
0.229114
0.229581
0.229897
1.29119e-08
5.18108e-08
1.09181e-07
1.92169e-07
3.09826e-07
4.73022e-07
6.94018e-07
9.85632e-07
1.36008e-06
1.82766e-06
2.39552e-06
3.06673e-06
3.83987e-06
4.70901e-06
5.66413e-06
6.69183e-06
7.77613e-06
8.89937e-06
1.0043e-05
1.11886e-05
1.23179e-05
1.34142e-05
1.4462e-05
1.54479e-05
1.63604e-05
1.71903e-05
1.79309e-05
1.85779e-05
1.913e-05
1.95886e-05
1.99586e-05
2.02485e-05
2.04708e-05
2.06425e-05
2.07857e-05
2.09276e-05
2.11015e-05
2.13475e-05
2.17132e-05
2.22561e-05
2.30461e-05
2.41698e-05
2.57373e-05
2.78912e-05
3.08206e-05
3.47795e-05
4.01122e-05
4.72856e-05
5.69309e-05
6.98938e-05
8.78412e-05
0.000113493
0.000150117
0.000203695
0.00028179
0.000397016
0.000567222
0.000817742
0.00118209
0.0017224
0.00251199
0.00366372
0.00531835
0.00771661
0.0111933
0.0163227
0.023741
0.0327381
0.0426584
0.053066
0.0636871
0.0743152
0.084824
0.0951412
0.105201
0.11497
0.124427
0.133559
0.142353
0.150785
0.158866
0.166619
0.174005
0.180988
0.187553
0.19368
0.199345
0.20452
0.20919
0.213342
0.216949
0.220017
0.222565
0.224625
0.226252
0.2275
0.228429
0.229102
0.229575
0.229896
1.36371e-08
5.47519e-08
1.15504e-07
2.03605e-07
3.28866e-07
5.03117e-07
7.39744e-07
1.05279e-06
1.45568e-06
1.95974e-06
2.57285e-06
3.29838e-06
4.13469e-06
5.07509e-06
6.10837e-06
7.21949e-06
8.39054e-06
9.60179e-06
1.08326e-05
1.20622e-05
1.32706e-05
1.44393e-05
1.55513e-05
1.6592e-05
1.7549e-05
1.84125e-05
1.91755e-05
1.98338e-05
2.03861e-05
2.08343e-05
2.11838e-05
2.14438e-05
2.16278e-05
2.17538e-05
2.18446e-05
2.19285e-05
2.20399e-05
2.22193e-05
2.25148e-05
2.2984e-05
2.3696e-05
2.4736e-05
2.62112e-05
2.82602e-05
3.10655e-05
3.48723e-05
4.00123e-05
4.69362e-05
5.62549e-05
6.87888e-05
8.58878e-05
0.000110285
0.00014518
0.000196007
0.00027022
0.000379905
0.000541838
0.000780105
0.0011272
0.00164254
0.00239713
0.00349958
0.00509211
0.00739747
0.0107464
0.0156898
0.0228729
0.0317106
0.0415258
0.0518847
0.0624752
0.0730963
0.0836119
0.0939342
0.104011
0.11381
0.123308
0.13249
0.141342
0.149839
0.157969
0.165763
0.17318
0.180233
0.186892
0.193106
0.198854
0.204112
0.208849
0.213056
0.216728
0.21985
0.222443
0.224541
0.226192
0.227459
0.228404
0.229088
0.229569
0.229894
1.43794e-08
5.77681e-08
1.22011e-07
2.15432e-07
3.48668e-07
5.34594e-07
7.87831e-07
1.12376e-06
1.55712e-06
2.10034e-06
2.76204e-06
3.54581e-06
4.44963e-06
5.46587e-06
6.5818e-06
7.78046e-06
9.04175e-06
1.03436e-05
1.16629e-05
1.29768e-05
1.42634e-05
1.55022e-05
1.66751e-05
1.77663e-05
1.87628e-05
1.96545e-05
2.04341e-05
2.10977e-05
2.16445e-05
2.20768e-05
2.24008e-05
2.26266e-05
2.27685e-05
2.28455e-05
2.28814e-05
2.29057e-05
2.29532e-05
2.30654e-05
2.32907e-05
2.36866e-05
2.43216e-05
2.52794e-05
2.66649e-05
2.86123e-05
3.12987e-05
3.49606e-05
3.99186e-05
4.66094e-05
5.56264e-05
6.77713e-05
8.41187e-05
0.000107383
0.000140721
0.00018899
0.000259662
0.000363927
0.000517782
0.000744055
0.00107489
0.00156651
0.00228753
0.00334253
0.00487321
0.00708866
0.0103128
0.015073
0.0220109
0.0306817
0.0403988
0.0506869
0.0612258
0.0718087
0.0823061
0.092631
0.102725
0.112553
0.122088
0.131316
0.140223
0.148788
0.156996
0.164874
0.172377
0.17948
0.186171
0.192463
0.19831
0.203657
0.20848
0.212755
0.216485
0.219671
0.222313
0.224451
0.226134
0.227422
0.228381
0.229075
0.229562
0.229893
1.51405e-08
6.08691e-08
1.28733e-07
2.27717e-07
3.69347e-07
5.67624e-07
8.38481e-07
1.19871e-06
1.66437e-06
2.249e-06
2.96184e-06
3.80651e-06
4.78037e-06
5.87451e-06
7.07437e-06
8.36075e-06
9.71106e-06
1.11007e-05
1.25042e-05
1.38966e-05
1.5254e-05
1.65545e-05
1.7779e-05
1.89109e-05
1.9937e-05
2.08471e-05
2.16343e-05
2.2295e-05
2.28289e-05
2.32392e-05
2.3533e-05
2.37212e-05
2.38189e-05
2.38463e-05
2.3828e-05
2.37942e-05
2.37806e-05
2.38292e-05
2.39888e-05
2.43166e-05
2.48805e-05
2.57631e-05
2.70666e-05
2.89218e-05
3.15001e-05
3.50298e-05
3.98202e-05
4.6292e-05
5.50164e-05
6.6765e-05
8.25695e-05
0.000104916
0.000136952
0.000182959
0.000250462
0.000349972
0.000496422
0.00071231
0.00102881
0.00149928
0.00219012
0.00320204
0.00467477
0.00680778
0.00991651
0.014507
0.0212116
0.0297263
0.0393248
0.0495218
0.0600006
0.0705521
0.0810357
0.0913596
0.101464
0.111311
0.120875
0.13014
0.139091
0.147709
0.155979
0.163923
0.171504
0.178703
0.185495
0.191843
0.197734
0.203173
0.208086
0.21245
0.216243
0.219479
0.222171
0.224351
0.226066
0.227379
0.228355
0.229061
0.229556
0.229891
1.58684e-08
6.38476e-08
1.35236e-07
2.39705e-07
3.897e-07
6.00377e-07
8.89019e-07
1.27383e-06
1.77219e-06
2.39858e-06
3.16263e-06
4.06768e-06
5.11e-06
6.27896e-06
7.55772e-06
8.92454e-06
1.03543e-05
1.18198e-05
1.32936e-05
1.47488e-05
1.61603e-05
1.75054e-05
1.87645e-05
1.99209e-05
2.09615e-05
2.18766e-05
2.26598e-05
2.33083e-05
2.38224e-05
2.42063e-05
2.44677e-05
2.46183e-05
2.46743e-05
2.46563e-05
2.45898e-05
2.45055e-05
2.44398e-05
2.4435e-05
2.45399e-05
2.48118e-05
2.53181e-05
2.61398e-05
2.73776e-05
2.91593e-05
3.16516e-05
3.50767e-05
3.97351e-05
4.60349e-05
5.45316e-05
6.59764e-05
8.13762e-05
0.000103016
0.000134031
0.000178298
0.000243323
0.000338946
0.00047988
0.000687841
0.000993177
0.00144699
0.00211373
0.00309075
0.00451612
0.0065819
0.00959542
0.0140443
0.0205498
0.0289228
0.0384154
0.0485375
0.0589666
0.0694847
0.0799475
0.0902609
0.100364
0.110216
0.119793
0.129078
0.138056
0.146711
0.155024
0.163019
0.170657
0.177921
0.184787
0.191227
0.197202
0.202674
0.207653
0.212094
0.21597
0.219266
0.222013
0.224238
0.22599
0.227329
0.228325
0.229044
0.229548
0.229889
1.64968e-08
6.6447e-08
1.41006e-07
2.50516e-07
4.08308e-07
6.30621e-07
9.35925e-07
1.34355e-06
1.87172e-06
2.53525e-06
3.34347e-06
4.29866e-06
5.39551e-06
6.62134e-06
7.95716e-06
9.37912e-06
1.08602e-05
1.23719e-05
1.38855e-05
1.53736e-05
1.68107e-05
1.81742e-05
1.94446e-05
2.06058e-05
2.1645e-05
2.25532e-05
2.33246e-05
2.39569e-05
2.44511e-05
2.48118e-05
2.50473e-05
2.51698e-05
2.51959e-05
2.51468e-05
2.50481e-05
2.4931e-05
2.4832e-05
2.47937e-05
2.48649e-05
2.51027e-05
2.55741e-05
2.63595e-05
2.75585e-05
2.9297e-05
3.17392e-05
3.51039e-05
3.9686e-05
4.58869e-05
5.42526e-05
6.5522e-05
8.06866e-05
0.000101905
0.000132299
0.000175691
0.000239329
0.000332721
0.000470529
0.000673985
0.000972908
0.00141708
0.00206974
0.00302624
0.00442333
0.00644885
0.00940466
0.0137668
0.0201482
0.0284293
0.0378579
0.0479358
0.0583311
0.0688234
0.0792664
0.0895648
0.0996565
0.109502
0.119075
0.128359
0.137341
0.146006
0.154332
0.162346
0.17001
0.177308
0.184218
0.190712
0.19676
0.202321
0.207356
0.211841
0.215759
0.219108
0.221893
0.224149
0.225926
0.227285
0.228297
0.229028
0.22954
0.229887
)
;

boundaryField
{
    fuel
    {
        type            fixedValue;
        value           uniform 0;
    }
    air
    {
        type            fixedValue;
        value           uniform 0.23;
    }
    outlet
    {
        type            inletOutlet;
        inletValue      uniform 0;
        value           nonuniform List<scalar> 
200
(
1.6322e-08
6.57602e-08
1.39621e-07
2.48241e-07
4.04987e-07
6.26198e-07
9.30542e-07
1.33767e-06
1.86623e-06
2.53158e-06
3.34361e-06
4.30518e-06
5.4114e-06
6.64989e-06
8.00173e-06
9.44294e-06
1.09462e-05
1.24824e-05
1.40223e-05
1.55378e-05
1.70026e-05
1.83935e-05
1.96901e-05
2.08757e-05
2.19371e-05
2.28648e-05
2.36525e-05
2.42977e-05
2.48012e-05
2.51675e-05
2.5405e-05
2.55259e-05
2.55468e-05
2.54893e-05
2.53791e-05
2.52478e-05
2.51323e-05
2.50755e-05
2.51267e-05
2.53432e-05
2.57922e-05
2.65544e-05
2.7729e-05
2.94417e-05
3.1856e-05
3.51893e-05
3.97351e-05
4.58925e-05
5.42045e-05
6.54068e-05
8.04867e-05
0.000101548
0.000131718
0.000174813
0.000238042
0.000330735
0.0004676
0.000669723
0.000966792
0.00140825
0.002057
0.00300806
0.0043978
0.00641269
0.00935338
0.0136935
0.0200436
0.0283051
0.0377221
0.0477935
0.0581863
0.0686785
0.0791235
0.0894251
0.099521
0.109371
0.11895
0.12824
0.137229
0.145901
0.154235
0.162255
0.169927
0.177233
0.184149
0.190651
0.196706
0.202274
0.207316
0.211808
0.215732
0.219087
0.221878
0.224138
0.225918
0.22728
0.228294
0.229026
0.229539
0.229887
1.64968e-08
6.6447e-08
1.41006e-07
2.50516e-07
4.08308e-07
6.30621e-07
9.35925e-07
1.34355e-06
1.87172e-06
2.53525e-06
3.34347e-06
4.29866e-06
5.39551e-06
6.62134e-06
7.95716e-06
9.37912e-06
1.08602e-05
1.23719e-05
1.38855e-05
1.53736e-05
1.68107e-05
1.81742e-05
1.94446e-05
2.06058e-05
2.1645e-05
2.25532e-05
2.33246e-05
2.39569e-05
2.44511e-05
2.48118e-05
2.50473e-05
2.51698e-05
2.51959e-05
2.51468e-05
2.50481e-05
2.4931e-05
2.4832e-05
2.47937e-05
2.48649e-05
2.51027e-05
2.55741e-05
2.63595e-05
2.75585e-05
2.9297e-05
3.17392e-05
3.51039e-05
3.9686e-05
4.58869e-05
5.42526e-05
6.5522e-05
8.06866e-05
0.000101905
0.000132299
0.000175691
0.000239329
0.000332721
0.000470529
0.000673985
0.000972908
0.00141708
0.00206974
0.00302624
0.00442333
0.00644885
0.00940466
0.0137668
0.0201482
0.0284293
0.0378579
0.0479358
0.0583311
0.0688234
0.0792664
0.0895648
0.0996565
0.109502
0.119075
0.128359
0.137341
0.146006
0.154332
0.162346
0.17001
0.177308
0.184218
0.190712
0.19676
0.202321
0.207356
0.211841
0.215759
0.219108
0.221893
0.224149
0.225926
0.227285
0.228297
0.229028
0.22954
0.229887
)
;
    }
    frontAndBack
    {
        type            empty;
    }
}


// ************************************************************************* //
