/*--------------------------------*- C++ -*----------------------------------*\
  =========                 |
  \\      /  F ield         | OpenFOAM: The Open Source CFD Toolbox
   \\    /   O peration     | Website:  https://openfoam.org
    \\  /    A nd           | Version:  11
     \\/     M anipulation  |
\*---------------------------------------------------------------------------*/
FoamFile
{
    format      ascii;
    class       volScalarField;
    location    "0.1";
    object      Qdot;
}
// * * * * * * * * * * * * * * * * * * * * * * * * * * * * * * * * * * * * * //

dimensions      [1 -1 -3 0 0 0 0];

internalField   nonuniform List<scalar> 
4000
(
-6.39972e-13
-2.54971e-12
0
-1.01403e-11
0
2.63262e-11
-4.74779e-18
-2.96156e-13
-1.99865e-16
6.7077e-10
7.07907e-09
5.97643e-08
4.75862e-07
2.80259e-06
2.18868e-05
0.000129007
0.000682015
0.00318023
0.0131253
0.0482254
0.158884
0.473091
1.28335
3.19632
7.3625
15.7902
31.7243
60.0405
107.574
183.295
298.236
465.165
698.046
1010.28
1418.75
1938.21
2586.37
3386.17
4371.77
5591.94
7120.5
9068.04
11597.8
14946.8
19452.2
25583.6
33978.3
45476.4
61153.9
82358.5
125751
190832
272167
423100
622066
935513
1.39886e+06
2.06951e+06
3.04132e+06
4.46593e+06
6.53895e+06
9.57459e+06
1.39881e+07
2.03849e+07
2.9779e+07
4.36494e+07
4.29593e+07
2.87167e+07
1.91587e+07
1.27108e+07
8.36148e+06
5.44046e+06
3.49359e+06
2.20947e+06
1.37343e+06
837487
500116
292343
168005
95706.3
48427.5
18137
5657.13
1239.08
205.415
27.1133
2.915
0.26166
0.0203173
0.00144301
0.000100558
7.49759e-06
6.49359e-07
6.98878e-08
9.79997e-09
1.70118e-09
2.85905e-10
1.34886e-10
-1.52311e-12
-4.77764e-13
4.64877e-07
4.63001e-07
3.96614e-14
4.56676e-07
0
0
-2.37162e-18
-2.78755e-17
9.83202e-11
6.69981e-10
-3.88569e-07
4.40246e-07
8.30471e-07
3.0646e-06
2.09621e-05
0.000126311
0.000668939
0.00312313
0.0129066
0.0474718
0.156535
0.466437
1.26612
3.15527
7.27196
15.6044
31.3677
59.3972
106.48
181.534
295.552
461.29
692.758
1003.5
1410.24
1928.49
2576.24
3377.19
4366.38
5593.79
7134.96
9102.87
11664.1
15060.2
19634.3
25863.7
34394.6
46076.7
61996.6
83513.7
129372
194755
277035
432462
640114
954456
1.42837e+06
2.11374e+06
3.10601e+06
4.56097e+06
6.67267e+06
9.76073e+06
1.42556e+07
2.07716e+07
3.03291e+07
4.44303e+07
4.23266e+07
2.8285e+07
1.88626e+07
1.25094e+07
8.22428e+06
5.34722e+06
3.43062e+06
2.16734e+06
1.34558e+06
819344
488505
285064
163552
92945.5
46495.1
17321.5
5329.59
1155.21
190.367
25.0995
2.71063
0.244441
0.0190421
0.00135545
9.52215e-05
7.16386e-06
6.23776e-07
6.76681e-08
8.92044e-09
1.42483e-09
2.96853e-10
2.40524e-10
1.13703e-11
3.79993e-12
4.64857e-07
0
0
-7.86472e-14
0
-3.92151e-11
-2.36763e-18
4.28155e-07
1.47212e-10
7.63494e-10
6.57323e-09
4.38468e-07
8.67628e-08
3.04161e-06
2.08046e-05
0.000125219
0.000662119
0.00308763
0.0127413
0.0468017
0.154157
0.458964
1.24508
3.10164
7.14712
15.3366
30.8347
58.4069
104.753
178.695
291.137
454.777
683.622
992.486
1395.9
1911.94
2558.92
3362.05
4357.49
5597.65
7161.14
9165.17
11782.2
15261.6
19957.4
26360.3
35132.9
47133.4
63473.4
85530.1
135510
201434
289851
448313
669381
987352
1.47962e+06
2.19031e+06
3.21735e+06
4.72332e+06
6.90917e+06
1.00811e+07
1.47123e+07
2.14259e+07
3.12526e+07
4.57098e+07
4.1288e+07
2.75992e+07
1.83976e+07
1.21877e+07
8.00454e+06
5.19839e+06
3.33064e+06
2.10094e+06
1.30209e+06
791328
470798
274115
156945
88972.8
43794.6
16265.2
4940.49
1063.83
175.448
23.2324
2.51257
0.227123
0.0178654
0.00129161
9.21448e-05
7.01209e-06
6.1758e-07
6.76743e-08
8.91045e-09
1.41832e-09
2.98133e-10
2.40575e-10
-1.1752e-11
-4.47516e-13
4.64833e-07
-4.62829e-07
4.59992e-07
-1.33835e-11
0
-1.53177e-13
5.12343e-11
-2.31239e-17
-1.84899e-16
7.60302e-10
6.8234e-09
5.64181e-08
4.56881e-07
2.69486e-06
2.08427e-05
0.000125208
0.000660403
0.00307096
0.0126381
0.0463067
0.152182
0.452193
1.2247
3.04689
7.01403
15.0409
30.2285
57.2522
102.697
175.257
285.717
446.704
672.251
977.366
1377.88
1890.43
2536.12
3341.67
4345.05
5601.62
7193.97
9244.82
11934.1
15521.3
20373.2
26996.4
36071.2
48479.9
65350
88082.4
143000
209599
310265
468076
704951
1.04268e+06
1.54427e+06
2.28674e+06
3.35682e+06
4.9253e+06
7.20044e+06
1.05007e+07
1.52765e+07
2.2231e+07
3.23871e+07
4.7234e+07
4.00368e+07
2.67599e+07
1.78345e+07
1.18108e+07
7.74813e+06
5.02456e+06
3.2145e+06
2.02445e+06
1.25248e+06
759697
451014
262000
149686
84618.2
40970.3
15246.1
4598.92
988.221
162.636
21.4842
2.3351
0.21345
0.0170159
0.00124659
8.98351e-05
6.91569e-06
6.12975e-07
6.76329e-08
1.01819e-08
1.71298e-09
4.48287e-10
1.50142e-10
3.27546e-11
7.57856e-12
8.5745e-13
-3.39452e-12
6.7458e-12
4.55761e-07
0
4.43787e-07
-4.71678e-18
-2.30653e-17
4.15074e-07
7.58104e-10
6.51952e-09
5.74004e-08
8.26651e-07
3.08234e-06
2.0684e-05
0.000125948
0.000661397
0.00306528
0.0125731
0.0459177
0.150451
0.445858
1.20478
2.99165
6.87649
14.7292
29.5794
55.9993
100.441
171.448
279.665
437.632
659.406
960.202
1356.32
1865.72
2509.99
3318.14
4330.58
5606.05
7231.79
9336.76
12109.3
15820
20849.2
27718.9
37124.9
49980.9
67413.9
94808.5
151121
218764
331337
489796
742037
1.10302e+06
1.62724e+06
2.39352e+06
3.51132e+06
5.14829e+06
7.51991e+06
1.09582e+07
1.59016e+07
2.31051e+07
3.36384e+07
4.87805e+07
3.87529e+07
2.59061e+07
1.72652e+07
1.14269e+07
7.49271e+06
4.8557e+06
3.10227e+06
1.9505e+06
1.2045e+06
729174
432047
250526
142942
80692.4
38818.1
14403.8
4310.62
920.336
151.561
20.1483
2.20812
0.204046
0.0164526
0.00121873
8.90066e-05
6.92944e-06
6.21022e-07
6.82014e-08
9.6169e-09
1.14244e-09
2.87352e-10
8.6779e-11
6.53337e-12
-4.45551e-13
-8.52396e-13
0
3.95956e-14
4.55423e-07
-4.49954e-07
0
4.34799e-07
-2.30068e-17
4.14091e-07
7.55367e-10
6.76759e-09
4.34259e-07
4.649e-07
3.11894e-06
2.12368e-05
0.000126512
0.00066307
0.00306233
0.0125144
0.0455409
0.148724
0.439436
1.18437
2.93456
6.73332
14.4029
28.8963
54.6745
98.046
167.39
273.197
427.91
645.614
941.752
1333.15
1838.67
2481.4
3292.4
4314.65
5610.6
7272.49
9436.01
12298.5
16142.2
21361.9
28496.1
38258
51558.5
69547.8
103179
159352
228391
351955
512409
779586
1.16204e+06
1.71654e+06
2.51902e+06
3.67006e+06
5.37633e+06
7.84577e+06
1.14226e+07
1.65457e+07
2.39928e+07
3.49083e+07
5.01485e+07
3.75479e+07
2.51017e+07
1.67228e+07
1.10665e+07
7.25252e+06
4.69504e+06
2.99752e+06
1.88321e+06
1.16202e+06
702831
416010
240943
137297
77315.8
36963.4
13631
4061.57
868.07
143.501
19.1959
2.1211
0.197711
0.0160911
0.00120639
8.91511e-05
7.01614e-06
6.33191e-07
6.97554e-08
1.01389e-08
1.97601e-09
4.28827e-10
2.29966e-10
-3.82304e-12
-1.63508e-12
-8.52348e-13
1.56501e-19
1.01577e-11
4.55125e-07
4.49494e-07
0
-2.34902e-18
2.92167e-13
-4.12706e-07
4.015e-07
-3.81094e-07
5.74068e-08
4.68898e-07
2.79927e-06
2.10615e-05
0.000127138
0.000663704
0.00305396
0.0124341
0.0450896
0.146767
0.43237
1.16231
2.87359
6.58169
14.0593
28.1797
53.2889
95.546
163.16
266.464
417.798
631.277
922.582
1309.07
1810.55
2451.77
3265.75
4298.25
5615.56
7315.05
9539.38
12495.1
16475.9
21890.5
29292.3
39408.3
53170.6
71732.4
111072
167317
237829
370893
548353
815500
1.21753e+06
1.79874e+06
2.63978e+06
3.84323e+06
5.60491e+06
8.16016e+06
1.18679e+07
1.71619e+07
2.48583e+07
3.61434e+07
5.1017e+07
3.64651e+07
2.4382e+07
1.62403e+07
1.07409e+07
7.03506e+06
4.55336e+06
2.90521e+06
1.82327e+06
1.12347e+06
678429
400870
231755
131826
74095.5
35364.8
13024.7
3879.39
830.788
137.894
18.5449
2.06147
0.193602
0.0159194
0.00120645
9.00903e-05
7.15231e-06
6.51252e-07
7.29914e-08
1.06442e-08
1.69844e-09
4.35373e-10
2.31995e-10
-2.70338e-12
7.26485e-13
0
4.62431e-07
-3.95618e-14
4.54795e-07
0
0
-7.63121e-11
2.9148e-13
4.11529e-07
6.56243e-10
-3.8018e-07
5.71609e-08
4.70246e-07
3.16394e-06
2.17979e-05
0.000127201
0.000661609
0.00303492
0.0123149
0.0445112
0.144442
0.42435
1.13801
2.80785
6.4207
13.6987
27.4345
51.8583
92.9794
158.839
259.611
407.542
616.778
903.247
1284.85
1782.39
2422.19
3239.31
4282.26
5621.16
7358.56
9644
12693
16810.8
22419.4
30087
40554.3
54760.7
73872.7
118224
174616
254243
388095
580632
852455
1.27029e+06
1.87648e+06
2.75135e+06
4.00065e+06
5.82828e+06
8.46212e+06
1.22784e+07
1.77281e+07
2.56301e+07
3.73834e+07
5.17519e+07
3.55314e+07
2.37698e+07
1.58346e+07
1.04709e+07
6.85538e+06
4.43372e+06
2.82685e+06
1.77347e+06
1.09234e+06
659289
389319
224916
127839
71801.3
34240.4
12600.7
3752.72
804.747
133.934
18.0796
2.02223
0.191487
0.0158876
0.00121535
9.1573e-05
7.32323e-06
6.71613e-07
7.44515e-08
1.09484e-08
1.97055e-09
4.2623e-10
2.29324e-10
6.36596e-12
-1.65403e-12
5.00478e-15
4.62336e-07
0
-4.54499e-07
-2.63269e-11
4.4117e-07
-4.68102e-18
-2.0561e-17
-1.64428e-16
6.54187e-10
-3.78274e-07
5.67566e-08
8.2629e-07
3.15695e-06
2.13978e-05
0.000126231
0.00065674
0.00300294
0.0121491
0.0437852
0.141704
0.415305
1.11144
2.73758
6.25162
13.3252
26.6712
50.406
90.3939
154.513
252.789
397.382
602.48
884.257
1261.15
1754.96
2393.58
3213.94
4267.29
5627.44
7401.86
9746.62
12885.7
17134.5
22927.2
30843.9
41637.1
56256.9
76600.5
124574
181220
271014
403601
608128
899198
1.31916e+06
1.94877e+06
2.85616e+06
4.14804e+06
6.0357e+06
8.7556e+06
1.26729e+07
1.82773e+07
2.6409e+07
3.84875e+07
5.17882e+07
3.48546e+07
2.33164e+07
1.55298e+07
1.02662e+07
6.71843e+06
4.34271e+06
2.76688e+06
1.73415e+06
1.06707e+06
643386
379526
219011
124328
69766.7
33261.4
12244.4
3652.05
785.16
131.155
17.7955
2.00229
0.190904
0.0159602
0.00123065
9.34471e-05
7.52927e-06
6.93128e-07
7.83291e-08
1.09142e-08
1.95455e-09
4.33649e-10
2.30113e-10
-2.85407e-12
-4.81265e-13
0
1.99134e-14
-4.5883e-07
0
0
1.19288e-18
-2.33674e-18
-4.21134e-07
-1.59591e-16
9.31991e-10
6.48783e-09
5.70688e-08
4.63918e-07
2.78377e-06
2.15343e-05
0.000125183
0.000648433
0.00295846
0.0119388
0.0429222
0.138597
0.40539
1.08307
2.6641
6.07771
12.9461
25.9052
48.9624
87.8443
150.277
246.151
387.551
588.715
866.066
1238.57
1729
2366.71
3190.4
4253.9
5634.47
7444.15
9844.88
13068
17437.5
23396.2
31531.5
42598.9
57542.1
82718.8
130106
187305
285272
417892
632462
938372
1.38029e+06
2.01968e+06
2.9568e+06
4.29476e+06
6.21434e+06
9.01717e+06
1.30439e+07
1.87753e+07
2.7111e+07
3.94744e+07
5.12955e+07
3.43568e+07
2.29824e+07
1.53047e+07
1.01146e+07
6.61679e+06
4.27513e+06
2.7224e+06
1.70526e+06
1.04859e+06
631778
372382
214699
121755
68286.4
32572.2
12003.3
3587.65
773.277
129.575
17.6511
1.99578
0.191387
0.0161049
0.00125035
9.55585e-05
7.74874e-06
7.14886e-07
8.04608e-08
9.96735e-09
2.04947e-09
6.21593e-10
1.24477e-10
6.19798e-12
8.71189e-12
0
0
0
7.8225e-14
-4.478e-07
0
-2.33333e-18
-4.20214e-07
-1.5039e-16
5.57917e-10
3.88654e-07
5.5143e-08
4.57854e-07
2.7397e-06
2.08844e-05
0.000123165
0.000637464
0.00290306
0.0116919
0.0419528
0.135225
0.394911
1.05373
2.58939
5.90343
12.5709
25.1547
47.5605
85.3877
146.225
239.839
378.257
575.774
849.057
1217.57
1705.08
2342.17
3169.28
4242.62
5642.66
7485.62
9938.82
13240.2
17721.4
23832.9
32168.3
43487.1
58733.1
87955.4
135014
192850
297382
431803
653614
971195
1.42935e+06
2.09154e+06
3.04664e+06
4.41641e+06
6.38214e+06
9.25301e+06
1.33696e+07
1.92129e+07
2.77212e+07
4.0326e+07
5.07509e+07
3.39753e+07
2.27287e+07
1.51349e+07
1.00008e+07
6.54086e+06
4.22481e+06
2.68939e+06
1.68388e+06
1.03495e+06
623234
367129
211526
119852
67194.3
32081.5
11839.4
3547.14
766.443
128.787
17.6038
1.9988
0.192632
0.0163005
0.00127304
9.78705e-05
7.97313e-06
7.396e-07
8.29314e-08
1.22718e-08
2.042e-09
4.30555e-10
1.33142e-10
-3.02793e-12
-5.08064e-13
0
0
0
0
-3.94282e-11
-4.39756e-07
-2.3303e-18
-1.479e-10
-1.47884e-16
-3.94209e-07
5.73458e-09
5.48049e-08
8.04168e-07
3.02177e-06
2.04758e-05
0.000120986
0.000624934
0.00284031
0.0114219
0.0409225
0.131726
0.384255
1.02439
2.51576
5.73373
12.2092
24.4379
46.2324
83.0771
142.437
233.976
369.673
563.889
833.525
1198.55
1683.58
2320.39
3150.98
4233.8
5652.21
7526.29
10028.2
13402
17985.8
24236.8
32753.8
44298.3
59823.4
92393.3
139242
197643
307246
452363
671650
999139
1.47059e+06
2.15098e+06
3.13162e+06
4.52893e+06
6.53068e+06
9.45896e+06
1.36496e+07
1.95991e+07
2.82402e+07
4.10453e+07
5.02938e+07
3.36766e+07
2.25322e+07
1.50046e+07
9.91427e+06
6.48353e+06
4.18706e+06
2.66477e+06
1.668e+06
1.02486e+06
616925
363254
209182
118435
66373.3
31716.8
11726.9
3523.09
763.162
128.561
17.6253
2.00845
0.194379
0.0165257
0.0012968
0.000100201
8.19394e-06
7.63703e-07
8.50758e-08
1.16886e-08
2.58169e-09
4.30193e-10
1.31611e-10
-3.11719e-12
8.68431e-12
5.00399e-15
-4.62052e-07
-3.94974e-14
0
3.94035e-11
7.74211e-11
4.29947e-07
-1.58814e-17
-1.41016e-16
6.47742e-10
6.07898e-09
5.29354e-08
4.38052e-07
2.95066e-06
2.0011e-05
0.000118193
0.000610876
0.00277437
0.0111431
0.03988
0.128249
0.373828
0.996055
2.44547
5.57333
11.8704
23.7716
45.0062
80.9573
138.983
228.658
361.929
553.224
819.667
1181.67
1664.71
2301.53
3135.6
4227.35
5662.79
7565.4
10111.8
13551.1
18227.6
24604
33283.7
45031.1
60794.9
96098.7
142802
204517
315485
468456
687271
1.02314e+06
1.50567e+06
2.20099e+06
3.20212e+06
4.63036e+06
6.65691e+06
9.63381e+06
1.38856e+07
1.99257e+07
2.86757e+07
4.16459e+07
4.99286e+07
3.34419e+07
2.23792e+07
1.49041e+07
9.84814e+06
6.44008e+06
4.15866e+06
2.64635e+06
1.65619e+06
1.01739e+06
612268
360398
207451
117380
65754.6
31474.6
11652.3
3510.93
762.406
128.727
17.6937
2.02243
0.196432
0.0167675
0.00132147
0.000102496
8.41307e-06
7.83899e-07
8.82799e-08
1.21889e-08
2.01689e-09
4.27614e-10
7.63528e-11
-3.20029e-12
-1.71993e-12
-4.64621e-07
0
1.3449e-11
0
4.47e-07
-5.15329e-11
-1.16268e-18
-1.58618e-17
4.0638e-07
6.46592e-10
6.06604e-09
4.17859e-07
4.2799e-07
2.87671e-06
1.98519e-05
0.000115628
0.000596575
0.00270821
0.01087
0.0388736
0.124937
0.364009
0.969649
2.38054
5.42638
11.5622
23.1694
43.9046
79.063
135.912
223.953
355.111
543.881
807.591
1167.07
1648.53
2285.58
3122.98
4222.89
5673.62
7601.63
10187.2
13684
18440.7
24924.5
33741.3
45655.4
61613.3
99080.5
145628
212818
322197
481218
705051
1.04353e+06
1.53545e+06
2.24327e+06
3.26138e+06
4.71492e+06
6.77321e+06
9.78226e+06
1.4083e+07
2.01972e+07
2.90375e+07
4.21421e+07
4.96407e+07
3.32585e+07
2.22607e+07
1.48269e+07
9.79775e+06
6.40723e+06
4.13734e+06
2.63262e+06
1.64743e+06
1.01187e+06
608840
358299
206178
116597
65293.5
31408.8
11606.9
3507.2
763.334
129.142
17.7895
2.03862
0.198593
0.0170079
0.00134507
0.000104676
8.61665e-06
8.06251e-07
9.14782e-08
1.34214e-08
2.57685e-09
6.06709e-10
1.30939e-10
4.6513e-11
9.84263e-12
5.00373e-15
4.61959e-07
4.58231e-07
0
-4.46797e-07
4.38771e-07
-4.2927e-07
-4.17969e-07
-1.90551e-10
9.22445e-10
-3.73131e-07
4.16015e-07
4.17144e-07
2.80431e-06
1.87212e-05
0.000113157
0.000583243
0.00264596
0.0106152
0.0379454
0.121911
0.355121
0.945936
2.32266
5.29619
11.2908
22.6418
42.9441
77.419
133.258
219.905
349.268
535.91
797.335
1154.76
1634.98
2272.37
3112.79
4219.88
5683.87
7633.69
10252.7
13798.1
18622.5
25196.1
34126.9
46180.1
62302.2
101509
147969
219269
327677
491228
722441
1.06043e+06
1.56031e+06
2.27858e+06
3.31069e+06
4.78479e+06
6.86885e+06
9.90537e+06
1.42459e+07
2.042e+07
2.93339e+07
4.25464e+07
4.94164e+07
3.31167e+07
2.21697e+07
1.47681e+07
9.75965e+06
6.38258e+06
4.12146e+06
2.62245e+06
1.64098e+06
1.00782e+06
606336
356768
205248
116021
64952.2
31382.9
11581.4
3508.65
765.201
129.678
17.8959
2.05514
0.20069
0.0172326
0.00136682
0.000106659
8.80346e-06
8.2486e-07
9.36766e-08
1.28479e-08
2.0147e-09
6.14386e-10
1.40844e-10
4.64397e-11
-1.7432e-12
-4.64601e-07
4.61925e-07
-4.58175e-07
-4.53138e-07
-4.46631e-07
1.51136e-13
-2.32185e-18
1.46935e-10
-1.22917e-16
3.68337e-10
-3.72597e-07
4.14145e-07
4.09467e-07
2.39889e-06
1.89416e-05
0.000110621
0.000571337
0.00259051
0.0103889
0.0371295
0.119272
0.34742
0.925516
2.27309
5.18526
11.0605
22.1962
42.136
76.041
131.041
216.535
344.422
529.32
788.889
1144.66
1623.94
2261.7
3104.72
4217.81
5692.76
7660.47
10306.7
13891.2
18769.3
25412.9
34430.6
46586
64059.6
103432
149891
224326
332180
499239
735889
1.07568e+06
1.5807e+06
2.3075e+06
3.35099e+06
4.84171e+06
6.94634e+06
1.00107e+07
1.43784e+07
2.05997e+07
2.95726e+07
4.28709e+07
4.92441e+07
3.30085e+07
2.21008e+07
1.47239e+07
9.73124e+06
6.36434e+06
4.10979e+06
2.61504e+06
1.63631e+06
1.00491e+06
604537
355670
204580
115605
64703.5
31380.2
11568.9
3512.81
767.423
130.234
17.9988
2.07044
0.202581
0.0174343
0.00138586
0.00010838
8.95886e-06
8.41067e-07
9.41744e-08
1.38927e-08
2.00222e-09
8.97453e-10
1.40594e-10
-4.28851e-11
-5.68272e-13
-4.64594e-07
0
0
-2.65881e-11
0
4.38365e-07
-2.3206e-18
4.17471e-07
-1.90193e-10
3.67974e-10
5.50637e-09
4.86209e-08
4.00643e-07
2.67988e-06
1.82451e-05
0.000108786
0.000560856
0.00254412
0.0102011
0.0364531
0.117094
0.3411
0.908831
2.23275
5.09533
10.8745
21.8373
41.4872
74.9378
129.272
213.852
340.574
524.102
782.22
1136.73
1615.29
2253.39
3098.49
4216.34
5699.88
7681.49
10348.6
13963
18881.2
25576.1
34655.3
46879.3
65811.4
104899
151408
228192
335735
505421
745968
1.09158e+06
1.59666e+06
2.33027e+06
3.38272e+06
4.8864e+06
7.00683e+06
1.00942e+07
1.44816e+07
2.07398e+07
2.97585e+07
4.31229e+07
4.91144e+07
3.29276e+07
2.20496e+07
1.46913e+07
9.71039e+06
6.35103e+06
4.10133e+06
2.60969e+06
1.63295e+06
1.00282e+06
603252
354886
204103
115305
64523.5
31387.2
11563.7
3517.72
769.558
130.738
18.0888
2.08352
0.204171
0.0176006
0.00140155
0.000109795
9.0884e-06
8.54923e-07
9.74854e-08
1.33293e-08
2.55327e-09
7.07329e-10
1.39221e-10
-2.28495e-12
1.28065e-12
4.64589e-07
-7.8141e-20
-4.5808e-07
0
0
7.72196e-11
4.28473e-07
4.17259e-07
-1.18355e-16
5.52014e-10
5.32524e-09
-3.17268e-07
4.46379e-08
2.29819e-06
1.82823e-05
0.000107425
0.000552875
0.00250779
0.0100561
0.0359352
0.115434
0.336296
0.896187
2.20226
5.02754
10.7347
21.5681
41.0016
74.1138
127.953
211.856
337.717
520.237
777.292
1130.88
1608.94
2247.33
3094
4215.39
5705.3
7697.16
10379.7
14015.8
18963.5
25696
34820.5
47096.1
67082.5
105984
152550
231014
338395
509971
753254
1.10284e+06
1.60854e+06
2.34726e+06
3.4064e+06
4.9197e+06
7.05182e+06
1.0156e+07
1.45582e+07
2.08436e+07
2.98961e+07
4.3309e+07
4.90203e+07
3.2869e+07
2.20126e+07
1.46678e+07
9.69546e+06
6.34153e+06
4.09531e+06
2.60589e+06
1.63058e+06
1.00135e+06
602347
354335
203767
115092
64392.9
31393
11561.5
3521.96
771.268
131.132
18.158
2.09346
0.205371
0.0177261
0.00141339
0.000110864
9.18798e-06
8.65142e-07
9.73658e-08
1.40393e-08
2.54149e-09
4.22598e-10
1.31199e-10
3.47989e-11
1.16643e-11
-5.00347e-15
-1.98966e-14
3.9465e-14
7.80485e-14
0
-7.72039e-11
-1.15952e-18
-4.17117e-07
2.85231e-10
-3.90483e-07
5.32223e-09
4.6834e-08
3.90388e-07
2.943e-06
1.80892e-05
0.000106305
0.000547428
0.00248379
0.00995945
0.0355901
0.11433
0.333103
0.887798
2.18206
4.98268
10.6422
21.3903
40.6813
73.571
127.085
210.545
335.844
517.707
774.074
1127.08
1604.84
2243.44
3091.2
4214.99
5709.19
7707.93
10400.8
14051.6
19019.1
25777.1
34932.8
47244.6
67925.4
106713
153327
232888
340196
513023
758092
1.11024e+06
1.61692e+06
2.3587e+06
3.42233e+06
4.94209e+06
7.08201e+06
1.01975e+07
1.46096e+07
2.09134e+07
2.99887e+07
4.34361e+07
4.89561e+07
3.2829e+07
2.19873e+07
1.46518e+07
9.68521e+06
6.33501e+06
4.09117e+06
2.60328e+06
1.62894e+06
1.00033e+06
601724
353955
203535
114945
64301.7
31392.9
11559.2
3524.41
772.301
131.372
18.2004
2.09961
0.206119
0.0178048
0.00142092
0.000111557
9.25477e-06
8.70407e-07
9.83166e-08
1.32986e-08
2.54814e-09
7.05086e-10
-1.09322e-10
-4.70049e-12
-1.28327e-11
0
4.61857e-07
-1.3401e-11
4.52942e-07
0
0
4.282e-07
-1.35468e-17
-1.13901e-16
9.1904e-10
-3.72607e-07
4.51101e-08
3.83388e-08
2.92917e-06
1.83229e-05
0.000105781
0.00054505
0.00247277
0.0099141
0.0354273
0.113808
0.331591
0.883813
2.17245
4.96129
10.5981
21.3053
40.5281
73.3111
126.67
209.918
334.95
516.503
772.549
1125.3
1602.94
2241.71
3090.08
4215.16
5711.63
7714
10412.3
14070.8
19048.8
25820.4
34992.8
47324.3
68359.3
107094
153736
233856
341143
514617
760604
1.11406e+06
1.62263e+06
2.36472e+06
3.43074e+06
4.95392e+06
7.09802e+06
1.02195e+07
1.4637e+07
2.09507e+07
3.00384e+07
4.35057e+07
4.89182e+07
3.28051e+07
2.19721e+07
1.4642e+07
9.67893e+06
6.33097e+06
4.08859e+06
2.60165e+06
1.62791e+06
999689
601327
353713
203388
114854
64246.3
31385.1
11555.3
3524.54
772.539
131.44
18.2141
2.10178
0.206403
0.0178366
0.00142407
0.000111849
9.28258e-06
8.7342e-07
9.89675e-08
1.33017e-08
2.54719e-09
6.20077e-10
1.38909e-10
4.50703e-11
-5.88472e-13
4.64583e-07
4.6185e-07
-1.34799e-11
-4.52914e-07
0
-7.71955e-11
-2.31871e-18
-1.35466e-17
4.04304e-07
9.19023e-10
5.32007e-09
4.1059e-07
3.83377e-08
2.93225e-06
1.80107e-05
0.000105546
0.000545433
0.00247412
0.00991967
0.0354461
0.113863
0.331739
0.884176
2.17326
4.96299
10.6014
21.3115
40.5387
73.3288
126.698
209.961
335.013
516.595
772.68
1125.48
1603.2
2242.08
3090.6
4215.9
5712.67
7715.47
10414.4
14073.7
19052.8
25825.9
35000.2
47334
68395.1
107129
153778
233943
341240
514775
760851
1.11443e+06
1.62319e+06
2.36541e+06
3.43174e+06
4.95535e+06
7.10006e+06
1.02224e+07
1.4641e+07
2.09564e+07
3.00466e+07
4.35176e+07
4.89045e+07
3.2796e+07
2.1966e+07
1.46379e+07
9.67615e+06
6.32912e+06
4.08736e+06
2.60084e+06
1.62739e+06
999357
601120
353587
203313
114811
64221.8
31367.8
11548.8
3522.12
771.938
131.331
18.1984
2.09994
0.206223
0.0178214
0.0014229
0.000111766
9.27382e-06
8.7348e-07
9.89804e-08
1.34735e-08
2.53858e-09
9.0414e-10
1.31043e-10
-1.26697e-11
-9.79333e-12
4.64585e-07
0
-4.5805e-07
2.65033e-11
-4.4633e-07
-7.72023e-11
-1.00553e-10
-1.35486e-17
4.04376e-07
9.19216e-10
5.85425e-09
4.7173e-08
3.90356e-07
2.61106e-06
1.84547e-05
0.000106532
0.000548868
0.00248806
0.0099763
0.0356454
0.114494
0.333544
0.888877
2.18449
4.98776
10.6521
21.4085
40.713
73.6233
127.168
210.672
336.032
517.98
774.461
1127.63
1605.61
2244.53
3092.74
4217.17
5712.28
7712.31
10407
14060.3
19031.1
25793.5
34954.7
47273.5
68032
106819
153451
233146
340484
513494
758827
1.11136e+06
1.6186e+06
2.36075e+06
3.42531e+06
4.94637e+06
7.08811e+06
1.02062e+07
1.46215e+07
2.09305e+07
3.00132e+07
4.34714e+07
4.89154e+07
3.28019e+07
2.19691e+07
1.46395e+07
9.67696e+06
6.32949e+06
4.08751e+06
2.60089e+06
1.62739e+06
999347
601110
353581
203312
114818
64229.5
31341.3
11540.1
3517.24
770.524
131.05
18.1542
2.09418
0.20559
0.0177603
0.00141752
0.000111305
9.23412e-06
8.69257e-07
9.83426e-08
1.33091e-08
2.55602e-09
6.12585e-10
3.61439e-11
-2.34657e-12
-5.85752e-13
1.70909e-12
7.81406e-20
-1.3481e-11
-7.80548e-14
-4.4639e-07
0
-2.31955e-18
4.17232e-07
-4.75386e-10
9.19631e-10
5.67946e-09
4.85683e-08
3.94563e-07
2.64718e-06
1.86767e-05
0.000107191
0.000554812
0.00251549
0.0100843
0.0360289
0.115714
0.337044
0.898016
2.20637
5.03611
10.7514
21.5986
41.0545
74.2011
128.091
212.067
338.028
520.686
777.929
1131.78
1610.21
2249.12
3096.53
4218.98
5710.4
7704.4
10389.9
14030.2
18983.3
25723
34856.6
47143.5
67262.6
106159
152754
231445
338869
510752
754477
1.10471e+06
1.61085e+06
2.35064e+06
3.41129e+06
4.92673e+06
7.06183e+06
1.01704e+07
1.45778e+07
2.08719e+07
2.99367e+07
4.33679e+07
4.89528e+07
3.28241e+07
2.19824e+07
1.46475e+07
9.68176e+06
6.33237e+06
4.08923e+06
2.60191e+06
1.628e+06
999709
601326
353712
203397
114880
64272.2
31306.7
11529.9
3510.08
768.328
130.599
18.0814
2.08446
0.204481
0.0176511
0.00140768
0.00011045
9.15734e-06
8.62092e-07
9.66898e-08
1.4034e-08
2.55179e-09
4.22688e-10
2.27334e-10
-3.49583e-12
-9.78718e-12
-1.7041e-12
-1.98979e-14
-1.34822e-11
0
0
4.38342e-07
-2.32044e-18
-2.87736e-13
4.05054e-07
9.20272e-10
5.15042e-09
4.79279e-08
4.02212e-07
2.69613e-06
1.83461e-05
0.000109355
0.000563657
0.00255463
0.0102417
0.0365883
0.117496
0.342174
0.911449
2.23861
5.10751
10.8982
21.8804
41.5616
75.0599
129.464
214.143
341.002
524.718
783.091
1137.96
1617.02
2255.84
3101.96
4221.28
5706.93
7691.52
10362.8
13982.9
18908.8
25613.6
34705.3
46944.4
66064
105142
151690
228799
336393
506510
747688
1.09423e+06
1.59986e+06
2.33496e+06
3.38951e+06
4.89615e+06
7.02072e+06
1.01142e+07
1.45087e+07
2.07789e+07
2.98145e+07
4.32039e+07
4.9021e+07
3.28654e+07
2.20078e+07
1.46631e+07
9.69142e+06
6.33833e+06
4.09291e+06
2.60417e+06
1.62938e+06
1.00055e+06
601838
354024
203591
115010
64353.8
31265.6
11519.6
3501.23
765.481
130
17.9829
2.07111
0.202955
0.0174979
0.00139374
0.000109229
9.04701e-06
8.51985e-07
9.57749e-08
1.33325e-08
2.54521e-09
9.05579e-10
-1.17737e-11
5.67853e-12
-1.76027e-12
1.70913e-12
-6.7772e-12
-3.94748e-14
0
0
-4.38515e-07
-1.16082e-18
-1.47206e-10
4.05378e-07
-3.91279e-07
3.84257e-07
4.86718e-08
4.11012e-07
2.41983e-06
1.84243e-05
0.000111386
0.000574476
0.00260477
0.0104435
0.0373102
0.119805
0.348846
0.928981
2.28082
5.20126
11.0914
22.2522
42.2321
76.1977
131.286
216.904
344.961
530.089
789.971
1146.18
1626.08
2264.74
3109.04
4223.99
5701.63
7673.17
10324.8
13916.7
18804.8
25461.4
34495.3
46670.3
64398.2
103748
150250
225121
333020
500652
738161
1.07926e+06
1.58479e+06
2.31347e+06
3.35963e+06
4.85412e+06
6.96403e+06
1.00362e+07
1.44129e+07
2.06494e+07
2.96439e+07
4.29748e+07
4.9125e+07
3.29296e+07
2.20479e+07
1.46883e+07
9.70727e+06
6.3483e+06
4.09916e+06
2.60806e+06
1.6318e+06
1.00204e+06
602747
354577
203928
115228
64486.9
31224.2
11513.1
3491.87
762.25
129.298
17.8646
2.05471
0.201043
0.0173047
0.00137604
0.000107667
8.90979e-06
8.36874e-07
9.52557e-08
1.3898e-08
2.55814e-09
6.04585e-10
-1.27355e-11
-3.40347e-12
-1.28143e-11
0
-4.61954e-07
-3.94805e-14
-4.53234e-07
0
0
-1.16159e-18
4.18055e-07
4.05789e-07
-3.92301e-07
5.69805e-09
5.0464e-08
4.20648e-07
2.49223e-06
1.95503e-05
0.000113822
0.000587453
0.00266475
0.0106849
0.0381764
0.122593
0.356937
0.950334
2.33244
5.31632
11.3294
22.7114
43.0626
77.6107
133.555
220.347
349.908
536.814
798.598
1156.52
1637.46
2275.89
3117.83
4227.13
5694.35
7648.84
10274.5
13829.2
18666.2
25256.5
34209.1
46290
62447.2
101908
148403
220259
328684
492949
725265
1.06372e+06
1.56524e+06
2.28578e+06
3.32112e+06
4.79981e+06
6.89034e+06
9.93554e+06
1.42881e+07
2.04804e+07
2.94215e+07
4.26739e+07
4.92726e+07
3.3021e+07
2.21054e+07
1.47248e+07
9.73049e+06
6.36306e+06
4.10852e+06
2.61396e+06
1.63549e+06
1.00433e+06
604153
355434
204454
115564
64689.6
31192
11514.1
3483.44
758.976
128.551
17.7343
2.03623
0.198843
0.0170774
0.0013551
0.000105809
8.73773e-06
8.19434e-07
9.26931e-08
1.33868e-08
2.00688e-09
4.16366e-10
-2.15227e-11
5.79314e-12
-5.57395e-13
4.64619e-07
4.61995e-07
0
0
4.46968e-07
4.38951e-07
-1.16252e-18
-1.5859e-17
-1.34174e-16
2.77168e-10
5.70762e-09
5.17632e-08
4.32795e-07
2.90901e-06
1.97429e-05
0.000116863
0.000602321
0.00273162
0.0109574
0.0391626
0.125787
0.366267
0.975097
2.39261
5.45108
11.6093
23.2536
44.0466
79.2905
136.26
224.466
355.842
544.903
809.001
1169.02
1651.27
2289.45
3128.54
4230.96
5685.39
7618.77
10212.1
13719.6
18491.2
24994.6
33836.8
45782.9
61780.3
99554.3
146129
214023
323362
483257
708503
1.04734e+06
1.54115e+06
2.25162e+06
3.27346e+06
4.73231e+06
6.79812e+06
9.81692e+06
1.41314e+07
2.02677e+07
2.91389e+07
4.22888e+07
4.94746e+07
3.31479e+07
2.21862e+07
1.47766e+07
9.76384e+06
6.38451e+06
4.12225e+06
2.62271e+06
1.64102e+06
1.00778e+06
606289
356740
205251
116064
64986.7
31183
11528.7
3477.98
756.127
127.839
17.603
2.01684
0.196474
0.0168302
0.00133171
0.00010371
8.54553e-06
8.00238e-07
9.05107e-08
1.34295e-08
2.01266e-09
3.22676e-10
2.37323e-10
-3.2711e-12
-5.46519e-13
0
4.62044e-07
-1.34515e-11
7.81502e-14
0
-4.39451e-07
-2.32727e-18
-4.18985e-07
-4.06887e-07
9.25189e-10
6.07624e-09
5.30853e-08
9.15282e-08
2.9924e-06
1.99543e-05
0.000119404
0.000617735
0.0028032
0.0112511
0.0402356
0.129294
0.376594
1.00271
2.46013
5.6032
11.927
23.8719
45.1737
81.2224
139.383
229.238
362.744
554.343
821.186
1183.74
1667.59
2305.61
3141.48
4235.94
5675.41
7583.96
10138.9
13590.3
18283.3
24681.6
33389.5
45171.5
60980.9
96654.6
143377
206006
316841
470922
690091
1.02749e+06
1.51214e+06
2.21044e+06
3.21582e+06
4.65018e+06
6.6847e+06
9.67302e+06
1.39405e+07
2.00057e+07
2.879e+07
4.18118e+07
4.97415e+07
3.33175e+07
2.22956e+07
1.48478e+07
9.81018e+06
6.41466e+06
4.14178e+06
2.63527e+06
1.64901e+06
1.01282e+06
609413
358653
206413
116782
65409.5
31255.4
11564.4
3478.03
754.29
127.26
17.4838
1.99795
0.194052
0.0165687
0.00130649
0.000101417
8.33526e-06
7.77934e-07
8.83408e-08
1.16552e-08
2.01151e-09
6.27198e-10
1.31302e-10
-3.19106e-12
6.50586e-13
0
0
0
0
-4.47476e-07
0
-2.32986e-18
-1.81718e-17
-1.50046e-16
-3.93787e-07
6.62728e-09
5.54693e-08
4.55425e-07
3.07331e-06
2.08061e-05
0.000122535
0.000632824
0.00287555
0.0115535
0.0413557
0.132997
0.387613
1.03244
2.53344
5.76955
12.2766
24.5564
46.4282
83.3832
142.892
234.624
370.565
565.087
835.116
1200.68
1686.5
2324.51
3156.94
4242.57
5665.25
7545.67
10056.9
13443.9
18046.1
24322
32872
44459.1
60034.1
93063.6
139935
198480
308835
455327
674792
1.00398e+06
1.47778e+06
2.16149e+06
3.14687e+06
4.55111e+06
6.56053e+06
9.50209e+06
1.37108e+07
1.96875e+07
2.83662e+07
4.12284e+07
5.00878e+07
3.35397e+07
2.24403e+07
1.49426e+07
9.87258e+06
6.45562e+06
4.16853e+06
2.6526e+06
1.66012e+06
1.01984e+06
613791
361338
208041
117778
65991.1
31507
11629.5
3486.61
754.165
126.934
17.3925
1.98128
0.191737
0.0163053
0.00128021
9.90129e-05
8.1056e-06
7.57809e-07
8.51504e-08
1.24188e-08
2.58178e-09
6.18648e-10
1.32819e-10
6.03033e-12
-5.20494e-13
5.00431e-15
0
3.95172e-14
0
3.94518e-11
4.4012e-07
0
1.4781e-10
-1.54759e-16
6.5032e-10
6.64517e-09
5.68454e-08
4.65258e-07
3.14409e-06
2.09543e-05
0.000125421
0.000647563
0.00294579
0.0118514
0.0424763
0.13676
0.398959
1.06341
2.61059
5.94617
12.6508
25.2941
47.7886
85.7398
146.74
240.558
379.223
577.037
850.688
1219.68
1707.93
2346.17
3175.07
4251.23
5655.62
7505.15
9968.04
13283.3
17783.9
23921.6
32291.5
43654
58955.3
88724.8
135792
193780
299221
435547
657072
976504
1.43728e+06
2.10319e+06
3.0637e+06
4.43907e+06
6.41486e+06
9.29995e+06
1.34356e+07
1.93065e+07
2.78568e+07
4.05232e+07
5.05298e+07
3.38271e+07
2.26291e+07
1.50677e+07
9.95555e+06
6.51054e+06
4.20467e+06
2.67617e+06
1.67531e+06
1.02949e+06
619821
365041
210280
119132
66766.5
31836.7
11729.4
3506.63
756.529
127
17.3484
1.96901
0.189736
0.0160589
0.00125492
9.65713e-05
7.87799e-06
7.32449e-07
8.19726e-08
1.22726e-08
2.02473e-09
6.20224e-10
1.34352e-10
-3.0187e-12
6.77822e-13
-1.27938e-12
1.99129e-14
-4.58807e-07
0
0
0
-2.33615e-18
4.21096e-07
-1.63958e-16
5.59108e-10
6.66519e-09
5.75542e-08
8.30395e-07
2.85862e-06
2.1679e-05
0.000127557
0.00066069
0.00300951
0.0121293
0.0435494
0.140437
0.410239
1.09466
2.68939
6.12852
13.0406
26.0689
49.2278
88.2489
150.86
246.948
388.594
590.036
867.711
1240.62
1731.69
2370.43
3195.79
4262.01
5646.9
7463.21
9873.82
13111.2
17500.7
23486.5
31657.3
42769.7
57767.8
83584.1
130945
188282
287319
420155
636171
944148
1.38904e+06
2.03274e+06
2.97289e+06
4.31798e+06
6.24757e+06
9.06557e+06
1.3113e+07
1.88732e+07
2.72531e+07
3.96814e+07
5.10762e+07
3.41979e+07
2.28755e+07
1.52325e+07
1.00659e+07
6.58413e+06
4.25342e+06
2.70813e+06
1.69601e+06
1.04269e+06
628090
370124
213351
120975
67817.9
32303.4
11882.3
3543.18
762.431
127.627
17.3735
1.96351
0.188264
0.0158454
0.00123101
9.41733e-05
7.64664e-06
7.09113e-07
7.9143e-08
1.05275e-08
2.04211e-09
6.21835e-10
2.20734e-10
-1.20709e-11
8.71309e-12
4.64705e-07
-1.99164e-14
4.5897e-07
0
0
-4.41076e-07
-4.32198e-07
-1.82697e-17
-1.64352e-16
9.34171e-10
3.91223e-07
4.29813e-07
4.80257e-07
2.89764e-06
2.16288e-05
0.000129096
0.000671095
0.00306343
0.0123753
0.0445305
0.143891
0.421072
1.12521
2.7676
6.31177
13.4366
26.8632
50.7147
90.8592
155.173
253.674
398.509
603.857
885.9
1263.11
1757.4
2396.89
3218.74
4274.63
5638.95
7419.93
9774.62
12928.1
17197.3
23017.4
30969.2
41805
56483.1
77578.8
125470
182219
273285
405940
612085
905581
1.3291e+06
1.96003e+06
2.8726e+06
4.17164e+06
6.06986e+06
8.80509e+06
1.27439e+07
1.83764e+07
2.65531e+07
3.86974e+07
5.16239e+07
3.46823e+07
2.32005e+07
1.54516e+07
1.02135e+07
6.6831e+06
4.31925e+06
2.75146e+06
1.72417e+06
1.06071e+06
639403
377085
217552
123481
69255
32968.6
12112.6
3603.64
773.37
129.042
17.4953
1.96751
0.187552
0.0156831
0.00121008
9.19879e-05
7.42328e-06
6.86075e-07
7.73797e-08
1.05544e-08
1.95706e-09
4.3503e-10
2.30163e-10
-1.66875e-12
7.05067e-13
-5.00499e-15
-4.62416e-07
4.59147e-07
4.54704e-07
0
4.41705e-07
-2.34385e-18
-9.95294e-11
4.11316e-07
4.6852e-10
6.70919e-09
5.92164e-08
8.43067e-07
3.26497e-06
2.21201e-05
0.000130268
0.000677956
0.00310583
0.0125805
0.0453876
0.147018
0.431149
1.15425
2.84325
6.49153
13.8296
27.659
52.217
93.5153
159.589
260.598
408.767
618.221
904.883
1286.68
1784.53
2424.97
3243.33
4288.56
5631.39
7375.19
9670.54
12734.3
16873.3
22511.4
30218.6
40737.6
55006.6
74197.1
119213
175642
256825
390487
584876
859776
1.27788e+06
1.88775e+06
2.76775e+06
4.02414e+06
5.86202e+06
8.51076e+06
1.23456e+07
1.78244e+07
2.57693e+07
3.75846e+07
5.17723e+07
3.53393e+07
2.36414e+07
1.57485e+07
1.04132e+07
6.81683e+06
4.40821e+06
2.81014e+06
1.76267e+06
1.08546e+06
654986
386687
223345
126930
71251.3
33926.3
12459.1
3700.56
792.031
131.655
17.7565
1.98488
0.187904
0.0155929
0.0011936
9.00464e-05
7.21264e-06
6.6357e-07
7.41847e-08
9.70236e-09
1.96323e-09
2.36842e-10
2.21492e-10
-2.76642e-12
-4.67673e-13
-4.64751e-07
-3.3929e-12
0
1.32739e-11
0
4.42324e-07
-2.34816e-18
-4.23817e-07
-1.78641e-16
4.01221e-07
3.94257e-07
5.94655e-08
4.84056e-07
3.2659e-06
2.21552e-05
0.000130758
0.000682837
0.0031361
0.012742
0.0461089
0.149771
0.440311
1.1813
2.915
6.66451
14.2121
28.4411
53.7047
96.1627
164.015
267.571
419.14
632.802
924.219
1310.77
1812.33
2453.93
3268.85
4303.27
5624.14
7329.67
9563.62
12533.9
16536.1
21981
29424.6
39597
53420.3
72060.5
112175
168429
239151
373420
553067
820386
1.22503e+06
1.80983e+06
2.65595e+06
3.86637e+06
5.63826e+06
8.205e+06
1.19323e+07
1.72537e+07
2.49843e+07
3.6325e+07
5.11145e+07
3.6249e+07
2.42397e+07
1.61458e+07
1.0678e+07
6.99337e+06
4.52589e+06
2.88728e+06
1.81171e+06
1.11615e+06
673868
398087
230096
130870
73519.2
35036.8
12876.6
3824.56
817.365
135.481
18.198
2.0205
0.189763
0.0156083
0.00118378
8.85126e-05
7.04069e-06
6.41224e-07
7.13359e-08
9.55124e-09
1.97119e-09
4.37895e-10
2.3088e-10
5.26762e-12
-9.65198e-12
-3.93157e-20
-1.99284e-14
6.74221e-12
-4.55359e-07
2.64025e-11
-4.42974e-07
-7.6575e-11
-2.75939e-17
-4.13824e-07
7.54785e-10
3.9554e-07
5.9375e-08
8.45782e-07
3.25171e-06
2.20899e-05
0.000131038
0.000684797
0.00315636
0.0128674
0.0467135
0.152187
0.448613
1.20635
2.98254
6.82934
14.58
29.1987
55.1541
98.754
168.363
274.443
429.39
647.243
943.41
1334.72
1840.12
2482.93
3294.5
4318.25
5617.29
7284.68
9457.21
12333.6
16197.5
21445.5
28617.7
38428.1
51792.8
69858.7
104372
160502
229722
354663
515421
784405
1.16931e+06
1.72771e+06
2.53548e+06
3.69403e+06
5.4066e+06
7.88921e+06
1.14848e+07
1.66312e+07
2.41136e+07
3.50824e+07
5.02816e+07
3.73246e+07
2.4954e+07
1.66245e+07
1.10011e+07
7.2091e+06
4.66639e+06
2.97887e+06
1.87122e+06
1.15443e+06
698098
413122
239224
136303
76717.5
36618.7
13473.6
4002.72
853.597
140.909
18.8336
2.0805
0.193766
0.0157692
0.00118301
8.75357e-05
6.90089e-06
6.2517e-07
6.87972e-08
9.60452e-09
1.69599e-09
2.4706e-10
-1.08432e-11
-3.81849e-12
-1.6347e-12
-4.64802e-07
1.56563e-19
0
-6.16756e-19
-4.50374e-07
1.52893e-13
-1.27835e-10
-4.25803e-07
-1.79706e-16
7.57462e-10
6.51365e-09
4.36677e-07
4.80079e-07
3.23111e-06
2.23253e-05
0.00013074
0.000685814
0.00317168
0.0129734
0.0472509
0.154399
0.456345
1.22996
3.04667
6.98667
14.9324
29.9262
56.5483
101.249
172.552
281.066
439.27
661.161
961.904
1357.79
1866.89
2510.93
3319.3
4332.81
5610.88
7241.58
9354.97
12140.7
15870.9
20927.8
27835
37289.4
50205
67708.3
96109.3
152303
220077
334270
492854
747183
1.11128e+06
1.63934e+06
2.40762e+06
3.53168e+06
5.17752e+06
7.56165e+06
1.10178e+07
1.59845e+07
2.32212e+07
3.38062e+07
4.89702e+07
3.85267e+07
2.57564e+07
1.71654e+07
1.13601e+07
7.44856e+06
4.82672e+06
3.08334e+06
1.93833e+06
1.1968e+06
724392
429139
248801
141950
80103.2
38474.6
14242.8
4249.17
905.051
148.802
19.7585
2.16375
0.199879
0.0161159
0.00119455
8.73611e-05
6.81557e-06
6.12001e-07
6.76014e-08
9.61833e-09
1.4142e-09
4.37789e-10
2.41614e-10
-4.03064e-11
-2.00327e-11
-5.00608e-15
4.62807e-07
0
4.56022e-07
0
3.92982e-11
4.36294e-07
-2.31096e-17
-1.89263e-16
6.64959e-10
6.81661e-09
5.84893e-08
4.7834e-07
3.21422e-06
2.19082e-05
0.00013061
0.000687596
0.00318924
0.0130868
0.0478064
0.156635
0.464042
1.25319
3.10922
7.13894
15.2713
30.6216
57.8739
103.61
176.5
287.283
448.514
674.141
979.09
1379.14
1891.57
2536.75
3342.11
4346.13
5604.84
7201.71
9260.55
11962.7
15569.3
20449.3
27111.7
36239.5
48711
65660.7
88491.3
144255
210884
313398
470979
709906
1.05113e+06
1.55359e+06
2.30065e+06
3.37678e+06
4.95383e+06
7.24108e+06
1.05588e+07
1.53544e+07
2.2343e+07
3.25464e+07
4.74383e+07
3.98089e+07
2.66092e+07
1.77336e+07
1.1744e+07
7.70363e+06
4.99532e+06
3.19555e+06
2.01229e+06
1.24479e+06
754912
448098
260265
148686
84029.2
40501.9
15081.3
4534.98
972.092
159.708
21.0698
2.28782
0.209026
0.016666
0.00122178
8.81714e-05
6.80106e-06
6.06915e-07
6.59759e-08
8.9124e-09
1.41716e-09
4.48427e-10
1.60379e-10
-2.59623e-12
7.3977e-13
5.00633e-15
0
0
6.17617e-19
0
-4.4493e-07
4.37104e-07
-2.94937e-13
9.7978e-11
6.6721e-10
6.56559e-09
5.96398e-08
4.81498e-07
3.22249e-06
2.19816e-05
0.000131256
0.00069252
0.00321908
0.0132404
0.0484705
0.159118
0.472178
1.27687
3.17123
7.28655
15.5938
31.2731
59.0995
105.769
180.075
292.871
456.773
685.696
994.373
1397.37
1912.73
2558.94
3361.64
4357.41
5599.35
7166.94
9178.51
11807.9
15306.2
20029.1
26469.1
35290.1
47358.6
63780.8
85934.3
136844
202751
293475
451446
675257
993520
1.48894e+06
2.20395e+06
3.23679e+06
4.75104e+06
6.94872e+06
1.0136e+07
1.47871e+07
2.15333e+07
3.14052e+07
4.59155e+07
4.1065e+07
2.7453e+07
1.83017e+07
1.21241e+07
7.96263e+06
5.17082e+06
3.3127e+06
2.08941e+06
1.2948e+06
786795
468040
272478
156008
88438.3
43369.5
16107.5
4875.85
1047.08
172.363
22.7919
2.46225
0.222429
0.0174964
0.001266
9.04495e-05
6.89766e-06
6.10528e-07
6.60002e-08
8.91893e-09
1.70637e-09
2.88171e-10
1.68272e-10
4.18888e-11
1.79548e-11
-5.00654e-15
1.99445e-14
4.60281e-07
4.56589e-07
4.51687e-07
-2.62974e-11
4.37826e-07
-2.78554e-17
9.82321e-11
4.07807e-07
6.7743e-09
4.43221e-07
4.86547e-07
3.26246e-06
2.19066e-05
0.00013334
0.000702279
0.00326747
0.0134549
0.0493051
0.161982
0.480941
1.30099
3.23153
7.42466
15.8858
31.847
60.1539
107.589
183.04
297.443
463.466
695.018
1005.61
1411.78
1929.22
2576.05
3376.29
4365.61
5594.59
7139.69
9115.05
11688.7
15103.9
19705.9
25974.3
34557.3
46306.3
62309.3
83926.1
130818
196179
278695
435679
646212
960565
1.43771e+06
2.12745e+06
3.12562e+06
4.58903e+06
6.71297e+06
9.81352e+06
1.43298e+07
2.08778e+07
3.04792e+07
4.46369e+07
4.21009e+07
2.81361e+07
1.87639e+07
1.24439e+07
8.18096e+06
5.3188e+06
3.41216e+06
2.15551e+06
1.33812e+06
814718
485696
283401
162602
92412.5
46088.4
17162.9
5263.19
1137.67
187.107
24.6319
2.65707
0.239443
0.0186509
0.00132849
9.34743e-05
7.04923e-06
6.16741e-07
6.67097e-08
8.92982e-09
1.60432e-09
1.06972e-10
1.5798e-10
3.38846e-11
-2.34174e-12
6.39962e-13
0
0
-7.86995e-14
1.99073e-11
4.45772e-07
-2.3725e-18
-2.78899e-17
4.93163e-11
6.7057e-10
4.03589e-07
6.27401e-08
5.051e-07
3.0214e-06
2.29452e-05
0.000136321
0.000718289
0.00333572
0.0137137
0.0501873
0.164698
0.488534
1.3204
3.27719
7.52412
16.0875
32.23
60.8377
108.741
184.877
300.219
467.444
700.404
1012.46
1420.35
1938.91
2586.03
3384.98
4370.56
5592.16
7124.51
9079.39
11621.6
14989.7
19523.2
25693.8
34141.1
45706.8
61467.9
82772.3
127251
192286
273830
426345
628431
941539
1.40812e+06
2.08314e+06
3.06083e+06
4.49389e+06
6.57507e+06
9.62623e+06
1.40608e+07
2.04892e+07
2.99262e+07
4.38543e+07
4.27384e+07
2.85715e+07
1.90625e+07
1.26469e+07
8.31928e+06
5.41276e+06
3.47559e+06
2.19793e+06
1.36615e+06
832974
497379
290726
167085
95163.5
48044.4
17980.4
5589.78
1220.91
201.994
26.6191
2.85822
0.256351
0.0199007
0.00141414
9.86873e-05
7.37496e-06
6.4036e-07
6.82236e-08
1.0171e-08
1.60876e-09
4.29708e-10
2.31239e-10
5.2608e-12
1.48538e-11
)
;

boundaryField
{
    fuel
    {
        type            calculated;
        value           uniform 0;
    }
    air
    {
        type            calculated;
        value           uniform 0;
    }
    outlet
    {
        type            calculated;
        value           uniform 0;
    }
    frontAndBack
    {
        type            empty;
    }
}


// ************************************************************************* //
