/*--------------------------------*- C++ -*----------------------------------*\
  =========                 |
  \\      /  F ield         | OpenFOAM: The Open Source CFD Toolbox
   \\    /   O peration     | Website:  https://openfoam.org
    \\  /    A nd           | Version:  11
     \\/     M anipulation  |
\*---------------------------------------------------------------------------*/
FoamFile
{
    format      ascii;
    class       volScalarField;
    location    "0.1";
    object      rho;
}
// * * * * * * * * * * * * * * * * * * * * * * * * * * * * * * * * * * * * * //

dimensions      [1 -3 0 0 0 0 0];

internalField   nonuniform List<scalar> 
4000
(
0.657667
0.655095
0.651437
0.64642
0.639778
0.631289
0.620828
0.608409
0.594206
0.578547
0.561868
0.544649
0.527351
0.510362
0.493978
0.478388
0.463696
0.449934
0.437082
0.42509
0.413887
0.403396
0.393538
0.384239
0.37543
0.367051
0.359048
0.351377
0.343999
0.336882
0.329999
0.32333
0.316856
0.310584
0.304461
0.298499
0.29269
0.287024
0.281484
0.27607
0.270777
0.265606
0.260553
0.255619
0.250801
0.2461
0.241514
0.237043
0.232687
0.228445
0.224317
0.220305
0.21641
0.212636
0.208988
0.205474
0.202106
0.198909
0.195917
0.193122
0.190604
0.188441
0.186751
0.185711
0.18557
0.186758
0.189992
0.195426
0.202617
0.211326
0.221435
0.232907
0.245761
0.260062
0.275914
0.293458
0.312869
0.334358
0.358169
0.3846
0.413962
0.446755
0.483256
0.523773
0.568517
0.617534
0.670617
0.727174
0.786157
0.846096
0.905105
0.961095
1.01203
1.05637
1.09327
1.12266
1.14511
1.1616
1.17327
1.18123
0.657655
0.655046
0.651334
0.646241
0.639495
0.630875
0.620255
0.607657
0.593264
0.577417
0.560565
0.543198
0.525782
0.508708
0.492269
0.476654
0.46196
0.448215
0.435395
0.423445
0.412293
0.401857
0.392057
0.382817
0.374068
0.365748
0.357803
0.350187
0.342862
0.335796
0.328962
0.322338
0.315906
0.309673
0.303593
0.297667
0.291892
0.286257
0.280747
0.275361
0.270095
0.264948
0.259919
0.255007
0.25021
0.245528
0.240961
0.236507
0.232168
0.227941
0.223829
0.219831
0.215949
0.212188
0.208553
0.205052
0.201697
0.198513
0.195537
0.192758
0.190258
0.188118
0.186457
0.185455
0.185365
0.186627
0.189972
0.195493
0.202759
0.211535
0.221709
0.233247
0.246169
0.260542
0.276473
0.294103
0.313609
0.335201
0.359125
0.385674
0.415164
0.448091
0.484723
0.525355
0.57018
0.619225
0.672232
0.7286
0.787446
0.847251
0.906095
0.961857
1.0126
1.05678
1.09355
1.12285
1.14523
1.16167
1.1733
1.18123
0.657628
0.654939
0.651116
0.645875
0.638945
0.630105
0.61924
0.606384
0.591736
0.575653
0.558595
0.541057
0.523509
0.50634
0.489839
0.47419
0.459485
0.445749
0.432953
0.42104
0.409934
0.399552
0.389811
0.380635
0.371951
0.363699
0.355822
0.348274
0.341017
0.334017
0.327248
0.320688
0.31432
0.308128
0.302114
0.296243
0.29052
0.284932
0.279469
0.274126
0.268902
0.263795
0.258804
0.253928
0.249165
0.244516
0.239979
0.235556
0.231245
0.227046
0.22296
0.218986
0.215129
0.21139
0.207775
0.204299
0.200968
0.197809
0.19486
0.19211
0.189644
0.187543
0.185935
0.184998
0.184995
0.186381
0.18991
0.195574
0.20296
0.211846
0.222122
0.23376
0.246783
0.261259
0.277298
0.29504
0.314664
0.336377
0.360425
0.387093
0.416699
0.449731
0.486445
0.527121
0.571933
0.620862
0.673702
0.729981
0.788582
0.848046
0.906515
0.961971
1.01247
1.05651
1.09323
1.12255
1.145
1.16152
1.17323
1.18121
0.657595
0.654811
0.650858
0.645449
0.638312
0.629232
0.618103
0.604972
0.590054
0.573719
0.556438
0.538713
0.521015
0.503732
0.487149
0.471445
0.45671
0.442963
0.430173
0.418279
0.407202
0.396859
0.387165
0.378041
0.369414
0.361222
0.353409
0.345927
0.338736
0.331804
0.325102
0.318609
0.312307
0.306181
0.30022
0.294413
0.288752
0.283221
0.277812
0.272521
0.267348
0.26229
0.257347
0.252516
0.247797
0.243189
0.238693
0.234308
0.230033
0.225869
0.221816
0.217876
0.21405
0.210342
0.206758
0.203312
0.200013
0.196887
0.193976
0.191264
0.188842
0.186794
0.185253
0.184398
0.184502
0.186041
0.189791
0.195624
0.203149
0.212159
0.222552
0.234299
0.247428
0.262011
0.278156
0.296006
0.315737
0.337557
0.361709
0.38847
0.418158
0.451258
0.488004
0.528649
0.573372
0.622259
0.675053
0.731105
0.789426
0.848576
0.906766
0.96198
1.01229
1.05621
1.0929
1.12225
1.14477
1.16137
1.17315
1.18119
0.65756
0.654672
0.650577
0.644988
0.637632
0.628299
0.616895
0.603479
0.588285
0.571694
0.554188
0.536275
0.518426
0.501027
0.484359
0.468596
0.453823
0.440055
0.427259
0.415372
0.404312
0.393995
0.384334
0.37525
0.366669
0.358527
0.350768
0.343343
0.336212
0.329342
0.322703
0.316274
0.310037
0.303975
0.298077
0.292333
0.286733
0.281261
0.275909
0.270676
0.265558
0.260553
0.255662
0.250881
0.246212
0.241652
0.237202
0.23286
0.228627
0.224503
0.22049
0.216589
0.212803
0.209135
0.205594
0.202175
0.198913
0.195825
0.192958
0.190291
0.18792
0.185932
0.184467
0.183703
0.183923
0.185625
0.189604
0.195612
0.203278
0.212408
0.222911
0.234764
0.247996
0.262678
0.278919
0.296863
0.316684
0.33859
0.362821
0.389642
0.41937
0.452491
0.48923
0.529897
0.574653
0.623452
0.676053
0.731874
0.789924
0.848803
0.906725
0.961704
1.01186
1.05571
1.09242
1.12184
1.14445
1.16115
1.17303
1.18116
0.657523
0.654531
0.650294
0.644524
0.636949
0.627365
0.615688
0.601993
0.586525
0.569682
0.551954
0.533855
0.515855
0.49834
0.481583
0.465757
0.450941
0.437146
0.424337
0.412447
0.401395
0.391092
0.381454
0.372399
0.363853
0.355752
0.348037
0.340661
0.333582
0.326766
0.320185
0.313815
0.307638
0.301637
0.295801
0.290119
0.284579
0.279165
0.273872
0.268695
0.263633
0.258684
0.253846
0.249118
0.244499
0.239989
0.235587
0.231293
0.227107
0.223029
0.219059
0.215201
0.211456
0.207829
0.204326
0.200955
0.197733
0.194688
0.19187
0.189253
0.186938
0.185012
0.183627
0.182955
0.183293
0.185159
0.189358
0.19553
0.203329
0.21257
0.223169
0.235109
0.248422
0.263185
0.279505
0.297523
0.317414
0.339381
0.363666
0.390531
0.420305
0.45348
0.490278
0.530933
0.575604
0.624286
0.676728
0.732348
0.79018
0.848826
0.906513
0.961296
1.01132
1.05514
1.09185
1.12133
1.14406
1.1609
1.17291
1.18113
0.657488
0.654392
0.650017
0.644069
0.636281
0.626453
0.614512
0.600546
0.584815
0.567729
0.549787
0.531508
0.513364
0.495735
0.478892
0.463003
0.448141
0.434317
0.421489
0.40959
0.398538
0.388243
0.378619
0.369585
0.361065
0.352994
0.345316
0.33798
0.330945
0.324177
0.317647
0.31133
0.305208
0.299264
0.293486
0.287863
0.28238
0.277023
0.271785
0.266665
0.261658
0.256764
0.25198
0.247305
0.242739
0.23828
0.233927
0.229682
0.225544
0.221512
0.217589
0.213777
0.210077
0.206495
0.203037
0.199715
0.196532
0.19353
0.190762
0.188197
0.185939
0.184078
0.182772
0.18219
0.182644
0.184671
0.189065
0.195383
0.2033
0.21264
0.223325
0.235343
0.248729
0.263556
0.279937
0.298015
0.317963
0.339988
0.364331
0.391256
0.421064
0.454254
0.491032
0.531647
0.576252
0.624833
0.677137
0.732596
0.790241
0.848677
0.906167
0.960791
1.01072
1.05448
1.09124
1.12083
1.14369
1.16066
1.17278
1.1811
0.657454
0.65426
0.649752
0.643636
0.635644
0.625585
0.613394
0.59917
0.58319
0.565874
0.54773
0.529282
0.510999
0.493262
0.476336
0.460384
0.445477
0.43162
0.418771
0.40686
0.395802
0.385509
0.375893
0.366872
0.358372
0.350325
0.342675
0.335372
0.328375
0.321648
0.315161
0.308892
0.302819
0.296927
0.291203
0.285635
0.280205
0.2749
0.269716
0.26465
0.259697
0.254856
0.250125
0.245502
0.240986
0.236576
0.232271
0.228078
0.223989
0.220005
0.216128
0.212361
0.208706
0.205169
0.201756
0.198478
0.19535
0.192388
0.189669
0.187157
0.184956
0.183159
0.181926
0.18143
0.181998
0.184172
0.188735
0.195178
0.203193
0.212616
0.223374
0.235456
0.2489
0.263784
0.28022
0.298351
0.31835
0.340419
0.3648
0.391745
0.421564
0.454759
0.491524
0.532107
0.576654
0.625152
0.677352
0.732676
0.790155
0.848418
0.905748
0.960249
1.0101
1.05385
1.09065
1.12034
1.14332
1.16042
1.17266
1.18107
0.657422
0.654135
0.649503
0.64323
0.635049
0.624774
0.612349
0.597886
0.581673
0.564143
0.545811
0.527204
0.508792
0.490953
0.473948
0.457936
0.442984
0.429094
0.416222
0.404295
0.393229
0.382934
0.373321
0.364308
0.355821
0.347792
0.340165
0.332889
0.325923
0.319231
0.312782
0.306554
0.300526
0.294681
0.289006
0.283487
0.278105
0.27285
0.267716
0.2627
0.257798
0.253007
0.248327
0.243755
0.23929
0.234931
0.23068
0.226529
0.222484
0.218545
0.214714
0.210991
0.20738
0.203886
0.200516
0.19728
0.194192
0.191274
0.188598
0.186169
0.184017
0.182279
0.181114
0.180701
0.181374
0.183689
0.188384
0.194927
0.203021
0.212511
0.223327
0.235462
0.248955
0.263884
0.28036
0.298528
0.31856
0.34066
0.365067
0.392029
0.421855
0.455055
0.491812
0.532373
0.57688
0.625316
0.677421
0.732623
0.789964
0.848086
0.905285
0.95969
1.00948
1.05323
1.0901
1.11988
1.14298
1.1602
1.17254
1.18104
0.657392
0.654021
0.649275
0.642857
0.634502
0.624029
0.611389
0.596706
0.58028
0.562554
0.544048
0.525295
0.506764
0.488829
0.471751
0.455682
0.440686
0.426764
0.413867
0.401924
0.390847
0.380546
0.370933
0.361924
0.353446
0.345431
0.337821
0.330567
0.323626
0.316963
0.310548
0.304356
0.298367
0.292563
0.286932
0.281457
0.276119
0.270909
0.265821
0.260852
0.255997
0.251254
0.246621
0.242095
0.237677
0.233364
0.229156
0.225053
0.221054
0.21716
0.213372
0.209693
0.206125
0.202673
0.199346
0.196153
0.193111
0.190244
0.187603
0.185226
0.183128
0.181449
0.180349
0.180011
0.180782
0.183227
0.188023
0.194643
0.202799
0.212341
0.223202
0.235378
0.24891
0.263875
0.280385
0.298585
0.318647
0.340774
0.365204
0.392183
0.422016
0.455218
0.491968
0.532506
0.576974
0.625349
0.677375
0.732478
0.789709
0.847715
0.90481
0.959127
1.00888
1.05265
1.08957
1.11945
1.14266
1.15999
1.17243
1.18101
0.657366
0.653918
0.649069
0.64252
0.634008
0.623355
0.610521
0.59564
0.579021
0.561115
0.542453
0.523566
0.504926
0.486904
0.469757
0.453635
0.438598
0.424644
0.411723
0.399762
0.388673
0.378364
0.368748
0.359741
0.351268
0.343262
0.335666
0.328429
0.32151
0.314871
0.308484
0.302324
0.296369
0.290602
0.28501
0.279573
0.274275
0.269105
0.264059
0.259132
0.254321
0.249621
0.245032
0.24055
0.236175
0.231905
0.22774
0.223679
0.219723
0.21587
0.212124
0.208485
0.204957
0.201546
0.198258
0.195105
0.192104
0.189276
0.186677
0.184349
0.1823
0.180676
0.179636
0.179367
0.180222
0.182781
0.187658
0.194338
0.202543
0.212126
0.223023
0.235231
0.248791
0.263784
0.280321
0.298545
0.31863
0.340777
0.365226
0.392217
0.422053
0.455259
0.492002
0.532523
0.57696
0.625288
0.677251
0.732276
0.789415
0.847328
0.904343
0.958595
1.00832
1.05211
1.08909
1.11905
1.14236
1.1598
1.17233
1.18098
0.657342
0.653826
0.648885
0.64222
0.633568
0.622755
0.609748
0.59469
0.577898
0.559833
0.54103
0.522023
0.503285
0.485183
0.467974
0.451802
0.436727
0.422742
0.409798
0.397819
0.386717
0.376399
0.366778
0.35777
0.3493
0.341301
0.333715
0.326492
0.31959
0.312972
0.306609
0.300475
0.29455
0.288815
0.283257
0.277854
0.27259
0.267457
0.262449
0.25756
0.252787
0.248128
0.243578
0.239136
0.234801
0.230571
0.226446
0.222424
0.218505
0.214691
0.210982
0.20738
0.20389
0.200515
0.197265
0.194149
0.191185
0.188397
0.185836
0.183546
0.181541
0.179968
0.178979
0.17877
0.1797
0.182353
0.187296
0.194026
0.202269
0.211884
0.222809
0.235042
0.248625
0.263639
0.280196
0.298439
0.318543
0.340707
0.36517
0.392172
0.42201
0.455217
0.491956
0.532464
0.576876
0.625168
0.67708
0.732041
0.789107
0.846944
0.903886
0.958096
1.00781
1.05162
1.08865
1.1187
1.1421
1.15963
1.17225
1.18096
0.657322
0.653746
0.648725
0.641958
0.633182
0.622229
0.609071
0.593856
0.576913
0.558707
0.539779
0.520666
0.50184
0.483668
0.466401
0.450185
0.435074
0.421061
0.408095
0.396099
0.384983
0.374657
0.36503
0.356019
0.34755
0.339555
0.331977
0.324765
0.317877
0.311276
0.304933
0.298822
0.292921
0.287215
0.281685
0.276312
0.271079
0.265977
0.261002
0.256147
0.251409
0.246784
0.24227
0.237864
0.233564
0.229369
0.225279
0.221292
0.217409
0.213629
0.209955
0.206387
0.202931
0.19959
0.196373
0.193291
0.190361
0.187606
0.185075
0.182826
0.18086
0.17933
0.178387
0.178229
0.17922
0.181952
0.186948
0.193718
0.201992
0.211632
0.222578
0.234831
0.248432
0.263463
0.280036
0.298294
0.318412
0.34059
0.365065
0.392077
0.421914
0.455124
0.49186
0.532358
0.576751
0.625013
0.676884
0.731793
0.788801
0.846581
0.903467
0.957642
1.00735
1.05118
1.08826
1.11838
1.14187
1.15948
1.17217
1.18094
0.657304
0.653677
0.648587
0.641732
0.632851
0.621777
0.608487
0.593138
0.576063
0.557735
0.538699
0.519493
0.50059
0.482355
0.465039
0.448782
0.433639
0.419601
0.406614
0.394601
0.383473
0.373137
0.363504
0.35449
0.346021
0.338029
0.330456
0.323252
0.316375
0.309789
0.303462
0.29737
0.291491
0.285808
0.280304
0.274955
0.269748
0.264674
0.259727
0.254902
0.250194
0.245599
0.241116
0.236741
0.232472
0.228308
0.224248
0.220294
0.216442
0.212693
0.209049
0.205512
0.202085
0.198774
0.195587
0.192535
0.189635
0.186911
0.184408
0.182192
0.180259
0.178767
0.177862
0.177747
0.17879
0.181586
0.186625
0.193427
0.201726
0.211385
0.222349
0.234616
0.248231
0.263275
0.27986
0.298131
0.31826
0.340449
0.364934
0.391954
0.421791
0.455003
0.491737
0.532227
0.576605
0.624843
0.676681
0.73155
0.78851
0.846239
0.903087
0.957237
1.00694
1.05079
1.08792
1.1181
1.14167
1.15935
1.1721
1.18092
0.657289
0.653619
0.64847
0.641542
0.632571
0.621395
0.607994
0.592531
0.575344
0.556913
0.537784
0.5185
0.49953
0.481242
0.463882
0.44759
0.432419
0.418358
0.405352
0.393325
0.382185
0.37184
0.362201
0.353183
0.344713
0.336722
0.329153
0.321956
0.315088
0.308513
0.3022
0.296124
0.290263
0.284599
0.279115
0.273788
0.268603
0.263552
0.258629
0.253829
0.249147
0.244579
0.240122
0.235774
0.231532
0.227396
0.223364
0.219435
0.215609
0.211887
0.208269
0.204758
0.201357
0.198072
0.19491
0.191884
0.189009
0.186311
0.183832
0.181643
0.179739
0.17828
0.177407
0.177328
0.178413
0.181261
0.186336
0.193162
0.20148
0.211155
0.222132
0.234411
0.248037
0.26309
0.279686
0.297966
0.318105
0.340303
0.364796
0.391823
0.421659
0.454873
0.491606
0.53209
0.576457
0.624677
0.676489
0.731325
0.788249
0.84594
0.902756
0.956887
1.00659
1.05046
1.08764
1.11787
1.14149
1.15924
1.17204
1.18091
0.657277
0.653571
0.648375
0.641385
0.632342
0.621082
0.60759
0.592032
0.574753
0.556236
0.537031
0.51768
0.498656
0.480322
0.462925
0.446604
0.431409
0.417328
0.404307
0.392266
0.381116
0.370763
0.361118
0.352097
0.343625
0.335635
0.328069
0.320877
0.314016
0.307449
0.301147
0.295084
0.289237
0.28359
0.278123
0.272812
0.267645
0.262614
0.257711
0.252932
0.248271
0.243725
0.23929
0.234965
0.230746
0.226633
0.222625
0.218717
0.214913
0.211212
0.207616
0.204127
0.200748
0.197484
0.194344
0.191339
0.188486
0.18581
0.183351
0.181184
0.179305
0.177872
0.177026
0.176976
0.178095
0.180983
0.186085
0.192931
0.201264
0.210951
0.221938
0.234226
0.24786
0.262921
0.279524
0.297812
0.317958
0.340164
0.364664
0.391697
0.421533
0.454749
0.491482
0.531962
0.57632
0.624526
0.676318
0.731129
0.788023
0.845686
0.902478
0.956595
1.0063
1.05019
1.0874
1.11768
1.14135
1.15915
1.172
1.1809
0.657267
0.653533
0.6483
0.641262
0.632161
0.620834
0.607269
0.591637
0.574285
0.555699
0.536433
0.517029
0.497961
0.479591
0.462165
0.445819
0.430605
0.416508
0.403473
0.391422
0.380263
0.369903
0.360253
0.351229
0.342756
0.334766
0.327202
0.320013
0.313157
0.306598
0.300304
0.29425
0.288415
0.28278
0.277327
0.27203
0.266877
0.261861
0.256974
0.252211
0.247567
0.243039
0.238622
0.234314
0.230113
0.226018
0.222026
0.218138
0.214352
0.21067
0.207092
0.20362
0.200259
0.197012
0.19389
0.190902
0.188067
0.185407
0.182965
0.180817
0.178956
0.177544
0.176719
0.176692
0.177837
0.180757
0.18588
0.192741
0.201085
0.210781
0.221775
0.23407
0.24771
0.262777
0.279386
0.29768
0.317832
0.340043
0.364549
0.391588
0.421423
0.454642
0.491374
0.531852
0.576204
0.6244
0.676177
0.730969
0.787841
0.845482
0.902256
0.956362
1.00607
1.04997
1.08721
1.11753
1.14124
1.15907
1.17196
1.18089
0.65726
0.653505
0.648244
0.641171
0.632026
0.620649
0.60703
0.591342
0.573935
0.555298
0.535986
0.516543
0.497441
0.479044
0.461595
0.445231
0.430002
0.415892
0.402848
0.390788
0.379622
0.369258
0.359604
0.350577
0.342102
0.334112
0.326549
0.319363
0.312511
0.305956
0.299669
0.293623
0.287796
0.282171
0.276727
0.27144
0.266298
0.261293
0.256418
0.251668
0.247037
0.242521
0.238117
0.233823
0.229636
0.225554
0.221576
0.217702
0.21393
0.210261
0.206696
0.203238
0.19989
0.196657
0.193547
0.190573
0.187751
0.185105
0.182674
0.18054
0.178693
0.177297
0.176488
0.176477
0.177642
0.180585
0.185724
0.192596
0.200948
0.210651
0.22165
0.233949
0.247594
0.262666
0.279279
0.297578
0.317734
0.33995
0.36446
0.391503
0.421339
0.454559
0.491292
0.531768
0.576116
0.624305
0.676072
0.73085
0.787707
0.845331
0.902092
0.956191
1.0059
1.04981
1.08707
1.11741
1.14116
1.15902
1.17193
1.18088
0.657255
0.653487
0.648207
0.64111
0.631936
0.620526
0.606872
0.591146
0.573702
0.555031
0.535688
0.516218
0.497094
0.478678
0.461214
0.444837
0.429598
0.41548
0.402428
0.390363
0.379193
0.368824
0.359167
0.350138
0.341663
0.333673
0.32611
0.318926
0.312076
0.305525
0.299242
0.2932
0.287379
0.28176
0.276322
0.271042
0.265908
0.260911
0.256044
0.251302
0.246679
0.242172
0.237778
0.233493
0.229315
0.225242
0.221274
0.217408
0.213645
0.209986
0.20643
0.202981
0.199642
0.196418
0.193317
0.190352
0.187538
0.184901
0.182479
0.180354
0.178517
0.177131
0.176333
0.176334
0.177511
0.18047
0.18562
0.192499
0.200857
0.210564
0.221567
0.23387
0.247518
0.262593
0.279209
0.29751
0.31767
0.33989
0.364403
0.391448
0.421285
0.454507
0.49124
0.531716
0.576062
0.624247
0.676008
0.730777
0.787624
0.845238
0.901989
0.956082
1.00579
1.04971
1.08698
1.11734
1.1411
1.15899
1.17192
1.18088
0.657253
0.653477
0.648188
0.641079
0.631891
0.620464
0.606791
0.591047
0.573585
0.554896
0.535537
0.516054
0.496918
0.478493
0.461021
0.444638
0.429393
0.415271
0.402215
0.390147
0.378974
0.368603
0.358944
0.349915
0.341438
0.333448
0.325886
0.318702
0.311853
0.305304
0.299022
0.292983
0.287165
0.281549
0.276115
0.270838
0.265707
0.260714
0.255852
0.251114
0.246496
0.241993
0.237603
0.233323
0.229149
0.225082
0.221118
0.217257
0.213499
0.209845
0.206294
0.20285
0.199515
0.196296
0.1932
0.190239
0.18743
0.184797
0.182379
0.180259
0.178427
0.177047
0.176254
0.176261
0.177446
0.180414
0.185569
0.192452
0.200813
0.210523
0.221528
0.233833
0.247483
0.262559
0.279178
0.297481
0.317643
0.339864
0.36438
0.391427
0.421265
0.454487
0.491222
0.531698
0.576043
0.624227
0.675985
0.73075
0.787591
0.845199
0.901946
0.956035
1.00574
1.04966
1.08694
1.11731
1.14108
1.15897
1.17191
1.18087
0.657252
0.653477
0.648187
0.641077
0.631887
0.62046
0.606785
0.591039
0.573576
0.554886
0.535525
0.516041
0.496905
0.478478
0.461006
0.444622
0.429377
0.415254
0.402199
0.39013
0.378957
0.368586
0.358928
0.349898
0.341422
0.333431
0.32587
0.318686
0.311838
0.305288
0.299007
0.292968
0.28715
0.281535
0.276101
0.270824
0.265694
0.260701
0.255839
0.251101
0.246484
0.241982
0.237592
0.233312
0.229139
0.225072
0.221108
0.217248
0.213491
0.209836
0.206286
0.202842
0.199508
0.196289
0.193193
0.190233
0.187424
0.184792
0.182375
0.180255
0.178423
0.177044
0.176252
0.17626
0.177446
0.180415
0.185572
0.192456
0.200818
0.210528
0.221534
0.23384
0.24749
0.262568
0.279186
0.297491
0.317653
0.339875
0.364392
0.39144
0.421279
0.454502
0.491237
0.531714
0.57606
0.624244
0.676003
0.730767
0.787608
0.845215
0.90196
0.956048
1.00575
1.04967
1.08694
1.11731
1.14108
1.15897
1.17191
1.18087
0.657255
0.653485
0.648203
0.641103
0.631927
0.620513
0.606854
0.591124
0.573676
0.555
0.535653
0.51618
0.497053
0.478634
0.461169
0.444791
0.42955
0.415432
0.40238
0.390314
0.379143
0.368775
0.359118
0.350089
0.341613
0.333624
0.326062
0.318878
0.312029
0.305478
0.299195
0.293155
0.287335
0.281717
0.27628
0.271
0.265867
0.260871
0.256006
0.251265
0.246643
0.242138
0.237744
0.23346
0.229283
0.225212
0.221245
0.217381
0.213619
0.209961
0.206407
0.202959
0.199621
0.196398
0.193298
0.190334
0.187522
0.184886
0.182465
0.180341
0.178506
0.177122
0.176326
0.176329
0.177511
0.180475
0.185628
0.192511
0.200871
0.21058
0.221585
0.23389
0.24754
0.262617
0.279235
0.297539
0.317701
0.339923
0.364439
0.391487
0.421326
0.45455
0.491286
0.531764
0.576112
0.624299
0.67606
0.730829
0.787673
0.845284
0.90203
0.956118
1.00582
1.04973
1.087
1.11735
1.14111
1.15899
1.17192
1.18088
0.657259
0.653502
0.648238
0.64116
0.63201
0.620627
0.607001
0.591305
0.57389
0.555246
0.535927
0.516478
0.497372
0.478971
0.461519
0.445153
0.429922
0.415811
0.402766
0.390706
0.37954
0.369175
0.359521
0.350494
0.342019
0.33403
0.326468
0.319282
0.312431
0.305878
0.299591
0.293546
0.287721
0.282098
0.276655
0.27137
0.26623
0.261227
0.256354
0.251606
0.246976
0.242463
0.238061
0.233769
0.229584
0.225504
0.221529
0.217656
0.213886
0.21022
0.206657
0.203201
0.199855
0.196624
0.193516
0.190544
0.187723
0.185079
0.182651
0.180519
0.178675
0.177282
0.176476
0.17647
0.177641
0.180593
0.185738
0.192615
0.200972
0.210678
0.221681
0.233984
0.247632
0.262707
0.279324
0.297626
0.317786
0.340005
0.364519
0.391566
0.421407
0.454631
0.491368
0.531848
0.5762
0.624391
0.676159
0.730936
0.78779
0.845409
0.902162
0.956251
1.00595
1.04985
1.0871
1.11743
1.14117
1.15903
1.17194
1.18088
0.657266
0.653529
0.648291
0.641247
0.632138
0.620802
0.607228
0.591584
0.574221
0.555625
0.536349
0.516938
0.497863
0.479487
0.462057
0.445708
0.430491
0.416393
0.403357
0.391305
0.380146
0.369786
0.360136
0.351112
0.342639
0.33465
0.327087
0.319899
0.313044
0.306486
0.300194
0.294143
0.28831
0.282677
0.277226
0.271931
0.266781
0.261767
0.256884
0.252123
0.247482
0.242957
0.238543
0.234238
0.23004
0.225948
0.221959
0.218074
0.214291
0.210612
0.207037
0.203568
0.200209
0.196966
0.193846
0.190861
0.188028
0.185372
0.182932
0.180787
0.17893
0.177523
0.176703
0.176681
0.177835
0.180767
0.185899
0.192767
0.201117
0.210818
0.221817
0.234116
0.247761
0.262833
0.279447
0.297746
0.317903
0.34012
0.364631
0.391675
0.421518
0.454742
0.491481
0.531964
0.57632
0.624519
0.676298
0.731088
0.787956
0.845589
0.902352
0.956446
1.00614
1.05003
1.08725
1.11755
1.14126
1.15908
1.17197
1.18089
0.657275
0.653565
0.648363
0.641366
0.632313
0.62104
0.607535
0.591963
0.57467
0.556139
0.536922
0.51756
0.498527
0.480187
0.462784
0.446459
0.431261
0.417178
0.404155
0.392114
0.380963
0.37061
0.360965
0.351945
0.343473
0.335484
0.327919
0.320729
0.313869
0.307305
0.301005
0.294944
0.2891
0.283456
0.277992
0.272684
0.267521
0.262493
0.257594
0.252818
0.248161
0.243618
0.239188
0.234866
0.230651
0.226542
0.222536
0.218634
0.214834
0.211137
0.207545
0.204059
0.200684
0.197424
0.194287
0.191286
0.188437
0.185764
0.183309
0.181147
0.179272
0.177845
0.177005
0.176962
0.178092
0.180996
0.186109
0.192964
0.201304
0.210998
0.221991
0.234285
0.247925
0.262992
0.279601
0.297896
0.318048
0.340261
0.364768
0.391809
0.421653
0.454877
0.491618
0.532105
0.576469
0.624679
0.676473
0.731282
0.788172
0.845823
0.902601
0.956701
1.00639
1.05026
1.08745
1.11771
1.14138
1.15916
1.172
1.1809
0.657287
0.653611
0.648456
0.641517
0.632535
0.621344
0.607927
0.592445
0.575241
0.556793
0.537648
0.51835
0.49937
0.481073
0.463706
0.447409
0.432235
0.418171
0.405164
0.393135
0.381995
0.37165
0.362011
0.352994
0.344524
0.336535
0.328967
0.321772
0.314906
0.308334
0.302023
0.29595
0.290093
0.284433
0.278953
0.27363
0.268449
0.263402
0.258484
0.253689
0.249011
0.244448
0.239996
0.235653
0.231416
0.227286
0.22326
0.219334
0.215512
0.211794
0.208181
0.204675
0.201278
0.197997
0.19484
0.191818
0.188948
0.186255
0.18378
0.181597
0.1797
0.178246
0.177381
0.177311
0.178409
0.181275
0.186363
0.1932
0.201527
0.211211
0.222195
0.234481
0.248114
0.263175
0.279777
0.298065
0.318212
0.340419
0.364921
0.391957
0.421804
0.455028
0.491771
0.532264
0.576638
0.624863
0.676677
0.731511
0.788427
0.846106
0.902905
0.957015
1.0067
1.05054
1.0877
1.11791
1.14152
1.15925
1.17205
1.18091
0.657302
0.653668
0.648569
0.641702
0.632807
0.621715
0.608405
0.593034
0.575938
0.557589
0.538534
0.519313
0.500396
0.482151
0.464827
0.448564
0.433417
0.419375
0.406387
0.394373
0.383244
0.372908
0.363275
0.354262
0.345793
0.337803
0.330232
0.323031
0.316157
0.309573
0.30325
0.297162
0.291287
0.285609
0.280109
0.274766
0.269563
0.264495
0.259553
0.254734
0.250032
0.245443
0.240965
0.236596
0.232334
0.228176
0.224121
0.220173
0.216326
0.212583
0.208945
0.205413
0.201992
0.198686
0.195504
0.192457
0.189562
0.186843
0.184346
0.182135
0.180209
0.178725
0.177829
0.177726
0.178784
0.181601
0.186657
0.193471
0.20178
0.211449
0.222421
0.234697
0.248321
0.263373
0.279967
0.298247
0.318386
0.340585
0.365081
0.392112
0.42196
0.455184
0.49193
0.53243
0.576817
0.625062
0.676902
0.731767
0.788718
0.846433
0.903262
0.957388
1.00707
1.05089
1.088
1.11815
1.1417
1.15937
1.17211
1.18093
0.657319
0.653736
0.648704
0.641923
0.63313
0.622156
0.608973
0.593733
0.576764
0.558534
0.539584
0.520452
0.50161
0.483426
0.46615
0.449926
0.434811
0.420795
0.407826
0.395828
0.384712
0.374386
0.364759
0.35575
0.347282
0.339289
0.331713
0.324504
0.317619
0.311023
0.304684
0.298577
0.292682
0.286981
0.281457
0.27609
0.270863
0.265768
0.260799
0.255951
0.25122
0.246602
0.242094
0.237695
0.233403
0.229215
0.225132
0.221152
0.217275
0.213502
0.209834
0.206273
0.202822
0.199488
0.196277
0.193201
0.190277
0.187529
0.185005
0.182764
0.180803
0.179282
0.178349
0.178204
0.179212
0.181969
0.186983
0.193767
0.202053
0.211703
0.22266
0.234922
0.248533
0.263573
0.280156
0.298425
0.318554
0.340744
0.365231
0.392255
0.422107
0.45533
0.49208
0.53259
0.576993
0.625263
0.677136
0.732043
0.789041
0.846806
0.903669
0.957816
1.00749
1.05129
1.08835
1.11844
1.14191
1.1595
1.17218
1.18094
0.657339
0.653814
0.648861
0.642179
0.633506
0.622669
0.609634
0.594546
0.577724
0.55963
0.540801
0.521772
0.503016
0.4849
0.46768
0.4515
0.436419
0.422431
0.409485
0.397504
0.386402
0.376085
0.366464
0.357458
0.348989
0.340993
0.33341
0.32619
0.319292
0.312679
0.306321
0.300193
0.294273
0.288545
0.282994
0.277599
0.272342
0.267216
0.262215
0.257335
0.25257
0.247918
0.243376
0.238943
0.234616
0.230394
0.226276
0.222262
0.218351
0.214545
0.210844
0.207249
0.203766
0.200399
0.197155
0.194047
0.19109
0.188309
0.185755
0.183473
0.181476
0.179912
0.178935
0.17874
0.179689
0.18237
0.187332
0.194078
0.202335
0.211961
0.222897
0.235141
0.248735
0.26376
0.280328
0.298584
0.318699
0.340877
0.365354
0.39237
0.422224
0.455447
0.492202
0.532724
0.577149
0.625449
0.677365
0.732324
0.789381
0.8472
0.904118
0.958296
1.00798
1.05175
1.08875
1.11876
1.14214
1.15965
1.17226
1.18096
0.657362
0.653904
0.64904
0.642472
0.633936
0.623255
0.610388
0.595473
0.578819
0.56088
0.542188
0.523276
0.504615
0.486577
0.469417
0.453286
0.438244
0.424285
0.411362
0.3994
0.388311
0.378003
0.368388
0.359382
0.350911
0.342909
0.335316
0.328084
0.321169
0.314537
0.308156
0.302002
0.296054
0.290295
0.284711
0.279283
0.273992
0.268832
0.263795
0.258877
0.254075
0.249384
0.244804
0.240332
0.235966
0.231706
0.22755
0.223498
0.21955
0.215706
0.211968
0.208338
0.204818
0.201415
0.198135
0.19499
0.191996
0.189176
0.186586
0.184265
0.182225
0.180613
0.179585
0.179331
0.180208
0.182797
0.187695
0.194393
0.202613
0.212208
0.223117
0.235337
0.24891
0.263914
0.280464
0.298701
0.3188
0.340963
0.365427
0.392434
0.422288
0.455511
0.492273
0.53281
0.577261
0.625601
0.677569
0.732593
0.789723
0.847617
0.904605
0.958822
1.00851
1.05226
1.0892
1.11913
1.14241
1.15983
1.17235
1.18099
0.657388
0.654005
0.649242
0.642802
0.63442
0.623913
0.611236
0.596514
0.580048
0.562283
0.543744
0.524961
0.506407
0.488454
0.471362
0.455283
0.440281
0.426354
0.413455
0.401511
0.390434
0.380134
0.370523
0.361517
0.353041
0.34503
0.337425
0.330176
0.323241
0.316585
0.310177
0.303993
0.298012
0.292218
0.286596
0.28113
0.275802
0.270602
0.265525
0.260566
0.255721
0.250989
0.246367
0.241852
0.237444
0.233142
0.228944
0.224851
0.220862
0.216978
0.2132
0.20953
0.205971
0.202528
0.199209
0.196025
0.192992
0.190133
0.1875
0.185133
0.183045
0.181378
0.180292
0.17997
0.180763
0.18324
0.188059
0.194698
0.20287
0.212426
0.223301
0.23549
0.249034
0.264013
0.280537
0.298751
0.318829
0.340972
0.36542
0.392417
0.422269
0.455492
0.492262
0.532819
0.577303
0.625691
0.677724
0.732828
0.790049
0.848036
0.905101
0.959381
1.00909
1.05282
1.0897
1.11954
1.14271
1.16002
1.17245
1.18101
0.657417
0.654117
0.649466
0.643167
0.634955
0.624642
0.612175
0.597667
0.581409
0.563835
0.545465
0.526824
0.508386
0.490526
0.473506
0.457483
0.442525
0.42863
0.415756
0.403828
0.392763
0.382469
0.372859
0.363849
0.355366
0.347342
0.33972
0.332451
0.325491
0.318807
0.312367
0.306148
0.30013
0.294295
0.288631
0.283123
0.277752
0.272509
0.267387
0.262382
0.257492
0.252714
0.248046
0.243486
0.239033
0.234686
0.230446
0.226307
0.222273
0.218345
0.214524
0.210812
0.207211
0.203727
0.200366
0.197139
0.194061
0.191153
0.188486
0.186067
0.183926
0.1822
0.181049
0.180652
0.181348
0.183695
0.188416
0.19498
0.203092
0.212597
0.223427
0.235576
0.249084
0.264027
0.280518
0.298702
0.318751
0.340869
0.365295
0.392277
0.422125
0.455347
0.492127
0.532709
0.577236
0.625687
0.677801
0.733004
0.790337
0.848438
0.905606
0.959971
1.00971
1.05342
1.09023
1.11998
1.14304
1.16023
1.17256
1.18104
0.657448
0.654239
0.649709
0.643565
0.635538
0.625437
0.613197
0.598923
0.582891
0.565526
0.547339
0.528853
0.510541
0.49278
0.475838
0.459874
0.44496
0.431098
0.418247
0.406336
0.395279
0.384989
0.375376
0.366359
0.357863
0.349822
0.342179
0.334884
0.327895
0.321177
0.3147
0.308441
0.30238
0.2965
0.290789
0.285233
0.279816
0.274524
0.269354
0.2643
0.259361
0.254534
0.249816
0.245206
0.240704
0.236308
0.232017
0.227835
0.223758
0.219786
0.215921
0.212166
0.208522
0.204995
0.201593
0.198325
0.195207
0.192256
0.189546
0.187045
0.184856
0.183071
0.181852
0.181373
0.181962
0.184166
0.188759
0.195226
0.203261
0.212701
0.223474
0.235571
0.24903
0.26393
0.280382
0.29853
0.318546
0.340635
0.365037
0.392003
0.421845
0.455065
0.491855
0.532462
0.577032
0.62555
0.677765
0.733089
0.790559
0.848802
0.906099
0.960557
1.01036
1.05405
1.09081
1.12045
1.14339
1.16046
1.17268
1.18107
0.657482
0.654369
0.649969
0.64399
0.636162
0.626287
0.614292
0.600268
0.58448
0.567339
0.549348
0.531028
0.51285
0.495195
0.478335
0.462432
0.447563
0.433734
0.420904
0.409006
0.397955
0.387664
0.378044
0.369015
0.360501
0.352438
0.344767
0.33744
0.330415
0.323658
0.317139
0.310834
0.304725
0.298795
0.293032
0.287424
0.281955
0.276612
0.271389
0.266284
0.261293
0.256413
0.251644
0.246984
0.242431
0.237986
0.233648
0.229417
0.225293
0.221275
0.217366
0.213566
0.209878
0.206308
0.202862
0.199551
0.196378
0.193387
0.19063
0.188076
0.185829
0.183981
0.182689
0.182124
0.182599
0.184654
0.189082
0.195426
0.203363
0.212721
0.223422
0.235456
0.248858
0.263702
0.2801
0.298196
0.318164
0.340209
0.364575
0.391523
0.421357
0.454575
0.49138
0.532022
0.576651
0.625251
0.677567
0.733034
0.790673
0.849089
0.906544
0.961122
1.011
1.0547
1.0914
1.12094
1.14376
1.1607
1.1728
1.1811
0.657517
0.654505
0.650242
0.644436
0.636817
0.627181
0.615444
0.601685
0.586153
0.569249
0.551466
0.53332
0.515284
0.49774
0.480963
0.465123
0.450299
0.4365
0.423689
0.4118
0.40075
0.390452
0.38082
0.371771
0.363233
0.35514
0.347434
0.340069
0.333002
0.326198
0.31963
0.313275
0.307112
0.301127
0.295307
0.289642
0.284118
0.278721
0.273444
0.268284
0.263239
0.258306
0.253484
0.248773
0.24417
0.239676
0.235289
0.23101
0.226839
0.222775
0.21882
0.214976
0.211244
0.20763
0.204139
0.200779
0.197569
0.194535
0.191728
0.189123
0.186819
0.184907
0.183537
0.182881
0.18324
0.185134
0.189367
0.195566
0.203386
0.212645
0.223262
0.235218
0.248548
0.263328
0.279666
0.297703
0.317614
0.339604
0.363913
0.390802
0.420604
0.453809
0.490638
0.531322
0.576021
0.624726
0.677182
0.732807
0.790635
0.849261
0.906913
0.961649
1.01162
1.05537
1.09203
1.12146
1.14415
1.16095
1.17293
1.18114
0.657552
0.654644
0.65052
0.644892
0.637487
0.628096
0.616626
0.60314
0.587874
0.571216
0.553649
0.535684
0.517794
0.500365
0.483674
0.467896
0.453115
0.439343
0.426547
0.414661
0.403605
0.393293
0.383639
0.374563
0.365991
0.35786
0.350112
0.342699
0.335582
0.328726
0.322103
0.31569
0.309469
0.303424
0.297545
0.291819
0.286237
0.280783
0.27545
0.270235
0.265135
0.260149
0.255275
0.250513
0.245861
0.241318
0.236885
0.232559
0.228342
0.224234
0.220236
0.216349
0.212577
0.208923
0.205394
0.201988
0.198738
0.195662
0.192807
0.190152
0.187794
0.185818
0.184369
0.183621
0.183861
0.18559
0.189606
0.19564
0.203328
0.212477
0.222998
0.234868
0.248117
0.262816
0.279075
0.297039
0.316882
0.338811
0.363067
0.389915
0.419673
0.452825
0.489597
0.530297
0.575083
0.623908
0.676527
0.732355
0.790399
0.84926
0.907147
0.962076
1.01217
1.05596
1.09261
1.12198
1.14454
1.16121
1.17306
1.18117
0.657587
0.654781
0.650795
0.645344
0.638155
0.629011
0.61781
0.604601
0.589605
0.573195
0.555847
0.538065
0.520322
0.503005
0.486398
0.470679
0.455935
0.442184
0.429394
0.417503
0.406432
0.396095
0.38641
0.377296
0.368681
0.360501
0.352701
0.345233
0.338058
0.331142
0.324458
0.317983
0.3117
0.305593
0.299652
0.293865
0.288223
0.282712
0.277323
0.272053
0.2669
0.261862
0.256938
0.252126
0.247426
0.242836
0.238358
0.23399
0.229733
0.225585
0.221548
0.217623
0.213812
0.210118
0.206547
0.203115
0.199828
0.196714
0.193816
0.191117
0.188707
0.186673
0.185147
0.184309
0.184433
0.185998
0.189785
0.195645
0.203193
0.212222
0.222632
0.234395
0.247542
0.262142
0.278307
0.296177
0.31593
0.337774
0.361952
0.388742
0.418461
0.451595
0.488375
0.529055
0.573812
0.622728
0.675543
0.731605
0.789922
0.84905
0.907204
0.962364
1.01261
1.05647
1.09309
1.12238
1.14485
1.16141
1.17317
1.1812
0.657619
0.654906
0.651048
0.645763
0.638775
0.629866
0.618923
0.605982
0.591249
0.575084
0.557952
0.540353
0.522756
0.50555
0.489024
0.473358
0.458645
0.444905
0.432111
0.420202
0.409103
0.39873
0.389
0.379835
0.371165
0.362927
0.355066
0.347535
0.340295
0.333314
0.326565
0.320025
0.313677
0.307507
0.301514
0.295665
0.289964
0.284398
0.278956
0.273635
0.268433
0.263347
0.258377
0.253522
0.248779
0.24415
0.239632
0.235227
0.230933
0.226751
0.22268
0.218723
0.21488
0.211156
0.207556
0.204093
0.200775
0.197629
0.194693
0.191956
0.189503
0.187417
0.185824
0.184904
0.18492
0.186333
0.189898
0.195589
0.202997
0.211901
0.222195
0.23385
0.24689
0.261384
0.277442
0.295205
0.314851
0.336589
0.360664
0.387361
0.417
0.450068
0.486818
0.527531
0.572379
0.621338
0.674203
0.730495
0.789094
0.848537
0.906967
0.96237
1.01281
1.05677
1.09343
1.12269
1.14509
1.16157
1.17325
1.18122
0.657646
0.655011
0.651262
0.646121
0.639314
0.630619
0.619915
0.607225
0.59274
0.576805
0.559873
0.542439
0.52497
0.507858
0.491392
0.47576
0.461058
0.447311
0.434494
0.422551
0.411408
0.400983
0.391196
0.381971
0.373237
0.364934
0.357006
0.34941
0.342104
0.335059
0.328246
0.321644
0.315235
0.309025
0.302968
0.297065
0.291314
0.285703
0.280216
0.274852
0.269608
0.264484
0.259477
0.254586
0.24981
0.245148
0.2406
0.236166
0.231845
0.227636
0.22354
0.219559
0.215694
0.21195
0.208327
0.20484
0.201498
0.198328
0.195364
0.192598
0.190112
0.187986
0.186341
0.185356
0.185286
0.186574
0.189955
0.195503
0.20279
0.211585
0.221777
0.233331
0.24627
0.260662
0.276612
0.294263
0.313792
0.335409
0.35936
0.385939
0.415463
0.448426
0.485096
0.525766
0.570629
0.619708
0.672741
0.729125
0.787972
0.847759
0.906566
0.962276
1.01295
1.05706
1.09376
1.123
1.14533
1.16173
1.17333
1.18124
0.657658
0.655058
0.651362
0.646293
0.639586
0.631019
0.620469
0.607952
0.593651
0.577898
0.561135
0.543845
0.526492
0.509463
0.493052
0.477446
0.462748
0.448985
0.436139
0.424155
0.412964
0.402486
0.392644
0.383361
0.37457
0.366209
0.358226
0.350576
0.343219
0.336124
0.329264
0.322618
0.316168
0.309919
0.303821
0.297884
0.2921
0.286458
0.280942
0.275551
0.270281
0.265133
0.260102
0.25519
0.250393
0.245713
0.241147
0.236695
0.232357
0.228133
0.224022
0.220026
0.216147
0.212386
0.208756
0.205257
0.201903
0.19872
0.195741
0.19296
0.190456
0.188307
0.186633
0.18561
0.185489
0.186704
0.189973
0.195433
0.202646
0.211373
0.2215
0.232989
0.24586
0.260179
0.27605
0.293615
0.313049
0.334562
0.358401
0.384862
0.414258
0.447087
0.483628
0.524184
0.568967
0.618019
0.671131
0.727706
0.786693
0.846617
0.905591
0.961526
1.01239
1.05666
1.09349
1.12282
1.14522
1.16167
1.1733
1.18123
)
;

boundaryField
{
    fuel
    {
        type            calculated;
        value           nonuniform List<scalar> 
40
(
0.658534
0.658534
0.658534
0.658534
0.658534
0.658534
0.658534
0.658534
0.658534
0.658534
0.658534
0.658534
0.658534
0.658534
0.658534
0.658534
0.658534
0.658534
0.658534
0.658534
0.658534
0.658534
0.658534
0.658534
0.658534
0.658534
0.658534
0.658534
0.658534
0.658534
0.658534
0.658534
0.658534
0.658534
0.658534
0.658534
0.658534
0.658534
0.658534
0.658534
)
;
    }
    air
    {
        type            calculated;
        value           nonuniform List<scalar> 
40
(
1.18382
1.18382
1.18382
1.18382
1.18382
1.18382
1.18382
1.18382
1.18382
1.18382
1.18382
1.18382
1.18382
1.18382
1.18382
1.18382
1.18382
1.18382
1.18382
1.18382
1.18382
1.18382
1.18382
1.18382
1.18382
1.18382
1.18382
1.18382
1.18382
1.18382
1.18382
1.18382
1.18382
1.18382
1.18382
1.18382
1.18382
1.18382
1.18382
1.18382
)
;
    }
    outlet
    {
        type            calculated;
        value           nonuniform List<scalar> 
200
(
0.657647
0.655014
0.651272
0.646145
0.639368
0.630721
0.620089
0.607495
0.59313
0.577333
0.56055
0.543268
0.525946
0.508969
0.492624
0.477095
0.46248
0.448803
0.436041
0.424141
0.413029
0.402628
0.392856
0.38364
0.374911
0.366607
0.358676
0.351073
0.343759
0.336703
0.329878
0.323262
0.316838
0.310613
0.304535
0.298614
0.292843
0.287212
0.281705
0.276321
0.271056
0.26591
0.260881
0.255967
0.251169
0.246484
0.241913
0.237455
0.23311
0.228877
0.224758
0.220752
0.216863
0.213093
0.209448
0.205936
0.20257
0.19938
0.196389
0.193598
0.191086
0.188933
0.18726
0.186248
0.18615
0.187412
0.190768
0.196292
0.203553
0.212317
0.222471
0.233978
0.246858
0.261176
0.277036
0.294577
0.313972
0.33543
0.359193
0.385555
0.414831
0.447502
0.483849
0.524172
0.568685
0.617437
0.670222
0.726441
0.785124
0.844812
0.903692
0.959631
1.01063
1.05513
1.09226
1.1219
1.14459
1.16128
1.17312
1.18119
0.657637
0.654976
0.651195
0.646016
0.639172
0.630446
0.619722
0.607031
0.592567
0.576676
0.55981
0.542458
0.525081
0.508065
0.491693
0.476149
0.461527
0.44785
0.435094
0.423202
0.412102
0.401714
0.391958
0.382758
0.374046
0.365762
0.35785
0.350268
0.342975
0.335941
0.329138
0.322546
0.316147
0.309945
0.303891
0.297995
0.292248
0.286642
0.281159
0.275798
0.270557
0.265433
0.260426
0.255534
0.250757
0.246093
0.241542
0.237104
0.232778
0.228563
0.224461
0.220472
0.216599
0.212845
0.209215
0.205718
0.202366
0.199189
0.196212
0.193435
0.190936
0.188797
0.18714
0.186145
0.186068
0.187356
0.190746
0.196296
0.203578
0.212361
0.222532
0.234056
0.246953
0.261289
0.277168
0.294729
0.314148
0.33563
0.359421
0.385812
0.415123
0.44783
0.484215
0.524578
0.56913
0.617918
0.670733
0.72697
0.785658
0.845333
0.904178
0.960063
1.011
1.05542
1.09248
1.12205
1.14469
1.16135
1.17314
1.18119
)
;
    }
    frontAndBack
    {
        type            empty;
    }
}


// ************************************************************************* //
