/*--------------------------------*- C++ -*----------------------------------*\
  =========                 |
  \\      /  F ield         | OpenFOAM: The Open Source CFD Toolbox
   \\    /   O peration     | Website:  https://openfoam.org
    \\  /    A nd           | Version:  11
     \\/     M anipulation  |
\*---------------------------------------------------------------------------*/
FoamFile
{
    format      ascii;
    class       volScalarField;
    location    "0.1";
    object      T;
}
// * * * * * * * * * * * * * * * * * * * * * * * * * * * * * * * * * * * * * //

dimensions      [0 0 0 1 0 0 0];

internalField   nonuniform List<scalar> 
4000
(
293.504
295.008
297.172
300.186
304.267
309.639
316.519
325.095
335.497
347.786
361.943
377.876
395.437
414.439
434.682
455.968
478.116
500.968
524.394
548.287
572.568
597.175
622.065
647.209
672.589
698.194
724.02
750.065
776.334
802.828
829.554
856.515
883.715
911.066
938.748
966.676
994.851
1023.28
1052.02
1081.06
1110.39
1140.03
1169.95
1200.17
1230.67
1261.44
1292.48
1323.76
1355.29
1387.04
1418.98
1451.08
1483.31
1515.6
1547.87
1580.03
1611.9
1643.2
1673.53
1702.89
1730.39
1755.12
1775.72
1790.18
1795.9
1788.68
1762.24
1716.98
1659.53
1594.37
1524.56
1452.2
1378.75
1305.22
1232.31
1160.52
1090.22
1021.69
955.143
890.728
828.634
768.771
711.545
657.235
606.142
558.571
514.817
475.162
439.831
408.933
382.484
360.369
342.364
328.095
317.097
308.851
302.836
298.566
295.616
293.64
293.507
295.023
297.204
300.244
304.361
309.782
316.726
325.382
335.878
348.273
362.545
378.598
396.279
415.398
435.753
457.143
479.388
502.329
525.835
549.802
574.149
598.818
623.764
648.961
674.39
700.041
725.911
751.999
778.308
804.844
831.61
858.612
885.856
913.256
940.965
968.936
997.153
1025.63
1054.41
1083.5
1112.88
1142.56
1172.54
1202.8
1233.35
1264.18
1295.27
1326.61
1358.19
1389.99
1421.99
1454.15
1486.43
1518.78
1551.1
1583.29
1615.2
1646.52
1676.84
1706.18
1733.62
1758.24
1778.63
1792.77
1798.02
1790.08
1762.57
1716.53
1658.52
1592.94
1522.82
1450.23
1376.6
1302.94
1229.94
1158.09
1087.76
1019.22
952.695
888.332
826.312
766.548
709.454
655.311
604.42
557.084
513.61
474.254
439.128
408.389
382.076
360.091
342.176
327.971
317.017
308.802
302.807
298.549
295.609
293.638
293.518
295.066
297.293
300.396
304.594
310.118
317.185
325.981
336.633
349.192
363.632
379.854
397.699
416.978
437.485
459.021
481.404
504.476
528.107
552.192
576.653
601.431
626.482
651.781
677.308
703.055
729.018
755.198
781.597
808.22
835.072
862.157
889.48
917.043
944.795
972.852
1001.16
1029.73
1058.61
1087.79
1117.27
1147.04
1177.12
1207.48
1238.13
1269.06
1300.25
1331.7
1363.37
1395.27
1427.37
1459.63
1492.01
1524.46
1556.89
1589.14
1621.11
1652.46
1682.76
1712.06
1739.39
1763.8
1783.82
1797.41
1801.83
1792.68
1763.38
1716.07
1657.11
1590.84
1520.22
1447.27
1373.39
1299.57
1226.47
1154.59
1084.28
1015.81
949.394
885.198
823.377
763.846
707.023
653.183
602.623
555.66
512.525
473.387
438.52
408.025
381.912
360.058
342.226
328.06
317.114
308.886
302.869
298.589
295.629
293.643
293.532
295.12
297.403
300.58
304.874
310.514
317.721
326.675
337.501
350.248
364.884
381.304
399.35
418.826
439.526
461.25
483.815
507.063
530.863
555.113
579.733
604.664
629.865
655.309
680.979
706.865
732.965
759.279
785.811
812.565
839.546
866.759
894.208
921.895
949.821
977.992
1006.42
1035.12
1064.13
1093.45
1123.06
1152.97
1183.18
1213.68
1244.47
1275.53
1306.86
1338.43
1370.25
1402.28
1434.52
1466.9
1499.41
1531.97
1564.51
1596.86
1628.89
1660.29
1690.55
1719.79
1746.96
1771.09
1790.61
1803.51
1806.9
1796.23
1764.77
1715.91
1655.85
1588.76
1517.55
1444.2
1370.05
1296.07
1222.9
1151.02
1080.77
1012.42
946.17
882.189
820.616
761.358
704.846
651.361
601.164
554.457
511.537
472.688
438.072
407.786
381.818
360.063
342.293
328.155
317.211
308.968
302.93
298.628
295.649
293.648
293.547
295.18
297.525
300.786
305.184
310.954
318.311
327.438
338.453
351.402
366.249
382.884
401.146
420.838
441.752
463.685
486.455
509.905
533.903
558.346
583.156
608.273
633.657
659.281
685.127
711.188
737.459
763.943
790.643
817.562
844.707
872.083
899.693
927.541
955.63
983.962
1012.55
1041.42
1070.59
1100.07
1129.85
1159.92
1190.29
1220.95
1251.89
1283.11
1314.6
1346.34
1378.31
1410.5
1442.88
1475.41
1508.04
1540.7
1573.31
1605.83
1637.93
1669.36
1699.58
1728.72
1755.71
1779.52
1798.47
1810.59
1812.86
1800.54
1766.79
1716.31
1655.09
1587.18
1515.38
1441.59
1367.16
1293.01
1219.77
1147.9
1077.72
1009.49
943.409
879.657
818.348
759.372
703.153
649.892
599.88
553.441
510.816
472.219
437.817
407.692
381.847
360.175
342.445
328.315
317.352
309.083
303.016
298.685
295.678
293.655
293.563
295.242
297.652
300.996
305.502
311.402
318.913
328.214
339.423
352.579
367.642
384.501
402.99
422.908
444.047
466.204
489.196
512.864
537.078
561.735
586.756
612.082
637.672
663.499
689.547
715.807
742.276
768.955
795.847
822.958
850.292
877.855
905.65
933.681
961.951
990.461
1019.23
1048.29
1077.65
1107.31
1137.26
1167.52
1198.07
1228.91
1260.03
1291.43
1323.09
1354.99
1387.13
1419.47
1452
1484.67
1517.44
1550.24
1582.98
1615.54
1647.71
1679.16
1709.3
1738.33
1765.11
1788.56
1806.9
1818.21
1819.34
1805.33
1769.37
1717.31
1654.95
1586.24
1513.88
1439.71
1365.04
1290.72
1217.41
1145.52
1075.4
1007.28
941.342
877.765
816.624
757.801
701.724
648.686
598.939
552.742
510.337
471.937
437.693
407.695
381.946
360.335
342.632
328.497
317.522
309.225
303.119
298.749
295.71
293.664
293.578
295.304
297.777
301.205
305.817
311.845
319.508
328.983
340.382
353.744
369.023
386.106
404.821
424.968
446.336
468.722
491.941
515.836
540.275
565.156
590.4
615.948
641.758
667.805
694.07
720.546
747.229
774.12
801.222
828.54
856.08
883.845
911.84
940.068
968.531
997.232
1026.2
1055.45
1085.01
1114.86
1145.01
1175.46
1206.2
1237.22
1268.52
1300.1
1331.93
1364
1396.3
1428.81
1461.48
1494.29
1527.19
1560.09
1592.9
1625.49
1657.75
1689.23
1719.28
1748.17
1774.72
1797.8
1815.54
1826.06
1826.03
1810.35
1772.37
1718.86
1655.44
1585.97
1513.06
1438.51
1363.57
1289.1
1215.7
1143.8
1073.69
1005.61
939.743
876.244
815.245
756.588
700.714
647.869
598.311
552.294
510.058
471.799
437.677
407.779
382.101
360.53
342.839
328.703
317.701
309.366
303.22
298.813
295.743
293.672
293.593
295.363
297.897
301.405
306.119
312.271
320.08
329.721
341.305
354.865
370.355
387.654
406.591
426.963
448.557
471.17
494.616
518.738
543.405
568.514
593.985
619.759
645.797
672.07
698.561
725.261
752.167
779.279
806.6
834.135
861.889
889.865
918.068
946.5
975.164
1004.06
1033.23
1062.69
1092.45
1122.5
1152.84
1183.48
1214.4
1245.61
1277.1
1308.85
1340.87
1373.09
1405.55
1438.2
1471.02
1503.96
1536.97
1569.98
1602.87
1635.52
1667.72
1699.24
1729.21
1757.94
1784.23
1806.93
1824.11
1833.84
1832.73
1815.47
1775.69
1720.89
1656.54
1586.37
1512.94
1438.02
1362.82
1288.16
1214.64
1142.66
1072.52
1004.46
938.643
875.245
814.36
755.818
700.07
647.358
597.932
552.044
509.921
471.768
437.74
407.915
382.286
360.74
343.053
328.904
317.873
309.501
303.317
298.874
295.774
293.68
293.608
295.418
298.009
301.593
306.402
312.671
320.617
330.415
342.173
355.922
371.611
389.117
408.267
428.854
450.666
473.498
497.166
521.509
546.4
571.733
597.429
623.43
649.694
676.194
702.912
729.838
756.969
784.304
811.848
839.602
867.572
895.762
924.174
952.811
981.676
1010.77
1040.15
1069.81
1099.76
1130.01
1160.54
1191.37
1222.48
1253.86
1285.52
1317.43
1349.57
1381.98
1414.6
1447.4
1480.35
1513.41
1546.53
1579.64
1612.61
1645.33
1677.59
1709.1
1739.05
1767.27
1793.37
1815.73
1832.39
1841.37
1839.19
1820.42
1779.18
1723.3
1658.13
1587.34
1513.44
1438.16
1362.68
1287.83
1214.17
1142.11
1071.93
1003.86
938.049
874.69
813.865
755.385
699.709
647.076
597.733
551.928
509.892
471.82
437.859
408.085
382.489
360.955
343.27
329.099
318.038
309.63
303.409
298.932
295.803
293.687
293.621
295.47
298.113
301.766
306.663
313.039
321.113
331.055
342.975
356.899
372.774
390.474
409.822
430.613
452.631
475.671
499.548
524.105
549.209
574.758
600.673
626.894
653.379
680.101
707.04
734.189
761.541
789.097
816.859
844.83
873.013
901.412
930.031
958.87
987.931
1017.23
1046.8
1076.66
1106.81
1137.24
1167.96
1198.96
1230.25
1261.8
1293.63
1325.7
1358.02
1390.56
1423.3
1456.23
1489.3
1522.47
1555.68
1588.86
1621.9
1654.63
1686.87
1718.3
1748.26
1776.26
1802.11
1824.09
1840.24
1848.51
1845.33
1825.14
1782.74
1725.96
1660.1
1588.77
1514.44
1438.82
1363.07
1288.01
1214.19
1142
1071.74
1003.61
937.779
874.421
813.62
755.168
699.534
646.952
597.668
551.924
509.947
471.928
438.012
408.272
382.697
361.172
343.476
329.283
318.192
309.75
303.494
298.986
295.83
293.694
293.632
295.516
298.207
301.923
306.899
313.373
321.561
331.636
343.703
357.787
373.831
391.709
411.241
432.219
454.428
477.662
501.737
526.492
551.799
577.552
603.674
630.103
656.799
683.733
710.886
738.247
765.812
793.58
821.553
849.732
878.121
906.723
935.539
964.572
993.822
1023.31
1053.08
1083.12
1113.45
1144.06
1174.96
1206.13
1237.58
1269.3
1301.27
1333.49
1365.95
1398.62
1431.49
1464.54
1497.71
1530.98
1564.27
1597.52
1630.6
1663.36
1695.59
1726.99
1756.88
1784.7
1810.3
1831.91
1847.59
1855.22
1851.14
1829.7
1786.32
1728.79
1662.32
1590.5
1515.78
1439.84
1363.84
1288.56
1214.57
1142.25
1071.89
1003.68
937.794
874.406
813.601
755.148
699.525
646.964
597.709
551.999
510.057
472.073
438.185
408.467
382.9
361.376
343.668
329.454
318.334
309.86
303.573
299.035
295.855
293.7
293.643
295.557
298.29
302.061
307.108
313.669
321.96
332.153
344.352
358.58
374.778
392.816
412.515
433.663
456.047
479.458
503.713
528.652
554.145
580.088
606.401
633.026
659.919
687.051
714.403
741.965
769.731
797.699
825.87
854.246
882.829
911.621
940.625
969.84
999.267
1028.94
1058.88
1089.11
1119.61
1150.39
1181.44
1212.77
1244.37
1276.23
1308.34
1340.7
1373.28
1406.08
1439.06
1472.21
1505.48
1538.83
1572.2
1605.5
1638.62
1671.39
1703.61
1734.95
1764.78
1792.46
1817.85
1839.13
1854.39
1861.45
1856.58
1834.06
1789.86
1731.67
1664.67
1592.42
1517.34
1441.1
1364.85
1289.36
1215.2
1142.74
1072.25
1003.96
937.998
874.559
813.731
755.256
699.624
647.064
597.819
552.124
510.201
472.236
438.365
408.659
383.098
361.568
343.845
329.61
318.463
309.96
303.643
299.079
295.877
293.706
293.652
295.592
298.362
302.183
307.291
313.928
322.31
332.607
344.922
359.277
375.611
393.792
413.639
434.94
457.479
481.05
505.467
530.572
556.234
582.35
608.838
635.64
662.713
690.028
717.564
745.31
773.26
801.413
829.767
858.325
887.087
916.056
945.232
974.615
1004.21
1034.05
1064.16
1094.54
1125.2
1156.13
1187.34
1218.81
1250.55
1282.54
1314.78
1347.26
1379.95
1412.86
1445.94
1479.18
1512.53
1545.95
1579.38
1612.72
1645.87
1678.66
1710.86
1742.16
1771.96
1799.47
1824.67
1845.65
1860.55
1867.13
1861.59
1838.17
1793.26
1734.5
1667.04
1594.4
1518.99
1442.48
1365.99
1290.3
1215.97
1143.36
1072.75
1004.36
938.318
874.817
813.955
755.445
699.79
647.218
597.969
552.278
510.362
472.406
438.543
408.84
383.28
361.743
344.005
329.749
318.578
310.048
303.706
299.118
295.897
293.711
293.66
295.623
298.424
302.286
307.449
314.151
322.61
332.997
345.414
359.879
376.331
394.637
414.613
436.048
458.724
482.436
506.997
532.249
558.061
584.329
610.974
637.935
665.169
692.647
720.348
748.26
776.377
804.695
833.215
861.937
890.861
919.989
949.32
978.856
1008.6
1038.59
1068.85
1099.38
1130.18
1161.25
1192.58
1224.18
1256.04
1288.16
1320.51
1353.1
1385.9
1418.89
1452.06
1485.37
1518.79
1552.27
1585.75
1619.13
1652.3
1685.09
1717.28
1748.54
1778.3
1805.68
1830.73
1851.45
1866.04
1872.2
1866.1
1841.92
1796.41
1737.17
1669.31
1596.33
1520.63
1443.87
1367.16
1291.29
1216.79
1144.04
1073.32
1004.82
938.698
875.129
814.227
755.675
699.99
647.398
598.137
552.441
510.526
472.572
438.712
409.01
383.445
361.898
344.147
329.872
318.678
310.125
303.76
299.152
295.914
293.715
293.666
295.648
298.476
302.374
307.581
314.338
322.863
333.327
345.829
360.388
376.941
395.353
415.439
436.989
459.783
483.616
508.301
533.68
559.622
586.024
612.804
639.904
667.279
694.899
722.745
750.802
779.065
807.53
836.195
865.06
894.127
923.395
952.863
982.532
1012.41
1042.53
1072.92
1103.58
1134.5
1165.69
1197.14
1228.86
1260.82
1293.03
1325.48
1358.16
1391.04
1424.12
1457.36
1490.74
1524.23
1557.76
1591.28
1624.69
1657.87
1690.67
1722.85
1754.08
1783.8
1811.09
1835.99
1856.49
1870.81
1876.63
1870.06
1845.24
1799.24
1739.59
1671.39
1598.12
1522.17
1445.18
1368.29
1292.25
1217.6
1144.72
1073.89
1005.29
939.089
875.453
814.509
755.914
700.196
647.582
598.306
552.601
510.68
472.725
438.863
409.159
383.589
362.033
344.268
329.976
318.763
310.19
303.806
299.181
295.929
293.719
293.671
295.669
298.519
302.445
307.689
314.491
323.071
333.597
346.17
360.806
377.443
395.943
416.122
437.767
460.659
484.593
509.382
534.868
560.92
587.433
614.329
641.546
669.04
696.781
724.749
752.93
781.317
809.906
838.694
867.683
896.87
926.257
955.843
985.625
1015.61
1045.85
1076.35
1107.12
1138.15
1169.44
1200.99
1232.79
1264.85
1297.14
1329.67
1362.42
1395.37
1428.52
1461.83
1495.27
1528.8
1562.37
1595.93
1629.36
1662.56
1695.36
1727.52
1758.72
1788.42
1815.62
1840.4
1860.72
1874.83
1880.36
1873.41
1848.09
1801.69
1741.7
1673.22
1599.71
1523.55
1446.37
1369.31
1293.12
1218.34
1145.35
1074.42
1005.74
939.458
875.76
814.775
756.14
700.391
647.752
598.46
552.744
510.817
472.857
438.993
409.286
383.71
362.145
344.369
330.063
318.834
310.244
303.844
299.204
295.941
293.722
293.676
295.686
298.552
302.501
307.774
314.612
323.235
333.811
346.439
361.138
377.841
396.411
416.664
438.385
461.357
485.372
510.245
535.817
561.957
588.561
615.55
642.861
670.452
698.292
726.359
754.64
783.128
811.818
840.707
869.795
899.082
928.566
958.246
988.121
1018.2
1048.53
1079.13
1109.98
1141.09
1172.46
1204.09
1235.98
1268.1
1300.47
1333.07
1365.88
1398.89
1432.09
1465.44
1498.92
1532.49
1566.1
1599.68
1633.13
1666.34
1699.14
1731.29
1762.46
1792.14
1819.27
1843.96
1864.13
1878.08
1883.39
1876.14
1850.42
1803.7
1743.45
1674.74
1601.03
1524.7
1447.37
1370.17
1293.86
1218.98
1145.89
1074.87
1006.12
939.776
876.026
815.004
756.334
700.557
647.897
598.589
552.863
510.929
472.966
439.099
409.387
383.806
362.235
344.449
330.132
318.89
310.287
303.873
299.223
295.95
293.724
293.679
295.698
298.577
302.543
307.837
314.702
323.357
333.97
346.641
361.386
378.138
396.762
417.07
438.849
461.881
485.957
510.894
536.531
562.738
589.411
616.469
643.853
671.517
699.432
727.575
755.933
784.497
813.264
842.23
871.395
900.756
930.314
960.067
990.012
1020.17
1050.57
1081.23
1112.15
1143.33
1174.76
1206.45
1238.39
1270.57
1302.99
1335.64
1368.5
1401.55
1434.79
1468.18
1501.69
1535.29
1568.92
1602.52
1635.99
1669.2
1702
1734.14
1765.29
1794.95
1822.03
1846.65
1866.71
1880.53
1885.67
1878.2
1852.19
1805.23
1744.78
1675.9
1602.04
1525.58
1448.14
1370.83
1294.43
1219.47
1146.31
1075.22
1006.41
940.022
876.23
815.181
756.483
700.685
648.008
598.688
552.953
511.013
473.046
439.176
409.462
383.878
362.301
344.509
330.183
318.931
310.318
303.896
299.237
295.957
293.726
293.681
295.706
298.594
302.57
307.879
314.762
323.438
334.076
346.775
361.551
378.337
396.996
417.342
439.16
462.232
486.35
511.329
537.011
563.263
589.983
617.089
644.522
672.237
700.202
728.396
756.806
785.423
814.242
843.261
872.477
901.89
931.499
961.3
991.293
1021.49
1051.95
1082.65
1113.62
1144.84
1176.32
1208.05
1240.02
1272.25
1304.7
1337.38
1370.27
1403.35
1436.61
1470.03
1503.56
1537.18
1570.83
1604.43
1637.91
1671.13
1703.92
1736.06
1767.2
1796.84
1823.89
1848.46
1868.44
1882.17
1887.2
1879.58
1853.37
1806.25
1745.67
1676.68
1602.72
1526.17
1448.65
1371.27
1294.81
1219.79
1146.58
1075.45
1006.6
940.181
876.362
815.294
756.578
700.765
648.077
598.748
553.008
511.065
473.096
439.224
409.509
383.923
362.343
344.546
330.215
318.958
310.338
303.91
299.246
295.961
293.727
293.682
295.71
298.602
302.585
307.9
314.792
323.479
334.13
346.843
361.635
378.438
397.116
417.481
439.319
462.411
486.552
511.553
537.257
563.533
590.278
617.409
644.868
672.608
700.6
728.822
757.259
785.903
814.75
843.796
873.039
902.479
932.113
961.941
991.958
1022.18
1052.66
1083.39
1114.38
1145.62
1177.12
1208.87
1240.87
1273.11
1305.58
1338.28
1371.18
1404.28
1437.56
1470.98
1504.53
1538.16
1571.81
1605.42
1638.9
1672.12
1704.91
1737.04
1768.18
1797.81
1824.84
1849.38
1869.33
1883.01
1887.98
1880.28
1853.96
1806.76
1746.1
1677.05
1603.04
1526.45
1448.89
1371.48
1294.98
1219.93
1146.7
1075.55
1006.68
940.247
876.415
815.338
756.614
700.795
648.102
598.77
553.028
511.084
473.115
439.244
409.528
383.942
362.361
344.563
330.23
318.97
310.348
303.916
299.25
295.963
293.728
293.682
295.71
298.603
302.586
307.902
314.795
323.483
334.135
346.85
361.643
378.448
397.127
417.494
439.334
462.429
486.571
511.575
537.282
563.56
590.307
617.441
644.901
672.644
700.639
728.862
757.302
785.948
814.797
843.845
873.09
902.532
932.168
961.997
992.016
1022.24
1052.72
1083.45
1114.44
1145.69
1177.19
1208.94
1240.94
1273.18
1305.65
1338.35
1371.25
1404.35
1437.62
1471.05
1504.59
1538.22
1571.87
1605.48
1638.96
1672.18
1704.97
1737.1
1768.23
1797.86
1824.89
1849.43
1869.36
1883.04
1888
1880.28
1853.95
1806.73
1746.07
1677.01
1603
1526.41
1448.85
1371.44
1294.94
1219.9
1146.67
1075.52
1006.65
940.217
876.387
815.312
756.59
700.773
648.082
598.753
553.012
511.071
473.103
439.234
409.521
383.936
362.356
344.559
330.227
318.968
310.346
303.916
299.249
295.963
293.728
293.681
295.707
298.596
302.574
307.884
314.77
323.449
334.09
346.793
361.574
378.366
397.03
417.382
439.206
462.284
486.409
511.395
537.083
563.342
590.069
617.183
644.622
672.344
700.316
728.517
756.934
785.558
814.383
843.408
872.63
902.048
931.662
961.469
991.466
1021.67
1052.13
1082.84
1113.81
1145.03
1176.51
1208.24
1240.22
1272.44
1304.9
1337.58
1370.47
1403.55
1436.81
1470.22
1503.76
1537.37
1571.01
1604.62
1638.09
1671.31
1704.1
1736.22
1767.36
1796.99
1824.03
1848.59
1868.55
1882.26
1887.26
1879.6
1853.33
1806.18
1745.57
1676.57
1602.6
1526.05
1448.53
1371.15
1294.69
1219.68
1146.47
1075.35
1006.51
940.091
876.279
815.216
756.507
700.7
648.019
598.697
552.962
511.026
473.063
439.197
409.487
383.905
362.329
344.536
330.208
318.953
310.335
303.908
299.244
295.961
293.727
293.679
295.699
298.581
302.548
307.846
314.715
323.374
333.994
346.672
361.425
378.186
396.819
417.137
438.927
461.969
486.057
511.004
536.652
562.871
589.556
616.626
644.021
671.697
699.623
727.777
756.147
784.722
813.499
842.476
871.65
901.021
930.588
960.349
990.301
1020.46
1050.87
1081.54
1112.46
1143.65
1175.08
1206.78
1238.72
1270.9
1303.32
1335.97
1368.83
1401.88
1435.12
1468.51
1502.02
1535.61
1569.24
1602.83
1636.29
1669.5
1702.28
1734.41
1765.56
1795.2
1822.27
1846.86
1866.89
1880.67
1885.76
1878.23
1852.13
1805.11
1744.62
1675.72
1601.85
1525.38
1447.93
1370.63
1294.24
1219.28
1146.13
1075.05
1006.25
939.873
876.092
815.052
756.365
700.577
647.911
598.602
552.877
510.948
472.991
439.13
409.425
383.848
362.278
344.491
330.17
318.923
310.312
303.892
299.235
295.956
293.726
293.676
295.688
298.557
302.509
307.786
314.63
323.26
333.844
346.483
361.193
377.908
396.492
416.759
438.495
461.482
485.513
510.402
535.99
562.146
588.766
615.771
643.099
670.706
698.562
726.645
754.942
783.445
812.149
841.053
870.155
899.454
928.95
958.642
988.527
1018.62
1048.96
1079.56
1110.42
1141.54
1172.92
1204.55
1236.44
1268.57
1300.94
1333.53
1366.34
1399.35
1432.55
1465.9
1499.38
1532.94
1566.54
1600.11
1633.56
1666.75
1699.54
1731.68
1762.83
1792.49
1819.6
1844.26
1864.38
1878.27
1883.52
1876.18
1850.34
1803.54
1743.23
1674.49
1600.76
1524.42
1447.09
1369.9
1293.59
1218.72
1145.65
1074.64
1005.9
939.569
875.833
814.825
756.17
700.408
647.763
598.47
552.758
510.839
472.889
439.035
409.336
383.766
362.204
344.426
330.115
318.878
310.279
303.869
299.22
295.949
293.724
293.672
295.672
298.525
302.455
307.705
314.515
323.103
333.641
346.227
360.878
377.531
396.048
416.246
437.91
460.822
484.776
509.586
535.093
561.165
587.7
614.616
641.854
669.369
697.131
725.119
753.321
781.727
810.335
839.142
868.147
897.352
926.754
956.354
986.149
1016.15
1046.4
1076.91
1107.69
1138.72
1170.02
1201.58
1233.38
1265.44
1297.74
1330.27
1363.02
1395.97
1429.11
1462.41
1495.85
1529.37
1562.94
1596.48
1629.9
1663.09
1695.87
1728.02
1759.19
1788.86
1816.04
1840.78
1861.03
1875.09
1880.54
1873.47
1847.99
1801.48
1741.43
1672.91
1599.37
1523.2
1446.02
1368.96
1292.78
1218.02
1145.04
1074.12
1005.46
939.195
875.516
814.548
755.93
700.2
647.58
598.307
552.609
510.701
472.759
438.911
409.22
383.658
362.106
344.34
330.042
318.819
310.234
303.837
299.201
295.939
293.722
293.667
295.652
298.484
302.387
307.601
314.367
322.904
333.381
345.9
360.477
377.05
395.484
415.593
437.167
459.986
483.843
508.553
533.958
559.926
586.353
613.16
640.285
667.686
695.332
723.202
751.284
779.571
808.058
836.745
865.632
894.719
924.005
953.491
983.176
1013.07
1043.21
1073.61
1104.28
1135.21
1166.4
1197.86
1229.58
1261.55
1293.76
1326.21
1358.88
1391.75
1424.83
1458.07
1491.45
1524.92
1558.45
1591.95
1625.35
1658.52
1691.3
1723.45
1754.65
1784.35
1811.6
1836.43
1856.88
1871.13
1876.85
1870.14
1845.13
1799.01
1739.27
1671.02
1597.72
1521.76
1444.77
1367.88
1291.85
1217.21
1144.35
1073.53
1004.96
938.773
875.159
814.234
755.661
699.965
647.373
598.12
552.438
510.54
472.606
438.765
409.079
383.526
361.985
344.232
329.951
318.746
310.178
303.798
299.177
295.927
293.718
293.661
295.627
298.434
302.302
307.473
314.186
322.659
333.063
345.499
359.987
376.463
394.795
414.799
436.262
458.968
482.709
507.301
532.583
558.426
584.725
611.4
638.392
665.656
693.164
720.894
748.835
776.98
805.325
833.871
862.617
891.565
920.714
950.066
979.62
1009.38
1039.39
1069.66
1100.2
1131.01
1162.09
1193.43
1225.04
1256.9
1289.01
1321.37
1353.95
1386.75
1419.74
1452.9
1486.2
1519.61
1553.08
1586.54
1619.91
1653.06
1685.83
1717.99
1749.23
1778.95
1806.3
1831.28
1851.93
1866.43
1872.47
1866.21
1841.79
1796.14
1736.8
1668.88
1595.87
1520.16
1443.39
1366.69
1290.82
1216.34
1143.61
1072.9
1004.43
938.328
874.784
813.905
755.378
699.719
647.154
597.92
552.251
510.361
472.433
438.597
408.917
383.372
361.842
344.105
329.842
318.657
310.111
303.751
299.147
295.912
293.715
293.653
295.597
298.373
302.201
307.32
313.97
322.368
332.685
345.024
359.405
375.768
393.98
413.858
435.193
457.767
481.373
505.825
530.966
556.664
582.814
609.338
636.176
663.284
690.632
718.202
745.981
773.964
802.147
830.531
859.116
887.905
916.898
946.097
975.501
1005.11
1034.97
1065.1
1095.49
1126.16
1157.1
1188.32
1219.79
1251.53
1283.53
1315.77
1348.24
1380.93
1413.83
1446.9
1480.13
1513.47
1546.88
1580.29
1613.61
1646.74
1679.5
1711.67
1742.94
1772.69
1800.14
1825.3
1846.2
1861
1867.44
1861.72
1838.04
1792.96
1734.1
1666.57
1593.89
1518.47
1441.94
1365.45
1289.78
1215.46
1142.87
1072.29
1003.92
937.9
874.427
813.59
755.108
699.482
646.94
597.721
552.06
510.174
472.246
438.411
408.732
383.195
361.677
343.957
329.714
318.554
310.032
303.696
299.113
295.894
293.71
293.644
295.563
298.303
302.083
307.142
313.718
322.029
332.245
344.471
358.729
374.961
393.035
412.771
433.958
456.381
479.833
504.128
529.108
554.641
580.625
606.979
633.643
660.575
687.746
715.136
742.735
770.537
798.539
826.743
855.15
883.762
912.582
941.61
970.848
1000.3
1029.99
1059.95
1090.19
1120.7
1151.49
1182.55
1213.89
1245.49
1277.35
1309.46
1341.81
1374.39
1407.18
1440.15
1473.29
1506.54
1539.88
1573.22
1606.5
1639.59
1672.34
1704.53
1735.83
1765.61
1793.24
1818.56
1839.75
1854.9
1861.81
1856.74
1833.94
1789.56
1731.24
1664.17
1591.87
1516.77
1440.52
1364.27
1288.79
1214.65
1142.2
1071.74
1003.47
937.536
874.127
813.326
754.881
699.28
646.753
597.54
551.879
509.988
472.055
438.215
408.536
383.001
361.493
343.79
329.57
318.435
309.941
303.632
299.073
295.874
293.705
293.634
295.523
298.222
301.948
306.938
313.43
321.641
331.742
343.84
357.959
374.042
391.961
411.536
432.559
454.813
478.093
502.212
527.014
552.366
578.165
604.331
630.806
657.545
684.522
711.717
739.119
766.724
794.529
822.538
850.751
879.172
907.803
936.646
965.703
994.974
1024.48
1054.27
1084.33
1114.67
1145.29
1176.2
1207.37
1238.82
1270.54
1302.51
1334.73
1367.18
1399.84
1432.7
1465.73
1498.89
1532.14
1565.41
1598.63
1631.69
1664.42
1696.61
1727.97
1757.8
1785.57
1811.1
1832.61
1848.17
1855.64
1851.34
1829.59
1786.01
1728.34
1661.79
1589.92
1515.17
1439.22
1363.21
1287.95
1213.97
1141.67
1071.33
1003.15
937.291
873.933
813.158
754.736
699.146
646.62
597.401
551.726
509.82
471.87
438.016
408.329
382.79
361.291
343.605
329.408
318.302
309.839
303.559
299.027
295.852
293.699
293.623
295.478
298.13
301.796
306.708
313.105
321.204
331.178
343.133
357.097
373.015
390.762
410.159
430.999
453.068
476.159
500.088
524.696
549.851
575.451
601.415
627.685
654.218
680.986
707.972
735.165
762.56
790.156
817.957
845.964
874.181
902.612
931.258
960.123
989.206
1018.52
1048.12
1077.99
1108.15
1138.59
1169.32
1200.33
1231.61
1263.17
1294.99
1327.05
1359.36
1391.89
1424.62
1457.53
1490.58
1523.73
1556.92
1590.08
1623.08
1655.79
1687.98
1719.37
1749.29
1777.22
1802.99
1824.86
1840.88
1848.99
1845.58
1825.06
1782.44
1725.52
1659.56
1588.17
1513.8
1438.17
1362.42
1287.36
1213.55
1141.39
1071.15
1003.04
937.238
873.911
813.142
754.722
699.123
646.577
597.331
551.625
509.686
471.705
437.825
408.119
382.574
361.077
343.404
329.232
318.156
309.726
303.479
298.977
295.826
293.693
293.61
295.428
298.029
301.627
306.454
312.746
320.722
330.554
342.352
356.147
371.885
389.444
408.648
429.291
451.16
474.049
497.773
522.173
547.119
572.507
598.257
624.312
650.628
677.179
703.946
730.919
758.096
785.475
813.059
840.852
868.858
897.08
925.522
954.185
983.072
1012.19
1041.58
1071.26
1101.23
1131.48
1162.03
1192.85
1223.96
1255.34
1286.99
1318.89
1351.04
1383.43
1416.03
1448.81
1481.74
1514.78
1547.88
1580.95
1613.89
1646.57
1678.79
1710.26
1740.16
1768.31
1794.33
1816.58
1833.11
1841.92
1839.51
1820.41
1778.93
1722.87
1657.6
1586.74
1512.8
1437.49
1362.01
1287.16
1213.51
1141.46
1071.3
1003.25
937.475
874.148
813.355
754.908
699.268
646.672
597.369
551.604
509.608
471.577
437.654
407.917
382.355
360.85
343.191
329.042
317.997
309.603
303.392
298.922
295.798
293.686
293.596
295.374
297.919
301.443
306.177
312.356
320.198
329.878
341.507
355.118
370.663
388.021
407.019
427.452
449.109
471.784
495.293
519.476
544.204
569.372
594.902
620.734
646.828
673.155
699.698
726.448
753.402
780.56
807.925
835.5
863.29
891.3
919.533
947.992
976.678
1005.6
1034.78
1064.26
1094.03
1124.09
1154.44
1185.08
1216
1247.21
1278.69
1310.43
1342.43
1374.64
1407.08
1439.71
1472.5
1505.42
1538.4
1571.38
1604.24
1636.85
1669.01
1700.48
1730.4
1759.06
1785.26
1807.86
1824.92
1834.48
1833.14
1815.59
1775.51
1720.51
1656.03
1585.78
1512.3
1437.35
1362.13
1287.48
1213.96
1141.99
1071.88
1003.84
938.049
874.681
813.827
755.318
699.606
646.932
597.546
551.696
509.613
471.505
437.518
407.732
382.139
360.625
342.966
328.841
317.829
309.471
303.298
298.863
295.769
293.678
293.581
295.316
297.801
301.247
305.882
311.94
319.64
329.158
340.608
354.025
369.366
386.513
405.296
425.511
446.948
469.402
492.689
516.651
541.156
566.101
591.408
617.016
642.886
668.99
695.31
721.839
748.572
775.51
802.657
830.016
857.593
885.393
913.418
941.673
970.16
998.879
1027.86
1057.13
1086.7
1116.56
1146.72
1177.17
1207.9
1238.92
1270.22
1301.79
1333.6
1365.66
1397.93
1430.41
1463.06
1495.84
1528.71
1561.57
1594.35
1626.9
1659.11
1690.55
1720.54
1749.36
1775.82
1798.81
1816.42
1826.77
1826.54
1810.56
1772.26
1718.53
1654.98
1585.41
1512.44
1437.85
1362.89
1288.42
1215.02
1143.12
1073.03
1004.98
939.129
875.659
814.689
756.064
700.225
647.419
597.902
551.929
509.736
471.52
437.439
407.583
381.944
360.407
342.746
328.635
317.653
309.334
303.2
298.801
295.737
293.67
293.566
295.255
297.679
301.043
305.575
311.507
319.059
328.408
339.672
352.89
368.021
384.952
403.513
423.506
444.72
466.952
490.017
513.757
538.041
562.766
587.853
613.244
638.896
664.783
690.889
717.203
743.723
770.451
797.388
824.541
851.913
879.51
907.335
935.393
963.685
992.213
1021
1050.07
1079.44
1109.11
1139.07
1169.32
1199.87
1230.7
1261.82
1293.2
1324.84
1356.72
1388.84
1421.16
1453.66
1486.3
1519.04
1551.8
1584.5
1617.02
1649.14
1680.55
1710.63
1739.59
1766.29
1789.64
1807.85
1819
1819.92
1805.63
1769.33
1717.04
1654.53
1585.72
1513.29
1439.08
1364.38
1290.05
1216.73
1144.85
1074.74
1006.64
940.72
877.168
816.054
757.261
701.218
648.217
598.511
552.357
509.998
471.644
437.443
407.488
381.779
360.203
342.532
328.423
317.47
309.19
303.097
298.736
295.704
293.662
293.551
295.195
297.555
300.837
305.264
311.069
318.471
327.65
338.727
351.744
366.664
383.378
401.72
421.492
442.486
464.5
487.348
510.874
534.947
559.462
584.341
609.526
634.975
660.66
686.565
712.682
739.006
765.539
792.284
819.245
846.428
873.837
901.477
929.351
957.461
985.811
1014.41
1043.3
1072.48
1101.96
1131.74
1161.81
1192.18
1222.83
1253.76
1284.96
1316.43
1348.15
1380.1
1412.26
1444.61
1477.11
1509.71
1542.33
1574.91
1607.38
1639.43
1670.82
1700.97
1730.05
1756.96
1780.66
1799.49
1811.45
1813.52
1800.93
1766.83
1716.11
1654.73
1586.71
1514.83
1440.99
1366.53
1292.36
1219.11
1147.24
1077.07
1008.85
942.785
879.055
817.77
758.822
702.634
649.408
599.437
553.041
510.462
471.911
437.555
407.474
381.67
360.036
342.339
328.237
317.297
309.045
302.992
298.67
295.671
293.654
293.536
295.136
297.435
300.635
304.96
310.639
317.894
326.906
337.799
350.62
365.335
381.84
399.972
419.535
440.322
462.131
484.779
508.107
531.986
556.311
581.003
606.004
631.272
656.779
682.508
708.451
734.603
760.967
787.543
814.338
841.356
868.602
896.079
923.79
951.737
979.927
1008.37
1037.09
1066.1
1095.42
1125.03
1154.94
1185.14
1215.63
1246.4
1277.45
1308.76
1340.32
1372.11
1404.11
1436.31
1468.67
1501.14
1533.67
1566.17
1598.47
1630.46
1661.8
1692
1721.17
1748.27
1772.3
1791.69
1804.43
1807.63
1796.69
1764.87
1715.77
1655.54
1588.34
1517.04
1443.63
1369.46
1295.45
1222.26
1150.38
1080.13
1011.79
945.548
881.585
820.033
760.8
704.319
650.869
600.71
554.044
511.17
472.368
437.8
407.56
381.635
359.92
342.185
328.077
317.157
308.933
302.909
298.617
295.644
293.647
293.522
295.083
297.328
300.456
304.687
310.253
317.372
326.231
336.954
349.593
364.12
380.431
398.37
417.741
438.34
459.966
482.436
505.592
529.304
553.467
578.002
602.85
627.969
653.331
678.918
704.722
730.737
756.965
783.408
810.071
836.959
864.076
891.426
919.012
946.786
974.858
1003.17
1031.76
1060.64
1089.82
1119.3
1149.07
1179.14
1209.49
1240.12
1271.03
1302.2
1333.62
1365.28
1397.15
1429.22
1461.45
1493.79
1526.2
1558.58
1590.8
1622.72
1654.02
1684.26
1713.49
1740.74
1765.05
1784.94
1798.38
1802.61
1793.19
1763.54
1715.98
1656.85
1590.46
1519.75
1446.74
1372.83
1298.97
1225.86
1153.97
1083.65
1015.19
948.78
884.599
822.793
763.285
706.49
652.682
602.16
555.239
512.148
473.057
438.237
407.79
381.723
359.91
342.113
327.978
317.057
308.848
302.846
298.576
295.622
293.641
293.512
295.041
297.241
300.308
304.46
309.926
316.927
325.649
336.222
348.702
363.066
379.215
396.994
416.211
436.662
458.146
480.482
503.509
527.098
551.144
575.566
600.305
625.319
650.579
676.067
701.773
727.694
753.83
780.182
806.756
833.557
860.59
887.861
915.286
943.01
970.996
999.223
1027.71
1056.5
1085.58
1114.96
1144.64
1174.6
1204.86
1235.39
1266.2
1297.27
1328.59
1360.14
1391.91
1423.88
1456
1488.24
1520.53
1552.83
1584.99
1616.85
1648.12
1678.38
1707.65
1735.01
1759.52
1779.79
1793.78
1798.83
1790.64
1762.77
1716.49
1658.3
1592.6
1522.39
1449.73
1376.06
1302.37
1229.35
1157.49
1087.15
1018.61
952.087
887.737
825.73
765.986
708.918
654.806
603.95
556.655
513.225
473.915
438.837
408.147
381.879
359.936
342.058
327.884
316.956
308.761
302.781
298.535
295.602
293.636
293.508
295.027
297.211
300.254
304.371
309.791
316.731
325.377
335.86
348.239
362.492
378.526
396.188
415.292
435.633
457.015
479.255
502.195
525.703
549.676
574.03
598.707
623.664
648.87
674.308
699.967
725.843
751.935
778.245
804.777
831.536
858.527
885.752
913.127
940.826
968.766
996.95
1025.39
1054.13
1083.17
1112.5
1142.13
1172.04
1202.24
1232.73
1263.48
1294.5
1325.76
1357.26
1388.98
1420.89
1452.97
1485.16
1517.43
1549.65
1581.75
1613.57
1644.81
1675.08
1704.37
1731.78
1756.42
1776.89
1791.2
1796.73
1789.25
1762.46
1716.96
1659.33
1594.05
1524.14
1451.72
1378.23
1304.66
1231.73
1159.93
1089.62
1021.08
954.541
890.136
828.054
768.209
711.007
656.727
605.669
558.138
514.426
474.817
439.534
408.684
382.28
360.209
342.241
328.005
317.033
308.808
302.809
298.55
295.609
293.638
)
;

boundaryField
{
    fuel
    {
        type            fixedValue;
        value           uniform 293;
    }
    air
    {
        type            fixedValue;
        value           uniform 293;
    }
    outlet
    {
        type            inletOutlet;
        inletValue      uniform 293;
        value           nonuniform List<scalar> 
200
(
293.513
295.044
297.247
300.314
304.462
309.917
316.897
325.584
336.106
348.518
362.794
378.837
396.493
415.573
435.876
457.203
479.373
502.231
525.646
549.514
573.757
598.314
623.144
648.219
673.521
699.039
724.77
750.714
776.875
803.255
829.86
856.695
883.763
910.98
938.521
966.305
994.332
1022.61
1051.19
1080.07
1109.25
1138.72
1168.48
1198.53
1228.87
1259.47
1290.35
1321.47
1352.83
1384.41
1416.2
1448.14
1480.21
1512.35
1544.48
1576.48
1608.21
1639.32
1669.5
1698.7
1726.02
1750.55
1770.89
1785.02
1790.3
1782.44
1755.07
1709.4
1651.9
1586.92
1517.46
1445.55
1372.62
1299.65
1227.32
1156.11
1086.39
1018.42
952.419
888.521
826.898
767.486
710.674
656.735
605.963
558.658
515.12
475.641
440.409
409.555
383.082
360.919
342.838
328.48
317.391
309.061
302.975
298.648
295.656
293.649
293.518
295.064
297.287
300.383
304.569
310.073
317.112
325.871
336.475
348.977
363.35
379.494
397.253
416.435
436.837
458.26
480.522
503.468
526.966
550.913
575.23
599.858
624.755
649.892
675.252
700.824
726.606
752.596
778.798
805.216
831.855
858.719
885.812
913.053
940.611
968.407
996.443
1024.73
1053.31
1082.19
1111.37
1140.83
1170.58
1200.62
1230.94
1261.53
1292.38
1323.48
1354.81
1386.36
1418.11
1450.03
1482.06
1514.16
1546.25
1578.2
1609.88
1640.94
1671.05
1700.18
1727.43
1751.85
1772.07
1786.06
1791.14
1783.03
1755.31
1709.41
1651.73
1586.63
1517.08
1445.1
1372.13
1299.12
1226.76
1155.54
1085.81
1017.83
951.831
887.942
826.329
766.934
710.145
656.234
605.495
558.229
514.732
475.298
440.113
409.305
382.877
360.758
342.714
328.389
317.326
309.018
302.948
298.632
295.649
293.648
)
;
    }
    frontAndBack
    {
        type            empty;
    }
}


// ************************************************************************* //
