/*--------------------------------*- C++ -*----------------------------------*\
  =========                 |
  \\      /  F ield         | OpenFOAM: The Open Source CFD Toolbox
   \\    /   O peration     | Website:  https://openfoam.org
    \\  /    A nd           | Version:  11
     \\/     M anipulation  |
\*---------------------------------------------------------------------------*/
FoamFile
{
    format      ascii;
    class       volScalarField;
    location    "0.1";
    object      CH4;
}
// * * * * * * * * * * * * * * * * * * * * * * * * * * * * * * * * * * * * * //

dimensions      [0 0 0 0 0 0 0];

internalField   nonuniform List<scalar> 
4000
(
1
1
1
1
1
1
1
1
1
1
1
1
1
1
1
1
0.999999
0.999998
0.999994
0.999981
0.999944
0.999845
0.999584
0.99893
0.997376
0.993901
0.986683
0.973121
0.950895
0.918471
0.875908
0.824649
0.766921
0.705127
0.641484
0.577931
0.515993
0.456706
0.401011
0.349339
0.301902
0.258732
0.219724
0.184685
0.153364
0.125481
0.100754
0.0789189
0.0597369
0.0432877
0.0296504
0.0176413
0.00853086
0.00350636
0.00137822
0.000510034
0.000174999
5.48883e-05
1.59751e-05
5.69592e-06
3.53786e-06
2.33956e-06
1.44097e-06
8.13124e-07
4.12962e-07
1.90951e-07
8.32505e-08
3.48943e-08
1.42911e-08
5.79683e-09
2.35319e-09
9.70703e-10
3.93819e-10
1.57323e-10
6.81924e-11
2.43518e-11
6.41259e-12
1.71952e-12
4.59628e-13
1.21731e-13
3.31227e-14
1.03726e-14
3.8559e-15
9.75479e-16
2.48707e-16
6.34885e-17
1.61178e-17
4.05453e-18
1.01091e-18
2.50401e-19
6.1766e-20
1.5194e-20
3.72106e-21
9.11933e-22
2.90319e-22
7.66437e-23
2.49561e-23
7.73586e-24
2.29437e-24
3.69457e-25
1
1
1
1
1
1
1
1
1
1
1
1
1
1
1
1
0.999999
0.999997
0.999992
0.999977
0.999935
0.99982
0.999525
0.998798
0.997101
0.993378
0.985787
0.971874
0.949437
0.91714
0.875005
0.824323
0.767127
0.705748
0.642474
0.579179
0.517423
0.458376
0.402698
0.350912
0.303277
0.25986
0.220586
0.18528
0.153706
0.125602
0.100696
0.0787126
0.0594138
0.0429286
0.0292654
0.0172541
0.0082114
0.00336271
0.00131545
0.000483992
0.000164936
5.13484e-05
1.4893e-05
5.46073e-06
3.42483e-06
2.26994e-06
1.40912e-06
8.0241e-07
4.15445e-07
1.96522e-07
8.7867e-08
3.77554e-08
1.58226e-08
6.54894e-09
2.70516e-09
1.12742e-09
4.57716e-10
1.87653e-10
7.81613e-11
3.01461e-11
8.15972e-12
2.21543e-12
5.99558e-13
1.60427e-13
4.27079e-14
1.22657e-14
4.48655e-15
1.21241e-15
3.21352e-16
8.37806e-17
2.14847e-17
5.41414e-18
1.34517e-18
3.31037e-19
8.09947e-20
1.97455e-20
4.81211e-21
1.18231e-21
3.04678e-22
7.7221e-23
2.66961e-23
7.1506e-24
2.0178e-24
3.29947e-25
1
1
1
1
1
1
1
1
1
1
1
1
1
1
1
1
0.999999
0.999997
0.999992
0.999975
0.99993
0.999809
0.999499
0.998741
0.996983
0.993151
0.985392
0.971299
0.948695
0.916251
0.874081
0.823534
0.766653
0.705672
0.642718
0.5797
0.518107
0.459129
0.403482
0.351671
0.303965
0.260438
0.221026
0.185567
0.15384
0.125591
0.100539
0.0784294
0.0590295
0.0425246
0.0288472
0.0168463
0.0078833
0.00321752
0.00125334
0.000458909
0.000155567
4.81837e-05
1.39598e-05
5.23762e-06
3.31658e-06
2.21251e-06
1.38567e-06
7.96433e-07
4.17246e-07
1.99426e-07
9.00512e-08
3.90596e-08
1.65122e-08
6.88778e-09
2.86441e-09
1.20165e-09
4.94595e-10
2.03439e-10
8.5869e-11
3.29912e-11
8.98711e-12
2.45853e-12
6.71056e-13
1.81297e-13
4.8472e-14
1.33584e-14
4.48832e-15
1.61601e-15
4.05119e-16
1.01502e-16
2.53275e-17
6.29415e-18
1.55782e-18
3.84152e-19
9.44404e-20
2.31484e-20
5.63492e-21
1.38337e-21
3.67614e-22
1.05462e-22
3.53026e-23
8.48127e-24
2.6105e-24
3.92652e-25
1
1
1
1
1
1
1
1
1
1
1
1
1
1
1
1
0.999999
0.999997
0.999991
0.999973
0.999925
0.999796
0.999467
0.99867
0.996839
0.992883
0.98494
0.970671
0.947941
0.915477
0.87339
0.822994
0.766296
0.705511
0.642753
0.579863
0.518384
0.459439
0.40381
0.351995
0.304255
0.26067
0.221182
0.18564
0.153824
0.125477
0.100343
0.0781624
0.0587087
0.0422079
0.0285328
0.016551
0.00765226
0.00311655
0.00121073
0.000441944
0.000149344
4.61284e-05
1.33653e-05
5.08779e-06
3.24784e-06
2.17531e-06
1.36473e-06
7.90697e-07
4.18086e-07
2.01829e-07
9.21367e-08
4.04112e-08
1.72678e-08
7.27415e-09
3.05196e-09
1.29021e-09
5.34269e-10
2.21499e-10
9.34401e-11
3.6183e-11
9.98359e-12
2.76081e-12
7.60391e-13
2.06976e-13
5.55746e-14
1.51165e-14
4.66201e-15
1.69674e-15
4.3267e-16
1.1089e-16
2.83731e-17
7.19784e-18
1.80534e-18
4.48148e-19
1.10384e-19
2.70407e-20
6.60168e-21
1.60445e-21
3.97847e-22
1.23274e-22
3.39888e-23
9.08085e-24
2.99344e-24
4.84406e-25
1
1
1
1
1
1
1
1
1
1
1
1
1
1
1
1
0.999999
0.999997
0.99999
0.999972
0.999921
0.999786
0.999445
0.99862
0.996731
0.99267
0.984552
0.970066
0.947108
0.914466
0.8723
0.82194
0.765373
0.704781
0.642246
0.579582
0.518289
0.459445
0.403865
0.352074
0.304334
0.260731
0.221212
0.185626
0.153759
0.125366
0.100189
0.077974
0.0584958
0.0420063
0.0283404
0.0163742
0.00751679
0.0030578
0.00118627
0.000432392
0.000145922
4.50311e-05
1.30545e-05
4.99105e-06
3.18801e-06
2.14171e-06
1.35232e-06
7.8934e-07
4.21225e-07
2.05047e-07
9.43304e-08
4.1662e-08
1.7913e-08
7.58772e-09
3.1996e-09
1.35864e-09
5.65443e-10
2.3566e-10
9.92775e-11
3.8739e-11
1.08064e-11
3.0155e-12
8.36744e-13
2.29281e-13
6.19138e-14
1.65746e-14
4.75686e-15
1.73575e-15
4.66074e-16
1.23685e-16
3.24581e-17
8.3497e-18
2.10401e-18
5.2165e-19
1.28011e-19
3.11809e-20
7.53519e-21
1.80008e-21
5.19992e-22
1.1997e-22
3.11939e-23
1.02417e-23
3.22458e-24
3.85449e-25
1
1
1
1
1
1
1
1
1
1
1
1
1
1
1
1
0.999999
0.999997
0.99999
0.99997
0.999917
0.999777
0.999423
0.998572
0.996634
0.992486
0.984239
0.969612
0.946521
0.913779
0.871564
0.821206
0.764687
0.704178
0.641751
0.579216
0.517981
0.459226
0.403735
0.351991
0.304274
0.260675
0.221153
0.185557
0.153678
0.125272
0.100081
0.077856
0.0583716
0.0418934
0.028238
0.0162833
0.00744922
0.00302874
0.00117435
0.000427852
0.000144343
4.45317e-05
1.29022e-05
4.91724e-06
3.14139e-06
2.11831e-06
1.34418e-06
7.89134e-07
4.23942e-07
2.0785e-07
9.62086e-08
4.27455e-08
1.84821e-08
7.86834e-09
3.33304e-09
1.42081e-09
5.92295e-10
2.48379e-10
1.04297e-10
4.116e-11
1.15874e-11
3.25314e-12
9.07017e-13
2.49632e-13
6.77144e-14
1.81285e-14
4.99375e-15
1.57229e-15
5.65106e-16
1.46756e-16
3.73392e-17
9.36938e-18
2.32398e-18
5.71277e-19
1.39337e-19
3.37696e-20
8.11847e-21
1.95651e-21
6.16287e-22
1.41382e-22
3.36599e-23
1.10187e-23
2.82071e-24
5.67201e-25
1
1
1
1
1
1
1
1
1
1
1
1
1
1
1
1
0.999999
0.999996
0.999989
0.999969
0.999914
0.999769
0.999404
0.99853
0.996545
0.992311
0.983924
0.969126
0.945856
0.912972
0.870678
0.820311
0.763839
0.703411
0.641077
0.578626
0.517516
0.458859
0.403439
0.351761
0.304102
0.260554
0.221058
0.185476
0.153604
0.125202
0.100013
0.0777894
0.0583071
0.0418364
0.0281872
0.0162418
0.00742038
0.00301654
0.00116943
0.000426001
0.000143714
4.43444e-05
1.28413e-05
4.8648e-06
3.10611e-06
2.10232e-06
1.34017e-06
7.9103e-07
4.27592e-07
2.11047e-07
9.81954e-08
4.38345e-08
1.9034e-08
8.13436e-09
3.45763e-09
1.47618e-09
6.16657e-10
2.61571e-10
1.0762e-10
4.40834e-11
1.25222e-11
3.50707e-12
9.75657e-13
2.68636e-13
7.30216e-14
1.95833e-14
5.2135e-15
1.53285e-15
5.07176e-16
1.75758e-16
4.33539e-17
1.05762e-17
2.56472e-18
6.19207e-19
1.48998e-19
3.57372e-20
8.53825e-21
2.07106e-21
5.34631e-22
1.39822e-22
3.80845e-23
1.21515e-23
3.13622e-24
6.28126e-25
1
1
1
1
1
1
1
1
1
1
1
1
1
1
1
1
0.999999
0.999996
0.999989
0.999968
0.999911
0.999763
0.999389
0.998496
0.996475
0.992175
0.983681
0.968753
0.945343
0.912333
0.869951
0.819544
0.763076
0.702689
0.640423
0.578055
0.517035
0.458463
0.403119
0.351505
0.303895
0.260381
0.220917
0.185363
0.153514
0.12513
0.0999571
0.0777459
0.0582734
0.0418108
0.0281688
0.0162298
0.00741424
0.00301408
0.00116858
0.000425788
0.000143702
4.43687e-05
1.28453e-05
4.82734e-06
3.07864e-06
2.09101e-06
1.33842e-06
7.93456e-07
4.30981e-07
2.13825e-07
9.98769e-08
4.47436e-08
1.94908e-08
8.35309e-09
3.55926e-09
1.52295e-09
6.38349e-10
2.71341e-10
1.12004e-10
4.59367e-11
1.30907e-11
3.68166e-12
1.02852e-12
2.84306e-13
7.75792e-14
2.08791e-14
5.55824e-15
1.52898e-15
4.37844e-16
1.34354e-16
4.41064e-17
1.04243e-17
2.48345e-18
5.93238e-19
1.41773e-19
3.38554e-20
8.07733e-21
1.95199e-21
4.97888e-22
1.59918e-22
4.30803e-23
1.27835e-23
3.91905e-24
5.29885e-25
1
1
1
1
1
1
1
1
1
1
1
1
1
1
1
1
0.999999
0.999996
0.999989
0.999967
0.999909
0.999756
0.999374
0.998463
0.996406
0.992041
0.983443
0.968389
0.944847
0.911725
0.86927
0.818834
0.762376
0.70203
0.639824
0.577531
0.516587
0.458091
0.402816
0.351263
0.303706
0.260235
0.220808
0.185284
0.153458
0.125094
0.0999361
0.077735
0.0582708
0.0418124
0.0281769
0.0162426
0.00742767
0.00302017
0.00117136
0.000427027
0.000144232
4.45756e-05
1.29035e-05
4.80655e-06
3.05892e-06
2.08352e-06
1.3381e-06
7.96326e-07
4.34437e-07
2.1657e-07
1.0153e-07
4.56339e-08
1.99359e-08
8.5647e-09
3.65711e-09
1.56786e-09
6.58141e-10
2.79993e-10
1.15632e-10
4.7449e-11
1.36e-11
3.84315e-12
1.07783e-12
2.98864e-13
8.17727e-14
2.20754e-14
5.88243e-15
1.55165e-15
4.17815e-16
1.08548e-16
2.81903e-17
7.20898e-18
1.82131e-18
4.55547e-19
1.13003e-19
2.7847e-20
6.82447e-21
1.67251e-21
4.23634e-22
1.43387e-22
3.95659e-23
1.10853e-23
3.778e-24
4.60206e-25
1
1
1
1
1
1
1
1
1
1
1
1
1
1
1
1
0.999999
0.999996
0.999988
0.999967
0.999907
0.999752
0.999364
0.998439
0.996354
0.991938
0.983256
0.968096
0.944434
0.911204
0.86867
0.818194
0.761733
0.701415
0.639259
0.577032
0.51616
0.457734
0.402526
0.351034
0.303529
0.260104
0.220714
0.185221
0.153421
0.125076
0.0999327
0.0777432
0.0582898
0.0418346
0.0282043
0.0162724
0.00745349
0.00303153
0.00117628
0.000429094
0.000145056
4.48771e-05
1.29907e-05
4.79759e-06
3.04459e-06
2.07868e-06
1.33897e-06
7.99557e-07
4.37797e-07
2.1907e-07
1.02987e-07
4.63993e-08
2.03113e-08
8.74056e-09
3.73771e-09
1.60468e-09
6.74076e-10
2.87472e-10
1.18055e-10
4.87351e-11
1.40281e-11
3.97872e-12
1.11912e-12
3.11025e-13
8.52517e-14
2.3049e-14
6.15095e-15
1.62145e-15
4.22547e-16
1.08958e-16
2.78427e-17
7.05384e-18
1.77276e-18
4.42266e-19
1.09603e-19
2.69859e-20
6.60578e-21
1.63851e-21
4.3021e-22
1.2496e-22
3.66661e-23
1.08245e-23
3.03473e-24
4.30423e-25
1
1
1
1
1
1
1
1
1
1
1
1
1
1
1
1
0.999999
0.999996
0.999988
0.999966
0.999905
0.999747
0.999353
0.998415
0.996303
0.99184
0.98308
0.967826
0.944064
0.910744
0.868147
0.817638
0.761174
0.700875
0.638751
0.576588
0.515779
0.457416
0.402267
0.350829
0.303372
0.25999
0.220636
0.185173
0.153397
0.125072
0.0999433
0.0777667
0.0583227
0.0418678
0.0282412
0.0163101
0.00748493
0.00304528
0.00118218
0.000431531
0.000146007
4.52184e-05
1.30904e-05
4.79606e-06
3.03429e-06
2.07566e-06
1.3404e-06
8.02717e-07
4.40924e-07
2.21379e-07
1.04333e-07
4.71087e-08
2.06604e-08
8.90424e-09
3.81179e-09
1.63755e-09
6.88703e-10
2.93807e-10
1.20832e-10
4.98708e-11
1.43817e-11
4.08678e-12
1.15163e-12
3.20625e-13
8.80291e-14
2.38361e-14
6.36958e-15
1.68106e-15
4.38511e-16
1.13149e-16
2.8903e-17
7.3151e-18
1.8359e-18
4.57295e-19
1.13139e-19
2.7814e-20
6.79389e-21
1.67739e-21
4.33376e-22
1.12023e-22
3.94618e-23
1.14018e-23
2.87071e-24
5.40472e-25
1
1
1
1
1
1
1
1
1
1
1
1
1
1
1
1
0.999999
0.999996
0.999988
0.999965
0.999904
0.999744
0.999345
0.998397
0.996265
0.991763
0.982941
0.967606
0.943753
0.910351
0.867693
0.817153
0.760689
0.700419
0.638355
0.576215
0.51545
0.457136
0.402038
0.350648
0.303235
0.259891
0.220571
0.185136
0.153383
0.125076
0.0999623
0.0777982
0.0583634
0.0419083
0.0282836
0.0163514
0.00751839
0.00305986
0.0011884
0.000434078
0.000146993
4.55692e-05
1.31932e-05
4.79755e-06
3.02654e-06
2.07405e-06
1.34225e-06
8.05743e-07
4.43735e-07
2.23398e-07
1.05493e-07
4.77146e-08
2.09567e-08
9.0426e-09
3.87445e-09
1.66546e-09
7.00794e-10
2.99189e-10
1.22832e-10
5.07956e-11
1.46826e-11
4.18069e-12
1.18015e-12
3.29069e-13
9.04707e-14
2.45265e-14
6.56085e-15
1.73304e-15
4.52396e-16
1.16797e-16
2.98474e-17
7.5562e-18
1.89667e-18
4.72463e-19
1.16912e-19
2.87289e-20
7.00106e-21
1.70941e-21
4.76926e-22
1.18695e-22
3.46023e-23
1.12235e-23
3.19573e-24
4.1346e-25
1
1
1
1
1
1
1
1
1
1
1
1
1
1
1
1
0.999999
0.999996
0.999988
0.999965
0.999903
0.999741
0.999337
0.99838
0.996229
0.991693
0.982816
0.967412
0.943484
0.910014
0.867307
0.816742
0.760276
0.700024
0.637984
0.575886
0.515163
0.456894
0.40184
0.350492
0.303119
0.259809
0.220518
0.185108
0.153376
0.125086
0.0999863
0.077833
0.0584059
0.0419499
0.0283264
0.0163925
0.00755137
0.00307421
0.0011945
0.000436565
0.000147949
4.59073e-05
1.3293e-05
4.80346e-06
3.02169e-06
2.07349e-06
1.34424e-06
8.08526e-07
4.46239e-07
2.25181e-07
1.06517e-07
4.82497e-08
2.12183e-08
9.16469e-09
3.9297e-09
1.69006e-09
7.1146e-10
3.03818e-10
1.24931e-10
5.16857e-11
1.49588e-11
4.26533e-12
1.20557e-12
3.36539e-13
9.26181e-14
2.51311e-14
6.72778e-15
1.77828e-15
4.64446e-16
1.19956e-16
3.06631e-17
7.76406e-18
1.94898e-18
4.85427e-19
1.20037e-19
2.94889e-20
7.18639e-21
1.76265e-21
4.59843e-22
1.44649e-22
4.40338e-23
1.04012e-23
2.74951e-24
5.62258e-25
1
1
1
1
1
1
1
1
1
1
1
1
1
1
1
1
0.999999
0.999996
0.999988
0.999964
0.999902
0.999738
0.999332
0.998367
0.996201
0.991638
0.982715
0.967254
0.943262
0.909733
0.866981
0.816389
0.759915
0.699668
0.637647
0.575589
0.514909
0.456683
0.40167
0.35036
0.303021
0.259741
0.220477
0.185088
0.153375
0.1251
0.100012
0.077868
0.0584475
0.04199
0.0283672
0.0164313
0.00758236
0.00308767
0.00120021
0.000438888
0.000148839
4.62211e-05
1.33862e-05
4.81089e-06
3.01824e-06
2.07335e-06
1.34607e-06
8.10963e-07
4.48394e-07
2.26702e-07
1.07388e-07
4.87028e-08
2.14392e-08
9.26759e-09
3.97648e-09
1.71061e-09
7.19815e-10
3.08277e-10
1.2617e-10
5.24752e-11
1.52418e-11
4.35091e-12
1.23007e-12
3.43463e-13
9.45552e-14
2.56668e-14
6.87399e-15
1.81762e-15
4.74872e-16
1.22678e-16
3.13636e-17
7.94193e-18
1.99362e-18
4.96531e-19
1.22784e-19
3.01438e-20
7.34272e-21
1.81881e-21
4.9278e-22
1.42319e-22
4.36075e-23
1.0531e-23
2.77112e-24
5.93152e-25
1
1
1
1
1
1
1
1
1
1
1
1
1
1
1
1
0.999999
0.999996
0.999987
0.999964
0.999901
0.999736
0.999327
0.998355
0.996177
0.99159
0.98263
0.967121
0.943076
0.909498
0.86671
0.816098
0.759618
0.69938
0.637378
0.575348
0.514701
0.456509
0.401529
0.350251
0.302941
0.259687
0.220445
0.185075
0.153378
0.125115
0.100037
0.0779011
0.0584861
0.0420269
0.0284044
0.0164665
0.00761027
0.00309979
0.00120534
0.000440969
0.000149634
4.65008e-05
1.34694e-05
4.81865e-06
3.01574e-06
2.07348e-06
1.34778e-06
8.13069e-07
4.50208e-07
2.27974e-07
1.08116e-07
4.90816e-08
2.16236e-08
9.35359e-09
4.01564e-09
1.72628e-09
7.26909e-10
3.12736e-10
1.26706e-10
5.38558e-11
1.57361e-11
4.47909e-12
1.26043e-12
3.50788e-13
9.64055e-14
2.61489e-14
7.00127e-15
1.85126e-15
4.83705e-16
1.24972e-16
3.19524e-17
8.09112e-18
2.03098e-18
5.05796e-19
1.25078e-19
3.07225e-20
7.47524e-21
1.82352e-21
4.87116e-22
1.60773e-22
4.2637e-23
1.34234e-23
3.75445e-24
7.30378e-25
1
1
1
1
1
1
1
1
1
1
1
1
1
1
1
1
0.999999
0.999996
0.999987
0.999964
0.9999
0.999735
0.999323
0.998347
0.996158
0.991553
0.982562
0.967015
0.942928
0.90931
0.866492
0.815862
0.759379
0.699147
0.637162
0.575154
0.514533
0.456369
0.401417
0.350164
0.302877
0.259645
0.220421
0.185067
0.153382
0.125129
0.100061
0.0779306
0.0585201
0.0420593
0.0284368
0.016497
0.00763437
0.00311024
0.00120976
0.000442757
0.000150316
4.67401e-05
1.35409e-05
4.82621e-06
3.01418e-06
2.07387e-06
1.34932e-06
8.14855e-07
4.51707e-07
2.29005e-07
1.08701e-07
4.93843e-08
2.17706e-08
9.42187e-09
4.04645e-09
1.73993e-09
7.32923e-10
3.15472e-10
1.27777e-10
5.43752e-11
1.59053e-11
4.53007e-12
1.27537e-12
3.55131e-13
9.76494e-14
2.6499e-14
7.09797e-15
1.87748e-15
4.9069e-16
1.26802e-16
3.24241e-17
8.21099e-18
2.06105e-18
5.13253e-19
1.26904e-19
3.1162e-20
7.58488e-21
1.82376e-21
5.37822e-22
1.38452e-22
3.65363e-23
1.1664e-23
2.75837e-24
6.14124e-25
1
1
1
1
1
1
1
1
1
1
1
1
1
1
1
1
0.999999
0.999996
0.999987
0.999964
0.9999
0.999733
0.99932
0.99834
0.996144
0.991524
0.98251
0.966933
0.942812
0.909164
0.866323
0.81568
0.759193
0.698968
0.636995
0.575005
0.514404
0.456261
0.40133
0.350098
0.30283
0.259613
0.220404
0.185062
0.153387
0.125143
0.100081
0.0779558
0.0585486
0.0420863
0.0284637
0.0165221
0.00765409
0.00311877
0.00121336
0.000444211
0.000150869
4.69342e-05
1.3599e-05
4.83278e-06
3.01314e-06
2.07431e-06
1.35064e-06
8.16337e-07
4.52928e-07
2.29825e-07
1.09157e-07
4.96174e-08
2.18831e-08
9.47409e-09
4.0701e-09
1.75056e-09
7.37531e-10
3.17582e-10
1.28516e-10
5.47372e-11
1.60245e-11
4.56753e-12
1.28684e-12
3.58546e-13
9.86404e-14
2.67794e-14
7.17554e-15
1.89849e-15
4.96269e-16
1.28258e-16
3.27982e-17
8.30577e-18
2.08477e-18
5.19128e-19
1.2836e-19
3.1527e-20
7.66407e-21
1.85155e-21
5.29204e-22
1.26121e-22
3.94739e-23
1.23699e-23
2.63413e-24
5.46209e-25
1
1
1
1
1
1
1
1
1
1
1
1
1
1
1
1
0.999999
0.999996
0.999987
0.999964
0.999899
0.999733
0.999317
0.998335
0.996133
0.991503
0.982471
0.966872
0.942728
0.909057
0.866199
0.815547
0.759058
0.698837
0.636874
0.574897
0.514311
0.456183
0.401268
0.350051
0.302796
0.259592
0.220393
0.18506
0.153392
0.125155
0.100097
0.0779757
0.0585709
0.0421072
0.0284843
0.0165412
0.00766905
0.00312524
0.00121608
0.000445311
0.000151287
4.70807e-05
1.36429e-05
4.83798e-06
3.01249e-06
2.07474e-06
1.35171e-06
8.17509e-07
4.53881e-07
2.30446e-07
1.09491e-07
4.9785e-08
2.19634e-08
9.51137e-09
4.08715e-09
1.75843e-09
7.40974e-10
3.19196e-10
1.29049e-10
5.49973e-11
1.61147e-11
4.59714e-12
1.29607e-12
3.61316e-13
9.94434e-14
2.70053e-14
7.23736e-15
1.91502e-15
5.00601e-16
1.29374e-16
3.30815e-17
8.37686e-18
2.10241e-18
5.23459e-19
1.29405e-19
3.17932e-20
7.76628e-21
1.88766e-21
4.58587e-22
1.31859e-22
4.15779e-23
1.23367e-23
3.29782e-24
5.76259e-25
1
1
1
1
1
1
1
1
1
1
1
1
1
1
1
1
0.999999
0.999996
0.999987
0.999964
0.999899
0.999732
0.999316
0.998332
0.996126
0.99149
0.982447
0.966834
0.942674
0.90899
0.866121
0.815462
0.758972
0.698754
0.636796
0.574828
0.514251
0.456134
0.401229
0.350021
0.302776
0.259579
0.220387
0.185059
0.153396
0.125163
0.100108
0.0779891
0.0585857
0.0421211
0.0284979
0.0165538
0.00767891
0.0031295
0.00121788
0.000446037
0.000151563
4.71772e-05
1.36719e-05
4.84155e-06
3.01212e-06
2.07503e-06
1.35239e-06
8.18264e-07
4.54504e-07
2.30856e-07
1.0971e-07
4.98939e-08
2.20151e-08
9.5353e-09
4.09825e-09
1.76377e-09
7.43277e-10
3.20396e-10
1.29319e-10
5.51703e-11
1.61798e-11
4.61908e-12
1.30299e-12
3.63398e-13
1.00044e-13
2.71726e-14
7.28251e-15
1.92688e-15
5.03651e-16
1.30145e-16
3.32737e-17
8.42419e-18
2.11396e-18
5.26252e-19
1.30074e-19
3.19529e-20
7.8149e-21
1.9045e-21
4.64267e-22
1.44741e-22
3.34202e-23
1.01214e-23
2.4968e-24
5.4135e-25
1
1
1
1
1
1
1
1
1
1
1
1
1
1
1
1
0.999999
0.999996
0.999987
0.999963
0.999899
0.999732
0.999315
0.99833
0.996123
0.991484
0.982436
0.966817
0.94265
0.908959
0.866085
0.815424
0.758933
0.698715
0.63676
0.574795
0.514223
0.456111
0.40121
0.350007
0.302765
0.259572
0.220383
0.185059
0.153398
0.125166
0.100113
0.0779953
0.0585927
0.0421276
0.0285043
0.0165598
0.00768355
0.0031315
0.00121871
0.000446372
0.00015169
4.72213e-05
1.3685e-05
4.84301e-06
3.01181e-06
2.07508e-06
1.35266e-06
8.18586e-07
4.54777e-07
2.3104e-07
1.0981e-07
4.99433e-08
2.20382e-08
9.54581e-09
4.10296e-09
1.76599e-09
7.44196e-10
3.2085e-10
1.29338e-10
5.52102e-11
1.62008e-11
4.62709e-12
1.30565e-12
3.64216e-13
1.00284e-13
2.724e-14
7.30087e-15
1.93176e-15
5.04919e-16
1.30469e-16
3.33554e-17
8.4446e-18
2.11902e-18
5.27503e-19
1.30378e-19
3.19951e-20
7.76059e-21
1.97742e-21
5.09211e-22
1.4442e-22
3.81158e-23
1.1487e-23
2.89869e-24
4.16027e-25
1
1
1
1
1
1
1
1
1
1
1
1
1
1
1
1
0.999999
0.999996
0.999987
0.999963
0.999899
0.999732
0.999315
0.99833
0.996123
0.991484
0.982436
0.966818
0.94265
0.908959
0.866085
0.815424
0.758933
0.698716
0.636761
0.574795
0.514223
0.456111
0.40121
0.350007
0.302765
0.259572
0.220383
0.185058
0.153397
0.125165
0.100113
0.0779946
0.058592
0.0421271
0.0285038
0.0165593
0.00768323
0.00313135
0.00121865
0.000446346
0.00015168
4.72179e-05
1.3684e-05
4.84272e-06
3.01164e-06
2.07495e-06
1.35256e-06
8.18526e-07
4.54742e-07
2.31021e-07
1.098e-07
4.99385e-08
2.20357e-08
9.54437e-09
4.10207e-09
1.76545e-09
7.43873e-10
3.20662e-10
1.29229e-10
5.51582e-11
1.61846e-11
4.62217e-12
1.30419e-12
3.63797e-13
1.00168e-13
2.72094e-14
7.29311e-15
1.92986e-15
5.04469e-16
1.30365e-16
3.33319e-17
8.43936e-18
2.11785e-18
5.27233e-19
1.30297e-19
3.19743e-20
7.82042e-21
1.92172e-21
5.60703e-22
1.36277e-22
4.5521e-23
1.42358e-23
4.05322e-24
7.95001e-25
1
1
1
1
1
1
1
1
1
1
1
1
1
1
1
1
0.999999
0.999996
0.999987
0.999964
0.999899
0.999732
0.999316
0.998332
0.996126
0.99149
0.982448
0.966835
0.942675
0.908991
0.866122
0.815464
0.758974
0.698755
0.636797
0.574828
0.514251
0.456134
0.401228
0.35002
0.302774
0.259577
0.220385
0.185057
0.153394
0.12516
0.100106
0.077987
0.0585837
0.0421194
0.0284964
0.0165525
0.00767787
0.00312901
0.00121766
0.000445944
0.000151527
4.71643e-05
1.36677e-05
4.84034e-06
3.01149e-06
2.07459e-06
1.35209e-06
8.18081e-07
4.544e-07
2.30802e-07
1.09683e-07
4.98802e-08
2.2008e-08
9.53129e-09
4.09575e-09
1.76243e-09
7.42311e-10
3.19926e-10
1.28831e-10
5.49763e-11
1.61273e-11
4.60471e-12
1.29898e-12
3.6228e-13
9.97417e-14
2.70935e-14
7.2626e-15
1.92205e-15
5.02518e-16
1.29886e-16
3.32156e-17
8.41137e-18
2.11114e-18
5.25634e-19
1.29946e-19
3.19229e-20
7.80169e-21
1.90743e-21
4.72797e-22
1.19599e-22
4.1467e-23
1.11758e-23
2.86032e-24
5.93404e-25
1
1
1
1
1
1
1
1
1
1
1
1
1
1
1
1
0.999999
0.999996
0.999987
0.999964
0.999899
0.999733
0.999317
0.998335
0.996133
0.991503
0.982472
0.966873
0.942729
0.909059
0.866201
0.815549
0.759061
0.698839
0.636875
0.574898
0.514311
0.456183
0.401267
0.350049
0.302794
0.259589
0.22039
0.185057
0.153389
0.125151
0.100094
0.0779723
0.0585676
0.0421044
0.0284816
0.0165389
0.00766729
0.00312442
0.00121572
0.00044516
0.000151229
4.70597e-05
1.36363e-05
4.83617e-06
3.0116e-06
2.07407e-06
1.35123e-06
8.17199e-07
4.53699e-07
2.30349e-07
1.09442e-07
4.97609e-08
2.19514e-08
9.50504e-09
4.08368e-09
1.75692e-09
7.3976e-10
3.18721e-10
1.28293e-10
5.47381e-11
1.60534e-11
4.58224e-12
1.2922e-12
3.60275e-13
9.91645e-14
2.69322e-14
7.21874e-15
1.91041e-15
4.99488e-16
1.29111e-16
3.30202e-17
8.36266e-18
2.09914e-18
5.22709e-19
1.29235e-19
3.17473e-20
7.74221e-21
1.87942e-21
4.98387e-22
1.27905e-22
3.44942e-23
1.14713e-23
3.39422e-24
5.42618e-25
1
1
1
1
1
1
1
1
1
1
1
1
1
1
1
1
0.999999
0.999996
0.999987
0.999964
0.9999
0.999733
0.99932
0.99834
0.996144
0.991525
0.982511
0.966934
0.942814
0.909167
0.866326
0.815683
0.759197
0.698971
0.636997
0.575006
0.514405
0.456261
0.401329
0.350096
0.302827
0.25961
0.2204
0.185057
0.153382
0.125138
0.100076
0.0779512
0.0585442
0.0420825
0.0284602
0.016519
0.00765176
0.00311769
0.00121287
0.000444008
0.00015079
4.69059e-05
1.359e-05
4.83032e-06
3.01192e-06
2.07342e-06
1.35001e-06
8.15923e-07
4.52682e-07
2.29694e-07
1.09091e-07
4.9585e-08
2.18673e-08
9.4662e-09
4.06612e-09
1.74917e-09
7.36331e-10
3.17238e-10
1.27589e-10
5.44364e-11
1.59602e-11
4.55398e-12
1.28373e-12
3.57785e-13
9.8447e-14
2.67299e-14
7.1629e-15
1.8953e-15
4.95476e-16
1.28063e-16
3.27506e-17
8.29424e-18
2.08197e-18
5.18443e-19
1.28177e-19
3.14741e-20
7.681e-21
1.8906e-21
4.7697e-22
1.33418e-22
3.94925e-23
1.20082e-23
3.48054e-24
6.25017e-25
1
1
1
1
1
1
1
1
1
1
1
1
1
1
1
1
0.999999
0.999996
0.999987
0.999964
0.9999
0.999735
0.999323
0.998347
0.996159
0.991554
0.982564
0.967017
0.94293
0.909314
0.866496
0.815867
0.759383
0.699151
0.637165
0.575156
0.514534
0.456368
0.401415
0.350162
0.302874
0.25964
0.220415
0.185061
0.153376
0.125123
0.100055
0.0779248
0.0585145
0.0420545
0.0284324
0.0164932
0.00763146
0.00310888
0.00120915
0.000442501
0.000150216
4.67044e-05
1.35295e-05
4.82309e-06
3.0126e-06
2.07272e-06
1.34851e-06
8.14331e-07
4.51397e-07
2.2884e-07
1.08618e-07
4.93443e-08
2.17514e-08
9.41254e-09
4.0419e-09
1.73851e-09
7.31711e-10
3.15271e-10
1.2664e-10
5.40429e-11
1.58385e-11
4.51704e-12
1.27266e-12
3.54521e-13
9.75037e-14
2.64629e-14
7.08886e-15
1.87517e-15
4.90102e-16
1.26653e-16
3.23865e-17
8.20155e-18
2.05869e-18
5.12663e-19
1.26757e-19
3.11231e-20
7.59407e-21
1.83685e-21
5.17763e-22
1.43369e-22
3.92888e-23
1.23911e-23
3.44333e-24
4.99747e-25
1
1
1
1
1
1
1
1
1
1
1
1
1
1
1
1
0.999999
0.999996
0.999987
0.999964
0.999901
0.999736
0.999327
0.998356
0.996178
0.991591
0.982631
0.967123
0.94308
0.909503
0.866715
0.816103
0.759624
0.699385
0.637381
0.57535
0.514702
0.456508
0.401527
0.350248
0.302936
0.259681
0.220438
0.185068
0.15337
0.125107
0.10003
0.077894
0.0584793
0.0420211
0.0283991
0.0164619
0.00760677
0.00309815
0.00120461
0.000440661
0.000149514
4.6458e-05
1.34558e-05
4.81478e-06
3.01369e-06
2.07201e-06
1.34677e-06
8.12423e-07
4.49833e-07
2.27776e-07
1.08018e-07
4.90343e-08
2.16011e-08
9.34282e-09
4.01049e-09
1.72473e-09
7.25616e-10
3.12652e-10
1.2548e-10
5.35412e-11
1.56825e-11
4.46963e-12
1.25846e-12
3.50337e-13
9.62947e-14
2.61206e-14
6.99391e-15
1.84934e-15
4.83205e-16
1.24843e-16
3.1919e-17
8.08253e-18
2.02878e-18
5.05233e-19
1.24924e-19
3.06855e-20
7.49193e-21
1.82196e-21
4.92296e-22
1.34146e-22
4.36057e-23
1.26304e-23
2.89656e-24
4.87883e-25
1
1
1
1
1
1
1
1
1
1
1
1
1
1
1
1
0.999999
0.999996
0.999988
0.999964
0.999902
0.999738
0.999332
0.998367
0.996202
0.991639
0.982717
0.967257
0.943266
0.909738
0.866987
0.816396
0.759922
0.699674
0.637652
0.575592
0.514911
0.456682
0.401668
0.350356
0.303015
0.259735
0.220469
0.18508
0.153367
0.125091
0.100004
0.0778598
0.0584396
0.0419832
0.028361
0.016426
0.00757826
0.00308576
0.00119935
0.000438528
0.000148699
4.61713e-05
1.33702e-05
4.80616e-06
3.01558e-06
2.07148e-06
1.34484e-06
8.10199e-07
4.47955e-07
2.26471e-07
1.07274e-07
4.86481e-08
2.14131e-08
9.25529e-09
3.97088e-09
1.70727e-09
7.18019e-10
3.09389e-10
1.23848e-10
5.28807e-11
1.54814e-11
4.40886e-12
1.24027e-12
3.44976e-13
9.47471e-14
2.56833e-14
6.87293e-15
1.81654e-15
4.74476e-16
1.2256e-16
3.13313e-17
7.93333e-18
1.99136e-18
4.95936e-19
1.22644e-19
3.01459e-20
7.37444e-21
1.8034e-21
4.50715e-22
1.21094e-22
3.36707e-23
1.09222e-23
3.17314e-24
5.98479e-25
1
1
1
1
1
1
1
1
1
1
1
1
1
1
1
1
0.999999
0.999996
0.999988
0.999965
0.999903
0.999741
0.999338
0.99838
0.99623
0.991694
0.982818
0.967415
0.943489
0.910021
0.867315
0.81675
0.760284
0.70003
0.637989
0.57589
0.515165
0.456893
0.401838
0.350488
0.303113
0.259802
0.22051
0.185099
0.153367
0.125076
0.0999767
0.0778235
0.0583968
0.0419421
0.0283192
0.0163863
0.00754665
0.003072
0.00119351
0.000436151
0.000147788
4.585e-05
1.32748e-05
4.79846e-06
3.01902e-06
2.07147e-06
1.34282e-06
8.07626e-07
4.45723e-07
2.24912e-07
1.06386e-07
4.81869e-08
2.11885e-08
9.15063e-09
3.92352e-09
1.68635e-09
7.08438e-10
3.04957e-10
1.22475e-10
5.22061e-11
1.52537e-11
4.33712e-12
1.21849e-12
3.3854e-13
9.28902e-14
2.51594e-14
6.72818e-15
1.77733e-15
4.64047e-16
1.19833e-16
3.06287e-17
7.75482e-18
1.94656e-18
4.8483e-19
1.19916e-19
2.94787e-20
7.21632e-21
1.7669e-21
4.32072e-22
1.06346e-22
3.32597e-23
9.7208e-24
2.998e-24
4.47325e-25
1
1
1
1
1
1
1
1
1
1
1
1
1
1
1
1
0.999999
0.999996
0.999988
0.999965
0.999904
0.999744
0.999345
0.998397
0.996265
0.991764
0.982943
0.96761
0.943759
0.910358
0.867702
0.817162
0.760698
0.700427
0.63836
0.57622
0.515451
0.457135
0.402035
0.350643
0.303228
0.259883
0.220561
0.185125
0.153372
0.125064
0.0999512
0.0777874
0.0583529
0.0418994
0.0282754
0.0163443
0.00751303
0.00305736
0.00118728
0.000433607
0.000146809
4.55039e-05
1.31725e-05
4.79194e-06
3.02355e-06
2.07186e-06
1.34072e-06
8.04756e-07
4.43159e-07
2.23094e-07
1.05344e-07
4.76435e-08
2.09232e-08
9.02676e-09
3.8672e-09
1.66316e-09
6.98038e-10
2.991e-10
1.19926e-10
5.10089e-11
1.48789e-11
4.22605e-12
1.18688e-12
3.29796e-13
9.05091e-14
2.4516e-14
6.5553e-15
1.7312e-15
4.51863e-16
1.16652e-16
2.98086e-17
7.54593e-18
1.89396e-18
4.71722e-19
1.16689e-19
2.86893e-20
7.01992e-21
1.71443e-21
4.20889e-22
1.04554e-22
3.41912e-23
1.08593e-23
2.64237e-24
5.48748e-25
1
1
1
1
1
1
1
1
1
1
1
1
1
1
1
1
0.999999
0.999996
0.999988
0.999966
0.999905
0.999747
0.999353
0.998415
0.996304
0.991841
0.983083
0.96783
0.94407
0.910752
0.868156
0.817647
0.761183
0.700882
0.638757
0.576591
0.51578
0.457414
0.402263
0.350822
0.303364
0.25998
0.220625
0.18516
0.153384
0.125058
0.0999303
0.0777542
0.0583108
0.0418576
0.0282323
0.0163023
0.00747899
0.0030425
0.00118094
0.000431007
0.000145803
4.51458e-05
1.30673e-05
4.78979e-06
3.03096e-06
2.07322e-06
1.3387e-06
8.01622e-07
4.40285e-07
2.21043e-07
1.04167e-07
4.70298e-08
2.06232e-08
8.88658e-09
3.80333e-09
1.63533e-09
6.86423e-10
2.93715e-10
1.17596e-10
5.00235e-11
1.45494e-11
4.12304e-12
1.15605e-12
3.20854e-13
8.79739e-14
2.38097e-14
6.3615e-15
1.67881e-15
4.37907e-16
1.12988e-16
2.88606e-17
7.30393e-18
1.83296e-18
4.5652e-19
1.1294e-19
2.77613e-20
6.7567e-21
1.63024e-21
4.98011e-22
1.18071e-22
3.06479e-23
1.0006e-23
2.97331e-24
6.04969e-25
1
1
1
1
1
1
1
1
1
1
1
1
1
1
1
1
0.999999
0.999996
0.999988
0.999967
0.999907
0.999752
0.999364
0.998439
0.996355
0.99194
0.983259
0.968101
0.944441
0.911212
0.86868
0.818204
0.761743
0.701424
0.639266
0.577035
0.51616
0.457732
0.402521
0.351026
0.30352
0.260093
0.220702
0.185207
0.153406
0.125061
0.0999178
0.0777298
0.0582768
0.0418235
0.0281942
0.0162636
0.00744681
0.00302841
0.00117489
0.000428511
0.000144829
4.47966e-05
1.29653e-05
4.79088e-06
3.04091e-06
2.07599e-06
1.3371e-06
7.98356e-07
4.37096e-07
2.18702e-07
1.02806e-07
4.63136e-08
2.02714e-08
8.72209e-09
3.72822e-09
1.60122e-09
6.71792e-10
2.87427e-10
1.14927e-10
4.87406e-11
1.4142e-11
3.9982e-12
1.11886e-12
3.10067e-13
8.49218e-14
2.2964e-14
6.13122e-15
1.61703e-15
4.21556e-16
1.0873e-16
2.77873e-17
7.04006e-18
1.76928e-18
4.41387e-19
1.09398e-19
2.69634e-20
6.60959e-21
1.60974e-21
4.01387e-22
1.10302e-22
3.5572e-23
1.09555e-23
3.14321e-24
6.22706e-25
1
1
1
1
1
1
1
1
1
1
1
1
1
1
1
1
0.999999
0.999996
0.999989
0.999967
0.999909
0.999756
0.999375
0.998464
0.996407
0.992043
0.983446
0.968394
0.944854
0.911734
0.869281
0.818845
0.762386
0.702038
0.639829
0.577533
0.516587
0.458088
0.40281
0.351255
0.303695
0.260223
0.220794
0.185269
0.153443
0.125078
0.0999194
0.077719
0.0582563
0.0418007
0.0281658
0.0162331
0.00742038
0.00301677
0.00116985
0.000426395
0.000143987
4.44888e-05
1.28762e-05
4.79936e-06
3.05495e-06
2.08059e-06
1.33604e-06
7.95026e-07
4.33678e-07
2.1617e-07
1.01333e-07
4.55404e-08
1.98925e-08
8.54466e-09
3.64715e-09
1.5645e-09
6.55459e-10
2.79811e-10
1.11782e-10
4.73389e-11
1.36929e-11
3.85962e-12
1.07722e-12
2.97878e-13
8.14415e-14
2.19904e-14
5.86267e-15
1.54712e-15
4.16774e-16
1.08309e-16
2.81308e-17
7.19332e-18
1.81725e-18
4.54533e-19
1.12772e-19
2.78056e-20
6.8042e-21
1.64025e-21
4.66796e-22
1.26084e-22
4.01777e-23
1.27277e-23
3.05171e-24
6.39895e-25
1
1
1
1
1
1
1
1
1
1
1
1
1
1
1
1
0.999999
0.999996
0.999989
0.999968
0.999911
0.999763
0.999389
0.998497
0.996476
0.992177
0.983685
0.968759
0.94535
0.912343
0.869962
0.819555
0.763087
0.702698
0.640429
0.578058
0.517034
0.458459
0.403112
0.351495
0.303883
0.260367
0.220902
0.185347
0.153497
0.125113
0.0999399
0.0777288
0.0582571
0.0417968
0.0281562
0.0162194
0.00740653
0.0030106
0.00116707
0.000425168
0.000143466
4.42836e-05
1.28181e-05
4.82017e-06
3.07454e-06
2.08793e-06
1.33625e-06
7.92054e-07
4.30163e-07
2.13396e-07
9.96663e-08
4.46436e-08
1.94442e-08
8.33145e-09
3.54879e-09
1.51987e-09
6.35371e-10
2.70957e-10
1.07695e-10
4.56299e-11
1.31587e-11
3.69662e-12
1.02847e-12
2.836e-13
7.73321e-14
2.08113e-14
5.52975e-15
1.53566e-15
4.37647e-16
1.34617e-16
4.4182e-17
1.04254e-17
2.4802e-18
5.92039e-19
1.41455e-19
3.37848e-20
8.0714e-21
1.93287e-21
4.73499e-22
1.44952e-22
4.06173e-23
1.34286e-23
3.91813e-24
6.87305e-25
1
1
1
1
1
1
1
1
1
1
1
1
1
1
1
1
0.999999
0.999996
0.999989
0.999969
0.999914
0.999769
0.999404
0.99853
0.996546
0.992313
0.983927
0.969131
0.945864
0.912982
0.870689
0.820323
0.763849
0.703418
0.64108
0.578625
0.517513
0.458853
0.40343
0.35175
0.304089
0.260538
0.221042
0.18546
0.153588
0.125185
0.099996
0.0777723
0.0582903
0.0418221
0.028174
0.0162304
0.00741177
0.00301254
0.00116766
0.000425261
0.000143426
4.42429e-05
1.28108e-05
4.85762e-06
3.102e-06
2.09918e-06
1.33792e-06
7.89562e-07
4.26735e-07
2.10598e-07
9.79755e-08
4.37303e-08
1.89853e-08
8.11184e-09
3.44672e-09
1.47326e-09
6.14509e-10
2.61525e-10
1.03898e-10
4.39137e-11
1.25985e-11
3.52265e-12
9.75911e-13
2.6806e-13
7.28066e-14
1.95194e-14
5.22639e-15
1.51707e-15
5.04217e-16
1.75363e-16
4.32802e-17
1.0553e-17
2.55828e-18
6.17674e-19
1.48662e-19
3.56886e-20
8.56338e-21
2.07278e-21
5.16445e-22
1.36243e-22
3.73292e-23
1.1321e-23
3.33424e-24
5.92125e-25
1
1
1
1
1
1
1
1
1
1
1
1
1
1
1
1
0.999999
0.999997
0.99999
0.99997
0.999917
0.999777
0.999423
0.998572
0.996635
0.992488
0.984242
0.969618
0.946529
0.91379
0.871575
0.821219
0.764699
0.704187
0.641756
0.579217
0.517981
0.459221
0.403725
0.35198
0.304262
0.260662
0.221137
0.18554
0.153659
0.125252
0.100062
0.0778364
0.0583526
0.0418772
0.0282232
0.0162711
0.00743982
0.00302428
0.00117234
0.000427006
0.000144014
4.44167e-05
1.28666e-05
4.90864e-06
3.13667e-06
2.11483e-06
1.34173e-06
7.87528e-07
4.23031e-07
2.07376e-07
9.59752e-08
4.26351e-08
1.84306e-08
7.84459e-09
3.32206e-09
1.41653e-09
5.88662e-10
2.50391e-10
9.85796e-11
4.17502e-11
1.19342e-11
3.32121e-12
9.15625e-13
2.50325e-13
6.76914e-14
1.81105e-14
4.99422e-15
1.57113e-15
5.64894e-16
1.46703e-16
3.73113e-17
9.35874e-18
2.32066e-18
5.70532e-19
1.39335e-19
3.3845e-20
8.1889e-21
1.98458e-21
4.8695e-22
1.21396e-22
3.8215e-23
1.19696e-23
2.87346e-24
5.56887e-25
1
1
1
1
1
1
1
1
1
1
1
1
1
1
1
1
0.999999
0.999997
0.99999
0.999972
0.999921
0.999786
0.999445
0.99862
0.996733
0.992672
0.984556
0.970072
0.947117
0.914477
0.872313
0.821953
0.765385
0.704791
0.642252
0.579584
0.518285
0.459441
0.40386
0.352064
0.304321
0.260716
0.221195
0.185608
0.15374
0.125346
0.100168
0.0779533
0.0584757
0.0419893
0.0283254
0.0163607
0.00750629
0.00305282
0.00118403
0.000431442
0.000145551
4.48996e-05
1.30139e-05
4.98196e-06
3.18551e-06
2.1384e-06
1.34968e-06
7.87626e-07
4.2023e-07
2.04528e-07
9.40783e-08
4.15438e-08
1.78582e-08
7.56256e-09
3.18836e-09
1.35437e-09
5.60016e-10
2.37717e-10
9.44356e-11
3.89879e-11
1.10221e-11
3.06123e-12
8.43481e-13
2.30074e-13
6.19716e-14
1.65543e-14
4.73117e-15
1.72953e-15
4.70211e-16
1.26393e-16
3.32515e-17
8.50485e-18
2.12687e-18
5.24241e-19
1.28127e-19
3.11471e-20
7.52287e-21
1.79738e-21
5.25956e-22
1.23631e-22
3.96011e-23
1.25012e-23
3.5776e-24
5.74983e-25
1
1
1
1
1
1
1
1
1
1
1
1
1
1
1
1
0.999999
0.999997
0.999991
0.999973
0.999925
0.999796
0.999467
0.998671
0.99684
0.992885
0.984943
0.970677
0.94795
0.915488
0.873402
0.823007
0.766307
0.705518
0.642756
0.579865
0.518383
0.459435
0.403804
0.351984
0.30424
0.260652
0.221162
0.185618
0.153801
0.125456
0.100321
0.0781402
0.0586868
0.0421889
0.0285148
0.0165351
0.00764013
0.00311088
0.0012082
0.000440882
0.000148931
4.59817e-05
1.33192e-05
5.07543e-06
3.2389e-06
2.17022e-06
1.36158e-06
7.88783e-07
4.17005e-07
2.01273e-07
9.18686e-08
4.02865e-08
1.72105e-08
7.24799e-09
3.04002e-09
1.28696e-09
5.29072e-10
2.21481e-10
8.77327e-11
3.59404e-11
1.00661e-11
2.7778e-12
7.61809e-13
2.06885e-13
5.55038e-14
1.50742e-14
4.63237e-15
1.68921e-15
4.33254e-16
1.11685e-16
2.86289e-17
7.24756e-18
1.81135e-18
4.48267e-19
1.10183e-19
2.69524e-20
6.56949e-21
1.59747e-21
4.05636e-22
1.14472e-22
3.37246e-23
9.59461e-24
3.02353e-24
3.59999e-25
1
1
1
1
1
1
1
1
1
1
1
1
1
1
1
1
0.999999
0.999997
0.999992
0.999975
0.99993
0.999809
0.999499
0.998741
0.996984
0.993154
0.985396
0.971306
0.948704
0.916262
0.874093
0.823546
0.766663
0.705679
0.642722
0.579702
0.518103
0.459125
0.403472
0.351657
0.303947
0.260416
0.221002
0.185542
0.153814
0.125565
0.100515
0.0784049
0.0590053
0.0425031
0.0288269
0.0168288
0.00786993
0.00321129
0.00125056
0.000457741
0.000155112
4.80219e-05
1.39087e-05
5.22444e-06
3.30914e-06
2.20738e-06
1.38216e-06
7.94299e-07
4.16065e-07
1.98839e-07
8.97725e-08
3.89303e-08
1.64529e-08
6.86104e-09
2.85161e-09
1.19866e-09
4.91677e-10
2.04653e-10
8.15062e-11
3.30098e-11
9.09159e-12
2.47536e-12
6.71984e-13
1.81075e-13
4.83455e-14
1.33611e-14
4.47427e-15
1.61407e-15
4.0496e-16
1.01464e-16
2.53059e-17
6.28295e-18
1.55333e-18
3.82647e-19
9.39867e-20
2.30319e-20
5.63533e-21
1.38096e-21
3.43607e-22
8.8369e-23
2.35243e-23
7.99374e-24
2.44548e-24
4.33017e-25
1
1
1
1
1
1
1
1
1
1
1
1
1
1
1
1
0.999999
0.999997
0.999992
0.999977
0.999935
0.99982
0.999525
0.998798
0.997102
0.99338
0.98579
0.97188
0.949446
0.917151
0.875016
0.824333
0.767133
0.705755
0.64248
0.579179
0.517419
0.458368
0.402684
0.350893
0.303255
0.259835
0.220559
0.185251
0.153677
0.125572
0.100668
0.0786846
0.0593867
0.042905
0.0292435
0.017235
0.00819669
0.00335579
0.00131235
0.000482678
0.000164422
5.11652e-05
1.48352e-05
5.44571e-06
3.41675e-06
2.26418e-06
1.40524e-06
8.00058e-07
4.14144e-07
1.95872e-07
8.7566e-08
3.76197e-08
1.57618e-08
6.52235e-09
2.69243e-09
1.12285e-09
4.55439e-10
1.88906e-10
7.36453e-11
2.99683e-11
8.20318e-12
2.21737e-12
5.97099e-13
1.59482e-13
4.24715e-14
1.21937e-14
4.46903e-15
1.20872e-15
3.20225e-16
8.34797e-17
2.1404e-17
5.39196e-18
1.339e-18
3.29332e-19
8.05297e-20
1.96135e-20
4.76823e-21
1.19699e-21
3.05016e-22
9.67226e-23
2.60549e-23
7.69585e-24
2.15428e-24
3.22662e-25
1
1
1
1
1
1
1
1
1
1
1
1
1
1
1
1
0.999999
0.999998
0.999994
0.999981
0.999944
0.999845
0.999584
0.99893
0.997377
0.993903
0.986686
0.973127
0.950903
0.918481
0.875919
0.824661
0.766933
0.705135
0.641488
0.577929
0.515986
0.456691
0.400992
0.349316
0.301876
0.258703
0.219694
0.184653
0.153332
0.125449
0.100721
0.0788873
0.0597066
0.0432615
0.0296261
0.0176198
0.00851401
0.00349814
0.00137443
0.000508406
0.000174355
5.46576e-05
1.59018e-05
5.67575e-06
3.52756e-06
2.33259e-06
1.43648e-06
8.10377e-07
4.11476e-07
1.90233e-07
8.29242e-08
3.47514e-08
1.42291e-08
5.77023e-09
2.34152e-09
9.66882e-10
3.88139e-10
1.58263e-10
6.38953e-11
2.45184e-11
6.49582e-12
1.72404e-12
4.57864e-13
1.21e-13
3.29186e-14
1.03158e-14
3.83599e-15
9.70888e-16
2.4751e-16
6.31646e-17
1.6031e-17
4.03187e-18
1.0051e-18
2.48918e-19
6.1392e-20
1.51038e-20
3.69989e-21
9.06529e-22
2.88037e-22
6.92804e-23
2.03725e-23
6.24516e-24
1.87027e-24
2.25982e-25
)
;

boundaryField
{
    fuel
    {
        type            fixedValue;
        value           uniform 1;
    }
    air
    {
        type            fixedValue;
        value           uniform 0;
    }
    outlet
    {
        type            inletOutlet;
        inletValue      uniform 0;
        value           nonuniform List<scalar> 
200
(
1
1
1
1
1
1
1
1
1
1
1
1
1
1
1
1
0.999999
0.999998
0.999994
0.999981
0.999944
0.999845
0.999584
0.99893
0.997376
0.993901
0.986683
0.973121
0.950895
0.918471
0.875908
0.824649
0.766921
0.705127
0.641484
0.577931
0.515993
0.456706
0.401011
0.349339
0.301902
0.258732
0.219724
0.184685
0.153364
0.125481
0.100754
0.0789189
0.0597369
0.0432877
0.0296504
0.0176413
0.00853086
0.00350636
0.00137822
0.000510034
0.000174999
5.48883e-05
1.59751e-05
5.69592e-06
3.53786e-06
2.33956e-06
1.44097e-06
8.13124e-07
4.12962e-07
1.90951e-07
8.32505e-08
3.48943e-08
1.42911e-08
5.79683e-09
2.35319e-09
9.70703e-10
3.93819e-10
1.57323e-10
6.81924e-11
2.43518e-11
6.41259e-12
1.71952e-12
4.59628e-13
1.21731e-13
3.31227e-14
1.03726e-14
3.8559e-15
9.75479e-16
2.48707e-16
6.34885e-17
1.61178e-17
4.05453e-18
1.01091e-18
2.50401e-19
6.1766e-20
1.5194e-20
3.72106e-21
9.11933e-22
2.90319e-22
7.66437e-23
2.49561e-23
7.73586e-24
2.29437e-24
3.69457e-25
1
1
1
1
1
1
1
1
1
1
1
1
1
1
1
1
0.999999
0.999998
0.999994
0.999981
0.999944
0.999845
0.999584
0.99893
0.997377
0.993903
0.986686
0.973127
0.950903
0.918481
0.875919
0.824661
0.766933
0.705135
0.641488
0.577929
0.515986
0.456691
0.400992
0.349316
0.301876
0.258703
0.219694
0.184653
0.153332
0.125449
0.100721
0.0788873
0.0597066
0.0432615
0.0296261
0.0176198
0.00851401
0.00349814
0.00137443
0.000508406
0.000174355
5.46576e-05
1.59018e-05
5.67575e-06
3.52756e-06
2.33259e-06
1.43648e-06
8.10377e-07
4.11476e-07
1.90233e-07
8.29242e-08
3.47514e-08
1.42291e-08
5.77023e-09
2.34152e-09
9.66882e-10
3.88139e-10
1.58263e-10
6.38953e-11
2.45184e-11
6.49582e-12
1.72404e-12
4.57864e-13
1.21e-13
3.29186e-14
1.03158e-14
3.83599e-15
9.70888e-16
2.4751e-16
6.31646e-17
1.6031e-17
4.03187e-18
1.0051e-18
2.48918e-19
6.1392e-20
1.51038e-20
3.69989e-21
9.06529e-22
2.88037e-22
6.92804e-23
2.03725e-23
6.24516e-24
1.87027e-24
2.25982e-25
)
;
    }
    frontAndBack
    {
        type            empty;
    }
}


// ************************************************************************* //
