/*--------------------------------*- C++ -*----------------------------------*\
  =========                 |
  \\      /  F ield         | OpenFOAM: The Open Source CFD Toolbox
   \\    /   O peration     | Website:  https://openfoam.org
    \\  /    A nd           | Version:  11
     \\/     M anipulation  |
\*---------------------------------------------------------------------------*/
FoamFile
{
    format      ascii;
    class       volScalarField;
    location    "0.1";
    object      CO2;
}
// * * * * * * * * * * * * * * * * * * * * * * * * * * * * * * * * * * * * * //

dimensions      [0 0 0 0 0 0 0];

internalField   nonuniform List<scalar> 
4000
(
2.69855e-17
2.18181e-16
9.71013e-16
3.96984e-15
1.58968e-14
6.31511e-14
2.49509e-13
9.80607e-13
3.83169e-12
1.48753e-11
5.7328e-11
1.51437e-10
4.2343e-10
1.40613e-09
4.89732e-09
1.693e-08
5.71734e-08
1.88105e-07
6.01634e-07
1.86592e-06
5.5957e-06
1.61762e-05
4.49225e-05
0.000119371
0.000302047
0.000723131
0.00162392
0.00336332
0.00628646
0.0106477
0.0164864
0.0236395
0.0318152
0.0406823
0.0499202
0.0592401
0.0684077
0.0772579
0.0856367
0.093467
0.100704
0.107332
0.113354
0.118789
0.123665
0.128007
0.131832
0.135127
0.137827
0.139723
0.140451
0.139269
0.134404
0.122321
0.105555
0.0881982
0.0719244
0.0573603
0.0447266
0.0339921
0.0243321
0.0164744
0.0103853
0.00599443
0.00312472
0.00148683
0.000667943
0.000288554
0.000121734
5.07925e-05
2.1156e-05
8.91545e-06
3.6834e-06
1.48322e-06
6.45778e-07
2.28794e-07
6.07812e-08
1.64919e-08
4.47726e-09
1.20945e-09
3.36865e-10
1.0814e-10
4.11538e-11
1.07558e-11
2.83906e-12
7.50996e-13
1.97893e-13
5.18117e-14
1.34864e-14
3.49712e-15
9.05089e-16
2.34033e-16
6.03562e-17
1.56021e-17
5.1671e-18
1.4461e-18
4.91235e-19
1.58927e-19
4.87698e-20
8.0075e-21
3.12347e-17
2.5261e-16
1.1246e-15
4.60342e-15
1.84508e-14
7.32765e-14
2.89e-13
1.13181e-12
4.39807e-12
1.69408e-11
6.46098e-11
1.69408e-10
5.18353e-10
1.77023e-09
6.18363e-09
2.1212e-08
7.09583e-08
2.30994e-07
7.30151e-07
2.23532e-06
6.6097e-06
1.88207e-05
5.14356e-05
0.000134404
0.00033423
0.00078614
0.00173462
0.00352036
0.00647242
0.0108176
0.0165987
0.0236726
0.0317764
0.0405839
0.0497674
0.059049
0.0681888
0.0770017
0.0853772
0.0932245
0.100492
0.107157
0.11322
0.118696
0.123611
0.127987
0.131837
0.135149
0.137853
0.139729
0.140409
0.139117
0.134021
0.121484
0.104565
0.0872079
0.0710123
0.0565705
0.0440906
0.0334999
0.0239914
0.0162955
0.0103426
0.0060377
0.00321001
0.00156066
0.000717192
0.00031672
0.000136371
5.79364e-05
2.45148e-05
1.04284e-05
4.30718e-06
1.77842e-06
7.45511e-07
2.85297e-07
7.77452e-08
2.13479e-08
5.86462e-09
1.59913e-09
4.35438e-10
1.28261e-10
4.80331e-11
1.34374e-11
3.68464e-12
9.92873e-13
2.63519e-13
6.89571e-14
1.78566e-14
4.59465e-15
1.1783e-15
3.01658e-16
7.73155e-17
2.00178e-17
5.44328e-18
1.4582e-18
5.24898e-19
1.48722e-19
4.404e-20
7.23196e-21
3.57426e-17
2.8722e-16
1.27801e-15
5.21607e-15
2.08147e-14
8.22065e-14
3.21964e-13
1.25002e-12
4.80746e-12
1.8308e-11
6.9082e-11
1.79965e-10
5.66088e-10
1.95031e-09
6.80516e-09
2.32455e-08
7.74108e-08
2.5081e-07
7.88809e-07
2.402e-06
7.06234e-06
1.999e-05
5.42936e-05
0.000140971
0.000348302
0.000813932
0.00178438
0.00359475
0.00657077
0.010937
0.0167232
0.0237772
0.0318337
0.0405845
0.0497222
0.0589632
0.0680799
0.0768828
0.0852543
0.0931055
0.100384
0.107066
0.11315
0.11865
0.123588
0.127985
0.131855
0.135181
0.137888
0.139741
0.140372
0.138969
0.133647
0.120673
0.103635
0.0863164
0.0702373
0.0559488
0.0436383
0.0331928
0.0238211
0.016233
0.0103519
0.00609082
0.00326463
0.00159958
0.000741098
0.00032996
0.00014317
6.12501e-05
2.60763e-05
1.11612e-05
4.6722e-06
1.93672e-06
8.22158e-07
3.13509e-07
8.59671e-08
2.37808e-08
6.58738e-09
1.81298e-09
4.9565e-10
1.40144e-10
4.82371e-11
1.77944e-11
4.60679e-12
1.19544e-12
3.09814e-13
8.01805e-14
2.07163e-14
5.34349e-15
1.37631e-15
3.53963e-16
9.05578e-17
2.33622e-17
6.52604e-18
1.96379e-18
6.8752e-19
1.75009e-19
5.56163e-20
8.75861e-21
4.02415e-17
3.25883e-16
1.45313e-15
5.94934e-15
2.38232e-14
9.43262e-14
3.69467e-13
1.42812e-12
5.42561e-12
2.0141e-11
7.24464e-11
1.90689e-10
6.22773e-10
2.17447e-09
7.58093e-09
2.58197e-08
8.56584e-08
2.76265e-07
8.64233e-07
2.61576e-06
7.63954e-06
2.1468e-05
5.78629e-05
0.000149041
0.000365217
0.000846381
0.00184041
0.00367425
0.00666763
0.0110378
0.0168137
0.0238473
0.0318779
0.0405998
0.0497098
0.0589323
0.0680321
0.0768311
0.0852001
0.0930523
0.100336
0.107027
0.113123
0.118636
0.123588
0.127999
0.13188
0.135213
0.137919
0.139754
0.14035
0.13887
0.133393
0.120129
0.103023
0.0857435
0.0697564
0.055581
0.0433878
0.0330398
0.0237475
0.0162145
0.0103745
0.00613466
0.00331424
0.00163743
0.000765718
0.000344223
0.000150771
6.50657e-05
2.79205e-05
1.20348e-05
5.06661e-06
2.11651e-06
8.98249e-07
3.45244e-07
9.58551e-08
2.67945e-08
7.48653e-09
2.07502e-09
5.69396e-10
1.58771e-10
5.0247e-11
1.87457e-11
4.94585e-12
1.31359e-12
3.48513e-13
9.18199e-14
2.39771e-14
6.21357e-15
1.60171e-15
4.11501e-16
1.05553e-16
2.70072e-17
7.06205e-18
2.2843e-18
6.61398e-19
1.87525e-19
6.35756e-20
1.04552e-20
4.39962e-17
3.56995e-16
1.60018e-15
6.59712e-15
2.66184e-14
1.06406e-13
4.22372e-13
1.6651e-12
6.51794e-12
2.53173e-11
6.87117e-11
1.96844e-10
6.6691e-10
2.34833e-09
8.16648e-09
2.77138e-08
9.15901e-08
2.94217e-07
9.16615e-07
2.7628e-06
8.03556e-06
2.24885e-05
6.03692e-05
0.000154879
0.000378025
0.000872536
0.00188928
0.00375239
0.00677755
0.0111734
0.0169617
0.0239914
0.032004
0.0406984
0.0497752
0.0589653
0.068039
0.0768233
0.0851854
0.0930349
0.100319
0.107013
0.113115
0.118635
0.123594
0.128013
0.1319
0.135236
0.13794
0.139764
0.140339
0.138814
0.133251
0.119829
0.102697
0.0854526
0.0695275
0.0554225
0.043297
0.0330004
0.0237525
0.0162598
0.0104431
0.00620545
0.0033763
0.00167908
0.000790099
0.000357214
0.00015727
6.81892e-05
2.93909e-05
1.27205e-05
5.38135e-06
2.26009e-06
9.57776e-07
3.71024e-07
1.04106e-07
2.93534e-08
8.25938e-09
2.3036e-09
6.35441e-10
1.74373e-10
5.14192e-11
1.92275e-11
5.35477e-12
1.47261e-12
3.99561e-13
1.06382e-13
2.78363e-14
7.19407e-15
1.84662e-15
4.71804e-16
1.19874e-16
3.01803e-17
9.07909e-18
2.23167e-18
6.14087e-19
2.09878e-19
6.85066e-20
8.44646e-21
4.63767e-17
3.75053e-16
1.67667e-15
6.88807e-15
2.76651e-14
1.09941e-13
4.3334e-13
1.69471e-12
6.57324e-12
2.52686e-11
6.74248e-11
2.06203e-10
7.10055e-10
2.50798e-09
8.70624e-09
2.94845e-08
9.72268e-08
3.11553e-07
9.67907e-07
2.90815e-06
8.42826e-06
2.34946e-05
6.27997e-05
0.000160378
0.000389579
0.000894852
0.0019284
0.00381036
0.00685417
0.0112646
0.0170609
0.0240913
0.032098
0.0407809
0.0498422
0.0590133
0.0680765
0.0768478
0.0851982
0.0930411
0.100322
0.107017
0.113119
0.118641
0.123604
0.128025
0.131914
0.135251
0.137954
0.139771
0.140335
0.13879
0.133187
0.119697
0.102561
0.0853421
0.0694531
0.0553851
0.043294
0.0330323
0.023813
0.0163366
0.0105222
0.00627006
0.00343104
0.00171651
0.000811774
0.000368827
0.000163143
7.10353e-05
3.07363e-05
1.33484e-05
5.65505e-06
2.389e-06
1.00974e-06
3.95419e-07
1.11948e-07
3.17517e-08
8.9746e-09
2.51326e-09
6.96171e-10
1.90985e-10
5.40555e-11
1.74969e-11
6.45163e-12
1.73138e-12
4.5629e-13
1.1887e-13
3.06877e-14
7.87129e-15
2.00823e-15
5.10341e-16
1.28921e-16
3.26866e-17
1.07016e-17
2.59486e-18
6.56858e-19
2.24694e-19
6.02696e-20
1.22999e-20
4.97685e-17
4.0266e-16
1.79439e-15
7.33158e-15
2.91825e-14
1.14544e-13
4.4495e-13
1.71501e-12
6.57163e-12
2.50436e-11
6.667e-11
2.13578e-10
7.47517e-10
2.64693e-09
9.1745e-09
3.10133e-08
1.02062e-07
3.26314e-07
1.01128e-06
3.03052e-06
8.75878e-06
2.4347e-05
6.48914e-05
0.000165237
0.000400184
0.000916341
0.00196813
0.00387316
0.00694176
0.0113729
0.0171813
0.0242143
0.0322154
0.0408873
0.0499353
0.0590936
0.0681392
0.0768962
0.0852354
0.0930686
0.100342
0.10703
0.113129
0.11865
0.123612
0.128033
0.131922
0.135259
0.137961
0.139776
0.140336
0.138784
0.13317
0.119659
0.10253
0.085329
0.0694622
0.0554157
0.0433454
0.03311
0.023906
0.016437
0.0106229
0.00636131
0.00349498
0.00175716
0.000834179
0.000380387
0.00016883
7.37423e-05
3.20011e-05
1.39152e-05
5.90505e-06
2.52298e-06
1.04525e-06
4.2508e-07
1.21228e-07
3.42862e-08
9.66994e-09
2.70913e-09
7.51921e-10
2.06567e-10
5.65184e-11
1.70828e-11
5.81058e-12
2.06589e-12
5.27392e-13
1.33508e-13
3.36848e-14
8.48487e-15
2.13599e-15
5.37451e-16
1.35049e-16
3.4489e-17
9.39458e-18
2.58723e-18
7.39529e-19
2.47624e-19
6.62386e-20
1.35824e-20
5.3791e-17
4.27547e-16
1.90266e-15
7.77832e-15
3.09397e-14
1.20789e-13
4.6414e-13
1.76179e-12
6.60883e-12
2.44333e-11
6.52455e-11
2.19921e-10
7.80002e-10
2.76159e-09
9.55916e-09
3.22657e-08
1.06013e-07
3.38361e-07
1.04666e-06
3.13026e-06
9.02785e-06
2.50387e-05
6.65778e-05
0.000169115
0.000408534
0.000933014
0.0019986
0.00392111
0.00700931
0.0114585
0.0172803
0.0243201
0.0323216
0.0409884
0.0500273
0.059174
0.0682069
0.0769515
0.0852795
0.0931032
0.100369
0.107051
0.113146
0.118663
0.123622
0.128041
0.131928
0.135264
0.137965
0.139779
0.14034
0.13879
0.13318
0.119679
0.102565
0.0853825
0.0695341
0.0555071
0.0434469
0.0332205
0.0240148
0.0165375
0.0107085
0.00643156
0.0035467
0.00179076
0.00085281
0.000390011
0.000173555
7.59832e-05
3.30415e-05
1.43957e-05
6.12871e-06
2.6245e-06
1.09088e-06
4.44243e-07
1.27077e-07
3.60812e-08
1.02162e-08
2.87264e-09
8.00167e-10
2.2055e-10
6.03099e-11
1.70751e-11
5.03597e-12
1.59071e-12
5.38251e-13
1.32064e-13
3.27404e-14
8.16067e-15
2.04093e-15
5.1152e-16
1.28406e-16
3.26902e-17
8.80944e-18
2.93422e-18
8.37994e-19
2.59534e-19
8.21128e-20
1.14827e-20
5.8485e-17
4.34446e-16
1.9205e-15
7.96517e-15
3.22415e-14
1.2855e-13
5.04809e-13
1.95365e-12
7.5388e-12
2.06647e-11
6.45233e-11
2.25066e-10
8.09632e-10
2.86614e-09
9.91044e-09
3.34169e-08
1.09677e-07
3.49628e-07
1.08003e-06
3.22513e-06
9.28574e-06
2.57065e-05
6.82177e-05
0.000172912
0.000416755
0.000949484
0.00202867
0.00396813
0.00707475
0.0115402
0.0173732
0.0244182
0.0324193
0.0410811
0.050112
0.0592484
0.0682703
0.077004
0.0853219
0.0931366
0.100395
0.107071
0.11316
0.118672
0.123628
0.128044
0.13193
0.135265
0.137966
0.139782
0.140346
0.138805
0.133213
0.11975
0.10266
0.0854927
0.0696541
0.0556301
0.0435678
0.033344
0.0241311
0.0166413
0.0107922
0.00650215
0.00359843
0.00182405
0.000871191
0.000399458
0.000178166
7.81537e-05
3.40439e-05
1.48578e-05
6.3342e-06
2.71481e-06
1.12898e-06
4.59876e-07
1.32319e-07
3.7745e-08
1.07264e-08
3.02469e-09
8.44591e-10
2.33467e-10
6.39014e-11
1.73634e-11
4.82481e-12
1.29825e-12
3.49997e-13
9.30655e-14
2.44935e-14
6.39514e-15
1.65965e-15
4.28831e-16
1.10438e-16
2.85041e-17
7.62302e-18
2.69452e-18
7.7621e-19
2.30643e-19
8.06432e-20
1.01969e-20
8.78879e-17
4.33986e-16
1.97335e-15
8.33567e-15
3.42361e-14
1.37471e-13
5.3081e-13
1.91693e-12
6.79906e-12
1.86417e-11
6.45835e-11
2.31092e-10
8.34281e-10
2.9501e-09
1.01899e-08
3.43247e-08
1.12536e-07
3.58329e-07
1.10554e-06
3.29695e-06
9.47949e-06
2.62057e-05
6.94417e-05
0.000175755
0.000422967
0.000962119
0.00205223
0.0040061
0.00712929
0.0116104
0.0174552
0.0245069
0.0325092
0.0411679
0.0501922
0.0593195
0.0683312
0.0770547
0.0853628
0.0931687
0.100419
0.107088
0.113172
0.11868
0.123632
0.128045
0.131929
0.135263
0.137964
0.139782
0.140352
0.138822
0.133254
0.119841
0.102776
0.0856216
0.0697879
0.0557633
0.0436945
0.0334678
0.0242511
0.0167535
0.0108928
0.00657653
0.00364884
0.00185481
0.000887635
0.000407697
0.000182106
7.99789e-05
3.48779e-05
1.52398e-05
6.50119e-06
2.79305e-06
1.15539e-06
4.73637e-07
1.36812e-07
3.91584e-08
1.11575e-08
3.15263e-09
8.81686e-10
2.44038e-10
6.68816e-11
1.81594e-11
4.88757e-12
1.30493e-12
3.46107e-13
9.12117e-14
2.38945e-14
6.22615e-15
1.61475e-15
4.16893e-16
1.072e-16
2.79513e-17
7.73913e-18
2.34609e-18
7.26456e-19
2.23287e-19
6.50101e-20
9.59948e-21
6.65864e-17
5.52927e-16
1.8281e-15
7.70413e-15
3.23082e-14
1.34595e-13
5.60988e-13
1.66887e-12
5.10282e-12
1.77606e-11
6.46004e-11
2.37418e-10
8.56622e-10
3.02551e-09
1.04426e-08
3.51537e-08
1.15178e-07
3.66471e-07
1.12971e-06
3.36586e-06
9.66743e-06
2.66941e-05
7.06447e-05
0.000178547
0.000429024
0.00097427
0.00207444
0.00404099
0.00717824
0.0116723
0.0175268
0.0245839
0.0325876
0.0412442
0.0502644
0.0593829
0.0683855
0.0771
0.0853995
0.0931973
0.10044
0.107103
0.113181
0.118685
0.123633
0.128044
0.131926
0.135258
0.137959
0.139781
0.140356
0.13884
0.1333
0.119941
0.102901
0.0857566
0.0699249
0.0558967
0.0438184
0.033584
0.0243614
0.0168528
0.0109752
0.00663995
0.00369309
0.00188246
0.000902626
0.000415287
0.000185761
8.16762e-05
3.56455e-05
1.5582e-05
6.65422e-06
2.85989e-06
1.18475e-06
4.85479e-07
1.40502e-07
4.02899e-08
1.15004e-08
3.25497e-09
9.11715e-10
2.52697e-10
6.93374e-11
1.88451e-11
5.07618e-12
1.35597e-12
3.59428e-13
9.46061e-14
2.47446e-14
6.43602e-15
1.6659e-15
4.29262e-16
1.10097e-16
2.85634e-17
7.77697e-18
2.11866e-18
7.77672e-19
2.35349e-19
6.15637e-20
1.16651e-20
3.99085e-17
3.15257e-16
1.36512e-15
5.50204e-15
2.18104e-14
8.54395e-14
3.29855e-13
1.24899e-12
4.71146e-12
1.77246e-11
6.60759e-11
2.42592e-10
8.74275e-10
3.0858e-09
1.06448e-08
3.58134e-08
1.17263e-07
3.72836e-07
1.14843e-06
3.41874e-06
9.81054e-06
2.70639e-05
7.15543e-05
0.000180665
0.000433664
0.000983728
0.00209211
0.00406953
0.00721933
0.0117253
0.0175889
0.0246511
0.0326555
0.0413088
0.0503211
0.0594362
0.0684327
0.0771399
0.085432
0.0932226
0.100459
0.107116
0.113189
0.118688
0.123633
0.128041
0.131921
0.135252
0.137954
0.139779
0.14036
0.138857
0.133345
0.120042
0.103025
0.0858893
0.0700584
0.0560265
0.0439402
0.0337021
0.0244657
0.0169418
0.0110489
0.0066964
0.00373223
0.0019067
0.000915673
0.000421843
0.000188897
8.31259e-05
3.63008e-05
1.5875e-05
6.78201e-06
2.91694e-06
1.2064e-06
4.95423e-07
1.43685e-07
4.12793e-08
1.18018e-08
3.345e-09
9.3809e-10
2.60284e-10
7.14827e-11
1.94422e-11
5.24001e-12
1.40031e-12
3.71282e-13
9.77376e-14
2.5563e-14
6.64812e-15
1.72074e-15
4.43105e-16
1.13358e-16
2.90821e-17
8.48585e-18
2.23132e-18
6.81067e-19
2.30805e-19
6.76697e-20
8.98857e-21
3.52221e-17
2.83988e-16
1.25927e-15
5.13624e-15
2.05205e-14
8.11677e-14
3.18175e-13
1.23514e-12
4.74347e-12
1.79874e-11
6.71947e-11
2.46776e-10
8.89243e-10
3.13784e-09
1.08209e-08
3.63922e-08
1.19107e-07
3.78511e-07
1.16526e-06
3.46673e-06
9.94147e-06
2.74045e-05
7.23952e-05
0.000182624
0.000437935
0.000992347
0.00210798
0.00409469
0.00725497
0.0117707
0.0176417
0.0247081
0.0327133
0.0413645
0.0503734
0.0594828
0.0684734
0.0771743
0.0854598
0.0932442
0.100475
0.107127
0.113195
0.118691
0.123632
0.128038
0.131916
0.135246
0.137948
0.139776
0.140363
0.138874
0.133389
0.120137
0.103142
0.0860131
0.0701816
0.0561444
0.0440488
0.0338036
0.0245572
0.0170213
0.0111141
0.00674615
0.00376671
0.00192809
0.000927204
0.000427641
0.00019167
8.4407e-05
3.68796e-05
1.61338e-05
6.89512e-06
2.96627e-06
1.22866e-06
5.04766e-07
1.46581e-07
4.21668e-08
1.20698e-08
3.4245e-09
9.61244e-10
2.66913e-10
7.33505e-11
1.99605e-11
5.38182e-12
1.4386e-12
3.81495e-13
1.00432e-13
2.62664e-14
6.82932e-15
1.76619e-15
4.54613e-16
1.16282e-16
2.99516e-17
8.21175e-18
2.67613e-18
8.48447e-19
2.1245e-19
5.88476e-20
1.20692e-20
3.49788e-17
2.82717e-16
1.25855e-15
5.15081e-15
2.06377e-14
8.1842e-14
3.21598e-13
1.25095e-12
4.80928e-12
1.82419e-11
6.81431e-11
2.50221e-10
9.01465e-10
3.18015e-09
1.09634e-08
3.68589e-08
1.20587e-07
3.83045e-07
1.17865e-06
3.50469e-06
1.00446e-05
2.76719e-05
7.30545e-05
0.000184161
0.000441302
0.000999199
0.00212075
0.00411524
0.00728447
0.0118087
0.0176865
0.024757
0.0327638
0.0414144
0.0504209
0.0595249
0.0685094
0.0772041
0.0854837
0.0932625
0.100488
0.107135
0.1132
0.118692
0.123631
0.128034
0.131911
0.13524
0.137943
0.139774
0.140366
0.138889
0.133428
0.120225
0.103249
0.0861254
0.0702926
0.0562503
0.0441459
0.0338938
0.0246377
0.0170889
0.0111711
0.00678977
0.00379668
0.00194651
0.000937085
0.000432588
0.000194029
8.54945e-05
3.73728e-05
1.6352e-05
6.98502e-06
3.01337e-06
1.24268e-06
5.13237e-07
1.49519e-07
4.30554e-08
1.23261e-08
3.49768e-09
9.82013e-10
2.72759e-10
7.49792e-11
2.04093e-11
5.50396e-12
1.47145e-12
3.90227e-13
1.02729e-13
2.68647e-14
6.98409e-15
1.80607e-15
4.64516e-16
1.18738e-16
3.08621e-17
8.79078e-18
2.64319e-18
8.47687e-19
2.15956e-19
5.91319e-20
1.27859e-20
3.53301e-17
2.85562e-16
1.2719e-15
5.20821e-15
2.08729e-14
8.27883e-14
3.25349e-13
1.26559e-12
4.86544e-12
1.84537e-11
6.89273e-11
2.53068e-10
9.1158e-10
3.21524e-09
1.1082e-08
3.7248e-08
1.21825e-07
3.86851e-07
1.18993e-06
3.5368e-06
1.01322e-05
2.78998e-05
7.36176e-05
0.000185475
0.000444176
0.00100503
0.00213154
0.00413249
0.00730909
0.0118403
0.0177236
0.0247975
0.0328055
0.0414551
0.0504591
0.0595591
0.068539
0.0772288
0.0855034
0.0932775
0.100499
0.107142
0.113203
0.118693
0.123629
0.128031
0.131906
0.135235
0.137938
0.139771
0.140369
0.138902
0.133463
0.120302
0.103343
0.0862236
0.0703894
0.0563423
0.0442302
0.0339723
0.0247092
0.0171524
0.0112214
0.00682698
0.00382192
0.00196199
0.000945394
0.000436747
0.00019601
8.64083e-05
3.77881e-05
1.65218e-05
7.06093e-06
3.06047e-06
1.24933e-06
5.2774e-07
1.54462e-07
4.43243e-08
1.26306e-08
3.5729e-09
1.0015e-09
2.77963e-10
7.63883e-11
2.07914e-11
5.60713e-12
1.49906e-12
3.97546e-13
1.04649e-13
2.73638e-14
7.11286e-15
1.83932e-15
4.73274e-16
1.20856e-16
3.09567e-17
8.67274e-18
2.97594e-18
8.28988e-19
2.70642e-19
7.81356e-20
1.5495e-20
3.56958e-17
2.89705e-16
1.28274e-15
5.25755e-15
2.10705e-14
8.35678e-14
3.28397e-13
1.27738e-12
4.91045e-12
1.8623e-11
6.95533e-11
2.55339e-10
9.19638e-10
3.24316e-09
1.11762e-08
3.75568e-08
1.22806e-07
3.89864e-07
1.19884e-06
3.56215e-06
1.02012e-05
2.80792e-05
7.40606e-05
0.00018651
0.000446442
0.00100964
0.00214011
0.00414626
0.00732884
0.0118658
0.0177536
0.0248302
0.0328391
0.041488
0.0504898
0.0595867
0.0685628
0.0772486
0.0855193
0.0932895
0.100507
0.107147
0.113206
0.118693
0.123627
0.128027
0.131901
0.13523
0.137933
0.139769
0.140371
0.138913
0.133493
0.120367
0.103422
0.0863065
0.0704707
0.0564194
0.0443007
0.0340375
0.024768
0.0172032
0.0112625
0.00685775
0.00384273
0.00197464
0.000952133
0.000440103
0.000197602
8.71402e-05
3.81177e-05
1.66685e-05
7.12599e-06
3.09025e-06
1.26114e-06
5.33364e-07
1.56261e-07
4.48639e-08
1.27894e-08
3.6194e-09
1.01497e-09
2.81811e-10
7.74706e-11
2.10913e-11
5.68903e-12
1.52113e-12
4.03415e-13
1.06192e-13
2.77655e-14
7.21644e-15
1.86575e-15
4.7993e-16
1.22585e-16
3.09854e-17
9.49682e-18
2.58007e-18
7.16821e-19
2.38597e-19
5.91331e-20
1.3326e-20
3.59098e-17
2.90394e-16
1.2934e-15
5.29613e-15
2.12241e-14
8.41735e-14
3.30762e-13
1.28652e-12
4.94535e-12
1.87543e-11
7.00388e-11
2.571e-10
9.25891e-10
3.26483e-09
1.12494e-08
3.7797e-08
1.23569e-07
3.92211e-07
1.2058e-06
3.58194e-06
1.02552e-05
2.82196e-05
7.44078e-05
0.000187321
0.000448219
0.00101325
0.00214681
0.00415701
0.00734423
0.0118856
0.0177769
0.0248556
0.0328652
0.0415134
0.0505136
0.059608
0.0685813
0.0772639
0.0855314
0.0932986
0.100513
0.107151
0.113207
0.118692
0.123625
0.128024
0.131897
0.135226
0.137929
0.139767
0.140372
0.138921
0.133516
0.12042
0.103486
0.0863729
0.0705359
0.0564811
0.0443572
0.0340897
0.0248151
0.017244
0.0112958
0.00688268
0.00385954
0.00198471
0.000957425
0.00044271
0.000198832
8.77045e-05
3.83727e-05
1.67836e-05
7.17634e-06
3.11335e-06
1.26954e-06
5.37402e-07
1.57566e-07
4.52688e-08
1.29125e-08
3.65614e-09
1.02571e-09
2.8489e-10
7.83367e-11
2.13308e-11
5.75423e-12
1.53863e-12
4.08055e-13
1.07409e-13
2.80813e-14
7.29782e-15
1.88678e-15
4.85445e-16
1.23859e-16
3.14328e-17
9.35798e-18
2.36134e-18
7.68876e-19
2.5127e-19
5.59748e-20
1.18581e-20
3.61642e-17
2.93536e-16
1.29898e-15
5.32431e-15
2.13367e-14
8.46162e-14
3.32489e-13
1.29319e-12
4.97082e-12
1.88501e-11
7.03929e-11
2.58384e-10
9.30452e-10
3.28065e-09
1.13028e-08
3.79722e-08
1.24126e-07
3.93923e-07
1.21087e-06
3.59638e-06
1.02945e-05
2.8322e-05
7.46611e-05
0.000187913
0.000449516
0.00101588
0.00215172
0.00416488
0.00735551
0.0119002
0.017794
0.0248743
0.0328843
0.0415321
0.050531
0.0596236
0.0685947
0.0772751
0.0855402
0.0933051
0.100518
0.107154
0.113208
0.118692
0.123624
0.128022
0.131894
0.135222
0.137926
0.139765
0.140373
0.138928
0.133534
0.12046
0.103533
0.0864226
0.0705845
0.0565271
0.0443993
0.0341288
0.0248505
0.0172749
0.0113212
0.0069018
0.00387243
0.00199231
0.00096132
0.0004446
0.000199717
8.811e-05
3.85574e-05
1.68689e-05
7.21411e-06
3.13104e-06
1.27565e-06
5.40298e-07
1.58542e-07
4.5585e-08
1.30108e-08
3.68567e-09
1.03433e-09
2.87341e-10
7.90191e-11
2.15173e-11
5.80438e-12
1.55194e-12
4.11549e-13
1.08317e-13
2.83157e-14
7.35773e-15
1.90187e-15
4.89451e-16
1.25466e-16
3.20618e-17
8.20432e-18
2.46548e-18
8.11386e-19
2.50203e-19
6.92576e-20
1.23364e-20
3.67328e-17
2.92455e-16
1.30472e-15
5.34242e-15
2.14081e-14
8.48984e-14
3.33593e-13
1.29746e-12
4.98708e-12
1.89112e-11
7.06188e-11
2.59203e-10
9.33356e-10
3.29071e-09
1.13367e-08
3.80836e-08
1.2448e-07
3.9501e-07
1.21409e-06
3.60554e-06
1.03195e-05
2.83871e-05
7.48219e-05
0.000188289
0.000450341
0.00101756
0.00215484
0.00416991
0.00736273
0.0119095
0.017805
0.0248863
0.0328966
0.0415441
0.0505422
0.0596337
0.0686034
0.0772822
0.0855459
0.0933093
0.100521
0.107155
0.113209
0.118691
0.123622
0.12802
0.131892
0.13522
0.137924
0.139764
0.140373
0.138932
0.133545
0.120485
0.103564
0.0864551
0.0706163
0.0565572
0.0444268
0.0341541
0.0248734
0.0172946
0.0113374
0.00691409
0.00388082
0.0019973
0.000963869
0.000445826
0.000200287
8.83709e-05
3.8678e-05
1.6927e-05
7.2398e-06
3.1443e-06
1.2791e-06
5.42359e-07
1.59271e-07
4.58227e-08
1.30846e-08
3.70772e-09
1.0407e-09
2.8913e-10
7.95093e-11
2.1649e-11
5.83919e-12
1.56103e-12
4.13898e-13
1.08919e-13
2.84686e-14
7.39633e-15
1.91153e-15
4.91863e-16
1.26228e-16
3.2348e-17
8.30439e-18
2.69194e-18
6.60639e-19
2.08587e-19
5.40731e-20
1.19128e-20
3.6391e-17
2.93803e-16
1.30715e-15
5.35055e-15
2.1441e-14
8.50291e-14
3.34101e-13
1.29941e-12
4.99451e-12
1.8939e-11
7.07215e-11
2.59574e-10
9.34672e-10
3.29526e-09
1.13521e-08
3.81338e-08
1.2464e-07
3.955e-07
1.21553e-06
3.60966e-06
1.03307e-05
2.84162e-05
7.48939e-05
0.000188457
0.000450709
0.00101831
0.00215624
0.00417216
0.00736598
0.0119137
0.01781
0.0248918
0.0329023
0.0415497
0.0505475
0.0596384
0.0686075
0.0772856
0.0855485
0.0933112
0.100522
0.107156
0.113209
0.118691
0.123622
0.128019
0.131891
0.135218
0.137922
0.139763
0.140373
0.138933
0.133551
0.120497
0.103579
0.0864704
0.0706313
0.0565714
0.0444398
0.0341661
0.0248843
0.0173042
0.0113451
0.00691989
0.00388474
0.00199963
0.000965066
0.000446401
0.000200552
8.84909e-05
3.87323e-05
1.69528e-05
7.25104e-06
3.14988e-06
1.27987e-06
5.43022e-07
1.59534e-07
4.59126e-08
1.31132e-08
3.71639e-09
1.04323e-09
2.89851e-10
7.97094e-11
2.17034e-11
5.85379e-12
1.56489e-12
4.14911e-13
1.09183e-13
2.8537e-14
7.41402e-15
1.91603e-15
4.92542e-16
1.25397e-16
3.3444e-17
9.08185e-18
2.68131e-18
7.54915e-19
2.36913e-19
6.22196e-20
9.12008e-21
3.63828e-17
2.9398e-16
1.30711e-15
5.35051e-15
2.14419e-14
8.50315e-14
3.34108e-13
1.29944e-12
4.99461e-12
1.89394e-11
7.07227e-11
2.59579e-10
9.34688e-10
3.29531e-09
1.13522e-08
3.81343e-08
1.24642e-07
3.95505e-07
1.21555e-06
3.6097e-06
1.03308e-05
2.84165e-05
7.48946e-05
0.000188459
0.000450713
0.00101832
0.00215625
0.00417218
0.00736601
0.0119137
0.01781
0.0248918
0.0329024
0.0415497
0.0505475
0.0596385
0.0686075
0.0772856
0.0855485
0.0933112
0.100522
0.107156
0.113209
0.118691
0.123622
0.128019
0.131891
0.135218
0.137922
0.139763
0.140373
0.138933
0.13355
0.120497
0.103578
0.0864695
0.0706305
0.0565707
0.0444392
0.0341657
0.024884
0.0173039
0.0113449
0.00691976
0.00388466
0.00199957
0.000965038
0.000446385
0.000200543
8.84844e-05
3.87273e-05
1.69493e-05
7.24868e-06
3.14843e-06
1.27898e-06
5.42599e-07
1.59396e-07
4.58696e-08
1.31003e-08
3.71263e-09
1.04219e-09
2.89573e-10
7.96382e-11
2.16859e-11
5.8496e-12
1.56392e-12
4.14691e-13
1.09134e-13
2.85261e-14
7.41144e-15
1.91513e-15
4.92264e-16
1.26299e-16
3.26402e-17
9.95627e-18
2.54863e-18
8.85642e-19
2.87586e-19
8.46349e-20
1.69618e-20
3.62292e-17
2.92954e-16
1.30493e-15
5.34293e-15
2.14099e-14
8.49047e-14
3.33615e-13
1.29754e-12
4.98739e-12
1.89123e-11
7.06229e-11
2.59218e-10
9.33408e-10
3.29089e-09
1.13373e-08
3.80854e-08
1.24486e-07
3.95028e-07
1.21414e-06
3.60568e-06
1.03199e-05
2.8388e-05
7.48242e-05
0.000188294
0.000450352
0.00101758
0.00215488
0.00416997
0.00736281
0.0119096
0.0178051
0.0248864
0.0328967
0.0415442
0.0505423
0.0596338
0.0686034
0.0772822
0.0855458
0.0933093
0.100521
0.107155
0.113209
0.118691
0.123622
0.128019
0.131891
0.135219
0.137923
0.139763
0.140372
0.13893
0.133544
0.120483
0.103561
0.0864523
0.0706139
0.0565551
0.0444251
0.0341527
0.0248722
0.0172939
0.0113368
0.00691372
0.00388058
0.00199715
0.000963792
0.000445785
0.000200263
8.83541e-05
3.86647e-05
1.69192e-05
7.23315e-06
3.14106e-06
1.27503e-06
5.40811e-07
1.58824e-07
4.56928e-08
1.30471e-08
3.69714e-09
1.03781e-09
2.88374e-10
7.93185e-11
2.16025e-11
5.82825e-12
1.55852e-12
4.13337e-13
1.08796e-13
2.84421e-14
7.39071e-15
1.91046e-15
4.91639e-16
1.26088e-16
3.24027e-17
8.4579e-18
2.25662e-18
8.12623e-19
2.31343e-19
6.11799e-20
1.28346e-20
3.61406e-17
2.92041e-16
1.30069e-15
5.32521e-15
2.13391e-14
8.46265e-14
3.32531e-13
1.29335e-12
4.97141e-12
1.88522e-11
7.04006e-11
2.58411e-10
9.30544e-10
3.28095e-09
1.13038e-08
3.79754e-08
1.24136e-07
3.93952e-07
1.21095e-06
3.59661e-06
1.02951e-05
2.83236e-05
7.46648e-05
0.000187921
0.000449534
0.00101592
0.00215178
0.00416498
0.00735565
0.0119003
0.0177942
0.0248745
0.0328845
0.0415322
0.0505311
0.0596237
0.0685947
0.077275
0.0855402
0.093305
0.100518
0.107153
0.113208
0.118692
0.123623
0.128021
0.131893
0.135221
0.137925
0.139764
0.140371
0.138925
0.133531
0.120455
0.103528
0.0864178
0.0705803
0.0565235
0.0443962
0.034126
0.0248481
0.017273
0.0113197
0.00690083
0.00387184
0.00199197
0.000961146
0.000444513
0.000199672
8.80846e-05
3.85419e-05
1.68633e-05
7.20738e-06
3.12891e-06
1.2696e-06
5.3843e-07
1.58073e-07
4.5461e-08
1.29767e-08
3.67616e-09
1.03173e-09
2.86652e-10
7.8842e-11
2.14733e-11
5.79375e-12
1.54944e-12
4.10973e-13
1.08187e-13
2.82864e-14
7.3513e-15
1.9005e-15
4.89069e-16
1.25173e-16
3.19375e-17
8.87029e-18
2.40994e-18
6.82809e-19
2.34411e-19
7.16618e-20
1.17495e-20
3.72885e-17
2.89322e-16
1.29303e-15
5.29723e-15
2.12281e-14
8.41889e-14
3.3082e-13
1.28674e-12
4.94616e-12
1.87572e-11
7.00493e-11
2.57137e-10
9.26017e-10
3.26526e-09
1.12508e-08
3.78014e-08
1.23583e-07
3.92251e-07
1.20591e-06
3.58226e-06
1.0256e-05
2.82217e-05
7.44129e-05
0.000187332
0.000448243
0.00101329
0.0021469
0.00415714
0.00734441
0.0118858
0.0177771
0.0248559
0.0328654
0.0415136
0.0505137
0.0596081
0.0685813
0.0772639
0.0855314
0.0932985
0.100513
0.107151
0.113207
0.118692
0.123625
0.128023
0.131896
0.135224
0.137928
0.139765
0.14037
0.138918
0.133512
0.120413
0.103479
0.0863663
0.07053
0.056476
0.0443529
0.0340861
0.0248122
0.0172416
0.011294
0.00688142
0.00385877
0.00198428
0.000957203
0.0004426
0.000198779
8.76777e-05
3.83592e-05
1.67827e-05
7.17184e-06
3.11355e-06
1.26241e-06
5.35392e-07
1.57117e-07
4.51667e-08
1.28876e-08
3.64968e-09
1.024e-09
2.8444e-10
7.82205e-11
2.13015e-11
5.74699e-12
1.53689e-12
4.07645e-13
1.07314e-13
2.80597e-14
7.29285e-15
1.88543e-15
4.85005e-16
1.24197e-16
3.21034e-17
8.53877e-18
2.49319e-18
7.76464e-19
2.46729e-19
7.40032e-20
1.35858e-20
3.57097e-17
2.88284e-16
1.28438e-15
5.25912e-15
2.10758e-14
8.35876e-14
3.28471e-13
1.27765e-12
4.91148e-12
1.86268e-11
6.95667e-11
2.55385e-10
9.19799e-10
3.2437e-09
1.11779e-08
3.75624e-08
1.22823e-07
3.89915e-07
1.19899e-06
3.56255e-06
1.02022e-05
2.80818e-05
7.40669e-05
0.000186524
0.000446472
0.00100969
0.00214022
0.00414642
0.00732906
0.0118661
0.0177539
0.0248305
0.0328393
0.0414882
0.0504899
0.0595868
0.0685629
0.0772486
0.0855192
0.0932893
0.100507
0.107147
0.113205
0.118692
0.123626
0.128026
0.1319
0.135228
0.137931
0.139767
0.140367
0.138909
0.133487
0.120359
0.103413
0.0862981
0.0704633
0.056413
0.0442954
0.034033
0.0247642
0.0172002
0.0112603
0.00685627
0.00384183
0.00197414
0.000951876
0.000439979
0.000197544
8.71131e-05
3.81056e-05
1.66709e-05
7.12335e-06
3.09287e-06
1.25255e-06
5.31308e-07
1.55849e-07
4.47781e-08
1.277e-08
3.61465e-09
1.01375e-09
2.81497e-10
7.73897e-11
2.10709e-11
5.68396e-12
1.5199e-12
4.03126e-13
1.06126e-13
2.77508e-14
7.21326e-15
1.86509e-15
4.79752e-16
1.22831e-16
3.12439e-17
9.19245e-18
2.66542e-18
7.6638e-19
2.52735e-19
7.2846e-20
1.10181e-20
3.53556e-17
2.85824e-16
1.27247e-15
5.20987e-15
2.08789e-14
8.28116e-14
3.25439e-13
1.26593e-12
4.86669e-12
1.84583e-11
6.89435e-11
2.53125e-10
9.11775e-10
3.21589e-09
1.10841e-08
3.72548e-08
1.21845e-07
3.86913e-07
1.1901e-06
3.53729e-06
1.01334e-05
2.7903e-05
7.36251e-05
0.000185492
0.000444211
0.0010051
0.00213166
0.00413267
0.00730934
0.0118406
0.0177239
0.0247978
0.0328058
0.0414554
0.0504593
0.0595592
0.068539
0.0772287
0.0855033
0.0932773
0.100498
0.107142
0.113203
0.118692
0.123628
0.128029
0.131904
0.135233
0.137935
0.139768
0.140365
0.138897
0.133457
0.120292
0.103332
0.0862137
0.0703807
0.0563349
0.0442241
0.0339673
0.0247052
0.0171494
0.0112191
0.00682539
0.00382092
0.00196143
0.000945106
0.000436609
0.000195947
8.63809e-05
3.77771e-05
1.65263e-05
7.05944e-06
3.06527e-06
1.24041e-06
5.26104e-07
1.5422e-07
4.4279e-08
1.26192e-08
3.56979e-09
1.00063e-09
2.77726e-10
7.63248e-11
2.0775e-11
5.60303e-12
1.49808e-12
3.97317e-13
1.04598e-13
2.7353e-14
7.11066e-15
1.83877e-15
4.732e-16
1.2125e-16
3.1008e-17
8.77421e-18
2.51084e-18
8.48792e-19
2.55561e-19
6.14958e-20
1.06697e-20
3.54221e-17
2.8766e-16
1.25711e-15
5.15046e-15
2.06443e-14
8.18699e-14
3.21704e-13
1.25135e-12
4.81075e-12
1.82473e-11
6.81622e-11
2.50288e-10
9.01695e-10
3.18093e-09
1.0966e-08
3.68669e-08
1.20611e-07
3.83118e-07
1.17886e-06
3.50525e-06
1.00461e-05
2.76757e-05
7.30633e-05
0.000184181
0.000441343
0.000999279
0.00212089
0.00411545
0.00728475
0.011809
0.0176868
0.0247574
0.0327641
0.0414146
0.0504211
0.059525
0.0685094
0.077204
0.0854836
0.0932622
0.100488
0.107135
0.113199
0.118691
0.12363
0.128033
0.131909
0.135238
0.13794
0.13977
0.140362
0.138883
0.13342
0.120213
0.103236
0.0861139
0.0702826
0.056242
0.0441393
0.0338888
0.0246347
0.0170886
0.0111697
0.00678833
0.00379564
0.00194589
0.000936762
0.000432433
0.000193958
8.54651e-05
3.73638e-05
1.63435e-05
6.97961e-06
3.03078e-06
1.22332e-06
5.19116e-07
1.52103e-07
4.36382e-08
1.24263e-08
3.51247e-09
9.83897e-10
2.72929e-10
7.49737e-11
2.04008e-11
5.50094e-12
1.47062e-12
3.90025e-13
1.02683e-13
2.68551e-14
6.98214e-15
1.80595e-15
4.6512e-16
1.19435e-16
3.072e-17
8.08434e-18
2.28197e-18
6.66872e-19
2.24678e-19
6.74487e-20
1.29147e-20
3.53537e-17
2.84899e-16
1.25975e-15
5.13774e-15
2.05285e-14
8.11997e-14
3.18298e-13
1.2356e-12
4.74518e-12
1.79936e-11
6.72168e-11
2.46854e-10
8.89509e-10
3.13873e-09
1.08238e-08
3.64014e-08
1.19135e-07
3.78595e-07
1.1655e-06
3.46738e-06
9.94318e-06
2.74088e-05
7.24054e-05
0.000182647
0.000437982
0.000992439
0.00210815
0.00409495
0.00725531
0.0117711
0.0176422
0.0247085
0.0327137
0.0413648
0.0503736
0.059483
0.0684735
0.0771742
0.0854597
0.0932439
0.100474
0.107126
0.113194
0.11869
0.123631
0.128036
0.131914
0.135244
0.137945
0.139772
0.140358
0.138867
0.13338
0.120124
0.103128
0.0859998
0.0701699
0.0561346
0.0440405
0.0337962
0.02455
0.0170128
0.0111096
0.00674367
0.00376531
0.00192733
0.000926822
0.000427461
0.000191589
8.4373e-05
3.6871e-05
1.61249e-05
6.8796e-06
2.98426e-06
1.2086e-06
5.12095e-07
1.49723e-07
4.28854e-08
1.21965e-08
3.44398e-09
9.63895e-10
2.67196e-10
7.33595e-11
1.99536e-11
5.37889e-12
1.43776e-12
3.81289e-13
1.00386e-13
2.62572e-14
6.82814e-15
1.76661e-15
4.55101e-16
1.16955e-16
3.0122e-17
7.76748e-18
2.0234e-18
6.60035e-19
2.01856e-19
6.4483e-20
1.0026e-20
4.0169e-17
3.16133e-16
1.36466e-15
5.5032e-15
2.182e-14
8.54792e-14
3.30006e-13
1.24955e-12
4.71342e-12
1.77317e-11
6.61011e-11
2.4268e-10
8.74577e-10
3.08681e-09
1.06481e-08
3.58238e-08
1.17295e-07
3.72931e-07
1.1487e-06
3.41949e-06
9.8125e-06
2.70688e-05
7.15659e-05
0.000180691
0.000433719
0.000983834
0.0020923
0.00406982
0.00721972
0.0117257
0.0175894
0.0246516
0.032656
0.0413091
0.0503214
0.0594364
0.0684328
0.0771399
0.0854318
0.0932223
0.100459
0.107115
0.113188
0.118687
0.123632
0.128039
0.131919
0.135249
0.13795
0.139774
0.140354
0.138849
0.133335
0.120026
0.103009
0.0858739
0.0700449
0.0560149
0.0439306
0.0336938
0.024459
0.0169369
0.0110448
0.00669354
0.00373048
0.00190576
0.000915208
0.000421628
0.000188803
8.30865e-05
3.62881e-05
1.58821e-05
6.77176e-06
2.92395e-06
1.18193e-06
4.9959e-07
1.45876e-07
4.17506e-08
1.18719e-08
3.35301e-09
9.38652e-10
2.60221e-10
7.14385e-11
1.94275e-11
5.23597e-12
1.39931e-12
3.7105e-13
9.7687e-14
2.55525e-14
6.64569e-15
1.71987e-15
4.43195e-16
1.1387e-16
2.92589e-17
7.57489e-18
1.98985e-18
6.76803e-19
2.23784e-19
5.69068e-20
1.20219e-20
6.73085e-17
5.52378e-16
1.82884e-15
7.70946e-15
3.23326e-14
1.34704e-13
5.61501e-13
1.6709e-12
5.10593e-12
1.77744e-11
6.46217e-11
2.37513e-10
8.56962e-10
3.02664e-09
1.04463e-08
3.51655e-08
1.15214e-07
3.66578e-07
1.13002e-06
3.3667e-06
9.66964e-06
2.66996e-05
7.06579e-05
0.000178576
0.000429087
0.000974391
0.00207466
0.00404133
0.00717871
0.0116728
0.0175274
0.0245845
0.0325882
0.0412448
0.0502649
0.0593832
0.0683857
0.0771001
0.0853994
0.093197
0.10044
0.107103
0.11318
0.118684
0.123631
0.128042
0.131923
0.135255
0.137955
0.139776
0.140349
0.138831
0.133288
0.119924
0.102883
0.0857394
0.0699098
0.055884
0.0438079
0.033575
0.024354
0.0168468
0.0109707
0.00663681
0.00369115
0.00188139
0.000902093
0.000415039
0.000185652
8.16303e-05
3.56272e-05
1.55924e-05
6.65043e-06
2.86813e-06
1.15803e-06
4.89528e-07
1.42498e-07
4.06891e-08
1.15514e-08
3.2588e-09
9.11485e-10
2.525e-10
6.92719e-11
1.8827e-11
5.0716e-12
1.35487e-12
3.59178e-13
9.4552e-14
2.47335e-14
6.43387e-15
1.66557e-15
4.29215e-16
1.09731e-16
2.78498e-17
8.84486e-18
2.23745e-18
6.1279e-19
2.07644e-19
6.38301e-20
1.3253e-20
8.79278e-17
4.34232e-16
1.97477e-15
8.34261e-15
3.42686e-14
1.37619e-13
5.31436e-13
1.91907e-12
6.80436e-12
1.86466e-11
6.46378e-11
2.31177e-10
8.34665e-10
2.95138e-09
1.0194e-08
3.43377e-08
1.12576e-07
3.58448e-07
1.10588e-06
3.29789e-06
9.48196e-06
2.62119e-05
6.94565e-05
0.000175788
0.000423037
0.000962258
0.00205248
0.00400649
0.00712983
0.011611
0.017456
0.0245076
0.0325099
0.0411685
0.0501925
0.0593198
0.0683314
0.0770548
0.0853628
0.0931684
0.100418
0.107087
0.113171
0.118678
0.12363
0.128043
0.131926
0.135259
0.137959
0.139776
0.140344
0.138812
0.133241
0.119822
0.102756
0.0856026
0.0697712
0.055749
0.0436827
0.0334575
0.0242432
0.0167479
0.0108884
0.00657337
0.00364681
0.00185367
0.000887056
0.000407429
0.000181994
7.99366e-05
3.48564e-05
1.52416e-05
6.49865e-06
2.80267e-06
1.13015e-06
4.76371e-07
1.3831e-07
3.9402e-08
1.11656e-08
3.14569e-09
8.78973e-10
2.4331e-10
6.67105e-11
1.81216e-11
4.87947e-12
1.30323e-12
3.45763e-13
9.11435e-14
2.38817e-14
6.22407e-15
1.61476e-15
4.17408e-16
1.0753e-16
2.75855e-17
7.24038e-18
2.09505e-18
7.02025e-19
2.25676e-19
6.70829e-20
1.35503e-20
5.85681e-17
4.34439e-16
1.91934e-15
7.96047e-15
3.22255e-14
1.28515e-13
5.04887e-13
1.95514e-12
7.5507e-12
2.07211e-11
6.45591e-11
2.25151e-10
8.09995e-10
2.86751e-09
9.91496e-09
3.34312e-08
1.09721e-07
3.49759e-07
1.08041e-06
3.22617e-06
9.28849e-06
2.57135e-05
6.82342e-05
0.000172949
0.000416834
0.000949641
0.00202896
0.00396857
0.00707536
0.011541
0.017374
0.0244191
0.0324201
0.0410819
0.0501127
0.0592489
0.0682706
0.0770042
0.0853219
0.0931364
0.100394
0.10707
0.113159
0.118671
0.123626
0.128042
0.131927
0.135261
0.137961
0.139776
0.140338
0.138795
0.133199
0.119729
0.102638
0.0854725
0.0696364
0.0556149
0.0435553
0.0333334
0.0241224
0.0166345
0.0107871
0.00649858
0.00359618
0.00182279
0.000870554
0.000399164
0.000178042
7.81077e-05
3.40237e-05
1.48636e-05
6.3298e-06
2.72395e-06
1.09748e-06
4.61973e-07
1.33702e-07
3.79748e-08
1.07338e-08
3.01793e-09
8.41943e-10
2.32753e-10
6.37326e-11
1.7325e-11
4.81623e-12
1.29658e-12
3.49676e-13
9.29989e-14
2.44806e-14
6.3934e-15
1.65988e-15
4.29171e-16
1.10367e-16
2.80386e-17
8.33099e-18
2.39091e-18
7.88935e-19
2.60705e-19
6.5356e-20
1.39771e-20
5.61587e-17
4.22906e-16
1.88415e-15
7.68838e-15
3.05147e-14
1.19095e-13
4.58625e-13
1.74799e-12
6.5842e-12
2.44071e-11
6.52604e-11
2.2006e-10
7.80504e-10
2.76315e-09
9.56408e-09
3.22812e-08
1.06061e-07
3.38504e-07
1.04707e-06
3.1314e-06
9.03087e-06
2.50463e-05
6.65962e-05
0.000169157
0.000408623
0.00093319
0.00199892
0.00392161
0.00701001
0.0114594
0.0172813
0.0243211
0.0323226
0.0409893
0.0500281
0.0591746
0.0682073
0.0769517
0.0852795
0.093103
0.100369
0.107051
0.113145
0.118661
0.12362
0.128038
0.131925
0.13526
0.13796
0.139773
0.140332
0.138779
0.133165
0.119658
0.102543
0.0853625
0.0695182
0.0554926
0.0434344
0.0332096
0.0240055
0.0165297
0.0107019
0.00642727
0.00354413
0.00178938
0.000852136
0.000389704
0.000173425
7.59329e-05
3.30212e-05
1.44063e-05
6.12289e-06
2.63212e-06
1.05518e-06
4.44279e-07
1.28204e-07
3.6296e-08
1.02288e-08
2.86845e-09
7.98287e-10
2.19992e-10
6.0047e-11
1.71492e-11
5.0364e-12
1.59494e-12
5.3949e-13
1.32219e-13
3.27493e-14
8.16085e-15
2.04128e-15
5.11854e-16
1.28713e-16
3.25129e-17
8.41313e-18
2.69563e-18
7.96124e-19
2.72335e-19
8.22136e-20
1.47404e-20
4.96715e-17
4.01131e-16
1.7848e-15
7.27682e-15
2.89367e-14
1.13611e-13
4.42065e-13
1.70821e-12
6.56115e-12
2.50337e-11
6.66315e-11
2.13741e-10
7.48041e-10
2.64856e-09
9.17976e-09
3.103e-08
1.02113e-07
3.26468e-07
1.01173e-06
3.03175e-06
8.76206e-06
2.43554e-05
6.49116e-05
0.000165283
0.000400283
0.000916537
0.00196849
0.00387373
0.00694255
0.0113739
0.0171825
0.0242156
0.0322167
0.0408886
0.0499366
0.0590948
0.06814
0.0768967
0.0852356
0.0930684
0.100342
0.107029
0.113128
0.118648
0.123609
0.12803
0.131918
0.135254
0.137955
0.139768
0.140327
0.138773
0.133153
0.119634
0.102503
0.0853037
0.0694384
0.0553966
0.0433302
0.0330973
0.023896
0.0164295
0.010618
0.00635763
0.00349263
0.00175587
0.000833546
0.000380099
0.000168707
7.3696e-05
3.19826e-05
1.39301e-05
5.90876e-06
2.53516e-06
1.01599e-06
4.26702e-07
1.22484e-07
3.45125e-08
9.68582e-09
2.70614e-09
7.50324e-10
2.06036e-10
5.66755e-11
1.69309e-11
5.78333e-12
2.06286e-12
5.2698e-13
1.33385e-13
3.36608e-14
8.48307e-15
2.13684e-15
5.38261e-16
1.35825e-16
3.46543e-17
9.13683e-18
2.54789e-18
7.31197e-19
2.30112e-19
7.03993e-20
1.29153e-20
4.66901e-17
3.75075e-16
1.67801e-15
6.8893e-15
2.76593e-14
1.09913e-13
4.33384e-13
1.69601e-12
6.5837e-12
2.53294e-11
6.76226e-11
2.06436e-10
7.10512e-10
2.50952e-09
8.71166e-09
2.95022e-08
9.72816e-08
3.11717e-07
9.68383e-07
2.90948e-06
8.4318e-06
2.35036e-05
6.28216e-05
0.000160428
0.000389687
0.000895068
0.00192879
0.00381099
0.00685506
0.0112657
0.0170622
0.0240926
0.0320993
0.040782
0.0498431
0.0590139
0.068077
0.0768481
0.0851982
0.093041
0.100322
0.107016
0.113118
0.118639
0.123601
0.128022
0.13191
0.135246
0.137947
0.139763
0.140325
0.138777
0.133169
0.119669
0.102532
0.0853149
0.0694289
0.0553645
0.0432774
0.0330181
0.0238019
0.0163282
0.0105161
0.00626592
0.00342861
0.00171525
0.000811147
0.000368538
0.000163018
7.09867e-05
3.07203e-05
1.33524e-05
5.64452e-06
2.42027e-06
9.61402e-07
4.04457e-07
1.15693e-07
3.24517e-08
9.06509e-09
2.5215e-09
6.96256e-10
1.90876e-10
5.40914e-11
1.74933e-11
6.45418e-12
1.73211e-12
4.56314e-13
1.18869e-13
3.06929e-14
7.8775e-15
2.01323e-15
5.12905e-16
1.30425e-16
3.3285e-17
8.61719e-18
2.27474e-18
7.44841e-19
2.43509e-19
6.07577e-20
1.21028e-20
4.39519e-17
3.56701e-16
1.59938e-15
6.59905e-15
2.66395e-14
1.0653e-13
4.22998e-13
1.66811e-12
6.53164e-12
2.53806e-11
6.89371e-11
1.97073e-10
6.67552e-10
2.35014e-09
8.17214e-09
2.77319e-08
9.16467e-08
2.94388e-07
9.17113e-07
2.76419e-06
8.0393e-06
2.2498e-05
6.03925e-05
0.000154933
0.000378141
0.00087277
0.00188971
0.00375308
0.00677852
0.0111746
0.0169631
0.0239928
0.0320054
0.0406995
0.0497761
0.058966
0.0680395
0.0768236
0.0851854
0.0930346
0.100318
0.107012
0.113113
0.118632
0.123591
0.128009
0.131895
0.135231
0.137933
0.139755
0.140327
0.1388
0.133231
0.119798
0.102664
0.0854226
0.0695012
0.0554003
0.0432788
0.0329847
0.0237396
0.0162498
0.0104356
0.00619937
0.00337305
0.00167746
0.000789347
0.000356879
0.000157125
6.81321e-05
2.93745e-05
1.27257e-05
5.35478e-06
2.291e-06
9.18771e-07
3.76619e-07
1.06597e-07
2.98478e-08
8.33299e-09
2.31274e-09
6.36283e-10
1.74243e-10
5.11714e-11
1.91677e-11
5.4128e-12
1.50464e-12
4.08618e-13
1.08193e-13
2.8129e-14
7.2364e-15
1.85173e-15
4.7246e-16
1.20007e-16
3.01993e-17
9.20772e-18
2.30571e-18
7.69645e-19
2.52457e-19
7.45397e-20
1.23448e-20
3.99001e-17
3.23441e-16
1.44404e-15
5.92309e-15
2.37678e-14
9.42688e-14
3.69683e-13
1.42987e-12
5.43335e-12
2.01688e-11
7.25368e-11
1.90889e-10
6.23376e-10
2.17629e-09
7.5868e-09
2.58385e-08
8.57173e-08
2.76444e-07
8.64757e-07
2.61724e-06
7.64353e-06
2.14783e-05
5.78882e-05
0.0001491
0.000365345
0.000846641
0.00184089
0.00367502
0.00666873
0.0110391
0.0168153
0.0238489
0.0318794
0.0406012
0.0497109
0.0589331
0.0680326
0.0768313
0.0851999
0.0930519
0.100335
0.107026
0.113122
0.118634
0.123585
0.127995
0.131875
0.135207
0.137911
0.139744
0.140337
0.138854
0.133371
0.120094
0.102987
0.08571
0.0697272
0.0555563
0.0433678
0.0330227
0.023734
0.0162041
0.0103671
0.00613028
0.00331122
0.00163574
0.000764885
0.000343846
0.000150609
6.50016e-05
2.78989e-05
1.20493e-05
5.04327e-06
2.12774e-06
8.50543e-07
3.45928e-07
9.70551e-08
2.70177e-08
7.51077e-09
2.07604e-09
5.69064e-10
1.58447e-10
4.99715e-11
1.86766e-11
4.95652e-12
1.32378e-12
3.51766e-13
9.2492e-14
2.40776e-14
6.22443e-15
1.60213e-15
4.11227e-16
1.05364e-16
2.69929e-17
7.21842e-18
2.15205e-18
6.60086e-19
1.98612e-19
6.40914e-20
7.88272e-21
3.50215e-17
2.83537e-16
1.26447e-15
5.17357e-15
2.06944e-14
8.19086e-14
3.21358e-13
1.24919e-12
4.8077e-12
1.83151e-11
6.91172e-11
1.8004e-10
5.66543e-10
1.95206e-09
6.81095e-09
2.3264e-08
7.74686e-08
2.50986e-07
7.89326e-07
2.40346e-06
7.06632e-06
2.00003e-05
5.43192e-05
0.000141031
0.000348434
0.000814203
0.00178489
0.00359558
0.00657198
0.0109386
0.016725
0.0237791
0.0318355
0.0405861
0.0497237
0.0589642
0.0680806
0.0768831
0.0852542
0.093105
0.100383
0.107065
0.113148
0.118648
0.123585
0.127981
0.13185
0.135175
0.137879
0.13973
0.140359
0.138952
0.133623
0.120635
0.103596
0.0862795
0.0702048
0.0559213
0.043616
0.033174
0.0238064
0.016222
0.0103442
0.00608642
0.00326237
0.00159819
0.000740336
0.000329586
0.000143002
6.11839e-05
2.60478e-05
1.11775e-05
4.67036e-06
1.96076e-06
7.88102e-07
3.16776e-07
8.73809e-08
2.40013e-08
6.60653e-09
1.81263e-09
4.94743e-10
1.40241e-10
4.81335e-11
1.77837e-11
4.60776e-12
1.19591e-12
3.0986e-13
8.01402e-14
2.06905e-14
5.33378e-15
1.37331e-15
3.53292e-16
9.08806e-17
2.34565e-17
6.16264e-18
1.67644e-18
4.7334e-19
1.66841e-19
5.25578e-20
9.47301e-21
3.08556e-17
2.50002e-16
1.11556e-15
4.57453e-15
1.83618e-14
7.30287e-14
2.88392e-13
1.13053e-12
4.39597e-12
1.69392e-11
6.46164e-11
1.69441e-10
5.18737e-10
1.77189e-09
6.1894e-09
2.12307e-08
7.10174e-08
2.31176e-07
7.30691e-07
2.23687e-06
6.61396e-06
1.88319e-05
5.14638e-05
0.000134471
0.000334379
0.000786451
0.00173522
0.00352133
0.00647378
0.0108193
0.0166006
0.0236747
0.0317783
0.0405857
0.0497688
0.0590501
0.0681896
0.0770024
0.0853776
0.0932245
0.100491
0.107156
0.113218
0.118694
0.123608
0.127983
0.131831
0.135142
0.137844
0.139718
0.140395
0.139098
0.133995
0.121442
0.104521
0.0871672
0.0709765
0.0565402
0.0440659
0.0334792
0.0239752
0.0162833
0.0103339
0.00603202
0.00320643
0.00155889
0.000716394
0.000316362
0.000136215
5.78794e-05
2.44898e-05
1.04313e-05
4.31059e-06
1.80237e-06
7.09343e-07
2.86376e-07
7.85424e-08
2.1427e-08
5.8525e-09
1.59218e-09
4.33558e-10
1.27655e-10
4.78877e-11
1.34084e-11
3.67485e-12
9.90347e-13
2.62872e-13
6.87854e-14
1.78107e-14
4.58262e-15
1.17519e-15
3.00753e-16
7.69404e-17
2.03261e-17
5.49169e-18
1.81111e-18
5.13351e-19
1.58784e-19
4.59088e-20
7.07027e-21
2.69951e-17
2.18171e-16
9.6729e-16
3.9567e-15
1.586e-14
6.3055e-14
2.49305e-13
9.80358e-13
3.83227e-12
1.48813e-11
5.7359e-11
1.5153e-10
4.23798e-10
1.4075e-09
4.90214e-09
1.69459e-08
5.72242e-08
1.88263e-07
6.02108e-07
1.86729e-06
5.59954e-06
1.61865e-05
4.49488e-05
0.000119435
0.000302192
0.00072344
0.00162452
0.00336434
0.00628797
0.0106496
0.0164887
0.0236418
0.0318174
0.0406843
0.0499218
0.0592415
0.0684089
0.0772589
0.0856374
0.0934673
0.100704
0.107331
0.113352
0.118787
0.123662
0.128003
0.131826
0.135119
0.137816
0.139709
0.140434
0.139247
0.134373
0.122274
0.105506
0.0881527
0.0718846
0.0573267
0.0446991
0.0339692
0.0243139
0.0164604
0.0103754
0.00598774
0.00312066
0.00148475
0.000666953
0.000288121
0.000121553
5.07253e-05
2.11334e-05
8.92165e-06
3.65306e-06
1.50169e-06
6.11875e-07
2.32852e-07
6.18941e-08
1.659e-08
4.47114e-09
1.20449e-09
3.35321e-10
1.07698e-10
4.0988e-11
1.07155e-11
2.8295e-12
7.48636e-13
1.97273e-13
5.16482e-14
1.34449e-14
3.48702e-15
9.02797e-16
2.33608e-16
6.03099e-17
1.55999e-17
5.1636e-18
1.33037e-18
4.09656e-19
1.32034e-19
4.07493e-20
5.05869e-21
)
;

boundaryField
{
    fuel
    {
        type            fixedValue;
        value           uniform 0;
    }
    air
    {
        type            fixedValue;
        value           uniform 0;
    }
    outlet
    {
        type            inletOutlet;
        inletValue      uniform 0;
        value           nonuniform List<scalar> 
200
(
2.69855e-17
2.18181e-16
9.71013e-16
3.96984e-15
1.58968e-14
6.31511e-14
2.49509e-13
9.80607e-13
3.83169e-12
1.48753e-11
5.7328e-11
1.51437e-10
4.2343e-10
1.40613e-09
4.89732e-09
1.693e-08
5.71734e-08
1.88105e-07
6.01634e-07
1.86592e-06
5.5957e-06
1.61762e-05
4.49225e-05
0.000119371
0.000302047
0.000723131
0.00162392
0.00336332
0.00628646
0.0106477
0.0164864
0.0236395
0.0318152
0.0406823
0.0499202
0.0592401
0.0684077
0.0772579
0.0856367
0.093467
0.100704
0.107332
0.113354
0.118789
0.123665
0.128007
0.131832
0.135127
0.137827
0.139723
0.140451
0.139269
0.134404
0.122321
0.105555
0.0881982
0.0719244
0.0573603
0.0447266
0.0339921
0.0243321
0.0164744
0.0103853
0.00599443
0.00312472
0.00148683
0.000667943
0.000288554
0.000121734
5.07925e-05
2.1156e-05
8.91545e-06
3.6834e-06
1.48322e-06
6.45778e-07
2.28794e-07
6.07812e-08
1.64919e-08
4.47726e-09
1.20945e-09
3.36865e-10
1.0814e-10
4.11538e-11
1.07558e-11
2.83906e-12
7.50996e-13
1.97893e-13
5.18117e-14
1.34864e-14
3.49712e-15
9.05089e-16
2.34033e-16
6.03562e-17
1.56021e-17
5.1671e-18
1.4461e-18
4.91235e-19
1.58927e-19
4.87698e-20
8.0075e-21
2.69951e-17
2.18171e-16
9.6729e-16
3.9567e-15
1.586e-14
6.3055e-14
2.49305e-13
9.80358e-13
3.83227e-12
1.48813e-11
5.7359e-11
1.5153e-10
4.23798e-10
1.4075e-09
4.90214e-09
1.69459e-08
5.72242e-08
1.88263e-07
6.02108e-07
1.86729e-06
5.59954e-06
1.61865e-05
4.49488e-05
0.000119435
0.000302192
0.00072344
0.00162452
0.00336434
0.00628797
0.0106496
0.0164887
0.0236418
0.0318174
0.0406843
0.0499218
0.0592415
0.0684089
0.0772589
0.0856374
0.0934673
0.100704
0.107331
0.113352
0.118787
0.123662
0.128003
0.131826
0.135119
0.137816
0.139709
0.140434
0.139247
0.134373
0.122274
0.105506
0.0881527
0.0718846
0.0573267
0.0446991
0.0339692
0.0243139
0.0164604
0.0103754
0.00598774
0.00312066
0.00148475
0.000666953
0.000288121
0.000121553
5.07253e-05
2.11334e-05
8.92165e-06
3.65306e-06
1.50169e-06
6.11875e-07
2.32852e-07
6.18941e-08
1.659e-08
4.47114e-09
1.20449e-09
3.35321e-10
1.07698e-10
4.0988e-11
1.07155e-11
2.8295e-12
7.48636e-13
1.97273e-13
5.16482e-14
1.34449e-14
3.48702e-15
9.02797e-16
2.33608e-16
6.03099e-17
1.55999e-17
5.1636e-18
1.33037e-18
4.09656e-19
1.32034e-19
4.07493e-20
5.05869e-21
)
;
    }
    frontAndBack
    {
        type            empty;
    }
}


// ************************************************************************* //
