/*--------------------------------*- C++ -*----------------------------------*\
  =========                 |
  \\      /  F ield         | OpenFOAM: The Open Source CFD Toolbox
   \\    /   O peration     | Website:  https://openfoam.org
    \\  /    A nd           | Version:  11
     \\/     M anipulation  |
\*---------------------------------------------------------------------------*/
FoamFile
{
    format      ascii;
    class       volScalarField;
    location    "0.1";
    object      H2O;
}
// * * * * * * * * * * * * * * * * * * * * * * * * * * * * * * * * * * * * * //

dimensions      [0 0 0 0 0 0 0];

internalField   nonuniform List<scalar> 
4000
(
2.20928e-17
1.78623e-16
7.9496e-16
3.25007e-15
1.30146e-14
5.17013e-14
2.04271e-13
8.02814e-13
3.13697e-12
1.21783e-11
4.69339e-11
1.2398e-10
3.46658e-10
1.15118e-09
4.00939e-09
1.38604e-08
4.68074e-08
1.54e-07
4.92553e-07
1.52761e-06
4.58115e-06
1.32433e-05
3.67777e-05
9.77282e-05
0.000247283
0.000592021
0.00132949
0.00275352
0.00514667
0.00871714
0.0134973
0.0193534
0.0260468
0.0333062
0.0408692
0.0484994
0.0560048
0.0632504
0.07011
0.0765206
0.0824456
0.0878714
0.0928016
0.0972516
0.101243
0.104799
0.10793
0.110628
0.112838
0.11439
0.114986
0.114018
0.110035
0.100143
0.0864166
0.0722071
0.0588839
0.0469604
0.0366173
0.027829
0.0199205
0.0134874
0.00850237
0.00490759
0.00255818
0.00121726
0.000546839
0.000236236
9.96626e-05
4.15834e-05
1.73202e-05
7.299e-06
3.01557e-06
1.2143e-06
5.28692e-07
1.87311e-07
4.9761e-08
1.35018e-08
3.66549e-09
9.90166e-10
2.75789e-10
8.85336e-11
3.36922e-11
8.80565e-12
2.32431e-12
6.14834e-13
1.62013e-13
4.24178e-14
1.10412e-14
2.86306e-15
7.40988e-16
1.91601e-16
4.94131e-17
1.27733e-17
4.23026e-18
1.18391e-18
4.0217e-19
1.30112e-19
3.99274e-20
6.55567e-21
2.55715e-17
2.0681e-16
9.20699e-16
3.76878e-15
1.51055e-14
5.99908e-14
2.36602e-13
9.26605e-13
3.60066e-12
1.38693e-11
5.28955e-11
1.38693e-10
4.24371e-10
1.44927e-09
5.06248e-09
1.73661e-08
5.80929e-08
1.89113e-07
5.97768e-07
1.83004e-06
5.41131e-06
1.54083e-05
4.21099e-05
0.000110035
0.000273631
0.000643606
0.00142012
0.00288209
0.00529891
0.00885626
0.0135892
0.0193806
0.0260151
0.0332257
0.0407441
0.0483429
0.0558256
0.0630406
0.0698976
0.076322
0.0822716
0.0877282
0.092692
0.0971757
0.101199
0.104782
0.107934
0.110645
0.112859
0.114395
0.114952
0.113894
0.109722
0.0994575
0.0856065
0.0713964
0.0581372
0.0463138
0.0360966
0.0274261
0.0196415
0.013341
0.0084674
0.00494301
0.00262801
0.0012777
0.000587159
0.000259296
0.000111646
4.74321e-05
2.007e-05
8.53762e-06
3.52625e-06
1.45598e-06
6.10344e-07
2.3357e-07
6.36493e-08
1.74773e-08
4.80132e-09
1.30919e-09
3.5649e-10
1.05006e-10
3.93243e-11
1.10011e-11
3.01658e-12
8.12856e-13
2.15741e-13
5.64546e-14
1.4619e-14
3.7616e-15
9.64666e-16
2.46965e-16
6.32975e-17
1.63884e-17
4.45637e-18
1.19381e-18
4.29729e-19
1.21757e-19
3.60552e-20
5.92074e-21
2.92621e-17
2.35144e-16
1.0463e-15
4.27035e-15
1.70408e-14
6.73017e-14
2.63589e-13
1.02338e-12
3.93583e-12
1.49886e-11
5.65568e-11
1.47336e-10
4.63451e-10
1.5967e-09
5.57133e-09
1.90309e-08
6.33756e-08
2.05336e-07
6.45791e-07
1.9665e-06
5.78188e-06
1.63656e-05
4.44497e-05
0.000115412
0.000285152
0.000666359
0.00146085
0.00294299
0.00537943
0.00895404
0.0136912
0.0194662
0.0260619
0.0332262
0.0407071
0.0482726
0.0557364
0.0629433
0.0697969
0.0762247
0.0821833
0.0876537
0.0926349
0.0971378
0.101181
0.104781
0.107949
0.110672
0.112887
0.114405
0.114921
0.113773
0.109416
0.0987938
0.0848452
0.0706665
0.0575027
0.0458048
0.0357263
0.0271747
0.0195021
0.0132898
0.00847499
0.0049865
0.00267273
0.00130957
0.00060673
0.000270136
0.000117212
5.01449e-05
2.13484e-05
9.13757e-06
3.82509e-06
1.58557e-06
6.73094e-07
2.56667e-07
7.03805e-08
1.94691e-08
5.39303e-09
1.48427e-09
4.05784e-10
1.14735e-10
3.94913e-11
1.45681e-11
3.77154e-12
9.78699e-13
2.53642e-13
6.56431e-14
1.69602e-14
4.37467e-15
1.12677e-15
2.89787e-16
7.41389e-17
1.91264e-17
5.34281e-18
1.60774e-18
5.62867e-19
1.43278e-19
4.55326e-20
7.1706e-21
3.29453e-17
2.66798e-16
1.18967e-15
4.87067e-15
1.95039e-14
7.7224e-14
3.0248e-13
1.16919e-12
4.4419e-12
1.64893e-11
5.93112e-11
1.56115e-10
5.09859e-10
1.78022e-09
6.20644e-09
2.11384e-08
7.01278e-08
2.26176e-07
7.0754e-07
2.1415e-06
6.25443e-06
1.75757e-05
4.73718e-05
0.000122018
0.000299
0.000692925
0.00150673
0.00300807
0.00545873
0.00903651
0.0137653
0.0195236
0.0260981
0.0332387
0.040697
0.0482473
0.0556973
0.0629009
0.0697526
0.0761811
0.0821441
0.0876221
0.0926129
0.0971264
0.10118
0.104792
0.107969
0.110698
0.112913
0.114416
0.114903
0.113692
0.109208
0.0983483
0.0843438
0.0701974
0.057109
0.0455037
0.0355212
0.0270494
0.0194419
0.0132747
0.00849348
0.00502239
0.00271334
0.00134055
0.000626887
0.000281813
0.000123435
5.32687e-05
2.28583e-05
9.85275e-06
4.14799e-06
1.73277e-06
7.35388e-07
2.82648e-07
7.84757e-08
2.19364e-08
6.12915e-09
1.6988e-09
4.66159e-10
1.29985e-10
4.11368e-11
1.5347e-11
4.04912e-12
1.07543e-12
2.85325e-13
7.51721e-14
1.96298e-14
5.087e-15
1.31131e-15
3.36892e-16
8.64153e-17
2.21106e-17
5.78164e-18
1.87014e-18
5.4148e-19
1.53525e-19
5.20488e-20
8.55955e-21
3.60193e-17
2.92269e-16
1.31005e-15
5.401e-15
2.17922e-14
8.71137e-14
3.45792e-13
1.3632e-12
5.33618e-12
2.07271e-11
5.62537e-11
1.61155e-10
5.45994e-10
1.92256e-09
6.68583e-09
2.2689e-08
7.4984e-08
2.40873e-07
7.50425e-07
2.26188e-06
6.57864e-06
1.84111e-05
4.94237e-05
0.000126798
0.000309485
0.000714337
0.00154674
0.00307205
0.00554872
0.00914758
0.0138864
0.0196415
0.0262014
0.0333194
0.0407505
0.0482744
0.055703
0.0628945
0.0697405
0.0761669
0.0821304
0.087611
0.092606
0.0971251
0.101185
0.104803
0.107985
0.110717
0.112931
0.114424
0.114894
0.113646
0.109092
0.0981031
0.0840769
0.0699593
0.0569216
0.0453739
0.0354469
0.0270171
0.019446
0.0133117
0.0085497
0.00508035
0.00276415
0.00137465
0.000646847
0.000292448
0.000128756
5.58259e-05
2.4062e-05
1.04142e-05
4.40567e-06
1.85031e-06
7.84123e-07
3.03754e-07
8.52309e-08
2.40314e-08
6.76188e-09
1.88593e-09
5.2023e-10
1.42758e-10
4.20965e-11
1.57414e-11
4.38391e-12
1.20561e-12
3.27117e-13
8.70942e-14
2.27893e-14
5.88972e-15
1.51181e-15
3.86261e-16
9.81401e-17
2.47084e-17
7.43297e-18
1.82705e-18
5.02748e-19
1.71825e-19
5.60858e-20
6.91504e-21
3.79682e-17
3.07052e-16
1.37267e-15
5.6392e-15
2.26492e-14
9.00078e-14
3.54772e-13
1.38744e-12
5.38146e-12
2.06872e-11
5.52001e-11
1.68816e-10
5.81316e-10
2.05326e-09
7.12772e-09
2.41387e-08
7.95988e-08
2.55065e-07
7.92417e-07
2.38088e-06
6.90014e-06
1.92348e-05
5.14136e-05
0.0001313
0.000318945
0.000732607
0.00157876
0.00311951
0.00561145
0.00922225
0.0139676
0.0197233
0.0262784
0.033387
0.0408054
0.0483136
0.0557336
0.0629146
0.069751
0.076172
0.0821331
0.0876136
0.0926096
0.0971306
0.101193
0.104813
0.107997
0.110729
0.112941
0.114429
0.114891
0.113626
0.109039
0.0979946
0.0839654
0.0698688
0.0568607
0.0453433
0.0354444
0.0270432
0.0194955
0.0133746
0.00861445
0.00513325
0.00280896
0.00140529
0.000664592
0.000301955
0.000133564
5.8156e-05
2.51635e-05
1.09282e-05
4.62974e-06
1.95585e-06
8.26668e-07
3.23726e-07
9.16511e-08
2.59949e-08
7.34743e-09
2.05759e-09
5.69949e-10
1.56358e-10
4.42547e-11
1.43246e-11
5.28189e-12
1.41747e-12
3.73561e-13
9.73175e-14
2.51237e-14
6.44416e-15
1.64412e-15
4.17812e-16
1.05546e-16
2.67603e-17
8.76132e-18
2.12439e-18
5.37764e-19
1.83955e-19
4.93422e-20
1.00698e-20
4.0745e-17
3.29654e-16
1.46905e-15
6.0023e-15
2.38915e-14
9.37761e-14
3.64276e-13
1.40407e-12
5.38013e-12
2.05029e-11
5.45822e-11
1.74854e-10
6.11986e-10
2.16702e-09
7.51108e-09
2.53903e-08
8.35571e-08
2.67151e-07
8.2793e-07
2.48106e-06
7.17073e-06
1.99327e-05
5.31261e-05
0.000135278
0.000327627
0.0007502
0.00161129
0.00317092
0.00568315
0.00931087
0.0140662
0.019824
0.0263745
0.0334741
0.0408816
0.0483794
0.0557849
0.0629543
0.0697815
0.0761944
0.0821491
0.0876245
0.0926179
0.0971377
0.1012
0.104819
0.108003
0.110735
0.112947
0.114433
0.114892
0.113622
0.109025
0.097964
0.0839401
0.0698581
0.0568681
0.0453684
0.0354865
0.0271069
0.0195716
0.0134568
0.0086969
0.00520795
0.00286131
0.00143857
0.000682935
0.00031142
0.000138219
6.03722e-05
2.61991e-05
1.13923e-05
4.83441e-06
2.06554e-06
8.55734e-07
3.48009e-07
9.92485e-08
2.80698e-08
7.9167e-09
2.21794e-09
6.15591e-10
1.69115e-10
4.62711e-11
1.39856e-11
4.75707e-12
1.69133e-12
4.31771e-13
1.09302e-13
2.75775e-14
6.94649e-15
1.74872e-15
4.40006e-16
1.10564e-16
2.82358e-17
7.69126e-18
2.11814e-18
6.05446e-19
2.02728e-19
5.4229e-20
1.11198e-20
4.40382e-17
3.50029e-16
1.55769e-15
6.36804e-15
2.53301e-14
9.88891e-14
3.79987e-13
1.44236e-12
5.41059e-12
2.00034e-11
5.34159e-11
1.80047e-10
6.38581e-10
2.26089e-09
7.826e-09
2.64156e-08
8.67922e-08
2.77013e-07
8.56891e-07
2.56272e-06
7.39102e-06
2.0499e-05
5.45067e-05
0.000138453
0.000334463
0.00076385
0.00163624
0.00321018
0.00573846
0.00938099
0.0141472
0.0199107
0.0264614
0.0335569
0.0409569
0.0484453
0.0558404
0.0629995
0.0698176
0.0762228
0.0821713
0.0876421
0.0926315
0.0971482
0.101208
0.104826
0.108009
0.110739
0.112951
0.114436
0.114895
0.113626
0.109033
0.0979805
0.0839695
0.0699019
0.0569269
0.0454432
0.0355696
0.0271974
0.0196607
0.0135391
0.00876694
0.00526547
0.00290366
0.00146608
0.000698188
0.000319299
0.000142088
6.22068e-05
2.70508e-05
1.17856e-05
5.01752e-06
2.14866e-06
8.93092e-07
3.63698e-07
1.04037e-07
2.95394e-08
8.36391e-09
2.35181e-09
6.5509e-10
1.80562e-10
4.93752e-11
1.39793e-11
4.1229e-12
1.3023e-12
4.40662e-13
1.0812e-13
2.68042e-14
6.68107e-15
1.67089e-15
4.18777e-16
1.05125e-16
2.67631e-17
7.21221e-18
2.40222e-18
6.86059e-19
2.12478e-19
6.72251e-20
9.40078e-21
4.78811e-17
3.55677e-16
1.5723e-15
6.52102e-15
2.63958e-14
1.05243e-13
4.13283e-13
1.59944e-12
6.17195e-12
1.6918e-11
5.28247e-11
1.8426e-10
6.62838e-10
2.34648e-09
8.11359e-09
2.73581e-08
8.97913e-08
2.86237e-07
8.84213e-07
2.64039e-06
7.60216e-06
2.10457e-05
5.58492e-05
0.000141561
0.000341194
0.000777335
0.00166086
0.00324868
0.00579203
0.00944785
0.0142233
0.019991
0.0265414
0.0336328
0.0410263
0.0485062
0.0558923
0.0630425
0.0698523
0.0762501
0.0821923
0.0876578
0.0926429
0.0971561
0.101213
0.104829
0.10801
0.11074
0.112951
0.114438
0.1149
0.113638
0.10906
0.0980382
0.0840466
0.0699921
0.0570252
0.0455439
0.0356686
0.0272985
0.0197559
0.0136241
0.00883548
0.00532325
0.002946
0.00149333
0.000713236
0.000327033
0.000145863
6.39838e-05
2.78715e-05
1.21639e-05
5.18575e-06
2.22259e-06
9.24287e-07
3.76497e-07
1.08328e-07
3.09015e-08
8.7816e-09
2.47629e-09
6.91459e-10
1.91137e-10
5.23155e-11
1.42153e-11
3.95003e-12
1.06286e-12
2.8654e-13
7.61919e-14
2.00526e-14
5.23564e-15
1.35874e-15
3.5108e-16
9.04149e-17
2.33361e-17
6.2409e-18
2.20598e-18
6.35476e-19
1.88826e-19
6.60219e-20
8.34815e-21
7.19531e-17
3.55301e-16
1.61556e-15
6.82434e-15
2.80288e-14
1.12546e-13
4.34569e-13
1.56937e-12
5.56633e-12
1.52618e-11
5.28739e-11
1.89193e-10
6.83019e-10
2.41522e-09
8.34242e-09
2.81013e-08
9.21324e-08
2.93361e-07
9.05095e-07
2.69919e-06
7.76078e-06
2.14544e-05
5.68513e-05
0.000143889
0.000346279
0.000787679
0.00168014
0.00327976
0.00583669
0.00950532
0.0142905
0.0200636
0.026615
0.0337038
0.0410919
0.0485643
0.0559421
0.063084
0.0698858
0.0762764
0.0822121
0.0876721
0.0926526
0.097162
0.101216
0.10483
0.108009
0.110738
0.11295
0.114438
0.114905
0.113652
0.109094
0.0981131
0.084142
0.0700977
0.0571348
0.0456529
0.0357723
0.0273998
0.0198542
0.013716
0.00891782
0.00538415
0.00298727
0.00151852
0.000726699
0.000333778
0.000149089
6.5478e-05
2.85542e-05
1.24767e-05
5.32247e-06
2.28665e-06
9.45911e-07
3.87763e-07
1.12007e-07
3.20586e-08
9.13453e-09
2.58103e-09
7.21829e-10
1.99792e-10
5.47554e-11
1.4867e-11
4.00141e-12
1.06834e-12
2.83355e-13
7.46742e-14
1.95622e-14
5.09729e-15
1.32198e-15
3.41306e-16
8.77634e-17
2.28835e-17
6.33595e-18
1.92072e-18
5.94743e-19
1.82803e-19
5.32232e-20
7.85901e-21
5.45137e-17
4.52676e-16
1.49665e-15
6.3073e-15
2.64505e-14
1.10192e-13
4.59276e-13
1.36629e-12
4.17764e-12
1.45405e-11
5.28877e-11
1.94372e-10
7.01309e-10
2.47696e-09
8.54924e-09
2.87801e-08
9.42955e-08
3.00026e-07
9.24883e-07
2.7556e-06
7.91464e-06
2.18542e-05
5.78362e-05
0.000146175
0.000351238
0.000797626
0.00169833
0.00330832
0.00587677
0.00955597
0.014349
0.0201266
0.0266792
0.0337663
0.041151
0.0486162
0.0559866
0.0631211
0.0699158
0.0762998
0.0822296
0.0876844
0.0926606
0.0971663
0.101217
0.104828
0.108006
0.110735
0.112946
0.114438
0.114908
0.113667
0.109131
0.098195
0.0842442
0.0702082
0.0572469
0.0457622
0.0358737
0.0274949
0.0199445
0.0137973
0.00898532
0.00543607
0.0030235
0.00154115
0.000738972
0.000339992
0.000152081
6.68676e-05
2.91827e-05
1.27569e-05
5.44775e-06
2.34137e-06
9.69942e-07
3.97457e-07
1.15028e-07
3.2985e-08
9.41527e-09
2.66482e-09
7.46413e-10
2.06881e-10
5.67659e-11
1.54283e-11
4.15583e-12
1.11012e-12
2.9426e-13
7.74532e-14
2.02582e-14
5.26911e-15
1.36385e-15
3.51433e-16
9.01356e-17
2.33846e-17
6.36693e-18
1.73453e-18
6.36673e-19
1.92678e-19
5.04017e-20
9.55011e-21
3.26728e-17
2.58098e-16
1.11761e-15
4.50447e-15
1.7856e-14
6.99486e-14
2.7005e-13
1.02254e-12
3.85723e-12
1.45109e-11
5.40958e-11
1.98608e-10
7.15761e-10
2.52632e-09
8.71478e-09
2.93201e-08
9.60025e-08
3.05238e-07
9.40208e-07
2.79889e-06
8.0318e-06
2.2157e-05
5.85808e-05
0.000147909
0.000355037
0.00080537
0.00171279
0.00333169
0.0059104
0.00959936
0.0143999
0.0201816
0.0267348
0.0338191
0.0411974
0.0486599
0.0560252
0.0631538
0.0699424
0.0763205
0.0822449
0.087695
0.0926669
0.0971692
0.101217
0.104826
0.108003
0.11073
0.112942
0.114436
0.114911
0.113681
0.109169
0.0982772
0.0843458
0.0703168
0.0573562
0.0458684
0.0359735
0.0275916
0.0200298
0.0138701
0.00904563
0.00548228
0.00305554
0.001561
0.000749654
0.000345359
0.000154649
6.80544e-05
2.97191e-05
1.29967e-05
5.55237e-06
2.38807e-06
9.8767e-07
4.05599e-07
1.17633e-07
3.3795e-08
9.66205e-09
2.73853e-09
7.68006e-10
2.13092e-10
5.85222e-11
1.59172e-11
4.28995e-12
1.14642e-12
3.03965e-13
8.00169e-14
2.09282e-14
5.44276e-15
1.40876e-15
3.62766e-16
9.28048e-17
2.38093e-17
6.94729e-18
1.82676e-18
5.57584e-19
1.88958e-19
5.54006e-20
7.35886e-21
2.8836e-17
2.32498e-16
1.03096e-15
4.20499e-15
1.68e-14
6.64513e-14
2.60487e-13
1.0112e-12
3.88344e-12
1.47261e-11
5.50117e-11
2.02033e-10
7.28015e-10
2.56893e-09
8.85894e-09
2.97939e-08
9.75117e-08
3.09884e-07
9.53992e-07
2.83818e-06
8.13899e-06
2.24359e-05
5.92693e-05
0.000149513
0.000358533
0.000812426
0.00172579
0.00335229
0.00593958
0.00963654
0.0144431
0.0202283
0.0267821
0.0338647
0.0412403
0.0486981
0.0560586
0.0631819
0.0699652
0.0763382
0.0822579
0.0877036
0.0926719
0.097171
0.101217
0.104824
0.107998
0.110725
0.112937
0.114434
0.114914
0.113695
0.109204
0.0983554
0.0844415
0.0704182
0.057457
0.045965
0.0360623
0.0276747
0.0201048
0.0139352
0.00909898
0.00552301
0.00308378
0.00157851
0.000759094
0.000350106
0.000156919
6.91032e-05
3.0193e-05
1.32086e-05
5.64497e-06
2.42846e-06
1.00589e-06
4.13247e-07
1.20004e-07
3.45216e-08
9.88147e-09
2.80361e-09
7.86962e-10
2.18519e-10
6.00514e-11
1.63415e-11
4.40605e-12
1.17777e-12
3.12327e-13
8.22229e-14
2.15041e-14
5.5911e-15
1.44597e-15
3.72187e-16
9.51986e-17
2.45211e-17
6.72289e-18
2.19093e-18
6.94616e-19
1.73931e-19
4.8178e-20
9.88091e-21
2.86368e-17
2.31458e-16
1.03036e-15
4.21692e-15
1.68959e-14
6.70033e-14
2.63289e-13
1.02414e-12
3.93731e-12
1.49345e-11
5.57881e-11
2.04854e-10
7.38021e-10
2.60356e-09
8.97567e-09
3.0176e-08
9.87233e-08
3.13596e-07
9.6495e-07
2.86926e-06
8.22341e-06
2.26548e-05
5.98091e-05
0.000150771
0.00036129
0.000818036
0.00173624
0.00336911
0.00596373
0.00966768
0.0144798
0.0202683
0.0268234
0.0339056
0.0412792
0.0487325
0.056088
0.0632063
0.0699848
0.0763532
0.0822687
0.0877107
0.0926757
0.0971721
0.101215
0.104821
0.107994
0.11072
0.112933
0.114432
0.114917
0.113707
0.109237
0.098427
0.0845289
0.0705101
0.0575479
0.0460516
0.0361418
0.0277485
0.0201707
0.0139905
0.00914571
0.00555873
0.00310831
0.00159359
0.000767183
0.000354156
0.00015885
6.99936e-05
3.05968e-05
1.33873e-05
5.71857e-06
2.46702e-06
1.01737e-06
4.20182e-07
1.2241e-07
3.52491e-08
1.00913e-08
2.86352e-09
8.03965e-10
2.23305e-10
6.13848e-11
1.67089e-11
4.50605e-12
1.20466e-12
3.19476e-13
8.41031e-14
2.19939e-14
5.71781e-15
1.47862e-15
3.80295e-16
9.72095e-17
2.52665e-17
7.19693e-18
2.16395e-18
6.93994e-19
1.76801e-19
4.84107e-20
1.04677e-20
2.89244e-17
2.33787e-16
1.04129e-15
4.26392e-15
1.70885e-14
6.77781e-14
2.6636e-13
1.03613e-12
3.9833e-12
1.51079e-11
5.64301e-11
2.07185e-10
7.46302e-10
2.63229e-09
9.07271e-09
3.04946e-08
9.97367e-08
3.16712e-07
9.74184e-07
2.89555e-06
8.29512e-06
2.28413e-05
6.027e-05
0.000151847
0.000363643
0.000822807
0.00174507
0.00338323
0.00598389
0.00969358
0.0145102
0.0203015
0.0268575
0.0339389
0.0413104
0.0487605
0.0561123
0.0632265
0.0700009
0.0763655
0.0822774
0.0877163
0.0926786
0.0971726
0.101214
0.104818
0.10799
0.110716
0.112928
0.11443
0.114919
0.113718
0.109265
0.0984902
0.0846056
0.0705905
0.0576272
0.0461269
0.0362109
0.0278128
0.0202292
0.0140425
0.00918683
0.00558919
0.00312897
0.00160627
0.000773986
0.000357561
0.000160471
7.07417e-05
3.09368e-05
1.35263e-05
5.78072e-06
2.50558e-06
1.02282e-06
4.32056e-07
1.26457e-07
3.62879e-08
1.03406e-08
2.9251e-09
8.19916e-10
2.27566e-10
6.25384e-11
1.70218e-11
4.5905e-12
1.22727e-12
3.25467e-13
8.56751e-14
2.24025e-14
5.82324e-15
1.50583e-15
3.87465e-16
9.89435e-17
2.5344e-17
7.1003e-18
2.43638e-18
6.78685e-19
2.21572e-19
6.39689e-20
1.26856e-20
2.92238e-17
2.37179e-16
1.05017e-15
4.30431e-15
1.72502e-14
6.84162e-14
2.68855e-13
1.04578e-12
4.02015e-12
1.52465e-11
5.69427e-11
2.09043e-10
7.52899e-10
2.65515e-09
9.14985e-09
3.07475e-08
1.0054e-07
3.19178e-07
9.81481e-07
2.9163e-06
8.35162e-06
2.29882e-05
6.06328e-05
0.000152694
0.000365498
0.00082658
0.00175209
0.00339451
0.00600006
0.00971443
0.0145347
0.0203283
0.0268851
0.0339658
0.0413355
0.0487831
0.0561318
0.0632428
0.0700139
0.0763753
0.0822843
0.0877206
0.0926805
0.0971726
0.101212
0.104815
0.107986
0.110711
0.112925
0.114428
0.11492
0.113727
0.109289
0.0985438
0.0846706
0.0706584
0.0576938
0.0461901
0.0362686
0.0278662
0.0202773
0.0140841
0.00922053
0.00561438
0.00314601
0.00161662
0.000779503
0.000360309
0.000161775
7.13409e-05
3.12067e-05
1.36464e-05
5.83399e-06
2.52996e-06
1.03249e-06
4.36661e-07
1.27929e-07
3.67297e-08
1.04706e-08
2.96317e-09
8.30946e-10
2.30716e-10
6.34245e-11
1.72673e-11
4.65756e-12
1.24533e-12
3.30272e-13
8.69386e-14
2.27314e-14
5.90803e-15
1.52747e-15
3.92915e-16
1.0036e-16
2.53674e-17
7.77497e-18
2.11228e-18
5.86855e-19
1.95338e-19
4.84117e-20
1.09099e-20
2.9399e-17
2.37743e-16
1.0589e-15
4.3359e-15
1.7376e-14
6.89121e-14
2.70792e-13
1.05326e-12
4.04872e-12
1.5354e-11
5.73401e-11
2.10485e-10
7.58019e-10
2.67289e-09
9.20977e-09
3.09441e-08
1.01165e-07
3.211e-07
9.87174e-07
2.9325e-06
8.3958e-06
2.31031e-05
6.0917e-05
0.000153358
0.000366953
0.000829535
0.00175758
0.00340331
0.00601266
0.00973066
0.0145538
0.0203491
0.0269064
0.0339867
0.041355
0.0488006
0.0561469
0.0632553
0.0700238
0.0763827
0.0822895
0.0877236
0.0926818
0.0971724
0.101211
0.104812
0.107983
0.110708
0.112921
0.114426
0.114921
0.113734
0.109309
0.0985869
0.0847227
0.0707127
0.0577471
0.0462406
0.0363148
0.027909
0.0203159
0.0141175
0.00924776
0.00563479
0.00315977
0.00162487
0.000783835
0.000362443
0.000162782
7.18029e-05
3.14154e-05
1.37406e-05
5.8752e-06
2.54887e-06
1.03936e-06
4.39966e-07
1.28998e-07
3.70612e-08
1.05713e-08
2.99325e-09
8.3974e-10
2.33237e-10
6.41336e-11
1.74634e-11
4.71094e-12
1.25966e-12
3.34071e-13
8.79346e-14
2.29899e-14
5.97466e-15
1.54469e-15
3.9743e-16
1.01402e-16
2.57338e-17
7.66129e-18
1.93321e-18
6.29472e-19
2.05712e-19
4.58261e-20
9.70815e-21
2.96073e-17
2.40316e-16
1.06346e-15
4.35896e-15
1.74681e-14
6.92745e-14
2.72206e-13
1.05872e-12
4.06956e-12
1.54324e-11
5.76301e-11
2.11537e-10
7.61752e-10
2.68584e-09
9.25348e-09
3.10875e-08
1.01621e-07
3.22501e-07
9.91325e-07
2.94432e-06
8.42803e-06
2.3187e-05
6.11244e-05
0.000153842
0.000368015
0.000831695
0.00176159
0.00340975
0.00602189
0.00974256
0.0145678
0.0203644
0.0269221
0.0340019
0.0413693
0.0488134
0.0561579
0.0632644
0.070031
0.0763881
0.0822931
0.0877258
0.0926826
0.097172
0.10121
0.10481
0.107981
0.110705
0.112919
0.114425
0.114922
0.113739
0.109323
0.0986192
0.0847618
0.0707534
0.0577869
0.0462783
0.0363494
0.0279409
0.0203449
0.0141428
0.00926853
0.00565044
0.00317033
0.00163109
0.000787024
0.00036399
0.000163507
7.21349e-05
3.15666e-05
1.38104e-05
5.90613e-06
2.56335e-06
1.04437e-06
4.42337e-07
1.29797e-07
3.732e-08
1.06519e-08
3.01743e-09
8.46794e-10
2.35244e-10
6.46923e-11
1.7616e-11
4.75199e-12
1.27056e-12
3.36932e-13
8.86785e-14
2.31818e-14
6.02371e-15
1.55704e-15
4.00709e-16
1.02718e-16
2.62487e-17
6.7168e-18
2.01847e-18
6.64275e-19
2.04839e-19
5.67006e-20
1.00997e-20
3.00728e-17
2.39431e-16
1.06816e-15
4.3738e-15
1.75266e-14
6.95056e-14
2.73109e-13
1.06222e-12
4.08288e-12
1.54824e-11
5.78149e-11
2.12207e-10
7.64131e-10
2.69407e-09
9.28129e-09
3.11787e-08
1.01911e-07
3.23392e-07
9.93963e-07
2.95183e-06
8.44849e-06
2.32403e-05
6.12561e-05
0.00015415
0.00036869
0.000833069
0.00176415
0.00341387
0.0060278
0.00975019
0.0145768
0.0203742
0.0269322
0.0340118
0.0413785
0.0488216
0.056165
0.0632703
0.0700356
0.0763915
0.0822954
0.087727
0.092683
0.0971716
0.101209
0.104809
0.107979
0.110703
0.112917
0.114424
0.114922
0.113742
0.109332
0.0986403
0.0847873
0.07078
0.0578129
0.0463028
0.0363718
0.0279617
0.0203637
0.014159
0.00928179
0.00566051
0.0031772
0.00163517
0.000789111
0.000364994
0.000163973
7.23485e-05
3.16654e-05
1.3858e-05
5.92716e-06
2.57421e-06
1.04719e-06
4.44024e-07
1.30394e-07
3.75146e-08
1.07123e-08
3.03547e-09
8.5201e-10
2.36708e-10
6.50936e-11
1.77238e-11
4.78049e-12
1.278e-12
3.38854e-13
8.91709e-14
2.3307e-14
6.05531e-15
1.56495e-15
4.02684e-16
1.03342e-16
2.6483e-17
6.79873e-18
2.20387e-18
5.40859e-19
1.70768e-19
4.42691e-20
9.75291e-21
2.9793e-17
2.40534e-16
1.07016e-15
4.38045e-15
1.75535e-14
6.96126e-14
2.73526e-13
1.06382e-12
4.08896e-12
1.55052e-11
5.7899e-11
2.12511e-10
7.65208e-10
2.6978e-09
9.29384e-09
3.12198e-08
1.02042e-07
3.23792e-07
9.95147e-07
2.9552e-06
8.45767e-06
2.32641e-05
6.1315e-05
0.000154288
0.000368992
0.000833683
0.0017653
0.00341571
0.00603047
0.00975365
0.0145809
0.0203787
0.0269368
0.0340164
0.0413828
0.0488255
0.0561683
0.063273
0.0700378
0.0763931
0.0822965
0.0877276
0.0926831
0.0971714
0.101208
0.104808
0.107978
0.110702
0.112916
0.114423
0.114922
0.113744
0.109337
0.0986502
0.0847994
0.0707926
0.0578252
0.0463145
0.0363824
0.0279715
0.0203726
0.0141668
0.00928813
0.00566526
0.00318041
0.00163708
0.000790091
0.000365464
0.00016419
7.24468e-05
3.17098e-05
1.38791e-05
5.93636e-06
2.57878e-06
1.04781e-06
4.44567e-07
1.30609e-07
3.75882e-08
1.07357e-08
3.04258e-09
8.54087e-10
2.37299e-10
6.52574e-11
1.77684e-11
4.79245e-12
1.28116e-12
3.39684e-13
8.93871e-14
2.3363e-14
6.0698e-15
1.56864e-15
4.0324e-16
1.02662e-16
2.73803e-17
7.43523e-18
2.19516e-18
6.18042e-19
1.93958e-19
5.09387e-20
7.46653e-21
2.97863e-17
2.40679e-16
1.07012e-15
4.38042e-15
1.75543e-14
6.96145e-14
2.73531e-13
1.06384e-12
4.08904e-12
1.55055e-11
5.79001e-11
2.12515e-10
7.65221e-10
2.69784e-09
9.29398e-09
3.12202e-08
1.02043e-07
3.23796e-07
9.9516e-07
2.95523e-06
8.45776e-06
2.32643e-05
6.13156e-05
0.000154289
0.000368995
0.000833689
0.00176531
0.00341573
0.00603049
0.00975367
0.0145809
0.0203787
0.0269369
0.0340164
0.0413828
0.0488255
0.0561683
0.063273
0.0700378
0.0763931
0.0822964
0.0877276
0.0926831
0.0971713
0.101208
0.104808
0.107978
0.110702
0.112916
0.114423
0.114922
0.113743
0.109336
0.0986495
0.0847986
0.0707918
0.0578246
0.0463139
0.036382
0.0279711
0.0203723
0.0141666
0.00928797
0.00566515
0.00318034
0.00163703
0.000790068
0.000365452
0.000164183
7.24414e-05
3.17057e-05
1.38762e-05
5.93443e-06
2.57759e-06
1.04709e-06
4.44221e-07
1.30496e-07
3.7553e-08
1.07251e-08
3.0395e-09
8.53232e-10
2.37071e-10
6.51991e-11
1.7754e-11
4.78902e-12
1.28037e-12
3.39504e-13
8.93468e-14
2.33541e-14
6.06768e-15
1.5679e-15
4.03012e-16
1.034e-16
2.67223e-17
8.15111e-18
2.08654e-18
7.25067e-19
2.35444e-19
6.92899e-20
1.38864e-20
2.96606e-17
2.39839e-16
1.06834e-15
4.37421e-15
1.75281e-14
6.95107e-14
2.73128e-13
1.06228e-12
4.08313e-12
1.54834e-11
5.78184e-11
2.12219e-10
7.64173e-10
2.69422e-09
9.28176e-09
3.11802e-08
1.01916e-07
3.23406e-07
9.94004e-07
2.95194e-06
8.4488e-06
2.3241e-05
6.12579e-05
0.000154155
0.000368699
0.000833087
0.00176418
0.00341392
0.00602787
0.00975027
0.0145769
0.0203743
0.0269323
0.0340119
0.0413785
0.0488217
0.056165
0.0632703
0.0700356
0.0763915
0.0822953
0.087727
0.0926829
0.0971715
0.101208
0.104808
0.107978
0.110703
0.112916
0.114423
0.114921
0.113741
0.109331
0.098638
0.0847849
0.0707777
0.057811
0.0463012
0.0363704
0.0279605
0.0203627
0.0141584
0.00928136
0.0056602
0.003177
0.00163505
0.000789048
0.00036496
0.000163953
7.23347e-05
3.16544e-05
1.38516e-05
5.92172e-06
2.57156e-06
1.04385e-06
4.42758e-07
1.30028e-07
3.74083e-08
1.06816e-08
3.02682e-09
8.49649e-10
2.36089e-10
6.49373e-11
1.76858e-11
4.77153e-12
1.27595e-12
3.38395e-13
8.90704e-14
2.32853e-14
6.05071e-15
1.56408e-15
4.025e-16
1.03227e-16
2.65278e-17
6.92441e-18
1.84748e-18
6.65288e-19
1.89399e-19
5.00875e-20
1.05075e-20
2.9588e-17
2.39092e-16
1.06486e-15
4.3597e-15
1.74701e-14
6.92829e-14
2.7224e-13
1.05886e-12
4.07005e-12
1.54342e-11
5.76364e-11
2.11559e-10
7.61828e-10
2.68609e-09
9.25431e-09
3.10901e-08
1.01629e-07
3.22525e-07
9.91395e-07
2.94451e-06
8.42853e-06
2.31883e-05
6.11274e-05
0.000153849
0.000368029
0.000831724
0.00176165
0.00340983
0.00602201
0.00974269
0.0145679
0.0203645
0.0269222
0.0340021
0.0413694
0.0488134
0.0561579
0.0632644
0.070031
0.076388
0.082293
0.0877256
0.0926824
0.0971717
0.101209
0.10481
0.10798
0.110704
0.112918
0.114424
0.114921
0.113737
0.109321
0.0986152
0.0847576
0.0707495
0.0577834
0.0462753
0.0363468
0.0279387
0.0203429
0.0141412
0.00926736
0.00564965
0.00316984
0.00163081
0.000786882
0.000363919
0.00016347
7.21141e-05
3.15539e-05
1.38059e-05
5.90062e-06
2.56161e-06
1.03941e-06
4.40808e-07
1.29413e-07
3.72185e-08
1.06239e-08
3.00964e-09
8.44666e-10
2.34679e-10
6.45473e-11
1.758e-11
4.74329e-12
1.26851e-12
3.3646e-13
8.85714e-14
2.31578e-14
6.01844e-15
1.55593e-15
4.00397e-16
1.02478e-16
2.61469e-17
7.26203e-18
1.973e-18
5.5901e-19
1.9191e-19
5.86689e-20
9.61917e-21
3.05277e-17
2.36865e-16
1.05859e-15
4.3368e-15
1.73793e-14
6.89247e-14
2.7084e-13
1.05344e-12
4.04938e-12
1.53564e-11
5.73487e-11
2.10515e-10
7.58122e-10
2.67324e-09
9.21091e-09
3.09477e-08
1.01176e-07
3.21133e-07
9.87269e-07
2.93276e-06
8.39649e-06
2.31049e-05
6.09211e-05
0.000153367
0.000366973
0.000829574
0.00175765
0.00340341
0.0060128
0.00973084
0.014554
0.0203493
0.0269066
0.0339868
0.0413551
0.0488007
0.0561469
0.0632553
0.0700238
0.0763826
0.0822893
0.0877234
0.0926816
0.097172
0.10121
0.104812
0.107982
0.110707
0.11292
0.114425
0.114919
0.113731
0.109305
0.0985814
0.084717
0.0707073
0.0577423
0.0462364
0.0363113
0.027906
0.0203135
0.0141155
0.00924626
0.00563376
0.00315914
0.00162451
0.000783653
0.000362353
0.000162739
7.17809e-05
3.14043e-05
1.37399e-05
5.87152e-06
2.54904e-06
1.03352e-06
4.38321e-07
1.2863e-07
3.69776e-08
1.0551e-08
2.98796e-09
8.38341e-10
2.32869e-10
6.40384e-11
1.74393e-11
4.70501e-12
1.25824e-12
3.33735e-13
8.7857e-14
2.29723e-14
5.97059e-15
1.54358e-15
3.97069e-16
1.01679e-16
2.62828e-17
6.99062e-18
2.04115e-18
6.35685e-19
2.01995e-19
6.05858e-20
1.11226e-20
2.92352e-17
2.36016e-16
1.05151e-15
4.3056e-15
1.72546e-14
6.84325e-14
2.68916e-13
1.046e-12
4.02099e-12
1.52496e-11
5.69536e-11
2.09082e-10
7.53031e-10
2.65559e-09
9.15129e-09
3.0752e-08
1.00554e-07
3.1922e-07
9.81601e-07
2.91663e-06
8.35248e-06
2.29903e-05
6.06379e-05
0.000152706
0.000365523
0.000826628
0.00175218
0.00339464
0.00600023
0.00971465
0.0145349
0.0203285
0.0268853
0.033966
0.0413357
0.0487832
0.0561318
0.0632427
0.0700138
0.0763751
0.0822841
0.0877203
0.0926802
0.0971721
0.101212
0.104814
0.107985
0.11071
0.112923
0.114426
0.114918
0.113723
0.109285
0.0985369
0.0846633
0.0706515
0.0576877
0.0461848
0.0362642
0.0278625
0.0202743
0.0140817
0.00921874
0.00561317
0.00314527
0.00161621
0.000779293
0.000360207
0.000161728
7.13188e-05
3.11967e-05
1.36483e-05
5.83182e-06
2.53211e-06
1.02545e-06
4.34977e-07
1.27592e-07
3.66594e-08
1.04547e-08
2.95929e-09
8.29952e-10
2.30459e-10
6.33583e-11
1.72505e-11
4.6534e-12
1.24433e-12
3.30036e-13
8.68845e-14
2.27193e-14
5.90544e-15
1.52693e-15
3.92768e-16
1.00561e-16
2.55791e-17
7.52578e-18
2.18215e-18
6.27428e-19
2.06912e-19
5.96384e-20
9.02043e-21
2.89454e-17
2.34002e-16
1.04176e-15
4.26527e-15
1.70934e-14
6.77971e-14
2.66434e-13
1.0364e-12
3.98432e-12
1.51116e-11
5.64434e-11
2.07231e-10
7.46462e-10
2.63282e-09
9.07446e-09
3.05001e-08
9.97537e-08
3.16762e-07
9.74328e-07
2.89595e-06
8.29616e-06
2.28439e-05
6.02762e-05
0.000151861
0.000363672
0.000822863
0.00174517
0.00338338
0.00598409
0.00969383
0.0145104
0.0203018
0.0268578
0.0339392
0.0413106
0.0487606
0.0561123
0.0632265
0.0700008
0.0763653
0.0822772
0.087716
0.0926781
0.097172
0.101213
0.104817
0.107989
0.110714
0.112926
0.114427
0.114915
0.113714
0.10926
0.0984819
0.0845969
0.0705824
0.05762
0.0461209
0.0362059
0.0278087
0.0202259
0.01404
0.00918496
0.00558788
0.00312815
0.00160581
0.00077375
0.000357448
0.00016042
7.07193e-05
3.09278e-05
1.353e-05
5.7795e-06
2.50951e-06
1.01551e-06
4.30717e-07
1.26259e-07
3.62508e-08
1.03312e-08
2.92255e-09
8.19208e-10
2.27372e-10
6.24864e-11
1.70083e-11
4.58715e-12
1.22646e-12
3.2528e-13
8.56332e-14
2.23936e-14
5.82143e-15
1.50538e-15
3.87405e-16
9.92664e-17
2.53859e-17
7.18337e-18
2.0556e-18
6.94898e-19
2.09225e-19
5.03461e-20
8.7352e-21
2.89997e-17
2.35505e-16
1.02918e-15
4.21664e-15
1.69013e-14
6.70261e-14
2.63376e-13
1.02447e-12
3.93852e-12
1.49389e-11
5.58038e-11
2.04909e-10
7.3821e-10
2.6042e-09
8.97773e-09
3.01826e-08
9.87434e-08
3.13655e-07
9.65119e-07
2.86972e-06
8.22463e-06
2.26578e-05
5.98163e-05
0.000150787
0.000361324
0.000818101
0.00173635
0.00336928
0.00596396
0.00966796
0.0144801
0.0202686
0.0268237
0.0339058
0.0412793
0.0487326
0.056088
0.0632063
0.0699846
0.076353
0.0822684
0.0877103
0.0926752
0.0971714
0.101214
0.104819
0.107993
0.110718
0.11293
0.114429
0.114913
0.113702
0.10923
0.0984172
0.0845187
0.0705007
0.0575398
0.0460448
0.0361365
0.0277445
0.0201682
0.0139903
0.00914454
0.00555755
0.00310746
0.00159309
0.000766919
0.000354029
0.000158792
6.99695e-05
3.05894e-05
1.33803e-05
5.71415e-06
2.48127e-06
1.00152e-06
4.24996e-07
1.24526e-07
3.57262e-08
1.01733e-08
2.87563e-09
8.05508e-10
2.23444e-10
6.13803e-11
1.67019e-11
4.50357e-12
1.20398e-12
3.1931e-13
8.40658e-14
2.1986e-14
5.71622e-15
1.47852e-15
3.80789e-16
9.77803e-17
2.51502e-17
6.61858e-18
1.86823e-18
5.45962e-19
1.83942e-19
5.52197e-20
1.05732e-20
2.89437e-17
2.33244e-16
1.03134e-15
4.20622e-15
1.68065e-14
6.64775e-14
2.60588e-13
1.01157e-12
3.88484e-12
1.47312e-11
5.50298e-11
2.02097e-10
7.28233e-10
2.56965e-09
8.86131e-09
2.98015e-08
9.75348e-08
3.09952e-07
9.54188e-07
2.83871e-06
8.14039e-06
2.24394e-05
5.92777e-05
0.000149531
0.000358572
0.000812501
0.00172592
0.0033525
0.00593985
0.00963687
0.0144435
0.0202287
0.0267824
0.033865
0.0412404
0.0486982
0.0560586
0.0631819
0.0699651
0.076338
0.0822575
0.0877032
0.0926713
0.0971702
0.101216
0.104822
0.107997
0.110723
0.112934
0.11443
0.11491
0.113689
0.109197
0.0983441
0.0844298
0.0704073
0.0574475
0.0459569
0.0360556
0.0276687
0.0200989
0.0139282
0.00909532
0.00552099
0.00308263
0.00157789
0.000758781
0.000349958
0.000156852
6.90755e-05
3.0186e-05
1.32013e-05
5.63227e-06
2.44319e-06
9.8947e-07
4.19247e-07
1.22577e-07
3.51099e-08
9.98518e-09
2.81956e-09
7.89133e-10
2.18751e-10
6.00588e-11
1.63358e-11
4.40365e-12
1.17708e-12
3.12158e-13
8.21851e-14
2.14965e-14
5.59014e-15
1.44631e-15
3.72587e-16
9.57503e-17
2.46606e-17
6.35917e-18
1.65654e-18
5.40365e-19
1.65258e-19
5.27916e-20
8.20823e-21
3.2886e-17
2.58815e-16
1.11724e-15
4.50542e-15
1.78639e-14
6.99811e-14
2.70173e-13
1.023e-12
3.85884e-12
1.45168e-11
5.41164e-11
1.9868e-10
7.16009e-10
2.52715e-09
8.71747e-09
2.93287e-08
9.60287e-08
3.05315e-07
9.4043e-07
2.7995e-06
8.0334e-06
2.2161e-05
5.85903e-05
0.00014793
0.000355082
0.000805456
0.00171295
0.00333193
0.00591072
0.00959975
0.0144003
0.0201821
0.0267352
0.0338194
0.0411977
0.0486601
0.0560253
0.0631538
0.0699423
0.0763203
0.0822446
0.0876945
0.0926663
0.0971683
0.101216
0.104825
0.108001
0.110727
0.112939
0.114432
0.114907
0.113675
0.10916
0.0982643
0.0843322
0.0703042
0.0573451
0.0458589
0.0359656
0.0275848
0.0200243
0.0138661
0.00904232
0.00547994
0.00305411
0.00156023
0.000749273
0.000345183
0.000154572
6.80222e-05
2.97088e-05
1.30025e-05
5.54398e-06
2.39381e-06
9.67633e-07
4.0901e-07
1.19427e-07
3.41808e-08
9.71946e-09
2.74508e-09
7.68466e-10
2.1304e-10
5.84861e-11
1.59051e-11
4.28664e-12
1.1456e-12
3.03775e-13
7.99755e-14
2.09196e-14
5.44077e-15
1.40804e-15
3.6284e-16
9.32244e-17
2.3954e-17
6.2015e-18
1.62907e-18
5.54093e-19
1.8321e-19
4.65891e-20
9.84222e-21
5.51049e-17
4.52227e-16
1.49726e-15
6.31166e-15
2.64704e-14
1.10281e-13
4.59696e-13
1.36796e-12
4.18018e-12
1.45518e-11
5.29052e-11
1.9445e-10
7.01587e-10
2.47789e-09
8.55227e-09
2.87897e-08
9.4325e-08
3.00114e-07
9.25134e-07
2.75629e-06
7.91645e-06
2.18587e-05
5.7847e-05
0.000146199
0.000351289
0.000797726
0.00169851
0.0033086
0.00587714
0.00955644
0.0143495
0.0201271
0.0266796
0.0337667
0.0411515
0.0486165
0.0559868
0.0631211
0.0699158
0.0762996
0.0822293
0.0876839
0.0926598
0.0971653
0.101216
0.104827
0.108004
0.110732
0.112943
0.114433
0.114903
0.11366
0.109122
0.0981805
0.084229
0.0701941
0.0572346
0.0457517
0.0358651
0.0274876
0.0199384
0.0137924
0.00898159
0.0054335
0.00302191
0.00154028
0.000738536
0.000339789
0.000151992
6.683e-05
2.91677e-05
1.27654e-05
5.44465e-06
2.34811e-06
9.48073e-07
4.00772e-07
1.16661e-07
3.33118e-08
9.45705e-09
2.66795e-09
7.46224e-10
2.06719e-10
5.67123e-11
1.54135e-11
4.15208e-12
1.10922e-12
2.94056e-13
7.74089e-14
2.02491e-14
5.26736e-15
1.36359e-15
3.51395e-16
8.98359e-17
2.28004e-17
7.24121e-18
1.83178e-18
5.01686e-19
1.69997e-19
5.22571e-20
1.08501e-20
7.19857e-17
3.55502e-16
1.61673e-15
6.83002e-15
2.80554e-14
1.12668e-13
4.35082e-13
1.57113e-12
5.57067e-12
1.52658e-11
5.29184e-11
1.89263e-10
6.83333e-10
2.41627e-09
8.34577e-09
2.8112e-08
9.21651e-08
2.93459e-07
9.05374e-07
2.69995e-06
7.7628e-06
2.14595e-05
5.68635e-05
0.000143916
0.000346337
0.000787792
0.00168035
0.00328008
0.00583713
0.00950586
0.0142911
0.0200642
0.0266156
0.0337043
0.0410921
0.0485646
0.0559423
0.063084
0.0698857
0.0762761
0.0822117
0.0876715
0.0926518
0.0971609
0.101215
0.104828
0.108007
0.110735
0.112946
0.114434
0.114899
0.113644
0.109084
0.0980971
0.0841253
0.0700821
0.0571211
0.0456412
0.0357626
0.0273914
0.0198477
0.0137113
0.00891422
0.00538156
0.00298561
0.00151758
0.000726225
0.000333559
0.000148997
6.54434e-05
2.85367e-05
1.24782e-05
5.32038e-06
2.29452e-06
9.25244e-07
3.9e-07
1.13233e-07
3.22581e-08
9.14115e-09
2.57535e-09
7.19608e-10
1.99196e-10
5.46153e-11
1.4836e-11
3.99478e-12
1.06695e-12
2.83073e-13
7.46184e-14
1.95517e-14
5.09559e-15
1.32199e-15
3.41729e-16
8.8034e-17
2.2584e-17
5.92763e-18
1.7152e-18
5.74742e-19
1.84759e-19
5.49202e-20
1.10935e-20
4.79492e-17
3.55671e-16
1.57135e-15
6.51717e-15
2.63827e-14
1.05214e-13
4.13347e-13
1.60066e-12
6.18169e-12
1.69642e-11
5.2854e-11
1.84329e-10
6.63135e-10
2.34761e-09
8.11729e-09
2.73698e-08
8.98274e-08
2.86345e-07
8.84522e-07
2.64124e-06
7.60441e-06
2.10514e-05
5.58628e-05
0.000141592
0.000341259
0.000777463
0.00166109
0.00324904
0.00579253
0.00944848
0.014224
0.0199917
0.0265421
0.0336334
0.0410269
0.0485066
0.0558925
0.0630426
0.0698523
0.0762499
0.0821919
0.0876571
0.092642
0.0971549
0.101212
0.104827
0.108007
0.110737
0.112947
0.114433
0.114894
0.11363
0.109049
0.0980209
0.0840287
0.0699756
0.0570107
0.0455315
0.0356584
0.0272898
0.0197488
0.0136185
0.00883128
0.00532033
0.00294416
0.0014923
0.000712715
0.000326792
0.000145762
6.39461e-05
2.78549e-05
1.21687e-05
5.18215e-06
2.23008e-06
8.98499e-07
3.78214e-07
1.0946e-07
3.10896e-08
8.78769e-09
2.47075e-09
6.89291e-10
1.90553e-10
5.21773e-11
1.41838e-11
3.943e-12
1.0615e-12
2.86277e-13
7.61374e-14
2.00421e-14
5.23422e-15
1.35893e-15
3.51359e-16
9.03562e-17
2.29549e-17
6.82051e-18
1.95742e-18
6.45894e-19
2.13437e-19
5.35064e-20
1.14429e-20
4.59766e-17
3.46229e-16
1.54254e-15
6.29441e-15
2.49821e-14
9.7502e-14
3.75472e-13
1.43106e-12
5.39043e-12
1.99819e-11
5.34281e-11
1.80161e-10
6.38992e-10
2.26217e-09
7.83002e-09
2.64283e-08
8.68314e-08
2.7713e-07
8.57228e-07
2.56365e-06
7.39349e-06
2.05052e-05
5.45217e-05
0.000138487
0.000334536
0.000763995
0.0016365
0.00321059
0.00573903
0.00938171
0.014148
0.0199115
0.0264622
0.0335576
0.0409576
0.0484458
0.0558407
0.0629997
0.0698176
0.0762226
0.0821709
0.0876414
0.0926306
0.0971469
0.101206
0.104824
0.108006
0.110736
0.112946
0.114431
0.114888
0.113617
0.109021
0.0979627
0.083951
0.0698855
0.0569139
0.0454313
0.0355594
0.0271884
0.0196531
0.0135327
0.00876158
0.00526195
0.00290155
0.00146495
0.000697636
0.000319047
0.000141981
6.21656e-05
2.70341e-05
1.17943e-05
5.01276e-06
2.15489e-06
8.63871e-07
3.63728e-07
1.0496e-07
2.97152e-08
8.3742e-09
2.34838e-09
6.5355e-10
1.80105e-10
4.91599e-11
1.40399e-11
4.12326e-12
1.30576e-12
4.41675e-13
1.08247e-13
2.68116e-14
6.68122e-15
1.67117e-15
4.1905e-16
1.05376e-16
2.6618e-17
6.88776e-18
2.20689e-18
6.5178e-19
2.22958e-19
6.73075e-20
1.20679e-20
4.06656e-17
3.28403e-16
1.4612e-15
5.95747e-15
2.36903e-14
9.30124e-14
3.61915e-13
1.39849e-12
5.37155e-12
2.04949e-11
5.45506e-11
1.74988e-10
6.12415e-10
2.16835e-09
7.51539e-09
2.5404e-08
8.35993e-08
2.67277e-07
8.28294e-07
2.48207e-06
7.17342e-06
1.99395e-05
5.31425e-05
0.000135316
0.000327708
0.000750361
0.00161159
0.00317139
0.00568381
0.0093117
0.0140671
0.0198251
0.0263755
0.0334751
0.0408826
0.0483804
0.0557856
0.0629547
0.0697816
0.0761943
0.0821487
0.0876238
0.0926169
0.0971363
0.101198
0.104817
0.108
0.110731
0.112942
0.114427
0.114884
0.113612
0.109012
0.0979436
0.0839185
0.0698374
0.0568486
0.0453527
0.0354741
0.0270965
0.0195634
0.0134507
0.00869283
0.00520494
0.00285939
0.00143751
0.000682417
0.000311184
0.000138119
6.03342e-05
2.61839e-05
1.14045e-05
4.83745e-06
2.07551e-06
8.31783e-07
3.49337e-07
1.00277e-07
2.82551e-08
7.92969e-09
2.2155e-09
6.14284e-10
1.6868e-10
4.63997e-11
1.38612e-11
4.73476e-12
1.68884e-12
4.31434e-13
1.09201e-13
2.75578e-14
6.94502e-15
1.74942e-15
4.40669e-16
1.11199e-16
2.83711e-17
7.48025e-18
2.08594e-18
5.98625e-19
1.88391e-19
5.76353e-20
1.05736e-20
3.82248e-17
3.0707e-16
1.37377e-15
5.64021e-15
2.26444e-14
8.99849e-14
3.54807e-13
1.3885e-12
5.39002e-12
2.0737e-11
5.5362e-11
1.69008e-10
5.8169e-10
2.05452e-09
7.13216e-09
2.41532e-08
7.96436e-08
2.552e-07
7.92807e-07
2.38197e-06
6.90304e-06
1.92422e-05
5.14315e-05
0.000131341
0.000319033
0.000732784
0.00157909
0.00312002
0.00561217
0.00922316
0.0139686
0.0197244
0.0262794
0.0333879
0.0408061
0.0483142
0.0557341
0.0629149
0.0697511
0.0761718
0.0821327
0.0876129
0.0926085
0.0971291
0.101191
0.10481
0.107993
0.110725
0.112936
0.114422
0.114883
0.113616
0.109025
0.0979721
0.0839417
0.0698466
0.0568408
0.0453265
0.0354308
0.0270317
0.0194864
0.0133678
0.00860946
0.00512985
0.00280697
0.00140426
0.000664079
0.000301719
0.000133461
5.81162e-05
2.51505e-05
1.09315e-05
4.62112e-06
1.98145e-06
7.87091e-07
3.31126e-07
9.47167e-08
2.65679e-08
7.42151e-09
2.06433e-09
5.70018e-10
1.56269e-10
4.42841e-11
1.43216e-11
5.28398e-12
1.41807e-12
3.7358e-13
9.73173e-14
2.5128e-14
6.44924e-15
1.64821e-15
4.19911e-16
1.06778e-16
2.72501e-17
7.05482e-18
1.86231e-18
6.09795e-19
1.99359e-19
4.97418e-20
9.90847e-21
3.5983e-17
2.92028e-16
1.3094e-15
5.40258e-15
2.18095e-14
8.7215e-14
3.46305e-13
1.36567e-12
5.3474e-12
2.07789e-11
5.64382e-11
1.61342e-10
5.46519e-10
1.92404e-09
6.69046e-09
2.27038e-08
7.50304e-08
2.41013e-07
7.50833e-07
2.26302e-06
6.5817e-06
1.84189e-05
4.94428e-05
0.000126843
0.000309581
0.000714529
0.00154709
0.00307261
0.00554952
0.00914858
0.0138875
0.0196427
0.0262025
0.0333203
0.0407513
0.0482749
0.0557033
0.0628948
0.0697406
0.0761666
0.0821299
0.0876101
0.0926047
0.0971234
0.101183
0.1048
0.107982
0.110712
0.112925
0.114416
0.114885
0.113634
0.109075
0.0980779
0.0840505
0.0699347
0.0569001
0.0453557
0.035432
0.0270042
0.0194354
0.0133036
0.00854353
0.00507537
0.00276149
0.00137332
0.000646231
0.000292174
0.000128637
5.57792e-05
2.40487e-05
1.04184e-05
4.38391e-06
1.87562e-06
7.52189e-07
3.08334e-07
8.72699e-08
2.44361e-08
6.82215e-09
1.89342e-09
5.20919e-10
1.42651e-10
4.18936e-11
1.56924e-11
4.43141e-12
1.23183e-12
3.34532e-13
8.85764e-14
2.30289e-14
5.92438e-15
1.516e-15
3.86799e-16
9.82484e-17
2.47239e-17
7.53828e-18
1.88766e-18
6.30101e-19
2.06685e-19
6.1025e-20
1.01066e-20
3.26658e-17
2.64799e-16
1.18222e-15
4.84918e-15
1.94585e-14
7.71771e-14
3.02656e-13
1.17063e-12
4.44824e-12
1.6512e-11
5.93853e-11
1.56279e-10
5.10353e-10
1.78171e-09
6.21125e-09
2.11538e-08
7.0176e-08
2.26322e-07
7.07969e-07
2.14271e-06
6.25769e-06
1.75841e-05
4.73926e-05
0.000122067
0.000299105
0.000693138
0.00150712
0.00300871
0.00545963
0.00903764
0.0137665
0.0195249
0.0260994
0.0332398
0.0406979
0.048248
0.0556977
0.0629011
0.0697524
0.0761807
0.0821435
0.0876212
0.0926116
0.0971247
0.101178
0.104789
0.107965
0.110693
0.112907
0.114407
0.114893
0.113678
0.10919
0.0983201
0.0843143
0.07017
0.0570851
0.0454834
0.0355048
0.0270354
0.0194308
0.0132661
0.00848742
0.0050188
0.00271086
0.00133916
0.000626205
0.000281504
0.000123302
5.32162e-05
2.28406e-05
9.86463e-06
4.12888e-06
1.74196e-06
6.96332e-07
2.83208e-07
7.94582e-08
2.21191e-08
6.149e-09
1.69964e-09
4.65888e-10
1.29719e-10
4.09112e-11
1.52903e-11
4.05786e-12
1.08377e-12
2.87988e-13
7.57224e-14
1.97121e-14
5.09588e-15
1.31165e-15
3.36668e-16
8.62603e-17
2.20988e-17
5.90966e-18
1.76186e-18
5.40406e-19
1.62602e-19
5.2471e-20
6.45351e-21
2.86718e-17
2.3213e-16
1.03521e-15
4.23556e-15
1.69423e-14
6.70579e-14
2.63093e-13
1.0227e-12
3.93602e-12
1.49944e-11
5.65856e-11
1.47397e-10
4.63824e-10
1.59813e-09
5.57607e-09
1.90461e-08
6.34229e-08
2.0548e-07
6.46214e-07
1.96769e-06
5.78514e-06
1.63741e-05
4.44707e-05
0.000115461
0.00028526
0.000666581
0.00146127
0.00294367
0.00538042
0.0089553
0.0136926
0.0194677
0.0260634
0.0332275
0.0407084
0.0482735
0.0557369
0.0629435
0.0697969
0.0762243
0.0821826
0.0876528
0.0926336
0.097136
0.101178
0.104777
0.107944
0.110666
0.11288
0.114396
0.114911
0.113759
0.109396
0.098763
0.0848128
0.0706362
0.0574761
0.0457823
0.035708
0.0271593
0.0194901
0.0132808
0.00846874
0.0049829
0.00267087
0.00130843
0.000606107
0.000269829
0.000117074
5.00907e-05
2.13251e-05
9.1509e-06
3.82358e-06
1.60526e-06
6.45212e-07
2.59342e-07
7.1538e-08
1.96496e-08
5.40871e-09
1.48399e-09
4.05042e-10
1.14814e-10
3.94065e-11
1.45594e-11
3.77234e-12
9.79077e-13
2.53679e-13
6.56101e-14
1.69391e-14
4.36672e-15
1.12432e-15
2.89237e-16
7.44031e-17
1.92036e-17
5.0453e-18
1.37248e-18
3.87519e-19
1.36592e-19
4.30286e-20
7.75547e-21
2.52612e-17
2.04675e-16
9.13296e-16
3.74513e-15
1.50326e-14
5.97879e-14
2.36104e-13
9.25559e-13
3.59894e-12
1.3868e-11
5.29009e-11
1.3872e-10
4.24685e-10
1.45063e-09
5.0672e-09
1.73814e-08
5.81413e-08
1.89262e-07
5.9821e-07
1.83131e-06
5.41479e-06
1.54175e-05
4.21329e-05
0.00011009
0.000273753
0.00064386
0.00142061
0.00288288
0.00530003
0.00885767
0.0135908
0.0193822
0.0260166
0.0332271
0.0407453
0.0483438
0.0558263
0.0630412
0.0698979
0.0763221
0.0822712
0.0877275
0.0926908
0.0971738
0.101197
0.104778
0.107929
0.110639
0.112852
0.114385
0.11494
0.113878
0.1097
0.0994237
0.0855708
0.071363
0.0581079
0.0462889
0.0360764
0.0274092
0.0196283
0.013331
0.00846028
0.00493836
0.00262508
0.00127625
0.000586506
0.000259002
0.000111518
4.73854e-05
2.00496e-05
8.54004e-06
3.52904e-06
1.47558e-06
5.80732e-07
2.34453e-07
6.4302e-08
1.75421e-08
4.79139e-09
1.30351e-09
3.5495e-10
1.0451e-10
3.92053e-11
1.09773e-11
3.00857e-12
8.10788e-13
2.15211e-13
5.6314e-14
1.45815e-14
3.75175e-15
9.62116e-16
2.46224e-16
6.29904e-17
1.66408e-17
4.496e-18
1.48274e-18
4.20276e-19
1.29995e-19
3.75852e-20
5.78837e-21
2.21006e-17
1.78615e-16
7.91912e-16
3.23932e-15
1.29844e-14
5.16225e-14
2.04104e-13
8.02611e-13
3.13744e-12
1.21832e-11
4.69593e-11
1.24056e-10
3.46959e-10
1.15231e-09
4.01334e-09
1.38735e-08
4.6849e-08
1.54129e-07
4.9294e-07
1.52874e-06
4.5843e-06
1.32517e-05
3.67992e-05
9.77804e-05
0.000247402
0.000592274
0.00132998
0.00275435
0.00514791
0.00871875
0.0134992
0.0193554
0.0260487
0.0333079
0.0408706
0.0485005
0.0560058
0.0632512
0.0701106
0.0765209
0.0824455
0.0878708
0.0928004
0.0972497
0.101241
0.104795
0.107925
0.110621
0.112829
0.114379
0.114972
0.114
0.11001
0.100105
0.0863765
0.0721699
0.0588513
0.0469328
0.0365947
0.0278103
0.0199056
0.013476
0.00849421
0.00490211
0.00255486
0.00121555
0.000546028
0.000235882
9.95145e-05
4.15283e-05
1.73017e-05
7.30408e-06
2.99073e-06
1.22942e-06
5.00937e-07
1.90634e-07
5.06722e-08
1.35821e-08
3.66048e-09
9.86103e-10
2.74524e-10
8.81712e-11
3.35565e-11
8.77269e-12
2.31648e-12
6.12902e-13
1.61506e-13
4.22839e-14
1.10072e-14
2.85479e-15
7.39112e-16
1.91253e-16
4.93752e-17
1.27715e-17
4.22739e-18
1.08916e-18
3.35382e-19
1.08095e-19
3.33611e-20
4.14151e-21
)
;

boundaryField
{
    fuel
    {
        type            fixedValue;
        value           uniform 0;
    }
    air
    {
        type            fixedValue;
        value           uniform 0;
    }
    outlet
    {
        type            inletOutlet;
        inletValue      uniform 0;
        value           nonuniform List<scalar> 
200
(
2.20928e-17
1.78623e-16
7.9496e-16
3.25007e-15
1.30146e-14
5.17013e-14
2.04271e-13
8.02814e-13
3.13697e-12
1.21783e-11
4.69339e-11
1.2398e-10
3.46658e-10
1.15118e-09
4.00939e-09
1.38604e-08
4.68074e-08
1.54e-07
4.92553e-07
1.52761e-06
4.58115e-06
1.32433e-05
3.67777e-05
9.77282e-05
0.000247283
0.000592021
0.00132949
0.00275352
0.00514667
0.00871714
0.0134973
0.0193534
0.0260468
0.0333062
0.0408692
0.0484994
0.0560048
0.0632504
0.07011
0.0765206
0.0824456
0.0878714
0.0928016
0.0972516
0.101243
0.104799
0.10793
0.110628
0.112838
0.11439
0.114986
0.114018
0.110035
0.100143
0.0864166
0.0722071
0.0588839
0.0469604
0.0366173
0.027829
0.0199205
0.0134874
0.00850237
0.00490759
0.00255818
0.00121726
0.000546839
0.000236236
9.96626e-05
4.15834e-05
1.73202e-05
7.299e-06
3.01557e-06
1.2143e-06
5.28692e-07
1.87311e-07
4.9761e-08
1.35018e-08
3.66549e-09
9.90166e-10
2.75789e-10
8.85336e-11
3.36922e-11
8.80565e-12
2.32431e-12
6.14834e-13
1.62013e-13
4.24178e-14
1.10412e-14
2.86306e-15
7.40988e-16
1.91601e-16
4.94131e-17
1.27733e-17
4.23026e-18
1.18391e-18
4.0217e-19
1.30112e-19
3.99274e-20
6.55567e-21
2.21006e-17
1.78615e-16
7.91912e-16
3.23932e-15
1.29844e-14
5.16225e-14
2.04104e-13
8.02611e-13
3.13744e-12
1.21832e-11
4.69593e-11
1.24056e-10
3.46959e-10
1.15231e-09
4.01334e-09
1.38735e-08
4.6849e-08
1.54129e-07
4.9294e-07
1.52874e-06
4.5843e-06
1.32517e-05
3.67992e-05
9.77804e-05
0.000247402
0.000592274
0.00132998
0.00275435
0.00514791
0.00871875
0.0134992
0.0193554
0.0260487
0.0333079
0.0408706
0.0485005
0.0560058
0.0632512
0.0701106
0.0765209
0.0824455
0.0878708
0.0928004
0.0972497
0.101241
0.104795
0.107925
0.110621
0.112829
0.114379
0.114972
0.114
0.11001
0.100105
0.0863765
0.0721699
0.0588513
0.0469328
0.0365947
0.0278103
0.0199056
0.013476
0.00849421
0.00490211
0.00255486
0.00121555
0.000546028
0.000235882
9.95145e-05
4.15283e-05
1.73017e-05
7.30408e-06
2.99073e-06
1.22942e-06
5.00937e-07
1.90634e-07
5.06722e-08
1.35821e-08
3.66048e-09
9.86103e-10
2.74524e-10
8.81712e-11
3.35565e-11
8.77269e-12
2.31648e-12
6.12902e-13
1.61506e-13
4.22839e-14
1.10072e-14
2.85479e-15
7.39112e-16
1.91253e-16
4.93752e-17
1.27715e-17
4.22739e-18
1.08916e-18
3.35382e-19
1.08095e-19
3.33611e-20
4.14151e-21
)
;
    }
    frontAndBack
    {
        type            empty;
    }
}


// ************************************************************************* //
