/*--------------------------------*- C++ -*----------------------------------*\
  =========                 |
  \\      /  F ield         | OpenFOAM: The Open Source CFD Toolbox
   \\    /   O peration     | Website:  https://openfoam.org
    \\  /    A nd           | Version:  11
     \\/     M anipulation  |
\*---------------------------------------------------------------------------*/
FoamFile
{
    format      ascii;
    class       volScalarField;
    location    "0.1";
    object      N2;
}
// * * * * * * * * * * * * * * * * * * * * * * * * * * * * * * * * * * * * * //

dimensions      [0 0 0 0 0 0 0];

internalField   nonuniform List<scalar> 
4000
(
1.33227e-15
6.66134e-15
2.72005e-14
9.9587e-14
3.61045e-13
1.30251e-12
4.69857e-12
1.69608e-11
6.12322e-11
2.20873e-10
7.9503e-10
1.99131e-09
5.25042e-09
1.63679e-08
5.37102e-08
1.75604e-07
5.62436e-07
1.75885e-06
5.35726e-06
1.58505e-05
4.54208e-05
0.000125659
0.000334462
0.000853064
0.00207497
0.00478329
0.0103632
0.020761
0.0376697
0.0621611
0.0941033
0.132352
0.175208
0.220873
0.267713
0.314314
0.359576
0.402765
0.44322
0.480648
0.51492
0.546032
0.574079
0.599216
0.62164
0.641566
0.659214
0.674794
0.688511
0.700369
0.710414
0.719741
0.727885
0.734925
0.741063
0.746406
0.751042
0.755039
0.758441
0.761296
0.763843
0.765895
0.767466
0.768579
0.769289
0.769681
0.769868
0.769949
0.769981
0.769993
0.769998
0.769999
0.77
0.77
0.77
0.77
0.77
0.77
0.77
0.77
0.77
0.77
0.77
0.77
0.77
0.77
0.77
0.77
0.77
0.77
0.77
0.77
0.77
0.77
0.77
0.77
0.77
0.77
0.77
0.77
1.22125e-15
7.21645e-15
3.03091e-14
1.13798e-13
4.14002e-13
1.49714e-12
5.40046e-12
1.94406e-11
6.98124e-11
2.49815e-10
8.89575e-10
2.21094e-09
6.35617e-09
2.03977e-08
6.72197e-08
2.1831e-07
6.93168e-07
2.14629e-06
6.46493e-06
1.88931e-05
5.3414e-05
0.00014564
0.000381699
0.000957882
0.00229109
0.00519174
0.0110581
0.0217223
0.0387896
0.0631832
0.0948024
0.132617
0.175073
0.220432
0.267001
0.313413
0.358545
0.401561
0.442004
0.479516
0.513931
0.545221
0.57346
0.598789
0.621394
0.64148
0.659256
0.674945
0.68875
0.700641
0.71072
0.720082
0.72824
0.735272
0.741391
0.746705
0.751305
0.755263
0.758619
0.761435
0.763939
0.765948
0.767482
0.768573
0.769272
0.769666
0.769858
0.769944
0.769979
0.769993
0.769997
0.769999
0.77
0.77
0.77
0.77
0.77
0.77
0.77
0.77
0.77
0.77
0.77
0.77
0.77
0.77
0.77
0.77
0.77
0.77
0.77
0.77
0.77
0.77
0.77
0.77
0.77
0.77
0.77
0.77
1.11022e-15
8.10463e-15
3.40838e-14
1.27343e-13
4.6374e-13
1.66966e-12
5.98621e-12
2.13882e-11
7.60547e-11
2.69004e-10
9.46986e-10
2.33798e-09
6.90216e-09
2.2356e-08
7.36393e-08
2.38263e-07
7.53394e-07
2.32252e-06
6.96278e-06
2.02451e-05
5.69281e-05
0.000154339
0.000402097
0.0010029
0.00238384
0.00536805
0.0113623
0.0221618
0.0393532
0.0638546
0.0954999
0.133216
0.175442
0.220506
0.266839
0.313048
0.358059
0.401024
0.441444
0.478973
0.51344
0.544809
0.573147
0.598586
0.6213
0.64149
0.659372
0.675152
0.689033
0.700946
0.711049
0.720433
0.728594
0.735608
0.741696
0.746972
0.751529
0.75544
0.758749
0.761524
0.763991
0.765969
0.767483
0.768561
0.76926
0.769658
0.769853
0.769941
0.769978
0.769992
0.769997
0.769999
0.77
0.77
0.77
0.77
0.77
0.77
0.77
0.77
0.77
0.77
0.77
0.77
0.77
0.77
0.77
0.77
0.77
0.77
0.77
0.77
0.77
0.77
0.77
0.77
0.77
0.77
0.77
0.77
1.77636e-15
9.99201e-15
3.93019e-14
1.43996e-13
5.22693e-13
1.88927e-12
6.79234e-12
2.42273e-11
8.53477e-11
2.94908e-10
9.893e-10
2.46398e-09
7.54715e-09
2.47959e-08
8.16758e-08
2.63626e-07
8.30766e-07
2.55021e-06
7.60705e-06
2.19914e-05
6.14444e-05
0.000165432
0.00042783
0.00105888
0.00249694
0.00557761
0.0117128
0.022646
0.0399303
0.0644452
0.0960267
0.133628
0.175719
0.220639
0.266826
0.312942
0.357869
0.400809
0.441214
0.478746
0.513237
0.544647
0.573038
0.598538
0.621316
0.641576
0.659517
0.675348
0.68927
0.701184
0.711296
0.720687
0.728842
0.735838
0.741902
0.747147
0.751671
0.755548
0.758824
0.761571
0.764014
0.765976
0.767479
0.768552
0.769249
0.76965
0.769849
0.769939
0.769977
0.769992
0.769997
0.769999
0.77
0.77
0.77
0.77
0.77
0.77
0.77
0.77
0.77
0.77
0.77
0.77
0.77
0.77
0.77
0.77
0.77
0.77
0.77
0.77
0.77
0.77
0.77
0.77
0.77
0.77
0.77
0.77
1.88738e-15
1.09912e-14
4.27436e-14
1.56763e-13
5.74985e-13
2.09821e-12
7.64333e-12
2.77997e-11
1.00935e-10
3.65492e-10
9.38498e-10
2.53131e-09
8.04434e-09
2.6676e-08
8.76986e-08
2.82136e-07
8.85904e-07
2.70918e-06
8.04963e-06
2.31785e-05
6.45032e-05
0.000172983
0.000445617
0.00109867
0.00258089
0.00574282
0.012011
0.0231082
0.0405634
0.0652098
0.0968472
0.13442
0.176412
0.22119
0.267215
0.313162
0.357951
0.400817
0.441186
0.478699
0.513187
0.54461
0.573023
0.598553
0.621369
0.641661
0.659632
0.675488
0.689428
0.701337
0.711448
0.72084
0.728988
0.73597
0.742016
0.74724
0.751742
0.755597
0.758852
0.761584
0.764014
0.765965
0.767462
0.768536
0.769235
0.769641
0.769844
0.769936
0.769975
0.769991
0.769997
0.769999
0.77
0.77
0.77
0.77
0.77
0.77
0.77
0.77
0.77
0.77
0.77
0.77
0.77
0.77
0.77
0.77
0.77
0.77
0.77
0.77
0.77
0.77
0.77
0.77
0.77
0.77
0.77
0.77
1.55431e-15
1.04361e-14
4.37428e-14
1.63536e-13
5.97411e-13
2.16693e-12
7.84106e-12
2.82915e-11
1.01747e-10
3.64466e-10
9.1992e-10
2.64067e-09
8.53322e-09
2.83999e-08
9.32364e-08
2.99411e-07
9.38277e-07
2.86287e-06
8.48419e-06
2.43572e-05
6.75558e-05
0.00018049
0.000463048
0.00113662
0.00265774
0.00588604
0.0122537
0.023457
0.0410117
0.0657309
0.0974032
0.134972
0.176928
0.221643
0.267588
0.313442
0.358191
0.400991
0.441293
0.478771
0.513242
0.544661
0.573075
0.59861
0.621433
0.641733
0.659713
0.675576
0.689521
0.701424
0.711529
0.720919
0.72906
0.736033
0.742066
0.747278
0.751767
0.75561
0.758854
0.761575
0.763998
0.765946
0.767444
0.768521
0.769223
0.769633
0.769839
0.769934
0.769975
0.769991
0.769997
0.769999
0.77
0.77
0.77
0.77
0.77
0.77
0.77
0.77
0.77
0.77
0.77
0.77
0.77
0.77
0.77
0.77
0.77
0.77
0.77
0.77
0.77
0.77
0.77
0.77
0.77
0.77
0.77
0.77
1.88738e-15
1.13243e-14
4.62963e-14
1.72085e-13
6.26166e-13
2.25164e-12
8.04568e-12
2.86317e-11
1.01679e-10
3.60668e-10
9.07719e-10
2.72456e-09
8.95358e-09
2.98919e-08
9.80181e-08
3.14252e-07
9.82953e-07
2.99288e-06
8.84891e-06
2.53407e-05
7.00982e-05
0.000186774
0.000477846
0.00116966
0.00272716
0.00602174
0.0124963
0.0238291
0.041517
0.0663413
0.0980699
0.135644
0.177562
0.222216
0.268093
0.313885
0.358541
0.40127
0.441521
0.47895
0.513378
0.544757
0.573151
0.598675
0.621491
0.641788
0.659766
0.675627
0.68957
0.701467
0.711569
0.720953
0.729089
0.736053
0.742079
0.747282
0.751763
0.7556
0.758839
0.761554
0.763975
0.765922
0.767419
0.768499
0.769208
0.769624
0.769835
0.769932
0.769974
0.76999
0.769997
0.769999
0.77
0.77
0.77
0.77
0.77
0.77
0.77
0.77
0.77
0.77
0.77
0.77
0.77
0.77
0.77
0.77
0.77
0.77
0.77
0.77
0.77
0.77
0.77
0.77
0.77
0.77
0.77
0.77
1.55431e-15
1.18794e-14
4.89608e-14
1.81188e-13
6.56919e-13
2.35401e-12
8.34166e-12
2.93087e-11
1.02061e-10
3.51168e-10
8.86012e-10
2.79555e-09
9.3172e-09
3.11208e-08
1.0194e-07
3.26397e-07
1.01945e-06
3.09904e-06
9.14681e-06
2.61445e-05
7.21765e-05
0.0001919
0.000489854
0.00119622
0.00278222
0.00612773
0.0126834
0.0241143
0.0419074
0.0668242
0.0986165
0.136218
0.178132
0.222754
0.26858
0.31431
0.3589
0.401566
0.441761
0.479144
0.513536
0.544892
0.573262
0.598765
0.621564
0.641846
0.65981
0.675661
0.689596
0.701487
0.711582
0.72096
0.729089
0.736047
0.742066
0.747264
0.75174
0.755571
0.758809
0.761524
0.763947
0.765897
0.767399
0.768482
0.769196
0.769617
0.769831
0.76993
0.769973
0.76999
0.769997
0.769999
0.77
0.77
0.77
0.77
0.77
0.77
0.77
0.77
0.77
0.77
0.77
0.77
0.77
0.77
0.77
0.77
0.77
0.77
0.77
0.77
0.77
0.77
0.77
0.77
0.77
0.77
0.77
0.77
1.9984e-15
1.25455e-14
4.94049e-14
1.84075e-13
6.79679e-13
2.48312e-12
8.98392e-12
3.21722e-11
1.15317e-10
2.98065e-10
8.72368e-10
2.85193e-09
9.6484e-09
3.22385e-08
1.05507e-07
3.37504e-07
1.0531e-06
3.19775e-06
9.4261e-06
2.6904e-05
7.41544e-05
0.000196813
0.000501442
0.00122202
0.00283604
0.00623177
0.012867
0.0243928
0.0422844
0.0672836
0.0991286
0.13675
0.178654
0.223245
0.269024
0.314699
0.359232
0.401842
0.441987
0.479325
0.513679
0.545002
0.573346
0.598827
0.621608
0.641875
0.659829
0.675672
0.6896
0.701486
0.711574
0.720945
0.729067
0.736019
0.742034
0.747229
0.751704
0.755537
0.758777
0.761493
0.763918
0.765871
0.767378
0.768465
0.769184
0.769609
0.769827
0.769928
0.769972
0.76999
0.769996
0.769999
0.77
0.77
0.77
0.77
0.77
0.77
0.77
0.77
0.77
0.77
0.77
0.77
0.77
0.77
0.77
0.77
0.77
0.77
0.77
0.77
0.77
0.77
0.77
0.77
0.77
0.77
0.77
0.77
2.77556e-15
1.26565e-14
4.9738e-14
1.89959e-13
7.11542e-13
2.62568e-12
9.37539e-12
3.14768e-11
1.04196e-10
2.68847e-10
8.70279e-10
2.9214e-09
9.92574e-09
3.3137e-08
1.08345e-07
3.46267e-07
1.07939e-06
3.27405e-06
9.63976e-06
2.74796e-05
7.56418e-05
0.000200489
0.000510096
0.00124135
0.00287669
0.00631151
0.0130107
0.0246172
0.0425979
0.0676773
0.0995795
0.137229
0.179134
0.223702
0.269444
0.315069
0.359549
0.402107
0.442202
0.479496
0.513811
0.545102
0.573418
0.598877
0.621639
0.641892
0.659835
0.675669
0.689589
0.701472
0.711554
0.720919
0.729037
0.735987
0.741999
0.747193
0.751668
0.755502
0.758745
0.761461
0.763888
0.765843
0.767353
0.768447
0.769172
0.769602
0.769824
0.769927
0.769971
0.769989
0.769996
0.769999
0.77
0.77
0.77
0.77
0.77
0.77
0.77
0.77
0.77
0.77
0.77
0.77
0.77
0.77
0.77
0.77
0.77
0.77
0.77
0.77
0.77
0.77
0.77
0.77
0.77
0.77
0.77
0.77
2.22045e-15
1.4766e-14
4.54081e-14
1.74971e-13
6.69798e-13
2.55862e-12
9.84679e-12
2.74962e-11
7.87014e-11
2.55569e-10
8.69129e-10
2.99638e-09
1.01779e-08
3.39415e-08
1.10898e-07
3.54227e-07
1.10355e-06
3.34509e-06
9.84131e-06
2.80296e-05
7.70794e-05
0.000204074
0.000518582
0.0012603
0.00291631
0.00638817
0.0131462
0.0248235
0.0428793
0.0680244
0.0999727
0.137645
0.179551
0.224104
0.26982
0.315397
0.35983
0.402343
0.442395
0.479649
0.513929
0.545189
0.573479
0.598916
0.62166
0.641899
0.659832
0.675656
0.689569
0.70145
0.711528
0.720889
0.729003
0.735951
0.741963
0.747156
0.751632
0.755467
0.758712
0.761431
0.763859
0.765818
0.767333
0.768432
0.769162
0.769596
0.76982
0.769925
0.769971
0.769989
0.769996
0.769999
0.77
0.77
0.77
0.77
0.77
0.77
0.77
0.77
0.77
0.77
0.77
0.77
0.77
0.77
0.77
0.77
0.77
0.77
0.77
0.77
0.77
0.77
0.77
0.77
0.77
0.77
0.77
0.77
1.11022e-15
8.54872e-15
3.4861e-14
1.30229e-13
4.70735e-13
1.68521e-12
5.97122e-12
2.08492e-11
7.28138e-11
2.54804e-10
8.87718e-10
3.05822e-09
1.03768e-08
3.45838e-08
1.12941e-07
3.60564e-07
1.12262e-06
3.40064e-06
9.99739e-06
2.84514e-05
7.8173e-05
0.000206785
0.000524985
0.00127464
0.00294655
0.00644764
0.0132536
0.0249916
0.0431148
0.068321
0.100313
0.138007
0.179912
0.224442
0.270113
0.315673
0.360074
0.40255
0.442565
0.479784
0.514032
0.545264
0.57353
0.598946
0.621674
0.6419
0.659822
0.675637
0.689542
0.701423
0.711498
0.720855
0.728968
0.735915
0.741926
0.74712
0.751596
0.755433
0.758681
0.7614
0.763832
0.765795
0.767314
0.768418
0.769153
0.769591
0.769818
0.769924
0.76997
0.769989
0.769996
0.769999
0.77
0.77
0.77
0.77
0.77
0.77
0.77
0.77
0.77
0.77
0.77
0.77
0.77
0.77
0.77
0.77
0.77
0.77
0.77
0.77
0.77
0.77
0.77
0.77
0.77
0.77
0.77
0.77
1.77636e-15
7.66054e-15
3.21965e-14
1.22458e-13
4.43201e-13
1.5985e-12
5.74152e-12
2.05421e-11
7.3092e-11
2.58082e-10
9.01551e-10
3.1076e-09
1.05442e-08
3.51355e-08
1.14713e-07
3.66102e-07
1.13943e-06
3.45001e-06
1.01374e-05
2.88333e-05
7.91716e-05
0.000209278
0.000530901
0.0012879
0.0029744
0.00650188
0.0133501
0.02514
0.0433191
0.0685751
0.100603
0.138315
0.180219
0.224736
0.270389
0.315917
0.360287
0.40273
0.442712
0.4799
0.51412
0.545327
0.573571
0.59897
0.621683
0.641897
0.659808
0.675616
0.689515
0.701395
0.711467
0.720822
0.728934
0.73588
0.741892
0.747086
0.751564
0.755403
0.758653
0.761374
0.763809
0.765775
0.767298
0.768406
0.769144
0.769586
0.769815
0.769923
0.76997
0.769989
0.769996
0.769999
0.77
0.77
0.77
0.77
0.77
0.77
0.77
0.77
0.77
0.77
0.77
0.77
0.77
0.77
0.77
0.77
0.77
0.77
0.77
0.77
0.77
0.77
0.77
0.77
0.77
0.77
0.77
0.77
1.33227e-15
7.66054e-15
3.24185e-14
1.22125e-13
4.44755e-13
1.60705e-12
5.79004e-12
2.07673e-11
7.40124e-11
2.6147e-10
9.13467e-10
3.14843e-09
1.06811e-08
3.55842e-08
1.16148e-07
3.70568e-07
1.15292e-06
3.48942e-06
1.02486e-05
2.9135e-05
7.9957e-05
0.000211232
0.000535528
0.00129828
0.0029963
0.00654487
0.0134275
0.0252609
0.043488
0.0687877
0.100848
0.138578
0.180489
0.225
0.27064
0.316138
0.360475
0.402886
0.442839
0.479999
0.514194
0.545379
0.573605
0.598987
0.621687
0.64189
0.659793
0.675593
0.689487
0.701368
0.711438
0.720791
0.728902
0.735848
0.74186
0.747056
0.751535
0.755375
0.758627
0.761351
0.763788
0.765758
0.767284
0.768395
0.769137
0.769582
0.769813
0.769922
0.769969
0.769989
0.769996
0.769999
0.77
0.77
0.77
0.77
0.77
0.77
0.77
0.77
0.77
0.77
0.77
0.77
0.77
0.77
0.77
0.77
0.77
0.77
0.77
0.77
0.77
0.77
0.77
0.77
0.77
0.77
0.77
0.77
1.11022e-15
7.88258e-15
3.24185e-14
1.2268e-13
4.47975e-13
1.62337e-12
5.85154e-12
2.09912e-11
7.48145e-11
2.64303e-10
9.23321e-10
3.18213e-09
1.07942e-08
3.59555e-08
1.17338e-07
3.74282e-07
1.16417e-06
3.52244e-06
1.03421e-05
2.93899e-05
8.0623e-05
0.000212895
0.000539476
0.00130714
0.00301498
0.00658142
0.013493
0.0253623
0.0436288
0.0689644
0.101051
0.138797
0.18071
0.225215
0.270839
0.316317
0.36063
0.403016
0.442944
0.480081
0.514255
0.545421
0.57363
0.598999
0.621688
0.641882
0.659777
0.675572
0.689462
0.701343
0.711411
0.720763
0.728873
0.73582
0.741832
0.747029
0.751509
0.755351
0.758606
0.761331
0.76377
0.765742
0.767271
0.768386
0.769131
0.769578
0.769811
0.769921
0.769969
0.769988
0.769996
0.769999
0.77
0.77
0.77
0.77
0.77
0.77
0.77
0.77
0.77
0.77
0.77
0.77
0.77
0.77
0.77
0.77
0.77
0.77
0.77
0.77
0.77
0.77
0.77
0.77
0.77
0.77
0.77
0.77
1.33227e-15
7.88258e-15
3.34177e-14
1.24345e-13
4.52305e-13
1.63736e-12
5.90139e-12
2.11718e-11
7.54586e-11
2.6657e-10
9.3119e-10
3.209e-09
1.08842e-08
3.62508e-08
1.18283e-07
3.77228e-07
1.17308e-06
3.54854e-06
1.04159e-05
2.95906e-05
8.11467e-05
0.000214201
0.000542576
0.0013141
0.00302967
0.00661026
0.0135448
0.0254431
0.0437415
0.0691063
0.101215
0.138972
0.180888
0.225388
0.271
0.31646
0.360754
0.40312
0.443028
0.480146
0.514303
0.545454
0.57365
0.599008
0.621688
0.641874
0.659763
0.675553
0.689439
0.701321
0.711388
0.720739
0.728849
0.735796
0.741809
0.747006
0.751488
0.755331
0.758588
0.761314
0.763755
0.765729
0.767261
0.768379
0.769126
0.769575
0.76981
0.76992
0.769969
0.769988
0.769996
0.769999
0.77
0.77
0.77
0.77
0.77
0.77
0.77
0.77
0.77
0.77
0.77
0.77
0.77
0.77
0.77
0.77
0.77
0.77
0.77
0.77
0.77
0.77
0.77
0.77
0.77
0.77
0.77
0.77
1.44329e-15
8.88178e-15
3.35287e-14
1.25233e-13
4.55525e-13
1.64835e-12
5.93992e-12
2.13114e-11
7.59575e-11
2.68329e-10
9.37295e-10
3.22985e-09
1.09541e-08
3.64799e-08
1.19017e-07
3.79515e-07
1.18001e-06
3.56884e-06
1.04733e-05
2.9747e-05
8.15554e-05
0.000215221
0.000544999
0.00131955
0.00304116
0.00663279
0.0135853
0.025506
0.0438291
0.0692164
0.101342
0.139109
0.181026
0.225521
0.271123
0.316571
0.36085
0.403199
0.443092
0.480195
0.514339
0.545478
0.573664
0.599014
0.621686
0.641867
0.659751
0.675537
0.689421
0.701303
0.711369
0.72072
0.728829
0.735777
0.74179
0.746989
0.751471
0.755315
0.758573
0.761301
0.763743
0.765719
0.767253
0.768372
0.769122
0.769573
0.769809
0.76992
0.769968
0.769988
0.769996
0.769999
0.77
0.77
0.77
0.77
0.77
0.77
0.77
0.77
0.77
0.77
0.77
0.77
0.77
0.77
0.77
0.77
0.77
0.77
0.77
0.77
0.77
0.77
0.77
0.77
0.77
0.77
0.77
0.77
9.99201e-16
7.43849e-15
3.28626e-14
1.25233e-13
4.57745e-13
1.65667e-12
5.96923e-12
2.14154e-11
7.63247e-11
2.69617e-10
9.41759e-10
3.24507e-09
1.1005e-08
3.66469e-08
1.19551e-07
3.8118e-07
1.18504e-06
3.5836e-06
1.0515e-05
2.98607e-05
8.18523e-05
0.000215962
0.000546759
0.0013235
0.00304951
0.00664917
0.0136147
0.0255518
0.0438929
0.0692966
0.101434
0.139208
0.181126
0.225617
0.271213
0.316651
0.360918
0.403257
0.443138
0.480231
0.514364
0.545495
0.573673
0.599016
0.621684
0.64186
0.65974
0.675524
0.689406
0.701289
0.711355
0.720705
0.728815
0.735762
0.741776
0.746975
0.751458
0.755304
0.758563
0.761292
0.763734
0.765711
0.767246
0.768368
0.769119
0.769571
0.769808
0.769919
0.769968
0.769988
0.769996
0.769999
0.77
0.77
0.77
0.77
0.77
0.77
0.77
0.77
0.77
0.77
0.77
0.77
0.77
0.77
0.77
0.77
0.77
0.77
0.77
0.77
0.77
0.77
0.77
0.77
0.77
0.77
0.77
0.77
1.22125e-15
8.54872e-15
3.35287e-14
1.26343e-13
4.58966e-13
1.66156e-12
5.98765e-12
2.14824e-11
7.65618e-11
2.70446e-10
9.44622e-10
3.25481e-09
1.10376e-08
3.67533e-08
1.19891e-07
3.82236e-07
1.18824e-06
3.59294e-06
1.05414e-05
2.99324e-05
8.20394e-05
0.000216429
0.000547867
0.00132599
0.00305477
0.00665949
0.0136333
0.0255807
0.0439332
0.0693474
0.101493
0.13927
0.18119
0.225679
0.271269
0.316701
0.360962
0.403293
0.443167
0.480253
0.51438
0.545505
0.573679
0.599018
0.621682
0.641855
0.659734
0.675516
0.689397
0.70128
0.711346
0.720696
0.728806
0.735753
0.741768
0.746967
0.751451
0.755297
0.758556
0.761285
0.763729
0.765706
0.767242
0.768365
0.769117
0.76957
0.769807
0.769919
0.769968
0.769988
0.769996
0.769999
0.77
0.77
0.77
0.77
0.77
0.77
0.77
0.77
0.77
0.77
0.77
0.77
0.77
0.77
0.77
0.77
0.77
0.77
0.77
0.77
0.77
0.77
0.77
0.77
0.77
0.77
0.77
0.77
1.33227e-15
8.21565e-15
3.29736e-14
1.25455e-13
4.59521e-13
1.66345e-12
5.99631e-12
2.15135e-11
7.66717e-11
2.70828e-10
9.45937e-10
3.25926e-09
1.10523e-08
3.68013e-08
1.20044e-07
3.8271e-07
1.18966e-06
3.59709e-06
1.05531e-05
2.99642e-05
8.21221e-05
0.000216635
0.000548355
0.00132709
0.00305709
0.00666404
0.0136415
0.0255936
0.0439512
0.0693702
0.101519
0.139299
0.181219
0.225707
0.271296
0.316725
0.360983
0.40331
0.443181
0.480263
0.514388
0.54551
0.573682
0.599019
0.621682
0.641853
0.659731
0.675512
0.689392
0.701276
0.711342
0.720692
0.728802
0.73575
0.741764
0.746963
0.751447
0.755293
0.758553
0.761282
0.763726
0.765704
0.76724
0.768363
0.769116
0.769569
0.769807
0.769919
0.769968
0.769988
0.769996
0.769999
0.77
0.77
0.77
0.77
0.77
0.77
0.77
0.77
0.77
0.77
0.77
0.77
0.77
0.77
0.77
0.77
0.77
0.77
0.77
0.77
0.77
0.77
0.77
0.77
0.77
0.77
0.77
0.77
1.22125e-15
7.99361e-15
3.35287e-14
1.26121e-13
4.59854e-13
1.66411e-12
5.99731e-12
2.15149e-11
7.66762e-11
2.70842e-10
9.45976e-10
3.25936e-09
1.10526e-08
3.68018e-08
1.20045e-07
3.8271e-07
1.18966e-06
3.59707e-06
1.0553e-05
2.99638e-05
8.21211e-05
0.000216632
0.000548348
0.00132707
0.00305705
0.00666397
0.0136414
0.0255934
0.043951
0.0693698
0.101519
0.139299
0.181219
0.225707
0.271296
0.316725
0.360983
0.40331
0.443181
0.480264
0.514388
0.545511
0.573683
0.59902
0.621682
0.641854
0.659732
0.675513
0.689393
0.701277
0.711343
0.720693
0.728803
0.73575
0.741765
0.746964
0.751447
0.755293
0.758553
0.761283
0.763726
0.765704
0.76724
0.768363
0.769116
0.769569
0.769807
0.769919
0.769968
0.769988
0.769996
0.769999
0.77
0.77
0.77
0.77
0.77
0.77
0.77
0.77
0.77
0.77
0.77
0.77
0.77
0.77
0.77
0.77
0.77
0.77
0.77
0.77
0.77
0.77
0.77
0.77
0.77
0.77
0.77
0.77
1.33227e-15
7.88258e-15
3.31957e-14
1.25344e-13
4.58744e-13
1.66078e-12
5.98899e-12
2.1487e-11
7.65782e-11
2.70492e-10
9.44751e-10
3.25515e-09
1.10384e-08
3.6755e-08
1.19894e-07
3.82238e-07
1.18822e-06
3.59285e-06
1.0541e-05
2.99311e-05
8.20354e-05
0.000216418
0.000547838
0.00132593
0.00305463
0.00665921
0.0136328
0.02558
0.0439322
0.069346
0.101491
0.139269
0.181188
0.225677
0.271268
0.316701
0.360962
0.403293
0.443167
0.480254
0.514381
0.545507
0.573681
0.59902
0.621684
0.641858
0.659736
0.675519
0.6894
0.701283
0.711349
0.720699
0.728809
0.735756
0.74177
0.746969
0.751452
0.755297
0.758557
0.761286
0.763729
0.765706
0.767242
0.768365
0.769117
0.76957
0.769807
0.769919
0.769968
0.769988
0.769996
0.769999
0.77
0.77
0.77
0.77
0.77
0.77
0.77
0.77
0.77
0.77
0.77
0.77
0.77
0.77
0.77
0.77
0.77
0.77
0.77
0.77
0.77
0.77
0.77
0.77
0.77
0.77
0.77
0.77
9.99201e-16
7.88258e-15
3.30846e-14
1.25677e-13
4.57967e-13
1.65734e-12
5.97222e-12
2.14252e-11
7.63539e-11
2.69698e-10
9.41981e-10
3.24565e-09
1.10064e-08
3.66499e-08
1.19557e-07
3.81184e-07
1.18502e-06
3.58345e-06
1.05144e-05
2.98585e-05
8.18456e-05
0.000215944
0.000546711
0.00132339
0.00304928
0.00664871
0.0136139
0.0255506
0.0438911
0.0692944
0.101432
0.139205
0.181124
0.225615
0.271211
0.316649
0.360918
0.403257
0.443139
0.480232
0.514367
0.545498
0.573677
0.59902
0.621688
0.641864
0.659745
0.675529
0.689411
0.701294
0.71136
0.72071
0.72882
0.735767
0.74178
0.746978
0.751461
0.755305
0.758564
0.761293
0.763735
0.765712
0.767247
0.768368
0.769119
0.769571
0.769808
0.769919
0.769968
0.769988
0.769996
0.769999
0.77
0.77
0.77
0.77
0.77
0.77
0.77
0.77
0.77
0.77
0.77
0.77
0.77
0.77
0.77
0.77
0.77
0.77
0.77
0.77
0.77
0.77
0.77
0.77
0.77
0.77
0.77
0.77
9.99201e-16
7.99361e-15
3.33067e-14
1.24567e-13
4.55636e-13
1.64879e-12
5.94436e-12
2.13248e-11
7.59958e-11
2.68438e-10
9.37594e-10
3.23063e-09
1.0956e-08
3.64839e-08
1.19024e-07
3.79519e-07
1.17997e-06
3.56863e-06
1.04724e-05
2.9744e-05
8.15461e-05
0.000215195
0.000544933
0.0013194
0.00304083
0.00663215
0.0135842
0.0255042
0.0438266
0.0692132
0.101338
0.139105
0.181023
0.225518
0.271121
0.316569
0.360849
0.4032
0.443093
0.480198
0.514342
0.545482
0.573669
0.599019
0.621692
0.641873
0.659757
0.675544
0.689428
0.70131
0.711377
0.720727
0.728837
0.735783
0.741796
0.746993
0.751474
0.755318
0.758575
0.761303
0.763744
0.765719
0.767253
0.768373
0.769122
0.769573
0.769809
0.76992
0.769968
0.769988
0.769996
0.769999
0.77
0.77
0.77
0.77
0.77
0.77
0.77
0.77
0.77
0.77
0.77
0.77
0.77
0.77
0.77
0.77
0.77
0.77
0.77
0.77
0.77
0.77
0.77
0.77
0.77
0.77
0.77
0.77
7.77156e-16
7.54952e-15
3.33067e-14
1.24234e-13
4.53082e-13
1.63891e-12
5.9065e-12
2.11876e-11
7.5506e-11
2.66706e-10
9.31566e-10
3.20998e-09
1.08866e-08
3.62558e-08
1.18292e-07
3.77232e-07
1.17304e-06
3.54827e-06
1.04147e-05
2.95866e-05
8.11347e-05
0.000214168
0.000542491
0.0013139
0.00302924
0.00660942
0.0135434
0.0254408
0.0437382
0.0691021
0.10121
0.138967
0.180884
0.225383
0.270996
0.316458
0.360753
0.40312
0.443029
0.480149
0.514307
0.545459
0.573656
0.599015
0.621695
0.641882
0.659772
0.675562
0.689449
0.70133
0.711398
0.720749
0.728859
0.735805
0.741816
0.747012
0.751492
0.755335
0.75859
0.761316
0.763757
0.76573
0.767261
0.768379
0.769126
0.769575
0.76981
0.76992
0.769969
0.769988
0.769996
0.769999
0.77
0.77
0.77
0.77
0.77
0.77
0.77
0.77
0.77
0.77
0.77
0.77
0.77
0.77
0.77
0.77
0.77
0.77
0.77
0.77
0.77
0.77
0.77
0.77
0.77
0.77
0.77
0.77
1.33227e-15
7.99361e-15
3.34177e-14
1.23013e-13
4.48641e-13
1.62537e-12
5.85798e-12
2.10103e-11
7.48716e-11
2.64467e-10
9.23771e-10
3.1833e-09
1.0797e-08
3.59614e-08
1.17348e-07
3.74286e-07
1.16411e-06
3.5221e-06
1.03407e-05
2.9385e-05
8.06081e-05
0.000212854
0.000539371
0.00130689
0.00301445
0.00658039
0.0134911
0.0253594
0.0436247
0.0689592
0.101045
0.13879
0.180704
0.22521
0.270835
0.316314
0.360629
0.403016
0.442946
0.480084
0.51426
0.545427
0.573638
0.599008
0.621697
0.641892
0.659788
0.675583
0.689473
0.701354
0.711423
0.720775
0.728885
0.735831
0.741841
0.747036
0.751515
0.755355
0.758609
0.761333
0.763772
0.765743
0.767272
0.768386
0.769131
0.769578
0.769811
0.769921
0.769969
0.769988
0.769996
0.769999
0.77
0.77
0.77
0.77
0.77
0.77
0.77
0.77
0.77
0.77
0.77
0.77
0.77
0.77
0.77
0.77
0.77
0.77
0.77
0.77
0.77
0.77
0.77
0.77
0.77
0.77
0.77
0.77
1.44329e-15
7.66054e-15
3.23075e-14
1.21902e-13
4.44977e-13
1.60938e-12
5.79692e-12
2.07895e-11
7.40784e-11
2.61659e-10
9.13986e-10
3.14978e-09
1.06843e-08
3.5591e-08
1.16159e-07
3.7057e-07
1.15284e-06
3.489e-06
1.02469e-05
2.91292e-05
7.99393e-05
0.000211183
0.000535403
0.00129798
0.00299566
0.00654364
0.0134253
0.0252574
0.0434831
0.0687814
0.100841
0.138571
0.180481
0.224994
0.270634
0.316134
0.360474
0.402887
0.442841
0.480003
0.5142
0.545386
0.573613
0.598997
0.621698
0.641901
0.659805
0.675606
0.689501
0.701381
0.711452
0.720805
0.728916
0.735861
0.74187
0.747064
0.751541
0.75538
0.758631
0.761353
0.76379
0.765758
0.767284
0.768395
0.769137
0.769582
0.769813
0.769922
0.769969
0.769989
0.769996
0.769999
0.77
0.77
0.77
0.77
0.77
0.77
0.77
0.77
0.77
0.77
0.77
0.77
0.77
0.77
0.77
0.77
0.77
0.77
0.77
0.77
0.77
0.77
0.77
0.77
0.77
0.77
0.77
0.77
1.66533e-15
7.99361e-15
3.29736e-14
1.22125e-13
4.43756e-13
1.60105e-12
5.75018e-12
2.05669e-11
7.31666e-11
2.58296e-10
9.02138e-10
3.10912e-09
1.05479e-08
3.5143e-08
1.14725e-07
3.66104e-07
1.13934e-06
3.44951e-06
1.01354e-05
2.88266e-05
7.91511e-05
0.000209222
0.000530756
0.00128756
0.00297367
0.00650045
0.0133476
0.0251361
0.0433135
0.0685679
0.100595
0.138306
0.180211
0.224729
0.270383
0.315913
0.360285
0.40273
0.442715
0.479905
0.514127
0.545335
0.573581
0.598981
0.621695
0.64191
0.659822
0.67563
0.68953
0.70141
0.711483
0.720839
0.72895
0.735895
0.741904
0.747096
0.751571
0.755408
0.758656
0.761377
0.763811
0.765777
0.767299
0.768406
0.769145
0.769586
0.769815
0.769923
0.76997
0.769989
0.769996
0.769999
0.77
0.77
0.77
0.77
0.77
0.77
0.77
0.77
0.77
0.77
0.77
0.77
0.77
0.77
0.77
0.77
0.77
0.77
0.77
0.77
0.77
0.77
0.77
0.77
0.77
0.77
0.77
0.77
1.44329e-15
9.54792e-15
3.64153e-14
1.31561e-13
4.72178e-13
1.68854e-12
5.98199e-12
2.0878e-11
7.28931e-11
2.55038e-10
8.8837e-10
3.0599e-09
1.03808e-08
3.45919e-08
1.12953e-07
3.60564e-07
1.12252e-06
3.40007e-06
9.99513e-06
2.84438e-05
7.81498e-05
0.000206721
0.000524821
0.00127425
0.00294572
0.00644603
0.0132507
0.0249872
0.0431085
0.0683129
0.100304
0.137997
0.179902
0.224434
0.270107
0.315668
0.360072
0.402551
0.442568
0.47979
0.51404
0.545274
0.573541
0.598959
0.621688
0.641915
0.659837
0.675654
0.68956
0.70144
0.711516
0.720874
0.728986
0.735931
0.74194
0.747131
0.751605
0.755439
0.758685
0.761404
0.763835
0.765797
0.767315
0.768418
0.769153
0.769591
0.769818
0.769924
0.76997
0.769989
0.769996
0.769999
0.77
0.77
0.77
0.77
0.77
0.77
0.77
0.77
0.77
0.77
0.77
0.77
0.77
0.77
0.77
0.77
0.77
0.77
0.77
0.77
0.77
0.77
0.77
0.77
0.77
0.77
0.77
0.77
1.88738e-15
1.4988e-14
4.60743e-14
1.76303e-13
6.72351e-13
2.56528e-12
9.86622e-12
2.75566e-11
7.88117e-11
2.55906e-10
8.69745e-10
2.99815e-09
1.01822e-08
3.39502e-08
1.10911e-07
3.54225e-07
1.10343e-06
3.34445e-06
9.83879e-06
2.80211e-05
7.70535e-05
0.000204002
0.0005184
0.00125987
0.00291539
0.00638639
0.013143
0.0248185
0.0428723
0.0680155
0.0999625
0.137635
0.179541
0.224095
0.269813
0.315393
0.359829
0.402344
0.442399
0.479656
0.513938
0.5452
0.573492
0.59893
0.621676
0.641916
0.659849
0.675675
0.689588
0.70147
0.711548
0.720909
0.729024
0.73597
0.741978
0.747168
0.751641
0.755474
0.758717
0.761434
0.763862
0.765819
0.767333
0.768432
0.769162
0.769596
0.76982
0.769925
0.769971
0.769989
0.769996
0.769999
0.77
0.77
0.77
0.77
0.77
0.77
0.77
0.77
0.77
0.77
0.77
0.77
0.77
0.77
0.77
0.77
0.77
0.77
0.77
0.77
0.77
0.77
0.77
0.77
0.77
0.77
0.77
0.77
2.33147e-15
1.25455e-14
4.996e-14
1.90181e-13
7.1354e-13
2.63189e-12
9.39637e-12
3.15435e-11
1.04365e-10
2.69095e-10
8.71333e-10
2.92303e-09
9.93041e-09
3.31466e-08
1.08358e-07
3.46262e-07
1.07925e-06
3.27334e-06
9.63698e-06
2.74703e-05
7.56135e-05
0.000200411
0.000509897
0.00124088
0.00287569
0.00630956
0.0130073
0.0246118
0.0425902
0.0676676
0.0995684
0.137218
0.179123
0.223693
0.269435
0.315064
0.359548
0.402109
0.442207
0.479504
0.513822
0.545114
0.573432
0.598893
0.621657
0.641911
0.659855
0.67569
0.689611
0.701493
0.711577
0.720942
0.72906
0.736007
0.742016
0.747206
0.751678
0.75551
0.75875
0.761465
0.76389
0.765844
0.767354
0.768447
0.769172
0.769602
0.769824
0.769927
0.769971
0.769989
0.769996
0.769999
0.77
0.77
0.77
0.77
0.77
0.77
0.77
0.77
0.77
0.77
0.77
0.77
0.77
0.77
0.77
0.77
0.77
0.77
0.77
0.77
0.77
0.77
0.77
0.77
0.77
0.77
0.77
0.77
1.9984e-15
1.17684e-14
4.86278e-14
1.84963e-13
6.81011e-13
2.48657e-12
9.00047e-12
3.22206e-11
1.15561e-10
2.99049e-10
8.73242e-10
2.85356e-09
9.65262e-09
3.22481e-08
1.0552e-07
3.37497e-07
1.05295e-06
3.19698e-06
9.42309e-06
2.68939e-05
7.41239e-05
0.000196729
0.000501227
0.00122152
0.00283496
0.00622967
0.0128634
0.024387
0.0422761
0.0672731
0.0991165
0.136738
0.178643
0.223235
0.269018
0.314695
0.359231
0.401845
0.441993
0.479334
0.51369
0.545016
0.573362
0.598845
0.621627
0.641896
0.659851
0.675695
0.689624
0.701509
0.711599
0.72097
0.729091
0.736041
0.742052
0.747243
0.751715
0.755545
0.758783
0.761497
0.76392
0.765872
0.767379
0.768466
0.769184
0.769609
0.769827
0.769928
0.769972
0.76999
0.769996
0.769999
0.77
0.77
0.77
0.77
0.77
0.77
0.77
0.77
0.77
0.77
0.77
0.77
0.77
0.77
0.77
0.77
0.77
0.77
0.77
0.77
0.77
0.77
0.77
0.77
0.77
0.77
0.77
0.77
1.33227e-15
1.18794e-14
4.78506e-14
1.78968e-13
6.50813e-13
2.3298e-12
8.26583e-12
2.91273e-11
1.01766e-10
3.50976e-10
8.86559e-10
2.79783e-09
9.32302e-09
3.11317e-08
1.01954e-07
3.26387e-07
1.01929e-06
3.09821e-06
9.14358e-06
2.61337e-05
7.21439e-05
0.00019181
0.000489625
0.00119568
0.00278107
0.00612549
0.0126795
0.0241081
0.0418986
0.0668131
0.0986038
0.136205
0.17812
0.222744
0.268572
0.314306
0.3589
0.401569
0.441768
0.479154
0.513549
0.544907
0.573279
0.598784
0.621584
0.641867
0.659834
0.675686
0.689622
0.701513
0.711608
0.720986
0.729113
0.736069
0.742084
0.747278
0.75175
0.755579
0.758815
0.761528
0.76395
0.765898
0.7674
0.768483
0.769196
0.769617
0.769831
0.76993
0.769973
0.76999
0.769997
0.769999
0.77
0.77
0.77
0.77
0.77
0.77
0.77
0.77
0.77
0.77
0.77
0.77
0.77
0.77
0.77
0.77
0.77
0.77
0.77
0.77
0.77
0.77
0.77
0.77
0.77
0.77
0.77
0.77
1.55431e-15
1.11022e-14
4.59632e-14
1.72196e-13
6.24389e-13
2.24121e-12
8.01115e-12
2.85528e-11
1.01581e-10
3.6069e-10
9.07547e-10
2.72717e-09
8.95947e-09
2.99025e-08
9.80316e-08
3.14239e-07
9.82774e-07
2.99199e-06
8.84548e-06
2.53292e-05
7.00638e-05
0.000186679
0.000477604
0.0011691
0.00272594
0.00601937
0.0124922
0.0238226
0.0415077
0.0663296
0.0980567
0.13563
0.17755
0.222207
0.268088
0.313884
0.358543
0.401275
0.44153
0.478962
0.513392
0.544775
0.57317
0.598695
0.621512
0.641811
0.65979
0.675653
0.689597
0.701495
0.711597
0.720982
0.729117
0.736079
0.742099
0.747298
0.751775
0.755609
0.758846
0.761559
0.763978
0.765923
0.76742
0.768499
0.769208
0.769624
0.769835
0.769932
0.769974
0.76999
0.769997
0.769999
0.77
0.77
0.77
0.77
0.77
0.77
0.77
0.77
0.77
0.77
0.77
0.77
0.77
0.77
0.77
0.77
0.77
0.77
0.77
0.77
0.77
0.77
0.77
0.77
0.77
0.77
0.77
0.77
1.33227e-15
9.76996e-15
4.30767e-14
1.63314e-13
5.97966e-13
2.1716e-12
7.85472e-12
2.83459e-11
1.01984e-10
3.65524e-10
9.22906e-10
2.64414e-09
8.53798e-09
2.84082e-08
9.32477e-08
2.99395e-07
9.38084e-07
2.86192e-06
8.4806e-06
2.43453e-05
6.75197e-05
0.00018039
0.000462794
0.00113603
0.00265646
0.00588354
0.0122493
0.0234501
0.0410019
0.0657184
0.097389
0.134958
0.176914
0.221632
0.267581
0.313439
0.35819
0.400995
0.441303
0.478782
0.513255
0.544675
0.573093
0.598631
0.621456
0.641758
0.65974
0.675605
0.689551
0.701454
0.711561
0.720951
0.729092
0.736061
0.742089
0.747296
0.75178
0.75562
0.758861
0.761581
0.764002
0.765948
0.767444
0.768521
0.769223
0.769633
0.769839
0.769934
0.769975
0.769991
0.769997
0.769999
0.77
0.77
0.77
0.77
0.77
0.77
0.77
0.77
0.77
0.77
0.77
0.77
0.77
0.77
0.77
0.77
0.77
0.77
0.77
0.77
0.77
0.77
0.77
0.77
0.77
0.77
0.77
0.77
1.88738e-15
1.02141e-14
4.22995e-14
1.5743e-13
5.76095e-13
2.10443e-12
7.66487e-12
2.78788e-11
1.01223e-10
3.66588e-10
9.4184e-10
2.53457e-09
8.05099e-09
2.66867e-08
8.77092e-08
2.82114e-07
8.85694e-07
2.7082e-06
8.0459e-06
2.31661e-05
6.44659e-05
0.000172879
0.000445354
0.00109805
0.00257956
0.00574022
0.0120065
0.023101
0.040553
0.0651967
0.0968322
0.134405
0.176398
0.221178
0.267207
0.313159
0.357954
0.40082
0.441191
0.478709
0.513201
0.544628
0.573044
0.598576
0.621393
0.641688
0.659661
0.675519
0.689461
0.701371
0.711482
0.720875
0.729023
0.736002
0.742041
0.74726
0.751757
0.755607
0.758859
0.761588
0.764018
0.765968
0.767464
0.768537
0.769236
0.769641
0.769844
0.769936
0.769975
0.769991
0.769997
0.769999
0.77
0.77
0.77
0.77
0.77
0.77
0.77
0.77
0.77
0.77
0.77
0.77
0.77
0.77
0.77
0.77
0.77
0.77
0.77
0.77
0.77
0.77
0.77
0.77
0.77
0.77
0.77
0.77
1.88738e-15
9.54792e-15
3.86358e-14
1.43774e-13
5.22915e-13
1.89215e-12
6.80656e-12
2.42844e-11
8.55378e-11
2.95474e-10
9.90826e-10
2.46678e-09
7.55306e-09
2.48057e-08
8.16858e-08
2.63602e-07
8.30548e-07
2.5492e-06
7.60323e-06
2.19788e-05
6.14063e-05
0.000165327
0.000427561
0.00105824
0.00249557
0.00557493
0.0117081
0.0226386
0.0399197
0.0644317
0.0960115
0.133613
0.175706
0.220629
0.266822
0.312938
0.357868
0.400812
0.441221
0.478758
0.513252
0.544667
0.573061
0.598563
0.621344
0.641604
0.659549
0.675382
0.689306
0.701221
0.711334
0.720726
0.72888
0.735873
0.74193
0.747169
0.751687
0.75556
0.758832
0.761576
0.764018
0.765978
0.767481
0.768553
0.76925
0.76965
0.769849
0.769939
0.769977
0.769992
0.769997
0.769999
0.77
0.77
0.77
0.77
0.77
0.77
0.77
0.77
0.77
0.77
0.77
0.77
0.77
0.77
0.77
0.77
0.77
0.77
0.77
0.77
0.77
0.77
0.77
0.77
0.77
0.77
0.77
0.77
1.55431e-15
8.77076e-15
3.4861e-14
1.27343e-13
4.62963e-13
1.66678e-12
5.98321e-12
2.13917e-11
7.61005e-11
2.69211e-10
9.47667e-10
2.33898e-09
6.90594e-09
2.23647e-08
7.36482e-08
2.38236e-07
7.53169e-07
2.32148e-06
6.9589e-06
2.02323e-05
5.68893e-05
0.000154231
0.000401821
0.00100225
0.00238243
0.00536528
0.0113575
0.0221541
0.0393422
0.0638407
0.0954843
0.1332
0.175429
0.220497
0.266832
0.313044
0.358061
0.401028
0.441454
0.478988
0.513459
0.544832
0.573173
0.598614
0.621332
0.641523
0.659406
0.675189
0.689072
0.700986
0.711091
0.720475
0.728635
0.735645
0.741727
0.746996
0.751547
0.755453
0.758758
0.76153
0.763995
0.765971
0.767483
0.768562
0.76926
0.769658
0.769853
0.769941
0.769978
0.769992
0.769997
0.769999
0.77
0.77
0.77
0.77
0.77
0.77
0.77
0.77
0.77
0.77
0.77
0.77
0.77
0.77
0.77
0.77
0.77
0.77
0.77
0.77
0.77
0.77
0.77
0.77
0.77
0.77
0.77
0.77
1.22125e-15
7.66054e-15
3.07532e-14
1.13909e-13
4.14002e-13
1.49647e-12
5.39635e-12
1.94338e-11
6.98129e-11
2.49864e-10
8.89759e-10
2.2112e-09
6.35874e-09
2.04047e-08
6.72272e-08
2.18282e-07
6.92947e-07
2.14528e-06
6.46115e-06
1.88805e-05
5.33761e-05
0.000145535
0.000381427
0.000957237
0.00228969
0.00518898
0.0110532
0.0217145
0.0387784
0.0631693
0.0947875
0.132603
0.175063
0.220421
0.266993
0.313411
0.358547
0.401568
0.442017
0.479535
0.513954
0.545248
0.57349
0.598822
0.621429
0.641518
0.659295
0.674986
0.688793
0.700685
0.710766
0.720128
0.728286
0.735313
0.741424
0.746731
0.751325
0.755277
0.758629
0.761441
0.763943
0.76595
0.767483
0.768573
0.769272
0.769666
0.769858
0.769944
0.769979
0.769992
0.769997
0.769999
0.77
0.77
0.77
0.77
0.77
0.77
0.77
0.77
0.77
0.77
0.77
0.77
0.77
0.77
0.77
0.77
0.77
0.77
0.77
0.77
0.77
0.77
0.77
0.77
0.77
0.77
0.77
0.77
1.44329e-15
7.10543e-15
2.77556e-14
1.00586e-13
3.62266e-13
1.30429e-12
4.70102e-12
1.69706e-11
6.1273e-11
2.2102e-10
7.95487e-10
1.9922e-09
5.25287e-09
1.6373e-08
5.37148e-08
1.75578e-07
5.62237e-07
1.75795e-06
5.35388e-06
1.58393e-05
4.53866e-05
0.000125563
0.000334212
0.000852467
0.00207366
0.00478071
0.0103587
0.0207536
0.0376593
0.0621479
0.0940882
0.132336
0.175193
0.220862
0.267706
0.314313
0.359581
0.402778
0.443237
0.480671
0.514946
0.546062
0.574112
0.599252
0.621679
0.641607
0.659258
0.674841
0.688561
0.700419
0.710467
0.719797
0.727941
0.734974
0.741102
0.746435
0.751062
0.755053
0.75845
0.761303
0.763847
0.765897
0.767467
0.76858
0.769289
0.769681
0.769868
0.769949
0.769981
0.769993
0.769998
0.769999
0.77
0.77
0.77
0.77
0.77
0.77
0.77
0.77
0.77
0.77
0.77
0.77
0.77
0.77
0.77
0.77
0.77
0.77
0.77
0.77
0.77
0.77
0.77
0.77
0.77
0.77
0.77
0.77
)
;

boundaryField
{
    fuel
    {
        type            fixedValue;
        value           uniform 0;
    }
    air
    {
        type            fixedValue;
        value           uniform 0.77;
    }
    outlet
    {
        type            inletOutlet;
        inletValue      uniform 1;
        value           nonuniform List<scalar> 
200
(
1.33227e-15
6.66134e-15
2.72005e-14
9.9587e-14
3.61045e-13
1.30251e-12
4.69857e-12
1.69608e-11
6.12322e-11
2.20873e-10
7.9503e-10
1.99131e-09
5.25042e-09
1.63679e-08
5.37102e-08
1.75604e-07
5.62436e-07
1.75885e-06
5.35726e-06
1.58505e-05
4.54208e-05
0.000125659
0.000334462
0.000853064
0.00207497
0.00478329
0.0103632
0.020761
0.0376697
0.0621611
0.0941033
0.132352
0.175208
0.220873
0.267713
0.314314
0.359576
0.402765
0.44322
0.480648
0.51492
0.546032
0.574079
0.599216
0.62164
0.641566
0.659214
0.674794
0.688511
0.700369
0.710414
0.719741
0.727885
0.734925
0.741063
0.746406
0.751042
0.755039
0.758441
0.761296
0.763843
0.765895
0.767466
0.768579
0.769289
0.769681
0.769868
0.769949
0.769981
0.769993
0.769998
0.769999
0.77
0.77
0.77
0.77
0.77
0.77
0.77
0.77
0.77
0.77
0.77
0.77
0.77
0.77
0.77
0.77
0.77
0.77
0.77
0.77
0.77
0.77
0.77
0.77
0.77
0.77
0.77
0.77
1.44329e-15
7.10543e-15
2.77556e-14
1.00586e-13
3.62266e-13
1.30429e-12
4.70102e-12
1.69706e-11
6.1273e-11
2.2102e-10
7.95487e-10
1.9922e-09
5.25287e-09
1.6373e-08
5.37148e-08
1.75578e-07
5.62237e-07
1.75795e-06
5.35388e-06
1.58393e-05
4.53866e-05
0.000125563
0.000334212
0.000852467
0.00207366
0.00478071
0.0103587
0.0207536
0.0376593
0.0621479
0.0940882
0.132336
0.175193
0.220862
0.267706
0.314313
0.359581
0.402778
0.443237
0.480671
0.514946
0.546062
0.574112
0.599252
0.621679
0.641607
0.659258
0.674841
0.688561
0.700419
0.710467
0.719797
0.727941
0.734974
0.741102
0.746435
0.751062
0.755053
0.75845
0.761303
0.763847
0.765897
0.767467
0.76858
0.769289
0.769681
0.769868
0.769949
0.769981
0.769993
0.769998
0.769999
0.77
0.77
0.77
0.77
0.77
0.77
0.77
0.77
0.77
0.77
0.77
0.77
0.77
0.77
0.77
0.77
0.77
0.77
0.77
0.77
0.77
0.77
0.77
0.77
0.77
0.77
0.77
0.77
)
;
    }
    frontAndBack
    {
        type            empty;
    }
}


// ************************************************************************* //
