/*--------------------------------*- C++ -*----------------------------------*\
  =========                 |
  \\      /  F ield         | OpenFOAM: The Open Source CFD Toolbox
   \\    /   O peration     | Website:  https://openfoam.org
    \\  /    A nd           | Version:  11
     \\/     M anipulation  |
\*---------------------------------------------------------------------------*/
FoamFile
{
    format      ascii;
    class       volScalarField;
    location    "0.1";
    object      Qdot;
}
// * * * * * * * * * * * * * * * * * * * * * * * * * * * * * * * * * * * * * //

dimensions      [1 -1 -3 0 0 0 0];

internalField   nonuniform List<scalar> 
4000
(
0
1.34278e-21
0
-2.62625e-24
-8.25112e-29
2.09469e-06
-2.09469e-06
-2.09469e-06
2.09469e-06
2.09469e-06
0
0
2.81601e-15
2.09469e-06
-1.37691e-18
9.01123e-14
6.00549e-13
0
2.76856e-21
2.09455e-06
0
9.22261e-11
0
-2.0862e-06
0
0
0
1.43731e-08
1.78759e-06
1.22931e-07
7.16597e-06
0.000620982
0.0262344
0.594085
7.79691
65.0355
374.247
1588.62
5227.01
14056
32457.8
67789.9
133696
254071
574269
1.27193e+06
2.80655e+06
6.05247e+06
1.27762e+07
2.63728e+07
5.29432e+07
1.09644e+08
2.27801e+08
1.80435e+08
7.85863e+07
3.30054e+07
1.30618e+07
4.78502e+06
1.64205e+06
457927
32401.3
457.712
2.1395
0.00542247
1.81536e-05
1.99961e-07
2.2696e-08
-1.41195e-10
-7.63157e-11
-1.14635e-11
2.11089e-10
-1.6893e-12
4.0831e-11
-2.65623e-13
-7.02438e-12
-1.76558e-12
4.902e-12
-1.6482e-13
-7.56869e-16
5.34385e-12
-5.45819e-17
-5.34407e-12
-6.36789e-18
-1.61204e-18
-4.13043e-19
9.78184e-18
-2.68604e-20
-6.2469e-19
-5.34405e-12
2.53101e-20
-1.02882e-22
-2.43907e-21
-6.20048e-24
-4.15274e-11
-5.34405e-12
1.24278e-23
4.67371e-24
1.55762e-24
-3.83742e-27
-5.34405e-12
1.67847e-22
2.09469e-06
-2.09469e-06
0
0
0
0
0
-2.20001e-17
0
-2.15142e-20
2.09469e-06
2.09469e-06
-7.50315e-15
-2.09469e-06
0
3.46076e-22
-2.09467e-06
0
0
0
0
0
0
2.0717e-06
0
1.1247e-08
2.14914e-08
-1.78006e-06
-1.50762e-06
9.31523e-06
0.000635081
0.0259156
0.577988
7.53237
62.8026
362.45
1542.88
5115.5
13886.4
32374.6
68200
135447
258700
588962
1.31033e+06
2.89537e+06
6.26891e+06
1.322e+07
2.72826e+07
5.4762e+07
1.13533e+08
2.35828e+08
1.7388e+08
7.55138e+07
3.15727e+07
1.24213e+07
4.51889e+06
1.54474e+06
412457
27691.7
396.547
2.00708
0.005724
2.18043e-05
2.71535e-07
2.24178e-08
-1.66006e-10
-3.54083e-11
3.34424e-11
-4.94351e-12
1.08445e-10
-8.37676e-11
-3.14709e-13
-1.37202e-13
4.1477e-11
-1.32606e-14
5.12461e-12
4.15803e-11
4.14933e-11
-3.44267e-15
-2.01739e-17
-7.41137e-18
4.15276e-11
3.90136e-17
-1.4005e-19
-3.58487e-20
4.68714e-11
-2.24054e-21
-5.5197e-22
5.34405e-12
-3.2763e-23
-4.15274e-11
-1.97752e-24
-4.15274e-11
-1.28379e-25
-4.34576e-26
-1.18113e-26
-4.15274e-11
-5.34405e-12
-2.09469e-06
0
7.15556e-21
0
0
0
-1.6808e-22
-2.09469e-06
0
8.44915e-26
-2.09469e-06
0
-2.81584e-15
-2.09469e-06
-4.50562e-14
0
3.46076e-22
0
0
0
4.61266e-11
0
0
0
0
-1.76223e-13
0
-1.90229e-06
1.8029e-06
1.71108e-07
1.00269e-05
0.000671607
0.0265899
0.579727
7.46961
61.9212
357.194
1524.58
5074.66
13845.1
32462.2
68775.7
137298
263318
603895
1.35082e+06
2.98846e+06
6.49272e+06
1.36809e+07
2.82155e+07
5.66106e+07
1.17432e+08
2.43657e+08
1.67156e+08
7.24085e+07
3.01558e+07
1.1806e+07
4.27237e+06
1.4572e+06
377155
25166.2
371.511
1.99433
0.0061567
2.45242e-05
2.87229e-07
1.55496e-08
-2.19255e-10
-4.33542e-11
-6.28193e-10
-2.25833e-10
-2.10954e-12
4.06582e-11
-3.4188e-13
-1.50351e-13
-3.62364e-11
4.15125e-11
-4.15313e-11
-5.50587e-14
5.34376e-12
5.34397e-12
-2.21538e-17
-7.38462e-18
4.15274e-11
-6.68896e-19
-1.6806e-19
4.68714e-11
-4.15274e-11
4.15274e-11
5.34405e-12
4.15274e-11
-3.85808e-23
-9.41554e-24
5.34405e-12
-6.55452e-25
-1.66255e-25
-5.34405e-12
-1.43031e-26
-4.15274e-11
-4.15274e-11
0
-3.28281e-25
1.07422e-20
-4.12556e-29
0
0
2.09469e-06
0
2.68928e-21
0
0
-2.09469e-06
0
1.08149e-23
4.32596e-23
0
-2.09469e-06
-1.38429e-21
-3.84167e-12
-7.04915e-16
2.09411e-06
0
1.23011e-10
2.08504e-06
1.94536e-09
2.03964e-06
-1.12149e-08
1.42614e-08
-1.61199e-15
1.21998e-07
1.0896e-05
0.000696045
0.0270893
0.583133
7.45488
61.6115
354.93
1516.82
5059.28
13844.4
32580.6
69298.9
138851
267123
616352
1.38353e+06
3.05668e+06
6.65111e+06
1.40203e+07
2.88622e+07
5.78918e+07
1.2009e+08
2.48823e+08
1.62423e+08
7.02425e+07
2.91786e+07
1.13882e+07
4.10844e+06
1.39994e+06
356629
23969.6
361.129
2.01167
0.00653146
2.71537e-05
3.34744e-07
1.54032e-08
-1.92711e-10
-4.64437e-11
2.63181e-11
-2.31517e-10
-2.2706e-12
-4.24414e-11
4.96982e-12
-1.63939e-13
-5.93974e-14
-4.15433e-11
-4.15318e-11
-8.22493e-14
-3.61836e-11
-5.15428e-15
-2.50435e-17
-4.29183e-16
3.61833e-11
4.15274e-11
-5.34407e-12
-4.72408e-20
-1.20192e-20
-4.15274e-11
-4.15274e-11
5.34405e-12
-5.34405e-12
-1.09976e-23
5.34405e-12
-4.15274e-11
-2.03334e-25
-4.15274e-11
-4.15274e-11
5.84164e-25
-7.03943e-28
-2.23611e-22
0
0
-2.86275e-20
-1.71876e-19
0
1.83182e-18
0
-2.68928e-21
0
0
-2.09469e-06
0
2.09469e-06
4.50562e-14
0
0
-2.09467e-06
2.09463e-06
-2.09449e-06
0
-1.22836e-10
0
-2.08467e-06
0
2.04581e-06
3.42281e-13
-2.13688e-08
-2.65636e-08
1.70335e-07
1.05278e-05
0.000749038
0.0284833
0.601382
7.58139
62.0708
355.671
1517.09
5059.93
13859.2
32670.5
69639.9
139847
269548
624115
1.40189e+06
3.0958e+06
6.74131e+06
1.42166e+07
2.92252e+07
5.86134e+07
1.21576e+08
2.51607e+08
1.59636e+08
6.89773e+07
2.86162e+07
1.11525e+07
4.0184e+06
1.36908e+06
347416
23595.5
366.436
2.13797
0.00724451
3.09439e-05
3.87607e-07
1.52406e-08
3.24854e-09
-4.90896e-11
-1.05431e-11
-5.92185e-12
-2.39663e-12
-9.81569e-13
-2.11279e-11
1.01932e-11
-6.35617e-14
4.23726e-11
-4.95903e-15
-4.14477e-11
-3.79291e-16
5.34395e-12
-2.7398e-17
-4.15274e-11
-4.15274e-11
4.68714e-11
1.29655e-17
4.88925e-18
-5.34406e-12
4.15274e-11
4.15274e-11
-2.13113e-22
-5.18493e-23
-4.15274e-11
-4.15274e-11
-8.13334e-25
-1.93765e-25
-4.15274e-11
-5.34405e-12
-5.34498e-27
-4.15274e-11
-4.10352e-26
2.57848e-30
-7.15425e-21
2.09469e-06
-1.14489e-19
-6.87503e-19
0
-6.7232e-22
0
-1.07571e-20
0
-1.40801e-15
0
1.50063e-14
0
2.09469e-06
0
0
0
0
-4.61245e-11
-2.09309e-06
0
2.08432e-06
2.0722e-06
2.04067e-06
7.45285e-09
7.1245e-09
-1.32923e-08
1.70039e-07
1.14135e-05
0.000789863
0.0295434
0.61645
7.70308
62.6516
357.875
1522.57
5070.16
13882.7
32740
69847.7
140390
270744
627619
1.41048e+06
3.1142e+06
6.78365e+06
1.43081e+07
2.93925e+07
5.89402e+07
1.22247e+08
2.52811e+08
1.58237e+08
6.83474e+07
2.8341e+07
1.10398e+07
3.97556e+06
1.35314e+06
344375
23792.5
380.963
2.30153
0.00796796
3.47133e-05
4.14834e-07
2.51738e-08
-3.67151e-09
-1.80049e-09
-5.78596e-11
3.52531e-11
1.63217e-10
-5.62523e-11
-4.19009e-13
-1.82347e-13
-6.7726e-14
-1.89045e-14
-5.3426e-15
-5.34554e-12
-5.34447e-12
6.63233e-15
-2.56119e-15
4.15274e-11
5.34405e-12
-5.36245e-17
1.29295e-17
-5.34405e-12
5.34406e-12
-3.12842e-19
-4.15274e-11
-4.15274e-11
-5.6136e-23
-1.35237e-23
-3.25334e-24
9.94929e-23
-2.53572e-23
-5.56177e-26
-4.15274e-11
-4.15274e-11
-4.15274e-11
3.22309e-31
-1.78889e-21
-1.03139e-29
4.29689e-20
0
6.6009e-28
0
-1.10001e-17
0
1.07571e-20
-2.09469e-06
-2.09469e-06
-2.09469e-06
-2.09469e-06
-2.09469e-06
0
0
1.92087e-12
0
2.09447e-06
0
-5.63535e-15
0
2.08401e-06
0
2.03944e-06
0
-4.09116e-17
3.97351e-08
-1.44329e-06
1.10286e-05
0.000843416
0.0309071
0.636124
7.87035
63.5817
361.151
1531
5087.16
13910.4
32782.7
69920.5
140544
271077
628717
1.41322e+06
3.1201e+06
6.79743e+06
1.43381e+07
2.94477e+07
5.9048e+07
1.22454e+08
2.53188e+08
1.57635e+08
6.80754e+07
2.82214e+07
1.09906e+07
3.95732e+06
1.34578e+06
345586
24371.6
403.315
2.53747
0.00912806
3.97386e-05
4.60087e-07
2.15835e-08
-2.32344e-10
-5.40467e-11
-1.72527e-11
3.49701e-11
-2.61366e-12
-1.07268e-12
-5.7849e-12
5.1556e-12
5.27069e-12
4.77138e-11
-5.75357e-15
-5.34566e-12
4.15539e-11
-1.20722e-16
-1.71855e-15
-4.1528e-11
-2.51505e-18
5.18485e-17
-4.15274e-11
4.15274e-11
-5.34405e-12
-5.34406e-12
-4.15274e-11
-5.34406e-12
4.15274e-11
1.19275e-21
-3.41919e-24
-9.02642e-25
-5.34406e-12
-5.34406e-12
-4.15274e-11
-4.15274e-11
9.71049e-26
-4.10352e-26
2.68556e-21
0
0
0
6.6009e-28
0
2.09469e-06
-2.93092e-17
0
0
4.70113e-16
3.75157e-15
0
0
-2.09469e-06
2.09469e-06
0
2.09462e-06
2.09447e-06
0
1.84405e-10
0
9.78322e-10
0
-9.57534e-09
0
1.90829e-06
1.77239e-06
2.42064e-07
1.19984e-05
0.00088728
0.0321823
0.655221
8.03791
64.5107
364.595
1539.86
5103.11
13929.7
32795.2
69917
140512
271000
628593
1.41285e+06
3.1191e+06
6.79509e+06
1.43326e+07
2.94359e+07
5.90205e+07
1.22389e+08
2.53028e+08
1.57482e+08
6.80074e+07
2.8194e+07
1.09815e+07
3.95495e+06
1.34434e+06
349537
25162.8
427.655
2.75738
0.0101366
4.43249e-05
5.12062e-07
1.47647e-08
-2.84513e-10
-5.60271e-11
-1.78084e-11
3.19018e-10
-2.69065e-12
-1.25521e-10
6.86789e-11
-5.20853e-11
5.10752e-12
5.32264e-12
-5.67407e-12
4.15256e-11
-4.15278e-11
-4.15207e-11
-1.72058e-15
-4.15274e-11
-4.68714e-11
-7.22408e-19
1.29529e-17
-7.25335e-20
1.21865e-18
5.34406e-12
-3.61833e-11
5.34406e-12
4.15274e-11
-5.34406e-12
-4.15274e-11
-8.51609e-25
3.74599e-23
9.35161e-24
-2.05327e-26
-5.34406e-12
1.46268e-25
0
0
-2.09469e-06
0
0
6.6009e-28
0
2.09469e-06
2.09469e-06
-1.17237e-16
0
0
0
0
4.32596e-23
-1.10153e-17
7.20896e-13
0
5.76697e-12
-2.30662e-11
4.61232e-11
2.09294e-06
2.09016e-06
0
0
0
1.11587e-08
2.12558e-08
-1.71702e-06
1.20847e-07
1.44677e-05
0.000933806
0.0333901
0.673021
8.19194
65.3543
367.687
1547.56
5115.44
13937.6
32773.5
69819.9
140265
270480
627193
1.40957e+06
3.11235e+06
6.77999e+06
1.42989e+07
2.93696e+07
5.88797e+07
1.22089e+08
2.52402e+08
1.57729e+08
6.81213e+07
2.8249e+07
1.10083e+07
3.96726e+06
1.34816e+06
355042
26105.1
455.018
2.99304
0.0112601
4.93686e-05
5.38221e-07
2.13082e-08
-3.01581e-10
-5.81177e-11
-1.31037e-11
-3.3253e-10
-1.6849e-10
-1.14275e-12
-4.73347e-13
4.13223e-11
-7.86845e-14
-4.07039e-12
-6.30152e-15
5.34228e-12
-4.93164e-16
-6.87891e-15
-4.15249e-11
5.34405e-12
-3.61833e-11
-6.92308e-19
-1.79766e-19
-4.66137e-20
-1.1967e-20
-3.03094e-21
-5.22109e-20
4.15274e-11
3.16948e-21
-5.34406e-12
-2.78129e-24
-5.34406e-12
2.4882e-23
-4.15274e-11
-4.15274e-11
7.78758e-25
-4.15274e-11
4.47222e-22
1.78889e-21
0
4.12556e-29
2.09469e-06
-8.40401e-23
0
0
-2.93092e-17
0
0
9.37894e-16
-5.63203e-15
-2.09469e-06
6.00252e-14
1.80225e-13
-4.80199e-13
2.09467e-06
-5.76697e-12
2.09447e-06
0
0
0
-9.78125e-10
-2.06823e-06
0
-1.97773e-06
-4.07788e-17
-2.84966e-15
1.6894e-07
1.38687e-05
0.000974692
0.0345371
0.689979
8.33934
66.16
370.616
1554.68
5125.88
13939.6
32734.7
69677.7
139910
269732
625102
1.40469e+06
3.10208e+06
6.75605e+06
1.42466e+07
2.92709e+07
5.86751e+07
1.21662e+08
2.51534e+08
1.58228e+08
6.83489e+07
2.8354e+07
1.10558e+07
3.98743e+06
1.35482e+06
361054
27154.5
487.105
3.30315
0.012571
5.48222e-05
5.95927e-07
1.44694e-08
-2.66483e-10
-6.00988e-11
2.23853e-11
-7.05322e-12
-2.85164e-12
-5.63893e-11
4.85739e-12
-2.06892e-13
4.14453e-11
-2.30141e-14
-4.15338e-11
-1.84251e-15
-5.13712e-16
-1.41271e-16
3.61833e-11
-1.01672e-17
-2.68228e-18
-4.15273e-11
-1.80602e-19
-4.63002e-20
4.15274e-11
-3.61833e-11
-4.68714e-11
-1.82085e-22
-1.65682e-21
-1.21793e-21
-2.71112e-24
-4.15274e-11
-2.01739e-25
-6.79772e-26
-4.15274e-11
-5.93907e-25
-4.15274e-11
-2.09469e-06
2.68556e-21
0
0
-1.65022e-28
-6.6009e-28
-3.3616e-22
7.32797e-18
-2.09469e-06
0
2.09469e-06
8.60557e-20
0
0
2.75382e-18
0
7.20896e-13
0
-5.76696e-12
-7.04897e-16
-2.09402e-06
-2.09287e-06
0
9.78043e-10
0
1.75427e-13
0
6.48382e-13
-3.03642e-15
1.20549e-07
1.62028e-05
0.0010124
0.0355576
0.705107
8.47277
66.8732
373.166
1560.69
5133.7
13936.2
32684.7
69511.4
139503
268876
622680
1.39893e+06
3.08994e+06
6.72878e+06
1.41877e+07
2.9161e+07
5.8447e+07
1.21186e+08
2.5059e+08
1.58844e+08
6.86287e+07
2.84817e+07
1.11125e+07
4.01105e+06
1.36276e+06
366949
28173.1
517.397
3.5809
0.0138086
6.01553e-05
6.4729e-07
1.43696e-08
-3.11851e-10
-6.68048e-11
-1.93643e-11
-1.8617e-12
2.43767e-12
1.31585e-10
4.84509e-12
-2.10398e-13
-8.28487e-14
5.3205e-12
-5.35075e-12
-1.09802e-13
3.61558e-11
5.34391e-12
-3.93846e-17
-1.05151e-17
-2.78261e-18
-5.34411e-12
-5.34406e-12
5.34406e-12
4.15274e-11
-3.12019e-19
-4.15274e-11
-1.88617e-22
4.15274e-11
7.92677e-22
-2.78766e-24
-4.15274e-11
-1.88183e-25
-4.15274e-11
-4.15274e-11
-4.15274e-11
-4.15274e-11
-2.09469e-06
-1.78889e-21
0
0
0
-4.202e-23
-1.83182e-18
7.32729e-18
-2.09469e-06
-2.09469e-06
0
-2.09469e-06
0
0
-4.32596e-23
-1.73038e-22
0
-1.92087e-12
0
0
2.09401e-06
-2.09285e-06
2.08958e-06
-7.04822e-19
-1.94153e-09
-2.03556e-06
1.11399e-08
-4.07158e-17
-1.21019e-12
1.68579e-07
1.6842e-05
0.00104583
0.0364674
0.718193
8.58063
67.4751
375.342
1565.72
5139.57
13929.7
32630.4
69339.4
139087
268008
620223
1.39309e+06
3.07752e+06
6.70057e+06
1.41267e+07
2.90468e+07
5.82155e+07
1.20707e+08
2.49662e+08
1.59505e+08
6.89278e+07
2.86174e+07
1.11722e+07
4.03563e+06
1.37104e+06
372883
29176.5
546.197
3.84852
0.0150081
6.52145e-05
6.80096e-07
1.42093e-08
-2.85466e-10
-1.0419e-10
2.15437e-11
-7.33241e-12
-2.95661e-12
-1.21633e-12
6.86302e-11
-2.14781e-13
4.14415e-11
-2.40552e-14
5.33716e-12
4.68694e-11
-3.62108e-11
-4.15275e-11
5.34402e-12
5.34405e-12
-2.86957e-18
-7.49164e-19
-1.9398e-19
-3.34254e-18
-1.25418e-20
2.02664e-19
-7.87129e-22
-5.34406e-12
-4.79708e-23
-5.34406e-12
-2.84508e-24
-5.34406e-12
-2.03334e-25
-5.48203e-26
2.33865e-24
-5.02105e-27
-7.88042e-28
-4.10352e-26
2.09469e-06
2.09469e-06
-2.09469e-06
0
-2.09469e-06
1.6808e-22
0
2.09469e-06
0
2.09469e-06
-2.09469e-06
-5.40746e-24
0
0
0
2.40697e-13
0
-2.09461e-06
2.09444e-06
0
1.22822e-10
0
0
-1.9412e-09
5.7375e-09
0
-4.06909e-17
-1.7498e-06
-1.48071e-06
1.59658e-05
0.00107846
0.0372534
0.729426
8.67352
67.988
377.17
1569.81
5143.62
13920.7
32574.5
69168.6
138679
267155
617792
1.3873e+06
3.06556e+06
6.67362e+06
1.40686e+07
2.89385e+07
5.79948e+07
1.20251e+08
2.48777e+08
1.60158e+08
6.92231e+07
2.87509e+07
1.12306e+07
4.05962e+06
1.37927e+06
378145
30096
573.315
4.10088
0.0161462
7.00666e-05
7.00494e-07
2.07601e-08
-2.93441e-10
-1.05501e-10
-1.47722e-11
-5.4198e-11
-3.01261e-12
7.63206e-11
-5.1366e-13
4.13053e-11
-4.16116e-11
4.15024e-11
-7.01387e-15
4.16333e-11
-2.75328e-14
-1.52829e-16
4.15273e-11
-1.11304e-17
-4.15274e-11
-7.69231e-19
4.15274e-11
4.8928e-18
-3.61833e-11
-4.15274e-11
-5.34406e-12
-4.68714e-11
-4.91956e-23
-1.19927e-23
-4.15274e-11
-5.34406e-12
2.48876e-23
-5.34406e-12
-5.34406e-12
-5.34406e-12
-5.34406e-12
0
0
0
0
-1.0505e-23
-2.09469e-06
0
-6.72321e-22
0
2.09469e-06
-2.09469e-06
0
-3.75157e-15
-1.50063e-14
2.75382e-18
-2.09469e-06
0
2.09466e-06
0
0
0
-2.09299e-06
0
9.77876e-10
0
5.7364e-09
1.11318e-08
-4.06706e-17
2.6271e-08
2.40488e-07
1.66957e-05
0.001103
0.0379487
0.73967
8.76436
68.4582
378.776
1573.24
5146.5
13910.9
32520.8
69008.8
138300
266367
615559
1.38201e+06
3.05457e+06
6.6488e+06
1.4015e+07
2.88388e+07
5.77919e+07
1.19833e+08
2.47964e+08
1.60772e+08
6.95009e+07
2.88762e+07
1.12854e+07
4.08201e+06
1.38699e+06
382851
30935
597.605
4.33624
0.0172136
7.45646e-05
7.46513e-07
2.73219e-08
-5.46755e-09
-6.54816e-11
-2.04194e-11
-7.55576e-12
1.67989e-10
-1.3937e-10
-4.2041e-11
-2.7933e-11
-3.64293e-11
5.31901e-12
4.19517e-11
-2.0343e-15
4.15268e-11
-1.56682e-16
-4.24883e-17
-4.15274e-11
4.15274e-11
-7.89298e-19
1.2968e-17
-4.99564e-18
-4.15274e-11
-3.12293e-19
-8.26323e-22
-4.15274e-11
-5.02162e-23
-1.22479e-23
2.98773e-22
-8.80315e-25
2.48971e-23
-5.34406e-12
-1.7094e-26
-5.94406e-25
-4.15274e-11
-2.09469e-06
0
0
2.86222e-20
-1.0505e-23
0
0
-7.32729e-18
0
8.44915e-26
-2.09469e-06
0
2.09469e-06
-2.25281e-14
0
1.10155e-17
2.09468e-06
2.09466e-06
-5.537e-21
2.09444e-06
0
2.09249e-06
0
0
1.94084e-09
0
-1.97357e-06
-4.06536e-17
-3.55773e-15
-1.40667e-06
1.71217e-05
0.00112437
0.0385281
0.748083
8.83574
68.8365
380.071
1575.94
5148.33
13901
32471.5
68865.2
137962
265668
613564
1.3773e+06
3.0448e+06
6.62672e+06
1.39673e+07
2.87502e+07
5.76143e+07
1.19463e+08
2.47243e+08
1.61326e+08
6.97509e+07
2.89889e+07
1.13344e+07
4.10202e+06
1.3939e+06
386942
31696.3
621.141
4.55235
0.0181724
7.84779e-05
8.1821e-07
3.05677e-08
-3.06365e-10
-6.65811e-11
-6.72424e-11
-7.61151e-12
-3.06857e-12
-1.26187e-12
-5.31187e-13
-2.7933e-11
-4.16157e-11
-4.15528e-11
-7.37004e-15
-4.14753e-11
4.15268e-11
5.3439e-12
-4.32375e-17
-1.15853e-17
-2.13816e-16
4.15274e-11
1.29646e-17
5.34406e-12
4.15274e-11
-5.34406e-12
7.6401e-20
-2.08214e-22
4.15274e-11
-1.2452e-23
-2.98542e-24
-8.4842e-25
-5.34406e-12
-5.34406e-12
-4.15274e-11
-4.15274e-11
-1.18674e-27
-4.10352e-26
0
0
0
1.14489e-19
0
0
0
2.93092e-17
-8.44915e-26
3.52002e-16
-1.40801e-15
-1.88045e-15
0
6.00252e-14
1.10153e-17
0
-1.92078e-12
0
2.09444e-06
0
-2.09278e-06
0
2.08267e-06
4.8542e-09
-5.73471e-09
0
-1.89785e-06
-3.94033e-08
1.92211e-07
1.9085e-05
0.00114285
0.039004
0.754887
8.89308
69.1384
381.093
1578
5149.35
13891.7
32428.5
68742.6
137678
265084
611886
1.3733e+06
3.03646e+06
6.60789e+06
1.39266e+07
2.86747e+07
5.74642e+07
1.19148e+08
2.4663e+08
1.61805e+08
6.99668e+07
2.9086e+07
1.13766e+07
4.1192e+06
1.39985e+06
390360
32337.7
640.654
4.73761
0.0190047
8.18821e-05
8.33847e-07
2.04938e-08
-3.743e-09
-6.73497e-11
-2.08077e-11
-7.69529e-12
-3.10357e-12
-5.64885e-11
1.33642e-11
-4.17462e-11
5.0928e-12
5.3178e-12
-4.91985e-12
4.17951e-11
-5.34464e-12
-1.60963e-16
4.15273e-11
5.34405e-12
-3.11706e-18
-3.61833e-11
4.68714e-11
1.59687e-18
5.34406e-12
3.05539e-19
-8.52451e-22
-1.95216e-20
-5.18493e-23
-1.26561e-23
5.34406e-12
-8.35662e-25
-2.38419e-25
-5.34406e-12
-5.34406e-12
-4.15274e-11
-5.34406e-12
0
0
2.09469e-06
2.86222e-20
0
0
1.83182e-18
0
0
0
0
0
3.75157e-15
2.09469e-06
0
-2.09469e-06
0
1.92078e-12
0
0
-6.14447e-11
5.63466e-15
3.68231e-10
4.48585e-14
9.7272e-10
-5.73413e-09
1.97278e-06
-4.06294e-17
1.20005e-12
2.16084e-07
1.9361e-05
0.00115577
0.0393713
0.760182
8.93742
69.3701
381.866
1579.5
5149.76
13883.2
32391.8
68639.2
137438
264590
610484
1.37001e+06
3.02968e+06
6.5926e+06
1.38936e+07
2.86135e+07
5.73429e+07
1.18894e+08
2.46134e+08
1.62197e+08
7.0143e+07
2.91651e+07
1.14109e+07
4.13315e+06
1.4047e+06
393094
32861.8
656.797
4.8926
0.0197054
8.47237e-05
8.37438e-07
2.71323e-08
-3.50359e-10
-1.81284e-09
-2.09743e-11
-7.75113e-12
-3.92589e-11
8.1615e-11
-4.20007e-11
-2.23547e-13
-1.06186e-11
3.61566e-11
-3.61907e-11
-2.12334e-15
-4.10887e-14
5.33377e-12
-2.57543e-15
-8.54888e-16
5.34405e-12
-5.34406e-12
-4.15274e-11
-5.34406e-12
-1.3796e-20
-4.15274e-11
-8.65516e-22
5.34406e-12
4.77527e-21
-1.28092e-23
2.98671e-22
-5.34406e-12
-2.08915e-25
-4.15274e-11
-5.34406e-12
-4.15274e-11
9.72327e-26
0
0
-7.15556e-21
2.86222e-20
0
-2.09469e-06
0
-2.09469e-06
2.93092e-17
-8.44915e-26
0
0
-3.75123e-15
0
0
0
0
0
0
2.0944e-06
2.81895e-15
0
2.08974e-06
9.7781e-10
-8.90278e-14
5.7337e-09
0
-4.06216e-17
-1.70664e-06
2.88074e-07
1.80604e-05
0.00116719
0.0396448
0.76406
8.96975
69.5378
382.417
1580.53
5149.8
13876.3
32363
68559.5
137255
264218
609422
1.36752e+06
3.02454e+06
6.58102e+06
1.38686e+07
2.85674e+07
5.72516e+07
1.18704e+08
2.45762e+08
1.62494e+08
7.02766e+07
2.9225e+07
1.14369e+07
4.14369e+06
1.40836e+06
395137
33261.3
669.306
5.01409
0.0202597
8.70099e-05
8.73148e-07
3.70367e-08
-3.58564e-10
-6.82265e-11
-2.63979e-11
-7.77901e-12
4.36782e-11
8.16113e-11
4.85689e-12
-2.23547e-13
-9.18346e-14
-2.6521e-14
5.76812e-12
-3.61854e-11
-6.80701e-14
4.15373e-11
-4.47358e-17
-1.19866e-17
-3.17057e-18
-8.29432e-19
-3.61833e-11
-4.15274e-11
4.15274e-11
2.02324e-19
-8.72048e-22
5.34406e-12
4.15274e-11
1.19402e-21
-4.15274e-11
-5.34406e-12
2.49139e-23
6.21252e-24
-2.00343e-26
-4.15274e-11
-5.34406e-12
-2.09469e-06
0
7.15556e-21
-2.09469e-06
0
4.57956e-19
0
-2.09469e-06
0
2.09469e-06
0
-2.09469e-06
2.09469e-06
2.09469e-06
2.09469e-06
0
0
-1.92078e-12
0
2.30659e-11
4.42826e-20
1.22818e-10
2.0901e-06
0
-2.06657e-06
2.03362e-06
0
-4.06167e-17
1.74575e-06
2.88024e-07
1.96571e-05
0.00117315
0.0398207
0.766558
8.99048
69.6448
382.765
1581.15
5149.67
13871.3
32343.3
68505.4
137131
263967
608711
1.36585e+06
3.02112e+06
6.57334e+06
1.38521e+07
2.85369e+07
5.71913e+07
1.18578e+08
2.45515e+08
1.6269e+08
7.03648e+07
2.92646e+07
1.1454e+07
4.15065e+06
1.41078e+06
396464
33522
677.389
5.09312
0.0206237
8.84999e-05
8.96843e-07
3.70044e-08
-3.1993e-10
-2.64702e-09
2.0086e-11
-2.47692e-12
-1.68831e-10
2.63849e-11
-5.88808e-12
4.12991e-11
-9.20537e-14
-5.37052e-12
-4.15348e-11
-4.67656e-11
4.14593e-11
-1.02897e-14
5.34401e-12
-1.20401e-17
-5.34427e-12
4.15274e-11
-5.34404e-12
-5.5184e-20
-1.4005e-20
5.34406e-12
-8.75314e-22
5.34406e-12
4.15274e-11
1.19392e-21
-3.18955e-24
-7.7506e-25
-2.35229e-25
-5.50197e-26
-4.15274e-11
-4.15274e-11
-5.34406e-12
0
0
7.15556e-21
2.86222e-20
-2.09469e-06
0
0
-6.72321e-22
0
0
-3.52002e-16
-8.6057e-20
0
-2.09469e-06
0
-2.09469e-06
0
2.88356e-12
-2.0946e-06
0
4.42826e-20
0
0
-2.08255e-06
-9.72649e-10
0
-3.39856e-13
2.11506e-08
-3.78019e-15
2.88002e-07
1.98079e-05
0.00117653
0.0399017
0.767722
9.0002
69.695
382.928
1581.44
5149.57
13868.8
32333.4
68478.5
137070
263842
608358
1.36503e+06
3.01943e+06
6.56957e+06
1.3844e+07
2.8522e+07
5.71622e+07
1.18517e+08
2.45397e+08
1.62781e+08
7.04056e+07
2.92827e+07
1.14619e+07
4.1538e+06
1.41186e+06
397072
33645.1
681.303
5.13108
0.0207968
8.92213e-05
8.71126e-07
2.6998e-08
-3.71077e-09
-6.86659e-11
-8.99934e-10
-7.80691e-12
-3.15255e-12
8.69489e-11
4.09137e-11
-4.17479e-11
-9.20537e-14
-2.67401e-14
-7.58922e-15
1.05761e-13
-4.1528e-11
9.95881e-15
5.34401e-12
-1.20937e-17
-3.2107e-18
-5.34406e-12
-2.16555e-19
-5.5393e-20
4.68714e-11
-3.61833e-11
-8.7858e-22
-2.17195e-22
4.68714e-11
-1.30134e-23
5.34406e-12
-8.70747e-25
-4.15274e-11
-5.34406e-12
-5.34406e-12
-5.12072e-27
-8.03617e-28
0
0
0
-2.09469e-06
0
0
2.09469e-06
6.72321e-22
0
-2.09469e-06
3.52002e-16
-1.40801e-15
-5.40746e-24
2.09469e-06
0
-2.09469e-06
2.09468e-06
-8.81211e-17
2.0946e-06
0
-2.09397e-06
-1.22818e-10
0
9.77749e-10
-2.91312e-09
5.73331e-09
3.39856e-13
6.46318e-13
3.93718e-08
2.40021e-07
1.82735e-05
0.00117784
0.039902
0.767731
9.00027
69.6953
382.929
1581.44
5149.55
13868.7
32333.2
68478.1
137069
263842
608360
1.36503e+06
3.01946e+06
6.56966e+06
1.38443e+07
2.85226e+07
5.71633e+07
1.1852e+08
2.45403e+08
1.62774e+08
7.04025e+07
2.92812e+07
1.14612e+07
4.15352e+06
1.41176e+06
397030
33639.1
681.153
5.12981
0.0207914
8.91443e-05
8.7115e-07
2.6998e-08
-2.80224e-10
-2.76828e-11
-2.11963e-11
-7.80691e-12
1.57195e-10
-2.36268e-11
4.79766e-12
-2.24423e-13
-3.64343e-11
-4.68975e-11
-5.35163e-12
1.05761e-13
4.68708e-11
5.33377e-12
-4.49499e-17
8.30968e-16
-3.2107e-18
-5.34406e-12
-4.15274e-11
-5.34405e-12
5.34406e-12
-3.51432e-21
4.68714e-11
-2.16379e-22
4.15274e-11
-4.15274e-11
-3.27886e-24
-4.15274e-11
-4.15274e-11
-5.34406e-12
-4.15274e-11
-5.34406e-12
-1.3051e-27
0
2.09469e-06
0
0
-1.14489e-19
0
-1.83182e-18
7.32729e-18
-2.09469e-06
-8.44915e-26
0
0
3.44234e-19
2.25281e-14
-6.00252e-14
2.09469e-06
-2.09468e-06
-2.09466e-06
5.537e-21
-7.04892e-16
2.81894e-15
-2.09264e-06
-3.68226e-10
-4.48572e-14
0
1.75213e-13
1.11211e-08
6.46353e-13
1.1995e-12
2.88024e-07
1.97224e-05
0.0011733
0.0398208
0.76658
8.99068
69.6458
382.767
1581.14
5149.59
13870.9
32342.2
68503
137127
263960
608696
1.36583e+06
3.02112e+06
6.57343e+06
1.38525e+07
2.85378e+07
5.71938e+07
1.18584e+08
2.4553e+08
1.62667e+08
7.03535e+07
2.92591e+07
1.14516e+07
4.14961e+06
1.41038e+06
396307
33501.5
676.953
5.08953
0.0206085
8.84499e-05
8.71823e-07
3.70458e-08
-3.59846e-10
-1.14925e-10
-2.11965e-11
-7.80694e-12
-8.49036e-12
8.16076e-11
-5.43456e-13
-2.23547e-13
-9.18346e-14
-2.6521e-14
-3.61908e-11
-5.62237e-14
-5.97619e-16
-1.64388e-16
5.34401e-12
-1.20401e-17
-3.18395e-18
-5.35208e-17
4.15274e-11
1.59541e-18
1.22195e-18
-3.51432e-21
-8.75314e-22
5.34406e-12
4.77445e-21
-1.30134e-23
-3.17679e-24
-4.15274e-11
-1.99347e-25
-4.15274e-11
-4.15274e-11
-4.15274e-11
-5.34406e-12
-2.09469e-06
0
0
0
0
-4.202e-23
2.09469e-06
0
0
-2.09469e-06
2.09469e-06
1.40801e-15
-5.40746e-24
2.09469e-06
0
0
2.09468e-06
-2.88356e-12
-2.0946e-06
2.30659e-11
2.8189e-15
-1.84375e-10
2.08938e-06
0
0
1.75221e-13
1.97252e-06
-4.06215e-17
-2.62319e-08
2.88073e-07
1.94428e-05
0.0011685
0.0396483
0.764092
8.97002
69.5391
382.42
1580.52
5149.67
13875.7
32361.3
68555.7
137248
264208
609405
1.3675e+06
3.02457e+06
6.58121e+06
1.38693e+07
2.8569e+07
5.72562e+07
1.18715e+08
2.45787e+08
1.62456e+08
7.02581e+07
2.92162e+07
1.14329e+07
4.14203e+06
1.40773e+06
394872
33221.9
668.279
5.0056
0.0202251
8.68888e-05
8.54406e-07
2.70403e-08
-2.72228e-10
-1.09323e-10
-2.10853e-11
-1.31091e-11
-3.13155e-12
-9.8012e-11
-5.3995e-13
-4.17462e-11
-2.51711e-13
-2.63018e-14
-7.53443e-15
-1.10035e-13
-4.1528e-11
-5.35435e-12
-4.45218e-17
4.15282e-11
-3.17057e-18
-8.29432e-19
-1.33861e-17
-5.47659e-20
4.15274e-11
3.05487e-19
-8.68782e-22
5.34406e-12
4.77486e-21
-5.34406e-12
-3.12576e-24
-4.15274e-11
-2.16092e-25
-5.9206e-26
-4.15274e-11
-5.34406e-12
-7.75583e-28
0
0
0
0
0
2.09469e-06
0
-2.09469e-06
0
0
0
0
-2.09469e-06
1.50063e-14
-2.09469e-06
-1.73038e-22
-2.09468e-06
-2.09466e-06
2.0946e-06
2.30659e-11
2.81895e-15
2.09277e-06
-2.08976e-06
2.08262e-06
-9.72631e-10
-5.73412e-09
-3.3994e-13
-4.06292e-17
-3.7063e-15
2.16083e-07
1.92956e-05
0.00115708
0.0393743
0.760223
8.93778
69.3718
381.868
1579.48
5149.56
13882.4
32389.2
68633.4
137427
264574
610459
1.36999e+06
3.02973e+06
6.59286e+06
1.38945e+07
2.86157e+07
5.73489e+07
1.1891e+08
2.46168e+08
1.62146e+08
7.01183e+07
2.91533e+07
1.14056e+07
4.1309e+06
1.40385e+06
392737
32815.3
655.534
4.88178
0.0196612
8.46293e-05
8.56458e-07
2.70923e-08
-5.47375e-09
4.29663e-09
2.031e-11
3.3696e-11
3.83546e-11
-6.62075e-12
-4.73993e-11
4.13017e-11
4.1435e-11
-5.37019e-12
4.24139e-13
1.59882e-13
-2.75653e-14
-5.34422e-12
-4.43077e-17
4.68714e-11
4.68714e-11
4.15274e-11
1.9562e-17
-5.43479e-20
-3.61833e-11
3.05513e-19
3.61833e-11
-1.9524e-20
4.15274e-11
-5.34406e-12
5.34406e-12
-5.34406e-12
-2.11308e-25
-5.34406e-12
-1.94861e-26
-4.15274e-11
-9.71815e-28
0
0
0
-2.09469e-06
2.09469e-06
4.202e-23
0
2.09469e-06
0
2.09469e-06
2.09469e-06
2.09469e-06
-2.09469e-06
-2.09469e-06
-2.09469e-06
1.73038e-22
0
-4.80434e-12
0
1.53646e-11
0
2.09278e-06
0
-9.77806e-10
2.91348e-09
-2.03407e-06
0
-4.06398e-17
-1.74701e-06
2.40233e-07
1.75708e-05
0.00114165
0.0390051
0.754935
8.89349
69.1403
381.094
1577.97
5149.07
13890.5
32425.2
68735.2
137665
265066
611844
1.37326e+06
3.0365e+06
6.60819e+06
1.39276e+07
2.86773e+07
5.74714e+07
1.19167e+08
2.46672e+08
1.61742e+08
6.99358e+07
2.90711e+07
1.13699e+07
4.11636e+06
1.39878e+06
389909
32278
639.138
4.72497
0.0189536
8.17109e-05
8.3405e-07
2.05329e-08
-3.10884e-10
8.07473e-10
-2.08077e-11
-7.6953e-12
-3.10357e-12
9.54538e-11
-5.36445e-13
4.6648e-11
-4.16161e-11
-3.6209e-11
-7.42484e-15
3.61812e-11
3.61827e-11
-1.60963e-16
-4.37726e-17
-1.17458e-17
-3.10368e-18
-8.12709e-19
-4.15274e-11
4.88988e-18
-1.3587e-20
4.15274e-11
-8.55717e-22
-5.34406e-12
4.77588e-21
-1.26561e-23
5.34406e-12
-4.15274e-11
-2.2885e-25
9.36816e-24
-4.15274e-11
-4.15274e-11
-4.15274e-11
0
0
-7.15556e-21
-2.86222e-20
-2.09469e-06
2.09469e-06
0
-2.09469e-06
0
-8.44915e-26
-3.52023e-16
2.09469e-06
0
0
0
-2.09469e-06
2.09468e-06
1.92069e-12
2.09461e-06
0
2.09398e-06
1.22826e-10
0
0
-2.06888e-06
2.0286e-06
3.40077e-13
-2.11709e-08
-3.55771e-15
1.68218e-07
1.71433e-05
0.00112587
0.038533
0.748131
8.83618
68.8384
380.071
1575.89
5147.97
13899.6
32467.6
68856.8
137949
265651
613555
1.37727e+06
3.04483e+06
6.62704e+06
1.39685e+07
2.87532e+07
5.76227e+07
1.19485e+08
2.47293e+08
1.6125e+08
6.97135e+07
2.89709e+07
1.13263e+07
4.0986e+06
1.3926e+06
386406
31629.5
619.538
4.53903
0.0181177
7.83085e-05
7.74441e-07
2.72385e-08
-3.74356e-09
-1.0219e-10
-1.52724e-11
-7.61152e-12
-3.07558e-12
4.55898e-11
4.81171e-12
-4.70846e-11
3.62526e-11
-2.57538e-14
-7.34264e-15
1.05836e-13
5.30298e-12
5.33377e-12
-4.32375e-17
-1.15585e-17
5.34405e-12
-4.15274e-11
4.15274e-11
-5.28846e-20
-1.24933e-18
-3.37061e-21
7.64043e-20
-4.15274e-11
4.77649e-21
-1.2503e-23
-3.04921e-24
-8.06956e-25
-2.21674e-25
-7.25622e-26
-1.96855e-26
-5.19547e-27
-4.15274e-11
0
0
2.09469e-06
0
0
0
2.09469e-06
-2.09469e-06
-2.09469e-06
0
3.37966e-25
2.09469e-06
0
1.50063e-14
0
-2.09469e-06
0
-1.92078e-12
0
0
0
-1.84384e-10
3.68247e-10
9.77876e-10
8.90491e-14
2.03467e-06
0
-4.06704e-17
1.20186e-12
2.40487e-07
1.66956e-05
0.00110319
0.0379512
0.739722
8.7648
68.4598
378.773
1573.17
5146.06
13909.2
32515.8
68997.8
138280
266338
615504
1.38194e+06
3.05458e+06
6.64913e+06
1.40163e+07
2.88422e+07
5.78016e+07
1.19859e+08
2.48021e+08
1.60683e+08
6.94568e+07
2.88551e+07
1.12758e+07
4.07799e+06
1.38546e+06
382242
30873.6
596.895
4.32595
0.0171615
7.42819e-05
7.46714e-07
3.0675e-08
3.14361e-09
-6.55927e-11
2.09267e-11
-1.28583e-11
-2.10206e-10
-5.64681e-11
2.70936e-11
-3.63957e-11
5.09522e-12
4.15015e-11
-3.57588e-11
4.13633e-11
-5.68508e-16
5.3439e-12
-4.23813e-17
-1.13712e-17
4.15274e-11
5.34406e-12
-2.04013e-19
-4.15274e-11
-1.31689e-20
-3.31835e-21
-8.23056e-22
-2.04131e-22
-5.34406e-12
-4.68714e-11
-4.15274e-11
-7.46354e-25
-5.34406e-12
-5.90066e-26
-5.34406e-12
-5.34406e-12
-4.15274e-11
-2.09469e-06
0
0
2.86222e-20
1.0505e-23
0
-2.09469e-06
2.09469e-06
2.09469e-06
0
2.09469e-06
-8.60584e-20
2.09469e-06
1.50063e-14
2.09469e-06
2.09469e-06
0
-2.09467e-06
5.76696e-12
1.53646e-11
0
-2.09295e-06
3.5357e-19
9.77921e-10
8.90579e-14
0
-1.11352e-08
-4.06907e-17
1.20273e-12
-1.40848e-06
1.7635e-05
0.0010773
0.0372578
0.729488
8.6741
67.9892
377.165
1569.72
5143.1
13918.7
32568.7
69155.8
138656
267121
617728
1.38722e+06
3.06557e+06
6.67398e+06
1.40701e+07
2.89424e+07
5.80059e+07
1.20281e+08
2.48842e+08
1.60055e+08
6.91724e+07
2.87266e+07
1.12196e+07
4.05501e+06
1.37753e+06
377404
29994.3
569.88
4.07995
0.0160745
6.9811e-05
7.13316e-07
2.07665e-08
8.3509e-09
-6.43838e-11
-2.00304e-11
3.28842e-10
-2.99859e-12
-5.64509e-11
-5.8601e-12
-2.13028e-13
4.14386e-11
-2.50963e-14
-7.12346e-15
-2.0069e-15
3.61423e-11
9.9708e-15
-4.15251e-17
-1.11304e-17
4.15274e-11
-7.69231e-19
-1.98997e-19
-5.10034e-20
3.99741e-19
-3.23997e-21
7.6437e-20
-5.34406e-12
3.61833e-11
-5.34406e-12
-2.94714e-24
-7.24027e-25
-1.78615e-25
-5.34406e-12
2.34189e-24
-5.34406e-12
-5.34406e-12
-2.23611e-22
0
7.15556e-21
0
0
0
0
0
2.09469e-06
8.80004e-17
3.37966e-25
0
3.44228e-19
-1.50063e-14
-2.09469e-06
2.09469e-06
0
2.09467e-06
-5.53701e-21
0
0
-1.84388e-10
0
0
0
0
0
-4.07155e-17
-1.79063e-06
1.68577e-07
1.68418e-05
0.00104733
0.0364728
0.718267
8.58129
67.4778
375.342
1565.64
5139.03
13927.5
32624.2
69325.5
139063
267972
620164
1.39304e+06
3.07752e+06
6.70101e+06
1.41285e+07
2.90513e+07
5.82282e+07
1.20741e+08
2.49737e+08
1.59387e+08
6.88701e+07
2.85897e+07
1.11596e+07
4.03037e+06
1.36906e+06
372039
29076.4
543.959
3.82897
0.014929
6.49058e-05
6.74009e-07
1.41722e-08
-5.45039e-09
-1.81441e-09
2.15438e-11
-1.26353e-11
-2.95661e-12
-1.21282e-12
-5.06649e-13
-2.07768e-13
-8.50404e-14
5.31945e-12
-4.15342e-11
1.05953e-13
2.64317e-14
9.97465e-15
-4.05619e-17
-1.08629e-17
2.07882e-16
4.15274e-11
-1.93144e-19
-4.95402e-20
5.34406e-12
4.15274e-11
5.34406e-12
1.2669e-20
-4.8755e-21
-5.34406e-12
-3.61833e-11
-7.017e-25
-5.34406e-12
6.22468e-24
-4.15274e-11
-4.15274e-11
-5.34406e-12
0
-2.68556e-21
1.03139e-29
0
-2.101e-23
0
-2.09469e-06
2.09469e-06
2.68928e-21
8.44915e-26
0
2.09469e-06
5.63237e-15
-1.50063e-14
0
-1.80214e-13
7.20896e-13
0
-5.76696e-12
2.09445e-06
4.42835e-20
0
0
0
0
1.75426e-13
0
-2.12179e-08
-1.75269e-06
1.20548e-07
1.61153e-05
0.00101383
0.0355645
0.705203
8.47368
66.8782
373.173
1560.61
5133.12
13933.8
32677.6
69495.3
139473
268831
622595
1.39885e+06
3.08998e+06
6.72934e+06
1.41899e+07
2.91666e+07
5.8461e+07
1.21224e+08
2.50672e+08
1.58714e+08
6.85645e+07
2.84509e+07
1.10985e+07
4.00518e+06
1.36055e+06
366008
28065.5
514.806
3.56051
0.0137285
5.97894e-05
6.34957e-07
2.43684e-08
-3.15966e-10
-1.84886e-09
8.54456e-10
3.2379e-10
-2.90762e-12
-1.39314e-10
-4.97885e-13
-4.70717e-11
-2.43602e-13
-2.38908e-14
4.24852e-13
5.34215e-12
-4.10271e-14
-1.45124e-16
-4.15249e-11
-4.15274e-11
5.34405e-12
-5.34411e-12
-1.87291e-19
3.24492e-18
5.34406e-12
4.15274e-11
-5.22109e-20
-1.30511e-20
3.61833e-11
-1.12527e-23
5.34406e-12
-5.34406e-12
-5.34406e-12
6.22847e-24
-5.34406e-12
-5.34406e-12
9.71423e-26
-6.44619e-31
2.57848e-30
0
4.2969e-20
0
0
0
0
0
0
3.37966e-25
9.37894e-16
0
1.50063e-14
-6.00252e-14
-1.10153e-17
0
0
0
2.09446e-06
-2.09403e-06
0
-3.53603e-19
9.78124e-10
0
-2.04254e-06
0
-2.12366e-08
2.63601e-08
1.20687e-07
1.38685e-05
0.000975076
0.0345427
0.690087
8.34014
66.1651
370.625
1554.61
5125.26
13937
32726.9
69660.1
139878
269685
625021
1.40462e+06
3.10217e+06
6.75651e+06
1.42486e+07
2.92762e+07
5.86903e+07
1.21703e+08
2.51635e+08
1.58083e+08
6.82776e+07
2.83198e+07
1.10403e+07
3.98094e+06
1.35238e+06
359996
27043.2
484.769
3.28444
0.0124958
5.45462e-05
5.96176e-07
2.45222e-08
-2.25165e-10
-1.88452e-11
-6.01696e-11
-1.23286e-11
3.86459e-11
4.03445e-11
-4.87369e-13
-1.99879e-13
5.26256e-12
1.27269e-12
5.33749e-12
-1.09747e-13
2.64643e-14
4.15272e-11
-3.79933e-17
-1.01405e-17
-2.67559e-18
-5.33853e-17
-4.15274e-11
-4.60912e-20
-8.34956e-19
-4.15274e-11
-7.34872e-22
5.34406e-12
-4.49088e-23
-1.10231e-23
-2.69198e-24
-4.15274e-11
-1.94562e-25
-5.84086e-26
-5.34406e-12
-4.15274e-11
9.71267e-26
0
2.09469e-06
2.09469e-06
-2.09469e-06
2.09469e-06
2.09469e-06
2.09469e-06
0
-4.40002e-17
-2.09469e-06
0
9.37894e-16
-5.63203e-15
1.50063e-14
0
0
0
0
5.76697e-12
0
0
-6.1567e-11
3.68302e-10
0
0
0
-3.41006e-13
-6.4961e-13
-2.66279e-15
1.20845e-07
1.30102e-05
0.00093419
0.0333996
0.673165
8.19341
65.3612
367.699
1547.49
5114.77
13934.7
32764.9
69800.4
140229
270427
627097
1.40946e+06
3.11246e+06
6.78078e+06
1.43012e+07
2.93745e+07
5.88953e+07
1.22132e+08
2.52506e+08
1.57569e+08
6.80433e+07
2.82118e+07
1.09915e+07
3.96025e+06
1.34553e+06
353913
25986.5
452.43
2.97341
0.011184
4.91265e-05
5.57488e-07
3.13663e-08
-2.55034e-10
-1.80518e-09
-1.84199e-11
-3.37834e-10
-2.77464e-12
5.40834e-11
-4.751e-13
4.13298e-11
-8.71531e-12
-2.25209e-14
-6.32892e-15
4.15256e-11
5.34356e-12
9.99006e-15
4.15299e-11
-9.71238e-18
4.68716e-11
-4.15274e-11
5.34404e-12
-4.66137e-20
-1.1967e-20
3.61833e-11
-7.54468e-22
5.34406e-12
4.15274e-11
-1.13293e-23
-2.77491e-24
7.47188e-23
-5.34406e-12
-5.34406e-12
-2.03832e-26
-4.15274e-11
-5.34406e-12
-5.59306e-22
2.68523e-21
-1.03139e-29
2.09469e-06
2.101e-23
6.6009e-28
0
1.10001e-17
-4.22457e-26
-1.17247e-16
0
-1.40801e-15
2.09469e-06
0
2.09469e-06
1.10153e-17
-7.20896e-13
0
-5.76698e-12
2.09447e-06
4.42845e-20
5.63523e-15
0
2.08376e-06
-2.06618e-06
0
1.11679e-08
-2.04315e-17
-2.47611e-15
-1.44095e-06
1.33699e-05
0.000888983
0.0321909
0.655385
8.03945
64.5187
364.612
1539.8
5102.42
13926.6
32785.8
69895.4
140472
270939
628480
1.41271e+06
3.11916e+06
6.79596e+06
1.4336e+07
2.94445e+07
5.90419e+07
1.22442e+08
2.53146e+08
1.57319e+08
6.79295e+07
2.81575e+07
1.09651e+07
3.94804e+06
1.34172e+06
348368
25042
424.919
2.73513
0.0100563
4.40131e-05
4.99664e-07
1.47784e-08
-2.83862e-10
-5.59167e-11
-1.78085e-11
-6.64821e-12
-2.69064e-12
8.17997e-11
2.71592e-11
1.01795e-11
-5.25963e-12
1.27428e-12
3.58532e-11
-1.68498e-15
-2.74437e-14
-5.34418e-12
-2.56558e-15
-9.1505e-18
-4.15272e-11
-5.344e-12
-5.34406e-12
4.87064e-18
-1.71927e-20
-4.11528e-21
-9.83095e-22
1.90758e-20
-4.88387e-21
-4.15274e-11
-3.20231e-24
-4.15274e-11
-2.26458e-25
-7.31602e-26
-2.23268e-26
-6.50369e-27
-4.15274e-11
-4.10352e-26
0
-7.15556e-21
-2.09469e-06
-2.101e-23
0
2.75001e-18
0
0
2.09469e-06
-2.09469e-06
0
0
0
2.09469e-06
-1.80225e-13
1.2011e-12
0
0
-2.09447e-06
0
8.85254e-20
2.09075e-06
9.78437e-10
-2.91753e-09
0
3.41556e-13
-2.1305e-08
1.7617e-06
1.21224e-07
1.24901e-05
0.000841033
0.0309199
0.636366
7.87304
63.5987
361.202
1531.02
5086.62
13907.6
32774.3
69902.9
140512
271031
628646
1.41317e+06
3.12026e+06
6.79832e+06
1.43411e+07
2.9455e+07
5.90683e+07
1.22508e+08
2.53316e+08
1.57447e+08
6.79841e+07
2.81781e+07
1.09712e+07
3.94916e+06
1.34285e+06
344283
24247.1
400.781
2.52073
0.00906271
3.95133e-05
4.73083e-07
2.1636e-08
-2.3191e-10
-1.80217e-09
-2.25146e-11
-3.01356e-10
-2.60665e-12
-1.06567e-12
-4.73048e-11
-1.81032e-13
8.71103e-14
1.27526e-12
4.11975e-11
4.15257e-11
2.65345e-14
-5.34418e-12
-3.23211e-17
-8.64214e-18
3.61833e-11
-8.36121e-19
-5.34408e-12
3.61833e-11
-1.7454e-20
-4.23286e-21
-1.02555e-21
-2.4659e-22
4.15274e-11
-1.42381e-23
-3.45747e-24
-1.01359e-22
-2.30445e-25
-5.34406e-12
-4.15274e-11
-5.34406e-12
1.46247e-25
0
0
-1.31312e-24
-2.86222e-20
2.09469e-06
-6.6009e-28
0
-2.09469e-06
-4.22457e-26
0
-2.15143e-20
-1.40801e-15
-3.75157e-15
-1.50063e-14
-2.75387e-18
1.80225e-13
0
0
-5.767e-12
0
-2.0941e-06
0
-1.12572e-14
-2.08432e-06
-2.07025e-06
0
1.99543e-06
-1.89211e-06
-2.02581e-15
1.73771e-06
9.94872e-06
0.000791649
0.0295551
0.616647
7.70486
62.6618
357.894
1522.54
5069.58
13879.5
32729.5
69821.9
140340
270661
627443
1.41021e+06
3.114e+06
6.78396e+06
1.43103e+07
2.93991e+07
5.89608e+07
1.22302e+08
2.52951e+08
1.58029e+08
6.82438e+07
2.82912e+07
1.10173e+07
3.96627e+06
1.34971e+06
342853
23655.4
378.266
2.28337
0.00790372
3.44729e-05
4.15028e-07
1.5096e-08
-2.18493e-10
-5.14026e-11
-1.65299e-11
-6.18729e-12
-2.50164e-12
-1.02011e-12
-4.22515e-13
-5.20625e-11
1.82134e-12
-8.8285e-13
-5.43849e-15
-1.50689e-15
-5.34447e-12
-4.15275e-11
-2.99666e-17
-8.26756e-18
4.15274e-11
4.15274e-11
-4.15274e-11
-5.34406e-12
-1.54682e-20
-3.84093e-21
-9.47168e-22
-2.31076e-22
-5.6136e-23
-1.35747e-23
-3.30437e-24
-4.15274e-11
-2.04928e-25
-4.15274e-11
-4.15274e-11
-4.15274e-11
-5.34406e-12
0
-3.28281e-25
-2.09469e-06
0
0
0
-2.64036e-27
0
-4.22457e-26
-1.17237e-16
-3.37966e-25
9.37893e-16
0
-1.08149e-23
0
-2.09469e-06
0
0
-3.84149e-12
7.04912e-16
4.42859e-20
0
-3.68404e-10
0
-2.07096e-06
-1.75931e-13
-1.99379e-06
-2.05164e-17
-1.79462e-06
1.21682e-07
1.04613e-05
0.000750945
0.0284985
0.601591
7.58333
62.0817
355.706
1517.02
5058.98
13855
32657.6
69609.2
139788
269450
623893
1.40155e+06
3.09553e+06
6.74155e+06
1.42188e+07
2.92317e+07
5.86334e+07
1.2164e+08
2.51751e+08
1.59403e+08
6.88614e+07
2.85601e+07
1.1127e+07
4.00771e+06
1.36514e+06
345702
23452.1
363.454
2.11753
0.0071639
3.07185e-05
3.4312e-07
1.52489e-08
-2.05496e-10
-4.88679e-11
-1.58069e-11
3.55363e-11
3.91011e-11
-5.61975e-11
-4.19204e-11
-1.0532e-11
-4.15911e-11
1.27784e-12
-5.34907e-12
-8.23863e-14
-3.79291e-16
-1.02742e-16
-4.15291e-11
-4.29317e-16
-2.85619e-18
-4.15274e-11
4.15274e-11
-5.5811e-20
-1.4214e-20
-3.54045e-21
-8.72048e-22
-2.12296e-22
-5.18493e-23
-4.15274e-11
-4.15274e-11
-8.32472e-25
-2.04928e-25
-6.55851e-26
-5.34405e-12
-4.15274e-11
-8.34764e-28
-2.09469e-06
0
0
0
-5.73868e-20
2.09469e-06
-1.6808e-22
0
2.93092e-17
2.09469e-06
2.09469e-06
0
0
0
2.75382e-18
2.09469e-06
-3.46076e-22
8.81201e-17
-3.84149e-12
-2.0945e-06
2.09411e-06
0
0
7.34797e-10
-2.07369e-06
1.92357e-09
-1.12151e-08
-2.14095e-08
1.77231e-06
1.70768e-07
1.08294e-05
0.000695098
0.0271045
0.583397
7.45759
61.6244
354.96
1516.75
5058.28
13839.9
32567.3
69268.8
138797
267036
616188
1.38327e+06
3.05662e+06
6.65193e+06
1.4024e+07
2.88721e+07
5.79201e+07
1.20167e+08
2.48997e+08
1.62158e+08
7.01123e+07
2.91161e+07
1.13598e+07
4.09656e+06
1.39546e+06
354643
23785.5
357.864
1.99201
0.0064734
2.68527e-05
3.15776e-07
2.21942e-08
-3.64991e-09
-4.09309e-11
-6.75597e-10
2.84065e-10
1.49631e-10
-5.61461e-11
-3.72557e-13
-1.53419e-13
-3.51249e-12
4.15106e-11
-4.56176e-15
4.158e-11
-3.40763e-16
4.97063e-15
4.15273e-11
1.04666e-15
-2.78261e-18
5.19706e-17
4.68714e-11
4.68714e-11
-1.20192e-20
3.0597e-19
-4.15274e-11
-1.82901e-22
3.61833e-11
-1.0921e-23
-2.66646e-24
-4.15274e-11
-5.34405e-12
-5.34405e-12
-5.34405e-12
-5.94281e-25
-5.34405e-12
-2.09469e-06
2.09469e-06
0
2.86222e-20
1.14489e-19
-4.57998e-19
1.83182e-18
0
2.09469e-06
0
2.09469e-06
-9.37893e-16
2.81601e-15
0
-4.50562e-14
-2.09469e-06
-2.09469e-06
-1.44179e-12
3.8415e-12
0
-1.5401e-11
2.09332e-06
0
-2.08629e-06
-1.94633e-09
-3.84099e-09
0
-1.42903e-08
-1.33756e-08
4.88691e-08
8.62047e-06
0.000670857
0.0266079
0.580036
7.47263
61.9369
357.242
1524.52
5073.74
13840.7
32448.7
68744.5
137241
263241
603773
1.35074e+06
2.9886e+06
6.49406e+06
1.36858e+07
2.82279e+07
5.66444e+07
1.17517e+08
2.43856e+08
1.66866e+08
7.22664e+07
3.00878e+07
1.1775e+07
4.25937e+06
1.4523e+06
374986
24970.1
368.011
1.97381
0.00609972
2.42864e-05
3.0669e-07
1.55627e-08
-1.72722e-10
-1.35768e-09
6.52089e-10
-5.23705e-12
-7.10164e-11
-8.51904e-13
4.99881e-12
-7.04885e-12
-4.1581e-11
-1.48496e-14
-4.15314e-11
-1.10277e-15
-5.3241e-12
-5.34413e-12
-2.20468e-17
-7.41137e-18
-2.66221e-18
-6.70569e-19
-1.67642e-19
-5.34405e-12
8.12824e-19
-2.58022e-21
-5.20884e-20
1.27073e-20
-3.82746e-23
-4.15274e-11
-4.15274e-11
-5.72524e-25
-1.48713e-25
-3.9969e-26
-4.15274e-11
-5.34405e-12
-6.6968e-28
-1.61155e-31
0
2.09469e-06
0
0
0
1.6808e-22
-2.09469e-06
0
0
0
0
2.09469e-06
-7.50315e-15
3.00126e-14
-1.2005e-13
0
2.09468e-06
-3.84151e-12
0
0
0
0
-2.24653e-14
0
-3.84419e-09
7.49167e-09
-1.90574e-06
-2.67427e-08
1.22512e-07
7.81725e-06
0.000634329
0.0259356
0.578325
7.53535
62.8198
362.497
1542.85
5114.6
13881.7
32359.7
68164.8
135381
258601
588796
1.31018e+06
2.89552e+06
6.27026e+06
1.32251e+07
2.72955e+07
5.47972e+07
1.13624e+08
2.36051e+08
1.73561e+08
7.53566e+07
3.14969e+07
1.23867e+07
4.50432e+06
1.53925e+06
410072
27458
392.414
1.98384
0.00565852
2.15478e-05
2.45999e-07
1.22758e-08
-1.6535e-10
-4.04823e-11
-1.8514e-11
-2.25549e-10
-1.96947e-12
-7.92326e-13
-2.10488e-11
-1.29312e-13
-4.97537e-14
5.3306e-12
-2.1944e-13
-4.15283e-11
-4.15276e-11
-6.99933e-17
-5.34534e-12
-7.38462e-18
-1.07376e-16
-5.34405e-12
-1.39214e-19
-4.15274e-11
4.15274e-11
-4.15274e-11
-5.47071e-22
-1.3391e-22
-3.2661e-23
-5.34405e-12
-2.02966e-22
-4.15274e-11
-5.34405e-12
-4.15274e-11
-4.15274e-11
-4.15274e-11
4.86288e-26
-2.09469e-06
0
0
0
-2.09469e-06
-4.202e-23
2.09469e-06
0
-2.09469e-06
5.37856e-21
2.09469e-06
0
-2.09469e-06
-7.50314e-15
0
8.65192e-23
-3.60449e-13
-2.09468e-06
0
0
-3.07271e-11
0
0
7.35464e-10
0
2.77549e-18
7.51429e-09
-1.43727e-08
-9.67732e-16
7.37792e-08
9.96692e-06
0.000620387
0.0262552
0.594461
7.80062
65.0577
374.314
1588.64
5226.01
14050.5
32439.7
67745.9
133608
253920
573933
1.27136e+06
2.80603e+06
6.05232e+06
1.27787e+07
2.63811e+07
5.29717e+07
1.09727e+08
2.28027e+08
1.80057e+08
7.83947e+07
3.29114e+07
1.30185e+07
4.76671e+06
1.63511e+06
455105
32091.4
452.268
2.11128
0.00534949
1.79773e-05
2.32495e-07
2.27492e-08
-1.40538e-10
-2.95984e-11
4.29063e-10
-2.249e-10
7.58652e-11
-6.98061e-11
-4.17886e-11
-7.01782e-12
-4.02196e-14
-4.15377e-11
-4.15301e-11
5.3433e-12
-4.15275e-11
-5.41538e-17
4.15286e-11
-5.34406e-12
5.34405e-12
-5.34405e-12
-1.05351e-19
-5.34405e-12
-6.68896e-21
-4.68714e-11
-4.13161e-22
-1.02065e-22
-2.51081e-23
-4.15274e-11
-4.15274e-11
-5.34405e-12
-5.34405e-12
-3.21945e-26
-5.34405e-12
-3.00266e-27
-3.90906e-28
)
;

boundaryField
{
    fuel
    {
        type            calculated;
        value           uniform 0;
    }
    air
    {
        type            calculated;
        value           uniform 0;
    }
    outlet
    {
        type            calculated;
        value           uniform 0;
    }
    frontAndBack
    {
        type            empty;
    }
}


// ************************************************************************* //
