/*--------------------------------*- C++ -*----------------------------------*\
  =========                 |
  \\      /  F ield         | OpenFOAM: The Open Source CFD Toolbox
   \\    /   O peration     | Website:  https://openfoam.org
    \\  /    A nd           | Version:  11
     \\/     M anipulation  |
\*---------------------------------------------------------------------------*/
FoamFile
{
    format      ascii;
    class       volScalarField;
    location    "0.1";
    object      rho;
}
// * * * * * * * * * * * * * * * * * * * * * * * * * * * * * * * * * * * * * //

dimensions      [1 -3 0 0 0 0 0];

internalField   nonuniform List<scalar> 
4000
(
0.658534
0.658534
0.658534
0.658534
0.658534
0.658534
0.658534
0.658534
0.658534
0.658534
0.658534
0.658534
0.658534
0.658534
0.658534
0.658533
0.658532
0.658529
0.658519
0.658491
0.658409
0.658183
0.657587
0.656089
0.65253
0.644672
0.628911
0.60143
0.561854
0.514064
0.464645
0.418979
0.379532
0.346486
0.318989
0.29598
0.276507
0.259805
0.245357
0.232622
0.221278
0.211093
0.201892
0.193547
0.185961
0.179066
0.172821
0.167223
0.162313
0.158294
0.15549
0.15431
0.156535
0.166381
0.184343
0.209168
0.241188
0.281606
0.332067
0.394841
0.480585
0.589365
0.719808
0.860234
0.988209
1.08107
1.1349
1.16196
1.17439
1.17982
1.18213
1.1831
1.18352
1.1837
1.18377
1.1838
1.18382
1.18382
1.18382
1.18382
1.18382
1.18382
1.18382
1.18382
1.18382
1.18382
1.18382
1.18382
1.18382
1.18382
1.18382
1.18382
1.18382
1.18382
1.18382
1.18382
1.18382
1.18382
1.18382
1.18382
0.658534
0.658534
0.658534
0.658534
0.658534
0.658534
0.658534
0.658534
0.658534
0.658534
0.658534
0.658534
0.658534
0.658534
0.658534
0.658533
0.658532
0.658528
0.658517
0.658483
0.658387
0.658127
0.657452
0.655786
0.651905
0.643508
0.627019
0.599053
0.559494
0.512342
0.463753
0.418748
0.379668
0.346793
0.319386
0.296405
0.276935
0.260258
0.245784
0.233004
0.221605
0.211359
0.202097
0.193691
0.186046
0.179098
0.172811
0.167177
0.162245
0.158232
0.155457
0.154359
0.156791
0.167168
0.185567
0.210832
0.243325
0.284247
0.335151
0.398363
0.484363
0.592436
0.720888
0.858487
0.98374
1.07641
1.13145
1.15987
1.17327
1.17926
1.18186
1.18298
1.18347
1.18367
1.18376
1.1838
1.18381
1.18382
1.18382
1.18382
1.18382
1.18382
1.18382
1.18382
1.18382
1.18382
1.18382
1.18382
1.18382
1.18382
1.18382
1.18382
1.18382
1.18382
1.18382
1.18382
1.18382
1.18382
1.18382
1.18382
0.658534
0.658534
0.658534
0.658534
0.658534
0.658534
0.658534
0.658534
0.658534
0.658534
0.658534
0.658534
0.658534
0.658534
0.658534
0.658533
0.658532
0.658528
0.658515
0.658479
0.658377
0.658102
0.657394
0.655655
0.651634
0.643001
0.626183
0.597953
0.558285
0.51118
0.462821
0.418146
0.3794
0.346771
0.319493
0.296588
0.277144
0.260465
0.245984
0.23319
0.221769
0.211496
0.202202
0.193761
0.18608
0.179098
0.172776
0.167113
0.162161
0.158158
0.155414
0.1544
0.15704
0.167937
0.186734
0.212355
0.245175
0.286363
0.33738
0.400593
0.486268
0.593503
0.720606
0.856414
0.980931
1.07399
1.12979
1.15889
1.17275
1.179
1.18174
1.18292
1.18344
1.18366
1.18375
1.18379
1.18381
1.18382
1.18382
1.18382
1.18382
1.18382
1.18382
1.18382
1.18382
1.18382
1.18382
1.18382
1.18382
1.18382
1.18382
1.18382
1.18382
1.18382
1.18382
1.18382
1.18382
1.18382
1.18382
1.18382
0.658534
0.658534
0.658534
0.658534
0.658534
0.658534
0.658534
0.658534
0.658534
0.658534
0.658534
0.658534
0.658534
0.658534
0.658534
0.658533
0.658532
0.658527
0.658513
0.658474
0.658364
0.658071
0.65732
0.655493
0.651307
0.642404
0.625233
0.596764
0.557075
0.510181
0.462131
0.417735
0.379194
0.346704
0.319515
0.29665
0.277232
0.260553
0.24607
0.233271
0.22184
0.211552
0.20224
0.19378
0.186079
0.179073
0.17273
0.167049
0.162088
0.158097
0.155377
0.154424
0.157207
0.168457
0.187512
0.213347
0.246338
0.287631
0.338628
0.401712
0.487092
0.593806
0.719972
0.854705
0.978378
1.07164
1.12808
1.15784
1.17217
1.1787
1.18159
1.18285
1.18341
1.18365
1.18375
1.18379
1.18381
1.18382
1.18382
1.18382
1.18382
1.18382
1.18382
1.18382
1.18382
1.18382
1.18382
1.18382
1.18382
1.18382
1.18382
1.18382
1.18382
1.18382
1.18382
1.18382
1.18382
1.18382
1.18382
1.18382
0.658534
0.658534
0.658534
0.658534
0.658534
0.658534
0.658534
0.658534
0.658534
0.658534
0.658534
0.658534
0.658534
0.658534
0.658534
0.658533
0.658532
0.658527
0.658512
0.658471
0.658356
0.658049
0.657269
0.655377
0.651061
0.64193
0.624418
0.59562
0.555737
0.508875
0.461041
0.416928
0.378648
0.346363
0.319326
0.296565
0.277211
0.260561
0.24609
0.233295
0.221862
0.211569
0.20225
0.193779
0.186065
0.179048
0.172693
0.167004
0.162038
0.158056
0.155352
0.154434
0.157299
0.168744
0.187928
0.213853
0.246895
0.288178
0.339078
0.401994
0.487019
0.592988
0.718127
0.85199
0.975226
1.06907
1.1264
1.15688
1.17167
1.17846
1.18147
1.18279
1.18338
1.18363
1.18374
1.18379
1.18381
1.18382
1.18382
1.18382
1.18382
1.18382
1.18382
1.18382
1.18382
1.18382
1.18382
1.18382
1.18382
1.18382
1.18382
1.18382
1.18382
1.18382
1.18382
1.18382
1.18382
1.18382
1.18382
1.18382
0.658534
0.658534
0.658534
0.658534
0.658534
0.658534
0.658534
0.658534
0.658534
0.658534
0.658534
0.658534
0.658534
0.658534
0.658534
0.658533
0.658531
0.658526
0.658511
0.658468
0.658347
0.658028
0.657218
0.655267
0.650839
0.641522
0.623761
0.594766
0.554799
0.507994
0.460308
0.416368
0.378242
0.34608
0.319136
0.296448
0.277129
0.260511
0.246063
0.23328
0.221852
0.21156
0.202239
0.193765
0.186047
0.179025
0.172667
0.166975
0.162008
0.158032
0.155336
0.154436
0.157339
0.16887
0.188101
0.214045
0.247074
0.288305
0.339087
0.401748
0.486316
0.591626
0.716026
0.849533
0.972465
1.06678
1.12491
1.15603
1.17123
1.17824
1.18137
1.18274
1.18336
1.18362
1.18374
1.18379
1.18381
1.18382
1.18382
1.18382
1.18382
1.18382
1.18382
1.18382
1.18382
1.18382
1.18382
1.18382
1.18382
1.18382
1.18382
1.18382
1.18382
1.18382
1.18382
1.18382
1.18382
1.18382
1.18382
1.18382
0.658534
0.658534
0.658534
0.658534
0.658534
0.658534
0.658534
0.658534
0.658534
0.658534
0.658534
0.658534
0.658534
0.658534
0.658534
0.658533
0.658531
0.658526
0.65851
0.658465
0.65834
0.65801
0.657176
0.65517
0.650636
0.641133
0.623102
0.593852
0.553742
0.506962
0.45943
0.415686
0.377741
0.34572
0.318877
0.296257
0.276997
0.260417
0.245995
0.23323
0.221817
0.211536
0.20222
0.193748
0.186031
0.179009
0.172651
0.166958
0.161992
0.158018
0.155326
0.154432
0.157347
0.168904
0.188139
0.214065
0.247049
0.288194
0.338823
0.401166
0.485251
0.589865
0.713374
0.846093
0.969265
1.0643
1.12337
1.15519
1.1708
1.17803
1.18127
1.1827
1.18334
1.18361
1.18373
1.18379
1.18381
1.18382
1.18382
1.18382
1.18382
1.18382
1.18382
1.18382
1.18382
1.18382
1.18382
1.18382
1.18382
1.18382
1.18382
1.18382
1.18382
1.18382
1.18382
1.18382
1.18382
1.18382
1.18382
1.18382
0.658534
0.658534
0.658534
0.658534
0.658534
0.658534
0.658534
0.658534
0.658534
0.658534
0.658534
0.658534
0.658534
0.658534
0.658534
0.658533
0.658531
0.658526
0.658509
0.658463
0.658334
0.657996
0.657141
0.655093
0.650476
0.640831
0.622595
0.593155
0.552928
0.506149
0.458711
0.415103
0.37729
0.34538
0.318623
0.296067
0.276856
0.260313
0.245917
0.233171
0.22177
0.211498
0.20219
0.193724
0.186011
0.178993
0.172637
0.166947
0.161983
0.15801
0.155319
0.154425
0.157337
0.168883
0.18809
0.213969
0.24687
0.287871
0.338307
0.400345
0.484015
0.588118
0.711143
0.843469
0.966694
1.06227
1.1221
1.15449
1.17044
1.17785
1.18119
1.18266
1.18332
1.1836
1.18373
1.18378
1.18381
1.18382
1.18382
1.18382
1.18382
1.18382
1.18382
1.18382
1.18382
1.18382
1.18382
1.18382
1.18382
1.18382
1.18382
1.18382
1.18382
1.18382
1.18382
1.18382
1.18382
1.18382
1.18382
1.18382
0.658534
0.658534
0.658534
0.658534
0.658534
0.658534
0.658534
0.658534
0.658534
0.658534
0.658534
0.658534
0.658534
0.658534
0.658534
0.658533
0.658531
0.658526
0.658509
0.658461
0.658329
0.657982
0.657107
0.655018
0.650319
0.640533
0.622098
0.592474
0.552143
0.505377
0.45804
0.414565
0.376877
0.345069
0.318389
0.295893
0.276725
0.260214
0.245842
0.233114
0.221727
0.211465
0.202165
0.193706
0.185998
0.178984
0.172632
0.166944
0.161981
0.158008
0.155315
0.154414
0.157311
0.168812
0.187967
0.213773
0.246573
0.28744
0.337697
0.399435
0.482703
0.586326
0.708974
0.84085
0.964139
1.06026
1.12085
1.1538
1.17009
1.17768
1.18111
1.18262
1.1833
1.1836
1.18373
1.18378
1.18381
1.18382
1.18382
1.18382
1.18382
1.18382
1.18382
1.18382
1.18382
1.18382
1.18382
1.18382
1.18382
1.18382
1.18382
1.18382
1.18382
1.18382
1.18382
1.18382
1.18382
1.18382
1.18382
1.18382
0.658534
0.658534
0.658534
0.658534
0.658534
0.658534
0.658534
0.658534
0.658534
0.658534
0.658534
0.658534
0.658534
0.658534
0.658534
0.658533
0.658531
0.658525
0.658508
0.658459
0.658325
0.657971
0.657082
0.654961
0.6502
0.640305
0.621709
0.591926
0.551492
0.504716
0.45745
0.41408
0.376498
0.344779
0.318169
0.295726
0.276599
0.260119
0.24577
0.233059
0.221686
0.211435
0.202144
0.193691
0.18599
0.17898
0.172631
0.166946
0.161984
0.15801
0.155314
0.154406
0.15728
0.168721
0.187815
0.213546
0.246244
0.286975
0.337061
0.398527
0.481359
0.584403
0.706389
0.838111
0.961665
1.05841
1.11974
1.1532
1.16979
1.17754
1.18104
1.18259
1.18329
1.18359
1.18373
1.18378
1.18381
1.18382
1.18382
1.18382
1.18382
1.18382
1.18382
1.18382
1.18382
1.18382
1.18382
1.18382
1.18382
1.18382
1.18382
1.18382
1.18382
1.18382
1.18382
1.18382
1.18382
1.18382
1.18382
1.18382
0.658534
0.658534
0.658534
0.658534
0.658534
0.658534
0.658534
0.658534
0.658534
0.658534
0.658534
0.658534
0.658534
0.658534
0.658534
0.658533
0.658531
0.658525
0.658508
0.658458
0.658321
0.657961
0.657058
0.654906
0.650084
0.640086
0.621342
0.591424
0.550909
0.504136
0.456937
0.41366
0.376169
0.344524
0.317971
0.295578
0.276487
0.260034
0.245705
0.233011
0.22165
0.211409
0.202126
0.193681
0.185985
0.17898
0.172634
0.166951
0.161992
0.158015
0.155316
0.154398
0.157247
0.168623
0.187653
0.213308
0.245909
0.286512
0.336442
0.397681
0.480131
0.582713
0.704286
0.835791
0.959504
1.05676
1.11872
1.15265
1.16952
1.17741
1.18098
1.18256
1.18328
1.18358
1.18372
1.18378
1.18381
1.18382
1.18382
1.18382
1.18382
1.18382
1.18382
1.18382
1.18382
1.18382
1.18382
1.18382
1.18382
1.18382
1.18382
1.18382
1.18382
1.18382
1.18382
1.18382
1.18382
1.18382
1.18382
1.18382
0.658534
0.658534
0.658534
0.658534
0.658534
0.658534
0.658534
0.658534
0.658534
0.658534
0.658534
0.658534
0.658534
0.658534
0.658534
0.658533
0.658531
0.658525
0.658507
0.658456
0.658317
0.657953
0.657039
0.654864
0.649996
0.639916
0.621052
0.591014
0.550421
0.503641
0.456493
0.413295
0.375884
0.344309
0.317816
0.295454
0.27639
0.259959
0.245648
0.232967
0.221618
0.211387
0.202112
0.193673
0.185982
0.178981
0.172639
0.166959
0.162001
0.158023
0.15532
0.15439
0.157214
0.168524
0.187493
0.213075
0.245583
0.286063
0.335837
0.396824
0.478977
0.58121
0.702418
0.833738
0.957602
1.05531
1.11784
1.15218
1.16928
1.1773
1.18093
1.18254
1.18327
1.18358
1.18372
1.18378
1.18381
1.18382
1.18382
1.18382
1.18382
1.18382
1.18382
1.18382
1.18382
1.18382
1.18382
1.18382
1.18382
1.18382
1.18382
1.18382
1.18382
1.18382
1.18382
1.18382
1.18382
1.18382
1.18382
1.18382
0.658534
0.658534
0.658534
0.658534
0.658534
0.658534
0.658534
0.658534
0.658534
0.658534
0.658534
0.658534
0.658534
0.658534
0.658534
0.658533
0.658531
0.658525
0.658507
0.658455
0.658315
0.657946
0.657022
0.654825
0.649914
0.63976
0.62079
0.590653
0.549999
0.503217
0.456116
0.412986
0.375642
0.344124
0.317673
0.295345
0.276306
0.259895
0.245599
0.232931
0.221591
0.211368
0.2021
0.193667
0.185981
0.178984
0.172646
0.166968
0.162011
0.15803
0.155323
0.154384
0.157183
0.168431
0.187342
0.212859
0.245284
0.285656
0.335299
0.396092
0.47797
0.579873
0.700775
0.831938
0.955932
1.05404
1.11707
1.15176
1.16907
1.1772
1.18088
1.18252
1.18326
1.18358
1.18372
1.18378
1.18381
1.18382
1.18382
1.18382
1.18382
1.18382
1.18382
1.18382
1.18382
1.18382
1.18382
1.18382
1.18382
1.18382
1.18382
1.18382
1.18382
1.18382
1.18382
1.18382
1.18382
1.18382
1.18382
1.18382
0.658534
0.658534
0.658534
0.658534
0.658534
0.658534
0.658534
0.658534
0.658534
0.658534
0.658534
0.658534
0.658534
0.658534
0.658534
0.658533
0.658531
0.658525
0.658506
0.658454
0.658312
0.65794
0.657008
0.654794
0.64985
0.639637
0.620581
0.590358
0.54965
0.502863
0.455798
0.412722
0.375431
0.343958
0.317543
0.295247
0.276231
0.259839
0.245557
0.232899
0.221569
0.211353
0.202091
0.193663
0.185981
0.178988
0.172652
0.166977
0.162021
0.158038
0.155328
0.154379
0.157155
0.168345
0.187205
0.212663
0.245014
0.285293
0.33482
0.395444
0.477088
0.578742
0.699343
0.830366
0.954487
1.05295
1.1164
1.1514
1.1689
1.17712
1.18084
1.1825
1.18325
1.18357
1.18372
1.18378
1.18381
1.18382
1.18382
1.18382
1.18382
1.18382
1.18382
1.18382
1.18382
1.18382
1.18382
1.18382
1.18382
1.18382
1.18382
1.18382
1.18382
1.18382
1.18382
1.18382
1.18382
1.18382
1.18382
1.18382
0.658534
0.658534
0.658534
0.658534
0.658534
0.658534
0.658534
0.658534
0.658534
0.658534
0.658534
0.658534
0.658534
0.658534
0.658534
0.658533
0.658531
0.658525
0.658506
0.658454
0.658311
0.657935
0.656997
0.654768
0.649796
0.639532
0.620404
0.590112
0.549359
0.502569
0.455534
0.412503
0.375257
0.343823
0.317439
0.295167
0.27617
0.259792
0.245522
0.232873
0.22155
0.211341
0.202084
0.19366
0.185982
0.178992
0.172659
0.166986
0.16203
0.158045
0.155331
0.154375
0.157131
0.16827
0.187085
0.212492
0.24478
0.284977
0.334405
0.394882
0.476308
0.577683
0.698088
0.829031
0.953273
1.05203
1.11584
1.1511
1.16875
1.17705
1.18081
1.18249
1.18324
1.18357
1.18372
1.18378
1.18381
1.18382
1.18382
1.18382
1.18382
1.18382
1.18382
1.18382
1.18382
1.18382
1.18382
1.18382
1.18382
1.18382
1.18382
1.18382
1.18382
1.18382
1.18382
1.18382
1.18382
1.18382
1.18382
1.18382
0.658534
0.658534
0.658534
0.658534
0.658534
0.658534
0.658534
0.658534
0.658534
0.658534
0.658534
0.658534
0.658534
0.658534
0.658534
0.658533
0.658531
0.658525
0.658506
0.658453
0.658309
0.657932
0.656988
0.654748
0.649752
0.63945
0.620263
0.589915
0.549126
0.502333
0.455321
0.412326
0.375117
0.343714
0.317355
0.295103
0.276121
0.259755
0.245494
0.232853
0.221536
0.211331
0.202078
0.193658
0.185984
0.178996
0.172665
0.166993
0.162038
0.158052
0.155335
0.154371
0.157111
0.168207
0.186983
0.212348
0.244584
0.284714
0.33406
0.394416
0.475669
0.576841
0.697064
0.82793
0.952275
1.05128
1.11539
1.15086
1.16863
1.17699
1.18079
1.18247
1.18324
1.18357
1.18372
1.18378
1.18381
1.18382
1.18382
1.18382
1.18382
1.18382
1.18382
1.18382
1.18382
1.18382
1.18382
1.18382
1.18382
1.18382
1.18382
1.18382
1.18382
1.18382
1.18382
1.18382
1.18382
1.18382
1.18382
1.18382
0.658534
0.658534
0.658534
0.658534
0.658534
0.658534
0.658534
0.658534
0.658534
0.658534
0.658534
0.658534
0.658534
0.658534
0.658534
0.658533
0.658531
0.658525
0.658506
0.658453
0.658308
0.657929
0.656981
0.654732
0.649719
0.639385
0.620153
0.589761
0.548945
0.502149
0.455156
0.412189
0.375008
0.34363
0.31729
0.295053
0.276083
0.259726
0.245473
0.232837
0.221525
0.211324
0.202075
0.193657
0.185985
0.179
0.17267
0.167
0.162045
0.158057
0.155338
0.154368
0.157094
0.168155
0.186902
0.212233
0.244427
0.284504
0.333783
0.394045
0.475158
0.576166
0.696238
0.827041
0.951471
1.05069
1.11504
1.15067
1.16853
1.17695
1.18077
1.18247
1.18323
1.18356
1.18372
1.18378
1.18381
1.18382
1.18382
1.18382
1.18382
1.18382
1.18382
1.18382
1.18382
1.18382
1.18382
1.18382
1.18382
1.18382
1.18382
1.18382
1.18382
1.18382
1.18382
1.18382
1.18382
1.18382
1.18382
1.18382
0.658534
0.658534
0.658534
0.658534
0.658534
0.658534
0.658534
0.658534
0.658534
0.658534
0.658534
0.658534
0.658534
0.658534
0.658534
0.658533
0.658531
0.658525
0.658506
0.658452
0.658307
0.657927
0.656976
0.65472
0.649694
0.639337
0.620073
0.589649
0.548812
0.502014
0.455035
0.412089
0.374929
0.343568
0.317242
0.295016
0.276055
0.259705
0.245457
0.232826
0.221517
0.211319
0.202072
0.193657
0.185987
0.179003
0.172675
0.167005
0.162051
0.158062
0.155341
0.154367
0.157082
0.168117
0.186841
0.212147
0.24431
0.284347
0.333577
0.393767
0.474774
0.575654
0.69561
0.826361
0.950856
1.05024
1.11478
1.15054
1.16847
1.17692
1.18075
1.18246
1.18323
1.18356
1.18372
1.18378
1.18381
1.18382
1.18382
1.18382
1.18382
1.18382
1.18382
1.18382
1.18382
1.18382
1.18382
1.18382
1.18382
1.18382
1.18382
1.18382
1.18382
1.18382
1.18382
1.18382
1.18382
1.18382
1.18382
1.18382
0.658534
0.658534
0.658534
0.658534
0.658534
0.658534
0.658534
0.658534
0.658534
0.658534
0.658534
0.658534
0.658534
0.658534
0.658534
0.658533
0.658531
0.658525
0.658506
0.658452
0.658307
0.657925
0.656972
0.654713
0.649678
0.639307
0.620022
0.589577
0.548727
0.501928
0.454958
0.412024
0.374877
0.343528
0.317211
0.294993
0.276037
0.259692
0.245447
0.232818
0.221512
0.211316
0.202071
0.193657
0.185988
0.179005
0.172678
0.167008
0.162054
0.158065
0.155343
0.154366
0.157074
0.168092
0.186801
0.212091
0.244234
0.284245
0.333444
0.393587
0.474527
0.57533
0.69521
0.825924
0.950456
1.04995
1.11461
1.15045
1.16843
1.1769
1.18074
1.18245
1.18323
1.18356
1.18371
1.18378
1.18381
1.18382
1.18382
1.18382
1.18382
1.18382
1.18382
1.18382
1.18382
1.18382
1.18382
1.18382
1.18382
1.18382
1.18382
1.18382
1.18382
1.18382
1.18382
1.18382
1.18382
1.18382
1.18382
1.18382
0.658534
0.658534
0.658534
0.658534
0.658534
0.658534
0.658534
0.658534
0.658534
0.658534
0.658534
0.658534
0.658534
0.658534
0.658534
0.658533
0.658531
0.658525
0.658506
0.658452
0.658306
0.657925
0.656971
0.654709
0.649671
0.639294
0.619999
0.589545
0.548689
0.501889
0.454922
0.411994
0.374853
0.34351
0.317197
0.294982
0.276029
0.259685
0.245442
0.232815
0.22151
0.211315
0.20207
0.193657
0.185989
0.179006
0.172679
0.16701
0.162056
0.158066
0.155344
0.154365
0.157071
0.168081
0.186782
0.212064
0.244197
0.284196
0.33338
0.393502
0.474409
0.575173
0.695019
0.825718
0.950269
1.04981
1.11453
1.15041
1.16841
1.17689
1.18074
1.18245
1.18323
1.18356
1.18371
1.18378
1.18381
1.18382
1.18382
1.18382
1.18382
1.18382
1.18382
1.18382
1.18382
1.18382
1.18382
1.18382
1.18382
1.18382
1.18382
1.18382
1.18382
1.18382
1.18382
1.18382
1.18382
1.18382
1.18382
1.18382
0.658534
0.658534
0.658534
0.658534
0.658534
0.658534
0.658534
0.658534
0.658534
0.658534
0.658534
0.658534
0.658534
0.658534
0.658534
0.658533
0.658531
0.658525
0.658506
0.658452
0.658306
0.657925
0.656971
0.654709
0.649671
0.639294
0.619999
0.589545
0.548689
0.501889
0.454922
0.411994
0.374853
0.343509
0.317197
0.294982
0.276029
0.259685
0.245442
0.232815
0.22151
0.211315
0.20207
0.193657
0.185989
0.179006
0.172679
0.16701
0.162056
0.158066
0.155344
0.154365
0.157071
0.168081
0.186783
0.212066
0.244199
0.284199
0.333383
0.393505
0.474413
0.575177
0.695023
0.825722
0.950273
1.04982
1.11453
1.15041
1.16841
1.17689
1.18074
1.18245
1.18323
1.18356
1.18371
1.18378
1.18381
1.18382
1.18382
1.18382
1.18382
1.18382
1.18382
1.18382
1.18382
1.18382
1.18382
1.18382
1.18382
1.18382
1.18382
1.18382
1.18382
1.18382
1.18382
1.18382
1.18382
1.18382
1.18382
1.18382
0.658534
0.658534
0.658534
0.658534
0.658534
0.658534
0.658534
0.658534
0.658534
0.658534
0.658534
0.658534
0.658534
0.658534
0.658534
0.658533
0.658531
0.658525
0.658506
0.658452
0.658307
0.657925
0.656972
0.654712
0.649678
0.639307
0.620021
0.589576
0.548726
0.501927
0.454957
0.412023
0.374877
0.343528
0.317211
0.294992
0.276037
0.259692
0.245447
0.232818
0.221512
0.211316
0.202071
0.193657
0.185988
0.179005
0.172678
0.167009
0.162055
0.158065
0.155343
0.154366
0.157076
0.168095
0.186805
0.212095
0.244239
0.284252
0.333452
0.393597
0.47454
0.575342
0.695223
0.825937
0.950467
1.04996
1.11461
1.15045
1.16843
1.1769
1.18074
1.18246
1.18323
1.18356
1.18372
1.18378
1.18381
1.18382
1.18382
1.18382
1.18382
1.18382
1.18382
1.18382
1.18382
1.18382
1.18382
1.18382
1.18382
1.18382
1.18382
1.18382
1.18382
1.18382
1.18382
1.18382
1.18382
1.18382
1.18382
1.18382
0.658534
0.658534
0.658534
0.658534
0.658534
0.658534
0.658534
0.658534
0.658534
0.658534
0.658534
0.658534
0.658534
0.658534
0.658534
0.658533
0.658531
0.658525
0.658506
0.658452
0.658307
0.657927
0.656975
0.65472
0.649694
0.639337
0.620072
0.589648
0.54881
0.502013
0.455034
0.412087
0.374928
0.343567
0.317242
0.295016
0.276055
0.259705
0.245457
0.232826
0.221517
0.211319
0.202072
0.193657
0.185987
0.179003
0.172675
0.167005
0.162051
0.158062
0.155342
0.154368
0.157084
0.168122
0.186847
0.212155
0.24432
0.284359
0.333593
0.393787
0.474801
0.575687
0.695646
0.826395
0.950884
1.05026
1.11479
1.15054
1.16847
1.17692
1.18075
1.18246
1.18323
1.18356
1.18372
1.18378
1.18381
1.18382
1.18382
1.18382
1.18382
1.18382
1.18382
1.18382
1.18382
1.18382
1.18382
1.18382
1.18382
1.18382
1.18382
1.18382
1.18382
1.18382
1.18382
1.18382
1.18382
1.18382
1.18382
1.18382
0.658534
0.658534
0.658534
0.658534
0.658534
0.658534
0.658534
0.658534
0.658534
0.658534
0.658534
0.658534
0.658534
0.658534
0.658534
0.658533
0.658531
0.658525
0.658506
0.658453
0.658308
0.657929
0.656981
0.654731
0.649718
0.639384
0.620152
0.589759
0.548943
0.502147
0.455154
0.412188
0.375007
0.343629
0.317289
0.295052
0.276083
0.259726
0.245472
0.232837
0.221525
0.211324
0.202075
0.193657
0.185985
0.179
0.172671
0.167
0.162046
0.158058
0.155339
0.15437
0.157097
0.168162
0.186911
0.212244
0.244441
0.284521
0.333804
0.39407
0.475189
0.576206
0.696284
0.827086
0.951508
1.05072
1.11505
1.15068
1.16854
1.17695
1.18077
1.18247
1.18323
1.18356
1.18372
1.18378
1.18381
1.18382
1.18382
1.18382
1.18382
1.18382
1.18382
1.18382
1.18382
1.18382
1.18382
1.18382
1.18382
1.18382
1.18382
1.18382
1.18382
1.18382
1.18382
1.18382
1.18382
1.18382
1.18382
1.18382
0.658534
0.658534
0.658534
0.658534
0.658534
0.658534
0.658534
0.658534
0.658534
0.658534
0.658534
0.658534
0.658534
0.658534
0.658534
0.658533
0.658531
0.658525
0.658506
0.658453
0.658309
0.657932
0.656988
0.654748
0.649752
0.639449
0.620262
0.589913
0.549124
0.50233
0.455319
0.412324
0.375116
0.343713
0.317354
0.295102
0.276121
0.259755
0.245494
0.232853
0.221536
0.211331
0.202078
0.193658
0.185984
0.178996
0.172665
0.166994
0.162039
0.158053
0.155337
0.154373
0.157115
0.168215
0.186994
0.212362
0.244602
0.284736
0.334086
0.394449
0.475709
0.57689
0.697118
0.827983
0.952319
1.05131
1.11541
1.15087
1.16863
1.17699
1.18079
1.18247
1.18324
1.18357
1.18372
1.18378
1.18381
1.18382
1.18382
1.18382
1.18382
1.18382
1.18382
1.18382
1.18382
1.18382
1.18382
1.18382
1.18382
1.18382
1.18382
1.18382
1.18382
1.18382
1.18382
1.18382
1.18382
1.18382
1.18382
1.18382
0.658534
0.658534
0.658534
0.658534
0.658534
0.658534
0.658534
0.658534
0.658534
0.658534
0.658534
0.658534
0.658534
0.658534
0.658534
0.658533
0.658531
0.658525
0.658506
0.658454
0.658311
0.657935
0.656997
0.654768
0.649795
0.639531
0.620402
0.590109
0.549356
0.502566
0.455531
0.412501
0.375255
0.343822
0.317438
0.295166
0.27617
0.259792
0.245522
0.232873
0.22155
0.211341
0.202083
0.19366
0.185982
0.178992
0.172659
0.166986
0.162031
0.158047
0.155333
0.154378
0.157136
0.16828
0.187098
0.212509
0.244801
0.285003
0.334435
0.394918
0.476351
0.577734
0.698145
0.829088
0.953321
1.05206
1.11586
1.15111
1.16875
1.17705
1.18081
1.18249
1.18324
1.18357
1.18372
1.18378
1.18381
1.18382
1.18382
1.18382
1.18382
1.18382
1.18382
1.18382
1.18382
1.18382
1.18382
1.18382
1.18382
1.18382
1.18382
1.18382
1.18382
1.18382
1.18382
1.18382
1.18382
1.18382
1.18382
1.18382
0.658534
0.658534
0.658534
0.658534
0.658534
0.658534
0.658534
0.658534
0.658534
0.658534
0.658534
0.658534
0.658534
0.658534
0.658534
0.658533
0.658531
0.658525
0.658506
0.658454
0.658312
0.65794
0.657008
0.654794
0.64985
0.639636
0.620579
0.590356
0.549647
0.50286
0.455795
0.412719
0.375429
0.343957
0.317542
0.295246
0.276231
0.259838
0.245557
0.232899
0.221569
0.211353
0.202091
0.193663
0.185981
0.178988
0.172653
0.166978
0.162022
0.15804
0.15533
0.154383
0.157161
0.168357
0.187221
0.212683
0.245038
0.285321
0.334853
0.39548
0.477121
0.578747
0.699379
0.830418
0.954537
1.05298
1.11642
1.15141
1.1689
1.17712
1.18084
1.1825
1.18325
1.18357
1.18372
1.18378
1.18381
1.18382
1.18382
1.18382
1.18382
1.18382
1.18382
1.18382
1.18382
1.18382
1.18382
1.18382
1.18382
1.18382
1.18382
1.18382
1.18382
1.18382
1.18382
1.18382
1.18382
1.18382
1.18382
1.18382
0.658534
0.658534
0.658534
0.658534
0.658534
0.658534
0.658534
0.658534
0.658534
0.658534
0.658534
0.658534
0.658534
0.658534
0.658534
0.658533
0.658531
0.658525
0.658507
0.658455
0.658315
0.657946
0.657022
0.654824
0.649914
0.639759
0.620788
0.590649
0.549995
0.503213
0.456113
0.412983
0.37564
0.344123
0.317672
0.295344
0.276305
0.259894
0.245599
0.23293
0.221591
0.211368
0.2021
0.193667
0.185981
0.178985
0.172646
0.166969
0.162012
0.158033
0.155326
0.154388
0.15719
0.168444
0.187361
0.212882
0.245312
0.28569
0.33534
0.396145
0.478049
0.580016
0.700888
0.832027
0.956
1.05408
1.11709
1.15177
1.16908
1.1772
1.18088
1.18252
1.18326
1.18357
1.18372
1.18378
1.18381
1.18382
1.18382
1.18382
1.18382
1.18382
1.18382
1.18382
1.18382
1.18382
1.18382
1.18382
1.18382
1.18382
1.18382
1.18382
1.18382
1.18382
1.18382
1.18382
1.18382
1.18382
1.18382
1.18382
0.658534
0.658534
0.658534
0.658534
0.658534
0.658534
0.658534
0.658534
0.658534
0.658534
0.658534
0.658534
0.658534
0.658534
0.658534
0.658533
0.658531
0.658525
0.658507
0.658456
0.658317
0.657953
0.657039
0.654863
0.649995
0.639914
0.621049
0.59101
0.550417
0.503636
0.456489
0.413292
0.375881
0.344307
0.317814
0.295453
0.276389
0.259958
0.245648
0.232967
0.221618
0.211387
0.202111
0.193673
0.185982
0.178982
0.17264
0.16696
0.162002
0.158025
0.155323
0.154395
0.157222
0.168539
0.187514
0.213102
0.245616
0.286103
0.335885
0.396884
0.479051
0.581291
0.70252
0.833841
0.957686
1.05537
1.11787
1.15219
1.16929
1.1773
1.18093
1.18254
1.18327
1.18358
1.18372
1.18378
1.18381
1.18382
1.18382
1.18382
1.18382
1.18382
1.18382
1.18382
1.18382
1.18382
1.18382
1.18382
1.18382
1.18382
1.18382
1.18382
1.18382
1.18382
1.18382
1.18382
1.18382
1.18382
1.18382
1.18382
0.658534
0.658534
0.658534
0.658534
0.658534
0.658534
0.658534
0.658534
0.658534
0.658534
0.658534
0.658534
0.658534
0.658534
0.658534
0.658533
0.658531
0.658525
0.658508
0.658457
0.658321
0.657961
0.657057
0.654905
0.650083
0.640084
0.621339
0.591419
0.550904
0.504131
0.456932
0.413656
0.376166
0.344522
0.317969
0.295577
0.276486
0.260033
0.245705
0.23301
0.22165
0.211409
0.202126
0.193681
0.185985
0.17898
0.172635
0.166953
0.161993
0.158018
0.15532
0.154403
0.157255
0.16864
0.187677
0.213338
0.245945
0.286556
0.336495
0.397746
0.480214
0.582815
0.704402
0.835905
0.959598
1.05682
1.11876
1.15267
1.16953
1.17742
1.18098
1.18256
1.18328
1.18358
1.18372
1.18378
1.18381
1.18382
1.18382
1.18382
1.18382
1.18382
1.18382
1.18382
1.18382
1.18382
1.18382
1.18382
1.18382
1.18382
1.18382
1.18382
1.18382
1.18382
1.18382
1.18382
1.18382
1.18382
1.18382
1.18382
0.658534
0.658534
0.658534
0.658534
0.658534
0.658534
0.658534
0.658534
0.658534
0.658534
0.658534
0.658534
0.658534
0.658534
0.658534
0.658533
0.658531
0.658525
0.658508
0.658459
0.658325
0.657971
0.657082
0.654961
0.650199
0.640303
0.621705
0.591921
0.551486
0.50471
0.457444
0.414075
0.376494
0.344776
0.318168
0.295725
0.276598
0.260118
0.245769
0.233059
0.221686
0.211435
0.202144
0.193691
0.18599
0.17898
0.172632
0.166947
0.161986
0.158013
0.155318
0.154411
0.157289
0.16874
0.187841
0.213579
0.246285
0.287025
0.33712
0.398602
0.481447
0.584499
0.706502
0.838227
0.961764
1.05848
1.11978
1.15322
1.1698
1.17755
1.18104
1.18259
1.18329
1.18359
1.18373
1.18378
1.18381
1.18382
1.18382
1.18382
1.18382
1.18382
1.18382
1.18382
1.18382
1.18382
1.18382
1.18382
1.18382
1.18382
1.18382
1.18382
1.18382
1.18382
1.18382
1.18382
1.18382
1.18382
1.18382
1.18382
0.658534
0.658534
0.658534
0.658534
0.658534
0.658534
0.658534
0.658534
0.658534
0.658534
0.658534
0.658534
0.658534
0.658534
0.658534
0.658533
0.658531
0.658526
0.658509
0.658461
0.658329
0.657981
0.657107
0.655017
0.650317
0.640531
0.622094
0.592468
0.552136
0.505369
0.458033
0.414559
0.376873
0.345065
0.318386
0.295891
0.276723
0.260213
0.245841
0.233113
0.221727
0.211465
0.202165
0.193706
0.185998
0.178984
0.172632
0.166945
0.161982
0.158011
0.155319
0.154421
0.157321
0.168832
0.187995
0.213809
0.246617
0.287493
0.33776
0.399512
0.4828
0.586442
0.709106
0.840982
0.96425
1.06033
1.1209
1.15382
1.1701
1.17769
1.18111
1.18262
1.1833
1.1836
1.18373
1.18378
1.18381
1.18382
1.18382
1.18382
1.18382
1.18382
1.18382
1.18382
1.18382
1.18382
1.18382
1.18382
1.18382
1.18382
1.18382
1.18382
1.18382
1.18382
1.18382
1.18382
1.18382
1.18382
1.18382
1.18382
0.658534
0.658534
0.658534
0.658534
0.658534
0.658534
0.658534
0.658534
0.658534
0.658534
0.658534
0.658534
0.658534
0.658534
0.658534
0.658533
0.658531
0.658526
0.658509
0.658463
0.658334
0.657995
0.657141
0.655092
0.650474
0.640828
0.62259
0.593148
0.552919
0.50614
0.458704
0.415097
0.377285
0.345376
0.31862
0.296065
0.276854
0.260311
0.245916
0.23317
0.22177
0.211498
0.202189
0.193724
0.186011
0.178993
0.172638
0.166948
0.161984
0.158013
0.155323
0.154431
0.157348
0.168904
0.188119
0.214004
0.246909
0.287922
0.33837
0.400426
0.48412
0.588252
0.711312
0.843628
0.966821
1.06235
1.12215
1.15451
1.17045
1.17786
1.18119
1.18266
1.18332
1.1836
1.18373
1.18378
1.18381
1.18382
1.18382
1.18382
1.18382
1.18382
1.18382
1.18382
1.18382
1.18382
1.18382
1.18382
1.18382
1.18382
1.18382
1.18382
1.18382
1.18382
1.18382
1.18382
1.18382
1.18382
1.18382
1.18382
0.658534
0.658534
0.658534
0.658534
0.658534
0.658534
0.658534
0.658534
0.658534
0.658534
0.658534
0.658534
0.658534
0.658534
0.658534
0.658533
0.658531
0.658526
0.65851
0.658465
0.65834
0.65801
0.657175
0.65517
0.650634
0.64113
0.623096
0.593844
0.553732
0.506952
0.459421
0.415679
0.377735
0.345715
0.318873
0.296253
0.276994
0.260415
0.245994
0.23323
0.221816
0.211535
0.20222
0.193748
0.186031
0.17901
0.172652
0.16696
0.161994
0.158022
0.155331
0.154439
0.157359
0.168929
0.188173
0.21411
0.247108
0.288261
0.338899
0.40126
0.485364
0.589995
0.713504
0.84623
0.969381
1.06438
1.12342
1.15521
1.17081
1.17803
1.18127
1.18269
1.18334
1.18361
1.18374
1.18379
1.18381
1.18382
1.18382
1.18382
1.18382
1.18382
1.18382
1.18382
1.18382
1.18382
1.18382
1.18382
1.18382
1.18382
1.18382
1.18382
1.18382
1.18382
1.18382
1.18382
1.18382
1.18382
1.18382
1.18382
0.658534
0.658534
0.658534
0.658534
0.658534
0.658534
0.658534
0.658534
0.658534
0.658534
0.658534
0.658534
0.658534
0.658534
0.658534
0.658533
0.658531
0.658526
0.658511
0.658468
0.658347
0.658028
0.657218
0.655266
0.650837
0.641518
0.623755
0.594757
0.554789
0.507983
0.460298
0.416359
0.378236
0.346075
0.319133
0.296446
0.277127
0.260509
0.246062
0.233279
0.221852
0.21156
0.202239
0.193765
0.186048
0.179026
0.172668
0.166976
0.162011
0.158036
0.155342
0.154444
0.157352
0.168897
0.188138
0.214093
0.247134
0.288377
0.339172
0.401853
0.486443
0.591773
0.716186
0.849689
0.972585
1.06685
1.12495
1.15605
1.17124
1.17824
1.18137
1.18274
1.18336
1.18362
1.18374
1.18379
1.18381
1.18382
1.18382
1.18382
1.18382
1.18382
1.18382
1.18382
1.18382
1.18382
1.18382
1.18382
1.18382
1.18382
1.18382
1.18382
1.18382
1.18382
1.18382
1.18382
1.18382
1.18382
1.18382
1.18382
0.658534
0.658534
0.658534
0.658534
0.658534
0.658534
0.658534
0.658534
0.658534
0.658534
0.658534
0.658534
0.658534
0.658534
0.658534
0.658533
0.658532
0.658527
0.658512
0.658471
0.658356
0.658049
0.657268
0.655376
0.651059
0.641926
0.624411
0.59561
0.555725
0.508863
0.46103
0.416919
0.378641
0.346358
0.319322
0.296562
0.277209
0.26056
0.246089
0.233294
0.221861
0.211569
0.20225
0.193779
0.186066
0.179048
0.172694
0.167006
0.162041
0.158061
0.155358
0.154443
0.157314
0.168774
0.187969
0.213906
0.246959
0.288257
0.339171
0.402112
0.487168
0.593164
0.718327
0.852221
0.97539
1.06917
1.12645
1.15691
1.17168
1.17846
1.18147
1.18279
1.18338
1.18363
1.18374
1.18379
1.18381
1.18382
1.18382
1.18382
1.18382
1.18382
1.18382
1.18382
1.18382
1.18382
1.18382
1.18382
1.18382
1.18382
1.18382
1.18382
1.18382
1.18382
1.18382
1.18382
1.18382
1.18382
1.18382
1.18382
0.658534
0.658534
0.658534
0.658534
0.658534
0.658534
0.658534
0.658534
0.658534
0.658534
0.658534
0.658534
0.658534
0.658534
0.658534
0.658533
0.658532
0.658527
0.658513
0.658474
0.658364
0.658071
0.657319
0.655492
0.651304
0.642399
0.625225
0.596753
0.557062
0.510167
0.462119
0.417725
0.379186
0.346698
0.319511
0.296647
0.27723
0.260551
0.246069
0.23327
0.221839
0.211551
0.20224
0.19378
0.186079
0.179074
0.172731
0.167051
0.162091
0.158102
0.155383
0.154433
0.157223
0.168491
0.187558
0.213405
0.24641
0.287717
0.338729
0.401839
0.487246
0.593991
0.720169
0.854872
0.978531
1.07174
1.12813
1.15786
1.17218
1.17871
1.18159
1.18284
1.18341
1.18364
1.18375
1.18379
1.18381
1.18382
1.18382
1.18382
1.18382
1.18382
1.18382
1.18382
1.18382
1.18382
1.18382
1.18382
1.18382
1.18382
1.18382
1.18382
1.18382
1.18382
1.18382
1.18382
1.18382
1.18382
1.18382
1.18382
0.658534
0.658534
0.658534
0.658534
0.658534
0.658534
0.658534
0.658534
0.658534
0.658534
0.658534
0.658534
0.658534
0.658534
0.658534
0.658533
0.658532
0.658528
0.658515
0.658479
0.658377
0.658102
0.657393
0.655654
0.651632
0.642996
0.626174
0.597941
0.55827
0.511164
0.462807
0.418134
0.379391
0.346764
0.319487
0.296584
0.277141
0.260463
0.245983
0.233189
0.221768
0.211495
0.202201
0.19376
0.18608
0.179099
0.172777
0.167115
0.162164
0.158163
0.15542
0.15441
0.157058
0.167973
0.186784
0.212419
0.245254
0.286458
0.337493
0.400732
0.486435
0.593697
0.72081
0.856582
0.981045
1.07408
1.12984
1.15892
1.17276
1.179
1.18174
1.18292
1.18344
1.18366
1.18376
1.18379
1.18381
1.18382
1.18382
1.18382
1.18382
1.18382
1.18382
1.18382
1.18382
1.18382
1.18382
1.18382
1.18382
1.18382
1.18382
1.18382
1.18382
1.18382
1.18382
1.18382
1.18382
1.18382
1.18382
1.18382
0.658534
0.658534
0.658534
0.658534
0.658534
0.658534
0.658534
0.658534
0.658534
0.658534
0.658534
0.658534
0.658534
0.658534
0.658534
0.658533
0.658532
0.658528
0.658516
0.658483
0.658387
0.658127
0.657452
0.655785
0.651902
0.643502
0.627009
0.599039
0.559477
0.512325
0.463738
0.418735
0.379658
0.346785
0.31938
0.2964
0.276931
0.260255
0.245782
0.233003
0.221603
0.211357
0.202096
0.19369
0.186046
0.179098
0.172812
0.167179
0.162248
0.158237
0.155464
0.15437
0.156811
0.167207
0.185621
0.210901
0.243411
0.28435
0.335273
0.398514
0.484547
0.592651
0.72112
0.858705
0.983923
1.07652
1.1315
1.15989
1.17328
1.17926
1.18186
1.18298
1.18347
1.18367
1.18376
1.1838
1.18381
1.18382
1.18382
1.18382
1.18382
1.18382
1.18382
1.18382
1.18382
1.18382
1.18382
1.18382
1.18382
1.18382
1.18382
1.18382
1.18382
1.18382
1.18382
1.18382
1.18382
1.18382
1.18382
1.18382
0.658534
0.658534
0.658534
0.658534
0.658534
0.658534
0.658534
0.658534
0.658534
0.658534
0.658534
0.658534
0.658534
0.658534
0.658534
0.658533
0.658532
0.658529
0.658519
0.658491
0.658409
0.658183
0.657587
0.656087
0.652527
0.644667
0.628901
0.601414
0.561835
0.514044
0.464626
0.418963
0.37952
0.346477
0.318982
0.295975
0.276503
0.259802
0.245354
0.23262
0.221276
0.211091
0.201891
0.193547
0.185961
0.179066
0.172823
0.167225
0.162317
0.1583
0.155498
0.154323
0.156557
0.166424
0.184403
0.209244
0.24128
0.281718
0.3322
0.395005
0.480788
0.589607
0.720073
0.860492
0.988419
1.0812
1.13497
1.16199
1.1744
1.17982
1.18213
1.1831
1.18352
1.1837
1.18377
1.1838
1.18382
1.18382
1.18382
1.18382
1.18382
1.18382
1.18382
1.18382
1.18382
1.18382
1.18382
1.18382
1.18382
1.18382
1.18382
1.18382
1.18382
1.18382
1.18382
1.18382
1.18382
1.18382
1.18382
1.18382
)
;

boundaryField
{
    fuel
    {
        type            calculated;
        value           nonuniform List<scalar> 
40
(
0.658534
0.658534
0.658534
0.658534
0.658534
0.658534
0.658534
0.658534
0.658534
0.658534
0.658534
0.658534
0.658534
0.658534
0.658534
0.658534
0.658534
0.658534
0.658534
0.658534
0.658534
0.658534
0.658534
0.658534
0.658534
0.658534
0.658534
0.658534
0.658534
0.658534
0.658534
0.658534
0.658534
0.658534
0.658534
0.658534
0.658534
0.658534
0.658534
0.658534
)
;
    }
    air
    {
        type            calculated;
        value           nonuniform List<scalar> 
40
(
1.18382
1.18382
1.18382
1.18382
1.18382
1.18382
1.18382
1.18382
1.18382
1.18382
1.18382
1.18382
1.18382
1.18382
1.18382
1.18382
1.18382
1.18382
1.18382
1.18382
1.18382
1.18382
1.18382
1.18382
1.18382
1.18382
1.18382
1.18382
1.18382
1.18382
1.18382
1.18382
1.18382
1.18382
1.18382
1.18382
1.18382
1.18382
1.18382
1.18382
)
;
    }
    outlet
    {
        type            calculated;
        value           nonuniform List<scalar> 
200
(
0.658534
0.658534
0.658534
0.658534
0.658534
0.658534
0.658534
0.658534
0.658534
0.658534
0.658534
0.658534
0.658534
0.658534
0.658534
0.658533
0.658532
0.658529
0.658519
0.658491
0.658409
0.658184
0.65759
0.656094
0.652544
0.644704
0.628975
0.601535
0.562
0.514235
0.464821
0.419145
0.379682
0.34662
0.319108
0.296086
0.276602
0.25989
0.245434
0.232692
0.221342
0.21115
0.201945
0.193595
0.186004
0.179105
0.172857
0.167254
0.162341
0.158316
0.155506
0.154317
0.156526
0.16633
0.184263
0.209059
0.241045
0.281422
0.331834
0.394534
0.480178
0.588843
0.71919
0.859593
0.987662
1.08068
1.13466
1.16182
1.17432
1.17978
1.18211
1.18309
1.18351
1.1837
1.18376
1.1838
1.18382
1.18382
1.18382
1.18382
1.18382
1.18382
1.18382
1.18382
1.18382
1.18382
1.18382
1.18382
1.18382
1.18382
1.18382
1.18382
1.18382
1.18382
1.18382
1.18382
1.18382
1.18382
1.18382
1.18382
0.658534
0.658534
0.658534
0.658534
0.658534
0.658534
0.658534
0.658534
0.658534
0.658534
0.658534
0.658534
0.658534
0.658534
0.658534
0.658533
0.658532
0.658529
0.658519
0.658491
0.658409
0.658184
0.657589
0.656093
0.652541
0.644698
0.628965
0.601519
0.56198
0.514214
0.464801
0.419129
0.379669
0.34661
0.319101
0.296081
0.276597
0.259887
0.245431
0.23269
0.221339
0.211148
0.201943
0.193594
0.186004
0.179105
0.172857
0.167256
0.162344
0.158321
0.155514
0.15433
0.156548
0.166374
0.184323
0.209135
0.241138
0.281535
0.331967
0.394698
0.480382
0.589087
0.719456
0.859853
0.987873
1.08081
1.13473
1.16185
1.17433
1.17978
1.18211
1.18309
1.18351
1.1837
1.18377
1.1838
1.18382
1.18382
1.18382
1.18382
1.18382
1.18382
1.18382
1.18382
1.18382
1.18382
1.18382
1.18382
1.18382
1.18382
1.18382
1.18382
1.18382
1.18382
1.18382
1.18382
1.18382
1.18382
1.18382
1.18382
)
;
    }
    frontAndBack
    {
        type            empty;
    }
}


// ************************************************************************* //
