/*--------------------------------*- C++ -*----------------------------------*\
  =========                 |
  \\      /  F ield         | OpenFOAM: The Open Source CFD Toolbox
   \\    /   O peration     | Website:  https://openfoam.org
    \\  /    A nd           | Version:  11
     \\/     M anipulation  |
\*---------------------------------------------------------------------------*/
FoamFile
{
    format      ascii;
    class       volScalarField;
    location    "0.1";
    object      T;
}
// * * * * * * * * * * * * * * * * * * * * * * * * * * * * * * * * * * * * * //

dimensions      [0 0 0 1 0 0 0];

internalField   nonuniform List<scalar> 
4000
(
293
293
293
293
293
293
293
293
293
293
293
293
293
293
293
293
293.001
293.002
293.007
293.021
293.062
293.175
293.473
294.225
296.023
300.071
308.53
324.49
350.661
388.668
438.12
497.167
563.59
635.624
712.13
792.371
875.842
962.186
1050.65
1141.21
1233.48
1326.97
1421.19
1515.57
1609.54
1702.39
1793.3
1881.07
1963.89
2037.36
2094.94
2130.88
2118.08
2007.23
1823.23
1615.87
1408.24
1211.28
1030.99
869.785
716.611
585.686
480.404
402.5
350.672
320.706
305.568
298.487
295.342
293.99
293.418
293.178
293.075
293.03
293.013
293.005
293.001
293
293
293
293
293
293
293
293
293
293
293
293
293
293
293
293
293
293
293
293
293
293
293
293
293
293
293
293
293
293
293
293
293
293
293
293
293
293
293
293.001
293.003
293.009
293.026
293.073
293.203
293.541
294.377
296.341
300.68
309.579
325.95
352.36
390.201
439.139
497.515
563.334
634.873
710.897
790.733
873.832
959.641
1047.83
1138.3
1230.66
1324.39
1418.99
1513.88
1608.45
1701.95
1793.48
1881.85
1965.17
2038.69
2096.02
2130.92
2115.36
1998.47
1811.79
1603.6
1396.24
1200.3
1021.69
862.216
711.091
582.679
479.689
403.314
352.256
322.087
306.496
299.023
295.623
294.129
293.484
293.209
293.087
293.036
293.015
293.006
293.002
293
293
293
293
293
293
293
293
293
293
293
293
293
293
293
293
293
293
293
293
293
293
293
293
293
293
293
293
293
293
293
293
293
293
293
293
293
293
293
293.001
293.003
293.009
293.027
293.078
293.216
293.57
294.443
296.479
300.946
310.044
326.63
353.236
391.24
440.204
498.41
563.857
634.937
710.574
790.034
872.86
958.486
1046.52
1136.9
1229.24
1323.07
1417.87
1513.06
1608.01
1701.96
1794.04
1882.95
1966.73
2040.25
2097.27
2131.09
2112.76
1989.99
1801.03
1592.53
1386.02
1191.65
1015.07
857.493
708.34
581.642
479.875
404.284
353.259
322.808
306.944
299.273
295.753
294.193
293.515
293.223
293.095
293.04
293.017
293.007
293.002
293.001
293
293
293
293
293
293
293
293
293
293
293
293
293
293
293
293
293
293
293
293
293
293
293
293
293
293
293
293
293
293
293
293
293
293
293
293
293
293
293.001
293.003
293.01
293.03
293.085
293.231
293.607
294.524
296.646
301.26
310.575
327.368
354.118
392.138
440.996
499.022
564.258
635.109
710.513
789.804
872.454
958.003
1045.96
1136.29
1228.64
1322.53
1417.46
1512.84
1608.04
1702.33
1794.76
1884.02
1968.06
2041.51
2098.27
2131.3
2111.04
1984.3
1793.93
1585.4
1379.67
1186.52
1011.41
855.142
707.157
581.348
480.295
405.087
354.176
323.515
307.408
299.544
295.899
294.267
293.551
293.241
293.103
293.043
293.019
293.007
293.002
293.001
293
293
293
293
293
293
293
293
293
293
293
293
293
293
293
293
293
293
293
293
293
293
293
293
293
293
293
293
293
293
293
293
293
293
293
293
293
293
293.001
293.004
293.011
293.032
293.089
293.242
293.633
294.583
296.772
301.509
311.031
328.081
355.098
393.318
442.253
500.228
565.314
635.956
711.113
790.144
872.565
957.969
1045.85
1136.13
1228.46
1322.37
1417.36
1512.85
1608.22
1702.7
1795.33
1884.77
1968.96
2042.34
2098.92
2131.47
2110.1
1981.18
1790.16
1581.79
1376.66
1184.32
1010.09
854.551
707.262
582.142
481.519
406.369
355.314
324.286
307.864
299.79
296.024
294.327
293.58
293.254
293.109
293.046
293.02
293.008
293.002
293.001
293
293
293
293
293
293
293
293
293
293
293
293
293
293
293
293
293
293
293
293
293
293
293
293
293
293
293
293
293
293
293
293
293
293
293
293
293
293
293.001
293.004
293.011
293.033
293.093
293.253
293.658
294.638
296.885
301.725
311.4
328.616
355.788
394.118
443.102
501.068
566.102
636.66
711.71
790.604
872.966
958.27
1046.04
1136.25
1228.56
1322.48
1417.49
1513.03
1608.46
1703.02
1795.73
1885.25
1969.49
2042.82
2099.3
2131.61
2109.71
1979.82
1788.59
1580.43
1375.69
1183.81
1010.07
855.067
708.271
583.47
482.921
407.537
356.317
324.98
308.27
300.009
296.136
294.382
293.606
293.267
293.114
293.049
293.021
293.008
293.002
293.001
293
293
293
293
293
293
293
293
293
293
293
293
293
293
293
293
293
293
293
293
293
293
293
293
293
293
293
293
293
293
293
293
293
293
293
293
293
293
293.001
293.004
293.012
293.035
293.097
293.262
293.679
294.687
296.989
301.93
311.771
329.19
356.569
395.059
444.124
502.093
567.077
637.557
712.525
791.352
873.596
958.806
1046.5
1136.65
1228.88
1322.73
1417.71
1513.24
1608.68
1703.25
1795.98
1885.53
1969.78
2043.08
2099.51
2131.73
2109.66
1979.46
1788.26
1580.28
1375.82
1184.26
1010.84
856.289
709.807
585.194
484.702
409.182
357.487
325.732
308.688
300.228
296.244
294.435
293.631
293.278
293.119
293.052
293.022
293.009
293.003
293.001
293
293
293
293
293
293
293
293
293
293
293
293
293
293
293
293
293
293
293
293
293
293
293
293
293
293
293
293
293
293
293
293
293
293
293
293
293
293
293.001
293.004
293.012
293.036
293.1
293.269
293.697
294.726
297.071
302.09
312.057
329.629
357.173
395.805
444.963
502.974
567.957
638.407
713.325
792.09
874.262
959.397
1047.02
1137.11
1229.29
1323.1
1418.05
1513.54
1608.95
1703.49
1796.19
1885.71
1969.94
2043.22
2099.64
2131.85
2109.8
1979.7
1788.7
1580.97
1376.8
1185.56
1012.35
858.017
711.597
586.916
486.21
410.447
358.432
326.353
309.036
300.409
296.334
294.478
293.651
293.287
293.124
293.054
293.023
293.009
293.003
293.001
293
293
293
293
293
293
293
293
293
293
293
293
293
293
293
293
293
293
293
293
293
293
293
293
293
293
293
293
293
293
293
293
293
293
293
293
293
293
293.001
293.004
293.013
293.037
293.103
293.276
293.714
294.764
297.151
302.247
312.338
330.059
357.757
396.514
445.75
503.79
568.765
639.185
714.059
792.77
874.883
959.956
1047.52
1137.54
1229.67
1323.43
1418.32
1513.76
1609.12
1703.61
1796.27
1885.76
1969.97
2043.25
2099.68
2131.97
2110.11
1980.49
1789.82
1582.37
1378.4
1187.29
1014.14
859.942
713.506
588.692
487.685
411.717
359.376
326.968
309.379
300.587
296.422
294.52
293.671
293.297
293.128
293.056
293.023
293.01
293.003
293.001
293
293
293
293
293
293
293
293
293
293
293
293
293
293
293
293
293
293
293
293
293
293
293
293
293
293
293
293
293
293
293
293
293
293
293
293
293
293
293.001
293.004
293.013
293.038
293.105
293.281
293.726
294.792
297.212
302.368
312.558
330.406
358.243
397.123
446.445
504.527
569.509
639.911
714.753
793.418
875.478
960.493
1048
1137.96
1230.02
1323.72
1418.55
1513.93
1609.23
1703.67
1796.29
1885.73
1969.9
2043.19
2099.64
2132.03
2110.46
1981.48
1791.2
1584
1380.19
1189.17
1016.02
861.869
715.474
590.609
489.456
413.053
360.295
327.536
309.686
300.742
296.497
294.555
293.687
293.304
293.131
293.057
293.024
293.01
293.003
293.001
293
293
293
293
293
293
293
293
293
293
293
293
293
293
293
293
293
293
293
293
293
293
293
293
293
293
293
293
293
293
293
293
293
293
293
293
293
293
293.001
293.004
293.013
293.038
293.107
293.287
293.739
294.82
297.271
302.484
312.766
330.725
358.68
397.66
447.05
505.166
570.156
640.55
715.378
793.995
876.009
960.973
1048.42
1138.33
1230.34
1323.98
1418.74
1514.07
1609.3
1703.68
1796.24
1885.63
1969.76
2043.07
2099.55
2132.07
2110.83
1982.56
1792.68
1585.69
1382.02
1191.05
1017.85
863.675
717.281
592.305
490.905
414.192
361.102
328.046
309.965
300.885
296.567
294.588
293.702
293.311
293.134
293.058
293.024
293.01
293.003
293.001
293
293
293
293
293
293
293
293
293
293
293
293
293
293
293
293
293
293
293
293
293
293
293
293
293
293
293
293
293
293
293
293
293
293
293
293
293
293
293.001
293.005
293.013
293.039
293.108
293.29
293.748
294.841
297.317
302.574
312.931
330.985
359.045
398.12
447.575
505.724
570.718
641.09
715.868
794.481
876.469
961.396
1048.8
1138.66
1230.61
1324.2
1418.9
1514.17
1609.34
1703.66
1796.16
1885.5
1969.59
2042.91
2099.44
2132.09
2111.18
1983.64
1794.14
1587.36
1383.8
1192.87
1019.65
865.508
718.986
593.821
492.2
415.205
361.815
328.493
310.208
301.009
296.626
294.615
293.715
293.317
293.137
293.06
293.025
293.01
293.003
293.001
293
293
293
293
293
293
293
293
293
293
293
293
293
293
293
293
293
293
293
293
293
293
293
293
293
293
293
293
293
293
293
293
293
293
293
293
293
293
293.001
293.005
293.014
293.039
293.11
293.294
293.756
294.861
297.358
302.657
313.079
331.215
359.363
398.514
448.022
506.197
571.195
641.557
716.322
794.908
876.868
961.761
1049.13
1138.94
1230.85
1324.38
1419.03
1514.24
1609.36
1703.62
1796.07
1885.36
1969.41
2042.75
2099.31
2132.1
2111.52
1984.67
1795.51
1588.92
1385.44
1194.53
1021.25
867.084
720.482
595.177
493.345
416.098
362.443
328.887
310.423
301.118
296.679
294.64
293.726
293.322
293.139
293.061
293.025
293.011
293.003
293.001
293
293
293
293
293
293
293
293
293
293
293
293
293
293
293
293
293
293
293
293
293
293
293
293
293
293
293
293
293
293
293
293
293
293
293
293
293
293
293.002
293.005
293.014
293.04
293.111
293.297
293.763
294.876
297.391
302.722
313.198
331.403
359.625
398.843
448.4
506.603
571.613
641.976
716.735
795.292
877.22
962.078
1049.41
1139.18
1231.05
1324.53
1419.13
1514.29
1609.36
1703.57
1795.97
1885.21
1969.23
2042.59
2099.19
2132.1
2111.82
1985.6
1796.77
1590.33
1386.92
1196.01
1022.69
868.481
721.798
596.328
494.347
416.88
362.989
329.226
310.607
301.211
296.724
294.661
293.736
293.326
293.141
293.062
293.026
293.011
293.003
293.001
293
293
293
293
293
293
293
293
293
293
293
293
293
293
293
293
293
293
293
293
293
293
293
293
293
293
293
293
293
293
293
293
293
293
293
293
293
293
293.002
293.005
293.014
293.04
293.112
293.299
293.769
294.89
297.419
302.778
313.299
331.56
359.845
399.118
448.714
506.939
571.957
642.318
717.066
795.606
877.511
962.341
1049.64
1139.38
1231.21
1324.65
1419.21
1514.32
1609.35
1703.51
1795.87
1885.07
1969.07
2042.44
2099.08
2132.09
2112.08
1986.43
1797.87
1591.56
1388.2
1197.31
1023.93
869.698
722.965
597.409
495.228
417.547
363.449
329.512
310.761
301.289
296.762
294.679
293.744
293.329
293.143
293.063
293.026
293.011
293.003
293.001
293
293
293
293
293
293
293
293
293
293
293
293
293
293
293
293
293
293
293
293
293
293
293
293
293
293
293
293
293
293
293
293
293
293
293
293
293
293
293.002
293.005
293.014
293.04
293.113
293.301
293.774
294.9
297.441
302.822
313.379
331.686
360.02
399.338
448.967
507.211
572.235
642.593
717.332
795.858
877.745
962.553
1049.83
1139.54
1231.33
1324.74
1419.27
1514.34
1609.33
1703.46
1795.78
1884.95
1968.92
2042.31
2098.98
2132.08
2112.3
1987.13
1798.8
1592.6
1389.28
1198.39
1024.97
870.708
723.924
598.273
495.95
418.098
363.827
329.744
310.887
301.352
296.792
294.693
293.75
293.332
293.144
293.063
293.026
293.011
293.003
293.001
293
293
293
293
293
293
293
293
293
293
293
293
293
293
293
293
293
293
293
293
293
293
293
293
293
293
293
293
293
293
293
293
293
293
293
293
293
293
293.002
293.005
293.014
293.041
293.113
293.303
293.777
294.908
297.459
302.856
313.441
331.784
360.157
399.51
449.163
507.422
572.45
642.806
717.538
796.053
877.926
962.716
1049.97
1139.66
1231.43
1324.81
1419.31
1514.36
1609.31
1703.41
1795.7
1884.84
1968.8
2042.2
2098.89
2132.07
2112.47
1987.69
1799.54
1593.43
1390.15
1199.25
1025.8
871.516
724.692
598.967
496.533
418.544
364.133
329.93
310.985
301.401
296.815
294.703
293.755
293.335
293.145
293.064
293.026
293.011
293.003
293.001
293
293
293
293
293
293
293
293
293
293
293
293
293
293
293
293
293
293
293
293
293
293
293
293
293
293
293
293
293
293
293
293
293
293
293
293
293
293
293.002
293.005
293.014
293.041
293.114
293.304
293.78
294.914
297.471
302.881
313.487
331.855
360.257
399.636
449.307
507.576
572.608
642.963
717.689
796.196
878.057
962.834
1050.07
1139.75
1231.5
1324.86
1419.34
1514.36
1609.29
1703.37
1795.63
1884.76
1968.7
2042.11
2098.82
2132.06
2112.6
1988.11
1800.1
1594.05
1390.79
1199.9
1026.42
872.121
725.27
599.494
496.978
418.887
364.367
330.069
311.057
301.436
296.832
294.711
293.759
293.336
293.146
293.064
293.026
293.011
293.003
293.001
293
293
293
293
293
293
293
293
293
293
293
293
293
293
293
293
293
293
293
293
293
293
293
293
293
293
293
293
293
293
293
293
293
293
293
293
293
293.001
293.002
293.005
293.014
293.041
293.114
293.304
293.781
294.918
297.479
302.897
313.516
331.901
360.321
399.716
449.4
507.675
572.71
643.063
717.786
796.288
878.142
962.91
1050.14
1139.8
1231.54
1324.89
1419.35
1514.36
1609.28
1703.34
1795.59
1884.7
1968.63
2042.05
2098.77
2132.06
2112.68
1988.38
1800.47
1594.46
1391.22
1200.32
1026.82
872.512
725.643
599.829
497.261
419.107
364.52
330.161
311.105
301.459
296.843
294.716
293.761
293.337
293.146
293.064
293.026
293.011
293.003
293.001
293
293
293
293
293
293
293
293
293
293
293
293
293
293
293
293
293
293
293
293
293
293
293
293
293
293
293
293
293
293
293
293
293
293
293
293
293
293.001
293.002
293.005
293.014
293.041
293.114
293.305
293.782
294.919
297.483
302.904
313.529
331.922
360.35
399.753
449.442
507.721
572.756
643.11
717.831
796.33
878.182
962.946
1050.17
1139.83
1231.56
1324.9
1419.36
1514.36
1609.27
1703.32
1795.56
1884.67
1968.6
2042.02
2098.75
2132.05
2112.72
1988.51
1800.64
1594.65
1391.42
1200.52
1027.02
872.698
725.821
599.991
497.397
419.211
364.591
330.204
311.127
301.47
296.848
294.719
293.762
293.338
293.146
293.064
293.026
293.011
293.003
293.001
293
293
293
293
293
293
293
293
293
293
293
293
293
293
293
293
293
293
293
293
293
293
293
293
293
293
293
293
293
293
293
293
293
293
293
293
293
293.001
293.002
293.005
293.014
293.041
293.114
293.305
293.782
294.919
297.483
302.904
313.529
331.922
360.35
399.753
449.442
507.721
572.757
643.11
717.831
796.331
878.182
962.946
1050.17
1139.83
1231.56
1324.91
1419.36
1514.36
1609.27
1703.32
1795.56
1884.68
1968.6
2042.02
2098.75
2132.05
2112.71
1988.5
1800.63
1594.64
1391.41
1200.51
1027.01
872.691
725.815
599.986
497.394
419.208
364.589
330.203
311.126
301.47
296.848
294.718
293.762
293.338
293.146
293.064
293.026
293.011
293.003
293.001
293
293
293
293
293
293
293
293
293
293
293
293
293
293
293
293
293
293
293
293
293
293
293
293
293
293
293
293
293
293
293
293
293
293
293
293
293
293.001
293.002
293.005
293.014
293.041
293.114
293.304
293.781
294.918
297.479
302.897
313.516
331.901
360.322
399.717
449.401
507.676
572.71
643.063
717.786
796.288
878.143
962.911
1050.14
1139.8
1231.54
1324.89
1419.35
1514.36
1609.28
1703.34
1795.59
1884.7
1968.63
2042.05
2098.77
2132.05
2112.66
1988.35
1800.43
1594.43
1391.18
1200.29
1026.8
872.49
725.624
599.816
497.252
419.1
364.515
330.158
311.103
301.459
296.842
294.716
293.761
293.337
293.146
293.064
293.026
293.011
293.003
293.001
293
293
293
293
293
293
293
293
293
293
293
293
293
293
293
293
293
293
293
293
293
293
293
293
293
293
293
293
293
293
293
293
293
293
293
293
293
293
293.002
293.005
293.014
293.041
293.114
293.304
293.78
294.914
297.472
302.882
313.487
331.856
360.258
399.636
449.308
507.577
572.609
642.963
717.69
796.196
878.058
962.835
1050.07
1139.75
1231.5
1324.86
1419.34
1514.36
1609.29
1703.37
1795.63
1884.76
1968.7
2042.11
2098.81
2132.05
2112.57
1988.06
1800.04
1593.99
1390.74
1199.84
1026.37
872.077
725.23
599.46
496.953
418.869
364.356
330.063
311.054
301.435
296.831
294.711
293.758
293.336
293.146
293.064
293.026
293.011
293.003
293.001
293
293
293
293
293
293
293
293
293
293
293
293
293
293
293
293
293
293
293
293
293
293
293
293
293
293
293
293
293
293
293
293
293
293
293
293
293
293
293.002
293.005
293.014
293.041
293.113
293.303
293.777
294.908
297.459
302.856
313.442
331.784
360.158
399.511
449.165
507.423
572.451
642.807
717.539
796.054
877.927
962.717
1049.97
1139.66
1231.43
1324.82
1419.32
1514.36
1609.31
1703.41
1795.7
1884.85
1968.8
2042.19
2098.88
2132.05
2112.43
1987.62
1799.46
1593.35
1390.07
1199.18
1025.74
871.46
724.645
598.926
496.501
418.522
364.119
329.922
310.981
301.399
296.814
294.703
293.755
293.335
293.145
293.064
293.026
293.011
293.003
293.001
293
293
293
293
293
293
293
293
293
293
293
293
293
293
293
293
293
293
293
293
293
293
293
293
293
293
293
293
293
293
293
293
293
293
293
293
293
293
293.002
293.005
293.014
293.04
293.113
293.301
293.774
294.9
297.442
302.822
313.379
331.687
360.021
399.34
448.968
507.212
572.236
642.594
717.333
795.859
877.746
962.554
1049.83
1139.54
1231.34
1324.75
1419.28
1514.35
1609.34
1703.47
1795.78
1884.95
1968.92
2042.3
2098.96
2132.06
2112.25
1987.04
1798.69
1592.5
1389.18
1198.3
1024.89
870.638
723.863
598.222
495.912
418.072
363.811
329.735
310.882
301.35
296.791
294.692
293.75
293.332
293.144
293.063
293.026
293.011
293.003
293.001
293
293
293
293
293
293
293
293
293
293
293
293
293
293
293
293
293
293
293
293
293
293
293
293
293
293
293
293
293
293
293
293
293
293
293
293
293
293
293.002
293.005
293.014
293.04
293.112
293.299
293.769
294.89
297.42
302.778
313.299
331.561
359.846
399.119
448.715
506.941
571.958
642.319
717.067
795.607
877.512
962.343
1049.64
1139.39
1231.21
1324.66
1419.22
1514.33
1609.35
1703.52
1795.87
1885.08
1969.07
2042.43
2099.06
2132.06
2112.02
1986.32
1797.74
1591.44
1388.09
1197.2
1023.84
869.62
722.9
597.358
495.188
417.518
363.43
329.501
310.756
301.286
296.76
294.678
293.743
293.329
293.143
293.063
293.026
293.011
293.003
293.001
293
293
293
293
293
293
293
293
293
293
293
293
293
293
293
293
293
293
293
293
293
293
293
293
293
293
293
293
293
293
293
293
293
293
293
293
293
293
293.002
293.005
293.014
293.04
293.111
293.297
293.763
294.877
297.391
302.723
313.199
331.404
359.627
398.845
448.401
506.604
571.614
641.977
716.735
795.293
877.221
962.08
1049.41
1139.19
1231.05
1324.54
1419.14
1514.3
1609.37
1703.58
1795.97
1885.22
1969.23
2042.58
2099.17
2132.06
2111.75
1985.48
1796.62
1590.18
1386.78
1195.9
1022.59
868.404
721.749
596.322
494.322
416.854
362.97
329.215
310.601
301.208
296.723
294.66
293.735
293.326
293.141
293.062
293.025
293.011
293.003
293.001
293
293
293
293
293
293
293
293
293
293
293
293
293
293
293
293
293
293
293
293
293
293
293
293
293
293
293
293
293
293
293
293
293
293
293
293
293
293
293.001
293.005
293.014
293.039
293.11
293.294
293.757
294.861
297.359
302.657
313.08
331.217
359.365
398.516
448.024
506.199
571.197
641.558
716.323
794.908
876.869
961.762
1049.13
1138.95
1230.85
1324.39
1419.04
1514.25
1609.37
1703.63
1796.07
1885.36
1969.41
2042.74
2099.29
2132.05
2111.44
1984.52
1795.35
1588.75
1385.28
1194.39
1021.13
866.969
720.365
595.032
493.266
416.053
362.418
328.873
310.416
301.114
296.678
294.639
293.726
293.322
293.139
293.061
293.025
293.011
293.003
293.001
293
293
293
293
293
293
293
293
293
293
293
293
293
293
293
293
293
293
293
293
293
293
293
293
293
293
293
293
293
293
293
293
293
293
293
293
293
293
293.001
293.005
293.013
293.039
293.108
293.29
293.748
294.842
297.317
302.575
312.932
330.987
359.047
398.122
447.577
505.726
570.719
641.092
715.869
794.482
876.47
961.398
1048.81
1138.67
1230.62
1324.2
1418.91
1514.18
1609.35
1703.67
1796.17
1885.51
1969.59
2042.9
2099.41
2132.04
2111.09
1983.47
1793.94
1587.17
1383.62
1192.71
1019.51
865.38
718.877
593.739
492.129
415.154
361.784
328.475
310.2
301.005
296.625
294.615
293.714
293.317
293.137
293.06
293.024
293.01
293.003
293.001
293
293
293
293
293
293
293
293
293
293
293
293
293
293
293
293
293
293
293
293
293
293
293
293
293
293
293
293
293
293
293
293
293
293
293
293
293
293
293.001
293.004
293.013
293.038
293.107
293.287
293.739
294.82
297.272
302.485
312.767
330.727
358.682
397.663
447.053
505.169
570.159
640.553
715.381
793.998
876.011
960.977
1048.43
1138.34
1230.35
1323.99
1418.75
1514.08
1609.32
1703.7
1796.25
1885.64
1969.76
2043.05
2099.52
2132.01
2110.72
1982.37
1792.46
1585.48
1381.82
1190.87
1017.7
863.535
717.159
592.202
490.826
414.136
361.067
328.026
309.955
300.881
296.565
294.587
293.702
293.311
293.134
293.059
293.024
293.01
293.003
293.001
293
293
293
293
293
293
293
293
293
293
293
293
293
293
293
293
293
293
293
293
293
293
293
293
293
293
293
293
293
293
293
293
293
293
293
293
293
293
293.001
293.004
293.013
293.038
293.105
293.281
293.726
294.793
297.212
302.369
312.56
330.408
358.246
397.127
446.448
504.53
569.512
639.914
714.754
793.42
875.481
960.497
1048
1137.97
1230.03
1323.73
1418.56
1513.95
1609.25
1703.69
1796.3
1885.74
1969.89
2043.17
2099.6
2131.97
2110.35
1981.27
1790.96
1583.76
1379.97
1188.97
1015.84
861.709
715.345
590.513
489.378
412.997
360.258
327.515
309.675
300.737
296.495
294.554
293.687
293.304
293.131
293.057
293.023
293.01
293.003
293.001
293
293
293
293
293
293
293
293
293
293
293
293
293
293
293
293
293
293
293
293
293
293
293
293
293
293
293
293
293
293
293
293
293
293
293
293
293
293
293.001
293.004
293.013
293.037
293.103
293.276
293.714
294.764
297.152
302.248
312.34
330.062
357.761
396.518
445.755
503.795
568.769
639.189
714.064
792.774
874.888
959.961
1047.53
1137.55
1229.68
1323.44
1418.33
1513.78
1609.14
1703.63
1796.29
1885.77
1969.97
2043.23
2099.64
2131.9
2109.99
1980.26
1789.57
1582.11
1378.17
1187.08
1013.96
859.777
713.364
588.576
487.595
411.653
359.335
326.945
309.367
300.582
296.42
294.519
293.67
293.297
293.128
293.056
293.023
293.01
293.003
293.001
293
293
293
293
293
293
293
293
293
293
293
293
293
293
293
293
293
293
293
293
293
293
293
293
293
293
293
293
293
293
293
293
293
293
293
293
293
293
293.001
293.004
293.012
293.036
293.1
293.269
293.697
294.726
297.072
302.091
312.059
329.633
357.177
395.81
444.969
502.98
567.962
638.412
713.33
792.094
874.267
959.404
1047.03
1137.12
1229.3
1323.12
1418.06
1513.56
1608.97
1703.51
1796.21
1885.72
1969.94
2043.2
2099.6
2131.78
2109.68
1979.47
1788.44
1580.72
1376.58
1185.35
1012.17
857.847
711.445
586.783
486.095
410.37
358.385
326.328
309.024
300.404
296.332
294.477
293.651
293.288
293.124
293.054
293.022
293.009
293.003
293.001
293
293
293
293
293
293
293
293
293
293
293
293
293
293
293
293
293
293
293
293
293
293
293
293
293
293
293
293
293
293
293
293
293
293
293
293
293
293
293.001
293.004
293.012
293.035
293.097
293.262
293.68
294.687
296.99
301.931
311.773
329.194
356.574
395.065
444.131
502.1
567.084
637.565
712.534
791.362
873.606
958.816
1046.51
1136.66
1228.89
1322.75
1417.73
1513.26
1608.7
1703.27
1795.99
1885.53
1969.78
2043.06
2099.47
2131.66
2109.52
1979.19
1787.95
1579.97
1375.51
1183.99
1010.61
856.091
709.643
585.066
484.614
409.117
357.444
325.709
308.677
300.222
296.242
294.434
293.63
293.278
293.119
293.052
293.021
293.009
293.003
293.001
293
293
293
293
293
293
293
293
293
293
293
293
293
293
293
293
293
293
293
293
293
293
293
293
293
293
293
293
293
293
293
293
293
293
293
293
293
293
293.001
293.004
293.011
293.033
293.093
293.253
293.658
294.639
296.886
301.726
311.403
328.62
355.794
394.125
443.109
501.075
566.109
636.666
711.715
790.61
872.972
958.279
1046.05
1136.27
1228.57
1322.49
1417.51
1513.05
1608.48
1703.04
1795.74
1885.26
1969.49
2042.8
2099.25
2131.52
2109.56
1979.52
1788.25
1580.09
1375.36
1183.52
1009.82
854.847
708.089
583.326
482.814
407.463
356.273
324.957
308.258
300.004
296.134
294.381
293.606
293.267
293.114
293.05
293.02
293.008
293.002
293.001
293
293
293
293
293
293
293
293
293
293
293
293
293
293
293
293
293
293
293
293
293
293
293
293
293
293
293
293
293
293
293
293
293
293
293
293
293
293
293.001
293.004
293.011
293.032
293.089
293.242
293.633
294.583
296.772
301.511
311.034
328.086
355.104
393.325
442.261
500.236
565.322
635.962
711.119
790.151
872.573
957.977
1045.86
1136.14
1228.47
1322.39
1417.38
1512.87
1608.24
1702.72
1795.34
1884.78
1968.95
2042.31
2098.87
2131.37
2109.92
1980.85
1789.78
1581.41
1376.31
1184.01
1009.82
854.305
707.048
581.972
481.386
406.26
355.255
324.257
307.85
299.784
296.021
294.326
293.579
293.254
293.108
293.047
293.019
293.008
293.002
293.001
293
293
293
293
293
293
293
293
293
293
293
293
293
293
293
293
293
293
293
293
293
293
293
293
293
293
293
293
293
293
293
293
293
293
293
293
293
293
293.001
293.003
293.01
293.03
293.085
293.231
293.607
294.525
296.647
301.262
310.578
327.373
354.125
392.146
441.006
499.032
564.267
635.118
710.522
789.812
872.462
958.011
1045.97
1136.31
1228.66
1322.55
1417.48
1512.86
1608.06
1702.35
1794.77
1884.02
1968.06
2041.48
2098.22
2131.2
2110.84
1983.93
1793.51
1584.98
1379.28
1186.17
1011.11
854.875
706.936
581.169
480.165
405.008
354.121
323.484
307.392
299.537
295.896
294.266
293.55
293.241
293.102
293.044
293.018
293.007
293.002
293.001
293
293
293
293
293
293
293
293
293
293
293
293
293
293
293
293
293
293
293
293
293
293
293
293
293
293
293
293
293
293
293
293
293
293
293
293
293
293
293.001
293.003
293.009
293.027
293.078
293.216
293.57
294.443
296.48
300.948
310.048
326.635
353.244
391.25
440.215
498.421
563.869
634.948
710.585
790.044
872.871
958.497
1046.53
1136.92
1229.26
1323.09
1417.89
1513.08
1608.04
1701.99
1794.05
1882.96
1966.73
2040.22
2097.21
2130.98
2112.55
1989.58
1800.56
1592.06
1385.59
1191.26
1014.74
857.2
708.099
581.454
479.741
404.205
353.218
322.783
306.93
299.266
295.75
294.192
293.514
293.223
293.095
293.04
293.016
293.007
293.002
293.001
293
293
293
293
293
293
293
293
293
293
293
293
293
293
293
293
293
293
293
293
293
293
293
293
293
293
293
293
293
293
293
293
293
293
293
293
293
293
293.001
293.003
293.009
293.026
293.074
293.203
293.541
294.377
296.342
300.682
309.583
325.957
352.37
390.212
439.151
497.528
563.347
634.885
710.908
790.745
873.844
959.655
1047.85
1138.33
1230.68
1324.42
1419.02
1513.91
1608.48
1701.99
1793.51
1881.87
1965.17
2038.66
2095.95
2130.8
2115.13
1998.03
1811.29
1603.09
1395.76
1199.88
1021.33
861.895
710.825
582.471
479.537
403.212
352.191
322.054
306.482
299.016
295.621
294.128
293.483
293.209
293.087
293.037
293.015
293.006
293.002
293
293
293
293
293
293
293
293
293
293
293
293
293
293
293
293
293
293
293
293
293
293
293
293
293
293
293
293
293
293
293
293
293
293
293
293
293
293
293
293.001
293.002
293.007
293.021
293.062
293.175
293.473
294.225
296.024
300.073
308.535
324.497
350.671
388.682
438.136
497.183
563.605
635.638
712.144
792.385
875.858
962.206
1050.67
1141.24
1233.51
1327.01
1421.23
1515.61
1609.57
1702.43
1793.33
1881.09
1963.89
2037.32
2094.86
2130.74
2117.82
2006.74
1822.66
1615.3
1407.71
1210.81
1030.59
869.43
716.312
585.447
480.228
402.38
350.598
320.668
305.55
298.479
295.339
293.989
293.417
293.179
293.074
293.031
293.013
293.005
293.001
293
293
293
293
293
293
293
293
293
293
293
293
293
293
293
293
293
293
293
293
293
293
293
)
;

boundaryField
{
    fuel
    {
        type            fixedValue;
        value           uniform 293;
    }
    air
    {
        type            fixedValue;
        value           uniform 293;
    }
    outlet
    {
        type            inletOutlet;
        inletValue      uniform 293;
        value           nonuniform List<scalar> 
200
(
293
293
293
293
293
293
293
293
293
293
293
293
293
293
293
293
293.001
293.002
293.007
293.021
293.062
293.175
293.472
294.222
296.017
300.056
308.499
324.433
350.57
388.539
437.955
496.97
563.368
635.379
711.865
792.087
875.542
961.87
1050.32
1140.86
1233.12
1326.61
1420.82
1515.2
1609.16
1702.02
1792.94
1880.72
1963.55
2037.08
2094.72
2130.77
2118.2
2007.83
1824.02
1616.71
1409.07
1212.07
1031.72
870.462
717.218
586.204
480.816
402.8
350.866
320.822
305.633
298.522
295.361
294
293.423
293.181
293.077
293.031
293.014
293.005
293.001
293
293
293
293
293
293
293
293
293
293
293
293
293
293
293
293
293
293
293
293
293
293
293
293
293
293
293
293
293
293
293
293
293
293
293
293
293
293
293
293.001
293.002
293.007
293.021
293.062
293.175
293.472
294.223
296.018
300.058
308.504
324.441
350.581
388.553
437.971
496.986
563.383
635.393
711.879
792.102
875.559
961.891
1050.34
1140.89
1233.16
1326.65
1420.86
1515.24
1609.2
1702.06
1792.97
1880.74
1963.56
2037.04
2094.65
2130.64
2117.95
2007.34
1823.45
1616.14
1408.54
1211.6
1031.31
870.106
716.918
585.964
480.64
402.679
350.792
320.783
305.614
298.514
295.357
293.998
293.422
293.181
293.076
293.031
293.013
293.005
293.001
293
293
293
293
293
293
293
293
293
293
293
293
293
293
293
293
293
293
293
293
293
293
293
)
;
    }
    frontAndBack
    {
        type            empty;
    }
}


// ************************************************************************* //
