/*--------------------------------*- C++ -*----------------------------------*\
  =========                 |
  \\      /  F ield         | OpenFOAM: The Open Source CFD Toolbox
   \\    /   O peration     | Website:  https://openfoam.org
    \\  /    A nd           | Version:  11
     \\/     M anipulation  |
\*---------------------------------------------------------------------------*/
FoamFile
{
    format      ascii;
    class       volScalarField;
    location    "0.1";
    object      CH4;
}
// * * * * * * * * * * * * * * * * * * * * * * * * * * * * * * * * * * * * * //

dimensions      [0 0 0 0 0 0 0];

internalField   nonuniform List<scalar> 
4000
(
1
1
1
1
1
1
1
1
1
1
1
1
0.999999
0.999998
0.999994
0.999986
0.999967
0.999923
0.999825
0.999608
0.999143
0.998177
0.996241
0.992524
0.985773
0.974542
0.957301
0.932918
0.901058
0.862218
0.81752
0.768399
0.716353
0.662788
0.60894
0.555821
0.504221
0.454737
0.407793
0.363663
0.3225
0.284351
0.249188
0.21693
0.187458
0.160622
0.136261
0.114207
0.094292
0.0763598
0.0602711
0.0459161
0.033738
0.0231722
0.013903
0.00690019
0.00311226
0.00135514
0.000563591
0.000221556
8.14401e-05
2.77444e-05
8.94266e-06
3.46464e-06
2.15876e-06
1.51479e-06
1.01787e-06
6.42524e-07
3.79554e-07
2.17075e-07
1.24085e-07
6.87252e-08
2.91855e-08
1.20577e-08
4.89214e-09
1.9501e-09
7.63306e-10
2.93551e-10
1.11071e-10
4.14113e-11
1.52368e-11
5.54101e-12
1.99417e-12
7.10997e-13
2.5138e-13
8.82171e-14
3.07546e-14
1.06597e-14
3.67533e-15
1.26047e-15
4.29301e-16
1.45192e-16
5.13215e-17
2.17406e-17
9.60221e-18
3.06398e-18
9.82688e-19
3.07302e-19
8.54669e-20
1.24585e-20
1
1
1
1
1
1
1
1
1
1
1
1
0.999999
0.999997
0.999993
0.999983
0.999961
0.99991
0.999796
0.999548
0.999022
0.997944
0.995814
0.991788
0.984647
0.972977
0.955352
0.930785
0.898982
0.860414
0.816125
0.767463
0.715854
0.662654
0.609066
0.556107
0.504601
0.455163
0.408229
0.364069
0.322839
0.284602
0.249343
0.216984
0.187404
0.160463
0.136004
0.113861
0.0938691
0.0758736
0.0597356
0.0453456
0.033203
0.022663
0.0134398
0.00654005
0.00294048
0.00127492
0.000527438
0.000206021
7.516e-05
2.53971e-05
8.16764e-06
3.28318e-06
2.08782e-06
1.46039e-06
9.78397e-07
6.17651e-07
3.67088e-07
2.12413e-07
1.23276e-07
6.7964e-08
2.92053e-08
1.23284e-08
5.11754e-09
2.08181e-09
8.29528e-10
3.24108e-10
1.24372e-10
4.6947e-11
1.74551e-11
6.3994e-12
2.31613e-12
8.28571e-13
2.93333e-13
1.02886e-13
3.57927e-14
1.23626e-14
4.24293e-15
1.4476e-15
4.90683e-16
1.65015e-16
5.61831e-17
2.20685e-17
9.88933e-18
3.20407e-18
1.04177e-18
3.28531e-19
9.07326e-20
1.45196e-20
1
1
1
1
1
1
1
1
1
1
1
0.999999
0.999999
0.999997
0.999992
0.999982
0.999958
0.999904
0.999782
0.999519
0.998965
0.997834
0.995614
0.991444
0.984114
0.972216
0.954347
0.92954
0.897558
0.858917
0.814672
0.766156
0.714763
0.661817
0.608492
0.555776
0.504462
0.455153
0.408278
0.364129
0.322874
0.28458
0.24924
0.216787
0.187111
0.160074
0.135524
0.113297
0.0932333
0.0751793
0.0589992
0.0445868
0.0324622
0.0219756
0.0128316
0.00608253
0.00272572
0.0011764
0.000483928
0.000187771
6.79903e-05
2.28071e-05
7.34776e-06
3.10073e-06
2.0116e-06
1.40828e-06
9.44726e-07
5.98577e-07
3.58101e-07
2.09058e-07
1.22585e-07
6.70965e-08
2.90873e-08
1.24183e-08
5.21285e-09
2.14114e-09
8.60025e-10
3.38407e-10
1.307e-10
4.96303e-11
1.85551e-11
6.83846e-12
2.48732e-12
8.93854e-13
3.17711e-13
1.11812e-13
3.90012e-14
1.34965e-14
4.63757e-15
1.58321e-15
5.36826e-16
1.80501e-16
6.05737e-17
2.23225e-17
1.00365e-17
3.37575e-18
1.12579e-18
3.58208e-19
9.78043e-20
1.79544e-20
1
1
1
1
1
1
1
1
1
1
1
0.999999
0.999999
0.999997
0.999992
0.999981
0.999955
0.999896
0.999766
0.999485
0.998898
0.997707
0.995384
0.991053
0.983519
0.971386
0.953291
0.928311
0.896236
0.857583
0.813392
0.764977
0.713714
0.660907
0.607717
0.555121
0.503905
0.454668
0.407843
0.363719
0.322465
0.284155
0.248784
0.216289
0.186565
0.15948
0.134881
0.112613
0.092515
0.0744383
0.0582498
0.0438465
0.0317656
0.021325
0.012266
0.00569274
0.00254247
0.00109254
0.000447097
0.000172445
6.20299e-05
2.06794e-05
6.6862e-06
2.95686e-06
1.9484e-06
1.36384e-06
9.14533e-07
5.79848e-07
3.48042e-07
2.04479e-07
1.2117e-07
6.5447e-08
2.86018e-08
1.23745e-08
5.24872e-09
2.17302e-09
8.78696e-10
3.47875e-10
1.35128e-10
5.15827e-11
1.93765e-11
7.17102e-12
2.6177e-12
9.43574e-13
3.36218e-13
1.18554e-13
4.14102e-14
1.43425e-14
4.93018e-15
1.68323e-15
5.70874e-16
1.92132e-16
6.41834e-17
2.22551e-17
9.05146e-18
3.93851e-18
1.23063e-18
3.79705e-19
1.05477e-19
2.05934e-20
1
1
1
1
1
1
1
1
1
1
1
0.999999
0.999998
0.999996
0.999991
0.999979
0.999952
0.99989
0.999753
0.999458
0.998844
0.997604
0.995195
0.990722
0.982996
0.97062
0.952261
0.927037
0.894781
0.856029
0.811826
0.763466
0.712306
0.659627
0.606572
0.554104
0.503001
0.453857
0.407103
0.363028
0.321805
0.28351
0.248142
0.21564
0.185905
0.158805
0.134194
0.111917
0.0918172
0.073747
0.0575751
0.0431992
0.0311596
0.0207394
0.0117768
0.00539513
0.00240201
0.00102823
0.000418909
0.000160767
5.75157e-05
1.90776e-05
6.17938e-06
2.80791e-06
1.8813e-06
1.32315e-06
8.89973e-07
5.65807e-07
3.40945e-07
2.01453e-07
1.20536e-07
6.38065e-08
2.81732e-08
1.23335e-08
5.26502e-09
2.18982e-09
8.89975e-10
3.54198e-10
1.38273e-10
5.30218e-11
1.99961e-11
7.42544e-12
2.71822e-12
9.82035e-13
3.50535e-13
1.23756e-13
4.32607e-14
1.49882e-14
5.15174e-15
1.75819e-15
5.96074e-16
2.0071e-16
6.71121e-17
2.25334e-17
8.42597e-18
3.75226e-18
1.2139e-18
3.89671e-19
1.40773e-19
2.26181e-20
1
1
1
1
1
1
1
1
1
1
1
0.999999
0.999998
0.999996
0.999991
0.999978
0.999949
0.999884
0.999741
0.999435
0.998797
0.997514
0.995031
0.99044
0.982555
0.969984
0.95141
0.925982
0.893557
0.854691
0.810428
0.762062
0.710935
0.658319
0.605344
0.552963
0.501945
0.452879
0.406192
0.362174
0.320996
0.282736
0.247395
0.214914
0.185195
0.15811
0.133515
0.111256
0.0911801
0.0731436
0.0570194
0.0427356
0.0308031
0.0200392
0.0112938
0.00516308
0.00229373
0.000979156
0.000397595
0.00015201
5.41582e-05
1.78966e-05
5.81143e-06
2.69751e-06
1.82711e-06
1.28878e-06
8.68887e-07
5.53567e-07
3.34513e-07
1.98515e-07
1.20159e-07
6.17598e-08
2.76671e-08
1.22257e-08
5.24732e-09
2.19225e-09
8.94495e-10
3.57301e-10
1.39947e-10
5.38258e-11
2.03545e-11
7.57675e-12
2.77948e-12
1.00597e-12
3.59602e-13
1.27099e-13
4.44625e-14
1.54108e-14
5.29732e-15
1.80751e-15
6.12631e-16
2.06304e-16
6.90289e-17
2.30611e-17
8.03601e-18
3.11951e-18
1.34347e-18
4.55507e-19
1.32651e-19
1.95048e-20
1
1
1
1
1
1
1
1
1
1
1
0.999999
0.999998
0.999996
0.99999
0.999977
0.999947
0.999879
0.999731
0.999413
0.998753
0.997428
0.994874
0.990167
0.982125
0.969355
0.950563
0.924927
0.892331
0.853346
0.809019
0.760638
0.709534
0.656969
0.604061
0.551756
0.500815
0.451825
0.405208
0.361252
0.320129
0.281917
0.246617
0.214173
0.184487
0.157433
0.132868
0.110638
0.0905923
0.0725859
0.0564921
0.0422665
0.0303659
0.0196337
0.0109775
0.00500849
0.00221977
0.000945024
0.000382584
0.00014579
5.17608e-05
1.7051e-05
5.54856e-06
2.6188e-06
1.78635e-06
1.26179e-06
8.5194e-07
5.43681e-07
3.29323e-07
1.95897e-07
1.18959e-07
6.11191e-08
2.74848e-08
1.21816e-08
5.2407e-09
2.1939e-09
8.97004e-10
3.59045e-10
1.40947e-10
5.43291e-11
2.05864e-11
7.67697e-12
2.82055e-12
1.0221e-12
3.65712e-13
1.29343e-13
4.52646e-14
1.56903e-14
5.39248e-15
1.83925e-15
6.23079e-16
2.09792e-16
7.02955e-17
2.3559e-17
8.00076e-18
2.78234e-18
9.77124e-19
3.29529e-19
9.63541e-20
1.43329e-20
1
1
1
1
1
1
1
1
1
1
1
0.999999
0.999998
0.999996
0.99999
0.999976
0.999945
0.999875
0.999722
0.999395
0.998716
0.997358
0.994745
0.989942
0.981765
0.968823
0.949834
0.924
0.891232
0.852114
0.807703
0.759282
0.708178
0.655641
0.602782
0.55054
0.499669
0.450749
0.404201
0.360311
0.319249
0.281094
0.245845
0.213448
0.183806
0.156792
0.132265
0.110071
0.0900599
0.0720873
0.0560271
0.0418614
0.0300028
0.0193156
0.0107345
0.00489115
0.00216406
0.000919449
0.000371376
0.000141159
4.99798e-05
1.64258e-05
5.35895e-06
2.56285e-06
1.75637e-06
1.24108e-06
8.38446e-07
5.3556e-07
3.24973e-07
1.93961e-07
1.196e-07
5.85212e-08
2.71323e-08
1.20855e-08
5.21113e-09
2.18674e-09
8.95935e-10
3.5929e-10
1.41272e-10
5.45388e-11
2.0696e-11
7.72793e-12
2.84246e-12
1.03097e-12
3.69143e-13
1.30617e-13
4.57211e-14
1.58486e-14
5.44575e-15
1.85666e-15
6.2864e-16
2.11559e-16
7.08482e-17
2.36714e-17
7.92992e-18
2.67513e-18
9.03889e-19
2.96583e-19
8.5609e-20
1.26887e-20
1
1
1
1
1
1
1
1
1
1
1
0.999999
0.999998
0.999996
0.99999
0.999976
0.999944
0.999872
0.999714
0.999377
0.998682
0.997291
0.994622
0.989727
0.981423
0.968319
0.949149
0.923135
0.890208
0.850967
0.806474
0.75801
0.706896
0.654377
0.601556
0.549366
0.498556
0.449701
0.40322
0.359394
0.318396
0.280299
0.245106
0.21276
0.183166
0.156198
0.131712
0.109558
0.0895837
0.0716469
0.0556223
0.0415142
0.0296971
0.0190536
0.0105378
0.00479688
0.00211965
0.000899212
0.000362565
0.000137538
4.85946e-05
1.59425e-05
5.2145e-06
2.52097e-06
1.73371e-06
1.22502e-06
8.2767e-07
5.28896e-07
3.2129e-07
1.92042e-07
1.18465e-07
5.80372e-08
2.69276e-08
1.20062e-08
5.18317e-09
2.17791e-09
8.93619e-10
3.58842e-10
1.41277e-10
5.46003e-11
2.07382e-11
7.74957e-12
2.85228e-12
1.03509e-12
3.70768e-13
1.31224e-13
4.59372e-14
1.59221e-14
5.46964e-15
1.86409e-15
6.30854e-16
2.12192e-16
7.10061e-17
2.36769e-17
7.88749e-18
2.63045e-18
8.74098e-19
2.81767e-19
8.02265e-20
1.18143e-20
1
1
1
1
1
1
1
1
1
1
1
0.999999
0.999998
0.999996
0.999989
0.999975
0.999942
0.999868
0.999707
0.999363
0.998652
0.997235
0.994517
0.989544
0.98113
0.967881
0.948545
0.922361
0.889282
0.849919
0.805341
0.756828
0.705697
0.653188
0.600399
0.548254
0.497499
0.448704
0.402286
0.358524
0.317587
0.27955
0.244413
0.212121
0.182576
0.155654
0.131211
0.109097
0.0891599
0.0712582
0.055267
0.0412089
0.0294246
0.0188284
0.0103722
0.0047183
0.00208298
0.000882637
0.000355404
0.000134616
4.74832e-05
1.55558e-05
5.09727e-06
2.487e-06
1.71555e-06
1.2122e-06
8.18959e-07
5.23395e-07
3.18176e-07
1.90377e-07
1.17465e-07
5.75706e-08
2.67238e-08
1.19229e-08
5.15119e-09
2.1662e-09
8.89643e-10
3.5766e-10
1.40947e-10
5.45204e-11
2.07243e-11
7.7498e-12
2.85387e-12
1.03609e-12
3.7122e-13
1.31401e-13
4.59994e-14
1.59417e-14
5.47496e-15
1.86517e-15
6.30891e-16
2.12074e-16
7.09048e-17
2.36082e-17
7.84082e-18
2.60037e-18
8.56863e-19
2.73534e-19
7.72476e-20
1.13292e-20
1
1
1
1
1
1
1
1
1
1
1
0.999999
0.999998
0.999995
0.999989
0.999974
0.999941
0.999865
0.9997
0.99935
0.998626
0.997183
0.99442
0.989377
0.980862
0.967484
0.947997
0.921662
0.888445
0.848971
0.804312
0.755751
0.704601
0.652097
0.599332
0.547226
0.496519
0.44778
0.40142
0.357718
0.31684
0.27886
0.243778
0.211537
0.182041
0.155163
0.130763
0.108687
0.0887872
0.0709198
0.0549614
0.0409505
0.0291991
0.0186415
0.010235
0.00465327
0.00205271
0.000869009
0.00034954
0.000132233
4.65805e-05
1.5243e-05
5.00347e-06
2.4597e-06
1.70077e-06
1.20175e-06
8.11805e-07
5.18812e-07
3.15536e-07
1.88933e-07
1.16576e-07
5.71397e-08
2.65312e-08
1.18444e-08
5.12146e-09
2.15495e-09
8.85531e-10
3.56141e-10
1.40441e-10
5.43617e-11
2.06762e-11
7.73525e-12
2.84962e-12
1.0348e-12
3.70811e-13
1.31261e-13
4.59467e-14
1.59205e-14
5.46602e-15
1.86128e-15
6.29169e-16
2.11321e-16
7.05944e-17
2.34795e-17
7.78404e-18
2.57283e-18
8.43195e-19
2.67341e-19
7.50348e-20
1.09694e-20
1
1
1
1
1
1
1
1
1
1
1
0.999999
0.999998
0.999995
0.999989
0.999974
0.99994
0.999863
0.999695
0.999338
0.998602
0.997138
0.994336
0.989232
0.980628
0.967135
0.947515
0.921042
0.887699
0.848122
0.803389
0.754781
0.70361
0.651108
0.598363
0.54629
0.495627
0.446937
0.400631
0.356983
0.31616
0.278233
0.243203
0.211011
0.181561
0.154727
0.130366
0.108327
0.0884617
0.0706266
0.054699
0.0407303
0.0290084
0.0184844
0.0101202
0.00459906
0.00202756
0.000857723
0.000344699
0.000130273
4.58404e-05
1.49877e-05
4.92777e-06
2.43763e-06
1.68869e-06
1.19316e-06
8.05893e-07
5.14991e-07
3.13312e-07
1.87705e-07
1.15815e-07
5.67667e-08
2.63571e-08
1.17691e-08
5.08785e-09
2.1415e-09
8.805e-10
3.54441e-10
1.3986e-10
5.41636e-11
2.0609e-11
7.71254e-12
2.84169e-12
1.03202e-12
3.6982e-13
1.30903e-13
4.58152e-14
1.58701e-14
5.44623e-15
1.85355e-15
6.2626e-16
2.10249e-16
7.01967e-17
2.3329e-17
7.72447e-18
2.54773e-18
8.32289e-19
2.62854e-19
7.35183e-20
1.07283e-20
1
1
1
1
1
1
1
1
1
1
1
0.999999
0.999998
0.999995
0.999989
0.999974
0.999939
0.999861
0.99969
0.999328
0.998582
0.997098
0.994262
0.989105
0.980423
0.966828
0.94709
0.920497
0.887042
0.847374
0.802572
0.753921
0.702731
0.650228
0.597499
0.545455
0.494829
0.446183
0.399925
0.356327
0.315553
0.277676
0.242692
0.210545
0.181137
0.154342
0.130018
0.108014
0.0881798
0.0703742
0.0544743
0.0405429
0.0288466
0.0183522
0.010024
0.00455375
0.0020066
0.000848341
0.000340688
0.000128653
4.52305e-05
1.47781e-05
4.86634e-06
2.41974e-06
1.6788e-06
1.18608e-06
8.00987e-07
5.11788e-07
3.11424e-07
1.86647e-07
1.15149e-07
5.64339e-08
2.62083e-08
1.16991e-08
5.05923e-09
2.13025e-09
8.76202e-10
3.52785e-10
1.39242e-10
5.39368e-11
2.05264e-11
7.68273e-12
2.83125e-12
1.02836e-12
3.68519e-13
1.30421e-13
4.56358e-14
1.58042e-14
5.42221e-15
1.84484e-15
6.23074e-16
2.09081e-16
6.97692e-17
2.31718e-17
7.66551e-18
2.5249e-18
8.23273e-19
2.59426e-19
7.2417e-20
1.05568e-20
1
1
1
1
1
1
1
1
1
1
1
0.999999
0.999998
0.999995
0.999989
0.999973
0.999938
0.999859
0.999686
0.99932
0.998565
0.997064
0.994199
0.988995
0.980246
0.966563
0.946723
0.920024
0.886473
0.846723
0.801861
0.753171
0.701962
0.649458
0.596742
0.544722
0.494129
0.445522
0.399305
0.355751
0.315021
0.277187
0.242246
0.210139
0.180769
0.154009
0.129718
0.107745
0.0879386
0.0701593
0.0542843
0.0403855
0.0287123
0.018242
0.00994402
0.00451609
0.0019892
0.000840571
0.000337372
0.000127316
4.47285e-05
1.4606e-05
4.8165e-06
2.40528e-06
1.67075e-06
1.18027e-06
7.96931e-07
5.09121e-07
3.09846e-07
1.85766e-07
1.14602e-07
5.61634e-08
2.60787e-08
1.16437e-08
5.03613e-09
2.12086e-09
8.72485e-10
3.51346e-10
1.38696e-10
5.37323e-11
2.04507e-11
7.65486e-12
2.82085e-12
1.02447e-12
3.67084e-13
1.29911e-13
4.54489e-14
1.57364e-14
5.39751e-15
1.83585e-15
6.19808e-16
2.07898e-16
6.93418e-17
2.30174e-17
7.60937e-18
2.50417e-18
8.15524e-19
2.56618e-19
7.15415e-20
1.04222e-20
1
1
1
1
1
1
1
1
1
1
1
0.999999
0.999998
0.999995
0.999988
0.999973
0.999937
0.999857
0.999683
0.999313
0.99855
0.997036
0.994146
0.988902
0.980096
0.966338
0.946412
0.919623
0.885988
0.846169
0.801255
0.752531
0.701305
0.6488
0.596094
0.544095
0.493529
0.444955
0.398774
0.355257
0.314566
0.27677
0.241865
0.209793
0.180455
0.153727
0.129464
0.107517
0.0877356
0.0699789
0.0541251
0.0402536
0.0285988
0.0181503
0.00987777
0.00448498
0.00197486
0.00083418
0.00033465
0.000126222
4.4318e-05
1.44658e-05
4.7763e-06
2.39363e-06
1.66423e-06
1.17555e-06
7.93618e-07
5.06929e-07
3.08539e-07
1.85027e-07
1.14136e-07
5.59284e-08
2.59694e-08
1.1595e-08
5.01528e-09
2.11226e-09
8.69036e-10
3.49996e-10
1.38176e-10
5.35356e-11
2.0377e-11
7.62747e-12
2.81073e-12
1.02075e-12
3.65711e-13
1.29402e-13
4.5267e-14
1.56694e-14
5.37323e-15
1.82709e-15
6.16649e-16
2.06763e-16
6.89356e-17
2.28725e-17
7.5575e-18
2.48526e-18
8.08475e-19
2.54032e-19
7.07218e-20
1.02949e-20
1
1
1
1
1
1
1
1
1
1
1
0.999999
0.999998
0.999995
0.999988
0.999973
0.999937
0.999856
0.99968
0.999307
0.998538
0.997012
0.994101
0.988826
0.979973
0.966153
0.946155
0.919291
0.885587
0.84571
0.800753
0.752001
0.70076
0.648253
0.595555
0.543572
0.49303
0.444483
0.398332
0.354846
0.314187
0.276422
0.241548
0.209505
0.180196
0.153493
0.129255
0.10733
0.087569
0.0698315
0.0539956
0.0401473
0.028509
0.0180767
0.00982443
0.00445992
0.00196331
0.000829037
0.000332461
0.000125342
4.39886e-05
1.43534e-05
4.7444e-06
2.38437e-06
1.659e-06
1.17175e-06
7.90956e-07
5.05161e-07
3.07471e-07
1.84407e-07
1.13733e-07
5.57177e-08
2.58674e-08
1.15485e-08
4.99536e-09
2.1041e-09
8.65806e-10
3.48745e-10
1.37699e-10
5.33547e-11
2.0309e-11
7.60205e-12
2.80128e-12
1.01726e-12
3.64426e-13
1.28929e-13
4.50925e-14
1.56067e-14
5.35072e-15
1.81899e-15
6.13747e-16
2.05727e-16
6.85675e-17
2.27421e-17
7.5112e-18
2.46869e-18
8.02507e-19
2.51944e-19
7.0087e-20
1.01984e-20
1
1
1
1
1
1
1
1
1
1
1
0.999999
0.999998
0.999995
0.999988
0.999972
0.999936
0.999855
0.999678
0.999302
0.998529
0.996993
0.994067
0.988765
0.979874
0.966006
0.94595
0.919027
0.885268
0.845345
0.800353
0.751577
0.700325
0.647816
0.595125
0.543155
0.492631
0.444105
0.397978
0.354518
0.313885
0.276145
0.241296
0.209277
0.179989
0.153307
0.129088
0.107181
0.087437
0.0697147
0.0538929
0.0400624
0.0284361
0.018018
0.00978229
0.00444019
0.00195425
0.000825005
0.000330748
0.000124655
4.37315e-05
1.42659e-05
4.71975e-06
2.37719e-06
1.65492e-06
1.16878e-06
7.88861e-07
5.03753e-07
3.06597e-07
1.83877e-07
1.13372e-07
5.55182e-08
2.57659e-08
1.15019e-08
4.97542e-09
2.09605e-09
8.62681e-10
3.47559e-10
1.37254e-10
5.31887e-11
2.02472e-11
7.57904e-12
2.79275e-12
1.01411e-12
3.63271e-13
1.28508e-13
4.49396e-14
1.55515e-14
5.33091e-15
1.81189e-15
6.11218e-16
2.04832e-16
6.82515e-17
2.26308e-17
7.47199e-18
2.4548e-18
7.97591e-19
2.5026e-19
6.95849e-20
1.01228e-20
1
1
1
1
1
1
1
1
1
1
1
0.999999
0.999998
0.999995
0.999988
0.999972
0.999936
0.999854
0.999676
0.999298
0.998522
0.99698
0.99404
0.98872
0.979801
0.965896
0.945797
0.91883
0.88503
0.845072
0.800053
0.751261
0.7
0.647489
0.594803
0.542843
0.492332
0.443823
0.397714
0.354273
0.313658
0.275938
0.241107
0.209106
0.179835
0.153169
0.128964
0.107071
0.087339
0.069628
0.0538168
0.0399998
0.0283828
0.017975
0.00975132
0.00442568
0.00194757
0.000822037
0.000329487
0.000124148
4.3542e-05
1.42015e-05
4.70173e-06
2.37196e-06
1.65193e-06
1.16658e-06
7.87298e-07
5.02699e-07
3.05945e-07
1.8349e-07
1.13119e-07
5.53769e-08
2.5698e-08
1.14708e-08
4.96182e-09
2.09034e-09
8.60357e-10
3.46637e-10
1.36895e-10
5.30509e-11
2.01949e-11
7.55946e-12
2.78548e-12
1.01143e-12
3.62294e-13
1.28153e-13
4.48117e-14
1.55059e-14
5.3145e-15
1.80608e-15
6.09167e-16
2.0411e-16
6.79983e-17
2.25422e-17
7.44092e-18
2.44387e-18
7.93747e-19
2.48955e-19
6.91983e-20
1.00648e-20
1
1
1
1
1
1
1
1
1
1
1
0.999999
0.999998
0.999995
0.999988
0.999972
0.999936
0.999854
0.999675
0.999296
0.998517
0.99697
0.994023
0.98869
0.979753
0.965823
0.945697
0.9187
0.884872
0.844891
0.799855
0.751051
0.699784
0.647272
0.594589
0.542636
0.492134
0.443636
0.397538
0.35411
0.313508
0.275801
0.240982
0.208992
0.179733
0.153077
0.128882
0.106998
0.0872742
0.0695709
0.0537668
0.0399588
0.0283479
0.0179467
0.00973092
0.00441612
0.00194318
0.00082008
0.000328654
0.000123814
4.34169e-05
1.4159e-05
4.68993e-06
2.36854e-06
1.64995e-06
1.16512e-06
7.86254e-07
5.01993e-07
3.05505e-07
1.83221e-07
1.1294e-07
5.52789e-08
2.56495e-08
1.14481e-08
4.95169e-09
2.086e-09
8.5856e-10
3.45915e-10
1.36612e-10
5.29425e-11
2.01541e-11
7.5443e-12
2.77992e-12
1.00941e-12
3.61563e-13
1.27891e-13
4.4718e-14
1.54723e-14
5.30269e-15
1.80192e-15
6.07709e-16
2.036e-16
6.78204e-17
2.24802e-17
7.41932e-18
2.43631e-18
7.91112e-19
2.48067e-19
6.89373e-20
1.00258e-20
1
1
1
1
1
1
1
1
1
1
1
0.999999
0.999998
0.999995
0.999988
0.999972
0.999935
0.999853
0.999675
0.999295
0.998515
0.996966
0.994016
0.988676
0.979731
0.96579
0.94565
0.91864
0.884799
0.844807
0.799762
0.750952
0.699681
0.647168
0.594487
0.542536
0.492038
0.443545
0.397453
0.35403
0.313435
0.275733
0.24092
0.208937
0.179683
0.153032
0.128842
0.106962
0.0872419
0.0695423
0.0537416
0.039938
0.0283301
0.0179322
0.00972052
0.00441123
0.00194092
0.000819074
0.000328225
0.000123641
4.33522e-05
1.41369e-05
4.68373e-06
2.36669e-06
1.64889e-06
1.16435e-06
7.85713e-07
5.01632e-07
3.05279e-07
1.83078e-07
1.12841e-07
5.52223e-08
2.56208e-08
1.14345e-08
4.94557e-09
2.08337e-09
8.57475e-10
3.45482e-10
1.36444e-10
5.28792e-11
2.01306e-11
7.53574e-12
2.77683e-12
1.0083e-12
3.61168e-13
1.27751e-13
4.46683e-14
1.54547e-14
5.2965e-15
1.79975e-15
6.06949e-16
2.03334e-16
6.77278e-17
2.2448e-17
7.4081e-18
2.4324e-18
7.89755e-19
2.47613e-19
6.88045e-20
1.0006e-20
1
1
1
1
1
1
1
1
1
1
1
0.999999
0.999998
0.999995
0.999988
0.999972
0.999935
0.999853
0.999675
0.999295
0.998515
0.996966
0.994015
0.988676
0.97973
0.965789
0.945649
0.918638
0.884797
0.844804
0.799759
0.750949
0.699678
0.647166
0.594484
0.542533
0.492036
0.443542
0.397451
0.354029
0.313433
0.275732
0.240919
0.208935
0.179681
0.153031
0.12884
0.10696
0.0872407
0.0695412
0.0537405
0.039937
0.0283292
0.0179315
0.00971993
0.00441095
0.00194079
0.000819011
0.000328198
0.00012363
4.33477e-05
1.41353e-05
4.68326e-06
2.36652e-06
1.64877e-06
1.16425e-06
7.8563e-07
5.0157e-07
3.05236e-07
1.83049e-07
1.12821e-07
5.52105e-08
2.56148e-08
1.14315e-08
4.94425e-09
2.0828e-09
8.57245e-10
3.45393e-10
1.36412e-10
5.28675e-11
2.01266e-11
7.53437e-12
2.77637e-12
1.00815e-12
3.61118e-13
1.27734e-13
4.46627e-14
1.54529e-14
5.29587e-15
1.79954e-15
6.06876e-16
2.0331e-16
6.77195e-17
2.24452e-17
7.40713e-18
2.43207e-18
7.89653e-19
2.47583e-19
6.8797e-20
1.0005e-20
1
1
1
1
1
1
1
1
1
1
1
0.999999
0.999998
0.999995
0.999988
0.999972
0.999936
0.999854
0.999675
0.999296
0.998517
0.99697
0.994023
0.988689
0.979751
0.96582
0.945692
0.918695
0.884866
0.844884
0.799848
0.751044
0.699776
0.647265
0.594582
0.542629
0.492128
0.44363
0.397533
0.354105
0.313503
0.275796
0.240977
0.208988
0.179729
0.153073
0.128879
0.106994
0.0872707
0.0695675
0.0537635
0.0399558
0.028345
0.0179442
0.009729
0.00441516
0.00194271
0.000819859
0.000328555
0.000123772
4.34002e-05
1.41529e-05
4.688e-06
2.36782e-06
1.64949e-06
1.16478e-06
7.86005e-07
5.01818e-07
3.05389e-07
1.83144e-07
1.12886e-07
5.52478e-08
2.56336e-08
1.14405e-08
4.94827e-09
2.08453e-09
8.57961e-10
3.4568e-10
1.36524e-10
5.29104e-11
2.01427e-11
7.54035e-12
2.77856e-12
1.00895e-12
3.61406e-13
1.27838e-13
4.47e-14
1.54662e-14
5.30062e-15
1.80122e-15
6.0747e-16
2.03519e-16
6.77929e-17
2.24709e-17
7.41618e-18
2.43527e-18
7.90784e-19
2.47971e-19
6.89127e-20
1.00224e-20
1
1
1
1
1
1
1
1
1
1
1
0.999999
0.999998
0.999995
0.999988
0.999972
0.999936
0.999854
0.999676
0.999298
0.998521
0.996979
0.994039
0.988717
0.979797
0.96589
0.94579
0.918821
0.885019
0.84506
0.80004
0.751248
0.699987
0.647476
0.594791
0.542832
0.492321
0.443813
0.397704
0.354264
0.31365
0.27593
0.241099
0.209098
0.179828
0.153162
0.128958
0.107065
0.0873332
0.0696225
0.0538115
0.0399951
0.0283783
0.017971
0.00974823
0.00442413
0.00194682
0.000821681
0.000329326
0.00012408
4.3515e-05
1.41917e-05
4.69863e-06
2.37079e-06
1.65118e-06
1.16603e-06
7.86902e-07
5.02428e-07
3.05771e-07
1.83378e-07
1.13042e-07
5.5335e-08
2.56773e-08
1.14611e-08
4.95752e-09
2.0885e-09
8.59601e-10
3.46336e-10
1.36779e-10
5.30076e-11
2.01791e-11
7.55378e-12
2.78347e-12
1.01073e-12
3.62047e-13
1.28067e-13
4.4782e-14
1.54955e-14
5.31101e-15
1.80488e-15
6.0876e-16
2.03972e-16
6.79517e-17
2.25264e-17
7.43562e-18
2.44211e-18
7.93189e-19
2.48789e-19
6.91553e-20
1.00588e-20
1
1
1
1
1
1
1
1
1
1
1
0.999999
0.999998
0.999995
0.999988
0.999972
0.999936
0.999855
0.999678
0.999302
0.998528
0.996993
0.994065
0.988762
0.979869
0.965998
0.94594
0.919015
0.885253
0.845328
0.800335
0.751559
0.700307
0.647798
0.595108
0.543139
0.492616
0.444091
0.397965
0.354506
0.313873
0.276134
0.241285
0.209266
0.17998
0.153298
0.129079
0.107173
0.087429
0.069707
0.0538854
0.0400558
0.0284299
0.0180126
0.00977804
0.00443806
0.0019532
0.000824514
0.000330527
0.000124561
4.36943e-05
1.42524e-05
4.71545e-06
2.37556e-06
1.65389e-06
1.16805e-06
7.88354e-07
5.03421e-07
3.06391e-07
1.83748e-07
1.13284e-07
5.54691e-08
2.57433e-08
1.14918e-08
4.97103e-09
2.09419e-09
8.61907e-10
3.47245e-10
1.3713e-10
5.31408e-11
2.0229e-11
7.57229e-12
2.79028e-12
1.01321e-12
3.6295e-13
1.28394e-13
4.48995e-14
1.55375e-14
5.32603e-15
1.81023e-15
6.10652e-16
2.04639e-16
6.8186e-17
2.26087e-17
7.46452e-18
2.45232e-18
7.96796e-19
2.50021e-19
6.95219e-20
1.01139e-20
1
1
1
1
1
1
1
1
1
1
1
0.999999
0.999998
0.999995
0.999988
0.999973
0.999937
0.999856
0.99968
0.999306
0.998538
0.997011
0.994099
0.988822
0.979966
0.966144
0.946142
0.919275
0.885568
0.845689
0.80073
0.751977
0.700737
0.64823
0.595533
0.543552
0.49301
0.444464
0.398314
0.35483
0.314172
0.276408
0.241534
0.209492
0.180183
0.153481
0.129243
0.107319
0.0875587
0.0698216
0.053986
0.0401385
0.0285003
0.0180695
0.00981897
0.0044572
0.00196199
0.000828413
0.00033218
0.000125223
4.39412e-05
1.43362e-05
4.73887e-06
2.38226e-06
1.65769e-06
1.17084e-06
7.90349e-07
5.04776e-07
3.07239e-07
1.84265e-07
1.13637e-07
5.56708e-08
2.58439e-08
1.15378e-08
4.99066e-09
2.1021e-09
8.64972e-10
3.48402e-10
1.37561e-10
5.33003e-11
2.0288e-11
7.59405e-12
2.7983e-12
1.01615e-12
3.64026e-13
1.28786e-13
4.50416e-14
1.55888e-14
5.34448e-15
1.81684e-15
6.13014e-16
2.05478e-16
6.84829e-17
2.27135e-17
7.50163e-18
2.46555e-18
8.01517e-19
2.51651e-19
7.00113e-20
1.01879e-20
1
1
1
1
1
1
1
1
1
1
1
0.999999
0.999998
0.999995
0.999988
0.999973
0.999937
0.999857
0.999683
0.999312
0.99855
0.997034
0.994143
0.988898
0.980089
0.966327
0.946397
0.919604
0.885965
0.846143
0.801228
0.752503
0.701277
0.648773
0.596068
0.544069
0.493505
0.444932
0.398752
0.355237
0.314547
0.276752
0.241848
0.209777
0.18044
0.153712
0.12945
0.107504
0.0877233
0.0699673
0.0541142
0.0402446
0.0285915
0.0181431
0.00987178
0.0044819
0.00197333
0.000833449
0.000334317
0.000126079
4.42611e-05
1.44449e-05
4.76955e-06
2.39104e-06
1.66263e-06
1.17446e-06
7.92909e-07
5.06489e-07
3.08279e-07
1.84871e-07
1.14031e-07
5.58735e-08
2.59433e-08
1.15831e-08
5.01003e-09
2.11e-09
8.68085e-10
3.49601e-10
1.38016e-10
5.34717e-11
2.03521e-11
7.61791e-12
2.80713e-12
1.01941e-12
3.65224e-13
1.29226e-13
4.52042e-14
1.56477e-14
5.36561e-15
1.82444e-15
6.15742e-16
2.06454e-16
6.88309e-17
2.28373e-17
7.54582e-18
2.4815e-18
8.07321e-19
2.53704e-19
7.06404e-20
1.02839e-20
1
1
1
1
1
1
1
1
1
1
1
0.999999
0.999998
0.999995
0.999989
0.999973
0.999938
0.999859
0.999686
0.999319
0.998564
0.997063
0.994196
0.98899
0.980238
0.96655
0.946706
0.920002
0.886446
0.846693
0.801829
0.753139
0.701929
0.649426
0.596711
0.544693
0.494101
0.445495
0.39928
0.355727
0.314999
0.277166
0.242226
0.21012
0.180751
0.153992
0.129702
0.107729
0.0879238
0.070145
0.0542706
0.0403731
0.0287002
0.018232
0.00993628
0.00451222
0.00198731
0.000839676
0.000336968
0.000127144
4.46601e-05
1.4581e-05
4.80833e-06
2.40214e-06
1.66885e-06
1.179e-06
7.96114e-07
5.08619e-07
3.09552e-07
1.85589e-07
1.1448e-07
5.60976e-08
2.60475e-08
1.16297e-08
5.03002e-09
2.11825e-09
8.71381e-10
3.50887e-10
1.38509e-10
5.36575e-11
2.04214e-11
7.64359e-12
2.81659e-12
1.02289e-12
3.66506e-13
1.29703e-13
4.53757e-14
1.57104e-14
5.38844e-15
1.83271e-15
6.18728e-16
2.0753e-16
6.92168e-17
2.29754e-17
7.59551e-18
2.49976e-18
8.14204e-19
2.56257e-19
7.14561e-20
1.04109e-20
1
1
1
1
1
1
1
1
1
1
1
0.999999
0.999998
0.999995
0.999989
0.999973
0.999939
0.999861
0.99969
0.999328
0.998581
0.997096
0.994259
0.989099
0.980413
0.966813
0.94707
0.920471
0.887012
0.84734
0.802536
0.753884
0.702693
0.650192
0.597464
0.545421
0.494797
0.446153
0.399896
0.356299
0.315527
0.277651
0.242669
0.210523
0.181116
0.154322
0.129999
0.107996
0.0881626
0.0703577
0.0544586
0.040529
0.028834
0.0183408
0.0100151
0.00454926
0.00200439
0.000847298
0.000340216
0.000128452
4.51506e-05
1.47488e-05
4.85669e-06
2.41603e-06
1.67658e-06
1.18461e-06
8.00051e-07
5.11217e-07
3.1109e-07
1.86444e-07
1.1501e-07
5.63583e-08
2.61715e-08
1.16829e-08
5.05213e-09
2.12722e-09
8.74923e-10
3.52253e-10
1.39025e-10
5.38499e-11
2.04924e-11
7.66996e-12
2.82641e-12
1.02655e-12
3.67859e-13
1.30183e-13
4.55507e-14
1.57739e-14
5.41165e-15
1.84118e-15
6.21815e-16
2.08651e-16
6.96233e-17
2.31228e-17
7.64937e-18
2.51979e-18
8.21754e-19
2.59014e-19
7.23202e-20
1.05441e-20
1
1
1
1
1
1
1
1
1
1
1
0.999999
0.999998
0.999995
0.999989
0.999974
0.99994
0.999863
0.999695
0.999338
0.998601
0.997136
0.994332
0.989225
0.980618
0.967119
0.947493
0.921014
0.887666
0.848085
0.803348
0.754739
0.703569
0.651068
0.598323
0.546252
0.49559
0.446903
0.400598
0.356952
0.31613
0.278206
0.243176
0.210986
0.181537
0.154704
0.130344
0.108307
0.088442
0.0706077
0.0546809
0.0407142
0.0289932
0.0184712
0.0101099
0.0045939
0.00202503
0.000856524
0.000344158
0.000130042
4.57484e-05
1.49539e-05
4.91656e-06
2.43333e-06
1.68613e-06
1.19147e-06
8.04821e-07
5.14336e-07
3.12928e-07
1.87474e-07
1.15657e-07
5.66824e-08
2.63172e-08
1.17506e-08
5.07985e-09
2.13804e-09
8.79101e-10
3.53833e-10
1.39612e-10
5.40653e-11
2.05708e-11
7.6977e-12
2.83618e-12
1.02998e-12
3.69074e-13
1.30633e-13
4.57184e-14
1.58361e-14
5.43436e-15
1.84941e-15
6.2482e-16
2.09755e-16
7.00289e-17
2.32727e-17
7.70591e-18
2.5418e-18
8.30488e-19
2.62346e-19
7.3393e-20
1.07113e-20
1
1
1
1
1
1
1
1
1
1
1
0.999999
0.999998
0.999995
0.999989
0.999974
0.999941
0.999865
0.9997
0.999349
0.998624
0.99718
0.994415
0.98937
0.98085
0.967466
0.947973
0.921631
0.888408
0.848929
0.804268
0.755705
0.704555
0.652052
0.599288
0.547184
0.496479
0.447741
0.401383
0.357683
0.316807
0.278828
0.243748
0.211509
0.182014
0.155138
0.130739
0.108664
0.0887651
0.0708986
0.0549412
0.0409324
0.0291822
0.0186267
0.0102235
0.00464747
0.00204986
0.000867656
0.000348927
0.000131971
4.6476e-05
1.52046e-05
4.99061e-06
2.45475e-06
1.69784e-06
1.19982e-06
8.10582e-07
5.18062e-07
3.15095e-07
1.88668e-07
1.16395e-07
5.7043e-08
2.64843e-08
1.18227e-08
5.11171e-09
2.15083e-09
8.83758e-10
3.55445e-10
1.40161e-10
5.42498e-11
2.06323e-11
7.71848e-12
2.84327e-12
1.03244e-12
3.69949e-13
1.30949e-13
4.58352e-14
1.5881e-14
5.45223e-15
1.85654e-15
6.27561e-16
2.10776e-16
7.04074e-17
2.34161e-17
7.76286e-18
2.56586e-18
8.40957e-19
2.66657e-19
7.48506e-20
1.09432e-20
1
1
1
1
1
1
1
1
1
1
1
0.999999
0.999998
0.999996
0.999989
0.999975
0.999942
0.999868
0.999706
0.999362
0.998651
0.997232
0.994512
0.989536
0.981117
0.967862
0.948518
0.922327
0.889241
0.849874
0.805292
0.756777
0.705646
0.653139
0.60035
0.548207
0.497454
0.448662
0.402246
0.358486
0.31755
0.279515
0.24438
0.21209
0.182546
0.155625
0.131184
0.109071
0.0891354
0.0712346
0.0552443
0.0411885
0.0294055
0.0188118
0.0103593
0.00471181
0.00207978
0.000881119
0.000354716
0.000134322
4.73656e-05
1.55124e-05
5.08263e-06
2.48137e-06
1.71223e-06
1.21003e-06
8.17577e-07
5.22537e-07
3.17656e-07
1.90042e-07
1.1722e-07
5.74246e-08
2.66497e-08
1.18886e-08
5.13646e-09
2.16012e-09
8.87221e-10
3.56714e-10
1.40584e-10
5.4383e-11
2.06725e-11
7.73021e-12
2.8466e-12
1.0334e-12
3.70237e-13
1.31046e-13
4.58725e-14
1.58968e-14
5.45928e-15
1.85974e-15
6.29032e-16
2.11442e-16
7.06938e-17
2.35377e-17
7.81711e-18
2.59221e-18
8.5405e-19
2.72597e-19
7.69754e-20
1.1289e-20
1
1
1
1
1
1
1
1
1
1
1
0.999999
0.999998
0.999996
0.99999
0.999976
0.999943
0.999871
0.999713
0.999377
0.99868
0.997289
0.994617
0.989718
0.98141
0.968299
0.94912
0.923098
0.890164
0.850918
0.806421
0.757955
0.70684
0.654322
0.601503
0.549315
0.498507
0.449654
0.403175
0.359352
0.318355
0.28026
0.245069
0.212726
0.183133
0.156166
0.131682
0.109529
0.0895566
0.0716208
0.0555965
0.0414894
0.0296704
0.019033
0.0105226
0.00478931
0.00211596
0.000897467
0.000361778
0.000137202
4.84605e-05
1.58931e-05
5.19771e-06
2.51463e-06
1.73005e-06
1.22261e-06
8.2612e-07
5.27931e-07
3.20706e-07
1.91669e-07
1.18194e-07
5.78762e-08
2.68461e-08
1.19686e-08
5.16693e-09
2.17124e-09
8.90988e-10
3.57825e-10
1.40885e-10
5.44497e-11
2.06808e-11
7.72795e-12
2.84423e-12
1.03212e-12
3.69677e-13
1.30829e-13
4.57957e-14
1.5872e-14
5.45209e-15
1.858e-15
6.2876e-16
2.1148e-16
7.07654e-17
2.35955e-17
7.85963e-18
2.6207e-18
8.70639e-19
2.80579e-19
7.9873e-20
1.17615e-20
1
1
1
1
1
1
1
1
1
1
1
0.999999
0.999998
0.999996
0.99999
0.999976
0.999945
0.999875
0.999722
0.999394
0.998715
0.997356
0.99474
0.989933
0.981751
0.9688
0.949803
0.92396
0.891184
0.85206
0.807645
0.759223
0.708118
0.655581
0.602724
0.550484
0.499615
0.450697
0.404152
0.360264
0.319204
0.281051
0.245804
0.213409
0.183769
0.156758
0.132232
0.110041
0.0900313
0.0720601
0.0560014
0.0418392
0.0299847
0.0192967
0.0107188
0.00488314
0.00216007
0.000917543
0.000370507
0.000140785
4.98295e-05
1.63703e-05
5.34041e-06
2.55584e-06
1.75231e-06
1.23838e-06
8.36691e-07
5.34473e-07
3.24334e-07
1.93571e-07
1.19324e-07
5.83644e-08
2.70555e-08
1.20498e-08
5.19556e-09
2.18023e-09
8.93313e-10
3.58245e-10
1.4086e-10
5.43798e-11
2.06346e-11
7.70438e-12
2.83352e-12
1.02764e-12
3.67917e-13
1.30173e-13
4.55621e-14
1.57924e-14
5.42607e-15
1.84984e-15
6.26303e-16
2.10764e-16
7.05791e-17
2.35797e-17
7.89802e-18
2.66385e-18
8.99923e-19
2.95246e-19
8.52189e-20
1.26309e-20
1
1
1
1
1
1
1
1
1
1
1
0.999999
0.999998
0.999996
0.99999
0.999977
0.999947
0.999879
0.99973
0.999412
0.998751
0.997425
0.994869
0.990158
0.982109
0.969331
0.950529
0.924884
0.89228
0.853287
0.808957
0.760573
0.709469
0.656904
0.603998
0.551695
0.500756
0.451768
0.405153
0.3612
0.320079
0.28187
0.246572
0.21413
0.184447
0.157396
0.132833
0.110606
0.0905626
0.0725578
0.0564646
0.0422403
0.0303396
0.0196088
0.0109576
0.00499858
0.00221492
0.000942729
0.000381546
0.000145346
5.15827e-05
1.69851e-05
5.52627e-06
2.61038e-06
1.7815e-06
1.25859e-06
8.49895e-07
5.42444e-07
3.28615e-07
1.95468e-07
1.18691e-07
6.09579e-08
2.7409e-08
1.21467e-08
5.22566e-09
2.18758e-09
8.94375e-10
3.57977e-10
1.40519e-10
5.4158e-11
2.05195e-11
7.65119e-12
2.81076e-12
1.01844e-12
3.64367e-13
1.28856e-13
4.50904e-14
1.56287e-14
5.37098e-15
1.83181e-15
6.20526e-16
2.08923e-16
7.00011e-17
2.34589e-17
7.96582e-18
2.76992e-18
9.7274e-19
3.28101e-19
9.59741e-20
1.42784e-20
1
1
1
1
1
1
1
1
1
1
1
0.999999
0.999998
0.999996
0.999991
0.999978
0.999949
0.999884
0.999741
0.999434
0.998795
0.997511
0.995025
0.99043
0.982539
0.969958
0.951374
0.925936
0.893502
0.854628
0.810361
0.761992
0.710864
0.658249
0.605275
0.552896
0.50188
0.452817
0.406133
0.362117
0.320941
0.282684
0.247345
0.214866
0.18515
0.158069
0.133477
0.111222
0.0911505
0.073117
0.0569944
0.0427116
0.0307771
0.0200121
0.0112702
0.00515108
0.00228785
0.000976374
0.000396337
0.000151472
5.39429e-05
1.78168e-05
5.78406e-06
2.68687e-06
1.82085e-06
1.28477e-06
8.66454e-07
5.52165e-07
3.33746e-07
1.98074e-07
1.19875e-07
6.15972e-08
2.75989e-08
1.21946e-08
5.23372e-09
2.18617e-09
8.91891e-10
3.56189e-10
1.39484e-10
5.36386e-11
2.02807e-11
7.54839e-12
2.7688e-12
1.00201e-12
3.58158e-13
1.26579e-13
4.42776e-14
1.53457e-14
5.27462e-15
1.79966e-15
6.09934e-16
2.05384e-16
6.87169e-17
2.29545e-17
7.9981e-18
3.10289e-18
1.34054e-18
4.53506e-19
1.31932e-19
1.94922e-20
1
1
1
1
1
1
1
1
1
1
1
0.999999
0.999998
0.999996
0.999991
0.999979
0.999952
0.99989
0.999752
0.999458
0.998842
0.997601
0.995189
0.990712
0.982978
0.970594
0.952223
0.926988
0.894722
0.855962
0.811753
0.763391
0.712229
0.659551
0.606497
0.554032
0.502931
0.45379
0.407038
0.362966
0.321745
0.283452
0.248086
0.215588
0.185855
0.158759
0.134152
0.111878
0.0917823
0.0737159
0.0575468
0.0431724
0.0311324
0.0207129
0.0117525
0.0053813
0.00239531
0.00102507
0.000417475
0.00016015
5.72673e-05
1.8985e-05
6.14735e-06
2.79528e-06
1.87381e-06
1.31842e-06
8.87168e-07
5.64206e-07
3.4005e-07
2.00918e-07
1.20189e-07
6.35913e-08
2.80823e-08
1.22884e-08
5.24513e-09
2.18202e-09
8.86833e-10
3.52928e-10
1.37763e-10
5.28204e-11
1.99179e-11
7.39558e-12
2.70701e-12
9.77893e-13
3.49026e-13
1.23214e-13
4.30678e-14
1.49204e-14
5.12807e-15
1.75e-15
5.93262e-16
1.99752e-16
6.67881e-17
2.24227e-17
8.38717e-18
3.73454e-18
1.20886e-18
3.90633e-19
1.30083e-19
2.85348e-20
1
1
1
1
1
1
1
1
1
1
1
0.999999
0.999999
0.999997
0.999992
0.999981
0.999955
0.999896
0.999766
0.999485
0.998896
0.997704
0.995378
0.991042
0.983501
0.971358
0.953251
0.928259
0.896173
0.857511
0.813314
0.764896
0.713631
0.660824
0.607635
0.555042
0.503828
0.454594
0.407772
0.36365
0.322399
0.284092
0.248724
0.216232
0.186511
0.159428
0.134833
0.112567
0.0924733
0.0744001
0.0582148
0.043814
0.0317345
0.0212948
0.0122381
0.00567199
0.00253293
0.00108823
0.000445198
0.000171647
6.17134e-05
2.05628e-05
6.6464e-06
2.94196e-06
1.94029e-06
1.3588e-06
9.11504e-07
5.7808e-07
3.47033e-07
2.0387e-07
1.20768e-07
6.51863e-08
2.84929e-08
1.23238e-08
5.22611e-09
2.16332e-09
8.74761e-10
3.46333e-10
1.34534e-10
5.13563e-11
1.92909e-11
7.13903e-12
2.60586e-12
9.39242e-13
3.3465e-13
1.17992e-13
4.12109e-14
1.42724e-14
4.90576e-15
1.67478e-15
5.67971e-16
1.91141e-16
6.38469e-17
2.21399e-17
9.00894e-18
3.91928e-18
1.22508e-18
3.77595e-19
1.04489e-19
2.11702e-20
1
1
1
1
1
1
1
1
1
1
1
0.999999
0.999999
0.999997
0.999992
0.999982
0.999958
0.999903
0.999782
0.999518
0.998963
0.997831
0.995608
0.991432
0.984095
0.972186
0.954305
0.929484
0.897491
0.85884
0.814588
0.766068
0.714674
0.661728
0.608404
0.555689
0.504376
0.455069
0.408198
0.364054
0.322804
0.284515
0.249177
0.216726
0.187052
0.160018
0.13547
0.113246
0.0931857
0.0751348
0.0589581
0.0445492
0.0324287
0.0219423
0.0128015
0.00606025
0.00271487
0.00117128
0.000481611
0.000186777
6.75906e-05
2.26585e-05
7.29761e-06
3.08493e-06
2.003e-06
1.40276e-06
9.41294e-07
5.96535e-07
3.56937e-07
2.08374e-07
1.22155e-07
6.68187e-08
2.89739e-08
1.23675e-08
5.1903e-09
2.13156e-09
8.56114e-10
3.36856e-10
1.30097e-10
4.9399e-11
1.84676e-11
6.80577e-12
2.47524e-12
8.8944e-13
3.16116e-13
1.11242e-13
3.87992e-14
1.34256e-14
4.61288e-15
1.57467e-15
5.33894e-16
1.79501e-16
6.02325e-17
2.22005e-17
9.98178e-18
3.35804e-18
1.12006e-18
3.56506e-19
9.77096e-20
1.74764e-20
1
1
1
1
1
1
1
1
1
1
1
1
0.999999
0.999997
0.999993
0.999983
0.999961
0.99991
0.999796
0.999547
0.999021
0.997941
0.995807
0.991776
0.984627
0.972946
0.955309
0.930727
0.898911
0.860333
0.816036
0.767368
0.715756
0.662554
0.608964
0.556009
0.504508
0.455076
0.408146
0.363989
0.322761
0.284526
0.249272
0.216918
0.187343
0.160404
0.135946
0.113805
0.0938156
0.0758225
0.0596868
0.0452989
0.0331578
0.022622
0.0134043
0.00651284
0.00292707
0.00126851
0.000524501
0.000204749
7.46448e-05
2.52042e-05
8.10154e-06
3.26169e-06
2.07681e-06
1.45343e-06
9.74146e-07
6.15198e-07
3.65753e-07
2.11669e-07
1.22827e-07
6.76686e-08
2.90897e-08
1.2279e-08
5.09554e-09
2.07245e-09
8.25707e-10
3.22592e-10
1.23783e-10
4.6721e-11
1.73696e-11
6.36737e-12
2.30429e-12
8.24247e-13
2.91773e-13
1.02329e-13
3.55957e-14
1.22935e-14
4.21889e-15
1.43929e-15
4.87825e-16
1.64036e-16
5.58499e-17
2.19436e-17
9.83398e-18
3.18639e-18
1.03592e-18
3.26809e-19
9.10401e-20
1.36347e-20
1
1
1
1
1
1
1
1
1
1
1
1
0.999999
0.999998
0.999994
0.999986
0.999967
0.999923
0.999825
0.999608
0.999142
0.998174
0.996235
0.992512
0.985753
0.97451
0.957254
0.932855
0.900979
0.862127
0.817421
0.768295
0.716247
0.662683
0.608839
0.555722
0.504125
0.454645
0.407704
0.363577
0.322418
0.284273
0.249114
0.216858
0.187387
0.160555
0.136198
0.114146
0.0942336
0.0763033
0.0602163
0.0458627
0.0336898
0.0231258
0.013861
0.00686674
0.00309492
0.00134654
0.000559558
0.000219778
8.07117e-05
2.74694e-05
8.84735e-06
3.43218e-06
2.14242e-06
1.50483e-06
1.012e-06
6.39264e-07
3.77865e-07
2.16196e-07
1.23599e-07
6.84258e-08
2.90652e-08
1.20082e-08
4.87082e-09
1.94112e-09
7.59664e-10
2.92113e-10
1.10515e-10
4.11994e-11
1.51572e-11
5.51151e-12
1.98335e-12
7.07068e-13
2.49966e-13
8.77123e-14
3.05758e-14
1.05967e-14
3.65331e-15
1.2528e-15
4.26643e-16
1.44272e-16
5.09961e-17
2.16141e-17
9.54624e-18
3.04604e-18
9.7687e-19
3.05449e-19
8.4949e-20
1.23689e-20
)
;

boundaryField
{
    fuel
    {
        type            fixedValue;
        value           uniform 1;
    }
    air
    {
        type            fixedValue;
        value           uniform 0;
    }
    outlet
    {
        type            inletOutlet;
        inletValue      uniform 0;
        value           nonuniform List<scalar> 
200
(
1
1
1
1
1
1
1
1
1
1
1
1
0.999999
0.999998
0.999994
0.999986
0.999967
0.999923
0.999825
0.999608
0.999143
0.998177
0.996241
0.992524
0.985773
0.974542
0.957301
0.932918
0.901058
0.862218
0.81752
0.768399
0.716353
0.662788
0.60894
0.555821
0.504221
0.454737
0.407793
0.363663
0.3225
0.284351
0.249188
0.21693
0.187458
0.160622
0.136261
0.114207
0.094292
0.0763598
0.0602711
0.0459161
0.033738
0.0231722
0.013903
0.00690019
0.00311226
0.00135514
0.000563591
0.000221556
8.14401e-05
2.77444e-05
8.94266e-06
3.46464e-06
2.15876e-06
1.51479e-06
1.01787e-06
6.42524e-07
3.79554e-07
2.17075e-07
1.24085e-07
6.87252e-08
2.91855e-08
1.20577e-08
4.89214e-09
1.9501e-09
7.63306e-10
2.93551e-10
1.11071e-10
4.14113e-11
1.52368e-11
5.54101e-12
1.99417e-12
7.10997e-13
2.5138e-13
8.82171e-14
3.07546e-14
1.06597e-14
3.67533e-15
1.26047e-15
4.29301e-16
1.45192e-16
5.13215e-17
2.17406e-17
9.60221e-18
3.06398e-18
9.82688e-19
3.07302e-19
8.54669e-20
1.24585e-20
1
1
1
1
1
1
1
1
1
1
1
1
0.999999
0.999998
0.999994
0.999986
0.999967
0.999923
0.999825
0.999608
0.999142
0.998174
0.996235
0.992512
0.985753
0.97451
0.957254
0.932855
0.900979
0.862127
0.817421
0.768295
0.716247
0.662683
0.608839
0.555722
0.504125
0.454645
0.407704
0.363577
0.322418
0.284273
0.249114
0.216858
0.187387
0.160555
0.136198
0.114146
0.0942336
0.0763033
0.0602163
0.0458627
0.0336898
0.0231258
0.013861
0.00686674
0.00309492
0.00134654
0.000559558
0.000219778
8.07117e-05
2.74694e-05
8.84735e-06
3.43218e-06
2.14242e-06
1.50483e-06
1.012e-06
6.39264e-07
3.77865e-07
2.16196e-07
1.23599e-07
6.84258e-08
2.90652e-08
1.20082e-08
4.87082e-09
1.94112e-09
7.59664e-10
2.92113e-10
1.10515e-10
4.11994e-11
1.51572e-11
5.51151e-12
1.98335e-12
7.07068e-13
2.49966e-13
8.77123e-14
3.05758e-14
1.05967e-14
3.65331e-15
1.2528e-15
4.26643e-16
1.44272e-16
5.09961e-17
2.16141e-17
9.54624e-18
3.04604e-18
9.7687e-19
3.05449e-19
8.4949e-20
1.23689e-20
)
;
    }
    frontAndBack
    {
        type            empty;
    }
}


// ************************************************************************* //
