/*--------------------------------*- C++ -*----------------------------------*\
  =========                 |
  \\      /  F ield         | OpenFOAM: The Open Source CFD Toolbox
   \\    /   O peration     | Website:  https://openfoam.org
    \\  /    A nd           | Version:  11
     \\/     M anipulation  |
\*---------------------------------------------------------------------------*/
FoamFile
{
    format      ascii;
    class       volScalarField;
    location    "0.1";
    object      CO2;
}
// * * * * * * * * * * * * * * * * * * * * * * * * * * * * * * * * * * * * * //

dimensions      [0 0 0 0 0 0 0];

internalField   nonuniform List<scalar> 
4000
(
1.49536e-14
1.01159e-13
3.65337e-13
1.19016e-12
2.80194e-12
7.72633e-12
2.35826e-11
7.23107e-11
2.19293e-10
6.58269e-10
1.95562e-09
5.74395e-09
1.66554e-08
4.76004e-08
1.3385e-07
3.69626e-07
1.00039e-06
2.64718e-06
6.8331e-06
1.71644e-05
4.18445e-05
9.86885e-05
0.000224289
0.000488738
0.00101294
0.00195953
0.00352734
0.0059037
0.00920947
0.0134712
0.0186265
0.0245496
0.0310808
0.0380493
0.045288
0.0526484
0.0599999
0.0672344
0.0742658
0.0810278
0.0874724
0.0935682
0.0992967
0.104649
0.109625
0.114231
0.118475
0.122363
0.125897
0.129061
0.131811
0.134045
0.135497
0.135887
0.13445
0.129689
0.118775
0.104595
0.0898377
0.0757182
0.0627534
0.0511356
0.040939
0.0321252
0.0241626
0.0174612
0.0120187
0.0077999
0.0047529
0.00280395
0.00164646
0.000930148
0.000407704
0.000174443
7.33428e-05
3.0302e-05
1.22978e-05
4.90533e-06
1.92533e-06
7.44604e-07
2.84146e-07
1.0716e-07
3.99943e-08
1.479e-08
5.42572e-09
1.97686e-09
7.16164e-10
2.58235e-10
9.27531e-11
3.31895e-11
1.18141e-11
4.18237e-12
1.54473e-12
6.78264e-13
3.11055e-13
1.04539e-13
3.52938e-14
1.15275e-14
3.30663e-15
4.89309e-16
1.84874e-14
1.24205e-13
4.31424e-13
1.29161e-12
3.11083e-12
9.12683e-12
2.84214e-11
8.7685e-11
2.67418e-10
8.06729e-10
2.40565e-09
7.08113e-09
2.05407e-08
5.86122e-08
1.64209e-07
4.50804e-07
1.21033e-06
3.17264e-06
8.10283e-06
2.01155e-05
4.84121e-05
0.000112605
0.000252167
0.000541068
0.00109952
0.00208871
0.00369845
0.00610123
0.00940984
0.0136503
0.0187662
0.0246407
0.0311231
0.0380496
0.0452595
0.0526
0.0599394
0.0671682
0.0741994
0.0809672
0.0874232
0.0935334
0.0992779
0.104648
0.109643
0.114268
0.11853
0.122434
0.125979
0.12915
0.131898
0.134118
0.135528
0.135847
0.13427
0.129244
0.117862
0.103501
0.0887068
0.0746255
0.0617396
0.050225
0.0401534
0.0314515
0.0235837
0.0170128
0.0117021
0.00760518
0.0046641
0.00278264
0.00165766
0.000929556
0.000412557
0.000180261
7.74118e-05
3.25967e-05
1.34558e-05
5.44937e-06
2.16795e-06
8.48382e-07
3.26974e-07
1.24249e-07
4.66099e-08
1.72858e-08
6.3466e-09
2.31015e-09
8.34769e-10
2.99823e-10
1.07152e-10
3.81271e-11
1.35011e-11
4.75136e-12
1.69329e-12
6.91888e-13
3.21502e-13
1.09789e-13
3.75112e-14
1.23235e-14
3.50976e-15
5.65885e-16
2.05419e-14
1.37141e-13
5.06413e-13
1.25153e-12
3.41308e-12
1.03731e-11
3.22559e-11
9.92018e-11
3.01663e-10
9.07138e-10
2.69506e-09
7.89956e-09
2.28085e-08
6.47641e-08
1.8054e-07
4.93225e-07
1.31807e-06
3.43845e-06
8.73725e-06
2.15747e-05
5.16324e-05
0.000119392
0.000265741
0.000566614
0.0011425
0.00215504
0.00379252
0.00622499
0.0095587
0.0138137
0.0189303
0.0247923
0.0312515
0.0381479
0.0453239
0.0526337
0.0599495
0.0671635
0.0741886
0.0809569
0.0874188
0.0935402
0.0993002
0.104688
0.109702
0.114344
0.118622
0.12254
0.126096
0.129272
0.132015
0.134212
0.135571
0.135792
0.134028
0.12866
0.116715
0.10216
0.0873574
0.0733622
0.0606105
0.0492551
0.0393599
0.0308006
0.0230855
0.0166587
0.0114752
0.00748029
0.00461114
0.00277021
0.00166412
0.000925867
0.00041398
0.000182635
7.92854e-05
3.37011e-05
1.40188e-05
5.71572e-06
2.28791e-06
9.00421e-07
3.48868e-07
1.33239e-07
5.02233e-08
1.87084e-08
6.8958e-09
2.51831e-09
9.12332e-10
3.28277e-10
1.17448e-10
4.1812e-11
1.48093e-11
5.21016e-12
1.83119e-12
7.03454e-13
3.27399e-13
1.16518e-13
4.06386e-14
1.3408e-14
3.78006e-15
6.96765e-16
2.70653e-14
1.43175e-13
5.08233e-13
1.26845e-12
3.69697e-12
1.15501e-11
3.58852e-11
1.10215e-10
3.34961e-10
1.00679e-09
2.98908e-09
8.75263e-09
2.52369e-08
7.15301e-08
1.9894e-07
5.41911e-07
1.44296e-06
3.74815e-06
9.47709e-06
2.32714e-05
5.53528e-05
0.000127153
0.000281053
0.000594959
0.00118915
0.00222503
0.00388777
0.00634284
0.00969278
0.0139559
0.019073
0.0249291
0.0313779
0.0382614
0.0454238
0.052721
0.060026
0.0672321
0.0742528
0.0810206
0.0874857
0.093613
0.0993809
0.104778
0.109802
0.114454
0.118741
0.122667
0.126226
0.1294
0.13213
0.134298
0.135598
0.135715
0.133751
0.128024
0.115621
0.100926
0.0861406
0.0722406
0.0596207
0.0484131
0.0386762
0.03023
0.0226424
0.0163309
0.0112481
0.00733625
0.00453428
0.00273851
0.00166087
0.000911832
0.000411172
0.000183636
8.04112e-05
3.44105e-05
1.43973e-05
5.90257e-06
2.37525e-06
9.39429e-07
3.65619e-07
1.40194e-07
5.30282e-08
1.98114e-08
7.32002e-09
2.67827e-09
9.71602e-10
3.49901e-10
1.25233e-10
4.45875e-11
1.57966e-11
5.56331e-12
1.94764e-12
7.06497e-13
2.98549e-13
1.3475e-13
4.41422e-14
1.42123e-14
4.09254e-15
8.13125e-16
2.84361e-14
1.49198e-13
4.41202e-13
1.31374e-12
4.04887e-12
1.26523e-11
3.91753e-11
1.20176e-10
3.65007e-10
1.09633e-09
3.25169e-09
9.50868e-09
2.73686e-08
7.74028e-08
2.14712e-07
5.83112e-07
1.54746e-06
4.00491e-06
1.00871e-05
2.46695e-05
5.84343e-05
0.000133658
0.000294126
0.00061977
0.00123169
0.00229209
0.0039843
0.00646966
0.00984574
0.0141272
0.0192533
0.0251099
0.0315527
0.0384259
0.0455759
0.0528605
0.0601543
0.0673512
0.0743652
0.0811291
0.0875926
0.0937206
0.0994909
0.104892
0.109919
0.114576
0.118866
0.122793
0.126351
0.129517
0.132231
0.134366
0.135606
0.135615
0.133441
0.12733
0.114625
0.0998598
0.0851172
0.0713138
0.0588137
0.047734
0.0381266
0.0297842
0.0223002
0.0160828
0.0110812
0.00723519
0.00448406
0.00272069
0.00166474
0.000895988
0.000407961
0.000183915
8.09592e-05
3.47853e-05
1.46273e-05
6.02823e-06
2.43776e-06
9.68419e-07
3.7837e-07
1.45569e-07
5.52161e-08
2.06757e-08
7.65284e-09
2.8036e-09
1.01789e-09
3.66703e-10
1.31243e-10
4.67122e-11
1.65446e-11
5.83012e-12
2.04329e-12
7.19633e-13
2.80949e-13
1.2958e-13
4.39223e-14
1.47146e-14
5.44424e-15
8.93411e-16
1.81324e-14
1.22516e-13
4.33429e-13
1.38539e-12
4.36662e-12
1.36058e-11
4.20603e-11
1.28928e-10
3.91347e-10
1.17457e-09
3.48049e-09
1.01658e-08
2.92182e-08
8.24945e-08
2.28393e-07
6.1891e-07
1.63846e-06
4.22906e-06
1.06205e-05
2.58913e-05
6.11191e-05
0.00013929
0.000305342
0.00064082
0.00126729
0.00234758
0.00406384
0.00657477
0.00997474
0.0142758
0.0194156
0.0252799
0.031725
0.0385961
0.0457411
0.0530191
0.0603056
0.0674956
0.0745035
0.0812625
0.0877224
0.0938479
0.0996166
0.105016
0.110043
0.114699
0.118988
0.122912
0.126464
0.129619
0.132313
0.13441
0.135593
0.135501
0.133105
0.126567
0.113716
0.0989484
0.0842711
0.0705625
0.0581678
0.0471948
0.0376916
0.029431
0.022028
0.0158823
0.010942
0.00714567
0.00443502
0.00269982
0.00166938
0.000873953
0.000403487
0.000183471
8.11671e-05
3.50173e-05
1.47739e-05
6.10708e-06
2.47652e-06
9.86446e-07
3.86374e-07
1.48986e-07
5.66273e-08
2.12415e-08
7.87367e-09
2.88774e-09
1.04926e-09
3.78171e-10
1.35364e-10
4.81729e-11
1.70591e-11
6.01291e-12
2.10928e-12
7.39517e-13
2.70035e-13
1.09294e-13
4.86522e-14
1.725e-14
5.13788e-15
7.65821e-16
1.84378e-14
1.24814e-13
4.52082e-13
1.46928e-12
4.63411e-12
1.44455e-11
4.46588e-11
1.36873e-10
4.15353e-10
1.24616e-09
3.69068e-09
1.07721e-08
3.09328e-08
8.72369e-08
2.41194e-07
6.5255e-07
1.72432e-06
4.44136e-06
1.11277e-05
2.70587e-05
6.36984e-05
0.000144737
0.000316272
0.000661495
0.00130261
0.00240312
0.00414393
0.00668093
0.0101052
0.0144262
0.0195805
0.0254535
0.0319022
0.038773
0.0459148
0.0531875
0.0604679
0.0676513
0.0746529
0.081406
0.0878606
0.0939815
0.099746
0.105142
0.110166
0.114818
0.119102
0.123021
0.126566
0.129711
0.132388
0.134452
0.135585
0.135399
0.132821
0.125938
0.112975
0.0982111
0.0835904
0.0699612
0.0576529
0.0467662
0.0373463
0.0291494
0.021811
0.0157222
0.0108306
0.00707423
0.00439582
0.00268015
0.00166158
0.000869464
0.000402488
0.000183408
8.1285e-05
3.51311e-05
1.48487e-05
6.15e-06
2.49967e-06
9.97821e-07
3.91617e-07
1.51285e-07
5.75903e-08
2.16303e-08
8.02584e-09
2.9457e-09
1.0708e-09
3.86008e-10
1.38159e-10
4.91533e-11
1.73999e-11
6.13316e-12
2.15503e-12
7.58351e-13
2.7075e-13
9.92935e-14
3.66608e-14
1.28624e-14
3.86736e-15
5.83072e-16
1.92771e-14
1.30637e-13
4.74083e-13
1.54325e-12
4.87104e-12
1.51866e-11
4.69427e-11
1.43829e-10
4.36285e-10
1.30828e-09
3.87215e-09
1.12927e-08
3.23962e-08
9.126e-08
2.51986e-07
6.80739e-07
1.79586e-06
4.6174e-06
1.15466e-05
2.80204e-05
6.58211e-05
0.000149224
0.000325304
0.000678681
0.00133229
0.00245047
0.0042134
0.00677486
0.0102231
0.014565
0.0197357
0.02562
0.0320751
0.038948
0.0460886
0.0533579
0.060633
0.0678104
0.0748055
0.0815521
0.0880003
0.094115
0.0998738
0.105264
0.110282
0.114929
0.119208
0.123121
0.126659
0.129793
0.132455
0.134491
0.135582
0.135319
0.132598
0.125445
0.112395
0.0976322
0.0830548
0.0694872
0.0572465
0.0464275
0.0370726
0.0289246
0.0216372
0.0155932
0.0107397
0.00701451
0.00436231
0.00266647
0.00167528
0.00083948
0.000399109
0.000182684
8.11297e-05
3.51266e-05
1.48743e-05
6.17105e-06
2.51169e-06
1.00409e-06
3.94632e-07
1.52641e-07
5.81691e-08
2.1867e-08
8.11925e-09
2.98143e-09
1.08409e-09
3.90823e-10
1.39863e-10
4.97442e-11
1.76018e-11
6.20232e-12
2.17882e-12
7.64848e-13
2.69608e-13
9.5877e-14
3.41515e-14
1.17312e-14
3.49726e-15
5.26104e-16
2.00694e-14
1.3607e-13
4.94216e-13
1.60998e-12
5.08368e-12
1.58508e-11
4.89907e-11
1.50076e-10
4.55127e-10
1.36437e-09
4.03658e-09
1.17665e-08
3.3735e-08
9.49621e-08
2.61982e-07
7.07034e-07
1.86308e-06
4.784e-06
1.19458e-05
2.89421e-05
6.78646e-05
0.000153554
0.000334019
0.000695205
0.00136067
0.00249542
0.00427891
0.00686296
0.0103333
0.0146949
0.0198813
0.0257769
0.0322391
0.0391153
0.0462559
0.0535227
0.0607936
0.0679654
0.0749543
0.0816942
0.0881355
0.0942435
0.0999955
0.10538
0.110391
0.115032
0.119305
0.123211
0.126741
0.129866
0.132514
0.134525
0.135583
0.135257
0.132421
0.125055
0.111937
0.0971749
0.0826312
0.0691116
0.0569236
0.0461577
0.0368532
0.0287428
0.021496
0.0154875
0.0106646
0.00696447
0.00433326
0.00265111
0.00166578
0.000835378
0.000397329
0.000182002
8.09078e-05
3.50774e-05
1.48725e-05
6.1782e-06
2.51762e-06
1.00744e-06
3.96265e-07
1.53378e-07
5.84869e-08
2.19988e-08
8.17172e-09
3.00157e-09
1.09157e-09
3.93517e-10
1.40808e-10
5.00679e-11
1.77113e-11
6.23921e-12
2.19083e-12
7.67872e-13
2.69262e-13
9.46341e-14
3.31314e-14
1.11904e-14
3.29567e-15
4.93116e-16
2.07949e-14
1.41017e-13
5.12359e-13
1.66955e-12
5.27222e-12
1.64373e-11
5.07943e-11
1.55565e-10
4.71639e-10
1.41339e-09
4.17988e-09
1.21781e-08
3.48942e-08
9.8156e-08
2.70573e-07
7.29549e-07
1.92044e-06
4.9257e-06
1.22845e-05
2.97233e-05
6.95979e-05
0.000157238
0.000341484
0.000709339
0.00138525
0.00253487
0.00433715
0.00694224
0.0104337
0.0148141
0.0200161
0.0259232
0.0323929
0.0392729
0.0464142
0.0536791
0.0609462
0.0681129
0.0750956
0.0818289
0.0882633
0.0943641
0.100109
0.105486
0.110491
0.115126
0.119392
0.123291
0.126815
0.12993
0.132567
0.134557
0.135586
0.135208
0.132279
0.12474
0.111568
0.0968075
0.0822916
0.0688106
0.0566646
0.0459407
0.0366763
0.028595
0.0213806
0.0154006
0.0106021
0.00692223
0.00430821
0.00263743
0.00165712
0.000831133
0.000395404
0.000181195
8.05993e-05
3.49705e-05
1.48415e-05
6.17145e-06
2.51719e-06
1.00813e-06
3.96842e-07
1.53704e-07
5.86431e-08
2.20664e-08
8.19922e-09
3.01221e-09
1.09552e-09
3.94931e-10
1.41295e-10
5.02297e-11
1.77625e-11
6.25458e-12
2.19501e-12
7.68452e-13
2.68721e-13
9.38972e-14
3.25768e-14
1.08957e-14
3.18475e-15
4.74874e-16
2.14499e-14
1.45467e-13
5.28587e-13
1.72254e-12
5.43945e-12
1.69568e-11
5.23918e-11
1.60428e-10
4.86282e-10
1.45691e-09
4.30732e-09
1.25449e-08
3.59301e-08
1.0102e-07
2.78305e-07
7.49897e-07
1.97251e-06
5.05495e-06
1.25949e-05
3.04426e-05
7.12e-05
0.000160653
0.000348409
0.000722294
0.00140773
0.00257081
0.00439004
0.0070141
0.0105246
0.0149224
0.0201387
0.0260569
0.0325339
0.039418
0.0465604
0.053824
0.0610878
0.0682498
0.0752268
0.0819536
0.0883813
0.0944752
0.100213
0.105584
0.110582
0.11521
0.11947
0.123363
0.126879
0.129986
0.132612
0.134584
0.135589
0.135169
0.132163
0.124482
0.111266
0.0965087
0.0820158
0.0685663
0.0564542
0.0457641
0.0365319
0.0284736
0.0212852
0.0153283
0.0105497
0.0068864
0.00428656
0.00262524
0.00164912
0.000826984
0.00039346
0.000180376
8.0287e-05
3.48545e-05
1.48004e-05
6.15751e-06
2.51312e-06
1.00713e-06
3.96674e-07
1.53715e-07
5.867e-08
2.2083e-08
8.2069e-09
3.01529e-09
1.09663e-09
3.95293e-10
1.41398e-10
5.0253e-11
1.77638e-11
6.25184e-12
2.19255e-12
7.6687e-13
2.67692e-13
9.32098e-14
3.21485e-14
1.06744e-14
3.1002e-15
4.6082e-16
2.20311e-14
1.49409e-13
5.42916e-13
1.7692e-12
5.58631e-12
1.74124e-11
5.37906e-11
1.64682e-10
4.99074e-10
1.49489e-09
4.41841e-09
1.28644e-08
3.68312e-08
1.03508e-07
2.85016e-07
7.67538e-07
2.01761e-06
5.16681e-06
1.28635e-05
3.10647e-05
7.25861e-05
0.000163611
0.00035442
0.000733589
0.00142742
0.00260247
0.00443689
0.00707809
0.0106059
0.0150196
0.0202493
0.0261777
0.0326617
0.0395498
0.0466934
0.053956
0.0612169
0.0683746
0.0753464
0.0820672
0.0884885
0.0945758
0.100307
0.105671
0.110663
0.115285
0.119538
0.123425
0.126935
0.130034
0.132651
0.134607
0.135593
0.135137
0.132068
0.124269
0.111018
0.0962633
0.0817898
0.0683663
0.0562819
0.0456192
0.0364131
0.0283732
0.0212061
0.015268
0.0105057
0.00685605
0.00426809
0.00261476
0.00164222
0.000823369
0.000391682
0.000179583
7.99302e-05
3.47091e-05
1.47458e-05
6.139e-06
2.50695e-06
1.00513e-06
3.96048e-07
1.53521e-07
5.86092e-08
2.20634e-08
8.20017e-09
3.01283e-09
1.09566e-09
3.94886e-10
1.41217e-10
5.01684e-11
1.77261e-11
6.23563e-12
2.18579e-12
7.64009e-13
2.66393e-13
9.25621e-14
3.18171e-14
1.05214e-14
3.04541e-15
4.51943e-16
2.25427e-14
1.52874e-13
5.55476e-13
1.80998e-12
5.71442e-12
1.78093e-11
5.50086e-11
1.68384e-10
5.10209e-10
1.52796e-09
4.51515e-09
1.31427e-08
3.76169e-08
1.05679e-07
2.90881e-07
7.82979e-07
2.05715e-06
5.26505e-06
1.30997e-05
3.16128e-05
7.38092e-05
0.000166224
0.000359732
0.00074357
0.00144481
0.00263042
0.00447824
0.00713456
0.0106777
0.0151056
0.0203472
0.0262849
0.0327754
0.0396672
0.0468122
0.0540739
0.0613324
0.0684863
0.0754533
0.0821687
0.0885841
0.0946653
0.100391
0.105748
0.110734
0.11535
0.119598
0.123479
0.126983
0.130076
0.132684
0.134628
0.135596
0.13511
0.131989
0.124093
0.110814
0.0960609
0.0816037
0.0682016
0.05614
0.0454997
0.0363147
0.0282896
0.0211399
0.0152172
0.0104684
0.00683007
0.00425205
0.00260546
0.00163596
0.000819988
0.000390079
0.000178813
7.96031e-05
3.45773e-05
1.46944e-05
6.11911e-06
2.49951e-06
1.00241e-06
3.95059e-07
1.53166e-07
5.84848e-08
2.20196e-08
8.18447e-09
3.00688e-09
1.09336e-09
3.93978e-10
1.40858e-10
5.00273e-11
1.76704e-11
6.21372e-12
2.17719e-12
7.60607e-13
2.65005e-13
9.19654e-14
3.15519e-14
1.041e-14
3.00752e-15
4.45922e-16
2.29853e-14
1.55869e-13
5.66317e-13
1.84512e-12
5.82469e-12
1.81506e-11
5.60551e-11
1.71564e-10
5.19766e-10
1.55632e-09
4.59811e-09
1.33813e-08
3.82903e-08
1.07541e-07
2.95907e-07
7.96209e-07
2.09102e-06
5.34925e-06
1.33022e-05
3.2083e-05
7.48589e-05
0.000168469
0.0003643
0.00075217
0.00145982
0.0026546
0.00451406
0.00718357
0.0107401
0.0151804
0.0204327
0.0263786
0.0328749
0.0397701
0.0469163
0.0541774
0.0614338
0.0685844
0.0755471
0.0822577
0.0886678
0.0947436
0.100463
0.105816
0.110796
0.115407
0.11965
0.123526
0.127024
0.130111
0.132712
0.134645
0.135599
0.135089
0.131924
0.123947
0.110645
0.0958942
0.0814504
0.0680661
0.0560231
0.0454012
0.0362333
0.0282201
0.0210844
0.0151744
0.0104366
0.00680779
0.00423833
0.00259767
0.00163088
0.000817334
0.000388752
0.000178215
7.93419e-05
3.44664e-05
1.46487e-05
6.10083e-06
2.49236e-06
9.99663e-07
3.94021e-07
1.52776e-07
5.8337e-08
2.19636e-08
8.16347e-09
2.99917e-09
1.09042e-09
3.9286e-10
1.40429e-10
4.98625e-11
1.76071e-11
6.18943e-12
2.16789e-12
7.57039e-13
2.63621e-13
9.14132e-14
3.13263e-14
1.03208e-14
2.97803e-15
4.41284e-16
2.33613e-14
1.58412e-13
5.75511e-13
1.87489e-12
5.918e-12
1.84392e-11
5.69396e-11
1.7425e-10
5.27837e-10
1.58027e-09
4.66816e-09
1.35828e-08
3.88591e-08
1.09113e-07
3.00155e-07
8.074e-07
2.1197e-06
5.42056e-06
1.34739e-05
3.24818e-05
7.57501e-05
0.000170375
0.000368182
0.000759481
0.00147259
0.00267516
0.00454454
0.00722529
0.0107933
0.0152443
0.0205056
0.0264587
0.03296
0.0398582
0.0470055
0.0542662
0.0615207
0.0686685
0.0756276
0.0823339
0.0887395
0.0948105
0.100525
0.105873
0.110849
0.115455
0.119693
0.123565
0.127059
0.130141
0.132736
0.134659
0.135602
0.135071
0.131871
0.123828
0.110506
0.0957579
0.0813253
0.0679555
0.0559277
0.0453207
0.0361667
0.028163
0.0210387
0.0151389
0.0104102
0.00678911
0.00422672
0.00259096
0.00162642
0.000814954
0.000387586
0.000177671
7.90986e-05
3.43616e-05
1.4605e-05
6.08302e-06
2.48528e-06
9.96893e-07
3.92953e-07
1.52368e-07
5.81822e-08
2.19051e-08
8.14126e-09
2.99073e-09
1.08729e-09
3.9167e-10
1.39976e-10
4.9691e-11
1.75422e-11
6.1649e-12
2.15864e-12
7.53558e-13
2.62302e-13
9.09e-14
3.11179e-14
1.02362e-14
2.94876e-15
4.36556e-16
2.36729e-14
1.60518e-13
5.83116e-13
1.89948e-12
5.99498e-12
1.86771e-11
5.76684e-11
1.76462e-10
5.34483e-10
1.59999e-09
4.72582e-09
1.37486e-08
3.93273e-08
1.10407e-07
3.03652e-07
8.16614e-07
2.14332e-06
5.47931e-06
1.36154e-05
3.28107e-05
7.64852e-05
0.000171949
0.000371388
0.000765522
0.00148315
0.00269218
0.00456977
0.00725986
0.0108374
0.0152972
0.0205662
0.0265252
0.0330308
0.0399315
0.0470798
0.0543401
0.0615931
0.0687385
0.0756946
0.0823974
0.0887991
0.0948661
0.100577
0.10592
0.110892
0.115494
0.119729
0.123597
0.127087
0.130165
0.132755
0.134671
0.135604
0.135057
0.131828
0.123732
0.110395
0.0956484
0.0812249
0.0678668
0.0558512
0.0452562
0.0361132
0.028117
0.021002
0.0151104
0.0103889
0.00677398
0.00421711
0.00258516
0.0016224
0.000812687
0.000386436
0.000177128
7.88571e-05
3.42591e-05
1.45629e-05
6.06609e-06
2.47857e-06
9.94264e-07
3.91932e-07
1.51974e-07
5.80314e-08
2.18477e-08
8.11948e-09
2.98247e-09
1.08416e-09
3.90495e-10
1.39537e-10
4.95263e-11
1.74804e-11
6.14176e-12
2.15e-12
7.50336e-13
2.61095e-13
9.04404e-14
3.09403e-14
1.01694e-14
2.92732e-15
4.33219e-16
2.39208e-14
1.62192e-13
5.89158e-13
1.919e-12
6.05607e-12
1.88658e-11
5.82464e-11
1.78216e-10
5.39752e-10
1.61562e-09
4.77152e-09
1.38801e-08
3.96984e-08
1.11434e-07
3.06426e-07
8.23923e-07
2.16206e-06
5.52595e-06
1.37277e-05
3.30719e-05
7.70695e-05
0.0001732
0.000373938
0.000770329
0.00149155
0.00270572
0.00458986
0.00728739
0.0108725
0.0153394
0.0206144
0.0265783
0.0330872
0.03999
0.0471391
0.0543991
0.061651
0.0687945
0.0757481
0.0824481
0.0888467
0.0949104
0.100618
0.105958
0.110927
0.115526
0.119758
0.123623
0.127109
0.130184
0.13277
0.13468
0.135606
0.135047
0.131795
0.123657
0.110308
0.0955631
0.0811467
0.0677976
0.0557916
0.0452059
0.0360715
0.0280813
0.0209735
0.0150882
0.0103723
0.00676196
0.00420916
0.00258001
0.00161859
0.000810366
0.000385201
0.000176541
7.86009e-05
3.41533e-05
1.45206e-05
6.04956e-06
2.47215e-06
9.91781e-07
3.90975e-07
1.51607e-07
5.78909e-08
2.17942e-08
8.09925e-09
2.97485e-09
1.0813e-09
3.89429e-10
1.39139e-10
4.9378e-11
1.74253e-11
6.12131e-12
2.14243e-12
7.47534e-13
2.60054e-13
9.00499e-14
3.07929e-14
1.01156e-14
2.91056e-15
4.30647e-16
2.41055e-14
1.6344e-13
5.93661e-13
1.93354e-12
6.10156e-12
1.90063e-11
5.86766e-11
1.79522e-10
5.43673e-10
1.62725e-09
4.80554e-09
1.39779e-08
3.99747e-08
1.12198e-07
3.08492e-07
8.29369e-07
2.17603e-06
5.56073e-06
1.38115e-05
3.32669e-05
7.75057e-05
0.000174134
0.000375843
0.000773922
0.00149783
0.00271585
0.00460489
0.00730799
0.0108988
0.015371
0.0206506
0.026618
0.0331296
0.0400339
0.0471836
0.0544434
0.0616944
0.0688364
0.0757882
0.082486
0.0888823
0.0949436
0.100649
0.105986
0.110953
0.115549
0.119779
0.123642
0.127126
0.130198
0.132781
0.134687
0.135607
0.135039
0.131771
0.123602
0.110244
0.0955001
0.0810889
0.0677465
0.0557475
0.0451687
0.0360406
0.0280548
0.0209522
0.0150717
0.0103598
0.00675295
0.00420328
0.00257637
0.00161605
0.000808834
0.000384418
0.000176164
7.84285e-05
3.40778e-05
1.44887e-05
6.03635e-06
2.46681e-06
9.8966e-07
3.90144e-07
1.51286e-07
5.7768e-08
2.17476e-08
8.08173e-09
2.96829e-09
1.07886e-09
3.88527e-10
1.38805e-10
4.92544e-11
1.73797e-11
6.10456e-12
2.13627e-12
7.45269e-13
2.59216e-13
8.97376e-14
3.06759e-14
1.00733e-14
2.89749e-15
4.2865e-16
2.42272e-14
1.64262e-13
5.96624e-13
1.94311e-12
6.13146e-12
1.90986e-11
5.89588e-11
1.80378e-10
5.46241e-10
1.63486e-09
4.82778e-09
1.40419e-08
4.01552e-08
1.12697e-07
3.0984e-07
8.32923e-07
2.18514e-06
5.58341e-06
1.38662e-05
3.33941e-05
7.77904e-05
0.000174744
0.000377088
0.000776272
0.00150195
0.00272249
0.00461477
0.00732155
0.0109162
0.0153919
0.0206746
0.0266444
0.0331577
0.040063
0.0472132
0.0544729
0.0617233
0.0688643
0.0758148
0.0825113
0.088906
0.0949657
0.100669
0.106005
0.11097
0.115565
0.119793
0.123654
0.127137
0.130208
0.132789
0.134692
0.135608
0.135033
0.131754
0.123566
0.110202
0.0954583
0.0810504
0.0677125
0.0557182
0.0451439
0.03602
0.028037
0.0209381
0.0150606
0.0103515
0.00674697
0.00419934
0.00257385
0.00161425
0.000807762
0.000383851
0.000175882
7.82962e-05
3.40185e-05
1.44631e-05
6.02569e-06
2.46249e-06
9.87948e-07
3.89479e-07
1.51031e-07
5.76718e-08
2.17116e-08
8.06831e-09
2.96333e-09
1.07703e-09
3.87851e-10
1.38558e-10
4.91642e-11
1.73468e-11
6.09251e-12
2.13187e-12
7.4366e-13
2.58626e-13
8.95191e-14
3.0595e-14
1.00445e-14
2.88867e-15
4.27311e-16
2.42862e-14
1.6466e-13
5.98052e-13
1.94769e-12
6.14573e-12
1.91424e-11
5.90924e-11
1.80781e-10
5.47446e-10
1.63843e-09
4.83816e-09
1.40716e-08
4.0239e-08
1.12928e-07
3.10464e-07
8.34563e-07
2.18934e-06
5.59386e-06
1.38913e-05
3.34525e-05
7.79212e-05
0.000175025
0.000377659
0.000777353
0.00150385
0.00272557
0.00461936
0.00732789
0.0109243
0.0154018
0.0206859
0.026657
0.0331711
0.040077
0.0472274
0.0544871
0.0617372
0.0688778
0.0758278
0.0825235
0.0889175
0.0949764
0.100679
0.106014
0.110978
0.115572
0.1198
0.12366
0.127142
0.130212
0.132792
0.134694
0.135608
0.13503
0.131746
0.123547
0.11018
0.0954371
0.081031
0.0676954
0.0557034
0.0451315
0.0360098
0.0280282
0.0209311
0.0150552
0.0103475
0.00674409
0.00419741
0.00257253
0.00161327
0.00080714
0.000383511
0.000175711
7.82155e-05
3.39824e-05
1.44477e-05
6.01936e-06
2.45996e-06
9.86967e-07
3.89105e-07
1.50891e-07
5.76197e-08
2.16923e-08
8.06125e-09
2.96074e-09
1.07608e-09
3.87505e-10
1.38431e-10
4.91179e-11
1.73298e-11
6.08632e-12
2.1296e-12
7.42831e-13
2.58321e-13
8.94062e-14
3.05533e-14
1.00297e-14
2.88422e-15
4.26641e-16
2.42881e-14
1.64672e-13
5.98096e-13
1.94783e-12
6.14616e-12
1.91437e-11
5.90963e-11
1.80793e-10
5.47481e-10
1.63853e-09
4.83846e-09
1.40725e-08
4.02413e-08
1.12934e-07
3.10481e-07
8.34608e-07
2.18946e-06
5.59414e-06
1.3892e-05
3.34541e-05
7.79248e-05
0.000175032
0.000377676
0.000777385
0.0015039
0.00272566
0.0046195
0.00732808
0.0109246
0.0154021
0.0206863
0.0266573
0.0331715
0.0400774
0.0472278
0.0544874
0.0617376
0.0688782
0.0758281
0.0825238
0.0889177
0.0949766
0.100679
0.106014
0.110978
0.115573
0.1198
0.12366
0.127143
0.130212
0.132792
0.134694
0.135608
0.13503
0.131745
0.123546
0.110179
0.0954357
0.0810297
0.0676942
0.0557024
0.0451306
0.036009
0.0280275
0.0209304
0.0150547
0.010347
0.00674368
0.00419708
0.00257229
0.00161308
0.000807013
0.000383441
0.000175675
7.81985e-05
3.3975e-05
1.44446e-05
6.01816e-06
2.45951e-06
9.86803e-07
3.89047e-07
1.5087e-07
5.76126e-08
2.16899e-08
8.06041e-09
2.96045e-09
1.07598e-09
3.87468e-10
1.38418e-10
4.91131e-11
1.73281e-11
6.08569e-12
2.12937e-12
7.42745e-13
2.58289e-13
8.93945e-14
3.05493e-14
1.00285e-14
2.88392e-15
4.26604e-16
2.42327e-14
1.64299e-13
5.96755e-13
1.94352e-12
6.13274e-12
1.91024e-11
5.89705e-11
1.80413e-10
5.46343e-10
1.63517e-09
4.82865e-09
1.40444e-08
4.01622e-08
1.12716e-07
3.09891e-07
8.33058e-07
2.18549e-06
5.58428e-06
1.38683e-05
3.3399e-05
7.78015e-05
0.000174768
0.000377137
0.000776368
0.00150212
0.00272277
0.0046152
0.00732214
0.0109169
0.0153928
0.0206756
0.0266455
0.0331588
0.0400642
0.0472143
0.0544739
0.0617242
0.0688652
0.0758157
0.082512
0.0889066
0.0949662
0.10067
0.106005
0.11097
0.115565
0.119793
0.123654
0.127137
0.130208
0.132789
0.134692
0.135608
0.135032
0.131752
0.123562
0.110197
0.095454
0.0810464
0.0677089
0.055715
0.0451412
0.0360177
0.028035
0.0209363
0.0150591
0.0103502
0.00674588
0.00419849
0.00257322
0.00161379
0.000807453
0.000383678
0.000175794
7.82543e-05
3.40001e-05
1.44555e-05
6.02268e-06
2.46134e-06
9.87528e-07
3.89328e-07
1.50978e-07
5.76532e-08
2.17051e-08
8.06603e-09
2.96252e-09
1.07674e-09
3.87748e-10
1.3852e-10
4.91505e-11
1.73418e-11
6.09069e-12
2.1312e-12
7.43411e-13
2.58533e-13
8.94849e-14
3.05831e-14
1.00409e-14
2.88779e-15
4.27199e-16
2.4115e-14
1.63504e-13
5.93889e-13
1.93427e-12
6.1038e-12
1.90131e-11
5.86973e-11
1.79584e-10
5.43857e-10
1.62779e-09
4.80711e-09
1.39824e-08
3.99873e-08
1.12233e-07
3.08585e-07
8.29615e-07
2.17666e-06
5.5623e-06
1.38153e-05
3.32758e-05
7.75258e-05
0.000174178
0.000375933
0.000774094
0.00149814
0.00271635
0.00460564
0.00730902
0.0109001
0.0153726
0.0206524
0.0266199
0.0331315
0.0400358
0.0471855
0.0544452
0.061696
0.0688379
0.0757895
0.0824872
0.0888834
0.0949445
0.10065
0.105987
0.110953
0.11555
0.119779
0.123642
0.127126
0.130199
0.132781
0.134687
0.135607
0.135037
0.131768
0.123596
0.110237
0.095493
0.0810822
0.0677406
0.0557423
0.0451642
0.0360368
0.0280513
0.0209493
0.0150692
0.0103578
0.00675134
0.00420209
0.00257556
0.00161546
0.000808465
0.000384216
0.000176061
7.83798e-05
3.40562e-05
1.44796e-05
6.0327e-06
2.46538e-06
9.89118e-07
3.89942e-07
1.51211e-07
5.77408e-08
2.17377e-08
8.07811e-09
2.96697e-09
1.07837e-09
3.88348e-10
1.38739e-10
4.92307e-11
1.73711e-11
6.10139e-12
2.1351e-12
7.44838e-13
2.59056e-13
8.9679e-14
3.06556e-14
1.00671e-14
2.89591e-15
4.28442e-16
2.3934e-14
1.62281e-13
5.89476e-13
1.92001e-12
6.05918e-12
1.88753e-11
5.8275e-11
1.78302e-10
5.40005e-10
1.61637e-09
4.77368e-09
1.38862e-08
3.97157e-08
1.11481e-07
3.06554e-07
8.2426e-07
2.16292e-06
5.5281e-06
1.37329e-05
3.30841e-05
7.70969e-05
0.000173259
0.00037406
0.000770563
0.00149197
0.0027064
0.00459089
0.0072888
0.0108743
0.0153416
0.0206169
0.0265809
0.03309
0.0399927
0.0471418
0.0544016
0.0616533
0.0687966
0.07575
0.0824498
0.0888482
0.0949118
0.100619
0.105959
0.110928
0.115527
0.119758
0.123623
0.12711
0.130185
0.13277
0.13468
0.135605
0.135045
0.131791
0.123649
0.110298
0.0955534
0.0811376
0.0677895
0.0557845
0.0451998
0.0360663
0.0280768
0.0209697
0.0150852
0.0103698
0.00676007
0.00420785
0.00257918
0.001618
0.000809996
0.000385009
0.000176446
7.85565e-05
3.41336e-05
1.45122e-05
6.04607e-06
2.47074e-06
9.91221e-07
3.90756e-07
1.51522e-07
5.78586e-08
2.17819e-08
8.09462e-09
2.97311e-09
1.08065e-09
3.89188e-10
1.39049e-10
4.9345e-11
1.74132e-11
6.11687e-12
2.14079e-12
7.46927e-13
2.59828e-13
8.99671e-14
3.07641e-14
1.01065e-14
2.9082e-15
4.30324e-16
2.36897e-14
1.60631e-13
5.83518e-13
1.90076e-12
5.99892e-12
1.86891e-11
5.77046e-11
1.76571e-10
5.34804e-10
1.60093e-09
4.72855e-09
1.37564e-08
3.93491e-08
1.10467e-07
3.03814e-07
8.17038e-07
2.14441e-06
5.48202e-06
1.36219e-05
3.28259e-05
7.65196e-05
0.000172023
0.000371541
0.000765816
0.00148367
0.00269303
0.00457106
0.00726164
0.0108397
0.0152999
0.0205692
0.0265285
0.0330342
0.0399349
0.0470832
0.0543433
0.0615961
0.0687412
0.075697
0.0823996
0.0888011
0.0948678
0.100578
0.105922
0.110893
0.115495
0.11973
0.123598
0.127088
0.130166
0.132755
0.134671
0.135603
0.135055
0.131823
0.123721
0.110383
0.0956361
0.0812135
0.0678566
0.0558423
0.0452486
0.0361068
0.0281115
0.0209974
0.0151067
0.010386
0.00677177
0.00421562
0.00258425
0.00162181
0.000812384
0.000386257
0.000177035
7.88132e-05
3.42394e-05
1.45543e-05
6.06249e-06
2.47707e-06
9.93653e-07
3.91686e-07
1.51876e-07
5.7993e-08
2.18327e-08
8.11375e-09
2.98029e-09
1.08333e-09
3.90187e-10
1.39422e-10
4.94838e-11
1.74648e-11
6.13602e-12
2.14789e-12
7.49557e-13
2.60809e-13
9.0338e-14
3.09058e-14
1.0159e-14
2.9247e-15
4.32866e-16
2.33815e-14
1.58547e-13
5.75994e-13
1.87643e-12
5.92273e-12
1.84536e-11
5.69831e-11
1.7438e-10
5.28222e-10
1.5814e-09
4.67143e-09
1.35921e-08
3.88852e-08
1.09185e-07
3.00348e-07
8.07907e-07
2.121e-06
5.42379e-06
1.34817e-05
3.25e-05
7.57911e-05
0.000170464
0.000368365
0.000759831
0.00147321
0.00267618
0.00454607
0.00722742
0.010796
0.0152475
0.0205093
0.0264627
0.0329642
0.0398624
0.0470096
0.0542701
0.0615244
0.0686718
0.0756306
0.0823366
0.0887419
0.0948126
0.100527
0.105874
0.11085
0.115456
0.119694
0.123566
0.127059
0.130141
0.132736
0.134659
0.135601
0.135069
0.131865
0.123815
0.110491
0.0957431
0.0813117
0.0679433
0.0559171
0.0453116
0.036159
0.0281563
0.0210333
0.0151345
0.0104067
0.00678651
0.00422499
0.00258995
0.00162578
0.000814595
0.000387399
0.000177575
7.90517e-05
3.43401e-05
1.45955e-05
6.07898e-06
2.48357e-06
9.96185e-07
3.92664e-07
1.52252e-07
5.81361e-08
2.1887e-08
8.13429e-09
2.98806e-09
1.08629e-09
3.91286e-10
1.39835e-10
4.96385e-11
1.75229e-11
6.15778e-12
2.15603e-12
7.52604e-13
2.61958e-13
9.07808e-14
3.10799e-14
1.02257e-14
2.94636e-15
4.36249e-16
2.30087e-14
1.56026e-13
5.66877e-13
1.8469e-12
5.83017e-12
1.81672e-11
5.61055e-11
1.71714e-10
5.20212e-10
1.55763e-09
4.60189e-09
1.33921e-08
3.83205e-08
1.07623e-07
2.96129e-07
7.96794e-07
2.09252e-06
5.35297e-06
1.33112e-05
3.2104e-05
7.49062e-05
0.000168571
0.000364511
0.000752574
0.00146054
0.00265578
0.00451584
0.00718604
0.0107433
0.0151842
0.020437
0.0263833
0.0328798
0.039775
0.0469211
0.054182
0.0614381
0.0685883
0.0755507
0.0822609
0.0886706
0.094746
0.100466
0.105817
0.110798
0.115408
0.119651
0.123527
0.127025
0.130112
0.132712
0.134645
0.135598
0.135086
0.131917
0.123932
0.110627
0.0958768
0.0814344
0.0680518
0.0560107
0.0453906
0.0362244
0.0282124
0.021078
0.0151692
0.0104326
0.00680476
0.00423634
0.0025965
0.00163012
0.000816895
0.000388525
0.000178102
7.92878e-05
3.44418e-05
1.46379e-05
6.09616e-06
2.49038e-06
9.98838e-07
3.93683e-07
1.52639e-07
5.82826e-08
2.19423e-08
8.15521e-09
2.99602e-09
1.08921e-09
3.92404e-10
1.4026e-10
4.97998e-11
1.7584e-11
6.18094e-12
2.16477e-12
7.55904e-13
2.63215e-13
9.12757e-14
3.12844e-14
1.03101e-14
2.97588e-15
4.41035e-16
2.25691e-14
1.53051e-13
5.56108e-13
1.81199e-12
5.72061e-12
1.78281e-11
5.50654e-11
1.68554e-10
5.10713e-10
1.52943e-09
4.51942e-09
1.31548e-08
3.76509e-08
1.05773e-07
2.91133e-07
7.83639e-07
2.05883e-06
5.26925e-06
1.31098e-05
3.16365e-05
7.38624e-05
0.000166339
0.000359969
0.000744026
0.00144562
0.00263176
0.00448025
0.00713736
0.0106813
0.0151099
0.0203522
0.0262903
0.032781
0.0396728
0.0468177
0.0540792
0.0613373
0.0684908
0.0754574
0.0821723
0.0885873
0.0946681
0.100393
0.10575
0.110736
0.115352
0.1196
0.123481
0.126984
0.130077
0.132684
0.134627
0.135594
0.135107
0.131981
0.124075
0.110793
0.0960409
0.0815852
0.0681852
0.0561257
0.0454875
0.0363045
0.0282808
0.0211325
0.0152113
0.0104637
0.00682659
0.00424976
0.00260412
0.00163509
0.000819486
0.000389816
0.000178678
7.95402e-05
3.45488e-05
1.46819e-05
6.11371e-06
2.49722e-06
1.00145e-06
3.94667e-07
1.5301e-07
5.84222e-08
2.19948e-08
8.17472e-09
3.00308e-09
1.09192e-09
3.93444e-10
1.4066e-10
4.99542e-11
1.76435e-11
6.20385e-12
2.17357e-12
7.59291e-13
2.64538e-13
9.18085e-14
3.1505e-14
1.03984e-14
3.00534e-15
4.45688e-16
2.20602e-14
1.49605e-13
5.43615e-13
1.77142e-12
5.59317e-12
1.74332e-11
5.38535e-11
1.6487e-10
4.99633e-10
1.49653e-09
4.42314e-09
1.28778e-08
3.68689e-08
1.03611e-07
2.85294e-07
7.68269e-07
2.01948e-06
5.17147e-06
1.28747e-05
3.10909e-05
7.26451e-05
0.000163739
0.000354683
0.000734095
0.00142832
0.00260396
0.00443914
0.00708122
0.0106099
0.0150244
0.0202548
0.0261837
0.032668
0.0395561
0.0466996
0.0539618
0.0612224
0.0683797
0.0753509
0.0820713
0.0884921
0.094579
0.10031
0.105673
0.110665
0.115286
0.11954
0.123427
0.126936
0.130035
0.132651
0.134607
0.135591
0.135132
0.132058
0.124249
0.110995
0.0962405
0.0817689
0.0683477
0.0562657
0.0456054
0.0364015
0.0283632
0.0211977
0.0152612
0.0105004
0.0068521
0.00426549
0.00261324
0.00164125
0.000822821
0.000391398
0.000179438
7.98592e-05
3.46769e-05
1.47321e-05
6.13284e-06
2.50431e-06
1.00402e-06
3.95588e-07
1.53331e-07
5.85335e-08
2.20337e-08
8.18875e-09
3.00848e-09
1.09402e-09
3.94268e-10
1.40987e-10
5.00843e-11
1.76952e-11
6.22432e-12
2.18166e-12
7.62513e-13
2.65864e-13
9.23851e-14
3.17633e-14
1.05074e-14
3.04248e-15
4.51587e-16
2.14815e-14
1.4568e-13
5.29346e-13
1.72497e-12
5.44692e-12
1.69796e-11
5.24604e-11
1.60633e-10
4.8689e-10
1.4587e-09
4.31248e-09
1.25596e-08
3.59713e-08
1.01133e-07
2.78609e-07
7.50695e-07
1.97455e-06
5.06004e-06
1.26072e-05
3.04713e-05
7.12646e-05
0.000160793
0.000348698
0.00072285
0.00140872
0.00257244
0.00439252
0.00701755
0.010529
0.0149278
0.0201449
0.0260635
0.0325409
0.039425
0.0465673
0.0538305
0.061094
0.0682554
0.0752319
0.0819582
0.0883853
0.0944788
0.100216
0.105586
0.110584
0.115212
0.119472
0.123364
0.12688
0.129987
0.132612
0.134584
0.135587
0.135164
0.132152
0.124459
0.11124
0.0964832
0.0819924
0.0685455
0.0564361
0.0457487
0.036519
0.0284625
0.0212761
0.0153209
0.0105439
0.00688202
0.00428365
0.00262352
0.001648
0.000826345
0.000393116
0.000180199
8.01989e-05
3.48141e-05
1.47822e-05
6.15002e-06
2.51e-06
1.00583e-06
3.96141e-07
1.53499e-07
5.85846e-08
2.20495e-08
8.19399e-09
3.01036e-09
1.09477e-09
3.94596e-10
1.41138e-10
5.01553e-11
1.77278e-11
6.23876e-12
2.18786e-12
7.6518e-13
2.6709e-13
9.30016e-14
3.208e-14
1.06537e-14
3.0948e-15
4.60049e-16
2.08284e-14
1.41243e-13
5.1317e-13
1.67214e-12
5.28024e-12
1.64617e-11
5.0868e-11
1.55786e-10
4.72294e-10
1.41531e-09
4.18543e-09
1.21939e-08
3.49385e-08
9.82777e-08
2.70901e-07
7.30409e-07
1.92264e-06
4.93118e-06
1.22977e-05
2.97543e-05
6.96677e-05
0.000157389
0.000341797
0.000709942
0.00138633
0.00253665
0.00433986
0.00694602
0.0104385
0.01482
0.0200228
0.0259305
0.0324005
0.0392806
0.0464218
0.0536864
0.060953
0.0681191
0.0751013
0.0818339
0.0882677
0.094368
0.100113
0.105489
0.110494
0.115128
0.119394
0.123293
0.126816
0.129931
0.132567
0.134556
0.135584
0.135202
0.132267
0.124714
0.111539
0.0967792
0.0822656
0.0687875
0.0566446
0.0459237
0.0366622
0.028583
0.0213707
0.0153927
0.0105959
0.00691745
0.00430473
0.00263498
0.00165521
0.000829827
0.000394689
0.000180848
8.04461e-05
3.4906e-05
1.48154e-05
6.1612e-06
2.51314e-06
1.00654e-06
3.96217e-07
1.53458e-07
5.85468e-08
2.20291e-08
8.18483e-09
3.00672e-09
1.09344e-09
3.94153e-10
1.41005e-10
5.01218e-11
1.77226e-11
6.23992e-12
2.18962e-12
7.66504e-13
2.68017e-13
9.36434e-14
3.24848e-14
1.08637e-14
3.17516e-15
4.73403e-16
2.01046e-14
1.36308e-13
4.95072e-13
1.61272e-12
5.09217e-12
1.58766e-11
4.90689e-11
1.5031e-10
4.55821e-10
1.36641e-09
4.04247e-09
1.17833e-08
3.37821e-08
9.50916e-08
2.6233e-07
7.0795e-07
1.86543e-06
4.78985e-06
1.19599e-05
2.89752e-05
6.79391e-05
0.000153715
0.000334353
0.000695859
0.00136184
0.00249736
0.00428185
0.00686707
0.0103387
0.0147013
0.0198886
0.0257849
0.0322474
0.0391237
0.0462642
0.0535306
0.060801
0.0679723
0.0749605
0.0816997
0.0881405
0.0942478
0.0999993
0.105383
0.110394
0.115035
0.119307
0.123213
0.126743
0.129867
0.132515
0.134525
0.13558
0.135251
0.132407
0.125027
0.111905
0.0971434
0.0826023
0.069086
0.0569014
0.0461389
0.0368375
0.0287295
0.0214851
0.0154788
0.0106578
0.00695922
0.00432943
0.00264841
0.0016637
0.000833971
0.000396562
0.000181628
8.07416e-05
3.50082e-05
1.48447e-05
6.16707e-06
2.51323e-06
1.0057e-06
3.95581e-07
1.5311e-07
5.83834e-08
2.19589e-08
8.15643e-09
2.99575e-09
1.08937e-09
3.9269e-10
1.40498e-10
4.99523e-11
1.76682e-11
6.2233e-12
2.18501e-12
7.65742e-13
2.68473e-13
9.43344e-14
3.30161e-14
1.1148e-14
3.28249e-15
4.91076e-16
1.93139e-14
1.30885e-13
4.74976e-13
1.54611e-12
4.8799e-12
1.52136e-11
4.70244e-11
1.44074e-10
4.37011e-10
1.31042e-09
3.87832e-09
1.13103e-08
3.24456e-08
9.1396e-08
2.52352e-07
6.81704e-07
1.79834e-06
4.62358e-06
1.15616e-05
2.80554e-05
6.59002e-05
0.000149395
0.00032566
0.000679381
0.00133355
0.00245255
0.00421658
0.00677931
0.0102289
0.014572
0.0197436
0.0256286
0.0320841
0.0389572
0.0460977
0.0533665
0.0606411
0.0678179
0.0748123
0.0815582
0.0880057
0.0941198
0.0998779
0.105268
0.110285
0.114932
0.119211
0.123123
0.126661
0.129794
0.132456
0.13449
0.13558
0.135312
0.132582
0.125413
0.112359
0.0975964
0.083022
0.0694582
0.0572214
0.0464063
0.0370549
0.0289095
0.0216249
0.0155833
0.010732
0.00700863
0.00435822
0.00266382
0.00167339
0.000838274
0.000398457
0.000182361
8.09817e-05
3.50628e-05
1.48472e-05
6.15993e-06
2.5072e-06
1.00231e-06
3.93926e-07
1.52362e-07
5.80593e-08
2.18244e-08
8.10286e-09
2.97517e-09
1.08172e-09
3.89933e-10
1.39531e-10
4.96214e-11
1.75567e-11
6.1858e-12
2.17275e-12
7.62601e-13
2.68756e-13
9.55468e-14
3.40247e-14
1.16865e-14
3.48445e-15
5.24239e-16
1.8477e-14
1.25083e-13
4.53005e-13
1.47224e-12
4.64325e-12
1.44734e-11
4.47431e-11
1.37126e-10
4.16104e-10
1.24837e-09
3.69708e-09
1.07904e-08
3.09841e-08
8.73784e-08
2.41575e-07
6.53557e-07
1.7269e-06
4.44783e-06
1.11434e-05
2.70956e-05
6.37819e-05
0.000144919
0.00031665
0.000662239
0.00130395
0.00240535
0.00414734
0.00668571
0.0101114
0.0144337
0.0195891
0.0254629
0.0319121
0.038783
0.0459246
0.0531969
0.0604767
0.0676595
0.0746603
0.0814127
0.0878665
0.0939867
0.0997506
0.105146
0.110169
0.114821
0.119105
0.123023
0.126568
0.129712
0.132389
0.134451
0.135582
0.135391
0.132802
0.125898
0.112931
0.098168
0.0835515
0.0699273
0.057624
0.0467418
0.0373261
0.0291323
0.0217969
0.0157109
0.0108218
0.00706753
0.00439129
0.00267722
0.00165993
0.000868366
0.000401903
0.00018312
8.11477e-05
3.50681e-05
1.48217e-05
6.13879e-06
2.49503e-06
9.95933e-07
3.90861e-07
1.50983e-07
5.74706e-08
2.15834e-08
8.00764e-09
2.93871e-09
1.06815e-09
3.85011e-10
1.37787e-10
4.90161e-11
1.73495e-11
6.11482e-12
2.14838e-12
7.55915e-13
2.69834e-13
9.89363e-14
3.65356e-14
1.28248e-14
3.85838e-15
5.82047e-16
1.82097e-14
1.23478e-13
4.33932e-13
1.38824e-12
4.37589e-12
1.36341e-11
4.21459e-11
1.29185e-10
3.92111e-10
1.17682e-09
3.48701e-09
1.01844e-08
2.92706e-08
8.26393e-08
2.28784e-07
6.19945e-07
1.64112e-06
4.23574e-06
1.06367e-05
2.59297e-05
6.12061e-05
0.00013948
0.000305738
0.000641605
0.00126871
0.00234995
0.00406748
0.0065799
0.00998142
0.0142839
0.019425
0.0252901
0.0317356
0.0386069
0.0457518
0.0530293
0.0603152
0.0675045
0.0745116
0.0812698
0.0877288
0.0938536
0.0996215
0.105021
0.110047
0.114702
0.11899
0.122913
0.126465
0.129619
0.132313
0.134408
0.135588
0.135491
0.133081
0.126516
0.113659
0.0988947
0.0842238
0.0705223
0.0581341
0.0471667
0.0376685
0.0294118
0.0220121
0.0158695
0.010932
0.00713824
0.00443013
0.00269678
0.00166785
0.000872981
0.000402964
0.000183201
8.10287e-05
3.49446e-05
1.47445e-05
6.09534e-06
2.47174e-06
9.84465e-07
3.8556e-07
1.48658e-07
5.64969e-08
2.11904e-08
7.85388e-09
2.88018e-09
1.04639e-09
3.77097e-10
1.34964e-10
4.80249e-11
1.70047e-11
5.99301e-12
2.10206e-12
7.36878e-13
2.6903e-13
1.08826e-13
4.85829e-14
1.71951e-14
5.11764e-15
7.65948e-16
2.87766e-14
1.49302e-13
4.42296e-13
1.31687e-12
4.05813e-12
1.26805e-11
3.92608e-11
1.20433e-10
3.65774e-10
1.09859e-09
3.25825e-09
9.52748e-09
2.74216e-08
7.75495e-08
2.1511e-07
5.84166e-07
1.55018e-06
4.01177e-06
1.01039e-05
2.47091e-05
5.85247e-05
0.000133856
0.000294541
0.000620596
0.00123319
0.00229461
0.00398818
0.00647514
0.00985291
0.0141359
0.0192633
0.0251209
0.0315642
0.0384375
0.0455874
0.0528716
0.0601647
0.0673608
0.074374
0.081137
0.0875997
0.0937268
0.0994963
0.104896
0.109923
0.114579
0.118869
0.122795
0.126353
0.129518
0.132231
0.134365
0.135602
0.135606
0.133418
0.127283
0.114569
0.0998044
0.0850671
0.0712705
0.0587769
0.0477032
0.0381012
0.0297629
0.0222826
0.0160685
0.01107
0.00722664
0.00447816
0.00271672
0.00166269
0.000894535
0.000407151
0.000183518
8.0781e-05
3.47202e-05
1.45974e-05
6.01529e-06
2.43238e-06
9.66235e-07
3.77491e-07
1.45219e-07
5.50776e-08
2.06217e-08
7.63197e-09
2.79564e-09
1.01487e-09
3.65574e-10
1.30822e-10
4.65569e-11
1.64875e-11
5.80924e-12
2.03573e-12
7.16891e-13
2.79965e-13
1.29126e-13
4.37851e-14
1.47537e-14
5.07577e-15
1.10601e-15
2.55926e-14
1.4515e-13
5.09781e-13
1.27161e-12
3.70604e-12
1.15777e-11
3.5969e-11
1.10467e-10
3.35713e-10
1.00901e-09
2.99554e-09
8.77117e-09
2.52893e-08
7.16754e-08
1.99336e-07
5.42962e-07
1.44569e-06
3.75505e-06
9.49402e-06
2.33116e-05
5.54451e-05
0.000127357
0.000281481
0.000595815
0.00119071
0.00222768
0.00389187
0.00634867
0.00970043
0.0139653
0.0190838
0.0249409
0.0313903
0.038274
0.0454363
0.052733
0.0600374
0.0672427
0.0742624
0.0810293
0.0874934
0.0936198
0.0993868
0.104783
0.109806
0.114458
0.118745
0.122669
0.126229
0.129402
0.132131
0.134298
0.135596
0.135709
0.133737
0.127997
0.115573
0.100873
0.0860898
0.0721952
0.0595814
0.0483798
0.0386486
0.0302066
0.022623
0.0163153
0.0112358
0.00732684
0.00452761
0.00273391
0.00165847
0.000910079
0.000410196
0.000183188
8.02104e-05
3.43179e-05
1.43581e-05
5.88661e-06
2.36891e-06
9.36927e-07
3.64636e-07
1.3981e-07
5.28791e-08
1.97539e-08
7.29804e-09
2.66993e-09
9.68463e-10
3.48728e-10
1.24797e-10
4.44265e-11
1.57374e-11
5.54168e-12
1.9398e-12
7.03705e-13
2.97511e-13
1.34255e-13
4.39793e-14
1.41448e-14
4.05893e-15
8.3462e-16
2.03854e-14
1.37749e-13
5.0777e-13
1.25468e-12
3.42183e-12
1.03995e-11
3.23363e-11
9.94444e-11
3.02387e-10
9.09274e-10
2.70129e-09
7.91748e-09
2.28593e-08
6.49054e-08
1.80925e-07
4.94256e-07
1.32076e-06
3.44529e-06
8.75415e-06
2.16151e-05
5.17258e-05
0.000119599
0.000266182
0.000567503
0.00114414
0.00215783
0.00379688
0.00623122
0.00956691
0.0138237
0.0189419
0.024805
0.0312649
0.0381615
0.0453373
0.0526467
0.0599618
0.067175
0.0741992
0.0809666
0.0874274
0.0935478
0.0993068
0.104694
0.109707
0.114348
0.118626
0.122544
0.126099
0.129274
0.132017
0.134213
0.13557
0.135787
0.134016
0.128633
0.116665
0.102104
0.087303
0.073313
0.0605675
0.0492185
0.0393296
0.0307748
0.0230642
0.0166414
0.0114617
0.00746996
0.00460381
0.0027653
0.00166178
0.000924172
0.000412941
0.000182137
7.90529e-05
3.36018e-05
1.39781e-05
5.69942e-06
2.28143e-06
8.97861e-07
3.47861e-07
1.32846e-07
5.00705e-08
1.86495e-08
6.87335e-09
2.50981e-09
9.09141e-10
3.27087e-10
1.17007e-10
4.16492e-11
1.47495e-11
5.1884e-12
1.82334e-12
7.00592e-13
3.26057e-13
1.1602e-13
4.04599e-14
1.3351e-14
3.77699e-15
6.80129e-16
1.85358e-14
1.24548e-13
4.3257e-13
1.29497e-12
3.11913e-12
9.15142e-12
2.84966e-11
8.79124e-11
2.68098e-10
8.08743e-10
2.41155e-09
7.09816e-09
2.05891e-08
5.87476e-08
1.6458e-07
4.51798e-07
1.21294e-06
3.1793e-06
8.11939e-06
2.01554e-05
4.85049e-05
0.000112812
0.000252612
0.000541973
0.00110121
0.00209161
0.003703
0.00610776
0.0094185
0.013661
0.0187785
0.0246543
0.0311374
0.0380641
0.0452738
0.0526141
0.0599527
0.0671806
0.0742106
0.0809772
0.0874323
0.0935416
0.0992851
0.104654
0.109649
0.114273
0.118534
0.122437
0.125982
0.129153
0.131901
0.13412
0.135528
0.135843
0.134258
0.129216
0.117807
0.103439
0.088646
0.0745704
0.0616914
0.050184
0.0401193
0.0314229
0.02356
0.0169935
0.011687
0.00759378
0.00465624
0.00277763
0.00165541
0.000928001
0.000411554
0.000179772
7.71958e-05
3.25038e-05
1.3417e-05
5.43361e-06
2.16165e-06
8.45889e-07
3.25993e-07
1.23865e-07
4.64607e-08
1.72284e-08
6.32471e-09
2.30187e-09
8.31663e-10
2.98665e-10
1.06723e-10
3.79689e-11
1.3443e-11
4.73016e-12
1.68579e-12
6.8902e-13
3.20114e-13
1.09278e-13
3.73365e-14
1.22694e-14
3.52177e-15
5.34955e-16
1.49964e-14
1.01448e-13
3.66395e-13
1.19354e-12
2.80958e-12
7.7481e-12
2.36487e-11
7.25098e-11
2.19886e-10
6.60017e-10
1.96072e-09
5.75867e-09
1.66973e-08
4.77182e-08
1.34176e-07
3.70508e-07
1.00272e-06
2.65322e-06
6.8483e-06
1.72015e-05
4.19322e-05
9.88881e-05
0.000224725
0.00048964
0.00101466
0.00196254
0.00353216
0.00591073
0.00921886
0.0134829
0.01864
0.0245644
0.0310964
0.0380651
0.0453035
0.052663
0.0600134
0.0672468
0.0742772
0.0810383
0.087482
0.0935768
0.0993043
0.104656
0.109631
0.114236
0.118479
0.122367
0.1259
0.129064
0.131813
0.134046
0.135496
0.135881
0.134436
0.129657
0.11871
0.104523
0.089768
0.0756557
0.0626995
0.0510901
0.0409016
0.0320945
0.0241357
0.0174397
0.0120019
0.00778715
0.00474414
0.00279854
0.001644
0.000928515
0.000406728
0.000173986
7.3141e-05
3.02147e-05
1.22609e-05
4.89019e-06
1.91923e-06
7.42183e-07
2.83197e-07
1.06792e-07
3.9853e-08
1.47361e-08
5.4053e-09
1.96917e-09
7.13286e-10
2.57163e-10
9.23553e-11
3.30424e-11
1.176e-11
4.16264e-12
1.53756e-12
6.75406e-13
3.09652e-13
1.04035e-13
3.51199e-14
1.14706e-14
3.29073e-15
4.86619e-16
)
;

boundaryField
{
    fuel
    {
        type            fixedValue;
        value           uniform 0;
    }
    air
    {
        type            fixedValue;
        value           uniform 0;
    }
    outlet
    {
        type            inletOutlet;
        inletValue      uniform 0;
        value           nonuniform List<scalar> 
200
(
1.49536e-14
1.01159e-13
3.65337e-13
1.19016e-12
2.80194e-12
7.72633e-12
2.35826e-11
7.23107e-11
2.19293e-10
6.58269e-10
1.95562e-09
5.74395e-09
1.66554e-08
4.76004e-08
1.3385e-07
3.69626e-07
1.00039e-06
2.64718e-06
6.8331e-06
1.71644e-05
4.18445e-05
9.86885e-05
0.000224289
0.000488738
0.00101294
0.00195953
0.00352734
0.0059037
0.00920947
0.0134712
0.0186265
0.0245496
0.0310808
0.0380493
0.045288
0.0526484
0.0599999
0.0672344
0.0742658
0.0810278
0.0874724
0.0935682
0.0992967
0.104649
0.109625
0.114231
0.118475
0.122363
0.125897
0.129061
0.131811
0.134045
0.135497
0.135887
0.13445
0.129689
0.118775
0.104595
0.0898377
0.0757182
0.0627534
0.0511356
0.040939
0.0321252
0.0241626
0.0174612
0.0120187
0.0077999
0.0047529
0.00280395
0.00164646
0.000930148
0.000407704
0.000174443
7.33428e-05
3.0302e-05
1.22978e-05
4.90533e-06
1.92533e-06
7.44604e-07
2.84146e-07
1.0716e-07
3.99943e-08
1.479e-08
5.42572e-09
1.97686e-09
7.16164e-10
2.58235e-10
9.27531e-11
3.31895e-11
1.18141e-11
4.18237e-12
1.54473e-12
6.78264e-13
3.11055e-13
1.04539e-13
3.52938e-14
1.15275e-14
3.30663e-15
4.89309e-16
1.49964e-14
1.01448e-13
3.66395e-13
1.19354e-12
2.80958e-12
7.7481e-12
2.36487e-11
7.25098e-11
2.19886e-10
6.60017e-10
1.96072e-09
5.75867e-09
1.66973e-08
4.77182e-08
1.34176e-07
3.70508e-07
1.00272e-06
2.65322e-06
6.8483e-06
1.72015e-05
4.19322e-05
9.88881e-05
0.000224725
0.00048964
0.00101466
0.00196254
0.00353216
0.00591073
0.00921886
0.0134829
0.01864
0.0245644
0.0310964
0.0380651
0.0453035
0.052663
0.0600134
0.0672468
0.0742772
0.0810383
0.087482
0.0935768
0.0993043
0.104656
0.109631
0.114236
0.118479
0.122367
0.1259
0.129064
0.131813
0.134046
0.135496
0.135881
0.134436
0.129657
0.11871
0.104523
0.089768
0.0756557
0.0626995
0.0510901
0.0409016
0.0320945
0.0241357
0.0174397
0.0120019
0.00778715
0.00474414
0.00279854
0.001644
0.000928515
0.000406728
0.000173986
7.3141e-05
3.02147e-05
1.22609e-05
4.89019e-06
1.91923e-06
7.42183e-07
2.83197e-07
1.06792e-07
3.9853e-08
1.47361e-08
5.4053e-09
1.96917e-09
7.13286e-10
2.57163e-10
9.23553e-11
3.30424e-11
1.176e-11
4.16264e-12
1.53756e-12
6.75406e-13
3.09652e-13
1.04035e-13
3.51199e-14
1.14706e-14
3.29073e-15
4.86619e-16
)
;
    }
    frontAndBack
    {
        type            empty;
    }
}


// ************************************************************************* //
