/*--------------------------------*- C++ -*----------------------------------*\
  =========                 |
  \\      /  F ield         | OpenFOAM: The Open Source CFD Toolbox
   \\    /   O peration     | Website:  https://openfoam.org
    \\  /    A nd           | Version:  11
     \\/     M anipulation  |
\*---------------------------------------------------------------------------*/
FoamFile
{
    format      ascii;
    class       volScalarField;
    location    "0.1";
    object      H2O;
}
// * * * * * * * * * * * * * * * * * * * * * * * * * * * * * * * * * * * * * //

dimensions      [0 0 0 0 0 0 0];

internalField   nonuniform List<scalar> 
4000
(
1.22424e-14
8.28182e-14
2.99099e-13
9.74377e-13
2.29393e-12
6.32548e-12
1.93069e-11
5.92001e-11
1.79534e-10
5.38919e-10
1.60105e-09
4.70252e-09
1.36356e-08
3.89701e-08
1.09582e-07
3.02609e-07
8.19009e-07
2.16722e-06
5.5942e-06
1.40523e-05
3.42578e-05
8.07954e-05
0.000183624
0.000400126
0.000829283
0.00160425
0.0028878
0.00483331
0.00753971
0.0110288
0.0152493
0.0200985
0.0254456
0.0311506
0.0370769
0.0431027
0.0491214
0.0550442
0.0608008
0.0663368
0.0716129
0.0766035
0.0812933
0.0856755
0.0897494
0.0935199
0.0969944
0.100178
0.103071
0.105661
0.107912
0.109741
0.11093
0.111249
0.110073
0.106175
0.0972398
0.0856314
0.0735493
0.0619898
0.0513757
0.0418642
0.0335164
0.0263006
0.0197817
0.0142953
0.00983962
0.00638571
0.00389115
0.00229557
0.00134794
0.000761504
0.000333784
0.000142815
6.00451e-05
2.4808e-05
1.00681e-05
4.01595e-06
1.57625e-06
6.09601e-07
2.32628e-07
8.77308e-08
3.2743e-08
1.21084e-08
4.44199e-09
1.61844e-09
5.86317e-10
2.11414e-10
7.59361e-11
2.7172e-11
9.67212e-12
3.42407e-12
1.26466e-12
5.55289e-13
2.54658e-13
8.5585e-14
2.88947e-14
9.43744e-15
2.70711e-15
4.00593e-16
1.51355e-14
1.01686e-13
3.53203e-13
1.05743e-12
2.54681e-12
7.47205e-12
2.32683e-11
7.1787e-11
2.18932e-10
6.60462e-10
1.96948e-09
5.79726e-09
1.68165e-08
4.79853e-08
1.34437e-07
3.69069e-07
9.90888e-07
2.59741e-06
6.63372e-06
1.64684e-05
3.96345e-05
9.21883e-05
0.000206447
0.000442967
0.00090017
0.00171001
0.00302789
0.00499502
0.00770376
0.0111754
0.0153637
0.0201731
0.0254802
0.0311508
0.0370536
0.0430632
0.0490719
0.05499
0.0607464
0.0662871
0.0715726
0.076575
0.081278
0.0856745
0.0897642
0.0935504
0.0970393
0.100235
0.103138
0.105734
0.107984
0.109801
0.110956
0.111217
0.109925
0.105811
0.0964929
0.0847357
0.0726235
0.0610952
0.0505456
0.0411187
0.0328732
0.0257491
0.0193078
0.0139282
0.00958038
0.00622629
0.00381846
0.00227812
0.00135711
0.00076102
0.000337757
0.000147578
6.33764e-05
2.66867e-05
1.10162e-05
4.46135e-06
1.77488e-06
6.94563e-07
2.67691e-07
1.01721e-07
3.81591e-08
1.41517e-08
5.19591e-09
1.8913e-09
6.83418e-10
2.45462e-10
8.7724e-11
3.12144e-11
1.10533e-11
3.8899e-12
1.38628e-12
5.66443e-13
2.63211e-13
8.98832e-14
3.07101e-14
1.00891e-14
2.87341e-15
4.63285e-16
1.68175e-14
1.12276e-13
4.14596e-13
1.02461e-12
2.79426e-12
8.49239e-12
2.64076e-11
8.12157e-11
2.46969e-10
7.42666e-10
2.20642e-09
6.4673e-09
1.86731e-08
5.30218e-08
1.47806e-07
4.03799e-07
1.07909e-06
2.81503e-06
7.15311e-06
1.7663e-05
4.2271e-05
9.77448e-05
0.000217559
0.000463882
0.000935352
0.00176431
0.0031049
0.00509634
0.00782562
0.0113091
0.0154981
0.0202972
0.0255854
0.0312314
0.0371063
0.0430908
0.0490801
0.0549862
0.0607375
0.0662787
0.071569
0.0765805
0.0812962
0.0857073
0.0898118
0.0936125
0.0971149
0.100323
0.103234
0.105834
0.108079
0.109878
0.11099
0.111172
0.109728
0.105333
0.0955537
0.0836378
0.0715187
0.060061
0.0496213
0.0403247
0.0322236
0.0252162
0.0188999
0.0136383
0.00939467
0.00612405
0.0037751
0.00226795
0.0013624
0.000757999
0.000338922
0.000149522
6.49102e-05
2.75908e-05
1.14771e-05
4.67941e-06
1.87309e-06
7.37167e-07
2.85615e-07
1.09082e-07
4.11174e-08
1.53164e-08
5.64553e-09
2.06171e-09
7.46918e-10
2.68758e-10
9.61538e-11
3.42311e-11
1.21242e-11
4.26551e-12
1.49918e-12
5.75912e-13
2.68038e-13
9.53919e-14
3.32705e-14
1.0977e-14
3.0947e-15
5.70435e-16
2.21582e-14
1.17216e-13
4.16086e-13
1.03847e-12
3.02667e-12
9.45594e-12
2.93789e-11
9.0232e-11
2.74229e-10
8.24251e-10
2.44714e-09
7.1657e-09
2.06612e-08
5.8561e-08
1.62871e-07
4.43658e-07
1.18134e-06
3.06858e-06
7.75881e-06
1.90521e-05
4.53169e-05
0.000104099
0.000230096
0.000487088
0.000973543
0.00182161
0.00318288
0.00519283
0.00793539
0.0114256
0.0156149
0.0204092
0.0256888
0.0313243
0.0371881
0.0431622
0.0491428
0.0550423
0.0607901
0.0663309
0.0716238
0.0766402
0.0813623
0.0857809
0.0898936
0.0937026
0.0972124
0.100426
0.10334
0.105938
0.108174
0.109949
0.111013
0.111109
0.109501
0.104812
0.0946582
0.0826274
0.0705226
0.0591428
0.0488109
0.0396354
0.0316639
0.024749
0.0185371
0.01337
0.00920871
0.00600613
0.00371217
0.00224199
0.00135974
0.000746508
0.000336623
0.000150341
6.58319e-05
2.81716e-05
1.17869e-05
4.83238e-06
1.9446e-06
7.69102e-07
2.99329e-07
1.14775e-07
4.34137e-08
1.62194e-08
5.99284e-09
2.19267e-09
7.95442e-10
2.86461e-10
1.02527e-10
3.65034e-11
1.29325e-11
4.55463e-12
1.59452e-12
5.78403e-13
2.44419e-13
1.10319e-13
3.61389e-14
1.16355e-14
3.35053e-15
6.65698e-16
2.32804e-14
1.22147e-13
3.61208e-13
1.07555e-12
3.31477e-12
1.03583e-11
3.20725e-11
9.83867e-11
2.98828e-10
8.97555e-10
2.66213e-09
7.78467e-09
2.24065e-08
6.3369e-08
1.75783e-07
4.77389e-07
1.26689e-06
3.27879e-06
8.25824e-06
2.01967e-05
4.78396e-05
0.000109424
0.000240798
0.0005074
0.00100837
0.00187651
0.00326191
0.00529665
0.00806062
0.0115658
0.0157625
0.0205573
0.0258319
0.0314589
0.0373126
0.0432764
0.0492478
0.0551398
0.0608821
0.0664197
0.0717113
0.0767283
0.0814523
0.0858738
0.0899899
0.0938022
0.0973147
0.10053
0.103443
0.106035
0.108256
0.110004
0.11102
0.111027
0.109247
0.104244
0.0938425
0.0817544
0.0696847
0.058384
0.0481503
0.0390794
0.0312139
0.024384
0.018257
0.0131668
0.00907211
0.00592339
0.00367106
0.0022274
0.00136291
0.000733538
0.000333994
0.00015057
6.62806e-05
2.84784e-05
1.19752e-05
4.93526e-06
1.99577e-06
7.92836e-07
3.09768e-07
1.19176e-07
4.52049e-08
1.6927e-08
6.26531e-09
2.29528e-09
8.33335e-10
3.00216e-10
1.07447e-10
3.82429e-11
1.3545e-11
4.77307e-12
1.67282e-12
5.89157e-13
2.30011e-13
1.06086e-13
3.59588e-14
1.20467e-14
4.45715e-15
7.31428e-16
1.48449e-14
1.00303e-13
3.54845e-13
1.13421e-12
3.57491e-12
1.11389e-11
3.44344e-11
1.05553e-10
3.20392e-10
9.61614e-10
2.84945e-09
8.32265e-09
2.39207e-08
6.75375e-08
1.86983e-07
5.06696e-07
1.34139e-06
3.46229e-06
8.69489e-06
2.1197e-05
5.00377e-05
0.000114035
0.000249981
0.000524633
0.00103752
0.00192194
0.00332703
0.00538271
0.00816623
0.0116874
0.0158954
0.0206965
0.0259729
0.0315983
0.0374479
0.0434063
0.0493717
0.055258
0.0609954
0.0665289
0.0718176
0.0768324
0.0815552
0.085976
0.0900915
0.0939032
0.0974144
0.100627
0.103535
0.106118
0.108324
0.110041
0.111009
0.110934
0.108972
0.10362
0.0930981
0.0810082
0.068992
0.0577689
0.0476215
0.0386379
0.0308578
0.0240949
0.0180341
0.0130027
0.00895809
0.0058501
0.00363092
0.00221032
0.00136671
0.000715498
0.000330331
0.000150206
6.64508e-05
2.86684e-05
1.20952e-05
4.99981e-06
2.02751e-06
8.07595e-07
3.16321e-07
1.21974e-07
4.63603e-08
1.73902e-08
6.4461e-09
2.36417e-09
8.59017e-10
3.09605e-10
1.10821e-10
3.94387e-11
1.39661e-11
4.92272e-12
1.72685e-12
6.05436e-13
2.21075e-13
8.9478e-14
3.98311e-14
1.41225e-14
4.20634e-15
6.26971e-16
1.50949e-14
1.02185e-13
3.70115e-13
1.20289e-12
3.79391e-12
1.18264e-11
3.65618e-11
1.12057e-10
3.40046e-10
1.02022e-09
3.02152e-09
8.81903e-09
2.53244e-08
7.14201e-08
1.97463e-07
5.34237e-07
1.41168e-06
3.6361e-06
9.11014e-06
2.21527e-05
5.21493e-05
0.000118495
0.000258929
0.00054156
0.00106643
0.00196741
0.0033926
0.00546962
0.00827304
0.0118106
0.0160304
0.0208386
0.0261181
0.0317431
0.03759
0.0435442
0.0495045
0.0553855
0.0611177
0.0666464
0.0719307
0.0769418
0.0816612
0.0860789
0.0901915
0.0940003
0.097508
0.100716
0.103619
0.106193
0.108385
0.110075
0.111002
0.11085
0.108739
0.103104
0.092492
0.0804046
0.0684347
0.0572766
0.0471999
0.038287
0.0305751
0.0238644
0.0178565
0.0128716
0.00886695
0.00579161
0.00359882
0.00219422
0.00136032
0.000711823
0.000329513
0.000150155
6.65473e-05
2.87615e-05
1.21565e-05
5.03495e-06
2.04646e-06
8.16907e-07
3.20614e-07
1.23856e-07
4.71487e-08
1.77086e-08
6.57069e-09
2.41162e-09
8.76655e-10
3.16021e-10
1.13109e-10
4.02414e-11
1.42451e-11
5.02116e-12
1.7643e-12
6.20855e-13
2.2166e-13
8.12907e-14
3.00139e-14
1.05303e-14
3.16617e-15
4.77356e-16
1.5782e-14
1.06951e-13
3.88128e-13
1.26344e-12
3.98787e-12
1.24331e-11
3.84315e-11
1.17751e-10
3.57182e-10
1.07108e-09
3.17009e-09
9.24522e-09
2.65225e-08
7.47137e-08
2.06298e-07
5.57315e-07
1.47026e-06
3.78023e-06
9.45312e-06
2.29401e-05
5.38872e-05
0.000122168
0.000266324
0.00055563
0.00109074
0.00200618
0.00344948
0.00554652
0.00836956
0.0119243
0.0161574
0.0209748
0.0262596
0.0318864
0.0377324
0.0436836
0.0496397
0.0555158
0.0612426
0.066766
0.0720451
0.0770512
0.0817658
0.086179
0.0902872
0.0940916
0.0975947
0.100798
0.103695
0.10626
0.10844
0.110106
0.111
0.110784
0.108556
0.1027
0.092017
0.0799307
0.0679962
0.0568885
0.0468672
0.0380098
0.030351
0.0236803
0.0177142
0.012766
0.0087925
0.00574272
0.00357138
0.00218302
0.00137154
0.000687275
0.000326747
0.000149561
6.64202e-05
2.87578e-05
1.21775e-05
5.05219e-06
2.0563e-06
8.22042e-07
3.23082e-07
1.24966e-07
4.76225e-08
1.79023e-08
6.64716e-09
2.44087e-09
8.87533e-10
3.19963e-10
1.14505e-10
4.07252e-11
1.44104e-11
5.07778e-12
1.78378e-12
6.26174e-13
2.20726e-13
7.84937e-14
2.79595e-14
9.6042e-15
2.86318e-15
4.30716e-16
1.64306e-14
1.114e-13
4.0461e-13
1.31808e-12
4.16197e-12
1.29769e-11
4.01083e-11
1.22866e-10
3.72608e-10
1.117e-09
3.30471e-09
9.6331e-09
2.76185e-08
7.77446e-08
2.14482e-07
5.78842e-07
1.52529e-06
3.91662e-06
9.77992e-06
2.36947e-05
5.55601e-05
0.000125713
0.000273459
0.000569158
0.00111397
0.00204298
0.00350311
0.00561865
0.00845982
0.0120306
0.0162766
0.0211033
0.0263938
0.0320233
0.0378693
0.0438185
0.0497712
0.0556427
0.0613644
0.0668823
0.0721558
0.0771563
0.0818655
0.0862734
0.0903764
0.0941758
0.0976738
0.100872
0.103762
0.10632
0.108488
0.110135
0.111
0.110733
0.108412
0.102381
0.0916418
0.0795562
0.0676495
0.0565811
0.0466029
0.0377889
0.0301714
0.0235315
0.0175986
0.0126795
0.00873098
0.00570175
0.0035476
0.00217044
0.00136376
0.000683916
0.00032529
0.000149003
6.62385e-05
2.87175e-05
1.2176e-05
5.05804e-06
2.06116e-06
8.24781e-07
3.24419e-07
1.25569e-07
4.78827e-08
1.80102e-08
6.69012e-09
2.45736e-09
8.93655e-10
3.22169e-10
1.15278e-10
4.09902e-11
1.45001e-11
5.10799e-12
1.79361e-12
6.2865e-13
2.20442e-13
7.74761e-14
2.71243e-14
9.16145e-15
2.69813e-15
4.0371e-16
1.70246e-14
1.15449e-13
4.19464e-13
1.36684e-12
4.31632e-12
1.34571e-11
4.15849e-11
1.2736e-10
3.86127e-10
1.15713e-09
3.42203e-09
9.97008e-09
2.85676e-08
8.03594e-08
2.21516e-07
5.97275e-07
1.57225e-06
4.03262e-06
1.00572e-05
2.43342e-05
5.69792e-05
0.00012873
0.00027957
0.000580729
0.00113409
0.00207527
0.00355078
0.00568355
0.00854194
0.0121282
0.016387
0.0212231
0.0265198
0.0321524
0.0379989
0.0439466
0.0498961
0.0557634
0.0614801
0.0669926
0.0722604
0.0772551
0.0819585
0.0863608
0.0904584
0.0942524
0.0977451
0.100938
0.103822
0.106373
0.108531
0.11016
0.111003
0.110694
0.108296
0.102123
0.0913394
0.0792555
0.0673714
0.0563346
0.0463908
0.0376112
0.0300266
0.0234105
0.0175041
0.0126083
0.00867985
0.00566717
0.00352709
0.00215924
0.00135667
0.000680441
0.000323714
0.000148343
6.5986e-05
2.863e-05
1.21506e-05
5.05251e-06
2.0608e-06
8.25348e-07
3.24891e-07
1.25836e-07
4.80106e-08
1.80656e-08
6.71263e-09
2.46607e-09
8.9689e-10
3.23326e-10
1.15677e-10
4.11226e-11
1.4542e-11
5.12057e-12
1.79703e-12
6.29125e-13
2.19999e-13
7.68728e-14
2.66704e-14
8.92021e-15
2.60733e-15
3.88775e-16
1.75608e-14
1.19093e-13
4.32749e-13
1.41023e-12
4.45323e-12
1.38824e-11
4.28927e-11
1.31341e-10
3.98115e-10
1.19276e-09
3.52636e-09
1.02704e-08
2.94157e-08
8.27039e-08
2.27846e-07
6.13934e-07
1.61487e-06
4.13845e-06
1.03114e-05
2.49231e-05
5.82908e-05
0.000131526
0.00028524
0.000591336
0.00115249
0.0021047
0.00359409
0.00574239
0.00861637
0.0122168
0.0164874
0.0213325
0.0266352
0.0322712
0.0381186
0.0440652
0.0500121
0.0558755
0.0615875
0.0670947
0.072357
0.077346
0.0820438
0.0864404
0.0905326
0.0943213
0.0978088
0.100996
0.103875
0.106418
0.108568
0.110183
0.111006
0.110661
0.108201
0.101912
0.0910928
0.0790108
0.0671457
0.0561346
0.0462186
0.0374666
0.0299084
0.0233111
0.017426
0.0125492
0.00863698
0.00563784
0.00350937
0.00214926
0.00135012
0.000677045
0.000322123
0.000147672
6.57303e-05
2.85351e-05
1.21169e-05
5.0411e-06
2.05747e-06
8.24525e-07
3.24754e-07
1.25845e-07
4.80326e-08
1.80792e-08
6.71891e-09
2.46859e-09
8.97798e-10
3.23623e-10
1.15762e-10
4.11417e-11
1.45431e-11
5.11832e-12
1.79502e-12
6.2783e-13
2.19157e-13
7.631e-14
2.63197e-14
8.73901e-15
2.53811e-15
3.77269e-16
1.80366e-14
1.2232e-13
4.4448e-13
1.44843e-12
4.57346e-12
1.42554e-11
4.40379e-11
1.34823e-10
4.08588e-10
1.22386e-09
3.61731e-09
1.05319e-08
3.01534e-08
8.47408e-08
2.3334e-07
6.28377e-07
1.6518e-06
4.23003e-06
1.05312e-05
2.54324e-05
5.94256e-05
0.000133947
0.000290161
0.000600583
0.00116861
0.00213062
0.00363245
0.00579477
0.00868293
0.0122964
0.0165779
0.0214314
0.0267399
0.032379
0.0382275
0.0441733
0.0501178
0.0559777
0.0616854
0.0671877
0.0724447
0.0774284
0.0821207
0.086512
0.0905989
0.0943825
0.097865
0.101047
0.10392
0.106458
0.1086
0.110202
0.111008
0.110635
0.108123
0.101738
0.0908898
0.0788099
0.0669606
0.0559709
0.0460775
0.037348
0.0298111
0.0232289
0.0173612
0.0124998
0.00860094
0.00561299
0.00349425
0.00214068
0.00134447
0.000674085
0.000320666
0.000147023
6.54382e-05
2.84161e-05
1.20722e-05
5.02595e-06
2.05242e-06
8.22894e-07
3.24241e-07
1.25687e-07
4.79828e-08
1.80631e-08
6.71341e-09
2.46658e-09
8.97011e-10
3.2329e-10
1.15613e-10
4.10725e-11
1.45122e-11
5.10506e-12
1.78949e-12
6.25488e-13
2.18093e-13
7.57797e-14
2.60484e-14
8.61375e-15
2.49325e-15
3.70002e-16
1.84555e-14
1.25157e-13
4.54763e-13
1.48181e-12
4.67835e-12
1.45803e-11
4.5035e-11
1.37855e-10
4.17704e-10
1.25093e-09
3.69651e-09
1.07598e-08
3.07966e-08
8.65188e-08
2.38142e-07
6.41018e-07
1.68417e-06
4.31045e-06
1.07246e-05
2.58811e-05
6.04269e-05
0.000136086
0.000294509
0.000608754
0.00118285
0.00215351
0.00366629
0.005841
0.00874172
0.0123668
0.0166581
0.0215192
0.026833
0.0324752
0.0383247
0.0442698
0.0502123
0.0560691
0.0617729
0.0672708
0.072523
0.0775017
0.0821889
0.0865752
0.0906573
0.0944362
0.097914
0.101091
0.10396
0.106492
0.108627
0.110219
0.111011
0.110614
0.108059
0.101594
0.0907221
0.0786442
0.0668082
0.0558361
0.0459613
0.0372502
0.0297306
0.0231605
0.017307
0.0124582
0.00857038
0.00559172
0.00348112
0.00213307
0.00133935
0.000671317
0.000319354
0.000146392
6.51703e-05
2.83081e-05
1.20302e-05
5.00966e-06
2.04633e-06
8.2066e-07
3.23432e-07
1.25395e-07
4.7881e-08
1.80273e-08
6.70056e-09
2.46171e-09
8.95123e-10
3.22546e-10
1.15319e-10
4.09569e-11
1.44666e-11
5.08712e-12
1.78245e-12
6.22703e-13
2.16958e-13
7.52912e-14
2.58313e-14
8.52258e-15
2.46223e-15
3.65073e-16
1.88179e-14
1.27609e-13
4.63639e-13
1.51058e-12
4.76862e-12
1.48597e-11
4.58919e-11
1.40458e-10
4.25528e-10
1.27415e-09
3.76443e-09
1.09551e-08
3.13479e-08
8.80425e-08
2.42256e-07
6.51849e-07
1.7119e-06
4.37938e-06
1.08904e-05
2.6266e-05
6.12864e-05
0.000137924
0.000298249
0.000615795
0.00119514
0.0021733
0.00369562
0.00588113
0.00879284
0.0124281
0.0167281
0.0215959
0.0269144
0.0325594
0.03841
0.0443546
0.0502953
0.0561494
0.0618498
0.0673436
0.0725916
0.0775657
0.0822485
0.0866303
0.0907079
0.0944825
0.0979562
0.10113
0.103993
0.106521
0.10865
0.110233
0.111014
0.110596
0.108005
0.101475
0.0905837
0.0785077
0.0666828
0.0557251
0.0458656
0.0371696
0.0296639
0.0231036
0.0172616
0.0124231
0.00854437
0.00557348
0.00346989
0.00212669
0.00133518
0.000669144
0.000318268
0.000145903
6.49565e-05
2.82174e-05
1.19928e-05
4.9947e-06
2.04047e-06
8.18415e-07
3.22582e-07
1.25076e-07
4.776e-08
1.79814e-08
6.68336e-09
2.4554e-09
8.92721e-10
3.21631e-10
1.14968e-10
4.0822e-11
1.44148e-11
5.06723e-12
1.77483e-12
6.19781e-13
2.15824e-13
7.48392e-14
2.56466e-14
8.44954e-15
2.43809e-15
3.61275e-16
1.91257e-14
1.2969e-13
4.71166e-13
1.53495e-12
4.84501e-12
1.5096e-11
4.6616e-11
1.42657e-10
4.32136e-10
1.29376e-09
3.82178e-09
1.11201e-08
3.18136e-08
8.93299e-08
2.45734e-07
6.61011e-07
1.73538e-06
4.43777e-06
1.10309e-05
2.65926e-05
6.20159e-05
0.000139485
0.000301428
0.00062178
0.0012056
0.00219013
0.00372057
0.00591528
0.00883638
0.0124803
0.0167878
0.0216615
0.0269841
0.0326315
0.038483
0.0444272
0.0503665
0.0562183
0.0619156
0.0674061
0.0726502
0.0776205
0.0822993
0.0866772
0.090751
0.0945219
0.0979919
0.101162
0.104022
0.106545
0.108669
0.110244
0.111016
0.110582
0.107962
0.101377
0.0904704
0.0783961
0.0665803
0.0556346
0.0457875
0.0371037
0.0296093
0.0230568
0.0172242
0.0123941
0.00852272
0.00555819
0.00346038
0.00212119
0.00133154
0.000667196
0.000317313
0.000145458
6.47573e-05
2.81315e-05
1.19569e-05
4.98012e-06
2.03467e-06
8.16148e-07
3.21707e-07
1.24742e-07
4.76332e-08
1.79335e-08
6.66518e-09
2.44849e-09
8.90159e-10
3.20657e-10
1.14597e-10
4.06816e-11
1.43617e-11
5.04715e-12
1.76726e-12
6.16932e-13
2.14745e-13
7.44191e-14
2.5476e-14
8.38029e-15
2.41412e-15
3.57405e-16
1.93808e-14
1.31415e-13
4.77392e-13
1.55508e-12
4.90803e-12
1.52908e-11
4.72126e-11
1.44468e-10
4.37577e-10
1.3099e-09
3.86899e-09
1.12559e-08
3.21969e-08
9.03896e-08
2.48598e-07
6.68555e-07
1.75472e-06
4.48587e-06
1.11468e-05
2.68618e-05
6.26178e-05
0.000140773
0.000304052
0.000626726
0.00121424
0.00220406
0.00374123
0.00594358
0.00887248
0.0125237
0.0168373
0.0217159
0.027042
0.0326915
0.0385438
0.0444877
0.0504258
0.0562756
0.0619705
0.067458
0.0726991
0.077666
0.0823415
0.0867161
0.0907866
0.0945543
0.0980213
0.101188
0.104045
0.106565
0.108685
0.110254
0.111018
0.11057
0.107927
0.101299
0.0903794
0.0783065
0.0664981
0.0555619
0.0457249
0.0370508
0.0295655
0.0230192
0.0171942
0.0123708
0.0085053
0.0055458
0.00345251
0.00211645
0.00132825
0.00066534
0.000316372
0.000145013
6.45596e-05
2.80476e-05
1.19225e-05
4.96626e-06
2.02918e-06
8.13995e-07
3.20871e-07
1.2442e-07
4.75098e-08
1.78865e-08
6.64735e-09
2.44172e-09
8.87589e-10
3.19695e-10
1.14237e-10
4.05467e-11
1.43111e-11
5.02821e-12
1.76018e-12
6.14294e-13
2.13756e-13
7.40428e-14
2.53306e-14
8.32559e-15
2.39657e-15
3.54673e-16
1.95837e-14
1.32785e-13
4.82339e-13
1.57107e-12
4.95805e-12
1.54453e-11
4.76858e-11
1.45904e-10
4.4189e-10
1.32269e-09
3.9064e-09
1.13635e-08
3.25007e-08
9.12298e-08
2.50868e-07
6.74539e-07
1.77006e-06
4.52405e-06
1.12388e-05
2.70757e-05
6.30961e-05
0.000141797
0.00030614
0.000630662
0.00122112
0.00221515
0.00375768
0.00596612
0.00890124
0.0125583
0.0168769
0.0217594
0.0270882
0.0327395
0.0385924
0.0445361
0.0504731
0.0563214
0.0620143
0.0674995
0.072738
0.0777023
0.0823751
0.086747
0.0908149
0.0945801
0.0980446
0.101209
0.104063
0.106581
0.108698
0.110262
0.111019
0.110561
0.1079
0.101237
0.0903084
0.0782367
0.0664341
0.0555053
0.0456761
0.0370097
0.0295314
0.0229899
0.0171708
0.0123526
0.00849168
0.00553595
0.003446
0.00211223
0.00132513
0.00066344
0.000315361
0.000144533
6.43498e-05
2.7961e-05
1.18879e-05
4.95272e-06
2.02392e-06
8.11962e-07
3.20088e-07
1.24119e-07
4.73948e-08
1.78427e-08
6.63079e-09
2.43548e-09
8.85252e-10
3.18822e-10
1.13912e-10
4.04254e-11
1.42659e-11
5.01146e-12
1.75399e-12
6.12e-13
2.12904e-13
7.37231e-14
2.52099e-14
8.28157e-15
2.38285e-15
3.52567e-16
1.9735e-14
1.33807e-13
4.86025e-13
1.58297e-12
4.9953e-12
1.55603e-11
4.8038e-11
1.46973e-10
4.451e-10
1.33222e-09
3.93425e-09
1.14436e-08
3.2727e-08
9.18555e-08
2.52559e-07
6.78997e-07
1.7815e-06
4.55252e-06
1.13074e-05
2.72353e-05
6.34532e-05
0.000142562
0.000307699
0.000633603
0.00122626
0.00222344
0.00376998
0.00598298
0.00892277
0.0125841
0.0169065
0.021792
0.0271229
0.0327754
0.0386288
0.0445723
0.0505087
0.0563558
0.0620471
0.0675306
0.0727672
0.0777295
0.0824002
0.0867701
0.090836
0.0945993
0.0980619
0.101224
0.104077
0.106592
0.108707
0.110267
0.11102
0.110555
0.107879
0.101192
0.090256
0.0781851
0.0663867
0.0554635
0.04564
0.0369792
0.0295061
0.0229682
0.0171534
0.012339
0.00848147
0.00552858
0.00344119
0.00210925
0.00132305
0.000662185
0.00031472
0.000144224
6.42087e-05
2.78992e-05
1.18617e-05
4.94191e-06
2.01955e-06
8.10226e-07
3.19408e-07
1.23856e-07
4.72942e-08
1.78046e-08
6.61644e-09
2.43011e-09
8.83252e-10
3.18084e-10
1.13638e-10
4.03241e-11
1.42286e-11
4.99775e-12
1.74894e-12
6.10145e-13
2.12218e-13
7.34674e-14
2.51141e-14
8.24695e-15
2.37215e-15
3.50932e-16
1.98346e-14
1.3448e-13
4.88451e-13
1.5908e-12
5.01977e-12
1.56358e-11
4.82691e-11
1.47674e-10
4.47202e-10
1.33845e-09
3.95246e-09
1.1496e-08
3.28747e-08
9.2264e-08
2.53663e-07
6.81907e-07
1.78896e-06
4.57109e-06
1.13521e-05
2.73394e-05
6.36863e-05
0.000143062
0.000308718
0.000635527
0.00122963
0.00222888
0.00377807
0.00599409
0.00893698
0.0126012
0.0169261
0.0218135
0.0271459
0.0327993
0.038653
0.0445965
0.0505323
0.0563786
0.0620689
0.0675513
0.0727866
0.0777475
0.0824169
0.0867854
0.09085
0.094612
0.0980734
0.101235
0.104086
0.1066
0.108713
0.110271
0.111021
0.11055
0.107866
0.101162
0.0902212
0.0781509
0.0663553
0.0554357
0.045616
0.0369589
0.0294893
0.0229537
0.0171418
0.01233
0.00847469
0.00552369
0.00343797
0.00210719
0.00132158
0.000661308
0.000314255
0.000143993
6.41004e-05
2.78506e-05
1.18408e-05
4.93318e-06
2.01602e-06
8.08824e-07
3.18863e-07
1.23648e-07
4.72154e-08
1.77751e-08
6.60546e-09
2.42605e-09
8.81753e-10
3.17531e-10
1.13436e-10
4.02503e-11
1.42016e-11
4.98788e-12
1.74534e-12
6.08828e-13
2.11735e-13
7.32885e-14
2.50478e-14
8.22331e-15
2.36493e-15
3.49835e-16
1.98829e-14
1.34805e-13
4.8962e-13
1.59456e-12
5.03146e-12
1.56717e-11
4.83784e-11
1.48004e-10
4.4819e-10
1.34137e-09
3.96096e-09
1.15203e-08
3.29433e-08
9.24532e-08
2.54174e-07
6.8325e-07
1.7924e-06
4.57964e-06
1.13727e-05
2.73873e-05
6.37934e-05
0.000143291
0.000309186
0.000636412
0.00123119
0.0022314
0.00378183
0.00599928
0.00894365
0.0126093
0.0169354
0.0218238
0.0271569
0.0328107
0.0386647
0.0446081
0.0505437
0.0563897
0.0620795
0.0675613
0.072796
0.0777563
0.082425
0.0867929
0.0908568
0.0946182
0.098079
0.10124
0.10409
0.106604
0.108716
0.110273
0.111021
0.110548
0.107859
0.101147
0.0902036
0.0781335
0.0663394
0.0554216
0.0456039
0.0369488
0.0294809
0.0229465
0.0171361
0.0123256
0.00847139
0.00552133
0.00343638
0.00210611
0.00132077
0.000660798
0.000313977
0.000143853
6.40343e-05
2.78211e-05
1.18282e-05
4.928e-06
2.01395e-06
8.08022e-07
3.18557e-07
1.23533e-07
4.71727e-08
1.77593e-08
6.59967e-09
2.42393e-09
8.80977e-10
3.17247e-10
1.13332e-10
4.02124e-11
1.41878e-11
4.98282e-12
1.74349e-12
6.08149e-13
2.11485e-13
7.31961e-14
2.50137e-14
8.21126e-15
2.36128e-15
3.49287e-16
1.98844e-14
1.34816e-13
4.89656e-13
1.59468e-12
5.03181e-12
1.56728e-11
4.83816e-11
1.48013e-10
4.48218e-10
1.34145e-09
3.9612e-09
1.1521e-08
3.29452e-08
9.24585e-08
2.54188e-07
6.83286e-07
1.79249e-06
4.57988e-06
1.13733e-05
2.73886e-05
6.37963e-05
0.000143298
0.0003092
0.000636438
0.00123123
0.00223147
0.00378195
0.00599944
0.00894385
0.0126096
0.0169357
0.0218241
0.0271572
0.032811
0.038665
0.0446084
0.050544
0.0563899
0.0620798
0.0675615
0.0727962
0.0777565
0.0824252
0.086793
0.0908569
0.0946183
0.0980791
0.10124
0.10409
0.106604
0.108716
0.110273
0.111021
0.110548
0.107859
0.101146
0.0902025
0.0781324
0.0663383
0.0554207
0.045603
0.036948
0.0294802
0.0229459
0.0171356
0.0123251
0.008471
0.00552099
0.00343611
0.00210591
0.00132062
0.000660695
0.00031392
0.000143824
6.40205e-05
2.7815e-05
1.18257e-05
4.92701e-06
2.01358e-06
8.07887e-07
3.18509e-07
1.23516e-07
4.71669e-08
1.77573e-08
6.59899e-09
2.42369e-09
8.80893e-10
3.17217e-10
1.13322e-10
4.02085e-11
1.41864e-11
4.9823e-12
1.7433e-12
6.08079e-13
2.11459e-13
7.31865e-14
2.50104e-14
8.21026e-15
2.36104e-15
3.49257e-16
1.98391e-14
1.3451e-13
4.88558e-13
1.59114e-12
5.02082e-12
1.5639e-11
4.82786e-11
1.47702e-10
4.47287e-10
1.3387e-09
3.95318e-09
1.1498e-08
3.28804e-08
9.22796e-08
2.53705e-07
6.82017e-07
1.78924e-06
4.5718e-06
1.13538e-05
2.73434e-05
6.36954e-05
0.000143081
0.000308759
0.000635605
0.00122977
0.00222911
0.00377842
0.00599457
0.0089376
0.012602
0.0169269
0.0218144
0.0271468
0.0328002
0.0386539
0.0445973
0.0505331
0.0563793
0.0620696
0.0675518
0.0727871
0.077748
0.0824173
0.0867857
0.0908503
0.0946122
0.0980737
0.101235
0.104086
0.1066
0.108713
0.110271
0.111021
0.11055
0.107865
0.101159
0.0902177
0.0781473
0.066352
0.0554327
0.0456134
0.0369567
0.0294874
0.022952
0.0171404
0.0123288
0.00847363
0.00552279
0.00343726
0.00210667
0.00132119
0.000661055
0.000314114
0.000143921
6.40661e-05
2.78356e-05
1.18346e-05
4.93071e-06
2.01508e-06
8.0848e-07
3.1874e-07
1.23604e-07
4.72001e-08
1.77697e-08
6.60358e-09
2.42539e-09
8.81518e-10
3.17446e-10
1.13405e-10
4.02391e-11
1.41976e-11
4.9864e-12
1.74479e-12
6.08624e-13
2.11659e-13
7.32605e-14
2.50382e-14
8.22036e-15
2.36421e-15
3.49744e-16
1.97428e-14
1.33859e-13
4.86211e-13
1.58357e-12
4.99713e-12
1.55659e-11
4.80549e-11
1.47024e-10
4.45251e-10
1.33266e-09
3.93554e-09
1.14473e-08
3.27373e-08
9.18839e-08
2.52636e-07
6.79199e-07
1.78201e-06
4.55381e-06
1.13105e-05
2.72426e-05
6.34697e-05
0.000142598
0.000307773
0.000633744
0.00122651
0.00222385
0.0037706
0.00598383
0.00892385
0.0125854
0.0169079
0.0217935
0.0271245
0.032777
0.0386304
0.0445738
0.05051
0.056357
0.0620482
0.0675316
0.072768
0.0777302
0.0824009
0.0867707
0.0908365
0.0945997
0.0980623
0.101225
0.104077
0.106592
0.108707
0.110267
0.11102
0.110554
0.107877
0.101187
0.0902501
0.0781793
0.0663813
0.0554586
0.0456357
0.0369755
0.029503
0.0229654
0.017151
0.0123371
0.00847983
0.00552726
0.00344022
0.00210859
0.00132256
0.000661883
0.000314554
0.00014414
6.41688e-05
2.78815e-05
1.18543e-05
4.93892e-06
2.01839e-06
8.09782e-07
3.19242e-07
1.23795e-07
4.72719e-08
1.77965e-08
6.61348e-09
2.42903e-09
8.82856e-10
3.17937e-10
1.13585e-10
4.03047e-11
1.42216e-11
4.99515e-12
1.74799e-12
6.09792e-13
2.12087e-13
7.34194e-14
2.50975e-14
8.24181e-15
2.37086e-15
3.50762e-16
1.95946e-14
1.32858e-13
4.82599e-13
1.57189e-12
4.9606e-12
1.5453e-11
4.77092e-11
1.45974e-10
4.42098e-10
1.3233e-09
3.90817e-09
1.13685e-08
3.25149e-08
9.12687e-08
2.50973e-07
6.74814e-07
1.77077e-06
4.52581e-06
1.1243e-05
2.70856e-05
6.31185e-05
0.000141846
0.00030624
0.000630853
0.00122146
0.00221571
0.00375852
0.00596728
0.00890272
0.01256
0.0168789
0.0217615
0.0270905
0.0327417
0.0385946
0.0445381
0.0504751
0.0563232
0.0620158
0.0675009
0.0727392
0.0777034
0.0823761
0.0867478
0.0908156
0.0945807
0.0980452
0.101209
0.104064
0.106581
0.108698
0.110261
0.111019
0.11056
0.107896
0.10123
0.0903003
0.0782287
0.0664267
0.0554987
0.0456703
0.0370047
0.0295272
0.0229862
0.0171677
0.0123501
0.00848967
0.00553441
0.00344493
0.00211155
0.00132465
0.000663137
0.000315203
0.000144455
6.43135e-05
2.79448e-05
1.1881e-05
4.94986e-06
2.02277e-06
8.11504e-07
3.19908e-07
1.2405e-07
4.73683e-08
1.78327e-08
6.627e-09
2.43406e-09
8.8472e-10
3.18625e-10
1.13839e-10
4.03984e-11
1.4256e-11
5.00783e-12
1.75265e-12
6.11502e-13
2.12719e-13
7.36553e-14
2.51863e-14
8.27414e-15
2.38091e-15
3.52302e-16
1.93946e-14
1.31507e-13
4.77721e-13
1.55613e-12
4.91126e-12
1.53006e-11
4.72422e-11
1.44557e-10
4.3784e-10
1.31067e-09
3.87122e-09
1.12622e-08
3.22148e-08
9.04387e-08
2.4873e-07
6.68902e-07
1.75561e-06
4.48808e-06
1.11521e-05
2.68743e-05
6.26459e-05
0.000140834
0.000304178
0.000626967
0.00121467
0.00220476
0.00374228
0.00594504
0.00887435
0.0125259
0.0168399
0.0217187
0.0270448
0.0326944
0.0385466
0.0444904
0.0504282
0.0562779
0.0619725
0.0674598
0.0727007
0.0776674
0.0823427
0.0867171
0.0907875
0.0945551
0.0980221
0.101189
0.104046
0.106565
0.108685
0.110254
0.111017
0.110568
0.107923
0.10129
0.0903692
0.0782965
0.0664888
0.0555536
0.0457176
0.0370446
0.0295603
0.0230146
0.0171904
0.0123677
0.00850289
0.00554399
0.00345129
0.0021157
0.00132776
0.000665091
0.000316225
0.000144937
6.45236e-05
2.80315e-05
1.19155e-05
4.96331e-06
2.02796e-06
8.13495e-07
3.2067e-07
1.2434e-07
4.74784e-08
1.78743e-08
6.64266e-09
2.43994e-09
8.86916e-10
3.19443e-10
1.14144e-10
4.05119e-11
1.42983e-11
5.02351e-12
1.75846e-12
6.13656e-13
2.13522e-13
7.39589e-14
2.53023e-14
8.31706e-15
2.39443e-15
3.54384e-16
1.91422e-14
1.29801e-13
4.71562e-13
1.53621e-12
4.84889e-12
1.51078e-11
4.66515e-11
1.42763e-10
4.32451e-10
1.29468e-09
3.82446e-09
1.11277e-08
3.1835e-08
8.93887e-08
2.45892e-07
6.61426e-07
1.73644e-06
4.44041e-06
1.10373e-05
2.66075e-05
6.20495e-05
0.000139557
0.000301577
0.000622067
0.00120611
0.00219097
0.00372183
0.00591703
0.00883862
0.012483
0.0167908
0.0216648
0.0269875
0.032635
0.0384864
0.0444304
0.0503695
0.056221
0.0619181
0.0674083
0.0726522
0.0776222
0.0823008
0.0866785
0.0907521
0.0945229
0.0979928
0.101162
0.104022
0.106546
0.10867
0.110244
0.111015
0.110579
0.107957
0.101366
0.0904582
0.078384
0.0665691
0.0556246
0.0457788
0.0370962
0.0296031
0.0230513
0.0172197
0.0123904
0.00851987
0.00555606
0.00345897
0.00212037
0.00133101
0.000666902
0.00031716
0.000145379
6.47189e-05
2.8114e-05
1.19492e-05
4.9768e-06
2.03328e-06
8.15568e-07
3.21471e-07
1.24647e-07
4.75955e-08
1.79187e-08
6.65947e-09
2.4463e-09
8.89334e-10
3.20343e-10
1.14481e-10
4.06386e-11
1.43458e-11
5.04132e-12
1.76512e-12
6.1615e-13
2.14463e-13
7.43214e-14
2.54448e-14
8.37166e-15
2.41216e-15
3.57154e-16
1.8837e-14
1.27737e-13
4.64097e-13
1.51204e-12
4.77311e-12
1.48734e-11
4.5933e-11
1.40581e-10
4.25893e-10
1.27522e-09
3.76753e-09
1.0964e-08
3.13726e-08
8.81103e-08
2.42439e-07
6.52328e-07
1.71313e-06
4.38243e-06
1.08978e-05
2.62832e-05
6.1325e-05
0.000138007
0.000298422
0.000616126
0.00119573
0.00217426
0.00369708
0.00588315
0.00879543
0.0124312
0.0167316
0.0215998
0.0269184
0.0325634
0.0384139
0.0443583
0.0502988
0.0561526
0.0618527
0.0673462
0.0725938
0.0775677
0.0822502
0.0866318
0.0907092
0.0944837
0.0979573
0.10113
0.103994
0.106522
0.108651
0.110232
0.111013
0.110593
0.107999
0.101462
0.0905692
0.0784935
0.0666696
0.0557134
0.0458555
0.0371609
0.0296566
0.0230972
0.0172564
0.0124189
0.00854106
0.005571
0.00346825
0.00212574
0.00133456
0.000668784
0.000318082
0.00014581
6.49123e-05
2.81972e-05
1.19839e-05
4.99087e-06
2.03885e-06
8.1774e-07
3.22305e-07
1.24964e-07
4.77154e-08
1.7964e-08
6.6766e-09
2.45281e-09
8.91724e-10
3.21258e-10
1.14829e-10
4.07707e-11
1.43959e-11
5.06028e-12
1.77228e-12
6.18852e-13
2.15492e-13
7.47266e-14
2.56122e-14
8.44076e-15
2.43633e-15
3.61072e-16
1.84771e-14
1.25302e-13
4.5528e-13
1.48346e-12
4.68342e-12
1.45957e-11
4.50816e-11
1.37994e-10
4.18116e-10
1.25213e-09
3.70001e-09
1.07698e-08
3.08245e-08
8.65954e-08
2.38348e-07
6.41558e-07
1.68555e-06
4.31389e-06
1.07329e-05
2.59005e-05
6.04705e-05
0.00013618
0.000294703
0.000609127
0.00118352
0.0021546
0.00366794
0.00584329
0.00874467
0.0123703
0.0166621
0.0215236
0.0268375
0.0324798
0.0383292
0.0442741
0.0502163
0.0560728
0.0617763
0.0672738
0.0725256
0.077504
0.082191
0.086577
0.0906588
0.0944375
0.0979152
0.101093
0.103961
0.106493
0.108627
0.110218
0.11101
0.110611
0.108052
0.101579
0.0907054
0.0786278
0.0667931
0.0558226
0.0459496
0.0372402
0.0297221
0.0231532
0.017301
0.0124533
0.00856657
0.00558887
0.00347924
0.00213197
0.00133864
0.000670906
0.000319139
0.000146282
6.51189e-05
2.82848e-05
1.20199e-05
5.00524e-06
2.04445e-06
8.19878e-07
3.2311e-07
1.25268e-07
4.78297e-08
1.8007e-08
6.69257e-09
2.4586e-09
8.93945e-10
3.22109e-10
1.15157e-10
4.08971e-11
1.44446e-11
5.07904e-12
1.77949e-12
6.21625e-13
2.16575e-13
7.51628e-14
2.57929e-14
8.51308e-15
2.46044e-15
3.64881e-16
1.80605e-14
1.2248e-13
4.45053e-13
1.45025e-12
4.57908e-12
1.42724e-11
4.40894e-11
1.34978e-10
4.09045e-10
1.2252e-09
3.62119e-09
1.0543e-08
3.01842e-08
8.48256e-08
2.33568e-07
6.28975e-07
1.65333e-06
4.23384e-06
1.05404e-05
2.54539e-05
5.94739e-05
0.000134052
0.000290376
0.000600997
0.00116935
0.00213184
0.00363429
0.00579733
0.00868623
0.0123004
0.0165824
0.0214363
0.026745
0.0323842
0.0382326
0.0441781
0.0501223
0.0559819
0.0616892
0.0671911
0.0724477
0.077431
0.082123
0.086514
0.0906006
0.094384
0.0978663
0.101048
0.103921
0.106459
0.1086
0.110202
0.111007
0.110632
0.108115
0.101721
0.0908709
0.0787913
0.0669435
0.0559556
0.0460642
0.0373367
0.0298016
0.0232207
0.0173544
0.0124942
0.00859661
0.00560975
0.00349212
0.00213944
0.00134367
0.000673636
0.000320434
0.000146904
6.53801e-05
2.83896e-05
1.20611e-05
5.02091e-06
2.05026e-06
8.21985e-07
3.23864e-07
1.2553e-07
4.79209e-08
1.80388e-08
6.70406e-09
2.46302e-09
8.95666e-10
3.22784e-10
1.15425e-10
4.10036e-11
1.44869e-11
5.09579e-12
1.78611e-12
6.24262e-13
2.17661e-13
7.56348e-14
2.60044e-14
8.60231e-15
2.49085e-15
3.6971e-16
1.75867e-14
1.19267e-13
4.33371e-13
1.41222e-12
4.45935e-12
1.3901e-11
4.29489e-11
1.31509e-10
3.98613e-10
1.19422e-09
3.53059e-09
1.02825e-08
2.94494e-08
8.27964e-08
2.28095e-07
6.14588e-07
1.61655e-06
4.14261e-06
1.03214e-05
2.49466e-05
5.83437e-05
0.00013164
0.000285476
0.000591791
0.0011533
0.00210604
0.00359611
0.00574521
0.00862001
0.0122212
0.0164924
0.021338
0.0266409
0.0322769
0.0381242
0.0440706
0.0500171
0.0558801
0.0615917
0.0670985
0.0723603
0.0773489
0.0820463
0.0864427
0.0905345
0.094323
0.0978103
0.100997
0.103876
0.106419
0.108569
0.110182
0.111004
0.110657
0.108192
0.101894
0.0910716
0.0789899
0.0671265
0.0561176
0.0462038
0.037454
0.0298978
0.023302
0.0174185
0.0125431
0.00863221
0.00563425
0.00350699
0.00214785
0.00134921
0.000676522
0.000321841
0.000147528
6.56582e-05
2.8502e-05
1.2102e-05
5.03497e-06
2.05492e-06
8.23465e-07
3.24317e-07
1.25669e-07
4.79627e-08
1.80518e-08
6.70834e-09
2.46456e-09
8.96278e-10
3.23052e-10
1.15548e-10
4.10617e-11
1.45136e-11
5.10762e-12
1.79118e-12
6.26446e-13
2.18664e-13
7.61396e-14
2.62636e-14
8.72208e-15
2.53369e-15
3.76638e-16
1.7052e-14
1.15634e-13
4.20128e-13
1.36897e-12
4.32289e-12
1.3477e-11
4.16452e-11
1.2754e-10
3.86663e-10
1.1587e-09
3.42657e-09
9.98303e-09
2.86038e-08
8.04591e-08
2.21784e-07
5.97979e-07
1.57405e-06
4.03711e-06
1.00681e-05
2.43596e-05
5.70363e-05
0.000128853
0.000279826
0.000581224
0.00113498
0.00207674
0.003553
0.00568664
0.00854593
0.012133
0.0163925
0.0212291
0.026526
0.0321587
0.0380051
0.0439525
0.0499017
0.0557685
0.0614848
0.0669967
0.072264
0.0772583
0.0819613
0.0863632
0.0904605
0.0942543
0.0977468
0.100939
0.103823
0.106374
0.108532
0.11016
0.111001
0.110689
0.108286
0.102103
0.0913158
0.0792323
0.0673501
0.0563157
0.0463744
0.0375973
0.030015
0.0234006
0.017496
0.0126019
0.00867478
0.00566326
0.00352424
0.00215724
0.00135511
0.000679372
0.000323128
0.000148059
6.58605e-05
2.85773e-05
1.21293e-05
5.04412e-06
2.05748e-06
8.24043e-07
3.24379e-07
1.25635e-07
4.79318e-08
1.8035e-08
6.70084e-09
2.46157e-09
8.95192e-10
3.22689e-10
1.1544e-10
4.10343e-11
1.45094e-11
5.10857e-12
1.79263e-12
6.2753e-13
2.19423e-13
7.6665e-14
2.6595e-14
8.89405e-15
2.59947e-15
3.87571e-16
1.64595e-14
1.11595e-13
4.05311e-13
1.32032e-12
4.16891e-12
1.29981e-11
4.01723e-11
1.23058e-10
3.73177e-10
1.11866e-09
3.30954e-09
9.64686e-09
2.76571e-08
7.78506e-08
2.14767e-07
5.79593e-07
1.52721e-06
3.92141e-06
9.7915e-06
2.37217e-05
5.56212e-05
0.000125845
0.000273732
0.000569693
0.00111493
0.00204457
0.00350552
0.00562201
0.00846417
0.0120358
0.0162826
0.0211099
0.0264007
0.0320302
0.0378761
0.043825
0.0497772
0.0556483
0.0613695
0.0668868
0.0721598
0.0771598
0.0818686
0.0862761
0.0903788
0.0941778
0.0976756
0.100873
0.103763
0.106321
0.108489
0.110134
0.110998
0.110728
0.108401
0.102358
0.0916155
0.0795304
0.0676258
0.0565601
0.0465847
0.0377735
0.0301586
0.0235206
0.0175897
0.0126724
0.00872542
0.00569745
0.00354447
0.00216823
0.00136206
0.000682765
0.000324662
0.000148697
6.61025e-05
2.86609e-05
1.21533e-05
5.04893e-06
2.05756e-06
8.23361e-07
3.23859e-07
1.2535e-07
4.77979e-08
1.79775e-08
6.6776e-09
2.45259e-09
8.91854e-10
3.21492e-10
1.15025e-10
4.08955e-11
1.44648e-11
5.09496e-12
1.78885e-12
6.26906e-13
2.19796e-13
7.72308e-14
2.703e-14
9.12676e-15
2.68735e-15
4.0204e-16
1.58121e-14
1.07155e-13
3.88859e-13
1.26579e-12
3.99513e-12
1.24552e-11
3.84984e-11
1.17952e-10
3.57777e-10
1.07283e-09
3.17515e-09
9.25965e-09
2.6563e-08
7.48251e-08
2.06598e-07
5.58105e-07
1.47228e-06
3.78528e-06
9.46536e-06
2.29687e-05
5.39519e-05
0.000122309
0.000266615
0.000556203
0.00109176
0.00200788
0.00345207
0.00555016
0.00837427
0.01193
0.016164
0.0209819
0.026267
0.0318939
0.0377397
0.0436907
0.0496464
0.0555219
0.0612482
0.066771
0.0720495
0.077055
0.0817692
0.0861819
0.0902897
0.0940938
0.0975966
0.1008
0.103696
0.106262
0.108441
0.110106
0.110998
0.110779
0.108544
0.102674
0.091987
0.0799013
0.0679694
0.0568648
0.0468467
0.0379924
0.0303365
0.023668
0.0177041
0.0127579
0.00878617
0.0057379
0.00356804
0.00218084
0.00136999
0.000686288
0.000326213
0.000149297
6.6299e-05
2.87056e-05
1.21553e-05
5.04308e-06
2.05262e-06
8.20581e-07
3.22504e-07
1.24737e-07
4.75327e-08
1.78675e-08
6.63374e-09
2.43575e-09
8.85594e-10
3.19235e-10
1.14233e-10
4.06246e-11
1.43735e-11
5.06426e-12
1.77881e-12
6.24335e-13
2.20028e-13
7.82233e-14
2.78557e-14
9.56763e-15
2.85269e-15
4.2919e-16
1.51269e-14
1.02404e-13
3.70871e-13
1.20531e-12
3.80139e-12
1.18492e-11
3.66308e-11
1.12264e-10
3.40661e-10
1.02203e-09
3.02676e-09
8.83399e-09
2.53664e-08
7.15359e-08
1.97776e-07
5.35061e-07
1.4138e-06
3.6414e-06
9.123e-06
2.21829e-05
5.22177e-05
0.000118644
0.000259238
0.00054217
0.00106753
0.00196924
0.00339539
0.00547353
0.00827813
0.0118168
0.0160374
0.0208463
0.0261261
0.0317513
0.037598
0.0435519
0.0495117
0.0553922
0.0611238
0.0666519
0.0719356
0.0769461
0.0816649
0.0860821
0.0901943
0.0940026
0.09751
0.100718
0.10362
0.106194
0.108385
0.110074
0.111
0.110843
0.108724
0.103072
0.0924553
0.0803693
0.0684029
0.0572489
0.0471762
0.0382671
0.0305585
0.0238504
0.0178449
0.0128623
0.00885967
0.00578613
0.00359511
0.00219182
0.00135897
0.000710923
0.000329034
0.000149919
6.64349e-05
2.871e-05
1.21344e-05
5.02578e-06
2.04266e-06
8.15362e-07
3.19994e-07
1.23608e-07
4.70507e-08
1.76701e-08
6.55578e-09
2.4059e-09
8.74485e-10
3.15205e-10
1.12805e-10
4.0129e-11
1.42039e-11
5.00615e-12
1.75886e-12
6.18861e-13
2.20911e-13
8.09983e-14
2.99114e-14
1.04996e-14
3.15882e-15
4.76517e-16
1.49081e-14
1.01091e-13
3.55256e-13
1.13654e-12
3.58251e-12
1.11621e-11
3.45045e-11
1.05763e-10
3.21018e-10
9.63453e-10
2.85479e-09
8.33791e-09
2.39636e-08
6.76561e-08
1.87304e-07
5.07543e-07
1.34357e-06
3.46776e-06
8.70821e-06
2.12284e-05
5.01089e-05
0.000114191
0.000250305
0.000525276
0.00103868
0.00192389
0.00333001
0.00538691
0.0081717
0.0116941
0.015903
0.0207048
0.0259817
0.0316071
0.0374566
0.0434146
0.0493795
0.0552653
0.061002
0.0665349
0.0718228
0.0768371
0.0815592
0.0859794
0.0900944
0.0939056
0.0974163
0.100628
0.103536
0.106118
0.108323
0.110039
0.111005
0.110925
0.108952
0.103578
0.0930515
0.0809642
0.0689533
0.057736
0.0475939
0.038615
0.0308389
0.0240792
0.0180211
0.0129922
0.00894992
0.00584401
0.00362691
0.00220783
0.00136545
0.000714702
0.000329903
0.000149985
6.63375e-05
2.86088e-05
1.20712e-05
4.9902e-06
2.02359e-06
8.05973e-07
3.15655e-07
1.21705e-07
4.62535e-08
1.73484e-08
6.42991e-09
2.35797e-09
8.56672e-10
3.08726e-10
1.10494e-10
3.93176e-11
1.39216e-11
4.90642e-12
1.72094e-12
6.03276e-13
2.20252e-13
8.90949e-14
3.97744e-14
1.40774e-14
4.18976e-15
6.27075e-16
2.35591e-14
1.22232e-13
3.62104e-13
1.07811e-12
3.32235e-12
1.03814e-11
3.21425e-11
9.85974e-11
2.99456e-10
8.99403e-10
2.6675e-09
7.80006e-09
2.24498e-08
6.34891e-08
1.76108e-07
4.78252e-07
1.26912e-06
3.2844e-06
8.27196e-06
2.02291e-05
4.79136e-05
0.000109587
0.000241138
0.000508077
0.0010096
0.00187858
0.00326509
0.00530114
0.00806649
0.011573
0.0157707
0.0205662
0.0258413
0.0314685
0.037322
0.0432855
0.0492563
0.0551477
0.0608893
0.0664262
0.0717171
0.0767333
0.0814567
0.0858777
0.0899931
0.0938049
0.0973169
0.100531
0.103444
0.106035
0.108256
0.110003
0.111016
0.111019
0.109228
0.104206
0.0937963
0.0817089
0.0696437
0.0583485
0.0481202
0.0390541
0.0311931
0.0243666
0.0182425
0.0131551
0.0090629
0.00591639
0.00366623
0.00222415
0.00136123
0.000732348
0.000333331
0.000150244
6.61347e-05
2.84251e-05
1.19508e-05
4.92467e-06
1.99137e-06
7.91048e-07
3.09049e-07
1.18889e-07
4.50915e-08
1.68828e-08
6.24823e-09
2.28876e-09
8.30869e-10
2.99292e-10
1.07103e-10
3.81157e-11
1.34982e-11
4.75597e-12
1.66664e-12
5.86912e-13
2.29205e-13
1.05715e-13
3.58465e-14
1.20787e-14
4.15549e-15
9.05482e-16
2.09524e-14
1.18833e-13
4.17353e-13
1.04106e-12
3.0341e-12
9.47852e-12
2.94475e-11
9.04387e-11
2.74846e-10
8.26067e-10
2.45242e-09
7.18088e-09
2.07041e-08
5.868e-08
1.63194e-07
4.44519e-07
1.18358e-06
3.07423e-06
7.77267e-06
1.9085e-05
4.53924e-05
0.000104266
0.000230446
0.000487789
0.000974827
0.00182378
0.00318624
0.0051976
0.00794166
0.0114333
0.0156237
0.0204189
0.025699
0.0313346
0.0371983
0.043172
0.0491521
0.055051
0.060798
0.066338
0.07163
0.0766457
0.0813671
0.0857851
0.0898972
0.0937057
0.0972151
0.100428
0.103342
0.10594
0.108175
0.109949
0.111011
0.111104
0.109489
0.10479
0.0946185
0.0825838
0.070481
0.0591056
0.0487788
0.0396081
0.0316413
0.0247299
0.0185213
0.0133572
0.00919863
0.00599842
0.00370671
0.00223823
0.00135777
0.000745073
0.000335824
0.000149974
6.56676e-05
2.80957e-05
1.17549e-05
4.81932e-06
1.9394e-06
7.67054e-07
2.98524e-07
1.14461e-07
4.32917e-08
1.61724e-08
5.97484e-09
2.18585e-09
7.92872e-10
2.855e-10
1.0217e-10
3.63716e-11
1.28841e-11
4.53693e-12
1.58809e-12
5.76117e-13
2.4357e-13
1.09913e-13
3.60055e-14
1.15802e-14
3.32301e-15
6.83296e-16
1.66893e-14
1.12774e-13
4.15707e-13
1.0272e-12
2.80142e-12
8.51399e-12
2.64734e-11
8.14142e-11
2.47561e-10
7.44414e-10
2.21152e-09
6.48197e-09
1.87147e-08
5.31375e-08
1.48122e-07
4.04643e-07
1.08129e-06
2.82063e-06
7.16695e-06
1.76961e-05
4.23475e-05
9.79147e-05
0.00021792
0.00046461
0.000936699
0.0017666
0.00310847
0.00510145
0.00783234
0.0113174
0.0155076
0.0203076
0.0255963
0.0312425
0.0371173
0.0431014
0.0490902
0.0549956
0.0607463
0.0662866
0.071576
0.0765868
0.0813016
0.085712
0.0898158
0.093616
0.097118
0.100325
0.103236
0.105836
0.108081
0.109879
0.11099
0.111168
0.109717
0.10531
0.0955125
0.0835917
0.0714742
0.0600207
0.0495861
0.0402947
0.0321988
0.025195
0.0188825
0.0136242
0.00938359
0.00611559
0.0037691
0.00226393
0.00136049
0.000756612
0.000338071
0.000149114
6.47199e-05
2.75095e-05
1.14438e-05
4.66606e-06
1.86779e-06
7.35071e-07
2.84791e-07
1.0876e-07
4.09922e-08
1.52682e-08
5.62715e-09
2.05476e-09
7.44306e-10
2.67783e-10
9.57924e-11
3.40978e-11
1.20753e-11
4.2477e-12
1.49276e-12
5.73568e-13
2.6694e-13
9.49844e-14
3.31242e-14
1.09303e-14
3.09219e-15
5.56816e-16
1.51751e-14
1.01966e-13
3.54141e-13
1.06018e-12
2.5536e-12
7.49219e-12
2.33299e-11
7.19731e-11
2.19489e-10
6.62111e-10
1.97431e-09
5.8112e-09
1.68562e-08
4.80962e-08
1.3474e-07
3.69883e-07
9.93021e-07
2.60287e-06
6.64727e-06
1.65011e-05
3.97105e-05
9.23584e-05
0.000206811
0.000443709
0.000901555
0.00171239
0.00303161
0.00500037
0.00771084
0.0111841
0.0153738
0.0201843
0.0254919
0.0311628
0.0370653
0.0430747
0.0490828
0.0550001
0.0607556
0.0662954
0.07158
0.0765816
0.0812839
0.0856797
0.0897687
0.0935543
0.0970428
0.100238
0.103141
0.105736
0.107986
0.109803
0.110956
0.111213
0.109915
0.105788
0.0964477
0.0846845
0.0725737
0.0610501
0.0505062
0.0410852
0.0328454
0.0257256
0.0192883
0.0139124
0.00956803
0.00621696
0.00381202
0.00227402
0.00135527
0.000759746
0.000336935
0.000147178
6.31995e-05
2.66106e-05
1.09844e-05
4.44845e-06
1.76972e-06
6.92522e-07
2.66888e-07
1.01407e-07
3.8037e-08
1.41047e-08
5.17798e-09
1.88452e-09
6.80875e-10
2.44514e-10
8.73728e-11
3.10848e-11
1.10057e-11
3.87254e-12
1.38014e-12
5.64095e-13
2.62075e-13
8.94648e-14
3.0567e-14
1.00448e-14
2.88324e-15
4.37963e-16
1.22774e-14
8.30544e-14
2.99964e-13
9.77141e-13
2.30018e-12
6.3433e-12
1.9361e-11
5.93631e-11
1.80019e-10
5.4035e-10
1.60523e-09
4.71458e-09
1.36699e-08
3.90665e-08
1.09849e-07
3.03332e-07
8.20922e-07
2.17216e-06
5.60664e-06
1.40827e-05
3.43295e-05
8.09588e-05
0.00018398
0.000400864
0.000830691
0.00160672
0.00289175
0.00483906
0.0075474
0.0110383
0.0152604
0.0201107
0.0254584
0.0311636
0.0370896
0.0431147
0.0491325
0.0550544
0.0608101
0.0663453
0.0716207
0.0766105
0.0812995
0.085681
0.0897542
0.0935241
0.0969981
0.100181
0.103074
0.105664
0.107914
0.109743
0.110929
0.111245
0.110062
0.106149
0.0971868
0.0855719
0.0734923
0.0619387
0.0513315
0.041827
0.0334857
0.0262755
0.0197597
0.0142777
0.00982584
0.00637527
0.00388398
0.00229114
0.00134593
0.000760167
0.000332985
0.000142441
5.98799e-05
2.47365e-05
1.00379e-05
4.00356e-06
1.57126e-06
6.07618e-07
2.31851e-07
8.74299e-08
3.26273e-08
1.20643e-08
4.42527e-09
1.61215e-09
5.83961e-10
2.10537e-10
7.56105e-11
2.70515e-11
9.6278e-12
3.40792e-12
1.25879e-12
5.52949e-13
2.5351e-13
8.51724e-14
2.87523e-14
9.39088e-15
2.69409e-15
3.98391e-16
)
;

boundaryField
{
    fuel
    {
        type            fixedValue;
        value           uniform 0;
    }
    air
    {
        type            fixedValue;
        value           uniform 0;
    }
    outlet
    {
        type            inletOutlet;
        inletValue      uniform 0;
        value           nonuniform List<scalar> 
200
(
1.22424e-14
8.28182e-14
2.99099e-13
9.74377e-13
2.29393e-12
6.32548e-12
1.93069e-11
5.92001e-11
1.79534e-10
5.38919e-10
1.60105e-09
4.70252e-09
1.36356e-08
3.89701e-08
1.09582e-07
3.02609e-07
8.19009e-07
2.16722e-06
5.5942e-06
1.40523e-05
3.42578e-05
8.07954e-05
0.000183624
0.000400126
0.000829283
0.00160425
0.0028878
0.00483331
0.00753971
0.0110288
0.0152493
0.0200985
0.0254456
0.0311506
0.0370769
0.0431027
0.0491214
0.0550442
0.0608008
0.0663368
0.0716129
0.0766035
0.0812933
0.0856755
0.0897494
0.0935199
0.0969944
0.100178
0.103071
0.105661
0.107912
0.109741
0.11093
0.111249
0.110073
0.106175
0.0972398
0.0856314
0.0735493
0.0619898
0.0513757
0.0418642
0.0335164
0.0263006
0.0197817
0.0142953
0.00983962
0.00638571
0.00389115
0.00229557
0.00134794
0.000761504
0.000333784
0.000142815
6.00451e-05
2.4808e-05
1.00681e-05
4.01595e-06
1.57625e-06
6.09601e-07
2.32628e-07
8.77308e-08
3.2743e-08
1.21084e-08
4.44199e-09
1.61844e-09
5.86317e-10
2.11414e-10
7.59361e-11
2.7172e-11
9.67212e-12
3.42407e-12
1.26466e-12
5.55289e-13
2.54658e-13
8.5585e-14
2.88947e-14
9.43744e-15
2.70711e-15
4.00593e-16
1.22774e-14
8.30544e-14
2.99964e-13
9.77141e-13
2.30018e-12
6.3433e-12
1.9361e-11
5.93631e-11
1.80019e-10
5.4035e-10
1.60523e-09
4.71458e-09
1.36699e-08
3.90665e-08
1.09849e-07
3.03332e-07
8.20922e-07
2.17216e-06
5.60664e-06
1.40827e-05
3.43295e-05
8.09588e-05
0.00018398
0.000400864
0.000830691
0.00160672
0.00289175
0.00483906
0.0075474
0.0110383
0.0152604
0.0201107
0.0254584
0.0311636
0.0370896
0.0431147
0.0491325
0.0550544
0.0608101
0.0663453
0.0716207
0.0766105
0.0812995
0.085681
0.0897542
0.0935241
0.0969981
0.100181
0.103074
0.105664
0.107914
0.109743
0.110929
0.111245
0.110062
0.106149
0.0971868
0.0855719
0.0734923
0.0619387
0.0513315
0.041827
0.0334857
0.0262755
0.0197597
0.0142777
0.00982584
0.00637527
0.00388398
0.00229114
0.00134593
0.000760167
0.000332985
0.000142441
5.98799e-05
2.47365e-05
1.00379e-05
4.00356e-06
1.57126e-06
6.07618e-07
2.31851e-07
8.74299e-08
3.26273e-08
1.20643e-08
4.42527e-09
1.61215e-09
5.83961e-10
2.10537e-10
7.56105e-11
2.70515e-11
9.6278e-12
3.40792e-12
1.25879e-12
5.52949e-13
2.5351e-13
8.51724e-14
2.87523e-14
9.39088e-15
2.69409e-15
3.98391e-16
)
;
    }
    frontAndBack
    {
        type            empty;
    }
}


// ************************************************************************* //
