/*--------------------------------*- C++ -*----------------------------------*\
  =========                 |
  \\      /  F ield         | OpenFOAM: The Open Source CFD Toolbox
   \\    /   O peration     | Website:  https://openfoam.org
    \\  /    A nd           | Version:  11
     \\/     M anipulation  |
\*---------------------------------------------------------------------------*/
FoamFile
{
    format      ascii;
    class       volScalarField;
    location    "0.1";
    object      N2;
}
// * * * * * * * * * * * * * * * * * * * * * * * * * * * * * * * * * * * * * //

dimensions      [0 0 0 0 0 0 0];

internalField   nonuniform List<scalar> 
4000
(
8.80962e-12
5.55592e-11
1.74644e-10
4.70922e-10
9.31383e-10
2.05097e-09
4.91573e-09
1.19114e-08
2.87897e-08
6.95409e-08
1.68052e-07
4.06079e-07
9.79648e-07
2.35448e-06
5.6236e-06
1.33127e-05
3.11483e-05
7.18027e-05
0.000162587
0.000360541
0.000780445
0.00164323
0.00335136
0.00658745
0.0123846
0.0218936
0.0362831
0.0563429
0.0821908
0.113279
0.148599
0.186947
0.227113
0.268003
0.308684
0.348416
0.386645
0.422969
0.457124
0.488955
0.518395
0.545456
0.570197
0.592714
0.613127
0.631571
0.648186
0.663117
0.676504
0.688484
0.699184
0.708722
0.716872
0.724114
0.730869
0.73685
0.742123
0.746783
0.750892
0.7545
0.75765
0.760375
0.762694
0.764633
0.766316
0.767661
0.768675
0.769382
0.769815
0.770024
0.770099
0.77011
0.77009
0.770062
0.770039
0.770023
0.770013
0.770007
0.770004
0.770002
0.770001
0.77
0.77
0.77
0.77
0.77
0.77
0.77
0.77
0.77
0.77
0.77
0.77
0.77
0.77
0.77
0.77
0.77
0.77
0.77
1.01406e-11
6.35257e-11
1.93619e-10
4.85175e-10
9.72283e-10
2.2662e-09
5.56513e-09
1.36286e-08
3.32571e-08
8.10626e-08
1.97455e-07
4.80159e-07
1.16346e-06
2.80247e-06
6.69274e-06
1.58027e-05
3.67881e-05
8.42327e-05
0.000189177
0.000415528
0.000889843
0.00185142
0.00372769
0.00722819
0.0133535
0.0232241
0.0379204
0.0581176
0.0839025
0.114757
0.14974
0.187717
0.227535
0.268136
0.308611
0.348218
0.386374
0.422664
0.456808
0.488659
0.518146
0.545267
0.570076
0.592662
0.613147
0.631661
0.648341
0.663331
0.676769
0.688791
0.699525
0.709092
0.717227
0.724469
0.731226
0.737203
0.742462
0.747104
0.75119
0.754774
0.757898
0.760594
0.762881
0.764792
0.766452
0.767766
0.768751
0.769432
0.769844
0.770041
0.770109
0.770117
0.770095
0.770066
0.770042
0.770025
0.770014
0.770008
0.770004
0.770002
0.770001
0.770001
0.77
0.77
0.77
0.77
0.77
0.77
0.77
0.77
0.77
0.77
0.77
0.77
0.77
0.77
0.77
0.77
0.77
0.77
1.07415e-11
6.67912e-11
2.14624e-10
4.5606e-10
1.01897e-09
2.46498e-09
6.07849e-09
1.48991e-08
3.63788e-08
8.86766e-08
2.15843e-07
5.24051e-07
1.26686e-06
3.04266e-06
7.24265e-06
1.70438e-05
3.95474e-05
9.02319e-05
0.000201864
0.000441504
0.000941096
0.00194837
0.00390238
0.0075256
0.013808
0.0238643
0.0387548
0.0591375
0.0850548
0.115957
0.150895
0.188749
0.228393
0.268794
0.309067
0.348487
0.386495
0.422682
0.456779
0.488617
0.518118
0.545277
0.570138
0.592786
0.613334
0.63191
0.64865
0.663694
0.67718
0.689241
0.700004
0.70959
0.717725
0.724952
0.731701
0.737658
0.74289
0.7475
0.751549
0.755093
0.758175
0.760829
0.763071
0.764947
0.766569
0.767849
0.768805
0.769464
0.76986
0.77005
0.770114
0.770121
0.770098
0.770068
0.770043
0.770026
0.770015
0.770008
0.770004
0.770002
0.770001
0.770001
0.77
0.77
0.77
0.77
0.77
0.77
0.77
0.77
0.77
0.77
0.77
0.77
0.77
0.77
0.77
0.77
0.77
0.77
1.35607e-11
6.73099e-11
2.08943e-10
4.47404e-10
1.06182e-09
2.64343e-09
6.53652e-09
1.60423e-08
3.92454e-08
9.58596e-08
2.33743e-07
5.68272e-07
1.37488e-06
3.30278e-06
7.85819e-06
1.84695e-05
4.27668e-05
9.72935e-05
0.000216856
0.000472194
0.00100142
0.00206165
0.00410435
0.00786497
0.0143181
0.0245669
0.0396375
0.0601518
0.086133
0.117032
0.151915
0.189678
0.229212
0.269498
0.309661
0.348984
0.386913
0.423042
0.457097
0.488912
0.518406
0.545569
0.570447
0.593119
0.613697
0.632303
0.649073
0.664142
0.677649
0.689724
0.700495
0.71008
0.718197
0.725417
0.732156
0.73808
0.743285
0.74786
0.751872
0.755377
0.758419
0.761032
0.763235
0.765081
0.766672
0.767924
0.768856
0.769496
0.769878
0.77006
0.77012
0.770125
0.7701
0.77007
0.770044
0.770026
0.770015
0.770008
0.770004
0.770002
0.770001
0.770001
0.77
0.77
0.77
0.77
0.77
0.77
0.77
0.77
0.77
0.77
0.77
0.77
0.77
0.77
0.77
0.77
0.77
0.77
1.40172e-11
6.82667e-11
1.79603e-10
4.50559e-10
1.12707e-09
2.81184e-09
6.94088e-09
1.70455e-08
4.17614e-08
1.02155e-07
2.4937e-07
6.06621e-07
1.46767e-06
3.52356e-06
8.37338e-06
1.96456e-05
4.53873e-05
0.000102979
0.000228838
0.000496661
0.00104967
0.00215313
0.0042702
0.00815021
0.0147637
0.0252104
0.0404918
0.0611946
0.0873103
0.118274
0.153154
0.19086
0.230302
0.270479
0.310529
0.349747
0.387583
0.423636
0.457633
0.489405
0.51887
0.546018
0.570889
0.593561
0.614142
0.632754
0.649529
0.664602
0.678108
0.690179
0.70094
0.710512
0.718614
0.725846
0.732569
0.738456
0.743627
0.748166
0.752142
0.755611
0.758618
0.761197
0.763366
0.765187
0.766752
0.767981
0.768894
0.769519
0.769891
0.770066
0.770123
0.770128
0.770102
0.770071
0.770045
0.770027
0.770015
0.770008
0.770005
0.770002
0.770001
0.770001
0.77
0.77
0.77
0.77
0.77
0.77
0.77
0.77
0.77
0.77
0.77
0.77
0.77
0.77
0.77
0.77
0.77
0.77
8.95706e-12
5.64455e-11
1.74317e-10
4.6391e-10
1.18279e-09
2.94786e-09
7.27795e-09
1.78923e-08
4.38913e-08
1.07486e-07
2.62601e-07
6.391e-07
1.54634e-06
3.71117e-06
8.81276e-06
2.06537e-05
4.76466e-05
0.00010791
0.000239283
0.000518052
0.00109184
0.0022328
0.00441357
0.00839419
0.0151395
0.0257463
0.0411985
0.062059
0.0882991
0.119343
0.154256
0.191956
0.23136
0.271477
0.311457
0.3506
0.388364
0.424352
0.458292
0.490016
0.519443
0.54656
0.571407
0.59406
0.614626
0.633224
0.649985
0.665043
0.67853
0.690577
0.701308
0.710824
0.718864
0.726359
0.732987
0.738807
0.743928
0.748426
0.752366
0.755801
0.758777
0.761328
0.763471
0.76527
0.766815
0.768027
0.768925
0.769538
0.769901
0.770072
0.770127
0.77013
0.770103
0.770072
0.770046
0.770027
0.770016
0.770009
0.770005
0.770002
0.770001
0.770001
0.77
0.77
0.77
0.77
0.77
0.77
0.77
0.77
0.77
0.77
0.77
0.77
0.77
0.77
0.77
0.77
0.77
0.77
8.85558e-12
5.59602e-11
1.76908e-10
4.7884e-10
1.22451e-09
3.05946e-09
7.56768e-09
1.86335e-08
4.57734e-08
1.12231e-07
2.74459e-07
6.68402e-07
1.61778e-06
3.88256e-06
9.21642e-06
2.15843e-05
4.9741e-05
0.000112498
0.000249036
0.000538107
0.00113158
0.00230836
0.00455058
0.00862934
0.0155058
0.0262741
0.0418998
0.0629211
0.0892881
0.120414
0.155365
0.193064
0.232438
0.272506
0.312424
0.3515
0.389198
0.425123
0.459005
0.490677
0.520059
0.547136
0.571948
0.594572
0.61511
0.633683
0.650421
0.665457
0.678922
0.690949
0.70166
0.711141
0.71917
0.726665
0.733276
0.739071
0.744164
0.748633
0.752545
0.755954
0.758905
0.761433
0.763554
0.765337
0.766866
0.768063
0.768949
0.769553
0.76991
0.770076
0.770129
0.770131
0.770104
0.770072
0.770046
0.770028
0.770016
0.770009
0.770005
0.770002
0.770001
0.770001
0.77
0.77
0.77
0.77
0.77
0.77
0.77
0.77
0.77
0.77
0.77
0.77
0.77
0.77
0.77
0.77
0.77
0.77
9.02423e-12
5.70985e-11
1.81032e-10
4.91563e-10
1.26027e-09
3.15471e-09
7.81448e-09
1.92647e-08
4.73744e-08
1.16259e-07
2.84495e-07
6.93111e-07
1.67776e-06
4.02582e-06
9.5522e-06
2.23548e-05
5.14674e-05
0.000116265
0.000257022
0.0005545
0.00116406
0.00237017
0.00466303
0.0088234
0.0158112
0.02672
0.0425024
0.0636765
0.0901729
0.121393
0.156399
0.194117
0.23348
0.273515
0.313386
0.352406
0.390045
0.42591
0.459734
0.491352
0.520685
0.547717
0.572488
0.595074
0.615579
0.634121
0.650829
0.665838
0.679278
0.691281
0.701971
0.711416
0.719425
0.726907
0.733501
0.739276
0.744348
0.748795
0.752685
0.756074
0.759006
0.761516
0.76362
0.76539
0.766906
0.768092
0.768969
0.769565
0.769917
0.77008
0.770131
0.770132
0.770104
0.770072
0.770046
0.770028
0.770016
0.770009
0.770005
0.770002
0.770001
0.770001
0.77
0.77
0.77
0.77
0.77
0.77
0.77
0.77
0.77
0.77
0.77
0.77
0.77
0.77
0.77
0.77
0.77
0.77
9.19032e-12
5.81905e-11
1.84789e-10
5.0277e-10
1.29136e-09
3.23735e-09
8.02913e-09
1.98158e-08
4.87786e-08
1.1981e-07
2.93388e-07
7.15139e-07
1.7316e-06
4.15534e-06
9.85815e-06
2.30627e-05
5.3067e-05
0.000119786
0.000264544
0.000570047
0.00119503
0.00242934
0.00477077
0.00900885
0.0161016
0.0271415
0.043068
0.0643816
0.0909964
0.122304
0.157363
0.195104
0.234464
0.274476
0.314308
0.35328
0.390866
0.426676
0.460445
0.49201
0.521292
0.548278
0.573006
0.595552
0.616019
0.634528
0.651205
0.666184
0.679598
0.691576
0.702243
0.711652
0.719639
0.727106
0.733683
0.73944
0.744494
0.748924
0.752797
0.756169
0.759086
0.761582
0.763673
0.765433
0.766939
0.768116
0.768985
0.769575
0.769922
0.770083
0.770133
0.770133
0.770105
0.770073
0.770046
0.770028
0.770016
0.770009
0.770005
0.770002
0.770001
0.770001
0.77
0.77
0.77
0.77
0.77
0.77
0.77
0.77
0.77
0.77
0.77
0.77
0.77
0.77
0.77
0.77
0.77
0.77
9.34308e-12
5.91894e-11
1.88157e-10
5.12602e-10
1.31828e-09
3.30848e-09
8.21362e-09
2.02894e-08
4.99849e-08
1.22858e-07
3.01014e-07
7.33998e-07
1.7776e-06
4.26572e-06
1.01182e-05
2.36624e-05
5.4418e-05
0.000122751
0.000270865
0.000583102
0.00122106
0.00247922
0.00486219
0.00916592
0.0163507
0.0275077
0.0435664
0.065011
0.0917401
0.123135
0.158251
0.19602
0.235383
0.275377
0.315177
0.354108
0.391645
0.427404
0.461121
0.492635
0.521868
0.548807
0.573491
0.595997
0.616427
0.6349
0.651546
0.666496
0.679883
0.691837
0.702482
0.71186
0.719831
0.727277
0.733835
0.739575
0.744613
0.749028
0.752887
0.756246
0.759151
0.761635
0.763716
0.765468
0.766965
0.768135
0.768998
0.769584
0.769927
0.770085
0.770134
0.770134
0.770105
0.770073
0.770046
0.770028
0.770016
0.770009
0.770005
0.770002
0.770001
0.770001
0.77
0.77
0.77
0.77
0.77
0.77
0.77
0.77
0.77
0.77
0.77
0.77
0.77
0.77
0.77
0.77
0.77
0.77
9.48108e-12
6.00823e-11
1.91127e-10
5.21166e-10
1.34157e-09
3.36995e-09
8.37325e-09
2.07e-08
5.10334e-08
1.25514e-07
3.0768e-07
7.50539e-07
1.81809e-06
4.36332e-06
1.03492e-05
2.4198e-05
5.56314e-05
0.000125429
0.000276608
0.000595028
0.00124495
0.0025252
0.00494663
0.00930936
0.0165776
0.0278403
0.0440174
0.0655794
0.0924115
0.123886
0.159057
0.196853
0.236222
0.276204
0.315978
0.354873
0.392367
0.428079
0.461749
0.493215
0.522401
0.549296
0.573937
0.596404
0.616797
0.635237
0.651852
0.666774
0.680135
0.692065
0.702688
0.712037
0.719989
0.727418
0.73396
0.739686
0.74471
0.749113
0.75296
0.756309
0.759204
0.761679
0.763751
0.765497
0.766987
0.768151
0.769009
0.769591
0.76993
0.770087
0.770135
0.770134
0.770105
0.770073
0.770046
0.770028
0.770016
0.770009
0.770005
0.770002
0.770001
0.770001
0.77
0.77
0.77
0.77
0.77
0.77
0.77
0.77
0.77
0.77
0.77
0.77
0.77
0.77
0.77
0.77
0.77
0.77
9.60199e-12
6.08583e-11
1.93698e-10
5.28544e-10
1.36158e-09
3.42272e-09
8.51035e-09
2.10529e-08
5.19349e-08
1.27798e-07
3.13414e-07
7.64768e-07
1.85293e-06
4.44726e-06
1.05478e-05
2.46582e-05
5.66735e-05
0.000127728
0.000281537
0.000605265
0.00126547
0.00256473
0.0050194
0.00943356
0.0167751
0.0281315
0.0444148
0.066083
0.0930093
0.124558
0.159779
0.197604
0.23698
0.276954
0.316705
0.355568
0.393025
0.428695
0.462321
0.493743
0.522886
0.549739
0.574341
0.59677
0.61713
0.635538
0.652123
0.667018
0.680355
0.692263
0.702865
0.712187
0.720124
0.727537
0.734066
0.739778
0.744791
0.749183
0.75302
0.75636
0.759247
0.761714
0.76378
0.765521
0.767006
0.768164
0.769019
0.769596
0.769934
0.770088
0.770136
0.770134
0.770105
0.770073
0.770046
0.770028
0.770016
0.770009
0.770005
0.770002
0.770001
0.770001
0.77
0.77
0.77
0.77
0.77
0.77
0.77
0.77
0.77
0.77
0.77
0.77
0.77
0.77
0.77
0.77
0.77
0.77
9.70546e-12
6.153e-11
1.95915e-10
5.34877e-10
1.37871e-09
3.46786e-09
8.62768e-09
2.13552e-08
5.27081e-08
1.2976e-07
3.18345e-07
7.77025e-07
1.88298e-06
4.51982e-06
1.07198e-05
2.50578e-05
5.75804e-05
0.000129734
0.000285847
0.000614235
0.00128349
0.00259949
0.00508345
0.00954291
0.016949
0.0283876
0.0447642
0.0665259
0.0935355
0.12515
0.160418
0.198269
0.237653
0.27762
0.317353
0.356189
0.393612
0.429246
0.462832
0.494215
0.523319
0.550134
0.5747
0.597096
0.617423
0.635802
0.652361
0.667232
0.680546
0.692433
0.703017
0.712316
0.720238
0.727638
0.734154
0.739855
0.744858
0.74924
0.75307
0.756402
0.759282
0.761744
0.763804
0.76554
0.767021
0.768176
0.769026
0.769601
0.769936
0.77009
0.770137
0.770135
0.770105
0.770073
0.770046
0.770028
0.770016
0.770009
0.770005
0.770002
0.770001
0.770001
0.77
0.77
0.77
0.77
0.77
0.77
0.77
0.77
0.77
0.77
0.77
0.77
0.77
0.77
0.77
0.77
0.77
0.77
9.79383e-12
6.21009e-11
1.97796e-10
5.40244e-10
1.39321e-09
3.50608e-09
8.72706e-09
2.16114e-08
5.33638e-08
1.31425e-07
3.22532e-07
7.87435e-07
1.90853e-06
4.58151e-06
1.08662e-05
2.53979e-05
5.83526e-05
0.000131443
0.000289522
0.00062189
0.00129887
0.00262921
0.00513829
0.00963672
0.0170985
0.0286083
0.0450658
0.0669091
0.0939917
0.125665
0.160973
0.198848
0.238241
0.278203
0.317921
0.356733
0.394128
0.429729
0.463281
0.494629
0.523698
0.55048
0.575014
0.597379
0.617679
0.636032
0.652567
0.667415
0.68071
0.692579
0.703146
0.712424
0.720332
0.727721
0.734227
0.739919
0.744913
0.749288
0.753111
0.756437
0.759312
0.761768
0.763823
0.765557
0.767033
0.768185
0.769033
0.769605
0.769938
0.770091
0.770137
0.770135
0.770105
0.770073
0.770046
0.770028
0.770016
0.770009
0.770005
0.770002
0.770001
0.770001
0.77
0.77
0.77
0.77
0.77
0.77
0.77
0.77
0.77
0.77
0.77
0.77
0.77
0.77
0.77
0.77
0.77
0.77
9.86811e-12
6.25786e-11
1.99369e-10
5.44728e-10
1.40532e-09
3.53798e-09
8.81004e-09
2.18255e-08
5.39118e-08
1.32817e-07
3.26036e-07
7.96156e-07
1.92994e-06
4.63329e-06
1.09891e-05
2.56839e-05
5.90028e-05
0.000132883
0.000292623
0.000628356
0.00131189
0.00265437
0.00518473
0.00971621
0.0172252
0.0287955
0.0453218
0.0672344
0.0943794
0.126103
0.161446
0.199342
0.238743
0.278701
0.318406
0.3572
0.394569
0.430143
0.463666
0.494984
0.524023
0.550776
0.575282
0.597622
0.617897
0.636227
0.652741
0.667571
0.680848
0.692701
0.703254
0.712514
0.720413
0.727791
0.734287
0.739971
0.744959
0.749327
0.753144
0.756466
0.759336
0.761788
0.763839
0.76557
0.767044
0.768192
0.769038
0.769609
0.76994
0.770092
0.770138
0.770135
0.770105
0.770073
0.770046
0.770028
0.770016
0.770009
0.770005
0.770002
0.770001
0.770001
0.77
0.77
0.77
0.77
0.77
0.77
0.77
0.77
0.77
0.77
0.77
0.77
0.77
0.77
0.77
0.77
0.77
0.77
9.92861e-12
6.29714e-11
2.00659e-10
5.48395e-10
1.4152e-09
3.56401e-09
8.87773e-09
2.20001e-08
5.43592e-08
1.33954e-07
3.28899e-07
8.03285e-07
1.94746e-06
4.67567e-06
1.10898e-05
2.59183e-05
5.95359e-05
0.000134065
0.000295168
0.000633668
0.00132258
0.00267506
0.00522297
0.00978172
0.0173297
0.02895
0.0455332
0.0675034
0.0947001
0.126465
0.161839
0.199752
0.239159
0.279115
0.31881
0.357587
0.394937
0.430488
0.463986
0.495279
0.524294
0.551022
0.575505
0.597822
0.618077
0.636388
0.652885
0.667698
0.680961
0.692801
0.703342
0.712587
0.720476
0.727847
0.734336
0.740014
0.744995
0.749359
0.753171
0.756488
0.759355
0.761804
0.763852
0.765581
0.767052
0.768199
0.769042
0.769611
0.769942
0.770092
0.770138
0.770135
0.770105
0.770073
0.770046
0.770028
0.770016
0.770009
0.770005
0.770002
0.770001
0.770001
0.77
0.77
0.77
0.77
0.77
0.77
0.77
0.77
0.77
0.77
0.77
0.77
0.77
0.77
0.77
0.77
0.77
0.77
9.97691e-12
6.32807e-11
2.01674e-10
5.5128e-10
1.42298e-09
3.58448e-09
8.93099e-09
2.21376e-08
5.47115e-08
1.3485e-07
3.31155e-07
8.08907e-07
1.96128e-06
4.70911e-06
1.11693e-05
2.61035e-05
5.99574e-05
0.000135
0.000297184
0.000637876
0.00133106
0.00269148
0.0052533
0.00983371
0.0174127
0.0290728
0.0457013
0.0677172
0.0949552
0.126753
0.162151
0.200078
0.239491
0.279445
0.319132
0.357897
0.395231
0.430763
0.464242
0.495515
0.52451
0.551218
0.575683
0.597983
0.618221
0.636517
0.652999
0.6678
0.681051
0.692881
0.703412
0.712646
0.720528
0.727892
0.734375
0.740047
0.745024
0.749383
0.753192
0.756506
0.75937
0.761816
0.763862
0.765589
0.767058
0.768203
0.769045
0.769613
0.769943
0.770093
0.770138
0.770135
0.770105
0.770073
0.770046
0.770028
0.770016
0.770009
0.770005
0.770002
0.770001
0.770001
0.77
0.77
0.77
0.77
0.77
0.77
0.77
0.77
0.77
0.77
0.77
0.77
0.77
0.77
0.77
0.77
0.77
0.77
1.00122e-11
6.35093e-11
2.02426e-10
5.53415e-10
1.42873e-09
3.59964e-09
8.97045e-09
2.22395e-08
5.49728e-08
1.35514e-07
3.3283e-07
8.13081e-07
1.97154e-06
4.73397e-06
1.12284e-05
2.62412e-05
6.0271e-05
0.000135696
0.000298685
0.000641011
0.00133738
0.00270372
0.00527594
0.00987253
0.0174746
0.0291644
0.0458268
0.067877
0.0951459
0.126969
0.162384
0.200323
0.23974
0.279692
0.319374
0.358129
0.395451
0.430969
0.464434
0.495692
0.524671
0.551365
0.575816
0.598102
0.618328
0.636612
0.653084
0.667876
0.681118
0.69294
0.703464
0.712689
0.720566
0.727924
0.734403
0.740072
0.745045
0.749401
0.753208
0.756519
0.759381
0.761825
0.763869
0.765595
0.767063
0.768207
0.769048
0.769615
0.769944
0.770093
0.770138
0.770135
0.770105
0.770073
0.770046
0.770028
0.770016
0.770009
0.770005
0.770002
0.770001
0.770001
0.77
0.77
0.77
0.77
0.77
0.77
0.77
0.77
0.77
0.77
0.77
0.77
0.77
0.77
0.77
0.77
0.77
0.77
1.00352e-11
6.36596e-11
2.0292e-10
5.54821e-10
1.43252e-09
3.60963e-09
8.99646e-09
2.23066e-08
5.51448e-08
1.35952e-07
3.33932e-07
8.15825e-07
1.97829e-06
4.75029e-06
1.12672e-05
2.63315e-05
6.04765e-05
0.000136151
0.000299667
0.000643062
0.00134152
0.00271172
0.00529074
0.00989794
0.0175153
0.0292246
0.0459093
0.0679822
0.0952717
0.127112
0.162539
0.200485
0.239905
0.279856
0.319534
0.358282
0.395596
0.431106
0.464561
0.495809
0.524778
0.551462
0.575904
0.598181
0.618399
0.636676
0.653141
0.667926
0.681162
0.692979
0.703498
0.712717
0.72059
0.727946
0.734422
0.740088
0.745059
0.749413
0.753218
0.756528
0.759388
0.761831
0.763874
0.765599
0.767066
0.768209
0.769049
0.769616
0.769944
0.770093
0.770138
0.770135
0.770105
0.770073
0.770046
0.770028
0.770016
0.770009
0.770005
0.770002
0.770001
0.770001
0.77
0.77
0.77
0.77
0.77
0.77
0.77
0.77
0.77
0.77
0.77
0.77
0.77
0.77
0.77
0.77
0.77
0.77
1.00469e-11
6.37322e-11
2.03159e-10
5.55499e-10
1.43435e-09
3.61441e-09
9.00886e-09
2.23385e-08
5.52262e-08
1.36158e-07
3.34449e-07
8.17109e-07
1.98143e-06
4.75787e-06
1.12852e-05
2.63733e-05
6.05713e-05
0.000136361
0.000300119
0.000644004
0.00134341
0.00271539
0.00529752
0.00990958
0.0175339
0.0292523
0.0459474
0.068031
0.0953303
0.127178
0.162612
0.200561
0.239983
0.279934
0.31961
0.358356
0.395667
0.431172
0.464622
0.495866
0.524831
0.55151
0.575947
0.598221
0.618434
0.636707
0.653169
0.667951
0.681184
0.692998
0.703516
0.712732
0.720603
0.727957
0.734431
0.740096
0.745066
0.749419
0.753223
0.756532
0.759392
0.761834
0.763877
0.765601
0.767068
0.76821
0.76905
0.769616
0.769944
0.770093
0.770138
0.770135
0.770105
0.770072
0.770046
0.770028
0.770016
0.770009
0.770005
0.770002
0.770001
0.770001
0.77
0.77
0.77
0.77
0.77
0.77
0.77
0.77
0.77
0.77
0.77
0.77
0.77
0.77
0.77
0.77
0.77
0.77
1.00472e-11
6.3734e-11
2.03164e-10
5.55512e-10
1.43438e-09
3.61451e-09
9.00912e-09
2.23392e-08
5.52281e-08
1.36163e-07
3.34462e-07
8.17141e-07
1.98151e-06
4.75807e-06
1.12856e-05
2.63744e-05
6.05738e-05
0.000136367
0.000300131
0.00064403
0.00134347
0.00271549
0.00529772
0.00990993
0.0175345
0.0292531
0.0459486
0.0680325
0.0953321
0.12718
0.162614
0.200563
0.239985
0.279936
0.319612
0.358358
0.395668
0.431174
0.464624
0.495867
0.524832
0.551512
0.575948
0.598222
0.618435
0.636708
0.65317
0.667952
0.681185
0.692999
0.703517
0.712733
0.720604
0.727958
0.734432
0.740097
0.745067
0.74942
0.753224
0.756533
0.759392
0.761834
0.763877
0.765601
0.767068
0.76821
0.76905
0.769616
0.769944
0.770093
0.770138
0.770135
0.770105
0.770072
0.770046
0.770028
0.770016
0.770009
0.770005
0.770002
0.770001
0.770001
0.77
0.77
0.77
0.77
0.77
0.77
0.77
0.77
0.77
0.77
0.77
0.77
0.77
0.77
0.77
0.77
0.77
0.77
1.00363e-11
6.36667e-11
2.02943e-10
5.54889e-10
1.43271e-09
3.61014e-09
8.9978e-09
2.23101e-08
5.51539e-08
1.35975e-07
3.3399e-07
8.15967e-07
1.97863e-06
4.75111e-06
1.12691e-05
2.63359e-05
6.04862e-05
0.000136172
0.000299712
0.000643154
0.0013417
0.00271207
0.00529137
0.00989902
0.017517
0.0292271
0.0459127
0.0679864
0.0952766
0.127117
0.162544
0.20049
0.23991
0.279861
0.319539
0.358287
0.395601
0.43111
0.464565
0.495813
0.524782
0.551466
0.575907
0.598185
0.618402
0.636679
0.653144
0.667929
0.681165
0.692981
0.703501
0.71272
0.720593
0.727948
0.734424
0.74009
0.74506
0.749415
0.753219
0.756529
0.759389
0.761832
0.763875
0.7656
0.767066
0.768209
0.769049
0.769616
0.769944
0.770093
0.770138
0.770135
0.770105
0.770073
0.770046
0.770028
0.770016
0.770009
0.770005
0.770002
0.770001
0.770001
0.77
0.77
0.77
0.77
0.77
0.77
0.77
0.77
0.77
0.77
0.77
0.77
0.77
0.77
0.77
0.77
0.77
0.77
1.00141e-11
6.35199e-11
2.02461e-10
5.53521e-10
1.42903e-09
3.60045e-09
8.97261e-09
2.22452e-08
5.49875e-08
1.35552e-07
3.32925e-07
8.13317e-07
1.97212e-06
4.73535e-06
1.12317e-05
2.62487e-05
6.02878e-05
0.000135732
0.000298763
0.000641172
0.0013377
0.00270433
0.00527706
0.00987446
0.0174777
0.0291689
0.0458329
0.0678845
0.0951546
0.126979
0.162394
0.200333
0.23975
0.279702
0.319382
0.358137
0.395458
0.430977
0.464441
0.495699
0.524678
0.551371
0.575822
0.598108
0.618334
0.636618
0.65309
0.667881
0.681123
0.692944
0.703469
0.712693
0.72057
0.727928
0.734407
0.740075
0.745048
0.749404
0.75321
0.756521
0.759382
0.761826
0.76387
0.765596
0.767063
0.768207
0.769048
0.769615
0.769944
0.770093
0.770138
0.770135
0.770105
0.770073
0.770046
0.770028
0.770016
0.770009
0.770005
0.770002
0.770001
0.770001
0.77
0.77
0.77
0.77
0.77
0.77
0.77
0.77
0.77
0.77
0.77
0.77
0.77
0.77
0.77
0.77
0.77
0.77
9.9788e-12
6.32948e-11
2.01723e-10
5.51425e-10
1.42338e-09
3.58558e-09
8.93392e-09
2.21453e-08
5.47314e-08
1.34901e-07
3.31284e-07
8.09225e-07
1.96206e-06
4.71098e-06
1.11737e-05
2.61136e-05
5.998e-05
0.000135049
0.000297289
0.000638093
0.0013315
0.00269231
0.00525483
0.00983634
0.0174168
0.0290789
0.0457095
0.0677275
0.0949671
0.126766
0.162164
0.200092
0.239505
0.279458
0.319145
0.357908
0.395242
0.430774
0.464252
0.495525
0.524519
0.551227
0.575692
0.597991
0.618229
0.636524
0.653007
0.667807
0.681058
0.692887
0.703419
0.712652
0.720534
0.727897
0.73438
0.740051
0.745027
0.749386
0.753195
0.756508
0.759371
0.761817
0.763863
0.76559
0.767059
0.768204
0.769046
0.769614
0.769943
0.770093
0.770138
0.770135
0.770105
0.770073
0.770046
0.770028
0.770016
0.770009
0.770005
0.770002
0.770001
0.770001
0.77
0.77
0.77
0.77
0.77
0.77
0.77
0.77
0.77
0.77
0.77
0.77
0.77
0.77
0.77
0.77
0.77
0.77
9.9315e-12
6.29895e-11
2.00721e-10
5.48581e-10
1.41572e-09
3.56541e-09
8.88146e-09
2.20099e-08
5.43846e-08
1.34019e-07
3.29062e-07
8.0369e-07
1.94845e-06
4.67803e-06
1.10953e-05
2.59311e-05
5.95645e-05
0.000134127
0.000295301
0.000633942
0.00132313
0.00267611
0.00522489
0.00978501
0.0173349
0.0289577
0.0455436
0.0675163
0.0947152
0.126481
0.161856
0.199769
0.239176
0.279131
0.318826
0.357602
0.394951
0.430501
0.463999
0.495292
0.524306
0.551033
0.575516
0.597833
0.618087
0.636398
0.652894
0.667708
0.68097
0.69281
0.703351
0.712595
0.720484
0.727854
0.734342
0.740019
0.745
0.749363
0.753175
0.756491
0.759357
0.761805
0.763853
0.765582
0.767053
0.768199
0.769043
0.769612
0.769942
0.770092
0.770138
0.770135
0.770105
0.770073
0.770046
0.770028
0.770016
0.770009
0.770005
0.770002
0.770001
0.770001
0.77
0.77
0.77
0.77
0.77
0.77
0.77
0.77
0.77
0.77
0.77
0.77
0.77
0.77
0.77
0.77
0.77
0.77
9.87133e-12
6.2601e-11
1.99446e-10
5.44955e-10
1.40595e-09
3.53969e-09
8.81456e-09
2.18373e-08
5.39424e-08
1.32895e-07
3.26232e-07
7.96644e-07
1.93113e-06
4.63614e-06
1.09958e-05
2.56993e-05
5.90372e-05
0.000132958
0.000292782
0.000628684
0.00131254
0.00265562
0.00518703
0.00972015
0.0172314
0.0288047
0.0453342
0.0672499
0.0943974
0.126122
0.161467
0.199363
0.238763
0.278721
0.318425
0.357218
0.394587
0.430159
0.463682
0.494999
0.524038
0.55079
0.575296
0.597635
0.617909
0.636239
0.652753
0.667582
0.680859
0.692711
0.703264
0.712523
0.72042
0.727798
0.734294
0.739978
0.744964
0.749332
0.753148
0.756469
0.759338
0.76179
0.763841
0.765571
0.767045
0.768193
0.769038
0.769609
0.76994
0.770092
0.770138
0.770135
0.770105
0.770073
0.770046
0.770028
0.770016
0.770009
0.770005
0.770002
0.770001
0.770001
0.77
0.77
0.77
0.77
0.77
0.77
0.77
0.77
0.77
0.77
0.77
0.77
0.77
0.77
0.77
0.77
0.77
0.77
9.79772e-12
6.21266e-11
1.97884e-10
5.40506e-10
1.39394e-09
3.50806e-09
8.73233e-09
2.16252e-08
5.33995e-08
1.31516e-07
3.22761e-07
7.88004e-07
1.90991e-06
4.58483e-06
1.08739e-05
2.54158e-05
5.83926e-05
0.00013153
0.000289707
0.00062227
0.00129963
0.00263066
0.00514095
0.00964127
0.0171057
0.028619
0.0450802
0.066927
0.0940126
0.125688
0.160997
0.198872
0.238265
0.278226
0.317943
0.356755
0.394148
0.429748
0.4633
0.494647
0.523716
0.550496
0.57503
0.597395
0.617694
0.636046
0.652581
0.667429
0.680723
0.692591
0.703158
0.712435
0.720343
0.727731
0.734236
0.739927
0.74492
0.749294
0.753116
0.756441
0.759315
0.76177
0.763825
0.765558
0.767034
0.768186
0.769033
0.769606
0.769939
0.770091
0.770137
0.770135
0.770105
0.770073
0.770046
0.770028
0.770016
0.770009
0.770005
0.770002
0.770001
0.770001
0.77
0.77
0.77
0.77
0.77
0.77
0.77
0.77
0.77
0.77
0.77
0.77
0.77
0.77
0.77
0.77
0.77
0.77
9.7099e-12
6.15591e-11
1.96015e-10
5.35173e-10
1.37954e-09
3.47011e-09
8.63366e-09
2.13709e-08
5.27487e-08
1.29863e-07
3.18606e-07
7.7767e-07
1.88456e-06
4.52358e-06
1.07286e-05
2.5078e-05
5.76256e-05
0.000129832
0.000286056
0.000614665
0.00128434
0.00260112
0.00508645
0.00954805
0.0169572
0.0283996
0.0447804
0.0665462
0.0935591
0.125176
0.160445
0.198296
0.23768
0.277646
0.317379
0.356213
0.393636
0.429268
0.462854
0.494236
0.523339
0.550153
0.574719
0.597114
0.617441
0.635819
0.652377
0.667247
0.680561
0.692448
0.703031
0.712328
0.720249
0.727649
0.734164
0.739864
0.744866
0.749247
0.753075
0.756407
0.759286
0.761746
0.763806
0.765542
0.767022
0.768177
0.769027
0.769602
0.769937
0.77009
0.770137
0.770135
0.770105
0.770073
0.770046
0.770028
0.770016
0.770009
0.770005
0.770002
0.770001
0.770001
0.77
0.77
0.77
0.77
0.77
0.77
0.77
0.77
0.77
0.77
0.77
0.77
0.77
0.77
0.77
0.77
0.77
0.77
9.60643e-12
6.08911e-11
1.9381e-10
5.28874e-10
1.3625e-09
3.42522e-09
8.51699e-09
2.10703e-08
5.19799e-08
1.27913e-07
3.13703e-07
7.65485e-07
1.85467e-06
4.45143e-06
1.05576e-05
2.46807e-05
5.67237e-05
0.000127837
0.000281769
0.000605742
0.00126642
0.00256654
0.00502273
0.00943927
0.0167842
0.0281448
0.0444328
0.0661056
0.0930356
0.124587
0.159809
0.197634
0.23701
0.276983
0.316734
0.355595
0.393051
0.42872
0.462345
0.493767
0.522909
0.549761
0.574362
0.596791
0.617149
0.635557
0.652142
0.667036
0.680372
0.692279
0.702881
0.712202
0.720137
0.72755
0.734077
0.739789
0.7448
0.74919
0.753026
0.756365
0.759251
0.761717
0.763782
0.765523
0.767007
0.768166
0.769019
0.769597
0.769934
0.770089
0.770136
0.770134
0.770105
0.770073
0.770046
0.770028
0.770016
0.770009
0.770005
0.770002
0.770001
0.770001
0.77
0.77
0.77
0.77
0.77
0.77
0.77
0.77
0.77
0.77
0.77
0.77
0.77
0.77
0.77
0.77
0.77
0.77
9.48686e-12
6.01176e-11
1.91248e-10
5.21525e-10
1.34257e-09
3.37268e-09
8.38051e-09
2.07191e-08
5.10827e-08
1.25639e-07
3.07996e-07
7.51323e-07
1.82e-06
4.36789e-06
1.03599e-05
2.42225e-05
5.56863e-05
0.000125549
0.000276862
0.00059555
0.00124599
0.00252718
0.00495028
0.00931561
0.0165876
0.0278549
0.0440373
0.0656043
0.0924406
0.123918
0.15909
0.196887
0.236255
0.276237
0.31601
0.354903
0.392396
0.428107
0.461776
0.493242
0.522427
0.54932
0.573961
0.596427
0.61682
0.635259
0.651872
0.666794
0.680154
0.692083
0.702706
0.712053
0.720005
0.727433
0.733974
0.739698
0.74472
0.749121
0.752967
0.756314
0.759208
0.761682
0.763754
0.765499
0.766989
0.768152
0.76901
0.769591
0.769931
0.770087
0.770135
0.770134
0.770105
0.770073
0.770046
0.770028
0.770016
0.770009
0.770005
0.770002
0.770001
0.770001
0.77
0.77
0.77
0.77
0.77
0.77
0.77
0.77
0.77
0.77
0.77
0.77
0.77
0.77
0.77
0.77
0.77
0.77
9.34874e-12
5.9226e-11
1.88285e-10
5.12987e-10
1.31936e-09
3.31142e-09
8.22145e-09
2.03099e-08
5.00381e-08
1.22993e-07
3.01355e-07
7.34844e-07
1.77966e-06
4.27064e-06
1.01297e-05
2.36889e-05
5.44773e-05
0.00012288
0.000271139
0.000583665
0.00122217
0.00248137
0.00486614
0.00917271
0.0163615
0.0275237
0.0435881
0.0650382
0.0917719
0.12317
0.158288
0.196057
0.235419
0.275413
0.315212
0.354141
0.391677
0.427435
0.461151
0.492665
0.521897
0.548835
0.573518
0.596023
0.616452
0.634924
0.651569
0.666518
0.679905
0.691858
0.702502
0.711879
0.719848
0.727293
0.73385
0.739588
0.744624
0.749037
0.752894
0.756252
0.759156
0.761639
0.763719
0.765471
0.766967
0.768136
0.768999
0.769584
0.769927
0.770085
0.770134
0.770134
0.770105
0.770073
0.770046
0.770028
0.770016
0.770009
0.770005
0.770002
0.770001
0.770001
0.77
0.77
0.77
0.77
0.77
0.77
0.77
0.77
0.77
0.77
0.77
0.77
0.77
0.77
0.77
0.77
0.77
0.77
9.19609e-12
5.82294e-11
1.84926e-10
5.03181e-10
1.29252e-09
3.24049e-09
8.03748e-09
1.98377e-08
4.88352e-08
1.19954e-07
2.93751e-07
7.16039e-07
1.73379e-06
4.16058e-06
9.87044e-06
2.30908e-05
5.31301e-05
0.000119923
0.000264836
0.000570648
0.00119622
0.00243163
0.00477497
0.00901617
0.0161133
0.0271587
0.0430915
0.0644111
0.0910309
0.122342
0.157403
0.195144
0.234504
0.274515
0.314346
0.353317
0.390901
0.42671
0.460478
0.492043
0.521324
0.548309
0.573036
0.595581
0.616047
0.634554
0.65123
0.666209
0.679622
0.691599
0.702265
0.711674
0.719663
0.727126
0.7337
0.739455
0.744507
0.748934
0.752805
0.756176
0.759092
0.761586
0.763676
0.765436
0.766941
0.768117
0.768986
0.769576
0.769923
0.770083
0.770133
0.770133
0.770105
0.770073
0.770046
0.770028
0.770016
0.770009
0.770005
0.770002
0.770001
0.770001
0.77
0.77
0.77
0.77
0.77
0.77
0.77
0.77
0.77
0.77
0.77
0.77
0.77
0.77
0.77
0.77
0.77
0.77
9.02955e-12
5.71394e-11
1.81176e-10
4.91998e-10
1.26149e-09
3.15802e-09
7.82328e-09
1.92877e-08
4.74339e-08
1.16411e-07
2.84876e-07
6.94056e-07
1.68007e-06
4.03133e-06
9.56512e-06
2.23845e-05
5.15338e-05
0.00011641
0.00025733
0.000555134
0.00116532
0.0023726
0.00466749
0.00883121
0.0158237
0.0267386
0.0425277
0.0637083
0.0902103
0.121434
0.156442
0.194161
0.233524
0.273558
0.313427
0.352447
0.390084
0.425948
0.459771
0.491389
0.52072
0.547751
0.572521
0.595106
0.615609
0.63415
0.650857
0.665864
0.679304
0.691305
0.701994
0.711437
0.719443
0.726926
0.733519
0.739293
0.744362
0.748807
0.752695
0.756081
0.759012
0.761521
0.763624
0.765393
0.766908
0.768094
0.76897
0.769566
0.769917
0.77008
0.770132
0.770133
0.770105
0.770072
0.770046
0.770028
0.770016
0.770009
0.770005
0.770002
0.770001
0.770001
0.77
0.77
0.77
0.77
0.77
0.77
0.77
0.77
0.77
0.77
0.77
0.77
0.77
0.77
0.77
0.77
0.77
0.77
8.86247e-12
5.60058e-11
1.77055e-10
4.79296e-10
1.2258e-09
3.06293e-09
7.57685e-09
1.86575e-08
4.58353e-08
1.12389e-07
2.74855e-07
6.69383e-07
1.62017e-06
3.88829e-06
9.22986e-06
2.16152e-05
4.98103e-05
0.000112649
0.000249358
0.000538772
0.00113291
0.00231091
0.00455529
0.00863763
0.0155192
0.0262939
0.0419269
0.0629554
0.0893283
0.120458
0.155412
0.193112
0.232485
0.272552
0.312469
0.351544
0.389241
0.425165
0.459046
0.490717
0.520098
0.547175
0.571985
0.594608
0.615144
0.633716
0.650451
0.665485
0.678949
0.690974
0.701685
0.711166
0.719195
0.726689
0.733299
0.739091
0.744181
0.748647
0.752556
0.755962
0.758912
0.761438
0.763558
0.76534
0.766868
0.768065
0.768951
0.769554
0.76991
0.770077
0.77013
0.770131
0.770104
0.770072
0.770046
0.770028
0.770016
0.770009
0.770005
0.770002
0.770001
0.770001
0.77
0.77
0.77
0.77
0.77
0.77
0.77
0.77
0.77
0.77
0.77
0.77
0.77
0.77
0.77
0.77
0.77
0.77
8.97704e-12
5.6754e-11
1.74239e-10
4.64314e-10
1.18412e-09
2.95144e-09
7.28741e-09
1.79169e-08
4.39547e-08
1.07647e-07
2.63007e-07
6.40104e-07
1.54879e-06
3.71703e-06
8.82653e-06
2.06854e-05
4.77178e-05
0.000108066
0.000239616
0.00051874
0.00109322
0.00223546
0.00441849
0.00840288
0.0151536
0.0257673
0.0412273
0.0620956
0.0883422
0.11939
0.154307
0.192007
0.231411
0.271528
0.311506
0.350648
0.388411
0.424398
0.458337
0.49006
0.519487
0.546603
0.571448
0.5941
0.614664
0.633259
0.650018
0.665073
0.678558
0.690602
0.701332
0.710847
0.718889
0.726385
0.733013
0.738831
0.743949
0.748443
0.752379
0.755812
0.758786
0.761335
0.763476
0.765274
0.766818
0.768029
0.768927
0.769539
0.769902
0.770072
0.770127
0.77013
0.770103
0.770072
0.770046
0.770027
0.770016
0.770009
0.770005
0.770002
0.770001
0.770001
0.77
0.77
0.77
0.77
0.77
0.77
0.77
0.77
0.77
0.77
0.77
0.77
0.77
0.77
0.77
0.77
0.77
0.77
1.41526e-11
6.82134e-11
1.79776e-10
4.51009e-10
1.12838e-09
2.81545e-09
6.95047e-09
1.70705e-08
4.18257e-08
1.02318e-07
2.4978e-07
6.07636e-07
1.47014e-06
3.52949e-06
8.38734e-06
1.96778e-05
4.54598e-05
0.000103138
0.000229179
0.000497368
0.00105109
0.00215588
0.00427532
0.0081593
0.0147785
0.0252326
0.0405225
0.0612336
0.0873564
0.118325
0.153208
0.190916
0.230358
0.270534
0.310583
0.349799
0.387634
0.423687
0.457682
0.489453
0.518918
0.546065
0.570934
0.593605
0.614185
0.632795
0.649567
0.664637
0.67814
0.690207
0.700966
0.710537
0.718639
0.725871
0.732596
0.738481
0.743649
0.748185
0.752157
0.755623
0.758627
0.761204
0.763372
0.765191
0.766755
0.767984
0.768896
0.76952
0.769892
0.770067
0.770124
0.770128
0.770102
0.770071
0.770045
0.770027
0.770015
0.770008
0.770005
0.770002
0.770001
0.770001
0.77
0.77
0.77
0.77
0.77
0.77
0.77
0.77
0.77
0.77
0.77
0.77
0.77
0.77
0.77
0.77
0.77
0.77
1.27898e-11
6.8214e-11
2.0933e-10
4.47906e-10
1.06318e-09
2.64708e-09
6.54617e-09
1.60673e-08
3.93093e-08
9.60217e-08
2.34149e-07
5.69277e-07
1.37733e-06
3.30866e-06
7.87204e-06
1.85015e-05
4.28391e-05
9.74529e-05
0.000217198
0.000472908
0.00100286
0.00206445
0.00410959
0.00787433
0.0143335
0.0245901
0.0396697
0.060193
0.0861821
0.117087
0.151974
0.189738
0.229272
0.269558
0.309719
0.349041
0.386969
0.423097
0.457151
0.488964
0.518457
0.54562
0.570496
0.593168
0.613743
0.632348
0.649115
0.664182
0.677686
0.689759
0.700526
0.710109
0.718225
0.725445
0.732184
0.738106
0.743307
0.747878
0.751887
0.755389
0.758429
0.76104
0.763241
0.765086
0.766676
0.767927
0.768858
0.769497
0.769879
0.77006
0.77012
0.770126
0.7701
0.77007
0.770044
0.770026
0.770015
0.770008
0.770004
0.770002
0.770001
0.770001
0.77
0.77
0.77
0.77
0.77
0.77
0.77
0.77
0.77
0.77
0.77
0.77
0.77
0.77
0.77
0.77
0.77
0.77
1.06448e-11
6.69697e-11
2.14896e-10
4.56715e-10
1.02035e-09
2.46862e-09
6.08802e-09
1.49236e-08
3.64414e-08
8.88348e-08
2.16239e-07
5.2503e-07
1.26925e-06
3.0484e-06
7.25621e-06
1.70752e-05
3.96186e-05
9.03897e-05
0.000202204
0.000442217
0.000942547
0.00195122
0.00390775
0.00753528
0.013824
0.0238887
0.038789
0.0591814
0.0851072
0.116015
0.150958
0.188814
0.228458
0.268859
0.309131
0.34855
0.386558
0.422746
0.45684
0.488675
0.518173
0.545328
0.570189
0.592837
0.613384
0.631958
0.648697
0.663739
0.677222
0.68928
0.700041
0.709624
0.717755
0.724983
0.73173
0.737685
0.742914
0.74752
0.751566
0.755107
0.758186
0.760837
0.763078
0.764952
0.766573
0.767852
0.768808
0.769465
0.769861
0.77005
0.770114
0.770121
0.770098
0.770068
0.770043
0.770026
0.770015
0.770008
0.770004
0.770002
0.770001
0.770001
0.77
0.77
0.77
0.77
0.77
0.77
0.77
0.77
0.77
0.77
0.77
0.77
0.77
0.77
0.77
0.77
0.77
0.77
1.01487e-11
6.3595e-11
1.93867e-10
4.8581e-10
9.73728e-10
2.26982e-09
5.57439e-09
1.36522e-08
3.33168e-08
8.12132e-08
1.97831e-07
4.8109e-07
1.16574e-06
2.80794e-06
6.70567e-06
1.58326e-05
3.68562e-05
8.43842e-05
0.000189506
0.000416222
0.000891265
0.00185423
0.00373304
0.00723792
0.0133697
0.0232491
0.0379554
0.058163
0.0839572
0.114819
0.149807
0.187787
0.227607
0.26821
0.308686
0.34829
0.386443
0.422728
0.456871
0.48872
0.518207
0.545329
0.570134
0.592717
0.613198
0.631712
0.648391
0.66338
0.676816
0.688836
0.699568
0.709133
0.717267
0.724506
0.731261
0.737234
0.74249
0.747127
0.75121
0.75479
0.75791
0.760604
0.762889
0.764798
0.766457
0.767769
0.768754
0.769434
0.769845
0.770042
0.770109
0.770117
0.770095
0.770066
0.770042
0.770025
0.770014
0.770008
0.770004
0.770002
0.770001
0.770001
0.77
0.77
0.77
0.77
0.77
0.77
0.77
0.77
0.77
0.77
0.77
0.77
0.77
0.77
0.77
0.77
0.77
0.77
8.82694e-12
5.56658e-11
1.74884e-10
4.71611e-10
9.3288e-10
2.05442e-09
4.92417e-09
1.19323e-08
2.88417e-08
6.96704e-08
1.68373e-07
4.0687e-07
9.81578e-07
2.35914e-06
5.63473e-06
1.33388e-05
3.12086e-05
7.19389e-05
0.000162888
0.000361186
0.00078179
0.00164595
0.00335664
0.00659728
0.0124014
0.0219201
0.0363214
0.0563935
0.0822523
0.113348
0.148674
0.187024
0.227191
0.268079
0.308757
0.348488
0.386716
0.423039
0.457192
0.489021
0.518459
0.545518
0.570257
0.592774
0.613187
0.631628
0.648241
0.66317
0.676555
0.688534
0.699232
0.708769
0.716916
0.724157
0.73091
0.736889
0.742158
0.746812
0.750915
0.754518
0.757665
0.760386
0.762703
0.76464
0.766322
0.767665
0.768678
0.769384
0.769816
0.770025
0.770099
0.770111
0.77009
0.770062
0.770039
0.770023
0.770013
0.770007
0.770004
0.770002
0.770001
0.77
0.77
0.77
0.77
0.77
0.77
0.77
0.77
0.77
0.77
0.77
0.77
0.77
0.77
0.77
0.77
0.77
0.77
0.77
)
;

boundaryField
{
    fuel
    {
        type            fixedValue;
        value           uniform 0;
    }
    air
    {
        type            fixedValue;
        value           uniform 0.77;
    }
    outlet
    {
        type            inletOutlet;
        inletValue      uniform 1;
        value           nonuniform List<scalar> 
200
(
8.80962e-12
5.55592e-11
1.74644e-10
4.70922e-10
9.31383e-10
2.05097e-09
4.91573e-09
1.19114e-08
2.87897e-08
6.95409e-08
1.68052e-07
4.06079e-07
9.79648e-07
2.35448e-06
5.6236e-06
1.33127e-05
3.11483e-05
7.18027e-05
0.000162587
0.000360541
0.000780445
0.00164323
0.00335136
0.00658745
0.0123846
0.0218936
0.0362831
0.0563429
0.0821908
0.113279
0.148599
0.186947
0.227113
0.268003
0.308684
0.348416
0.386645
0.422969
0.457124
0.488955
0.518395
0.545456
0.570197
0.592714
0.613127
0.631571
0.648186
0.663117
0.676504
0.688484
0.699184
0.708722
0.716872
0.724114
0.730869
0.73685
0.742123
0.746783
0.750892
0.7545
0.75765
0.760375
0.762694
0.764633
0.766316
0.767661
0.768675
0.769382
0.769815
0.770024
0.770099
0.77011
0.77009
0.770062
0.770039
0.770023
0.770013
0.770007
0.770004
0.770002
0.770001
0.77
0.77
0.77
0.77
0.77
0.77
0.77
0.77
0.77
0.77
0.77
0.77
0.77
0.77
0.77
0.77
0.77
0.77
0.77
8.82694e-12
5.56658e-11
1.74884e-10
4.71611e-10
9.3288e-10
2.05442e-09
4.92417e-09
1.19323e-08
2.88417e-08
6.96704e-08
1.68373e-07
4.0687e-07
9.81578e-07
2.35914e-06
5.63473e-06
1.33388e-05
3.12086e-05
7.19389e-05
0.000162888
0.000361186
0.00078179
0.00164595
0.00335664
0.00659728
0.0124014
0.0219201
0.0363214
0.0563935
0.0822523
0.113348
0.148674
0.187024
0.227191
0.268079
0.308757
0.348488
0.386716
0.423039
0.457192
0.489021
0.518459
0.545518
0.570257
0.592774
0.613187
0.631628
0.648241
0.66317
0.676555
0.688534
0.699232
0.708769
0.716916
0.724157
0.73091
0.736889
0.742158
0.746812
0.750915
0.754518
0.757665
0.760386
0.762703
0.76464
0.766322
0.767665
0.768678
0.769384
0.769816
0.770025
0.770099
0.770111
0.77009
0.770062
0.770039
0.770023
0.770013
0.770007
0.770004
0.770002
0.770001
0.77
0.77
0.77
0.77
0.77
0.77
0.77
0.77
0.77
0.77
0.77
0.77
0.77
0.77
0.77
0.77
0.77
0.77
0.77
)
;
    }
    frontAndBack
    {
        type            empty;
    }
}


// ************************************************************************* //
