/*--------------------------------*- C++ -*----------------------------------*\
  =========                 |
  \\      /  F ield         | OpenFOAM: The Open Source CFD Toolbox
   \\    /   O peration     | Website:  https://openfoam.org
    \\  /    A nd           | Version:  11
     \\/     M anipulation  |
\*---------------------------------------------------------------------------*/
FoamFile
{
    format      ascii;
    class       volScalarField;
    location    "0.1";
    object      O2;
}
// * * * * * * * * * * * * * * * * * * * * * * * * * * * * * * * * * * * * * //

dimensions      [0 0 0 0 0 0 0];

internalField   nonuniform List<scalar> 
4000
(
1.69163e-17
1.10755e-16
3.75737e-16
1.12896e-15
2.47806e-15
6.27492e-15
1.75467e-14
4.95365e-14
1.39005e-13
3.87902e-13
1.07607e-12
2.96335e-12
8.08656e-12
2.18232e-11
5.81218e-11
1.52435e-10
3.92807e-10
9.9192e-10
2.44856e-09
5.89348e-09
1.37922e-08
3.12812e-08
6.84855e-08
1.44012e-07
2.88579e-07
5.41083e-07
9.46351e-07
1.54282e-06
2.35018e-06
3.36487e-06
4.56345e-06
5.90994e-06
7.36295e-06
8.88092e-06
1.04257e-05
1.19609e-05
1.34616e-05
1.4916e-05
1.63401e-05
1.78094e-05
1.95037e-05
2.1768e-05
2.52029e-05
3.08074e-05
4.02385e-05
5.62911e-05
8.35781e-05
0.000135455
0.000236544
0.000434682
0.000822471
0.0015755
0.00296352
0.00557771
0.0107046
0.0203854
0.03875
0.0616349
0.0851578
0.107571
0.128139
0.146597
0.162841
0.176937
0.189737
0.200581
0.209465
0.216431
0.221541
0.224876
0.226907
0.228198
0.229168
0.229621
0.229828
0.229922
0.229965
0.229984
0.229993
0.229997
0.229999
0.229999
0.23
0.23
0.23
0.23
0.23
0.23
0.23
0.23
0.23
0.23
0.23
0.23
0.23
0.23
0.23
0.23
0.23
0.23
2.02056e-17
1.31647e-16
4.32759e-16
1.19773e-15
2.68608e-15
7.23295e-15
2.06807e-14
5.88714e-14
1.6644e-13
4.67584e-13
1.30408e-12
3.60446e-12
9.85342e-12
2.65831e-11
7.0621e-11
1.84329e-10
4.71649e-10
1.18087e-09
2.88648e-09
6.87143e-09
1.58869e-08
3.55605e-08
7.67671e-08
1.59066e-07
3.12794e-07
5.76368e-07
9.92319e-07
1.59559e-06
2.40441e-06
3.41568e-06
4.60781e-06
5.94701e-06
7.39364e-06
8.90688e-06
1.04479e-05
1.19862e-05
1.34956e-05
1.49663e-05
1.64107e-05
1.79055e-05
1.96307e-05
2.19351e-05
2.54487e-05
3.12028e-05
4.09286e-05
5.74654e-05
8.58719e-05
0.000139845
0.000245163
0.000451646
0.000856638
0.00164268
0.00308568
0.00580477
0.0111387
0.0212028
0.0402419
0.0633839
0.0869518
0.109299
0.129742
0.148037
0.164084
0.178004
0.190654
0.201292
0.209965
0.216736
0.221673
0.224898
0.226876
0.228192
0.229155
0.229606
0.229818
0.229916
0.229962
0.229983
0.229992
0.229996
0.229998
0.229999
0.23
0.23
0.23
0.23
0.23
0.23
0.23
0.23
0.23
0.23
0.23
0.23
0.23
0.23
0.23
0.23
0.23
0.23
2.20101e-17
1.42163e-16
4.94473e-16
1.1483e-15
2.8976e-15
8.09043e-15
2.31531e-14
6.58142e-14
1.85794e-13
5.20942e-13
1.44908e-12
3.99204e-12
1.08708e-11
2.92036e-11
7.724e-11
2.00726e-10
5.11456e-10
1.27494e-09
3.10191e-09
7.34756e-09
1.68982e-08
3.76146e-08
8.07322e-08
1.66281e-07
3.24552e-07
5.93995e-07
1.01672e-06
1.62717e-06
2.44224e-06
3.45783e-06
4.65222e-06
5.99246e-06
7.44037e-06
8.95687e-06
1.05049e-05
1.20516e-05
1.35707e-05
1.5049e-05
1.65124e-05
1.80401e-05
1.98205e-05
2.22208e-05
2.5862e-05
3.18186e-05
4.18889e-05
5.90674e-05
8.90065e-05
0.000145855
0.000256939
0.000474729
0.0009026
0.00173211
0.00325228
0.00610898
0.011712
0.0222671
0.042115
0.0655258
0.0890908
0.111296
0.131525
0.149569
0.165338
0.179033
0.191443
0.201852
0.210324
0.216931
0.221753
0.224912
0.226859
0.228195
0.22915
0.2296
0.229813
0.229913
0.22996
0.229982
0.229992
0.229996
0.229998
0.229999
0.23
0.23
0.23
0.23
0.23
0.23
0.23
0.23
0.23
0.23
0.23
0.23
0.23
0.23
0.23
0.23
0.23
0.23
2.85168e-17
1.46809e-16
4.89615e-16
1.14907e-15
3.09341e-15
8.88397e-15
2.54429e-14
7.2316e-14
2.04262e-13
5.73048e-13
1.59444e-12
4.39183e-12
1.19522e-11
3.20728e-11
8.46856e-11
2.19558e-10
5.57714e-10
1.38494e-09
3.35431e-09
7.90435e-09
1.80744e-08
3.99825e-08
8.52474e-08
1.74375e-07
3.37491e-07
6.12906e-07
1.04188e-06
1.65777e-06
2.47671e-06
3.49449e-06
4.68978e-06
6.0304e-06
7.4791e-06
8.99792e-06
1.05511e-05
1.21071e-05
1.3642e-05
1.51458e-05
1.66392e-05
1.8204e-05
2.00325e-05
2.24987e-05
2.62604e-05
3.24317e-05
4.28874e-05
6.07579e-05
9.23306e-05
0.000152229
0.000269394
0.000499224
0.000951057
0.00182597
0.00342631
0.00643409
0.0123267
0.0233904
0.0438932
0.0674941
0.0910179
0.113068
0.133088
0.150898
0.166419
0.179937
0.192146
0.202374
0.210686
0.217161
0.221875
0.22496
0.22686
0.228216
0.229152
0.229596
0.22981
0.229911
0.229959
0.229981
0.229991
0.229996
0.229998
0.229999
0.23
0.23
0.23
0.23
0.23
0.23
0.23
0.23
0.23
0.23
0.23
0.23
0.23
0.23
0.23
0.23
0.23
0.23
2.94577e-17
1.50535e-16
4.24056e-16
1.17785e-15
3.34719e-15
9.62337e-15
2.74935e-14
7.81276e-14
2.20754e-13
6.19433e-13
1.72317e-12
4.74332e-12
1.28941e-11
3.45433e-11
9.10141e-11
2.35354e-10
5.96051e-10
1.47523e-09
3.56021e-09
8.35795e-09
1.90368e-08
4.19408e-08
8.90477e-08
1.81352e-07
3.4909e-07
6.30675e-07
1.06682e-06
1.68986e-06
2.51482e-06
3.5368e-06
4.73445e-06
6.07607e-06
7.52526e-06
9.04503e-06
1.06006e-05
1.21617e-05
1.37051e-05
1.52224e-05
1.67359e-05
1.83301e-05
2.02029e-05
2.27394e-05
2.66185e-05
3.29938e-05
4.38113e-05
6.23228e-05
9.53935e-05
0.000158055
0.000280659
0.000522488
0.000997629
0.00191801
0.00360104
0.00677279
0.0129676
0.0245746
0.0455032
0.0691911
0.092637
0.114531
0.134361
0.15197
0.167287
0.180642
0.192689
0.202768
0.210952
0.217322
0.221954
0.224986
0.226849
0.228243
0.229156
0.229595
0.229808
0.22991
0.229958
0.229981
0.229991
0.229996
0.229998
0.229999
0.23
0.23
0.23
0.23
0.23
0.23
0.23
0.23
0.23
0.23
0.23
0.23
0.23
0.23
0.23
0.23
0.23
0.23
1.8965e-17
1.24227e-16
4.14653e-16
1.22991e-15
3.57088e-15
1.02483e-14
2.92611e-14
8.3164e-14
2.35038e-13
6.59535e-13
1.83426e-12
5.04622e-12
1.37051e-11
3.66715e-11
9.64745e-11
2.49021e-10
6.29339e-10
1.55391e-09
3.74012e-09
8.75461e-09
1.98766e-08
4.36407e-08
9.2318e-08
1.87289e-07
3.58822e-07
6.45406e-07
1.08737e-06
1.71637e-06
2.54672e-06
3.57301e-06
4.77376e-06
6.11748e-06
7.56822e-06
9.08963e-06
1.06477e-05
1.22129e-05
1.3763e-05
1.52908e-05
1.68203e-05
1.84392e-05
2.03512e-05
2.29517e-05
2.69394e-05
3.35031e-05
4.46516e-05
6.37417e-05
9.8145e-05
0.000163222
0.000290476
0.000542148
0.00103574
0.00198971
0.00373136
0.00716709
0.013643
0.0258433
0.046964
0.0706379
0.0939737
0.115715
0.135379
0.152821
0.167974
0.181201
0.193121
0.203087
0.211174
0.217466
0.222032
0.225018
0.226837
0.228281
0.229163
0.229595
0.229807
0.229909
0.229958
0.22998
0.229991
0.229996
0.229998
0.229999
0.23
0.23
0.23
0.23
0.23
0.23
0.23
0.23
0.23
0.23
0.23
0.23
0.23
0.23
0.23
0.23
0.23
0.23
1.90545e-17
1.25109e-16
4.27479e-16
1.28971e-15
3.75233e-15
1.07861e-14
3.0828e-14
8.76775e-14
2.47915e-13
6.95869e-13
1.93542e-12
5.32349e-12
1.44515e-11
3.86402e-11
1.01551e-10
2.61783e-10
6.60549e-10
1.62795e-09
3.9101e-09
9.13099e-09
2.06778e-08
4.52728e-08
9.54815e-08
1.93078e-07
3.68406e-07
6.60036e-07
1.10789e-06
1.7429e-06
2.57859e-06
3.60909e-06
4.81279e-06
6.1584e-06
7.6104e-06
9.13299e-06
1.06928e-05
1.22609e-05
1.3816e-05
1.53519e-05
1.68943e-05
1.85341e-05
2.04807e-05
2.31396e-05
2.72281e-05
3.39691e-05
4.54322e-05
6.50768e-05
0.000100758
0.000168187
0.00030006
0.000561623
0.00107453
0.00206499
0.00387619
0.00745196
0.0141862
0.026879
0.0481487
0.071806
0.0950478
0.116663
0.13619
0.153497
0.168519
0.181647
0.193465
0.203342
0.211352
0.217581
0.222095
0.225049
0.226849
0.228287
0.229164
0.229594
0.229806
0.229909
0.229957
0.22998
0.229991
0.229996
0.229998
0.229999
0.23
0.23
0.23
0.23
0.23
0.23
0.23
0.23
0.23
0.23
0.23
0.23
0.23
0.23
0.23
0.23
0.23
0.23
1.9683e-17
1.29422e-16
4.43471e-16
1.34166e-15
3.91081e-15
1.12546e-14
3.21892e-14
9.15892e-14
2.59042e-13
7.27153e-13
2.02215e-12
5.56007e-12
1.5085e-11
4.0302e-11
1.05811e-10
2.72436e-10
6.86467e-10
1.68917e-09
4.05012e-09
9.44031e-09
2.13356e-08
4.66141e-08
9.80892e-08
1.97876e-07
3.76431e-07
6.72451e-07
1.12559e-06
1.76619e-06
2.60712e-06
3.64197e-06
4.84891e-06
6.19673e-06
7.65019e-06
9.17395e-06
1.07351e-05
1.23054e-05
1.38643e-05
1.54064e-05
1.6959e-05
1.86159e-05
2.05914e-05
2.33001e-05
2.74753e-05
3.43687e-05
4.6101e-05
6.62176e-05
0.000102983
0.000172399
0.000308156
0.000577847
0.00110638
0.00212539
0.00399001
0.00767397
0.0146105
0.0276875
0.0490755
0.0727223
0.0958923
0.117409
0.13683
0.15403
0.168951
0.182002
0.193741
0.203548
0.211498
0.217677
0.222149
0.22507
0.226822
0.228341
0.22917
0.229595
0.229806
0.229908
0.229957
0.22998
0.229991
0.229996
0.229998
0.229999
0.23
0.23
0.23
0.23
0.23
0.23
0.23
0.23
0.23
0.23
0.23
0.23
0.23
0.23
0.23
0.23
0.23
0.23
2.02787e-17
1.33448e-16
4.57994e-16
1.38796e-15
4.05119e-15
1.16691e-14
3.33958e-14
9.50664e-14
2.68966e-13
7.55155e-13
2.10012e-12
5.77382e-12
1.56607e-11
4.18218e-11
1.09735e-10
2.8232e-10
7.10698e-10
1.74684e-09
4.18297e-09
9.73562e-09
2.19666e-08
4.79043e-08
1.00598e-07
2.02476e-07
3.84082e-07
6.84201e-07
1.14222e-06
1.78793e-06
2.63361e-06
3.67242e-06
4.88235e-06
6.23223e-06
7.68705e-06
9.2118e-06
1.0774e-05
1.23459e-05
1.39074e-05
1.54538e-05
1.7014e-05
1.86838e-05
2.06818e-05
2.343e-05
2.76744e-05
3.46894e-05
4.66347e-05
6.71183e-05
0.000104722
0.000175633
0.000314735
0.000591053
0.00113214
0.00217369
0.00408048
0.00785007
0.0149463
0.0283266
0.0498073
0.0734457
0.0965597
0.118
0.137339
0.154455
0.169297
0.18229
0.193965
0.203716
0.211618
0.217758
0.222197
0.225096
0.226838
0.228348
0.229173
0.229596
0.229807
0.229908
0.229957
0.22998
0.229991
0.229996
0.229998
0.229999
0.23
0.23
0.23
0.23
0.23
0.23
0.23
0.23
0.23
0.23
0.23
0.23
0.23
0.23
0.23
0.23
0.23
0.23
2.08239e-17
1.37107e-16
4.71006e-16
1.42891e-15
4.17433e-15
1.20315e-14
3.44486e-14
9.8096e-14
2.77598e-13
7.7947e-13
2.16768e-12
5.95856e-12
1.61569e-11
4.31274e-11
1.13094e-10
2.90752e-10
7.31301e-10
1.79572e-09
4.29533e-09
9.98512e-09
2.25001e-08
4.89985e-08
1.02739e-07
2.06395e-07
3.90679e-07
6.94462e-07
1.15692e-06
1.80737e-06
2.65754e-06
3.70015e-06
4.91298e-06
6.26486e-06
7.72096e-06
9.24654e-06
1.08095e-05
1.23823e-05
1.39454e-05
1.54946e-05
1.70596e-05
1.87384e-05
2.0753e-05
2.35314e-05
2.78301e-05
3.49417e-05
4.70567e-05
6.78344e-05
0.000106113
0.000178243
0.000320191
0.000602041
0.00115359
0.00221389
0.00415616
0.00799332
0.0152181
0.0288439
0.050397
0.0740265
0.0970946
0.118474
0.137746
0.154797
0.169576
0.182524
0.194148
0.203855
0.211719
0.217826
0.222238
0.225118
0.226852
0.228355
0.229176
0.229598
0.229807
0.229909
0.229957
0.22998
0.229991
0.229996
0.229998
0.229999
0.23
0.23
0.23
0.23
0.23
0.23
0.23
0.23
0.23
0.23
0.23
0.23
0.23
0.23
0.23
0.23
0.23
0.23
2.13138e-17
1.40378e-16
4.82547e-16
1.46497e-15
4.28241e-15
1.23493e-14
3.53727e-14
1.00759e-13
2.85197e-13
8.00914e-13
2.22739e-12
6.12228e-12
1.65979e-11
4.42923e-11
1.16104e-10
2.98341e-10
7.49935e-10
1.84016e-09
4.39799e-09
1.02142e-08
2.2992e-08
5.00103e-08
1.04721e-07
2.0998e-07
3.96698e-07
7.03786e-07
1.17022e-06
1.82492e-06
2.67911e-06
3.72515e-06
4.9406e-06
6.29431e-06
7.75156e-06
9.27782e-06
1.08412e-05
1.24145e-05
1.39782e-05
1.55288e-05
1.70967e-05
1.87813e-05
2.08077e-05
2.36088e-05
2.79494e-05
3.51357e-05
4.73812e-05
6.83799e-05
0.000107163
0.00018037
0.000324676
0.000611043
0.00117108
0.00224638
0.004217
0.00811008
0.0154401
0.0292668
0.0508777
0.0744989
0.0975288
0.118858
0.138077
0.155075
0.169804
0.182716
0.1943
0.20397
0.211803
0.217885
0.222273
0.225138
0.226865
0.228362
0.229179
0.229599
0.229808
0.229909
0.229957
0.22998
0.229991
0.229996
0.229998
0.229999
0.23
0.23
0.23
0.23
0.23
0.23
0.23
0.23
0.23
0.23
0.23
0.23
0.23
0.23
0.23
0.23
0.23
0.23
2.17446e-17
1.43249e-16
4.92642e-16
1.49641e-15
4.37646e-15
1.26256e-14
3.61758e-14
1.03072e-13
2.91797e-13
8.19527e-13
2.27919e-12
6.26421e-12
1.698e-11
4.53007e-11
1.18707e-10
3.049e-10
7.66027e-10
1.87851e-09
4.48655e-09
1.04117e-08
2.34164e-08
5.08844e-08
1.06437e-07
2.13097e-07
4.01955e-07
7.11974e-07
1.18197e-06
1.84048e-06
2.69831e-06
3.74745e-06
4.9653e-06
6.32066e-06
7.77893e-06
9.3057e-06
1.08693e-05
1.24426e-05
1.40063e-05
1.55572e-05
1.71262e-05
1.88142e-05
2.08487e-05
2.36666e-05
2.80391e-05
3.52831e-05
4.76295e-05
6.87989e-05
0.000107972
0.000182121
0.000328394
0.000618492
0.00118553
0.00227313
0.00426711
0.00820628
0.0156231
0.0296155
0.0512732
0.0748865
0.0978845
0.119172
0.138348
0.155303
0.169991
0.182875
0.194425
0.204067
0.211874
0.217934
0.222304
0.225156
0.226877
0.228368
0.229182
0.229601
0.229808
0.229909
0.229957
0.22998
0.229991
0.229996
0.229998
0.229999
0.23
0.23
0.23
0.23
0.23
0.23
0.23
0.23
0.23
0.23
0.23
0.23
0.23
0.23
0.23
0.23
0.23
0.23
2.21207e-17
1.45753e-16
5.01419e-16
1.52367e-15
4.45785e-15
1.28646e-14
3.68705e-14
1.05074e-13
2.9751e-13
8.3565e-13
2.32409e-12
6.38737e-12
1.7312e-11
4.6178e-11
1.20975e-10
3.10625e-10
7.80097e-10
1.91211e-09
4.56428e-09
1.05855e-08
2.37902e-08
5.16551e-08
1.07951e-07
2.15846e-07
4.06589e-07
7.19184e-07
1.1923e-06
1.85416e-06
2.71519e-06
3.76707e-06
4.98704e-06
6.34387e-06
7.803e-06
9.33015e-06
1.08937e-05
1.24667e-05
1.40299e-05
1.55803e-05
1.71495e-05
1.88393e-05
2.08794e-05
2.37103e-05
2.81088e-05
3.54007e-05
4.78316e-05
6.91453e-05
0.000108648
0.000183587
0.000331496
0.00062469
0.00119753
0.00229529
0.00430867
0.0082859
0.0157745
0.0299043
0.0515999
0.0752061
0.0981774
0.119431
0.138571
0.155492
0.170146
0.183007
0.194531
0.204148
0.211934
0.217976
0.22233
0.225172
0.226888
0.228374
0.229185
0.229602
0.229809
0.229909
0.229957
0.22998
0.229991
0.229996
0.229998
0.229999
0.23
0.23
0.23
0.23
0.23
0.23
0.23
0.23
0.23
0.23
0.23
0.23
0.23
0.23
0.23
0.23
0.23
0.23
2.24435e-17
1.479e-16
5.08937e-16
1.54699e-15
4.52743e-15
1.30688e-14
3.7464e-14
1.06784e-13
3.02391e-13
8.49424e-13
2.36246e-12
6.4926e-12
1.75956e-11
4.69276e-11
1.22914e-10
3.15518e-10
7.92127e-10
1.94084e-09
4.63078e-09
1.07342e-08
2.41104e-08
5.23159e-08
1.0925e-07
2.1821e-07
4.10581e-07
7.25405e-07
1.20123e-06
1.866e-06
2.72982e-06
3.78409e-06
5.00591e-06
6.364e-06
7.82385e-06
9.35126e-06
1.09147e-05
1.24871e-05
1.40496e-05
1.55991e-05
1.71677e-05
1.88584e-05
2.09027e-05
2.37441e-05
2.81642e-05
3.54965e-05
4.79987e-05
6.94338e-05
0.000109212
0.000184808
0.000334067
0.000629811
0.00120743
0.00231348
0.0043427
0.00835156
0.0158995
0.0301428
0.0518695
0.0754694
0.0984185
0.119644
0.138755
0.155647
0.170275
0.183117
0.194619
0.204216
0.211986
0.218013
0.222353
0.225185
0.226897
0.228379
0.229188
0.229603
0.229809
0.229909
0.229957
0.22998
0.229991
0.229996
0.229998
0.229999
0.23
0.23
0.23
0.23
0.23
0.23
0.23
0.23
0.23
0.23
0.23
0.23
0.23
0.23
0.23
0.23
0.23
0.23
2.27158e-17
1.49711e-16
5.15272e-16
1.56662e-15
4.58596e-15
1.32405e-14
3.79632e-14
1.08222e-13
3.06496e-13
8.61014e-13
2.39474e-12
6.58119e-12
1.78345e-11
4.75594e-11
1.24549e-10
3.19648e-10
8.02289e-10
1.96513e-09
4.68706e-09
1.08602e-08
2.43818e-08
5.28763e-08
1.10353e-07
2.20216e-07
4.1397e-07
7.30686e-07
1.20881e-06
1.87605e-06
2.74224e-06
3.79855e-06
5.02194e-06
6.3811e-06
7.84154e-06
9.3691e-06
1.09323e-05
1.25042e-05
1.40657e-05
1.56141e-05
1.71818e-05
1.88729e-05
2.09203e-05
2.37705e-05
2.82086e-05
3.55744e-05
4.81359e-05
6.96717e-05
0.000109678
0.000185814
0.000336182
0.000634027
0.00121559
0.00232852
0.00437094
0.00840543
0.0160019
0.0303383
0.0520901
0.0756846
0.0986153
0.119818
0.138905
0.155773
0.17038
0.183208
0.194692
0.204273
0.212028
0.218044
0.222372
0.225196
0.226904
0.228383
0.22919
0.229604
0.22981
0.22991
0.229957
0.22998
0.229991
0.229996
0.229998
0.229999
0.23
0.23
0.23
0.23
0.23
0.23
0.23
0.23
0.23
0.23
0.23
0.23
0.23
0.23
0.23
0.23
0.23
0.23
2.29405e-17
1.51204e-16
5.20487e-16
1.58275e-15
4.63402e-15
1.33815e-14
3.83728e-14
1.09403e-13
3.09866e-13
8.70526e-13
2.42125e-12
6.65392e-12
1.80307e-11
4.80783e-11
1.25892e-10
3.23042e-10
8.10644e-10
1.98512e-09
4.73338e-09
1.09639e-08
2.46054e-08
5.33383e-08
1.11262e-07
2.21872e-07
4.16767e-07
7.35049e-07
1.21507e-06
1.88436e-06
2.7525e-06
3.8105e-06
5.03519e-06
6.39523e-06
7.85614e-06
9.38378e-06
1.09467e-05
1.2518e-05
1.40786e-05
1.56259e-05
1.71927e-05
1.88838e-05
2.09338e-05
2.37908e-05
2.82435e-05
3.56365e-05
4.82455e-05
6.98613e-05
0.000110048
0.00018661
0.000337844
0.000637314
0.00122207
0.00234042
0.00439322
0.00844861
0.0160842
0.0304955
0.0522673
0.0758574
0.0987732
0.119958
0.139025
0.155875
0.170464
0.183281
0.19475
0.204319
0.212063
0.218068
0.222388
0.225206
0.226911
0.228387
0.229192
0.229605
0.22981
0.22991
0.229958
0.22998
0.229991
0.229996
0.229998
0.229999
0.23
0.23
0.23
0.23
0.23
0.23
0.23
0.23
0.23
0.23
0.23
0.23
0.23
0.23
0.23
0.23
0.23
0.23
2.31184e-17
1.52386e-16
5.24613e-16
1.59551e-15
4.67201e-15
1.34929e-14
3.86965e-14
1.10336e-13
3.12529e-13
8.78045e-13
2.4422e-12
6.71144e-12
1.81858e-11
4.84889e-11
1.26955e-10
3.25731e-10
8.17264e-10
2.00096e-09
4.77011e-09
1.10462e-08
2.47829e-08
5.37051e-08
1.11984e-07
2.23187e-07
4.18991e-07
7.38516e-07
1.22005e-06
1.89096e-06
2.76066e-06
3.82e-06
5.04571e-06
6.40645e-06
7.86771e-06
9.39539e-06
1.0958e-05
1.25288e-05
1.40886e-05
1.56349e-05
1.72009e-05
1.88919e-05
2.09437e-05
2.38062e-05
2.82703e-05
3.56845e-05
4.83306e-05
7.00088e-05
0.000110336
0.000187229
0.000339136
0.000639871
0.00122717
0.00234984
0.00441094
0.00848238
0.0161484
0.0306182
0.0524055
0.075992
0.0988963
0.120066
0.139119
0.155954
0.17053
0.183337
0.194796
0.204355
0.21209
0.218088
0.222402
0.225215
0.226918
0.228391
0.229194
0.229606
0.229811
0.22991
0.229958
0.22998
0.229991
0.229996
0.229998
0.229999
0.23
0.23
0.23
0.23
0.23
0.23
0.23
0.23
0.23
0.23
0.23
0.23
0.23
0.23
0.23
0.23
0.23
0.23
2.32505e-17
1.53263e-16
5.27676e-16
1.60498e-15
4.7002e-15
1.35756e-14
3.89368e-14
1.11028e-13
3.14506e-13
8.83629e-13
2.45776e-12
6.75418e-12
1.83012e-11
4.87942e-11
1.27746e-10
3.27731e-10
8.22191e-10
2.01275e-09
4.79747e-09
1.11075e-08
2.49152e-08
5.39788e-08
1.12523e-07
2.2417e-07
4.20652e-07
7.41106e-07
1.22377e-06
1.89589e-06
2.76676e-06
3.82708e-06
5.05357e-06
6.41481e-06
7.87632e-06
9.40402e-06
1.09664e-05
1.25367e-05
1.40959e-05
1.56414e-05
1.72067e-05
1.88977e-05
2.09508e-05
2.38172e-05
2.82898e-05
3.57197e-05
4.83932e-05
7.01175e-05
0.000110549
0.000187685
0.000340087
0.000641755
0.00123091
0.00235674
0.00442389
0.0085072
0.0161957
0.0307085
0.0525074
0.0760914
0.0989872
0.120146
0.139188
0.156013
0.170579
0.183379
0.19483
0.204381
0.21211
0.218103
0.222412
0.225221
0.226923
0.228394
0.229196
0.229607
0.229811
0.22991
0.229958
0.22998
0.229991
0.229996
0.229998
0.229999
0.23
0.23
0.23
0.23
0.23
0.23
0.23
0.23
0.23
0.23
0.23
0.23
0.23
0.23
0.23
0.23
0.23
0.23
2.33372e-17
1.53839e-16
5.29685e-16
1.61119e-15
4.71868e-15
1.36297e-14
3.9094e-14
1.11481e-13
3.15798e-13
8.87274e-13
2.46792e-12
6.78205e-12
1.83764e-11
4.89932e-11
1.28261e-10
3.29034e-10
8.25401e-10
2.02044e-09
4.8153e-09
1.11475e-08
2.50015e-08
5.41573e-08
1.12874e-07
2.24811e-07
4.21737e-07
7.42802e-07
1.2262e-06
1.89913e-06
2.77076e-06
3.83175e-06
5.05874e-06
6.42032e-06
7.882e-06
9.40969e-06
1.09719e-05
1.25419e-05
1.41006e-05
1.56455e-05
1.72104e-05
1.89013e-05
2.09553e-05
2.38244e-05
2.83025e-05
3.57427e-05
4.84343e-05
7.01891e-05
0.000110689
0.000187986
0.000340714
0.000642994
0.00123337
0.00236127
0.00443241
0.00852362
0.016227
0.0307684
0.052575
0.0761574
0.0990476
0.1202
0.139234
0.156052
0.170612
0.183408
0.194852
0.204399
0.212124
0.218113
0.222418
0.225225
0.226926
0.228396
0.229197
0.229608
0.229811
0.22991
0.229958
0.22998
0.229991
0.229996
0.229998
0.229999
0.23
0.23
0.23
0.23
0.23
0.23
0.23
0.23
0.23
0.23
0.23
0.23
0.23
0.23
0.23
0.23
0.23
0.23
2.3379e-17
1.54117e-16
5.3065e-16
1.61416e-15
4.72747e-15
1.36554e-14
3.91682e-14
1.11694e-13
3.16403e-13
8.88976e-13
2.47265e-12
6.79499e-12
1.84112e-11
4.90852e-11
1.28499e-10
3.29634e-10
8.26879e-10
2.02397e-09
4.82349e-09
1.11658e-08
2.50411e-08
5.42391e-08
1.13036e-07
2.25105e-07
4.22237e-07
7.43584e-07
1.22733e-06
1.90064e-06
2.77263e-06
3.83394e-06
5.06117e-06
6.42291e-06
7.88467e-06
9.41236e-06
1.09745e-05
1.25443e-05
1.41028e-05
1.56475e-05
1.72121e-05
1.8903e-05
2.09574e-05
2.38278e-05
2.83086e-05
3.57539e-05
4.84544e-05
7.02243e-05
0.000110758
0.000188135
0.000341026
0.000643614
0.00123461
0.00236356
0.00443674
0.00853192
0.0162428
0.0307988
0.0526092
0.0761908
0.0990781
0.120227
0.139258
0.156072
0.170628
0.183422
0.194864
0.204408
0.21213
0.218118
0.222422
0.225228
0.226928
0.228397
0.229197
0.229608
0.229812
0.229911
0.229958
0.22998
0.229991
0.229996
0.229998
0.229999
0.23
0.23
0.23
0.23
0.23
0.23
0.23
0.23
0.23
0.23
0.23
0.23
0.23
0.23
0.23
0.23
0.23
0.23
2.33802e-17
1.54125e-16
5.30677e-16
1.61424e-15
4.7277e-15
1.3656e-14
3.917e-14
1.11699e-13
3.16418e-13
8.89017e-13
2.47276e-12
6.7953e-12
1.84121e-11
4.90875e-11
1.28505e-10
3.29649e-10
8.26916e-10
2.02406e-09
4.8237e-09
1.11663e-08
2.50421e-08
5.42412e-08
1.1304e-07
2.25113e-07
4.2225e-07
7.43603e-07
1.22736e-06
1.90067e-06
2.77267e-06
3.83397e-06
5.0612e-06
6.42293e-06
7.88467e-06
9.41235e-06
1.09745e-05
1.25443e-05
1.41027e-05
1.56474e-05
1.7212e-05
1.89029e-05
2.09574e-05
2.38278e-05
2.83088e-05
3.57543e-05
4.84551e-05
7.02257e-05
0.000110761
0.000188142
0.000341041
0.000643646
0.00123468
0.00236369
0.00443699
0.00853242
0.0162438
0.0308006
0.0526114
0.0761929
0.0990801
0.120229
0.139259
0.156073
0.170629
0.183423
0.194865
0.204409
0.212131
0.218119
0.222422
0.225228
0.226928
0.228397
0.229198
0.229608
0.229812
0.229911
0.229958
0.22998
0.229991
0.229996
0.229998
0.229999
0.23
0.23
0.23
0.23
0.23
0.23
0.23
0.23
0.23
0.23
0.23
0.23
0.23
0.23
0.23
0.23
0.23
0.23
2.33406e-17
1.53861e-16
5.2976e-16
1.61141e-15
4.71931e-15
1.36315e-14
3.90991e-14
1.11495e-13
3.15839e-13
8.87389e-13
2.46824e-12
6.78293e-12
1.83788e-11
4.89996e-11
1.28278e-10
3.29077e-10
8.25509e-10
2.0207e-09
4.81591e-09
1.11489e-08
2.50045e-08
5.41636e-08
1.12887e-07
2.24834e-07
4.21776e-07
7.42861e-07
1.22629e-06
1.89924e-06
2.77088e-06
3.83186e-06
5.05884e-06
6.42038e-06
7.88201e-06
9.40966e-06
1.09719e-05
1.25418e-05
1.41004e-05
1.56454e-05
1.72102e-05
1.89011e-05
2.09552e-05
2.38244e-05
2.83027e-05
3.57434e-05
4.84359e-05
7.01924e-05
0.000110696
0.000188004
0.000340756
0.000643085
0.00123357
0.00236166
0.0044332
0.00852517
0.01623
0.0307743
0.0525817
0.0761641
0.0990538
0.120206
0.139239
0.156056
0.170615
0.183411
0.194855
0.204402
0.212126
0.218115
0.22242
0.225227
0.226927
0.228397
0.229197
0.229608
0.229812
0.22991
0.229958
0.22998
0.229991
0.229996
0.229998
0.229999
0.23
0.23
0.23
0.23
0.23
0.23
0.23
0.23
0.23
0.23
0.23
0.23
0.23
0.23
0.23
0.23
0.23
0.23
2.32565e-17
1.53303e-16
5.27809e-16
1.60538e-15
4.70135e-15
1.35789e-14
3.89462e-14
1.11055e-13
3.14582e-13
8.83841e-13
2.45836e-12
6.75582e-12
1.83057e-11
4.88062e-11
1.27777e-10
3.27811e-10
8.22391e-10
2.01324e-09
4.79861e-09
1.11101e-08
2.49208e-08
5.39904e-08
1.12546e-07
2.24212e-07
4.20722e-07
7.41214e-07
1.22392e-06
1.89608e-06
2.76696e-06
3.82729e-06
5.05374e-06
6.41493e-06
7.87637e-06
9.40398e-06
1.09663e-05
1.25365e-05
1.40956e-05
1.56411e-05
1.72064e-05
1.88974e-05
2.09506e-05
2.38173e-05
2.82903e-05
3.57209e-05
4.8396e-05
7.01232e-05
0.000110561
0.000187715
0.000340157
0.000641904
0.00123123
0.00235737
0.00442515
0.00850974
0.0162007
0.0307182
0.0525185
0.0761024
0.0989975
0.120156
0.139196
0.15602
0.170585
0.183385
0.194835
0.204385
0.212114
0.218106
0.222414
0.225222
0.226924
0.228395
0.229196
0.229607
0.229811
0.22991
0.229958
0.22998
0.229991
0.229996
0.229998
0.229999
0.23
0.23
0.23
0.23
0.23
0.23
0.23
0.23
0.23
0.23
0.23
0.23
0.23
0.23
0.23
0.23
0.23
0.23
2.31269e-17
1.52442e-16
5.24801e-16
1.59607e-15
4.67362e-15
1.34975e-14
3.87096e-14
1.10373e-13
3.12634e-13
8.7834e-13
2.44302e-12
6.71371e-12
1.8192e-11
4.85054e-11
1.26998e-10
3.25841e-10
8.17538e-10
2.00162e-09
4.77166e-09
1.10497e-08
2.47905e-08
5.3721e-08
1.12015e-07
2.23244e-07
4.19087e-07
7.38663e-07
1.22025e-06
1.89122e-06
2.76095e-06
3.82027e-06
5.04595e-06
6.40661e-06
7.86778e-06
9.39534e-06
1.09579e-05
1.25285e-05
1.40882e-05
1.56345e-05
1.72004e-05
1.88915e-05
2.09435e-05
2.38062e-05
2.82709e-05
3.56863e-05
4.83345e-05
7.00169e-05
0.000110354
0.000187272
0.000339234
0.000640083
0.00122762
0.00235072
0.0044127
0.00848588
0.0161553
0.0306314
0.0524207
0.0760071
0.0989103
0.120079
0.13913
0.155964
0.170539
0.183345
0.194802
0.20436
0.212094
0.218091
0.222404
0.225216
0.226919
0.228392
0.229195
0.229606
0.229811
0.22991
0.229958
0.22998
0.229991
0.229996
0.229998
0.229999
0.23
0.23
0.23
0.23
0.23
0.23
0.23
0.23
0.23
0.23
0.23
0.23
0.23
0.23
0.23
0.23
0.23
0.23
2.29514e-17
1.51276e-16
5.20728e-16
1.58347e-15
4.63608e-15
1.33874e-14
3.83894e-14
1.0945e-13
3.09999e-13
8.70901e-13
2.42229e-12
6.6568e-12
1.80385e-11
4.80991e-11
1.25946e-10
3.23181e-10
8.10989e-10
1.98595e-09
4.73533e-09
1.09683e-08
2.4615e-08
5.33581e-08
1.11301e-07
2.21943e-07
4.16888e-07
7.35233e-07
1.21532e-06
1.88468e-06
2.75286e-06
3.81085e-06
5.03549e-06
6.39544e-06
7.85623e-06
9.38372e-06
1.09465e-05
1.25176e-05
1.40781e-05
1.56253e-05
1.71921e-05
1.88833e-05
2.09333e-05
2.37908e-05
2.82442e-05
3.56385e-05
4.82502e-05
6.98711e-05
0.00011007
0.000186663
0.000337967
0.000637582
0.00122265
0.00234158
0.00439556
0.00845306
0.0160929
0.0305122
0.0522864
0.0758764
0.0987909
0.119973
0.139039
0.155887
0.170475
0.18329
0.194758
0.204325
0.212068
0.218072
0.222391
0.225207
0.226912
0.228388
0.229192
0.229605
0.22981
0.22991
0.229958
0.22998
0.229991
0.229996
0.229998
0.229999
0.23
0.23
0.23
0.23
0.23
0.23
0.23
0.23
0.23
0.23
0.23
0.23
0.23
0.23
0.23
0.23
0.23
0.23
2.27291e-17
1.49798e-16
5.15565e-16
1.56749e-15
4.58845e-15
1.32476e-14
3.79833e-14
1.08279e-13
3.06657e-13
8.61466e-13
2.396e-12
6.58466e-12
1.78439e-11
4.75844e-11
1.24614e-10
3.19815e-10
8.02702e-10
1.96613e-09
4.6894e-09
1.08654e-08
2.43932e-08
5.29e-08
1.10399e-07
2.20301e-07
4.14113e-07
7.30906e-07
1.20911e-06
1.87643e-06
2.74266e-06
3.79897e-06
5.0223e-06
6.38136e-06
7.84165e-06
9.36903e-06
1.0932e-05
1.25037e-05
1.40651e-05
1.56134e-05
1.71811e-05
1.88721e-05
2.09198e-05
2.37703e-05
2.82092e-05
3.55766e-05
4.8141e-05
6.96827e-05
0.000109703
0.000185875
0.000336322
0.000634327
0.00121621
0.0023297
0.00437324
0.00841058
0.0160122
0.0303583
0.052113
0.0757075
0.0986366
0.119837
0.138922
0.155788
0.170392
0.183219
0.194701
0.204281
0.212034
0.218048
0.222375
0.225198
0.226905
0.228384
0.22919
0.229604
0.22981
0.22991
0.229957
0.22998
0.229991
0.229996
0.229998
0.229999
0.23
0.23
0.23
0.23
0.23
0.23
0.23
0.23
0.23
0.23
0.23
0.23
0.23
0.23
0.23
0.23
0.23
0.23
2.2459e-17
1.48001e-16
5.09279e-16
1.548e-15
4.53034e-15
1.3077e-14
3.74874e-14
1.0685e-13
3.02578e-13
8.4995e-13
2.36392e-12
6.49662e-12
1.76065e-11
4.69566e-11
1.22989e-10
3.15711e-10
7.92606e-10
1.942e-09
4.63348e-09
1.07403e-08
2.41236e-08
5.23432e-08
1.09304e-07
2.18308e-07
4.10746e-07
7.25658e-07
1.20158e-06
1.86644e-06
2.73031e-06
3.78458e-06
5.00633e-06
6.3643e-06
7.82398e-06
9.35116e-06
1.09143e-05
1.24866e-05
1.40489e-05
1.55982e-05
1.71667e-05
1.88574e-05
2.09019e-05
2.37438e-05
2.81649e-05
3.5499e-05
4.80048e-05
6.94471e-05
0.000109243
0.000184884
0.000334244
0.000630198
0.00120824
0.00231511
0.00434601
0.00835787
0.0159118
0.0301667
0.0518967
0.0754963
0.0984435
0.119667
0.138775
0.155664
0.170289
0.18313
0.194629
0.204225
0.211992
0.218018
0.222356
0.225187
0.226898
0.228379
0.229188
0.229603
0.229809
0.22991
0.229957
0.22998
0.229991
0.229996
0.229998
0.229999
0.23
0.23
0.23
0.23
0.23
0.23
0.23
0.23
0.23
0.23
0.23
0.23
0.23
0.23
0.23
0.23
0.23
0.23
2.21384e-17
1.45868e-16
5.01807e-16
1.52482e-15
4.46116e-15
1.2874e-14
3.68971e-14
1.05149e-13
2.97723e-13
8.36247e-13
2.32575e-12
6.39194e-12
1.73243e-11
4.62109e-11
1.21061e-10
3.10843e-10
7.80639e-10
1.91341e-09
4.56733e-09
1.05923e-08
2.38051e-08
5.1686e-08
1.08012e-07
2.15957e-07
4.06776e-07
7.1947e-07
1.19269e-06
1.85465e-06
2.71575e-06
3.76763e-06
4.98753e-06
6.34421e-06
7.80313e-06
9.33003e-06
1.08933e-05
1.2466e-05
1.40291e-05
1.55793e-05
1.71483e-05
1.88381e-05
2.08785e-05
2.37099e-05
2.81094e-05
3.54034e-05
4.78382e-05
6.91597e-05
0.000108682
0.000183671
0.000331692
0.000625118
0.00119843
0.00229705
0.00431217
0.00829311
0.0157887
0.0299319
0.0516314
0.0752371
0.0982062
0.119457
0.138594
0.155511
0.170163
0.183021
0.194543
0.204158
0.211942
0.217982
0.222334
0.225174
0.226889
0.228375
0.229186
0.229602
0.229809
0.229909
0.229957
0.22998
0.229991
0.229996
0.229998
0.229999
0.23
0.23
0.23
0.23
0.23
0.23
0.23
0.23
0.23
0.23
0.23
0.23
0.23
0.23
0.23
0.23
0.23
0.23
2.17642e-17
1.43377e-16
4.93074e-16
1.4977e-15
4.38015e-15
1.26361e-14
3.62055e-14
1.03156e-13
2.92034e-13
8.20192e-13
2.28104e-12
6.2693e-12
1.69938e-11
4.53374e-11
1.18803e-10
3.05143e-10
7.66629e-10
1.87996e-09
4.48993e-09
1.04194e-08
2.3433e-08
5.09188e-08
1.06505e-07
2.13221e-07
4.02163e-07
7.12293e-07
1.18241e-06
1.84103e-06
2.69893e-06
3.74807e-06
4.96584e-06
6.32104e-06
7.77906e-06
9.30555e-06
1.08688e-05
1.24418e-05
1.40052e-05
1.55559e-05
1.71248e-05
1.88129e-05
2.08476e-05
2.36661e-05
2.80397e-05
3.5286e-05
4.76367e-05
6.88148e-05
0.00010801
0.000182216
0.000328618
0.000618983
0.00118656
0.00227518
0.00427122
0.00821451
0.0156392
0.0296469
0.0513089
0.0749217
0.0979171
0.119202
0.138374
0.155326
0.17001
0.182891
0.194439
0.204078
0.211883
0.217941
0.222308
0.225158
0.226879
0.228369
0.229183
0.229601
0.229808
0.229909
0.229957
0.22998
0.229991
0.229996
0.229998
0.229999
0.23
0.23
0.23
0.23
0.23
0.23
0.23
0.23
0.23
0.23
0.23
0.23
0.23
0.23
0.23
0.23
0.23
0.23
2.13352e-17
1.40518e-16
4.83021e-16
1.46638e-15
4.28646e-15
1.23608e-14
3.54053e-14
1.00851e-13
2.85458e-13
8.01644e-13
2.22942e-12
6.12786e-12
1.6613e-11
4.43325e-11
1.16209e-10
2.98608e-10
7.50597e-10
1.84175e-09
4.40171e-09
1.02226e-08
2.30102e-08
5.00481e-08
1.04796e-07
2.10116e-07
3.96927e-07
7.04138e-07
1.17071e-06
1.82553e-06
2.6798e-06
3.72583e-06
4.94119e-06
6.29472e-06
7.7517e-06
9.27763e-06
1.08407e-05
1.24136e-05
1.3977e-05
1.55273e-05
1.70951e-05
1.87798e-05
2.08065e-05
2.36083e-05
2.79502e-05
3.5139e-05
4.73893e-05
6.83977e-05
0.000107206
0.000180476
0.000324928
0.000611593
0.00117224
0.00224867
0.00422157
0.00811929
0.0154582
0.0293019
0.0509177
0.0745383
0.0975652
0.118891
0.138106
0.1551
0.169825
0.182734
0.194315
0.203982
0.211813
0.217892
0.222278
0.225141
0.226867
0.228363
0.22918
0.229599
0.229808
0.229909
0.229957
0.22998
0.229991
0.229996
0.229998
0.229999
0.23
0.23
0.23
0.23
0.23
0.23
0.23
0.23
0.23
0.23
0.23
0.23
0.23
0.23
0.23
0.23
0.23
0.23
2.08466e-17
1.37255e-16
4.71513e-16
1.43043e-15
4.17871e-15
1.20439e-14
3.44839e-14
9.8196e-14
2.7788e-13
7.80261e-13
2.16988e-12
5.9646e-12
1.61732e-11
4.3171e-11
1.13208e-10
2.91041e-10
7.32018e-10
1.79745e-09
4.29936e-09
9.99421e-09
2.25199e-08
4.90394e-08
1.0282e-07
2.06543e-07
3.9093e-07
6.94847e-07
1.15745e-06
1.80804e-06
2.6583e-06
3.70091e-06
4.91363e-06
6.2653e-06
7.7211e-06
9.24631e-06
1.08088e-05
1.23812e-05
1.39439e-05
1.54928e-05
1.70578e-05
1.87366e-05
2.07517e-05
2.3531e-05
2.78315e-05
3.49463e-05
4.70679e-05
6.78588e-05
0.000106171
0.000178369
0.000320483
0.000602679
0.00115492
0.00221653
0.00416136
0.00800364
0.0152383
0.028883
0.0504414
0.0740703
0.0971351
0.11851
0.137778
0.154824
0.169599
0.182543
0.194164
0.203868
0.211729
0.217834
0.222244
0.225122
0.226855
0.228357
0.229177
0.229598
0.229807
0.229909
0.229957
0.22998
0.229991
0.229996
0.229998
0.229999
0.23
0.23
0.23
0.23
0.23
0.23
0.23
0.23
0.23
0.23
0.23
0.23
0.23
0.23
0.23
0.23
0.23
0.23
2.03027e-17
1.33606e-16
4.58533e-16
1.38958e-15
4.05586e-15
1.16825e-14
3.34336e-14
9.51733e-14
2.69267e-13
7.56e-13
2.10247e-12
5.78029e-12
1.56782e-11
4.18684e-11
1.09856e-10
2.82629e-10
7.11466e-10
1.74869e-09
4.1873e-09
9.74538e-09
2.19878e-08
4.79482e-08
1.00685e-07
2.02637e-07
3.84354e-07
6.84621e-07
1.1428e-06
1.78866e-06
2.63444e-06
3.67326e-06
4.88307e-06
6.23272e-06
7.6872e-06
9.21153e-06
1.07733e-05
1.23447e-05
1.39057e-05
1.54518e-05
1.70117e-05
1.86815e-05
2.068e-05
2.34292e-05
2.76758e-05
3.4695e-05
4.66483e-05
6.71481e-05
0.000104791
0.000175785
0.000315089
0.000591839
0.00113382
0.00217716
0.00408761
0.00786201
0.014969
0.0283702
0.0498568
0.0734944
0.0966047
0.118041
0.137374
0.154486
0.169322
0.182312
0.193983
0.20373
0.21163
0.217767
0.222203
0.2251
0.226841
0.22835
0.229174
0.229597
0.229807
0.229909
0.229957
0.22998
0.229991
0.229996
0.229998
0.229999
0.23
0.23
0.23
0.23
0.23
0.23
0.23
0.23
0.23
0.23
0.23
0.23
0.23
0.23
0.23
0.23
0.23
0.23
1.97083e-17
1.29589e-16
4.44039e-16
1.34336e-15
3.91574e-15
1.12686e-14
3.2229e-14
9.17019e-14
2.5936e-13
7.28045e-13
2.02463e-12
5.56689e-12
1.51035e-11
4.03513e-11
1.0594e-10
2.72763e-10
6.8728e-10
1.69113e-09
4.05471e-09
9.45069e-09
2.13581e-08
4.6661e-08
9.81821e-08
1.98049e-07
3.76725e-07
6.72905e-07
1.12623e-06
1.767e-06
2.60803e-06
3.64288e-06
4.8497e-06
6.19727e-06
7.65036e-06
9.17364e-06
1.07343e-05
1.2304e-05
1.38623e-05
1.54039e-05
1.69562e-05
1.8613e-05
2.05888e-05
2.32986e-05
2.7476e-05
3.4374e-05
4.61152e-05
6.62491e-05
0.000103057
0.000172555
0.000308482
0.000578536
0.00110778
0.00212807
0.00399508
0.00768657
0.0146362
0.0277374
0.0491321
0.0727777
0.0959433
0.117455
0.13687
0.154064
0.168979
0.182027
0.193761
0.203564
0.211511
0.217687
0.222156
0.225075
0.226825
0.228343
0.229171
0.229596
0.229807
0.229909
0.229957
0.22998
0.229991
0.229996
0.229998
0.229999
0.23
0.23
0.23
0.23
0.23
0.23
0.23
0.23
0.23
0.23
0.23
0.23
0.23
0.23
0.23
0.23
0.23
0.23
1.90821e-17
1.25294e-16
4.28076e-16
1.2915e-15
3.75747e-15
1.08008e-14
3.08695e-14
8.77949e-14
2.48246e-13
6.968e-13
1.93801e-12
5.33062e-12
1.44709e-11
3.86918e-11
1.01685e-10
2.62127e-10
6.61406e-10
1.63003e-09
3.91495e-09
9.14198e-09
2.07017e-08
4.53227e-08
9.55805e-08
1.93263e-07
3.68721e-07
6.60525e-07
1.10858e-06
1.74377e-06
2.57958e-06
3.61009e-06
4.81366e-06
6.159e-06
7.61059e-06
9.13265e-06
1.06918e-05
1.22593e-05
1.38137e-05
1.53489e-05
1.68907e-05
1.85302e-05
2.04767e-05
2.31365e-05
2.72273e-05
3.39734e-05
4.54467e-05
6.51115e-05
0.00010084
0.000168365
0.000300441
0.000562467
0.00107635
0.00206875
0.00388391
0.00746785
0.0142178
0.0269409
0.0482181
0.0718729
0.0951083
0.116716
0.136236
0.153536
0.168551
0.181674
0.193488
0.203361
0.211367
0.217592
0.222103
0.225054
0.226851
0.228289
0.229165
0.229595
0.229807
0.229909
0.229957
0.22998
0.229991
0.229996
0.229998
0.229999
0.23
0.23
0.23
0.23
0.23
0.23
0.23
0.23
0.23
0.23
0.23
0.23
0.23
0.23
0.23
0.23
0.23
0.23
1.90296e-17
1.25064e-16
4.14858e-16
1.23162e-15
3.57616e-15
1.02633e-14
2.93037e-14
8.32845e-14
2.35378e-13
6.60491e-13
1.83692e-12
5.05356e-12
1.3725e-11
3.67247e-11
9.66137e-11
2.49377e-10
6.30227e-10
1.55606e-09
3.74518e-09
8.76608e-09
1.99017e-08
4.36931e-08
9.24225e-08
1.87486e-07
3.59157e-07
6.4593e-07
1.08811e-06
1.71731e-06
2.54779e-06
3.5741e-06
4.77472e-06
6.11815e-06
7.56845e-06
9.08928e-06
1.06467e-05
1.2211e-05
1.37603e-05
1.52872e-05
1.68157e-05
1.84337e-05
2.03452e-05
2.29459e-05
2.69354e-05
3.35043e-05
4.46644e-05
6.37783e-05
9.82368e-05
0.000163425
0.00029092
0.000543153
0.00103793
0.00199436
0.003741
0.007187
0.0136833
0.0259234
0.0470525
0.0707213
0.0940473
0.115778
0.135432
0.152866
0.168011
0.181232
0.193147
0.203108
0.211191
0.217478
0.22204
0.225023
0.22684
0.228282
0.229164
0.229595
0.229807
0.229909
0.229958
0.22998
0.229991
0.229996
0.229998
0.229999
0.23
0.23
0.23
0.23
0.23
0.23
0.23
0.23
0.23
0.23
0.23
0.23
0.23
0.23
0.23
0.23
0.23
0.23
2.97846e-17
1.50529e-16
4.24792e-16
1.17983e-15
3.35256e-15
9.63849e-15
2.75365e-14
7.82496e-14
2.21099e-13
6.20403e-13
1.72588e-12
4.75079e-12
1.29144e-11
3.45976e-11
9.11565e-11
2.35719e-10
5.96964e-10
1.47745e-09
3.56544e-09
8.36987e-09
1.90629e-08
4.19958e-08
8.91578e-08
1.8156e-07
3.49447e-07
6.31235e-07
1.06762e-06
1.69087e-06
2.51599e-06
3.53799e-06
4.73551e-06
6.07683e-06
7.52554e-06
9.04468e-06
1.05995e-05
1.21597e-05
1.37021e-05
1.52184e-05
1.67306e-05
1.83236e-05
2.01956e-05
2.27317e-05
2.66121e-05
3.29917e-05
4.38193e-05
6.2352e-05
9.5473e-05
0.000158238
0.000281067
0.000523432
0.00099971
0.00192253
0.00361034
0.0067915
0.0130054
0.0246483
0.0455906
0.0692769
0.0927147
0.114598
0.134419
0.152019
0.167328
0.180677
0.192718
0.202791
0.21097
0.217337
0.221964
0.224992
0.226852
0.228245
0.229158
0.229596
0.229808
0.22991
0.229958
0.229981
0.229991
0.229996
0.229998
0.229999
0.23
0.23
0.23
0.23
0.23
0.23
0.23
0.23
0.23
0.23
0.23
0.23
0.23
0.23
0.23
0.23
0.23
0.23
2.69994e-17
1.48715e-16
4.90759e-16
1.1511e-15
3.09877e-15
8.89905e-15
2.54857e-14
7.24373e-14
2.04605e-13
5.74012e-13
1.59713e-12
4.39926e-12
1.19725e-11
3.2127e-11
8.48282e-11
2.19924e-10
5.58635e-10
1.38719e-09
3.35963e-09
7.91653e-09
1.81012e-08
4.00392e-08
8.53614e-08
1.74592e-07
3.37866e-07
6.13497e-07
1.04273e-06
1.65886e-06
2.47798e-06
3.49579e-06
4.69096e-06
6.03127e-06
7.47947e-06
8.99762e-06
1.055e-05
1.21051e-05
1.36388e-05
1.51415e-05
1.66337e-05
1.81973e-05
2.00249e-05
2.24907e-05
2.62529e-05
3.24267e-05
4.28885e-05
6.07721e-05
9.23791e-05
0.000152348
0.000269671
0.000499893
0.000952555
0.00182917
0.00343279
0.00644691
0.0123516
0.0234348
0.0439687
0.0675767
0.0910968
0.113139
0.133149
0.150951
0.166463
0.179975
0.192178
0.202399
0.210706
0.217177
0.221886
0.224967
0.226864
0.228219
0.229154
0.229597
0.22981
0.229911
0.229959
0.229981
0.229991
0.229996
0.229998
0.229999
0.23
0.23
0.23
0.23
0.23
0.23
0.23
0.23
0.23
0.23
0.23
0.23
0.23
0.23
0.23
0.23
0.23
0.23
2.18338e-17
1.42674e-16
4.95404e-16
1.1503e-15
2.90284e-15
8.10512e-15
2.31948e-14
6.59325e-14
1.86128e-13
5.21881e-13
1.4517e-12
3.99929e-12
1.08906e-11
2.92568e-11
7.73803e-11
2.01088e-10
5.1237e-10
1.27718e-09
3.10726e-09
7.35987e-09
1.69255e-08
3.76728e-08
8.08502e-08
1.66507e-07
3.24947e-07
5.94624e-07
1.01762e-06
1.62835e-06
2.44362e-06
3.45926e-06
4.65353e-06
5.99345e-06
7.44082e-06
8.95661e-06
1.05038e-05
1.20494e-05
1.35673e-05
1.50445e-05
1.65068e-05
1.80335e-05
1.98132e-05
2.22132e-05
2.58548e-05
3.18133e-05
4.18879e-05
5.90758e-05
8.90422e-05
0.000145947
0.000257159
0.000475234
0.000903739
0.00173457
0.00325735
0.00612035
0.0117353
0.0223119
0.0421934
0.065613
0.0891752
0.111373
0.131592
0.149627
0.165387
0.179075
0.191478
0.201881
0.210346
0.216949
0.221765
0.22492
0.226863
0.228198
0.229151
0.229601
0.229813
0.229913
0.22996
0.229982
0.229992
0.229996
0.229998
0.229999
0.23
0.23
0.23
0.23
0.23
0.23
0.23
0.23
0.23
0.23
0.23
0.23
0.23
0.23
0.23
0.23
0.23
0.23
2.02414e-17
1.31898e-16
4.33545e-16
1.19988e-15
2.69112e-15
7.24692e-15
2.07205e-14
5.89842e-14
1.66759e-13
4.68483e-13
1.30659e-12
3.61144e-12
9.87251e-12
2.66346e-11
7.07572e-11
1.84681e-10
4.72542e-10
1.18307e-09
2.89176e-09
6.88367e-09
1.59142e-08
3.56191e-08
7.6887e-08
1.59298e-07
3.13203e-07
5.77025e-07
9.93272e-07
1.59684e-06
2.40588e-06
3.41723e-06
4.60923e-06
5.94811e-06
7.3942e-06
8.9067e-06
1.04468e-05
1.19841e-05
1.34925e-05
1.49621e-05
1.64056e-05
1.78996e-05
1.96242e-05
2.19284e-05
2.54426e-05
3.11985e-05
4.09284e-05
5.74753e-05
8.59122e-05
0.000139949
0.000245413
0.00045222
0.000857952
0.00164558
0.00309182
0.00581645
0.0111621
0.0212488
0.040328
0.0634808
0.0870461
0.109385
0.129817
0.148102
0.164138
0.17805
0.190693
0.201323
0.20999
0.216755
0.221686
0.224907
0.22688
0.228195
0.229156
0.229607
0.229818
0.229916
0.229962
0.229983
0.229992
0.229996
0.229998
0.229999
0.23
0.23
0.23
0.23
0.23
0.23
0.23
0.23
0.23
0.23
0.23
0.23
0.23
0.23
0.23
0.23
0.23
0.23
1.69483e-17
1.10966e-16
3.76482e-16
1.13118e-15
2.48278e-15
6.28761e-15
1.75827e-14
4.96381e-14
1.39291e-13
3.88701e-13
1.0783e-12
2.96952e-12
8.10345e-12
2.18689e-11
5.82436e-11
1.52754e-10
3.93622e-10
9.9395e-10
2.45348e-09
5.90504e-09
1.38184e-08
3.13383e-08
6.86041e-08
1.44246e-07
2.88999e-07
5.41772e-07
9.47372e-07
1.54418e-06
2.35179e-06
3.36658e-06
4.56506e-06
5.9112e-06
7.36366e-06
8.88089e-06
1.04247e-05
1.1959e-05
1.34586e-05
1.49119e-05
1.63349e-05
1.78033e-05
1.94972e-05
2.17615e-05
2.51973e-05
3.08043e-05
4.02414e-05
5.63066e-05
8.36311e-05
0.000135586
0.00023685
0.000435369
0.000824013
0.00157882
0.00296989
0.00559081
0.0107314
0.0204386
0.0388506
0.061747
0.0852657
0.107668
0.128224
0.146669
0.162901
0.176987
0.189781
0.200616
0.209493
0.216453
0.221555
0.224885
0.226911
0.228201
0.22917
0.229621
0.229828
0.229922
0.229965
0.229984
0.229993
0.229997
0.229999
0.229999
0.23
0.23
0.23
0.23
0.23
0.23
0.23
0.23
0.23
0.23
0.23
0.23
0.23
0.23
0.23
0.23
0.23
0.23
)
;

boundaryField
{
    fuel
    {
        type            fixedValue;
        value           uniform 0;
    }
    air
    {
        type            fixedValue;
        value           uniform 0.23;
    }
    outlet
    {
        type            inletOutlet;
        inletValue      uniform 0;
        value           nonuniform List<scalar> 
200
(
1.69163e-17
1.10755e-16
3.75737e-16
1.12896e-15
2.47806e-15
6.27492e-15
1.75467e-14
4.95365e-14
1.39005e-13
3.87902e-13
1.07607e-12
2.96335e-12
8.08656e-12
2.18232e-11
5.81218e-11
1.52435e-10
3.92807e-10
9.9192e-10
2.44856e-09
5.89348e-09
1.37922e-08
3.12812e-08
6.84855e-08
1.44012e-07
2.88579e-07
5.41083e-07
9.46351e-07
1.54282e-06
2.35018e-06
3.36487e-06
4.56345e-06
5.90994e-06
7.36295e-06
8.88092e-06
1.04257e-05
1.19609e-05
1.34616e-05
1.4916e-05
1.63401e-05
1.78094e-05
1.95037e-05
2.1768e-05
2.52029e-05
3.08074e-05
4.02385e-05
5.62911e-05
8.35781e-05
0.000135455
0.000236544
0.000434682
0.000822471
0.0015755
0.00296352
0.00557771
0.0107046
0.0203854
0.03875
0.0616349
0.0851578
0.107571
0.128139
0.146597
0.162841
0.176937
0.189737
0.200581
0.209465
0.216431
0.221541
0.224876
0.226907
0.228198
0.229168
0.229621
0.229828
0.229922
0.229965
0.229984
0.229993
0.229997
0.229999
0.229999
0.23
0.23
0.23
0.23
0.23
0.23
0.23
0.23
0.23
0.23
0.23
0.23
0.23
0.23
0.23
0.23
0.23
0.23
1.69483e-17
1.10966e-16
3.76482e-16
1.13118e-15
2.48278e-15
6.28761e-15
1.75827e-14
4.96381e-14
1.39291e-13
3.88701e-13
1.0783e-12
2.96952e-12
8.10345e-12
2.18689e-11
5.82436e-11
1.52754e-10
3.93622e-10
9.9395e-10
2.45348e-09
5.90504e-09
1.38184e-08
3.13383e-08
6.86041e-08
1.44246e-07
2.88999e-07
5.41772e-07
9.47372e-07
1.54418e-06
2.35179e-06
3.36658e-06
4.56506e-06
5.9112e-06
7.36366e-06
8.88089e-06
1.04247e-05
1.1959e-05
1.34586e-05
1.49119e-05
1.63349e-05
1.78033e-05
1.94972e-05
2.17615e-05
2.51973e-05
3.08043e-05
4.02414e-05
5.63066e-05
8.36311e-05
0.000135586
0.00023685
0.000435369
0.000824013
0.00157882
0.00296989
0.00559081
0.0107314
0.0204386
0.0388506
0.061747
0.0852657
0.107668
0.128224
0.146669
0.162901
0.176987
0.189781
0.200616
0.209493
0.216453
0.221555
0.224885
0.226911
0.228201
0.22917
0.229621
0.229828
0.229922
0.229965
0.229984
0.229993
0.229997
0.229999
0.229999
0.23
0.23
0.23
0.23
0.23
0.23
0.23
0.23
0.23
0.23
0.23
0.23
0.23
0.23
0.23
0.23
0.23
0.23
)
;
    }
    frontAndBack
    {
        type            empty;
    }
}


// ************************************************************************* //
