/*--------------------------------*- C++ -*----------------------------------*\
  =========                 |
  \\      /  F ield         | OpenFOAM: The Open Source CFD Toolbox
   \\    /   O peration     | Website:  https://openfoam.org
    \\  /    A nd           | Version:  11
     \\/     M anipulation  |
\*---------------------------------------------------------------------------*/
FoamFile
{
    format      ascii;
    class       volScalarField;
    location    "0.1";
    object      Qdot;
}
// * * * * * * * * * * * * * * * * * * * * * * * * * * * * * * * * * * * * * //

dimensions      [1 -1 -3 0 0 0 0];

internalField   nonuniform List<scalar> 
4000
(
-1.66776e-06
3.64618e-19
1.66776e-06
0
0
0
0
5.38167e-25
5.48139e-19
-4.30534e-24
0
-1.66776e-06
0
0
1.66774e-06
1.6677e-06
-4.59132e-12
-1.6674e-06
-1.66694e-06
-1.66584e-06
0
0
1.64882e-06
1.63007e-06
1.59676e-06
0
1.10382e-08
-9.52369e-13
1.05254e-07
6.63162e-06
0.000240683
0.00613155
0.0996187
1.07395
8.10868
45.2256
195.291
678.386
1956.69
4838.09
10567.5
21037.8
39428.1
71384.7
126407
221050
482386
982310
1.97386e+06
3.92639e+06
7.6911e+06
1.48112e+07
2.78386e+07
5.21671e+07
1.00264e+08
1.92675e+08
1.28541e+08
6.11316e+07
2.82836e+07
1.25274e+07
5.2401e+06
2.04857e+06
761912
235128
27181.8
939.214
13.6321
0.106667
0.00071991
9.42025e-06
3.40257e-07
2.39666e-08
-2.93029e-09
-3.47486e-11
-6.82616e-12
-3.73106e-12
-1.3609e-12
-5.06504e-13
-1.89125e-13
-4.32455e-12
2.03777e-12
-3.57684e-12
-4.25819e-12
-1.20249e-15
-4.2537e-16
-1.4963e-16
-5.21488e-17
-1.81072e-17
4.25485e-12
4.25486e-12
-7.29615e-19
-2.46977e-19
4.25486e-12
-3.61978e-20
-1.61018e-20
-6.60609e-19
-1.65907e-21
-5.21384e-22
-2.06284e-20
-4.25486e-12
1.66776e-06
0
1.66776e-06
1.66776e-06
-1.66776e-06
0
-9.33422e-17
0
-1.66776e-06
-2.98695e-15
4.38511e-18
1.66776e-06
0
-1.66775e-06
1.66773e-06
0
0
0
-1.66673e-06
0
0
3.57006e-14
7.09361e-14
1.62639e-06
0
0
-1.09787e-08
-1.36897e-06
1.90515e-07
7.78179e-06
0.000267726
0.00650339
0.10252
1.0853
8.11522
45.0972
194.65
677.319
1958.83
4859.53
10652.5
21280.3
40054.5
72859.7
129643
231974
500245
1.02248e+06
2.05425e+06
4.10352e+06
8.01853e+06
1.54663e+07
2.89739e+07
5.42864e+07
1.04389e+08
1.99864e+08
1.22141e+08
5.79587e+07
2.67133e+07
1.17701e+07
4.89095e+06
1.89792e+06
703703
205601
21565.2
699.58
9.99156
0.0808557
0.000603985
8.94677e-06
3.68696e-07
1.08354e-08
-2.93674e-09
-4.07737e-11
-1.17825e-11
-8.27294e-12
-1.489e-12
-4.81456e-12
-2.12148e-13
-7.95675e-14
-2.94908e-14
-1.08194e-14
-4.25873e-12
4.25344e-12
-4.2983e-12
-4.25503e-12
-4.26029e-12
-2.10044e-17
4.25485e-12
-4.25486e-12
8.30654e-17
-2.80928e-19
-9.51961e-20
-3.69467e-20
4.25486e-12
-4.25486e-12
-1.76828e-21
-4.25486e-12
4.25486e-12
-3.8666e-21
-1.66776e-06
5.4738e-19
0
-1.66776e-06
-1.66776e-06
0
0
3.73369e-16
1.66776e-06
-1.66776e-06
0
0
0
1.66775e-06
-1.40321e-16
1.66768e-06
-1.66756e-06
1.22311e-11
0
0
-1.66242e-06
-1.6565e-06
-1.64447e-06
0
2.73764e-13
0
-1.4574e-06
9.34659e-13
1.45318e-06
7.87103e-06
0.000298117
0.00704862
0.108588
1.12973
8.34441
45.988
197.524
685.39
1982.12
4928.18
10847.7
21802.7
41235.5
75283.8
134245
247026
524530
1.07669e+06
2.16268e+06
4.33794e+06
8.45573e+06
1.63296e+07
3.05422e+07
5.71111e+07
1.09798e+08
2.08274e+08
1.13982e+08
5.39692e+07
2.47731e+07
1.08544e+07
4.47981e+06
1.72615e+06
639311
173684
17368.7
546.799
7.90258
0.0670616
0.000540239
8.63324e-06
3.72596e-07
2.409e-08
2.52435e-09
-4.14252e-11
-1.20689e-11
-4.17521e-12
-5.79631e-12
3.66477e-12
-4.47696e-12
-8.41036e-14
-3.14102e-14
-5.29809e-12
-4.21003e-15
-4.25635e-12
4.24189e-14
-1.89167e-16
-4.24955e-12
4.25484e-12
-7.86067e-18
-2.68413e-18
-9.10687e-19
-4.25486e-12
4.25488e-12
-3.75292e-20
-1.68507e-20
-5.73132e-21
-1.92951e-21
8.13201e-20
-1.72278e-22
4.25486e-12
0
1.66776e-06
1.66776e-06
-8.56467e-21
1.66776e-06
0
0
1.66776e-06
1.66776e-06
-4.48414e-15
1.66776e-06
-1.66776e-06
1.66776e-06
-1.66775e-06
0
-1.66767e-06
0
-1.66727e-06
3.52451e-20
-1.66522e-06
1.66227e-06
-5.83684e-10
1.64447e-06
2.28746e-09
-4.47079e-09
1.5297e-06
1.0916e-08
-1.36034e-06
2.2716e-07
1.02463e-05
0.000328254
0.00756885
0.11456
1.17657
8.61318
47.1981
202.094
700.733
2027.46
5047.66
11131.3
22414.5
42517.9
77864.3
139180
263065
550092
1.13305e+06
2.27725e+06
4.57737e+06
8.90439e+06
1.72047e+07
3.2127e+07
6.00825e+07
1.15535e+08
2.12756e+08
1.06954e+08
5.05281e+07
2.31048e+07
1.00722e+07
4.13199e+06
1.58269e+06
586088
147627
14267.4
434.199
6.23974
0.054074
0.000461031
7.90403e-06
3.72698e-07
2.42839e-08
-2.0361e-10
-3.74475e-11
-1.22228e-11
-2.6754e-10
-8.51813e-11
-4.85477e-12
4.02261e-12
5.41007e-12
4.2218e-12
-1.21282e-14
-4.42817e-15
4.25324e-12
-5.68523e-16
-2.00415e-16
-8.13118e-15
-2.4285e-17
-1.01597e-15
-2.85988e-18
1.24983e-16
-4.25486e-12
-1.08843e-19
-3.76125e-20
4.25486e-12
-4.25486e-12
4.25486e-12
-4.25486e-12
-4.25486e-12
-4.25486e-12
-1.66777e-06
0
0
0
1.75162e-17
-1.66777e-06
0
-1.66776e-06
-1.66776e-06
-1.66776e-06
-1.19478e-14
-1.66776e-06
1.66776e-06
1.66775e-06
1.66772e-06
-2.29574e-12
0
-2.24446e-15
0
0
0
0
0
1.62104e-06
-1.58334e-06
-8.26287e-18
-1.72582e-16
-1.35593e-06
2.26404e-07
1.05523e-05
0.000367353
0.00828045
0.122846
1.24235
8.99189
48.8783
208.159
719.361
2077.91
5171.87
11414.7
23025
43777.3
80355.7
143869
277993
573576
1.18398e+06
2.40444e+06
4.80108e+06
9.34695e+06
1.80557e+07
3.37102e+07
6.31413e+07
1.21422e+08
2.11571e+08
1.01503e+08
4.78468e+07
2.18036e+07
9.46345e+06
3.86252e+06
1.47209e+06
543694
132148
12083.4
361.734
5.21971
0.0463354
0.000414529
7.53266e-06
3.71586e-07
1.12803e-08
-2.92852e-09
-4.16812e-11
-8.06344e-12
-2.67575e-10
8.19897e-11
-4.86726e-12
-4.48943e-12
-8.96864e-14
-3.37658e-14
-1.25645e-14
-3.48237e-13
-1.65785e-15
-5.917e-16
4.25465e-12
-7.31106e-17
4.25483e-12
-4.25487e-12
-4.25486e-12
-1.26964e-16
-4.25486e-12
-4.25486e-12
-3.8195e-20
-4.25486e-12
-6.32422e-21
4.25486e-12
-4.25486e-12
-2.24936e-22
4.25486e-12
0
-5.4738e-19
0
0
-1.66777e-06
4.66711e-17
0
1.66777e-06
-1.66776e-06
-1.66776e-06
1.66776e-06
0
1.66776e-06
-1.66775e-06
1.66772e-06
1.66766e-06
0
0
-1.6665e-06
-9.77122e-11
1.95047e-10
1.65525e-06
0
0
0
-8.24744e-18
-2.03481e-16
-9.41861e-13
3.19852e-07
1.20829e-05
0.000405878
0.00899572
0.13138
1.31205
9.40408
50.7446
214.952
740.067
2132.69
5302.34
11702.1
23625.4
44986.7
82705.8
148225
291566
594661
1.22885e+06
2.51076e+06
4.98931e+06
9.72419e+06
1.87281e+07
3.49164e+07
6.67794e+07
1.27799e+08
2.03866e+08
9.74167e+07
4.58326e+07
2.08273e+07
9.00812e+06
3.66189e+06
1.3903e+06
511724
120602
10535.4
310.775
4.48395
0.0403627
0.000373701
7.0528e-06
3.85036e-07
1.68485e-08
-1.95012e-10
-4.56085e-11
-8.04096e-12
-5.60799e-14
-8.94595e-11
-6.20835e-13
-2.38657e-13
-9.12565e-14
-4.28897e-12
-1.27826e-14
-4.68993e-15
-1.70147e-15
-4.25546e-12
-2.14049e-16
-8.13612e-15
-4.25489e-12
-4.25487e-12
-4.25453e-12
4.25473e-12
-4.22996e-17
-4.25486e-12
-4.25486e-12
-1.36054e-20
6.50217e-19
-4.25486e-12
-8.0613e-22
-4.25486e-12
-3.33991e-23
0
-1.66777e-06
1.66777e-06
-1.66777e-06
1.66777e-06
-1.66777e-06
1.66777e-06
5.60517e-16
-1.49347e-15
1.66776e-06
0
-1.66776e-06
-1.43492e-13
0
1.66772e-06
1.66766e-06
0
1.83606e-11
0
0
-1.66153e-06
0
1.64186e-06
0
-2.72113e-13
-5.24057e-13
-2.18622e-16
-2.02627e-08
-9.2933e-07
1.37433e-05
0.000448942
0.00977485
0.140598
1.3869
9.84512
52.7333
222.137
761.692
2188.85
5433.06
11983.1
24201
46132.1
84922.7
152347
304368
614894
1.27244e+06
2.61362e+06
5.17902e+06
1.01133e+07
1.94505e+07
3.62911e+07
6.95488e+07
1.33185e+08
1.98322e+08
9.46501e+07
4.44393e+07
2.0141e+07
8.68439e+06
3.51818e+06
1.33144e+06
488543
112038
9429.87
274.76
3.96317
0.0360969
0.000343825
6.74391e-06
3.71516e-07
2.48318e-08
-1.93374e-10
-3.70484e-11
-8.04083e-12
2.63209e-10
-9.37071e-11
3.6297e-12
-2.4075e-13
-1.25995e-11
-4.28931e-12
-1.29571e-14
-4.76627e-15
-1.72329e-15
4.25423e-12
-4.25507e-12
-7.66894e-17
-2.65857e-17
-4.25588e-12
-3.11018e-18
4.25486e-12
4.25486e-12
4.25486e-12
-3.99424e-20
-1.35638e-20
4.25486e-12
-1.67987e-21
-4.25486e-12
3.05837e-20
-2.4704e-23
0
5.4738e-19
1.66777e-06
0
0
-6.99961e-17
0
0
0
1.66776e-06
1.79365e-14
-1.66776e-06
0
0
1.66772e-06
0
-6.11518e-12
-1.66716e-06
0
9.77002e-11
1.66164e-06
0
0
0
1.57742e-06
-8.2194e-18
-2.49352e-16
1.32532e-06
-9.27013e-07
1.43895e-05
0.00049295
0.0105726
0.150053
1.46379
10.2984
54.7734
229.471
783.552
2244.81
5560.83
12251.9
24739.4
47182.1
86919.5
156002
315495
632357
1.30968e+06
2.69953e+06
5.33769e+06
1.04329e+07
2.00367e+07
3.73896e+07
7.17142e+07
1.37402e+08
1.94119e+08
9.2571e+07
4.33982e+07
1.96299e+07
8.44379e+06
3.41155e+06
1.28795e+06
470868
105657
8626.68
248.621
3.57951
0.0328442
0.000319481
6.43054e-06
3.57937e-07
2.48715e-08
-1.86497e-10
-3.66975e-11
-7.9743e-12
-4.28585e-12
-1.61422e-12
-6.23619e-13
-4.49496e-12
-9.23032e-14
4.2196e-12
-1.30443e-14
3.38846e-13
4.25309e-12
-6.23058e-16
-2.20865e-16
-7.73711e-17
-2.7116e-15
-9.20274e-18
3.32453e-16
-4.25486e-12
-3.58816e-19
4.25486e-12
-4.25486e-12
-1.3439e-20
-4.55593e-21
4.25486e-12
-4.25486e-12
4.25486e-12
-2.20223e-23
0
0
0
0
-1.66777e-06
1.66777e-06
0
1.07633e-24
1.66776e-06
1.66776e-06
0
1.66776e-06
0
0
-1.66772e-06
-1.66765e-06
6.1174e-12
-2.24433e-15
0
0
0
1.65411e-06
1.11021e-18
-2.18724e-18
1.57578e-06
1.51599e-06
-1.43662e-06
-1.45226e-14
4.10795e-07
1.73059e-05
0.00053884
0.0113745
0.159497
1.54025
10.7476
56.7879
236.673
804.831
2298.56
5681.32
12499.4
25222
48097.8
88616.6
159038
324550
646335
1.34804e+06
2.76847e+06
5.46566e+06
1.06877e+07
2.04993e+07
3.82677e+07
7.34193e+07
1.40727e+08
1.90757e+08
9.09177e+07
4.25758e+07
1.92287e+07
8.25596e+06
3.32873e+06
1.25442e+06
457215
100778
8024.87
229.043
3.28933
0.0303354
0.00030008
6.13928e-06
3.49204e-07
1.96141e-08
-1.88306e-10
-3.63029e-11
-1.63579e-11
-4.26359e-12
-8.94524e-11
-6.23618e-13
-4.49496e-12
3.90652e-12
-3.50745e-14
-1.30879e-14
-4.8099e-15
-4.25659e-12
-6.25784e-16
-2.21547e-16
-4.24687e-12
-4.25757e-12
-9.26664e-18
-3.16344e-18
4.25486e-12
-4.25486e-12
-1.20493e-19
-4.01921e-20
-1.33974e-20
4.25486e-12
4.25486e-12
-4.82378e-22
4.25486e-12
3.82337e-21
0
1.66777e-06
0
0
0
-7.01332e-17
-1.86684e-16
0
1.66777e-06
0
0
0
1.43457e-13
1.66774e-06
1.10213e-21
1.66765e-06
0
-1.66712e-06
0
1.6646e-06
1.66101e-06
-1.65382e-06
1.64003e-06
-2.18599e-18
1.57437e-06
-8.19675e-18
1.41806e-06
1.31986e-06
1.64963e-06
1.90885e-05
0.00058237
0.0121685
0.168795
1.61516
11.1856
58.7412
243.606
825.11
2349.05
5792.27
12721.6
25643
48873.7
90016.9
161486
331750
657263
1.38038e+06
2.82449e+06
5.57123e+06
1.08981e+07
2.08823e+07
3.89977e+07
7.48001e+07
1.43412e+08
1.87941e+08
8.95437e+07
4.18981e+07
1.89008e+07
8.10366e+06
3.26202e+06
1.22752e+06
446618
96895.8
7561.75
214.046
3.06524
0.0283592
0.000284233
5.90977e-06
3.3528e-07
1.17001e-08
-1.8573e-10
-4.42935e-11
-1.20444e-11
-4.25248e-12
8.62352e-11
-6.20828e-13
-2.40749e-13
1.24152e-11
-4.28957e-12
-1.30879e-14
4.24999e-12
4.25308e-12
-6.25784e-16
-4.25508e-12
-7.7712e-17
2.65784e-15
-9.26664e-18
-3.15279e-18
-1.07046e-18
4.25486e-12
-1.2016e-19
5.20365e-18
1.9547e-18
-4.42071e-21
4.25486e-12
4.25486e-12
-1.32621e-22
4.25486e-12
0
0
2.18952e-18
0
0
1.66777e-06
1.86684e-16
1.66777e-06
-1.66777e-06
8.61067e-24
-1.79365e-14
0
-1.66776e-06
0
1.66771e-06
0
-1.66748e-06
1.66711e-06
0
-1.66463e-06
-2.92659e-10
1.65355e-06
-1.63953e-06
1.61429e-06
0
5.21174e-13
-1.43208e-06
2.00965e-08
1.73952e-06
1.9677e-05
0.000625661
0.0129348
0.177717
1.68667
11.6017
60.5877
250.117
843.975
2395.4
5892.25
12917.3
26004.3
49523.5
91166.6
163466
337553
669506
1.40641e+06
2.87012e+06
5.65729e+06
1.10685e+07
2.11909e+07
3.95823e+07
7.59236e+07
1.45604e+08
1.85599e+08
8.84033e+07
4.13375e+07
1.86308e+07
7.97877e+06
3.20757e+06
1.20564e+06
437875
93765.4
7196.81
202.282
2.88859
0.0267786
0.0002711
5.72391e-06
3.41362e-07
1.70308e-08
-1.87368e-10
-3.97512e-11
-7.73072e-12
-8.46008e-12
8.19953e-11
-6.19433e-13
4.01416e-12
-9.21286e-14
-3.48999e-14
-1.30443e-14
-4.8099e-15
-1.7451e-15
6.38604e-14
-2.21547e-16
-7.75415e-17
2.65792e-15
-9.24534e-18
3.32443e-16
-1.06513e-18
4.25486e-12
4.25486e-12
-3.96928e-20
-4.25486e-12
6.51091e-19
-1.43023e-21
-4.25486e-12
-2.06115e-20
4.25486e-12
0
0
-1.66777e-06
5.83389e-18
-1.66777e-06
7.01332e-17
-1.86684e-16
0
1.66777e-06
8.61067e-24
0
0
0
1.66774e-06
0
1.66764e-06
-1.66747e-06
0
0
0
0
1.65332e-06
0
1.61356e-06
-1.57197e-06
-8.17885e-18
-3.7165e-16
-1.92908e-14
5.01318e-07
2.12851e-05
0.000668015
0.0136633
0.186144
1.75383
11.9905
62.3031
256.123
861.213
2437.21
5980.9
13087
26309.6
50057.7
92084
164996
341926
680437
1.42728e+06
2.90756e+06
5.72818e+06
1.12087e+07
2.14443e+07
4.00625e+07
7.68483e+07
1.4741e+08
1.83638e+08
8.74505e+07
4.08705e+07
1.84066e+07
7.8755e+06
3.16272e+06
1.18771e+06
430629
91226.2
6905.42
192.915
2.74752
0.0255053
0.000260476
5.53409e-06
3.07034e-07
1.17591e-08
-1.80922e-10
-3.93572e-11
-1.18675e-11
2.59085e-10
-1.58914e-12
-4.86716e-12
-2.38656e-13
-9.19541e-14
4.21977e-12
-1.30007e-14
-4.78809e-15
-4.25657e-12
-6.23058e-16
4.25463e-12
-4.25494e-12
2.65792e-15
-9.22404e-18
-3.14214e-18
-4.25486e-12
-4.23049e-17
-1.18829e-19
-4.25486e-12
-4.25486e-12
-4.25486e-12
-2.47416e-19
-4.48572e-22
-1.25795e-22
-4.25486e-12
-1.66777e-06
0
0
-1.66777e-06
-1.66777e-06
-7.01332e-17
0
1.07633e-24
-1.09628e-18
-8.61068e-24
1.79365e-14
-4.77911e-14
0
1.66774e-06
-1.66771e-06
0
-9.18188e-12
0
4.88934e-11
0
0
-5.59351e-19
0
-2.18301e-18
-1.57098e-06
1.50938e-06
-4.1762e-16
2.00378e-08
5.56219e-07
2.4011e-05
0.000707283
0.0143401
0.193926
1.81555
12.346
63.8634
261.552
876.665
2474.26
6058.31
13232.5
26566.4
50498.9
92832.8
166239
345518
689425
1.44449e+06
2.93859e+06
5.78697e+06
1.13247e+07
2.16538e+07
4.04597e+07
7.76128e+07
1.48905e+08
1.81993e+08
8.66529e+07
4.04806e+07
1.82199e+07
7.78978e+06
3.12561e+06
1.17293e+06
424594
89152.8
6670.15
185.355
2.63314
0.0244618
0.000251487
5.40807e-06
2.92711e-07
1.7089e-08
-1.83077e-10
-3.48581e-11
-7.55364e-12
-2.67448e-10
2.67046e-12
3.63946e-12
-4.49147e-12
-8.3445e-12
-3.46382e-14
-1.29571e-14
-4.77718e-15
4.2531e-12
-6.21694e-16
-2.20184e-16
-4.25494e-12
-2.66709e-17
-9.16013e-18
-3.38716e-16
-1.05448e-18
-3.53491e-19
-1.1783e-19
4.25487e-12
-4.25486e-12
-4.25486e-12
-2.474e-19
-4.40771e-22
-2.06066e-20
3.82573e-21
-1.66777e-06
-1.66777e-06
-1.66777e-06
0
0
-6.85174e-20
-1.86684e-16
0
-2.24207e-15
8.61068e-24
0
1.66776e-06
-1.66776e-06
-3.82324e-13
0
0
-1.66747e-06
1.66708e-06
0
-1.66453e-06
2.92604e-10
-1.65294e-06
0
-2.18227e-18
1.57014e-06
1.50822e-06
-4.32652e-16
-2.20976e-14
1.86143e-06
2.54292e-05
0.000742016
0.014956
0.200963
1.87107
12.6643
65.2538
266.361
890.253
2506.55
6124.99
13356.2
26782
50866.6
93455.1
167274
348517
696876
1.45869e+06
2.96422e+06
5.83549e+06
1.14202e+07
2.18259e+07
4.07853e+07
7.82432e+07
1.5014e+08
1.80622e+08
8.59886e+07
4.01563e+07
1.8065e+07
7.71881e+06
3.09497e+06
1.16077e+06
419573
87457.3
6478.97
179.195
2.53929
0.0235988
0.000244077
5.28851e-06
3.08438e-07
1.71108e-08
-1.77317e-10
-3.87446e-11
-1.59382e-11
8.86419e-14
-1.57521e-12
-4.86159e-12
4.01695e-12
4.16334e-12
4.22003e-12
-1.29134e-14
3.3889e-13
-4.25656e-12
-6.18968e-16
-2.19502e-16
7.98427e-15
-2.71135e-15
-9.11753e-18
-4.25453e-12
-1.04915e-18
4.15966e-17
-4.25485e-12
-3.90271e-20
-4.25486e-12
-4.24388e-21
4.25486e-12
-4.3687e-22
-4.25486e-12
-1.77966e-23
0
0
-1.66777e-06
-1.68177e-26
0
1.66777e-06
1.86684e-16
0
1.66777e-06
-5.9739e-15
0
1.75403e-17
0
-3.82324e-13
0
-5.6125e-16
1.66746e-06
0
0
-1.66434e-06
0
5.59242e-19
1.10856e-18
0
1.56942e-06
-8.15982e-18
-1.42586e-06
1.9994e-08
5.91882e-07
2.56478e-05
0.000773299
0.0155
0.207154
1.91972
12.9421
66.4618
270.519
901.929
2534.09
6181.38
13459.9
26961.5
51171.4
93970.4
168131
351000
703007
1.47034e+06
2.98527e+06
5.8754e+06
1.14988e+07
2.19676e+07
4.10543e+07
7.87597e+07
1.51151e+08
1.79487e+08
8.54399e+07
3.9889e+07
1.79376e+07
7.66052e+06
3.06985e+06
1.15083e+06
415427
86082.6
6325.16
174.241
2.46362
0.0228984
0.000237952
5.17628e-06
3.03928e-07
1.71302e-08
-1.75944e-10
-3.8526e-11
-1.16464e-11
-4.13021e-12
8.20272e-11
-6.0688e-13
-2.35167e-13
-8.3438e-12
-3.43765e-14
-1.28698e-14
-4.73355e-15
-1.71783e-15
-6.51038e-14
-2.1882e-16
-8.13748e-15
-2.64153e-17
4.25485e-12
-4.25486e-12
4.25486e-12
-4.25486e-12
4.25485e-12
-4.25486e-12
-1.28149e-20
-4.25486e-12
-1.37042e-21
-4.3167e-22
4.25486e-12
-1.75935e-23
0
0
-4.28234e-21
-1.66777e-06
1.66777e-06
-1.34542e-25
1.86684e-16
-1.66777e-06
-1.66777e-06
0
1.66776e-06
-4.77911e-14
0
0
0
3.0584e-12
1.66747e-06
0
0
-1.46632e-10
0
0
1.6379e-06
-1.61152e-06
0
5.1914e-13
-4.78263e-16
1.32971e-06
6.83753e-07
2.78796e-05
0.000800878
0.0159651
0.212426
1.96098
13.1769
67.4792
274.007
911.674
2556.94
6227.88
13545
27108
51419.4
94388.9
168825
353008
707930
1.47966e+06
3.0021e+06
5.91042e+06
1.15614e+07
2.20799e+07
4.12666e+07
7.91738e+07
1.51963e+08
1.78572e+08
8.4997e+07
3.96733e+07
1.78348e+07
7.61359e+06
3.04965e+06
1.14286e+06
412066
84988.6
6203.98
170.358
2.40441
0.0223472
0.000232972
5.10035e-06
3.04404e-07
1.71481e-08
-1.78787e-10
-3.41138e-11
-7.35441e-12
2.59183e-10
-1.56128e-12
-6.04091e-13
4.01835e-12
-9.03838e-14
4.22038e-12
-4.26756e-12
-4.71174e-15
-1.71783e-15
4.31872e-12
4.25464e-12
-4.25493e-12
4.25752e-12
9.98589e-16
-3.07823e-18
-4.25486e-12
4.25486e-12
-1.16166e-19
-3.8611e-20
-1.98074e-18
-4.18147e-21
-1.36522e-21
-4.29069e-22
2.03635e-20
-1.73903e-23
-9.11545e-20
-1.66777e-06
0
0
0
0
1.86684e-16
-1.07633e-24
1.66777e-06
-5.9739e-15
0
1.75404e-17
1.66776e-06
-3.82324e-13
0
-1.66763e-06
1.12238e-15
-1.66706e-06
4.88916e-11
1.4663e-10
0
0
0
-1.61122e-06
0
-8.15189e-18
1.42406e-06
-2.52511e-14
1.91184e-06
2.76804e-05
0.000823106
0.0163456
0.216717
1.99446
13.3668
68.2995
276.809
919.475
2575.17
6264.79
13612.2
27223.4
51614.4
94717.4
169369
354576
711749
1.48687e+06
3.01513e+06
5.93835e+06
1.16105e+07
2.21687e+07
4.14353e+07
7.94973e+07
1.52596e+08
1.7785e+08
8.46485e+07
3.95039e+07
1.77543e+07
7.57684e+06
3.03386e+06
1.13664e+06
409421
84142.1
6111.06
167.392
2.3591
0.0219187
0.00022903
5.03268e-06
3.04849e-07
1.71705e-08
-1.73198e-10
-3.80889e-11
-1.15359e-11
-8.32693e-12
-1.55571e-12
-6.02697e-13
-2.33772e-13
-4.34411e-12
-4.28879e-12
-4.26752e-12
-4.60316e-12
-4.25654e-12
4.25424e-12
-4.25507e-12
4.24672e-12
-4.25757e-12
4.25485e-12
-3.05693e-18
-1.03318e-18
4.16019e-17
-4.25486e-12
-3.83614e-20
4.25486e-12
4.25486e-12
-1.35222e-21
4.25486e-12
-1.18644e-22
-1.72684e-23
-1.66777e-06
0
4.28234e-21
8.75808e-18
-1.66777e-06
-1.66777e-06
0
1.66777e-06
2.24097e-15
-1.66776e-06
0
1.66776e-06
1.66776e-06
3.82324e-13
1.66771e-06
1.66763e-06
1.66745e-06
-1.66705e-06
1.66617e-06
1.46629e-10
-1.66034e-06
0
0
0
0
1.50528e-06
-4.93208e-16
-1.32818e-06
7.19798e-07
2.94759e-05
0.000839534
0.0166348
0.219978
2.01985
13.5105
68.9186
278.919
925.331
2588.8
6292.32
13662.1
27309
51758.7
94959.8
169769
355722
714523
1.49208e+06
3.02452e+06
5.95836e+06
1.16465e+07
2.22337e+07
4.15586e+07
7.97352e+07
1.53063e+08
1.77319e+08
8.43919e+07
3.93791e+07
1.76948e+07
7.54972e+06
3.0222e+06
1.13205e+06
407454
83518.6
6042.67
165.201
2.32549
0.0216005
0.000225996
4.972e-06
2.95071e-07
1.18712e-08
-1.72427e-10
-4.21077e-11
-1.15139e-11
-8.31585e-12
-1.55014e-12
-4.85185e-12
-2.33772e-13
-8.34311e-12
-3.41147e-14
-1.27389e-14
4.25011e-12
4.25313e-12
-6.50997e-14
-2.16094e-16
7.9853e-15
2.6586e-15
-4.25487e-12
4.25486e-12
-1.03052e-18
4.16039e-17
-1.58592e-17
-4.25486e-12
-1.26068e-20
-4.25486e-12
-1.34702e-21
-4.23868e-22
-4.25486e-12
-4.25486e-12
2.62777e-28
0
0
8.75808e-18
0
0
-1.66777e-06
0
1.09628e-18
-1.66776e-06
-1.66776e-06
-4.77911e-14
0
5.51076e-22
0
-3.05895e-12
0
0
0
-1.46628e-10
0
-1.65245e-06
1.63749e-06
0
-1.56778e-06
1.50496e-06
1.42308e-06
-2.63807e-14
2.00241e-06
2.88788e-05
0.000851035
0.0168281
0.222163
2.03683
13.6065
69.3315
280.323
929.222
2597.84
6310.55
13695.2
27365.5
51853.8
95119.3
170031
356474
716336
1.49548e+06
3.03067e+06
5.97145e+06
1.16701e+07
2.22764e+07
4.16396e+07
7.98926e+07
1.53372e+08
1.76969e+08
8.42226e+07
3.92967e+07
1.76556e+07
7.53183e+06
3.01451e+06
1.12902e+06
406147
83106
5997.41
163.752
2.30325
0.0213902
0.000224024
4.92852e-06
2.80162e-07
1.18751e-08
-1.6761e-10
-3.77825e-11
-1.14696e-11
-2.6737e-10
9.05448e-11
-4.85186e-12
-2.33074e-13
3.90931e-12
4.22056e-12
-4.26743e-12
-3.91584e-12
-1.70147e-15
-6.09424e-16
-2.16094e-16
-4.263e-12
2.65869e-15
-8.96841e-18
-3.05693e-18
-4.25499e-12
-3.44836e-19
-1.14835e-19
-3.81117e-20
4.25486e-12
4.25486e-12
-2.4734e-19
4.25486e-12
-1.17669e-22
2.54328e-21
0
0
0
-1.68177e-26
-1.66777e-06
1.66777e-06
-1.66777e-06
1.07633e-24
1.09628e-18
0
-1.66776e-06
1.66776e-06
-1.66776e-06
-5.51076e-22
-1.66771e-06
0
8.81568e-21
-1.66705e-06
0
0
0
1.65243e-06
1.63745e-06
0
1.56767e-06
-1.50481e-06
-5.23824e-16
1.32755e-06
7.74789e-07
2.90778e-05
0.000855894
0.0169214
0.223211
2.04501
13.6528
69.5312
281.004
931.111
2602.24
6319.42
13711.3
27393
51900.3
95197.2
170160
356844
717232
1.49717e+06
3.03373e+06
5.978e+06
1.16819e+07
2.2298e+07
4.16808e+07
7.99723e+07
1.53529e+08
1.7679e+08
8.41356e+07
3.92542e+07
1.76354e+07
7.52255e+06
3.01051e+06
1.12744e+06
405464
82895.5
5974.76
163.035
2.29238
0.021288
0.000223066
4.93066e-06
2.95398e-07
1.71876e-08
-1.71224e-10
-3.76949e-11
-1.14475e-11
2.59233e-10
-1.54178e-12
-5.98513e-13
-2.32376e-13
-8.34276e-12
-3.39402e-14
-1.27389e-14
4.25012e-12
-1.69602e-15
-6.09424e-16
-2.15412e-16
-4.25493e-12
2.65869e-15
9.98674e-16
-3.04628e-18
4.25486e-12
-4.22943e-17
-1.14835e-19
-3.80285e-20
1.95549e-18
-4.12947e-21
-2.47343e-19
-4.21268e-22
-1.17344e-22
-2.57746e-21
1.66777e-06
0
-1.66777e-06
1.66777e-06
-1.66777e-06
-1.66777e-06
0
0
-1.66777e-06
1.66776e-06
0
-1.66776e-06
1.66776e-06
5.51076e-22
1.66771e-06
1.66763e-06
1.66745e-06
0
1.66616e-06
0
-2.80893e-19
1.65243e-06
1.10811e-18
2.1801e-18
-1.56767e-06
-1.62935e-17
1.42289e-06
-1.32755e-06
7.19424e-07
2.91116e-05
0.000856046
0.0169241
0.223239
2.04521
13.6539
69.5356
281.018
931.148
2602.32
6319.59
13711.6
27393.6
51901.4
95199.6
170164
356858
717270
1.49725e+06
3.03388e+06
5.97835e+06
1.16826e+07
2.22992e+07
4.16832e+07
7.9977e+07
1.53538e+08
1.76779e+08
8.41305e+07
3.92516e+07
1.76341e+07
7.52194e+06
3.01023e+06
1.12733e+06
405412
82877.8
5972.64
162.959
2.29103
0.021273
0.000222912
4.93108e-06
2.95424e-07
1.18848e-08
-1.71225e-10
-3.7695e-11
-7.22167e-12
-8.30478e-12
-1.54178e-12
-5.98513e-13
-2.33074e-13
8.16374e-12
-3.39402e-14
-1.26953e-14
-4.67902e-15
-1.70147e-15
4.31873e-12
4.25464e-12
-7.53261e-17
-4.25489e-12
9.98674e-16
-4.25453e-12
-1.02519e-18
-4.22943e-17
-1.14835e-19
4.25486e-12
-1.25236e-20
-4.25486e-12
4.25486e-12
-4.21268e-22
-1.17344e-22
-4.25486e-12
0
-1.66777e-06
1.66777e-06
8.75808e-18
-1.66777e-06
1.66777e-06
0
0
1.66777e-06
0
0
-4.77911e-14
0
-5.51076e-22
1.66771e-06
-5.61249e-16
1.66745e-06
0
-1.66616e-06
1.66426e-06
1.66032e-06
1.65245e-06
1.63749e-06
2.18019e-18
-1.56777e-06
-1.6295e-17
-1.43911e-06
-2.64091e-14
7.74905e-07
2.88274e-05
0.00085146
0.0168361
0.222241
2.0374
13.6095
69.3438
280.363
929.326
2598.08
6311.01
13696
27367
51856.7
95124.7
170042
356508
716432
1.49569e+06
3.03108e+06
5.97242e+06
1.1672e+07
2.22801e+07
4.16471e+07
7.99075e+07
1.53402e+08
1.76934e+08
8.42045e+07
3.92873e+07
1.76509e+07
7.52952e+06
3.01346e+06
1.12858e+06
405948
83046
5990.91
163.53
2.29949
0.0213494
0.000223597
4.90101e-06
2.80213e-07
1.7189e-08
-1.71482e-10
-3.77827e-11
-1.14696e-11
-2.6313e-10
2.70397e-12
-5.99908e-13
4.02045e-12
8.16392e-12
-3.40275e-14
4.242e-12
-4.25948e-12
-1.70147e-15
-6.5097e-14
-4.25507e-12
4.26284e-12
-2.60744e-17
-1.01657e-15
4.25486e-12
1.24925e-16
4.25486e-12
-1.14835e-19
-4.25486e-12
-1.25652e-20
-4.12947e-21
-4.25486e-12
-4.25486e-12
4.25486e-12
-1.71059e-23
-1.66777e-06
0
-4.28234e-21
1.66777e-06
0
-1.66777e-06
-1.66777e-06
0
0
0
0
1.75404e-17
0
5.51076e-22
0
0
-1.12238e-15
0
-4.88913e-11
0
1.66034e-06
-5.59143e-19
-1.63758e-06
-2.18038e-18
-4.24439e-18
-1.62983e-17
-4.93198e-16
-1.9954e-08
1.91077e-06
2.84464e-05
0.00084042
0.0166476
0.220111
2.02083
13.5157
68.9394
278.985
925.504
2589.19
6293.09
13663.6
27311.6
51763.6
94969.2
169787
355781
714683
1.49242e+06
3.0252e+06
5.95995e+06
1.16496e+07
2.22396e+07
4.15705e+07
7.97595e+07
1.53112e+08
1.77263e+08
8.43628e+07
3.9364e+07
1.76872e+07
7.54602e+06
3.02051e+06
1.13134e+06
407134
83420.8
6032.07
164.847
2.31966
0.0215402
0.000225363
4.94481e-06
2.80019e-07
1.71813e-08
-1.76213e-10
-3.36761e-11
-1.14917e-11
-8.32699e-12
-5.7931e-12
-6.01302e-13
4.02045e-12
-8.96859e-14
-4.28861e-12
-4.26752e-12
-4.68992e-15
-1.70693e-15
-6.10787e-16
4.25464e-12
-4.24687e-12
-2.62448e-17
-1.01661e-15
4.25452e-12
-4.25486e-12
4.25482e-12
-1.15167e-19
-4.25486e-12
4.25486e-12
-4.25486e-12
-1.34702e-21
-4.23868e-22
-1.17669e-22
4.25486e-12
-9.11545e-20
0
-1.66777e-06
-8.75808e-18
0
6.85172e-20
0
0
1.66777e-06
5.9739e-15
1.66776e-06
-1.66776e-06
0
-5.51076e-22
0
-5.6125e-16
0
0
1.66622e-06
-1.66429e-06
-1.66038e-06
0
1.10828e-18
2.18068e-18
1.56833e-06
-8.15172e-18
-4.93401e-16
-1.32879e-06
6.64737e-07
2.77304e-05
0.000823193
0.0163623
0.216898
1.99581
13.374
68.3285
276.902
919.719
2575.71
6265.88
13614.2
27227
51621.2
94730.5
169394
354659
711979
1.48736e+06
3.0161e+06
5.94061e+06
1.16149e+07
2.21771e+07
4.1452e+07
7.95308e+07
1.52664e+08
1.77773e+08
8.46087e+07
3.94832e+07
1.77438e+07
7.57175e+06
3.03153e+06
1.13565e+06
408983
84009.7
6097.03
166.935
2.35186
0.0218474
0.000228291
5.03411e-06
2.94853e-07
1.1859e-08
-1.7294e-10
-3.8001e-11
-1.15137e-11
1.44308e-13
-5.79587e-12
-6.02697e-13
-4.4873e-12
-8.34311e-12
4.22038e-12
-4.26747e-12
3.38944e-13
-1.70693e-15
-6.12151e-16
-2.16775e-16
-7.58373e-17
-2.71101e-15
-4.25487e-12
-3.05693e-18
-1.03318e-18
-3.46168e-19
4.25485e-12
-3.82782e-20
-1.26484e-20
-4.16067e-21
4.25486e-12
-4.25169e-22
-1.18319e-22
-1.72278e-23
2.62777e-28
1.66777e-06
1.66777e-06
-1.66777e-06
1.66777e-06
0
1.66777e-06
-1.07633e-24
-2.24097e-15
0
-1.66776e-06
-1.66776e-06
-1.66776e-06
-3.82324e-13
-1.66771e-06
3.05896e-12
-9.18182e-12
-1.66706e-06
0
1.66431e-06
1.66042e-06
0
1.1084e-18
1.6115e-06
0
1.50637e-06
-1.42481e-06
-2.44173e-14
7.20662e-07
2.67973e-05
0.000801272
0.0159864
0.212655
1.96268
13.186
67.516
274.125
911.983
2557.63
6229.24
13547.4
27112.5
51427.7
94404.9
168856
353112
708224
1.48029e+06
3.00337e+06
5.91341e+06
1.1567e+07
2.20909e+07
4.1289e+07
7.92164e+07
1.52048e+08
1.78474e+08
8.49462e+07
3.96469e+07
1.78215e+07
7.6071e+06
3.04668e+06
1.1416e+06
411512
84821.1
6186.42
169.794
2.39562
0.0222624
0.000232185
5.07336e-06
2.94405e-07
1.71507e-08
-1.74399e-10
-3.82636e-11
-7.35443e-12
-2.7164e-10
-8.94042e-11
-6.04091e-13
4.01905e-12
8.16286e-12
-3.42892e-14
-1.27826e-14
-4.71174e-15
-1.71238e-15
-6.13514e-16
4.25464e-12
-7.60078e-17
2.65843e-15
-4.25487e-12
4.25519e-12
-1.03584e-18
-4.2549e-12
-1.16166e-19
-4.25486e-12
-4.25486e-12
-4.19188e-21
-4.25486e-12
4.25486e-12
-2.06027e-20
-1.73497e-23
0
-1.66777e-06
-1.66777e-06
-8.75808e-18
1.66777e-06
0
0
0
-1.66777e-06
-8.61068e-24
-1.66776e-06
-1.66776e-06
1.66776e-06
-1.66774e-06
1.66771e-06
-3.05896e-12
-1.12239e-15
0
1.6662e-06
0
0
0
1.63811e-06
-1.61189e-06
1.56938e-06
-1.63191e-17
-4.63142e-16
-2.33855e-14
6.28823e-07
2.56974e-05
0.000774888
0.0155242
0.207424
1.92173
12.9529
66.5057
270.66
902.299
2534.91
6182.99
13462.9
26966.7
51180.9
93988.2
168165
351116
703336
1.47104e+06
2.98666e+06
5.87824e+06
1.15048e+07
2.19788e+07
4.10764e+07
7.88094e+07
1.51252e+08
1.79376e+08
8.53811e+07
3.9858e+07
1.79217e+07
7.65276e+06
3.06628e+06
1.14932e+06
414760
85879
6303.8
173.558
2.45303
0.0227973
0.000236999
5.15902e-06
3.14075e-07
1.71374e-08
-1.75686e-10
-3.84382e-11
-1.16242e-11
-4.11908e-12
-1.56407e-12
-6.06881e-13
4.01835e-12
-8.34398e-12
4.22029e-12
4.24186e-12
-4.73355e-15
4.25312e-12
-4.25547e-12
-4.25507e-12
-7.61782e-17
-2.65005e-17
-9.07492e-18
-3.07823e-18
-1.04117e-18
-4.22983e-17
-1.16499e-19
-4.25486e-12
-1.28149e-20
-4.21268e-21
-1.37302e-21
-4.3297e-22
-1.20594e-22
-1.75528e-23
0
1.66777e-06
1.66777e-06
1.66777e-06
1.66777e-06
1.66777e-06
1.86684e-16
0
-1.66777e-06
-8.61068e-24
0
4.77911e-14
0
0
0
-5.61251e-16
0
0
1.66622e-06
-1.46638e-10
0
5.5929e-19
1.63838e-06
1.61235e-06
-4.2501e-18
-1.63298e-17
-1.41092e-06
-1.33207e-06
5.92487e-07
2.54787e-05
0.000743821
0.0149838
0.201269
1.87336
12.6767
65.3041
266.523
890.676
2507.49
6126.83
13359.6
26788
50877.4
93475.6
167313
348654
697273
1.45956e+06
2.96596e+06
5.83912e+06
1.1428e+07
2.18411e+07
4.08162e+07
7.83034e+07
1.50261e+08
1.80482e+08
8.59161e+07
4.01186e+07
1.80458e+07
7.70946e+06
3.09068e+06
1.15895e+06
418781
87214.4
6453.43
178.377
2.52663
0.0234783
0.000242953
5.26203e-06
3.28667e-07
1.18105e-08
-1.7293e-10
-3.87449e-11
-1.59161e-11
-4.14131e-12
8.62727e-11
-6.0967e-13
-2.35865e-13
-9.09072e-14
-3.44637e-14
-1.29134e-14
-3.4839e-13
4.25311e-12
-4.31995e-12
-4.25508e-12
4.25478e-12
2.65818e-15
-4.25487e-12
-3.09953e-18
-4.25486e-12
4.25482e-12
1.56269e-17
5.20482e-18
-1.28981e-20
-4.23348e-21
2.44613e-19
-4.3687e-22
4.25486e-12
-1.77966e-23
0
0
-1.66777e-06
-1.66777e-06
-1.66777e-06
1.66777e-06
0
1.07633e-24
2.24207e-15
0
-1.66776e-06
0
1.66776e-06
0
0
1.66764e-06
-9.18188e-12
0
0
-1.66428e-06
0
1.6531e-06
-1.63871e-06
2.18297e-18
0
-1.63424e-17
-1.42844e-06
-2.00365e-08
1.82661e-06
2.41628e-05
0.000708293
0.0143718
0.194266
1.81809
12.3597
63.9195
261.732
877.138
2475.32
6060.39
13236.3
26573.1
50511.2
92856
166284
345673
689878
1.44547e+06
2.94057e+06
5.79109e+06
1.13335e+07
2.16708e+07
4.04938e+07
7.7682e+07
1.49045e+08
1.81829e+08
8.6568e+07
4.04363e+07
1.81974e+07
7.77883e+06
3.12059e+06
1.1708e+06
423675
88867.8
6639.95
184.385
2.6181
0.0243189
0.00025023
5.36296e-06
3.0289e-07
1.17904e-08
-1.8282e-10
-3.89635e-11
-1.17569e-11
-4.16355e-12
-8.51688e-11
-6.12459e-13
-2.3726e-13
-9.10817e-14
-3.46382e-14
-1.29571e-14
4.25004e-12
-1.73419e-15
-6.20331e-16
-2.20184e-16
-7.70303e-17
-2.66709e-17
-9.13883e-18
-4.2552e-12
4.25486e-12
-3.53491e-19
4.25486e-12
-4.25486e-12
4.25486e-12
4.25486e-12
4.25486e-12
-4.25486e-12
4.25486e-12
4.25486e-12
0
-1.66777e-06
1.66777e-06
1.66777e-06
0
7.00647e-17
0
0
1.66777e-06
0
1.66776e-06
4.77911e-14
1.66776e-06
1.66774e-06
0
1.66764e-06
0
0
-4.88941e-11
-1.66447e-06
-1.66075e-06
5.59417e-19
-1.63908e-06
1.61353e-06
1.57192e-06
1.51067e-06
1.61276e-08
-2.00638e-08
1.77358e-06
2.14029e-05
0.000668991
0.0136965
0.186509
1.75659
12.0054
62.3642
256.32
861.73
2438.36
5983.18
13091.2
26317.2
50071.4
92109.7
165044
342098
680948
1.4284e+06
2.90982e+06
5.73286e+06
1.12187e+07
2.14637e+07
4.01018e+07
7.6927e+07
1.47569e+08
1.8345e+08
8.73533e+07
4.08198e+07
1.83808e+07
7.86293e+06
3.15695e+06
1.18525e+06
429580
90896.4
6870.1
191.774
2.72976
0.0253363
0.000258924
5.53687e-06
3.27282e-07
1.70622e-08
-1.80578e-10
-3.51207e-11
-1.18232e-11
-4.18577e-12
-1.58357e-12
-6.13854e-13
-2.37958e-13
-9.14306e-14
2.71429e-12
-4.26773e-12
3.90637e-12
-4.25657e-12
-6.21694e-16
-2.20184e-16
-4.25494e-12
-4.2522e-12
-9.18143e-18
4.25452e-12
4.25486e-12
-4.23056e-17
-1.18829e-19
4.25486e-12
-4.25486e-12
-4.25486e-12
4.25486e-12
-4.47272e-22
-1.2547e-22
4.25486e-12
0
0
-4.28234e-21
5.83389e-18
0
0
0
0
0
8.61067e-24
1.79365e-14
0
1.66776e-06
-3.82325e-13
1.66771e-06
0
9.18194e-12
1.66711e-06
-1.66629e-06
0
0
-1.65354e-06
1.1095e-18
0
0
1.51221e-06
-1.43198e-06
-1.77841e-14
4.64938e-07
2.08487e-05
0.000627907
0.0129697
0.178105
1.68961
11.6177
60.6534
250.329
844.531
2396.64
5894.72
12921.9
26012.7
49539.3
91196.2
163522
337745
670080
1.40767e+06
2.87262e+06
5.66247e+06
1.10796e+07
2.12125e+07
3.96259e+07
7.60116e+07
1.45781e+08
1.85388e+08
8.82938e+07
4.12803e+07
1.86016e+07
7.96454e+06
3.20103e+06
1.20285e+06
436692
93389
7156.11
200.963
2.86803
0.0265822
0.000269396
5.67968e-06
3.26422e-07
1.70325e-08
-1.82638e-10
-4.38122e-11
-1.19338e-11
-4.208e-12
-8.94361e-11
-6.18038e-13
-2.39353e-13
4.16247e-12
-3.48127e-14
-1.30007e-14
-4.78809e-15
-1.73965e-15
-6.23058e-16
-4.25508e-12
4.25478e-12
4.25752e-12
-9.22404e-18
3.32453e-16
-1.06247e-18
4.25482e-12
-1.19162e-19
4.25486e-12
-1.31477e-20
6.51102e-19
4.25486e-12
-4.55073e-22
4.25486e-12
-1.87311e-23
0
0
-2.18952e-18
5.83389e-18
-1.66777e-06
0
1.66777e-06
0
0
-1.66776e-06
1.79365e-14
1.66776e-06
1.66776e-06
0
0
0
-1.66749e-06
0
0
9.76906e-11
1.66101e-06
0
-1.64001e-06
-1.61509e-06
0
5.21753e-13
1.43412e-06
-1.33987e-06
4.47142e-07
1.80136e-05
0.000584555
0.0122051
0.169201
1.61827
11.2026
58.811
243.831
825.699
2350.36
5794.88
12726.5
25652.2
48891.6
90052
161554
331995
657684
1.38182e+06
2.82729e+06
5.57702e+06
1.09105e+07
2.09064e+07
3.90462e+07
7.48979e+07
1.43609e+08
1.87706e+08
8.94215e+07
4.18341e+07
1.88682e+07
8.08771e+06
3.25468e+06
1.22438e+06
445300
96471
7515.68
212.562
3.04213
0.0281336
0.000282063
5.8671e-06
3.35541e-07
2.49633e-08
-1.80658e-10
-3.57775e-11
-7.775e-12
-2.67508e-10
-1.60307e-12
-4.87134e-12
-4.49356e-12
-9.19541e-14
4.21968e-12
-1.30443e-14
3.38846e-13
-4.25658e-12
6.38618e-14
-2.21547e-16
-7.75415e-17
-2.69265e-17
-4.25487e-12
-3.14214e-18
-1.06513e-18
4.15913e-17
-4.25486e-12
5.20382e-18
4.25486e-12
-4.25486e-12
-1.45623e-21
-4.65475e-22
-4.25486e-12
-4.25486e-12
0
0
-1.66777e-06
-1.66777e-06
-1.66777e-06
0
-1.66777e-06
0
1.49347e-15
0
1.79365e-14
0
1.43457e-13
0
1.66772e-06
0
1.66749e-06
2.24432e-15
0
0
1.66116e-06
0
1.64054e-06
1.61601e-06
0
5.2242e-13
-1.61998e-08
-1.45794e-14
1.70894e-06
1.73899e-05
0.000541123
0.0114119
0.159919
1.5435
10.7655
56.8614
236.909
805.446
2299.91
5683.96
12504.3
25231.2
48115.9
88653.4
159113
324826
646810
1.3497e+06
2.77164e+06
5.47216e+06
1.07017e+07
2.05263e+07
3.83223e+07
7.3528e+07
1.40946e+08
1.90497e+08
9.07818e+07
4.25046e+07
1.91923e+07
8.23818e+06
3.32054e+06
1.25093e+06
455800
100305
7971.73
227.309
3.26217
0.0300709
0.000297537
6.09728e-06
3.4949e-07
1.6975e-08
-1.91402e-10
-4.03201e-11
-1.20665e-11
-4.25248e-12
-1.60865e-12
-4.87274e-12
-2.40749e-13
4.16177e-12
2.71412e-12
-1.30443e-14
4.25e-12
-1.73965e-15
-6.51106e-14
-2.20865e-16
-7.75415e-17
-2.67561e-17
4.25485e-12
-3.14214e-18
-1.06513e-18
-3.57485e-19
-4.25486e-12
-4.25487e-12
-4.25486e-12
4.25486e-12
-4.25486e-12
4.25486e-12
-1.37497e-22
-2.02751e-23
1.66777e-06
0
0
5.83389e-18
1.66777e-06
-1.66777e-06
0
0
0
-1.66776e-06
-1.66776e-06
0
-1.66776e-06
0
0
0
1.12241e-15
1.66716e-06
1.6664e-06
1.66476e-06
-1.66104e-06
-1.65444e-06
1.64118e-06
0
0
-8.21886e-18
-2.64913e-16
-2.02131e-08
1.56316e-06
1.56548e-05
0.000495239
0.0106099
0.150487
1.46717
10.3171
54.8504
229.718
784.186
2246.17
5563.37
12256.3
24747.3
47197.9
86954.3
156081
315816
632935
1.31112e+06
2.70325e+06
5.34516e+06
1.04489e+07
2.00675e+07
3.74508e+07
7.18396e+07
1.37654e+08
1.93819e+08
9.24147e+07
4.33165e+07
1.95882e+07
8.42339e+06
3.40214e+06
1.28392e+06
469141
105110
8562.87
246.492
3.54594
0.0325232
0.000316628
6.32242e-06
3.68255e-07
2.48791e-08
-1.85725e-10
-4.49064e-11
-1.21772e-11
-2.71792e-10
-1.60865e-12
-4.87414e-12
-2.40749e-13
-9.21287e-14
-1.54038e-12
4.24173e-12
-4.77718e-15
-1.73419e-15
-6.51093e-14
4.25464e-12
4.26284e-12
-4.25757e-12
-1.0168e-15
4.25486e-12
-1.06247e-18
-4.23062e-17
4.25488e-12
-4.00257e-20
-4.25486e-12
4.25486e-12
4.25486e-12
-5.07082e-22
-1.47249e-22
-2.18191e-23
0
-5.4738e-19
1.66777e-06
0
1.66777e-06
1.66777e-06
0
-5.60517e-16
0
-2.19256e-18
-1.66776e-06
0
-1.3777e-22
0
0
0
0
1.6672e-06
0
0
0
0
0
0
1.57908e-06
-8.23167e-18
-2.18601e-16
-1.3688e-06
3.75222e-07
1.27649e-05
0.000451141
0.00981246
0.141042
1.39039
9.86456
52.8136
222.394
762.339
2190.18
5435.32
11986.5
24205.9
46141.8
84949.2
152422
304725
615563
1.27413e+06
2.61812e+06
5.18826e+06
1.01338e+07
1.94918e+07
3.63749e+07
6.97092e+07
1.33502e+08
1.97936e+08
9.44523e+07
4.4337e+07
2.00892e+07
8.65926e+06
3.50667e+06
1.32654e+06
486504
111369
9349.92
272.062
3.92062
0.0356975
0.000340426
6.68369e-06
3.71798e-07
2.48389e-08
-1.88476e-10
-4.10649e-11
-1.64687e-11
-8.52684e-12
-5.86269e-12
-6.22227e-13
-4.49358e-12
-9.16054e-14
-3.47255e-14
-4.26765e-12
3.90641e-12
-4.25655e-12
4.31872e-12
-2.17457e-16
-7.61782e-17
-2.71126e-15
-1.0167e-15
-4.2552e-12
-1.27004e-16
-4.23043e-17
-4.25488e-12
-4.25487e-12
4.25486e-12
-4.73276e-21
-1.67467e-21
-5.66891e-22
-4.25486e-12
-4.25486e-12
1.66777e-06
-5.4738e-19
1.66777e-06
0
1.66777e-06
0
0
0
1.66776e-06
-1.66776e-06
0
-1.66776e-06
-1.66776e-06
0
-1.66772e-06
0
0
2.24442e-15
1.6665e-06
-1.66496e-06
0
-1.65524e-06
0
0
2.72456e-13
8.58931e-09
-2.0346e-16
-1.35214e-06
-9.88256e-07
1.21331e-05
0.000408243
0.00903457
0.131833
1.31564
9.42428
50.8285
215.219
740.725
2133.95
5304.13
11703.5
23624.6
44982.9
82707.4
148266
291889
595329
1.23067e+06
2.51586e+06
4.99981e+06
9.74795e+06
1.87761e+07
3.50134e+07
6.69908e+07
1.28242e+08
2.03353e+08
9.7155e+07
4.56973e+07
2.07591e+07
8.97524e+06
3.64695e+06
1.38397e+06
509142
119742
10431.3
307.293
4.42994
0.0398704
0.000369729
7.05923e-06
3.85319e-07
1.15675e-08
-1.98365e-10
-4.12414e-11
-1.22439e-11
-4.28596e-12
-5.85717e-12
-4.8714e-12
-4.4915e-12
-9.07331e-14
-3.4202e-14
-1.27826e-14
-4.67902e-15
-4.25653e-12
6.38822e-14
-4.25507e-12
4.25478e-12
4.25483e-12
-4.25487e-12
3.32549e-16
1.24919e-16
-3.48165e-19
4.25486e-12
-3.88607e-20
-1.35222e-20
4.25486e-12
3.25473e-19
4.25486e-12
-2.29487e-22
5.08746e-21
0
-1.66777e-06
0
0
-1.75162e-17
4.66711e-17
1.66777e-06
0
2.15267e-24
1.66776e-06
0
0
1.66776e-06
0
-1.66772e-06
1.66767e-06
1.66753e-06
-1.83611e-11
-1.66655e-06
1.66508e-06
1.95075e-10
1.6557e-06
-1.64347e-06
0
1.58326e-06
1.53474e-06
-1.44885e-06
-8.49946e-15
2.2637e-07
1.06722e-05
0.000368503
0.00831921
0.123306
1.24606
9.01292
48.9663
208.439
720.051
2079.2
5173.57
11415.6
23022.3
43769
80348.3
143893
278276
574170
1.18565e+06
2.40932e+06
4.8111e+06
9.37006e+06
1.81029e+07
3.38056e+07
6.33329e+07
1.21814e+08
2.11184e+08
1.01204e+08
4.76912e+07
2.17243e+07
9.42478e+06
3.84475e+06
1.46449e+06
540567
131094
11950.3
357.238
5.14978
0.0456941
0.000409274
7.42865e-06
3.7193e-07
2.45084e-08
-1.98367e-10
-4.14622e-11
-8.01917e-12
-2.67564e-10
-5.84334e-12
-4.86587e-12
-4.48874e-12
8.16379e-12
4.22092e-12
4.24226e-12
-4.25938e-12
4.25318e-12
-5.88974e-16
-2.08595e-16
-7.29402e-17
4.25483e-12
-8.69147e-18
-2.97172e-18
-4.25499e-12
-3.38845e-19
-1.58576e-17
-3.80285e-20
-1.41463e-20
-6.28261e-21
-2.03353e-21
-6.69608e-22
-2.24936e-22
-4.68075e-23
-2.62777e-28
0
0
0
3.36355e-26
1.66776e-06
0
0
-2.15267e-24
0
0
1.66776e-06
-1.66776e-06
1.66775e-06
1.66773e-06
-2.20421e-21
-1.66755e-06
-1.66725e-06
0
-1.66522e-06
0
0
0
-1.62265e-06
-1.58578e-06
1.52957e-06
-1.09147e-08
-9.44612e-13
-1.03214e-06
1.02098e-05
0.000330347
0.0076074
0.115026
1.18039
8.63516
47.291
202.393
701.477
2028.9
5049.74
11133.1
22414.2
42514.1
77860.6
139195
263274
550498
1.13424e+06
2.28107e+06
4.58469e+06
8.92025e+06
1.72395e+07
3.21973e+07
6.02234e+07
1.15818e+08
2.13209e+08
1.06605e+08
5.03474e+07
2.30125e+07
1.00269e+07
4.111e+06
1.57365e+06
582399
146410
14104.9
428.505
6.15031
0.053262
0.000454528
7.80227e-06
3.58005e-07
1.90282e-08
-1.98199e-10
-4.14208e-11
-1.64041e-11
-2.6329e-10
8.62713e-11
-6.01319e-13
-2.29589e-13
-8.7244e-14
-3.26316e-14
-4.26681e-12
-4.39545e-15
-1.58695e-15
-5.65796e-16
-4.25505e-12
-8.13067e-15
-2.41998e-17
4.25384e-12
-4.25486e-12
-9.61281e-19
4.25486e-12
-1.08177e-19
-3.73628e-20
-1.50616e-20
-6.59466e-21
-4.25486e-12
-4.25486e-12
-1.82679e-22
5.08836e-21
0
0
1.66776e-06
-1.66776e-06
0
0
-1.39992e-16
0
0
0
1.66776e-06
1.66776e-06
1.66776e-06
0
-1.40321e-16
1.66768e-06
1.66756e-06
1.6673e-06
3.67106e-11
0
1.6626e-06
3.88949e-10
0
1.62689e-06
-4.47888e-09
1.52464e-06
1.09466e-08
-1.36439e-06
2.27809e-07
9.15415e-06
0.000300184
0.00708658
0.109066
1.1337
8.36749
46.0861
197.842
686.196
1983.72
4930.69
10850.8
21805.2
41237.9
75289.9
134269
247244
524898
1.07771e+06
2.1651e+06
4.34391e+06
8.46827e+06
1.63568e+07
3.05966e+07
5.72233e+07
1.10025e+08
2.08545e+08
1.13554e+08
5.37509e+07
2.4663e+07
1.08008e+07
4.45515e+06
1.71555e+06
635066
171871
17160.5
539.06
7.77933
0.0659628
0.000531811
8.48661e-06
3.72969e-07
2.41091e-08
2.51766e-09
-4.12505e-11
-1.62286e-11
-8.39459e-12
-1.5419e-12
-4.83535e-12
4.03173e-12
1.1598e-12
-3.12357e-14
4.24321e-12
-3.91534e-12
-4.25634e-12
-4.34905e-14
4.25467e-12
-6.57825e-17
-4.25488e-12
-4.25587e-12
4.25486e-12
-4.25499e-12
-4.25486e-12
-1.02186e-19
-3.72796e-20
-1.67675e-20
-4.25486e-12
4.25486e-12
4.25486e-12
-3.09218e-20
-2.55166e-23
1.66776e-06
-5.4738e-19
1.45847e-18
0
-1.16678e-17
0
-1.66776e-06
1.66776e-06
1.66776e-06
-1.66776e-06
-4.38511e-18
1.66776e-06
1.66776e-06
-1.91163e-13
-1.66773e-06
1.66769e-06
0
1.66733e-06
0
8.96869e-15
0
-3.57003e-14
-1.16066e-09
-1.62633e-06
1.59122e-06
1.53673e-06
-9.49348e-17
-4.99443e-15
1.42911e-06
6.77214e-06
0.000268681
0.00654123
0.103011
1.08949
8.14013
45.2054
195.006
678.228
1960.71
4862.77
10657.3
21286.6
40062.6
72872.9
129671
232196
500593
1.02345e+06
2.05651e+06
4.10924e+06
8.03056e+06
1.54929e+07
2.9028e+07
5.43937e+07
1.04609e+08
2.00253e+08
1.21621e+08
5.76902e+07
2.65767e+07
1.17031e+07
4.85989e+06
1.88448e+06
698314
203412
21271.8
688.355
9.81648
0.0793857
0.00059381
8.81999e-06
3.48947e-07
1.87682e-08
-2.93555e-09
-4.05549e-11
-7.46725e-12
-8.25072e-12
-1.47785e-12
-5.59493e-13
-4.46516e-12
-7.92185e-14
-4.28395e-12
-1.07322e-14
-4.25871e-12
4.25344e-12
4.2114e-12
-4.25503e-12
-4.25492e-12
-4.25488e-12
-6.78348e-16
-2.44448e-18
-8.30803e-19
4.25486e-12
-9.45304e-20
-3.67803e-20
-1.65595e-20
-5.38807e-21
-1.75788e-21
4.25486e-12
-1.557e-22
-2.28349e-23
-6.84225e-20
-1.66776e-06
0
-1.66776e-06
-1.66776e-06
0
-1.66776e-06
0
-5.48139e-19
0
1.66776e-06
1.66776e-06
-7.1746e-14
0
1.66774e-06
0
4.59132e-12
1.66739e-06
-1.66691e-06
-1.66576e-06
-1.66351e-06
3.57259e-14
0
0
1.59216e-06
0
-1.46921e-06
-3.66563e-15
1.40718e-06
6.68299e-06
0.000243902
0.00617082
0.100139
1.07842
8.1351
45.3397
195.667
679.359
1958.72
4841.63
10572.7
21045.2
39439
71404.9
126452
221328
482808
983463
1.97654e+06
3.93325e+06
7.70524e+06
1.48425e+07
2.78972e+07
5.2288e+07
1.00515e+08
1.93126e+08
1.27877e+08
6.07754e+07
2.80975e+07
1.24344e+07
5.19646e+06
2.02953e+06
754233
232203
26736.5
921.645
13.359
0.104465
0.000706201
9.24872e-06
3.35582e-07
2.39988e-08
-2.93305e-09
-3.86813e-11
-1.52162e-11
-3.71995e-12
-1.35532e-12
3.74743e-12
-1.88427e-13
-6.97971e-14
-2.56519e-14
6.77949e-13
-3.3484e-15
-1.19431e-15
-4.22643e-16
1.59733e-14
-4.25491e-12
1.99726e-15
-6.22037e-18
-2.12494e-18
-7.25621e-19
-3.17331e-17
-1.05736e-17
-3.59482e-20
-4.25486e-12
-4.25486e-12
-1.64867e-21
-5.18783e-22
4.25486e-12
4.25486e-12
)
;

boundaryField
{
    fuel
    {
        type            calculated;
        value           uniform 0;
    }
    air
    {
        type            calculated;
        value           uniform 0;
    }
    outlet
    {
        type            calculated;
        value           uniform 0;
    }
    frontAndBack
    {
        type            empty;
    }
}


// ************************************************************************* //
