/*--------------------------------*- C++ -*----------------------------------*\
  =========                 |
  \\      /  F ield         | OpenFOAM: The Open Source CFD Toolbox
   \\    /   O peration     | Website:  https://openfoam.org
    \\  /    A nd           | Version:  11
     \\/     M anipulation  |
\*---------------------------------------------------------------------------*/
FoamFile
{
    format      ascii;
    class       volScalarField;
    location    "0.1";
    object      T;
}
// * * * * * * * * * * * * * * * * * * * * * * * * * * * * * * * * * * * * * //

dimensions      [0 0 0 1 0 0 0];

internalField   nonuniform List<scalar> 
4000
(
293
293
293
293
293
293
293
293
293
293
293
293
293.001
293.002
293.006
293.013
293.032
293.074
293.171
293.386
293.854
294.839
296.838
300.727
307.888
319.958
338.7
365.435
400.549
443.473
493.038
547.959
607.144
669.799
735.383
803.542
873.994
946.44
1020.53
1096.22
1173.35
1251.64
1330.8
1410.5
1490.42
1570.19
1649.43
1727.69
1804.42
1878.89
1949.99
2015.93
2071.21
2113.2
2133.42
2109.6
2002.54
1843.76
1666.1
1486.04
1311.9
1148.06
997.445
861.161
731.848
617.865
521.645
444.667
387.549
350.093
327.297
312.856
302.057
297.072
294.817
293.806
293.356
293.157
293.069
293.03
293.013
293.006
293.003
293.001
293.001
293
293
293
293
293
293
293
293
293
293
293
293
293
293
293
293
293
293
293
293
293
293
293
293
293
293
293
293.001
293.003
293.007
293.016
293.037
293.087
293.2
293.447
293.977
295.078
297.281
301.501
309.086
321.641
340.813
367.759
402.812
445.437
494.556
548.98
607.69
669.936
735.214
803.154
873.449
945.789
1019.82
1095.5
1172.7
1251.12
1330.45
1410.38
1490.59
1570.7
1650.33
1728.99
1806.12
1880.96
1952.36
2018.45
2073.36
2114.66
2133.29
2106.13
1992.79
1830.98
1652.05
1471.73
1297.96
1134.95
985.635
850.569
722.321
610.211
516.105
441.223
386.013
349.801
327.61
312.902
302.199
297.224
294.924
293.869
293.39
293.174
293.077
293.034
293.015
293.007
293.003
293.001
293.001
293
293
293
293
293
293
293
293
293
293
293
293
293
293
293
293
293
293
293
293
293
293
293
293
293
293
293
293.001
293.003
293.007
293.017
293.04
293.094
293.213
293.476
294.035
295.191
297.49
301.865
309.658
322.468
341.916
369.132
404.385
447.093
496.17
550.446
608.935
670.918
735.907
803.567
873.625
945.789
1019.72
1095.38
1172.62
1251.15
1330.68
1410.89
1491.43
1571.92
1651.97
1731.08
1808.65
1883.9
1955.61
2021.8
2076.35
2116.63
2133.08
2101.52
1980.48
1815.26
1635.23
1455.12
1282.37
1120.94
973.672
840.303
714.103
604.157
512.13
439.01
385.09
349.625
327.785
312.861
302.248
297.286
294.974
293.9
293.407
293.183
293.082
293.036
293.016
293.007
293.003
293.001
293.001
293
293
293
293
293
293
293
293
293
293
293
293
293
293
293
293
293
293
293
293
293
293
293
293
293
293
293.001
293.001
293.003
293.008
293.019
293.044
293.101
293.23
293.51
294.104
295.322
297.729
302.278
310.294
323.364
343.067
370.479
405.839
448.564
497.589
551.769
610.141
672.001
736.874
804.432
874.408
946.519
1020.43
1096.11
1173.42
1252.07
1331.77
1412.19
1492.99
1573.79
1654.16
1733.62
1811.52
1887.05
1958.9
2025.03
2079.06
2118.25
2132.33
2096.06
1968.62
1800.71
1619.99
1440.31
1268.66
1108.73
963.33
831.266
706.763
598.526
508.12
436.419
383.701
349.07
327.768
312.611
302.215
297.324
295.008
293.921
293.419
293.189
293.085
293.038
293.017
293.008
293.003
293.002
293.001
293
293
293
293
293
293
293
293
293
293
293
293
293
293
293
293
293
293
293
293
293
293
293
293
293
293
293.001
293.001
293.003
293.008
293.02
293.046
293.107
293.243
293.537
294.159
295.429
297.928
302.628
310.856
324.196
344.196
371.884
407.448
450.285
499.333
553.472
611.764
673.529
738.306
805.779
875.688
947.755
1021.65
1097.36
1174.72
1253.46
1333.29
1413.88
1494.88
1575.9
1656.51
1736.2
1814.32
1889.98
1961.86
2027.8
2081.27
2119.41
2130.94
2089.59
1957.68
1788.06
1607.12
1428.04
1257.45
1098.86
954.995
824.192
701.087
594.261
505.177
434.606
382.799
348.767
327.88
312.311
302.163
297.337
295.024
293.933
293.426
293.193
293.087
293.039
293.018
293.008
293.004
293.002
293.001
293
293
293
293
293
293
293
293
293
293
293
293
293
293
293
293
293
293
293
293
293
293
293
293
293
293
293.001
293.002
293.004
293.009
293.021
293.049
293.113
293.254
293.561
294.207
295.522
298.099
302.928
311.329
324.889
345.13
373.048
408.803
451.77
500.892
555.059
613.349
675.094
739.846
807.295
877.187
949.248
1023.16
1098.89
1176.31
1255.14
1335.07
1415.78
1496.91
1578.08
1658.84
1738.66
1816.88
1892.56
1964.31
2029.75
2082.39
2120.87
2129.26
2082.1
1947.61
1777.21
1596.44
1418.06
1248.45
1091.01
948.384
818.576
696.564
590.808
502.712
432.991
381.906
348.396
328.004
311.882
302.084
297.338
295.035
293.942
293.431
293.196
293.089
293.04
293.018
293.008
293.004
293.002
293.001
293
293
293
293
293
293
293
293
293
293
293
293
293
293
293
293
293
293
293
293
293
293
293
293
293
293
293.001
293.002
293.004
293.009
293.022
293.051
293.117
293.265
293.583
294.252
295.611
298.264
303.218
311.793
325.574
346.061
374.214
410.161
453.264
502.466
556.67
614.971
676.713
741.457
808.9
878.792
950.859
1024.78
1100.56
1178.03
1256.91
1336.91
1417.71
1498.94
1580.21
1661.06
1740.97
1819.24
1894.93
1966.62
2031.71
2083.87
2121.35
2127.48
2075.76
1939.33
1768.39
1587.83
1410.06
1241.27
1084.75
943.129
814.09
692.952
588.048
500.74
431.701
381.191
348.038
327.868
311.804
302.071
297.341
295.04
293.946
293.434
293.198
293.09
293.041
293.018
293.008
293.004
293.002
293.001
293
293
293
293
293
293
293
293
293
293
293
293
293
293
293
293
293
293
293
293
293
293
293
293
293
293
293.001
293.002
293.004
293.01
293.023
293.053
293.122
293.274
293.602
294.29
295.683
298.4
303.458
312.181
326.154
346.863
375.239
411.381
454.633
503.938
558.206
616.544
678.307
743.065
810.52
880.425
952.506
1026.45
1102.26
1179.76
1258.69
1338.75
1419.6
1500.9
1582.23
1663.14
1743.09
1821.39
1897.07
1968.67
2033.43
2085.14
2121.74
2126.05
2070.77
1932.83
1761.46
1581.05
1403.74
1235.59
1079.81
938.958
810.504
690.057
585.82
499.127
430.619
380.577
347.792
328.164
311.204
302.008
297.33
295.04
293.947
293.436
293.199
293.09
293.041
293.019
293.008
293.004
293.002
293.001
293
293
293
293
293
293
293
293
293
293
293
293
293
293
293
293
293
293
293
293
293
293
293
293
293
293
293.001
293.002
293.004
293.01
293.023
293.055
293.125
293.282
293.619
294.325
295.753
298.53
303.688
312.55
326.704
347.618
376.198
412.518
455.91
505.314
559.65
618.033
679.828
744.61
812.087
882.011
954.111
1028.08
1103.91
1181.45
1260.42
1340.51
1421.41
1502.73
1584.1
1665.04
1745.01
1823.32
1898.96
1970.47
2034.93
2086.25
2122.1
2124.95
2066.83
1927.69
1755.97
1575.68
1398.73
1231.08
1075.87
935.614
807.603
687.702
583.995
497.792
429.711
380.042
347.507
327.986
311.127
301.975
297.318
295.037
293.948
293.436
293.2
293.091
293.041
293.019
293.008
293.004
293.002
293.001
293
293
293
293
293
293
293
293
293
293
293
293
293
293
293
293
293
293
293
293
293
293
293
293
293
293
293.001
293.002
293.004
293.01
293.024
293.056
293.129
293.289
293.634
294.355
295.812
298.641
303.884
312.868
327.183
348.284
377.055
413.547
457.077
506.584
560.992
619.426
681.258
746.071
813.573
883.521
955.641
1029.63
1105.49
1183.06
1262.05
1342.17
1423.08
1504.43
1585.82
1666.77
1746.75
1825.04
1900.64
1972.07
2036.27
2087.27
2122.46
2124.09
2063.65
1923.54
1751.56
1571.36
1394.72
1227.45
1072.69
932.914
805.241
685.776
582.492
496.682
428.943
379.579
347.252
327.823
311.047
301.938
297.303
295.032
293.946
293.436
293.2
293.091
293.041
293.019
293.009
293.004
293.002
293.001
293
293
293
293
293
293
293
293
293
293
293
293
293
293
293
293
293
293
293
293
293
293
293
293
293
293
293.001
293.002
293.004
293.01
293.025
293.057
293.131
293.295
293.648
294.383
295.867
298.743
304.062
313.158
327.618
348.888
377.831
414.478
458.134
507.736
562.215
620.701
682.573
747.419
814.949
884.921
957.062
1031.07
1106.95
1184.54
1263.55
1343.69
1424.62
1505.98
1587.37
1668.33
1748.29
1826.55
1902.11
1973.44
2037.41
2088.12
2122.77
2123.4
2061.05
1920.16
1747.97
1567.86
1391.45
1224.51
1070.11
930.709
803.301
684.184
581.242
495.75
428.291
379.178
347.023
327.671
310.966
301.901
297.287
295.026
293.944
293.436
293.2
293.091
293.041
293.019
293.009
293.004
293.002
293.001
293
293
293
293
293
293
293
293
293
293
293
293
293
293
293
293
293
293
293
293
293
293
293
293
293
293
293.001
293.002
293.004
293.011
293.025
293.058
293.134
293.301
293.659
294.407
295.914
298.832
304.217
313.411
328.001
349.421
378.519
415.308
459.081
508.773
563.319
621.855
683.767
748.645
816.203
886.199
958.36
1032.38
1108.29
1185.89
1264.92
1345.06
1426
1507.37
1588.76
1669.7
1749.65
1827.88
1903.38
1974.63
2038.39
2088.85
2123.05
2122.84
2058.9
1917.38
1745.02
1564.99
1388.78
1222.09
1067.99
928.894
801.694
682.861
580.196
494.965
427.738
378.835
346.826
327.539
310.896
301.866
297.272
295.019
293.941
293.435
293.199
293.091
293.041
293.019
293.009
293.004
293.002
293.001
293
293
293
293
293
293
293
293
293
293
293
293
293
293
293
293
293
293
293
293
293
293
293
293
293
293
293.001
293.002
293.004
293.011
293.025
293.059
293.136
293.306
293.669
294.428
295.955
298.91
304.354
313.634
328.337
349.89
379.125
416.039
459.916
509.689
564.297
622.88
684.83
749.739
817.324
887.343
959.522
1033.56
1109.48
1187.1
1266.14
1346.29
1427.23
1508.59
1589.98
1670.91
1750.84
1829.03
1904.48
1975.65
2039.23
2089.48
2123.29
2122.39
2057.13
1915.08
1742.59
1562.62
1386.58
1220.1
1066.24
927.391
800.357
681.755
579.316
494.3
427.263
378.537
346.65
327.418
310.83
301.834
297.256
295.012
293.938
293.434
293.199
293.091
293.041
293.019
293.009
293.004
293.002
293.001
293
293
293
293
293
293
293
293
293
293
293
293
293
293
293
293
293
293
293
293
293
293
293
293
293
293
293.001
293.002
293.005
293.011
293.026
293.06
293.138
293.31
293.678
294.446
295.99
298.977
304.471
313.826
328.627
350.296
379.65
416.673
460.642
510.488
565.15
623.777
685.761
750.698
818.308
888.348
960.542
1034.6
1110.53
1188.16
1267.2
1347.36
1428.3
1509.66
1591.04
1671.95
1751.86
1830.02
1905.42
1976.51
2039.94
2090.01
2123.5
2122.02
2055.67
1913.18
1740.58
1560.67
1384.76
1218.46
1064.79
926.146
799.243
680.827
578.573
493.732
426.855
378.281
346.503
327.321
310.778
301.807
297.244
295.006
293.936
293.433
293.199
293.091
293.041
293.019
293.009
293.004
293.002
293.001
293
293
293
293
293
293
293
293
293
293
293
293
293
293
293
293
293
293
293
293
293
293
293
293
293
293
293.001
293.002
293.005
293.011
293.026
293.061
293.14
293.313
293.685
294.461
296.02
299.033
304.571
313.989
328.874
350.641
380.096
417.213
461.261
511.168
565.879
624.543
686.557
751.52
819.152
889.21
961.419
1035.48
1111.43
1189.07
1268.12
1348.28
1429.22
1510.57
1591.94
1672.84
1752.72
1830.85
1906.21
1977.24
2040.53
2090.45
2123.68
2121.71
2054.47
1911.63
1738.94
1559.08
1383.28
1217.13
1063.61
925.126
798.326
680.061
577.956
493.259
426.513
378.064
346.375
327.234
310.731
301.784
297.232
295.001
293.934
293.432
293.198
293.09
293.041
293.019
293.009
293.004
293.002
293.001
293
293
293
293
293
293
293
293
293
293
293
293
293
293
293
293
293
293
293
293
293
293
293
293
293
293
293.001
293.002
293.005
293.011
293.026
293.062
293.141
293.316
293.691
294.473
296.045
299.08
304.653
314.123
329.078
350.925
380.465
417.66
461.773
511.733
566.484
625.18
687.22
752.205
819.855
889.928
962.149
1036.22
1112.18
1189.83
1268.88
1349.04
1429.98
1511.33
1592.68
1673.57
1753.43
1831.53
1906.86
1977.83
2041.01
2090.81
2123.82
2121.47
2053.5
1910.38
1737.63
1557.8
1382.1
1216.05
1062.66
924.307
797.59
679.447
577.461
492.878
426.236
377.884
346.264
327.156
310.685
301.76
297.221
294.996
293.932
293.431
293.198
293.09
293.041
293.019
293.009
293.004
293.002
293.001
293
293
293
293
293
293
293
293
293
293
293
293
293
293
293
293
293
293
293
293
293
293
293
293
293
293
293.001
293.002
293.005
293.011
293.027
293.062
293.142
293.318
293.696
294.483
296.064
299.117
304.718
314.23
329.239
351.152
380.758
418.015
462.181
512.183
566.967
625.688
687.749
752.751
820.416
890.502
962.732
1036.82
1112.78
1190.43
1269.49
1349.65
1430.58
1511.93
1593.27
1674.15
1753.99
1832.08
1907.37
1978.3
2041.4
2091.1
2123.94
2121.29
2052.75
1909.4
1736.6
1556.81
1381.17
1215.22
1061.93
923.669
797.017
678.968
577.076
492.58
426.015
377.734
346.165
327.081
310.639
301.735
297.209
294.991
293.929
293.43
293.197
293.09
293.041
293.019
293.008
293.004
293.002
293.001
293
293
293
293
293
293
293
293
293
293
293
293
293
293
293
293
293
293
293
293
293
293
293
293
293
293
293.001
293.002
293.005
293.011
293.027
293.062
293.143
293.32
293.7
294.49
296.079
299.145
304.767
314.31
329.36
351.321
380.977
418.281
462.486
512.519
567.328
626.068
688.145
753.161
820.837
890.932
963.17
1037.26
1113.23
1190.88
1269.94
1350.1
1431.04
1512.37
1593.71
1674.58
1754.41
1832.48
1907.75
1978.65
2041.68
2091.31
2124.02
2121.15
2052.2
1908.68
1735.84
1556.07
1380.49
1214.6
1061.38
923.196
796.591
678.611
576.788
492.357
425.849
377.623
346.095
327.031
310.608
301.719
297.201
294.987
293.927
293.429
293.197
293.09
293.041
293.019
293.008
293.004
293.002
293.001
293
293
293
293
293
293
293
293
293
293
293
293
293
293
293
293
293
293
293
293
293
293
293
293
293
293
293.001
293.002
293.005
293.011
293.027
293.063
293.143
293.321
293.702
294.495
296.088
299.163
304.798
314.362
329.439
351.432
381.122
418.456
462.687
512.742
567.567
626.321
688.408
753.433
821.117
891.218
963.461
1037.56
1113.53
1191.19
1270.24
1350.4
1431.34
1512.67
1594.01
1674.87
1754.69
1832.75
1908
1978.88
2041.87
2091.45
2124.08
2121.06
2051.83
1908.21
1735.34
1555.58
1380.03
1214.19
1061.02
922.88
796.306
678.373
576.596
492.207
425.738
377.548
346.046
326.995
310.586
301.707
297.195
294.984
293.926
293.428
293.197
293.09
293.041
293.019
293.008
293.004
293.002
293.001
293
293
293
293
293
293
293
293
293
293
293
293
293
293
293
293
293
293
293
293
293
293
293
293
293
293
293.001
293.002
293.005
293.011
293.027
293.063
293.143
293.321
293.703
294.497
296.093
299.171
304.813
314.386
329.476
351.483
381.189
418.538
462.782
512.847
567.681
626.441
688.534
753.564
821.252
891.357
963.602
1037.7
1113.68
1191.33
1270.39
1350.55
1431.48
1512.82
1594.15
1675.01
1754.83
1832.88
1908.13
1978.99
2041.96
2091.52
2124.11
2121.01
2051.64
1907.97
1735.09
1555.34
1379.8
1213.98
1060.84
922.723
796.165
678.255
576.501
492.135
425.685
377.512
346.02
326.976
310.573
301.699
297.191
294.982
293.925
293.428
293.196
293.09
293.041
293.019
293.008
293.004
293.002
293.001
293
293
293
293
293
293
293
293
293
293
293
293
293
293
293
293
293
293
293
293
293
293
293
293
293
293
293.001
293.002
293.005
293.011
293.027
293.063
293.143
293.321
293.703
294.497
296.093
299.171
304.813
314.386
329.477
351.485
381.191
418.54
462.785
512.85
567.684
626.445
688.538
753.568
821.256
891.361
963.606
1037.7
1113.68
1191.34
1270.4
1350.56
1431.49
1512.82
1594.16
1675.01
1754.83
1832.88
1908.13
1979
2041.97
2091.52
2124.11
2121.01
2051.63
1907.95
1735.07
1555.32
1379.79
1213.96
1060.82
922.71
796.153
678.245
576.491
492.126
425.677
377.505
346.015
326.972
310.57
301.698
297.19
294.982
293.925
293.428
293.196
293.09
293.041
293.019
293.008
293.004
293.002
293.001
293
293
293
293
293
293
293
293
293
293
293
293
293
293
293
293
293
293
293
293
293
293
293
293
293
293
293.001
293.002
293.005
293.011
293.027
293.063
293.143
293.321
293.702
294.495
296.089
299.164
304.8
314.364
329.442
351.436
381.128
418.463
462.696
512.751
567.577
626.331
688.418
753.443
821.127
891.229
963.472
1037.57
1113.54
1191.2
1270.26
1350.42
1431.35
1512.68
1594.02
1674.88
1754.71
1832.76
1908.01
1978.89
2041.88
2091.46
2124.08
2121.05
2051.79
1908.16
1735.29
1555.53
1379.98
1214.14
1060.98
922.844
796.272
678.343
576.568
492.183
425.717
377.532
346.034
326.986
310.58
301.703
297.193
294.983
293.926
293.428
293.197
293.09
293.041
293.019
293.008
293.004
293.002
293.001
293
293
293
293
293
293
293
293
293
293
293
293
293
293
293
293
293
293
293
293
293
293
293
293
293
293
293.001
293.002
293.005
293.011
293.027
293.062
293.143
293.32
293.7
294.491
296.08
299.146
304.769
314.313
329.366
351.329
380.988
418.294
462.501
512.536
567.345
626.086
688.163
753.179
820.855
890.95
963.188
1037.28
1113.25
1190.9
1269.96
1350.12
1431.05
1512.39
1593.73
1674.6
1754.44
1832.5
1907.77
1978.67
2041.7
2091.32
2124.03
2121.13
2052.14
1908.61
1735.76
1555.99
1380.41
1214.53
1061.32
923.136
796.535
678.562
576.745
492.32
425.818
377.6
346.079
327.02
310.6
301.714
297.199
294.986
293.927
293.429
293.197
293.09
293.041
293.019
293.008
293.004
293.002
293.001
293
293
293
293
293
293
293
293
293
293
293
293
293
293
293
293
293
293
293
293
293
293
293
293
293
293
293.001
293.002
293.005
293.011
293.027
293.062
293.142
293.318
293.696
294.483
296.065
299.119
304.721
314.235
329.247
351.163
380.773
418.033
462.201
512.205
566.99
625.712
687.774
752.776
820.441
890.527
962.758
1036.84
1112.81
1190.46
1269.51
1349.67
1430.61
1511.95
1593.3
1674.18
1754.02
1832.11
1907.4
1978.33
2041.42
2091.12
2123.94
2121.26
2052.67
1909.3
1736.49
1556.69
1381.06
1215.12
1061.84
923.589
796.943
678.904
577.021
492.535
425.98
377.709
346.149
327.07
310.631
301.731
297.207
294.99
293.929
293.429
293.197
293.09
293.041
293.019
293.008
293.004
293.002
293.001
293
293
293
293
293
293
293
293
293
293
293
293
293
293
293
293
293
293
293
293
293
293
293
293
293
293
293.001
293.002
293.005
293.011
293.026
293.062
293.141
293.316
293.692
294.474
296.046
299.082
304.657
314.129
329.087
350.939
380.483
417.682
461.799
511.761
566.514
625.211
687.251
752.237
819.887
889.96
962.181
1036.26
1112.22
1189.86
1268.91
1349.07
1430.01
1511.36
1592.72
1673.61
1753.47
1831.58
1906.9
1977.87
2041.05
2090.84
2123.83
2121.44
2053.4
1910.24
1737.48
1557.66
1381.96
1215.93
1062.55
924.208
797.5
679.368
577.395
492.825
426.195
377.856
346.247
327.145
310.68
301.757
297.219
294.995
293.931
293.43
293.198
293.09
293.041
293.019
293.009
293.004
293.002
293.001
293
293
293
293
293
293
293
293
293
293
293
293
293
293
293
293
293
293
293
293
293
293
293
293
293
293
293.001
293.002
293.005
293.011
293.026
293.061
293.14
293.313
293.686
294.461
296.021
299.036
304.575
313.996
328.886
350.657
380.118
417.24
461.291
511.203
565.915
624.58
686.596
751.559
819.191
889.249
961.458
1035.52
1111.47
1189.11
1268.16
1348.32
1429.26
1510.62
1591.98
1672.88
1752.77
1830.9
1906.26
1977.28
2040.57
2090.48
2123.68
2121.68
2054.34
1911.46
1738.77
1558.91
1383.12
1216.98
1063.48
925.007
798.218
679.968
577.878
493.196
426.465
378.032
346.356
327.222
310.724
301.78
297.231
295
293.933
293.431
293.198
293.09
293.041
293.019
293.009
293.004
293.002
293.001
293
293
293
293
293
293
293
293
293
293
293
293
293
293
293
293
293
293
293
293
293
293
293
293
293
293
293.001
293.002
293.005
293.011
293.026
293.06
293.138
293.31
293.678
294.446
295.992
298.98
304.476
313.834
328.641
350.315
379.675
416.704
460.678
510.527
565.193
623.82
685.805
750.744
818.354
888.394
960.588
1034.64
1110.58
1188.21
1267.25
1347.41
1428.35
1509.71
1591.09
1672.01
1751.91
1830.08
1905.48
1976.57
2039.99
2090.05
2123.51
2121.97
2055.52
1912.99
1740.38
1560.47
1384.57
1218.29
1064.63
926.007
799.117
680.718
578.481
493.658
426.8
378.244
346.481
327.307
310.769
301.803
297.242
295.005
293.936
293.432
293.198
293.091
293.041
293.019
293.009
293.004
293.002
293.001
293
293
293
293
293
293
293
293
293
293
293
293
293
293
293
293
293
293
293
293
293
293
293
293
293
293
293.001
293.002
293.004
293.011
293.025
293.059
293.136
293.306
293.67
294.429
295.956
298.913
304.36
313.644
328.352
349.912
379.154
416.074
459.957
509.735
564.345
622.93
684.881
749.791
817.377
887.396
959.574
1033.61
1109.54
1187.15
1266.19
1346.35
1427.29
1508.65
1590.04
1670.97
1750.9
1829.1
1904.55
1975.72
2039.29
2089.52
2123.31
2122.34
2056.96
1914.85
1742.35
1562.39
1386.36
1219.9
1066.06
927.232
800.212
681.629
579.211
494.215
427.199
378.494
346.625
327.402
310.82
301.829
297.253
295.011
293.938
293.433
293.199
293.091
293.041
293.019
293.009
293.004
293.002
293.001
293
293
293
293
293
293
293
293
293
293
293
293
293
293
293
293
293
293
293
293
293
293
293
293
293
293
293.001
293.002
293.004
293.011
293.025
293.059
293.134
293.301
293.66
294.408
295.915
298.835
304.224
313.422
328.017
349.446
378.551
415.347
459.126
508.823
563.372
621.911
683.824
748.703
816.262
886.258
958.419
1032.44
1108.35
1185.95
1264.98
1345.13
1426.07
1507.44
1588.83
1669.77
1749.73
1827.96
1903.46
1974.71
2038.46
2088.91
2123.07
2122.79
2058.71
1917.12
1744.75
1564.73
1388.53
1221.86
1067.78
928.714
801.531
682.72
580.077
494.869
427.665
378.787
346.798
327.521
310.886
301.86
297.269
295.017
293.941
293.434
293.199
293.091
293.041
293.019
293.009
293.004
293.002
293.001
293
293
293
293
293
293
293
293
293
293
293
293
293
293
293
293
293
293
293
293
293
293
293
293
293
293
293.001
293.002
293.004
293.01
293.025
293.057
293.132
293.295
293.648
294.384
295.869
298.747
304.069
313.17
327.637
348.915
377.867
414.522
458.185
507.792
562.275
620.763
682.637
747.483
815.014
884.987
957.128
1031.13
1107.02
1184.61
1263.62
1343.76
1424.69
1506.06
1587.45
1668.41
1748.37
1826.64
1902.2
1973.53
2037.49
2088.18
2122.79
2123.34
2060.83
1919.88
1747.67
1567.57
1391.18
1224.25
1069.88
930.51
803.12
684.028
581.11
495.644
428.21
379.124
346.992
327.65
310.954
301.894
297.284
295.024
293.943
293.435
293.199
293.091
293.041
293.019
293.009
293.004
293.002
293.001
293
293
293
293
293
293
293
293
293
293
293
293
293
293
293
293
293
293
293
293
293
293
293
293
293
293
293.001
293.002
293.004
293.01
293.024
293.056
293.129
293.289
293.635
294.356
295.814
298.645
303.891
312.881
327.203
348.314
377.095
413.596
457.133
506.645
561.058
619.494
681.328
746.142
813.645
883.593
955.714
1029.7
1105.56
1183.13
1262.12
1342.25
1423.16
1504.52
1585.91
1666.86
1746.84
1825.13
1900.74
1972.16
2036.35
2087.33
2122.48
2124.03
2063.41
1923.23
1751.23
1571.04
1394.41
1227.17
1072.44
932.696
805.046
685.608
582.352
496.57
428.855
379.514
347.206
327.787
311.021
301.924
297.296
295.028
293.945
293.436
293.2
293.091
293.041
293.019
293.009
293.004
293.002
293.001
293
293
293
293
293
293
293
293
293
293
293
293
293
293
293
293
293
293
293
293
293
293
293
293
293
293
293.001
293.002
293.004
293.01
293.023
293.055
293.125
293.282
293.62
294.326
295.755
298.535
303.697
312.564
326.726
347.65
376.24
412.571
455.971
505.381
559.722
618.107
679.904
744.688
812.165
882.09
954.191
1028.16
1104
1181.54
1260.5
1340.6
1421.49
1502.83
1584.2
1665.14
1745.12
1823.42
1899.07
1970.58
2035.03
2086.34
2122.13
2124.88
2066.56
1927.34
1755.6
1575.31
1398.39
1230.77
1075.59
935.372
807.387
687.517
583.842
497.669
429.614
379.971
347.457
327.947
311.1
301.96
297.311
295.034
293.946
293.436
293.199
293.091
293.041
293.019
293.008
293.004
293.002
293.001
293
293
293
293
293
293
293
293
293
293
293
293
293
293
293
293
293
293
293
293
293
293
293
293
293
293
293.001
293.002
293.004
293.01
293.023
293.053
293.122
293.274
293.602
294.291
295.686
298.405
303.467
312.196
326.178
346.898
375.286
411.438
454.7
504.011
558.284
616.625
678.39
743.15
810.606
880.511
952.593
1026.54
1102.35
1179.86
1258.79
1338.85
1419.7
1501
1582.33
1663.24
1743.19
1821.5
1897.18
1968.78
2033.52
2085.2
2121.75
2125.96
2070.46
1932.43
1761.04
1580.64
1403.36
1235.24
1079.5
938.686
810.261
689.847
585.646
498.987
430.511
380.501
347.743
328.129
311.18
301.995
297.323
295.037
293.946
293.435
293.199
293.09
293.041
293.019
293.008
293.004
293.002
293.001
293
293
293
293
293
293
293
293
293
293
293
293
293
293
293
293
293
293
293
293
293
293
293
293
293
293
293.001
293.002
293.004
293.009
293.022
293.051
293.118
293.265
293.584
294.254
295.613
298.269
303.228
311.809
325.599
346.098
374.264
410.223
453.335
502.545
556.755
615.059
676.803
741.549
808.993
878.886
950.954
1024.88
1100.65
1178.13
1257.01
1337.02
1417.82
1499.05
1580.32
1661.17
1741.08
1819.35
1895.04
1966.73
2031.81
2083.96
2121.38
2127.37
2075.37
1938.84
1767.89
1587.35
1409.61
1240.87
1084.4
942.818
813.813
692.713
587.848
500.579
431.578
381.107
347.983
327.838
311.783
302.06
297.335
295.037
293.945
293.434
293.198
293.09
293.041
293.018
293.008
293.004
293.002
293.001
293
293
293
293
293
293
293
293
293
293
293
293
293
293
293
293
293
293
293
293
293
293
293
293
293
293
293.001
293.002
293.004
293.009
293.021
293.049
293.113
293.254
293.562
294.208
295.525
298.105
302.938
311.347
324.916
345.17
373.102
408.869
451.847
500.978
555.151
613.444
675.192
739.945
807.396
877.289
949.351
1023.26
1099
1176.42
1255.25
1335.18
1415.89
1497.03
1578.2
1658.96
1738.78
1816.99
1892.66
1964.41
2029.83
2082.46
2120.89
2129.12
2081.6
1946.99
1776.58
1595.85
1417.53
1247.98
1090.6
948.03
818.265
696.295
590.583
502.531
432.854
381.815
348.34
327.976
311.864
302.074
297.332
295.032
293.94
293.431
293.196
293.089
293.04
293.018
293.008
293.004
293.002
293.001
293
293
293
293
293
293
293
293
293
293
293
293
293
293
293
293
293
293
293
293
293
293
293
293
293
293
293.001
293.001
293.003
293.008
293.02
293.047
293.107
293.243
293.538
294.16
295.432
297.934
302.639
310.874
324.226
344.239
371.941
407.52
450.368
499.425
553.57
611.867
673.634
738.413
805.888
875.798
947.866
1021.76
1097.47
1174.84
1253.59
1333.42
1414.01
1495.01
1576.03
1656.65
1736.33
1814.45
1890.11
1961.98
2027.9
2081.35
2119.44
2130.82
2089.15
1957.07
1787.42
1606.49
1427.47
1256.94
1098.41
954.606
823.85
700.789
594.011
504.973
434.449
382.689
348.693
327.842
312.284
302.147
297.33
295.021
293.932
293.425
293.193
293.087
293.039
293.018
293.008
293.004
293.002
293.001
293
293
293
293
293
293
293
293
293
293
293
293
293
293
293
293
293
293
293
293
293
293
293
293
293
293
293.001
293.001
293.003
293.008
293.019
293.044
293.101
293.23
293.51
294.105
295.325
297.735
302.289
310.313
323.395
343.112
370.54
405.916
448.653
497.688
551.875
610.252
672.115
736.99
804.55
874.528
946.64
1020.55
1096.24
1173.55
1252.2
1331.9
1412.33
1493.13
1573.94
1654.31
1733.77
1811.68
1887.2
1959.05
2025.16
2079.18
2118.33
2132.32
2095.87
1968.11
1800.09
1619.36
1439.72
1268.12
1108.25
962.909
830.892
706.437
598.252
507.898
436.246
383.576
348.983
327.723
312.578
302.196
297.315
295.004
293.92
293.418
293.188
293.085
293.038
293.017
293.008
293.003
293.002
293.001
293
293
293
293
293
293
293
293
293
293
293
293
293
293
293
293
293
293
293
293
293
293
293
293
293
293
293
293.001
293.003
293.007
293.017
293.04
293.094
293.214
293.476
294.037
295.194
297.496
301.877
309.678
322.5
341.964
369.197
404.467
447.188
496.276
550.56
609.055
671.041
736.033
803.695
873.755
945.923
1019.86
1095.52
1172.76
1251.29
1330.83
1411.04
1491.58
1572.09
1652.14
1731.25
1808.83
1884.08
1955.78
2021.96
2076.49
2116.73
2133.09
2101.33
1979.96
1814.62
1634.56
1454.48
1281.78
1120.41
973.211
839.89
713.746
603.856
511.887
438.82
384.954
349.533
327.741
312.829
302.228
297.276
294.969
293.898
293.406
293.182
293.081
293.036
293.016
293.007
293.003
293.001
293.001
293
293
293
293
293
293
293
293
293
293
293
293
293
293
293
293
293
293
293
293
293
293
293
293
293
293
293
293.001
293.003
293.007
293.016
293.038
293.087
293.2
293.448
293.979
295.081
297.287
301.513
309.107
321.676
340.864
367.828
402.899
445.539
494.67
549.103
607.818
670.069
735.351
803.294
873.59
945.931
1019.96
1095.65
1172.85
1251.27
1330.61
1410.54
1490.75
1570.88
1650.51
1729.18
1806.32
1881.16
1952.56
2018.65
2073.55
2114.8
2133.32
2105.96
1992.23
1830.27
1651.31
1471.01
1297.3
1134.36
985.12
850.113
721.924
609.876
515.834
441.013
385.866
349.707
327.568
312.872
302.179
297.213
294.92
293.867
293.389
293.174
293.077
293.034
293.015
293.007
293.003
293.001
293.001
293
293
293
293
293
293
293
293
293
293
293
293
293
293
293
293
293
293
293
293
293
293
293
293
293
293
293
293.001
293.002
293.006
293.013
293.032
293.074
293.171
293.387
293.856
294.842
296.844
300.739
307.91
319.993
338.754
365.509
400.644
443.585
493.163
548.092
607.283
669.942
735.528
803.687
874.14
946.587
1020.68
1096.38
1173.51
1251.8
1330.96
1410.67
1490.6
1570.38
1649.63
1727.89
1804.63
1879.11
1950.21
2016.16
2071.41
2113.35
2133.46
2109.4
2001.89
1842.95
1665.25
1485.23
1311.16
1147.41
996.879
860.673
731.4
617.491
521.343
444.433
387.386
349.991
327.251
312.825
302.038
297.063
294.813
293.804
293.355
293.156
293.069
293.03
293.013
293.006
293.003
293.001
293.001
293
293
293
293
293
293
293
293
293
293
293
293
293
293
293
)
;

boundaryField
{
    fuel
    {
        type            fixedValue;
        value           uniform 293;
    }
    air
    {
        type            fixedValue;
        value           uniform 293;
    }
    outlet
    {
        type            inletOutlet;
        inletValue      uniform 293;
        value           nonuniform List<scalar> 
200
(
293
293
293
293
293
293
293
293
293
293
293
293
293.001
293.002
293.006
293.013
293.032
293.075
293.172
293.388
293.856
294.842
296.841
300.73
307.887
319.946
338.67
365.376
400.454
443.334
492.854
547.727
606.866
669.475
735.015
803.128
873.535
945.937
1019.99
1095.63
1172.72
1250.98
1330.1
1409.77
1489.66
1569.41
1648.63
1726.88
1803.6
1878.07
1949.19
2015.17
2070.58
2112.71
2133.2
2109.89
2003.8
1845.46
1667.97
1487.95
1313.78
1149.87
999.131
862.743
733.442
619.275
522.838
445.62
388.316
350.706
327.786
312.978
302.105
297.104
294.838
293.817
293.362
293.159
293.07
293.031
293.014
293.006
293.003
293.001
293.001
293
293
293
293
293
293
293
293
293
293
293
293
293
293
293
293
293
293
293
293
293
293
293
293
293
293
293
293.001
293.002
293.006
293.013
293.032
293.075
293.172
293.388
293.858
294.845
296.848
300.742
307.908
319.982
338.725
365.451
400.549
443.447
492.979
547.862
607.007
669.62
735.161
803.276
873.684
946.087
1020.14
1095.79
1172.88
1251.14
1330.27
1409.95
1489.85
1569.6
1648.83
1727.08
1803.82
1878.29
1949.42
2015.39
2070.77
2112.86
2133.24
2109.7
2003.15
1844.65
1667.13
1487.15
1313.05
1149.22
998.567
862.257
732.995
618.9
522.535
445.386
388.152
350.603
327.739
312.946
302.085
297.095
294.834
293.815
293.361
293.159
293.07
293.031
293.014
293.006
293.003
293.001
293.001
293
293
293
293
293
293
293
293
293
293
293
293
293
293
293
)
;
    }
    frontAndBack
    {
        type            empty;
    }
}


// ************************************************************************* //
