/*--------------------------------*- C++ -*----------------------------------*\
  =========                 |
  \\      /  F ield         | OpenFOAM: The Open Source CFD Toolbox
   \\    /   O peration     | Website:  https://openfoam.org
    \\  /    A nd           | Version:  11
     \\/     M anipulation  |
\*---------------------------------------------------------------------------*/
FoamFile
{
    format      ascii;
    class       volScalarField;
    location    "0.05";
    object      CO2;
}
// * * * * * * * * * * * * * * * * * * * * * * * * * * * * * * * * * * * * * //

dimensions      [0 0 0 0 0 0 0];

internalField   nonuniform List<scalar> 
4000
(
2.59402e-10
1.44336e-09
4.24092e-09
1.08821e-08
2.65403e-08
6.29857e-08
1.46351e-07
3.32904e-07
7.3921e-07
1.59533e-06
3.32899e-06
6.62649e-06
1.25309e-05
2.251e-05
3.84645e-05
6.269e-05
9.77981e-05
0.000146667
0.000212529
0.000298547
0.000407962
0.000544036
0.000710017
0.000909125
0.00114454
0.00141938
0.00173673
0.00209961
0.00251101
0.00297384
0.00349097
0.0040652
0.00469925
0.00539576
0.00615727
0.0069862
0.00788488
0.00885551
0.00990014
0.0110207
0.0122189
0.0134963
0.0148542
0.0162938
0.0178158
0.0194207
0.0211085
0.0228789
0.0247312
0.0266639
0.0286737
0.0307554
0.032902
0.0351004
0.0373178
0.0395331
0.0417282
0.0438101
0.0456568
0.047093
0.0478682
0.0475584
0.0455628
0.0424606
0.0388168
0.0349762
0.031148
0.0274571
0.0239756
0.0207414
0.017774
0.0150793
0.0126558
0.0104988
0.00860048
0.00694975
0.00552803
0.00431221
0.00329358
0.00245697
0.0017844
0.00125705
0.000855539
0.000560094
0.000351116
0.000209857
0.000119126
6.40353e-05
3.27425e-05
1.60729e-05
7.61016e-06
3.49041e-06
1.55633e-06
6.76665e-07
2.87314e-07
1.19058e-07
4.78448e-08
1.82238e-08
6.05391e-09
1.05854e-09
2.72096e-10
1.51263e-09
4.43598e-09
1.13533e-08
2.76086e-08
6.5322e-08
1.51319e-07
3.43189e-07
7.59945e-07
1.63609e-06
3.40735e-06
6.7708e-06
1.27901e-05
2.29654e-05
3.92515e-05
6.4035e-05
0.000100074
0.000150366
0.000217899
0.000305954
0.000417834
0.000556839
0.000726244
0.000929282
0.00116914
0.00144895
0.0017718
0.0021407
0.00255864
0.00302852
0.00355321
0.00413549
0.00477807
0.00548359
0.00625456
0.0070934
0.00800242
0.0089838
0.0100396
0.0111716
0.0123817
0.0136713
0.0150418
0.0164943
0.0180296
0.0196482
0.0213499
0.023134
0.025
0.0269468
0.0289705
0.0310662
0.0332261
0.0354372
0.0376656
0.0398889
0.0420916
0.0441778
0.0460219
0.0474429
0.0481899
0.04783
0.0457645
0.0426128
0.0389328
0.0350651
0.0312163
0.0275092
0.0240147
0.0207724
0.0177974
0.0150963
0.0126674
0.0105065
0.00860528
0.00695256
0.00552935
0.00431203
0.00329247
0.00245535
0.00178262
0.00125542
0.000854144
0.000559019
0.000350412
0.000209488
0.000118944
6.39545e-05
3.27313e-05
1.60933e-05
7.63683e-06
3.51257e-06
1.57138e-06
6.84959e-07
2.91307e-07
1.20948e-07
4.87097e-08
1.85944e-08
6.18887e-09
1.08327e-09
3.02531e-10
1.68182e-09
4.92911e-09
1.26001e-08
3.05807e-08
7.21562e-08
1.66564e-07
3.76166e-07
8.28907e-07
1.77496e-06
3.67585e-06
7.2562e-06
1.36257e-05
2.43353e-05
4.13931e-05
6.72321e-05
0.000104639
0.000156664
0.000226532
0.000317566
0.000433131
0.000576587
0.000751261
0.000960435
0.00120733
0.00149511
0.00182687
0.00220566
0.00263445
0.00311615
0.00365361
0.0042496
0.00490682
0.00562789
0.00641528
0.00727139
0.00819849
0.00919872
0.0102741
0.0114264
0.0126574
0.0139685
0.0153609
0.0168357
0.0183936
0.020035
0.0217602
0.023569
0.0254601
0.0274317
0.0294798
0.0315992
0.0337815
0.0360137
0.0382597
0.0404942
0.0427047
0.0447891
0.0466327
0.0480329
0.0487331
0.0482912
0.0461159
0.0428843
0.0391447
0.0352316
0.0313475
0.0276127
0.024096
0.0208345
0.0178476
0.0151371
0.0126996
0.010532
0.00862575
0.00696946
0.00554348
0.00432354
0.00330203
0.00246343
0.00178951
0.00126125
0.000859071
0.00056308
0.000353564
0.000211781
0.000120646
6.52195e-05
3.35296e-05
1.65612e-05
7.89259e-06
3.64106e-06
1.63136e-06
7.12255e-07
3.04219e-07
1.26868e-07
5.13142e-08
1.96628e-08
6.56291e-09
1.15034e-09
3.38605e-10
1.88029e-09
5.49997e-09
1.40149e-08
3.38747e-08
7.95465e-08
1.8268e-07
4.10392e-07
8.99603e-07
1.91649e-06
3.94663e-06
7.74968e-06
1.44865e-05
2.57726e-05
4.36943e-05
7.07733e-05
0.000109893
0.000164204
0.000237037
0.000331814
0.000451992
0.000601017
0.000782293
0.000999164
0.00125491
0.00155273
0.00189576
0.00228707
0.00272963
0.00322638
0.00378015
0.0043937
0.00506973
0.00581079
0.00661935
0.00749776
0.00844824
0.00947289
0.0105737
0.0117523
0.0130105
0.0143495
0.0157707
0.0172748
0.0188627
0.0205346
0.0222905
0.0241299
0.0260515
0.0280533
0.0301312
0.0322798
0.0344897
0.0367476
0.039016
0.0412657
0.0434875
0.0455746
0.0473922
0.0487709
0.0494189
0.0488833
0.046583
0.043258
0.0394469
0.0354777
0.0315489
0.0277779
0.0242318
0.0209458
0.0179358
0.0152084
0.0127606
0.0105837
0.00866877
0.00700536
0.00557341
0.00434793
0.0033218
0.0024793
0.00180209
0.00127109
0.00086656
0.000568459
0.000357407
0.000214693
0.000122749
6.65595e-05
3.43089e-05
1.69906e-05
8.11757e-06
3.75835e-06
1.6936e-06
7.45373e-07
3.20429e-07
1.3445e-07
5.46938e-08
2.10655e-08
7.05894e-09
1.23981e-09
3.81334e-10
2.11451e-09
6.16533e-09
1.56417e-08
3.76192e-08
8.78879e-08
2.00814e-07
4.48905e-07
9.79338e-07
2.07684e-06
4.25345e-06
8.31104e-06
1.54679e-05
2.74133e-05
4.63224e-05
7.48183e-05
0.000115894
0.000172817
0.000249029
0.000348068
0.000473495
0.000628855
0.000817637
0.00104326
0.00130907
0.00161832
0.00197419
0.00237976
0.00283804
0.00335195
0.00392434
0.00455796
0.00525546
0.00601938
0.00685214
0.00775604
0.00873324
0.00978578
0.0109155
0.0121242
0.0134133
0.0147842
0.0162379
0.0177755
0.0193975
0.0211044
0.0228964
0.0247681
0.0267228
0.0287575
0.0308678
0.0330479
0.0352877
0.037573
0.0398654
0.0421314
0.0443653
0.0464535
0.0482518
0.0495825
0.0501736
0.0495404
0.0471217
0.0437035
0.0398179
0.0357884
0.0318101
0.0279982
0.0244181
0.0211035
0.0180694
0.0153193
0.0128493
0.0106579
0.00873229
0.00705913
0.0056182
0.00438453
0.00335136
0.00250289
0.00182058
0.00128514
0.000876864
0.000576212
0.000363387
0.000218871
0.000125482
6.8301e-05
3.53424e-05
1.75883e-05
8.4527e-06
3.93744e-06
1.78421e-06
7.88755e-07
3.40705e-07
1.43673e-07
5.87384e-08
2.27276e-08
7.64326e-09
1.34492e-09
4.26359e-10
2.36119e-09
6.86524e-09
1.73501e-08
4.15432e-08
9.66097e-08
2.1974e-07
4.89057e-07
1.06247e-06
2.24421e-06
4.57476e-06
8.90149e-06
1.65053e-05
2.91567e-05
4.91287e-05
7.91559e-05
0.000122352
0.000182107
0.000261989
0.000365654
0.000496777
0.000659002
0.000855911
0.001091
0.00136769
0.00168927
0.00205897
0.0024799
0.00295509
0.00348746
0.00407984
0.00473498
0.0054555
0.0062439
0.00710253
0.00803365
0.00903934
0.0101216
0.0112821
0.0125225
0.0138443
0.0152486
0.0167365
0.0183087
0.0199657
0.0217079
0.0235354
0.0254427
0.0274322
0.029501
0.0316446
0.0338567
0.0361266
0.0384389
0.0407554
0.0430378
0.045284
0.0473747
0.0491552
0.0504533
0.0509707
0.0502342
0.0477025
0.0441938
0.040233
0.0361406
0.0321094
0.028253
0.0246357
0.0212917
0.018231
0.0154574
0.012967
0.0107549
0.00881237
0.00712697
0.00567549
0.00443142
0.00338905
0.00253249
0.00184286
0.00130153
0.000889524
0.00058587
0.000370095
0.000223395
0.000128433
7.01571e-05
3.6427e-05
1.81995e-05
8.7863e-06
4.11676e-06
1.87493e-06
8.32911e-07
3.61528e-07
1.53202e-07
6.29352e-08
2.44571e-08
8.25189e-09
1.45438e-09
4.72442e-10
2.61348e-09
7.58205e-09
1.91036e-08
4.558e-08
1.05595e-07
2.3925e-07
5.30465e-07
1.14823e-06
2.41696e-06
4.90672e-06
9.51218e-06
1.75796e-05
3.09643e-05
5.20418e-05
8.36636e-05
0.000129069
0.00019178
0.000275493
0.000383988
0.000521056
0.000690445
0.000895831
0.00114079
0.00142879
0.0017632
0.00214726
0.00258413
0.00307682
0.00362827
0.00424131
0.00491863
0.00566284
0.00647637
0.00736153
0.0083205
0.00935528
0.0104677
0.0116595
0.0129322
0.0142869
0.0157248
0.0172467
0.0188529
0.0205437
0.0223183
0.0241752
0.0261222
0.0281486
0.0302522
0.0324288
0.0346719
0.0369708
0.0393091
0.0416481
0.043945
0.0462023
0.0482957
0.0500611
0.051336
0.0518073
0.0509811
0.0483535
0.0447618
0.0407287
0.0365723
0.0324842
0.0285767
0.0249124
0.0215228
0.0184255
0.0156212
0.0131045
0.01087
0.00890802
0.00720657
0.00574143
0.00448583
0.00343215
0.00256562
0.00186852
0.00132203
0.000904711
0.000596493
0.000377402
0.00022829
0.000131609
7.21467e-05
3.75851e-05
1.88477e-05
9.13418e-06
4.29307e-06
1.96582e-06
8.77753e-07
3.8283e-07
1.62968e-07
6.72299e-08
2.62212e-08
8.86999e-09
1.56522e-09
5.19366e-10
2.87014e-09
8.30939e-09
2.08764e-08
4.96463e-08
1.14618e-07
2.58799e-07
5.71891e-07
1.23395e-06
2.58958e-06
5.2386e-06
1.01234e-05
1.86566e-05
3.27795e-05
5.49725e-05
8.82059e-05
0.000135848
0.000201553
0.00028915
0.000402543
0.000545641
0.000722296
0.000936272
0.00119122
0.00149068
0.00183805
0.00223662
0.00268954
0.00319985
0.00377048
0.00440423
0.00510376
0.00587163
0.00671024
0.0076218
0.00860842
0.00967203
0.0108144
0.012037
0.0133413
0.0147285
0.0161994
0.0177547
0.0193948
0.0211198
0.0229293
0.0248228
0.0267995
0.0288571
0.0309918
0.0331987
0.0354702
0.0377956
0.0401576
0.0425178
0.0448269
0.0470923
0.0491852
0.0509352
0.0521948
0.0526172
0.0517122
0.0490034
0.0453376
0.0412369
0.0370191
0.0328754
0.0289181
0.0252097
0.0217825
0.0186498
0.0158132
0.0132678
0.0110079
0.00902246
0.00729833
0.00581516
0.00454458
0.0034783
0.00260221
0.00189757
0.00134355
0.000920295
0.000607496
0.000384949
0.000233299
0.000134811
7.41142e-05
3.87254e-05
1.94749e-05
9.46453e-06
4.46196e-06
2.04764e-06
9.17831e-07
4.02278e-07
1.72048e-07
7.12781e-08
2.78947e-08
9.46093e-09
1.67172e-09
5.65953e-10
3.12475e-09
9.02956e-09
2.26275e-08
5.36518e-08
1.23484e-07
2.77969e-07
6.1245e-07
1.3178e-06
2.75836e-06
5.56316e-06
1.07216e-05
1.97116e-05
3.45598e-05
5.78501e-05
9.26713e-05
0.00014252
0.000211183
0.000302618
0.000420856
0.000569919
0.000753762
0.000976237
0.00124107
0.00155184
0.00191201
0.00232488
0.00279362
0.00332126
0.00391072
0.00456476
0.00528603
0.00607701
0.00694004
0.00787728
0.00889073
0.00998223
0.0111534
0.0124058
0.0137406
0.0151588
0.0166612
0.0182484
0.0199206
0.0216776
0.023519
0.025444
0.0274513
0.029539
0.0317026
0.0339372
0.0362346
0.0385837
0.0409669
0.0433463
0.0456667
0.0479391
0.0500314
0.0517704
0.0530065
0.0533888
0.0524196
0.0496425
0.0459106
0.0417471
0.0374707
0.033273
0.0292661
0.0255129
0.0220451
0.0188759
0.0160065
0.0134319
0.0111464
0.00913865
0.00739606
0.00589551
0.00460825
0.00352965
0.00264208
0.0019273
0.00136543
0.000936066
0.000618566
0.000392484
0.00023825
0.000137941
7.60107e-05
3.98255e-05
2.00749e-05
9.78281e-06
4.62576e-06
2.12922e-06
9.5665e-07
4.20143e-07
1.80246e-07
7.49377e-08
2.94342e-08
1.00076e-08
1.7702e-09
6.10998e-10
3.37073e-09
9.72425e-09
2.43131e-08
5.74994e-08
1.31984e-07
2.96317e-07
6.51225e-07
1.3979e-06
2.91957e-06
5.8733e-06
1.12937e-05
2.07217e-05
3.62666e-05
6.06128e-05
9.69642e-05
0.000148942
0.000220461
0.000315608
0.000438534
0.000593372
0.000784176
0.00101488
0.00128928
0.001611
0.00198355
0.00241023
0.00289423
0.00343858
0.00404616
0.00471971
0.00546183
0.00627494
0.00716131
0.00812303
0.00916202
0.01028
0.0114785
0.012759
0.0141225
0.0155699
0.0171019
0.0187189
0.020421
0.022208
0.0240793
0.0260341
0.0280709
0.0301846
0.0323738
0.0346329
0.0369534
0.0393234
0.0417251
0.0441214
0.0464515
0.0487301
0.0508218
0.0525505
0.0537658
0.0541148
0.053094
0.0502591
0.0464684
0.0422473
0.0379158
0.0336663
0.0296115
0.0258143
0.0223065
0.019101
0.016199
0.0135952
0.0112838
0.00925338
0.00749117
0.00597379
0.004672
0.00357856
0.00268029
0.00195626
0.00138683
0.000951481
0.000629346
0.00039978
0.000243014
0.000140934
7.78163e-05
4.08703e-05
2.06439e-05
1.00838e-05
4.78066e-06
2.2069e-06
9.94602e-07
4.3823e-07
1.88534e-07
7.85799e-08
3.09245e-08
1.05292e-08
1.86365e-09
6.5345e-10
3.60243e-09
1.0378e-08
2.58974e-08
6.11111e-08
1.39954e-07
3.13502e-07
6.87519e-07
1.47286e-06
3.07042e-06
6.16367e-06
1.18298e-05
2.16694e-05
3.787e-05
6.32115e-05
0.000101008
0.000154998
0.000229222
0.000327885
0.000455256
0.000615573
0.000812983
0.0010515
0.00133497
0.0016671
0.00205138
0.00249116
0.00298962
0.00354977
0.00417447
0.00486643
0.00562818
0.00646211
0.00737041
0.00835507
0.00941793
0.0105606
0.0117846
0.0130911
0.0144812
0.0159555
0.0175147
0.019159
0.0208883
0.0227021
0.0245997
0.0265797
0.0286402
0.0307806
0.0329943
0.0352763
0.0376177
0.0400062
0.0424241
0.0448353
0.0471737
0.0494575
0.0515486
0.0532684
0.0544661
0.0547879
0.0537263
0.0508425
0.0469997
0.0427261
0.0383436
0.0340456
0.0299455
0.0261063
0.0225601
0.0193196
0.016386
0.0137539
0.0114172
0.00936453
0.00758302
0.00604908
0.00473289
0.00362703
0.00271724
0.00198407
0.00140731
0.000966163
0.000639565
0.000406663
0.000247489
0.000143735
7.95016e-05
4.18441e-05
2.11732e-05
1.03634e-05
4.92425e-06
2.27869e-06
1.02956e-06
4.5481e-07
1.96163e-07
8.19513e-08
3.2314e-08
1.10169e-08
1.9511e-09
6.92618e-10
3.81616e-09
1.09804e-08
2.73551e-08
6.44296e-08
1.47269e-07
3.29266e-07
7.208e-07
1.54159e-06
3.20879e-06
6.43022e-06
1.23224e-05
2.25414e-05
3.93472e-05
6.56089e-05
0.000104742
0.000160599
0.000237332
0.000339264
0.000470768
0.000636184
0.000839744
0.00108553
0.00137747
0.00171927
0.00211447
0.00256644
0.00307834
0.00365317
0.00429376
0.00500278
0.00578272
0.00663589
0.00756441
0.00857021
0.00965503
0.0108204
0.0120677
0.0133981
0.0148124
0.0163113
0.0178951
0.0195642
0.0213181
0.0231565
0.0250783
0.0270824
0.0291667
0.031328
0.0335623
0.0358635
0.038223
0.0406278
0.0430594
0.0454833
0.0478286
0.0501167
0.0522072
0.0539197
0.0551025
0.0554024
0.0543087
0.0513834
0.0474949
0.0431742
0.0387451
0.0344025
0.0302603
0.026382
0.0227998
0.0195265
0.016563
0.013904
0.0115434
0.00946959
0.00766968
0.00611989
0.00478982
0.00367163
0.00275143
0.00200985
0.00142629
0.000979764
0.000649017
0.000413017
0.000251612
0.000146311
8.10495e-05
4.27374e-05
2.16581e-05
1.06192e-05
5.05544e-06
2.3442e-06
1.06144e-06
4.69922e-07
2.0312e-07
8.50281e-08
3.35835e-08
1.14627e-08
2.03107e-09
7.27843e-10
4.00841e-09
1.15224e-08
2.86676e-08
6.7418e-08
1.53849e-07
3.43438e-07
7.50715e-07
1.60338e-06
3.33322e-06
6.67015e-06
1.27664e-05
2.33281e-05
4.06817e-05
6.77776e-05
0.000108125
0.000165679
0.000244696
0.000349603
0.000484876
0.000654943
0.000864116
0.00111655
0.0014162
0.00176684
0.00217202
0.00263511
0.00315927
0.00374748
0.00440254
0.00512708
0.00592355
0.00679419
0.00774104
0.00876597
0.00987064
0.0110565
0.0123248
0.0136766
0.0151126
0.0166335
0.0182394
0.0199305
0.0217063
0.0235663
0.0255094
0.0275341
0.0296385
0.0318192
0.0340718
0.0363901
0.0387654
0.0411843
0.0436279
0.0460626
0.0484137
0.0507054
0.0527943
0.054501
0.0556718
0.055954
0.0548352
0.051875
0.0479466
0.0435841
0.0391134
0.0347304
0.03055
0.026636
0.0230208
0.0197173
0.0167264
0.0140426
0.0116599
0.00956652
0.00774958
0.00618517
0.00484235
0.00371292
0.00278331
0.0020338
0.00144383
0.000992257
0.000657656
0.000418801
0.000255351
0.000148641
8.24458e-05
4.35416e-05
2.20939e-05
1.08488e-05
5.17314e-06
2.40295e-06
1.09002e-06
4.83474e-07
2.09361e-07
8.77902e-08
3.47237e-08
1.18633e-08
2.1029e-09
7.58484e-10
4.17568e-09
1.19963e-08
2.98185e-08
7.00365e-08
1.59631e-07
3.55904e-07
7.77044e-07
1.65779e-06
3.44286e-06
6.88174e-06
1.31583e-05
2.40236e-05
4.18628e-05
6.96992e-05
0.000111126
0.000170189
0.000251241
0.000358802
0.000497438
0.000671657
0.000885845
0.00114421
0.00145076
0.0018093
0.0022234
0.00269642
0.00323153
0.00383168
0.00449966
0.00523803
0.00604921
0.00693539
0.00789854
0.00894045
0.0100627
0.0112667
0.0125535
0.0139242
0.0153794
0.0169196
0.0185449
0.0202552
0.0220502
0.023929
0.0258906
0.0279333
0.0300551
0.0322524
0.0345208
0.0368538
0.0392425
0.0416735
0.0441274
0.0465714
0.048927
0.0512217
0.0533089
0.0550108
0.0561719
0.0564405
0.0553017
0.0523122
0.0483494
0.0439504
0.039443
0.0350243
0.0308099
0.0268641
0.0232194
0.0198888
0.0168733
0.0141673
0.0117647
0.00965365
0.00782135
0.00624373
0.0048894
0.00374979
0.00281164
0.00205508
0.00145941
0.00100336
0.000665327
0.00042393
0.000258662
0.0001507
8.36781e-05
4.42503e-05
2.24774e-05
1.10507e-05
5.27654e-06
2.45455e-06
1.11513e-06
4.95384e-07
2.14849e-07
9.02199e-08
3.57271e-08
1.22158e-08
2.16613e-09
7.84626e-10
4.31818e-09
1.23962e-08
3.07894e-08
7.22762e-08
1.64582e-07
3.66597e-07
7.99657e-07
1.70456e-06
3.5372e-06
7.06402e-06
1.34963e-05
2.46239e-05
4.28836e-05
7.13617e-05
0.000113725
0.000174099
0.000256919
0.000366788
0.000508351
0.000686187
0.000904743
0.00116828
0.00148085
0.00184627
0.00226813
0.00274981
0.00329446
0.00390502
0.00458423
0.00533464
0.00615861
0.00705828
0.00803556
0.00909219
0.0102297
0.0114493
0.0127522
0.0141392
0.0156109
0.0171676
0.0188095
0.0205364
0.0223477
0.0242427
0.02622
0.028278
0.0304145
0.0326259
0.0349077
0.0372531
0.0396531
0.0420942
0.0445568
0.0470085
0.0493678
0.0516644
0.05375
0.055448
0.0566013
0.0568592
0.0557048
0.052691
0.0486992
0.044269
0.0397301
0.0352806
0.0310367
0.0270633
0.0233929
0.0200387
0.0170017
0.0142762
0.0118562
0.00972973
0.00788401
0.00629482
0.00493039
0.00378187
0.00283626
0.00207355
0.00147292
0.00101297
0.000671958
0.000428358
0.000261516
0.000152473
8.47378e-05
4.48593e-05
2.28065e-05
1.12238e-05
5.36518e-06
2.49878e-06
1.13666e-06
5.05595e-07
2.19556e-07
9.23047e-08
3.65883e-08
1.25184e-08
2.22038e-09
8.06679e-10
4.43857e-09
1.27362e-08
3.16102e-08
7.41297e-08
1.68705e-07
3.75517e-07
8.18539e-07
1.74365e-06
3.61609e-06
7.21657e-06
1.37795e-05
2.51273e-05
4.37401e-05
7.27578e-05
0.000115909
0.000177387
0.000261697
0.000373514
0.000517545
0.000698434
0.000920678
0.00118858
0.00150623
0.00187747
0.00230589
0.00279488
0.00334758
0.00396691
0.0046556
0.00541616
0.00625091
0.00716194
0.00815112
0.00922011
0.0103704
0.0116032
0.0129195
0.0143201
0.0158056
0.0173762
0.019032
0.0207727
0.0225976
0.024506
0.0264964
0.0285672
0.0307159
0.0329389
0.0352316
0.0375872
0.0399967
0.0424462
0.0449161
0.0473744
0.0497365
0.0520325
0.0541163
0.0558113
0.0569589
0.0572085
0.0560421
0.0530087
0.048993
0.0445371
0.0399718
0.0354965
0.0312279
0.0272312
0.0235393
0.0201652
0.01711
0.0143681
0.0119334
0.00979389
0.00793683
0.00633785
0.0049649
0.00380884
0.00285693
0.00208903
0.00148423
0.00102101
0.000677504
0.000432059
0.0002639
0.000153952
8.56206e-05
4.5366e-05
2.30802e-05
1.13675e-05
5.43877e-06
2.53549e-06
1.15452e-06
5.14074e-07
2.23465e-07
9.40365e-08
3.73036e-08
1.27697e-08
2.26544e-09
8.24409e-10
4.53532e-09
1.30091e-08
3.22713e-08
7.56368e-08
1.72002e-07
3.8265e-07
8.33673e-07
1.77503e-06
3.67948e-06
7.33922e-06
1.40073e-05
2.55325e-05
4.443e-05
7.38831e-05
0.000117671
0.00018004
0.000265554
0.000378944
0.000524972
0.000708329
0.000933557
0.001205
0.00152675
0.00190269
0.00233643
0.00283133
0.00339054
0.00401697
0.00471332
0.00548207
0.00632552
0.00724571
0.00824448
0.00932344
0.010484
0.0117274
0.0130545
0.0144661
0.0159626
0.0175443
0.0192112
0.0209629
0.0227988
0.0247179
0.0267189
0.0287998
0.0309582
0.0331904
0.0354919
0.0378557
0.0402729
0.0427299
0.0452071
0.0476741
0.0500473
0.0523116
0.0544024
0.0560988
0.0572436
0.0574875
0.0563123
0.0532636
0.0492291
0.0447526
0.0401663
0.0356703
0.0313819
0.0273665
0.0236572
0.0202671
0.0171973
0.0144421
0.0119955
0.00984553
0.00797931
0.00637244
0.00499262
0.0038305
0.0028735
0.00210142
0.00149328
0.00102743
0.000681928
0.000435007
0.000265797
0.000155128
8.63222e-05
4.57685e-05
2.32973e-05
1.14816e-05
5.49715e-06
2.56462e-06
1.1687e-06
5.208e-07
2.26566e-07
9.54109e-08
3.78715e-08
1.29692e-08
2.30121e-09
8.37881e-10
4.60886e-09
1.32166e-08
3.27745e-08
7.67839e-08
1.74529e-07
3.88099e-07
8.45178e-07
1.79881e-06
3.72746e-06
7.43204e-06
1.41796e-05
2.58392e-05
4.49524e-05
7.47353e-05
0.000119005
0.00018205
0.000268477
0.000383059
0.0005306
0.000715829
0.000943318
0.00121743
0.00154231
0.00192181
0.00235957
0.00285895
0.00342309
0.00405489
0.00475703
0.00553199
0.00638201
0.00730914
0.00831515
0.00940163
0.01057
0.0118213
0.0131565
0.0145764
0.0160812
0.0176713
0.0193466
0.0211066
0.0229506
0.0248778
0.0268865
0.028975
0.0311407
0.0333798
0.0356878
0.0380576
0.0404804
0.0429423
0.0454237
0.0478942
0.0502704
0.0525326
0.0546217
0.0563162
0.0574578
0.0576968
0.056515
0.0534549
0.0494062
0.0449143
0.0403122
0.0358007
0.0314975
0.0274681
0.0237457
0.0203435
0.0172628
0.0144976
0.0120421
0.00988424
0.00801113
0.00639834
0.00501336
0.00384668
0.00288584
0.00211066
0.00150002
0.00103221
0.000685216
0.000437195
0.000267203
0.000155998
8.68407e-05
4.60658e-05
2.34576e-05
1.15658e-05
5.54023e-06
2.58611e-06
1.17916e-06
5.25768e-07
2.28858e-07
9.64267e-08
3.82912e-08
1.31167e-08
2.32765e-09
8.46852e-10
4.6578e-09
1.33546e-08
3.31086e-08
7.75463e-08
1.76222e-07
3.91743e-07
8.52873e-07
1.81473e-06
3.75958e-06
7.4942e-06
1.42951e-05
2.60448e-05
4.53028e-05
7.53072e-05
0.000119901
0.0001834
0.000270441
0.000385826
0.000534387
0.000720876
0.000949889
0.00122581
0.00155278
0.00193469
0.00237515
0.00287755
0.00344501
0.00408043
0.00478647
0.0055656
0.00642005
0.00735183
0.0083627
0.00945424
0.0106278
0.0118845
0.0132251
0.0146505
0.0161609
0.0177566
0.0194374
0.0212029
0.0230524
0.0249848
0.0269987
0.0290922
0.0312628
0.0335066
0.035819
0.0381929
0.0406193
0.0430844
0.0455682
0.0480406
0.0504183
0.0526797
0.0547676
0.0564608
0.0576001
0.0578359
0.0566496
0.0535817
0.0495235
0.0450213
0.0404087
0.0358869
0.0315738
0.0275351
0.023804
0.0203939
0.0173059
0.0145341
0.0120728
0.00990962
0.00803195
0.00641526
0.00502685
0.00385715
0.00289388
0.00211667
0.00150439
0.00103531
0.00068734
0.000438605
0.000268107
0.000156557
8.71734e-05
4.62566e-05
2.35605e-05
1.16198e-05
5.5679e-06
2.59993e-06
1.1859e-06
5.28972e-07
2.30338e-07
9.70836e-08
3.85629e-08
1.32122e-08
2.34476e-09
8.51444e-10
4.68285e-09
1.34252e-08
3.32798e-08
7.79362e-08
1.77078e-07
3.93582e-07
8.56752e-07
1.82274e-06
3.77574e-06
7.52547e-06
1.43532e-05
2.61482e-05
4.5479e-05
7.5595e-05
0.000120352
0.00018408
0.000271431
0.000387221
0.000536297
0.000723423
0.000953206
0.00123004
0.00155807
0.0019412
0.00238304
0.00288696
0.00345611
0.00409336
0.00480138
0.00558261
0.0064393
0.00737344
0.00838677
0.00948087
0.010657
0.0119164
0.0132599
0.014688
0.0162012
0.0177997
0.0194833
0.0212516
0.0231039
0.025039
0.0270556
0.0291516
0.0313247
0.0335708
0.0358854
0.0382615
0.0406899
0.043157
0.0456426
0.0481165
0.0504946
0.0527521
0.054839
0.0565316
0.05767
0.0579041
0.0567153
0.0536433
0.0495802
0.0450728
0.040455
0.0359281
0.0316102
0.0275669
0.0238317
0.0204178
0.0173263
0.0145514
0.0120872
0.00992155
0.00804171
0.00642319
0.00503318
0.00386209
0.00289763
0.00211944
0.0015064
0.00103672
0.0006883
0.000439239
0.000268511
0.000156806
8.73216e-05
4.63417e-05
2.36064e-05
1.16441e-05
5.58037e-06
2.60619e-06
1.18897e-06
5.30438e-07
2.31018e-07
9.73866e-08
3.86885e-08
1.32564e-08
2.3527e-09
8.5173e-10
4.68442e-09
1.34297e-08
3.32907e-08
7.79613e-08
1.77134e-07
3.93704e-07
8.57013e-07
1.8233e-06
3.77689e-06
7.52778e-06
1.43576e-05
2.61561e-05
4.54923e-05
7.56164e-05
0.000120384
0.000184128
0.000271499
0.000387314
0.000536419
0.000723581
0.000953405
0.00123029
0.00155837
0.00194155
0.00238345
0.00288744
0.00345665
0.00409397
0.00480206
0.00558338
0.00644014
0.00737435
0.00838777
0.00948194
0.0106582
0.0119176
0.0132611
0.0146894
0.0162027
0.0178012
0.0194849
0.0212532
0.0231055
0.0250407
0.0270573
0.0291534
0.0313264
0.0335725
0.0358872
0.0382633
0.0406917
0.0431587
0.0456443
0.0481181
0.050496
0.0527533
0.0548398
0.0565321
0.0576698
0.0579029
0.0567126
0.0536399
0.0495765
0.045069
0.0404513
0.0359247
0.031607
0.027564
0.0238291
0.0204155
0.0173242
0.0145496
0.0120856
0.00992024
0.00804062
0.00642229
0.00503244
0.0038615
0.00289716
0.00211908
0.00150612
0.00103652
0.00068816
0.000439144
0.00026845
0.000156769
8.72997e-05
4.63296e-05
2.36001e-05
1.16408e-05
5.57878e-06
2.60543e-06
1.18861e-06
5.30277e-07
2.30947e-07
9.73558e-08
3.86761e-08
1.32521e-08
2.35192e-09
8.47707e-10
4.66249e-09
1.3368e-08
3.31415e-08
7.7622e-08
1.76386e-07
3.9209e-07
8.5359e-07
1.81624e-06
3.76274e-06
7.50063e-06
1.43075e-05
2.6067e-05
4.53407e-05
7.53684e-05
0.000119995
0.000183539
0.000270638
0.000386095
0.000534744
0.000721337
0.000950471
0.00122653
0.00155365
0.00193573
0.00237637
0.00287897
0.00344663
0.00408226
0.00478852
0.00556787
0.00642255
0.00735456
0.00836566
0.00945743
0.0106312
0.0118881
0.013229
0.0146546
0.0161652
0.0177611
0.019442
0.0212077
0.0230573
0.0249899
0.0270039
0.0290976
0.0312682
0.033512
0.0358243
0.0381983
0.0406246
0.0430896
0.0455733
0.0480454
0.0504226
0.0526834
0.0547702
0.0564621
0.0575994
0.0578324
0.0566417
0.0535716
0.0495124
0.04501
0.0403978
0.0358767
0.0315643
0.0275264
0.0237963
0.020387
0.0172998
0.0145289
0.0120682
0.00990577
0.00802873
0.00641259
0.00502468
0.00385545
0.00289252
0.0021156
0.00150359
0.00103473
0.000686937
0.000438335
0.000267933
0.000156451
8.71121e-05
4.62229e-05
2.35428e-05
1.16109e-05
5.5635e-06
2.59782e-06
1.18491e-06
5.28522e-07
2.30137e-07
9.69966e-08
3.85275e-08
1.31998e-08
2.34254e-09
8.39254e-10
4.61637e-09
1.3238e-08
3.28268e-08
7.69055e-08
1.74807e-07
3.88691e-07
8.46498e-07
1.80175e-06
3.73362e-06
7.44412e-06
1.4202e-05
2.58783e-05
4.50176e-05
7.48391e-05
0.000119163
0.000182281
0.000268803
0.000383504
0.000531189
0.000716589
0.000944277
0.00121862
0.00154374
0.00192352
0.00236158
0.00286128
0.00342576
0.00405791
0.00476041
0.00553574
0.00638615
0.00731365
0.00832004
0.00940691
0.0105756
0.0118273
0.0131629
0.0145831
0.0160883
0.0176787
0.0193542
0.0211144
0.0229587
0.024886
0.0268949
0.0289836
0.0311494
0.0333886
0.0356967
0.0380666
0.0404893
0.042951
0.0454322
0.0479023
0.0502777
0.052539
0.0546267
0.0563191
0.0574574
0.0576917
0.0565027
0.0534387
0.0493882
0.0448959
0.0402943
0.0357838
0.0314818
0.0274537
0.0237328
0.020332
0.0172526
0.0144888
0.0120345
0.00987776
0.0080057
0.00639382
0.00500965
0.00384372
0.00288357
0.00210895
0.00149875
0.00103129
0.000684577
0.000436768
0.00026693
0.000155832
8.6745e-05
4.60135e-05
2.34302e-05
1.15519e-05
5.5334e-06
2.58284e-06
1.17763e-06
5.25068e-07
2.28545e-07
9.62914e-08
3.82361e-08
1.30974e-08
2.32419e-09
8.26381e-10
4.54617e-09
1.30402e-08
3.23485e-08
7.58181e-08
1.72414e-07
3.83592e-07
8.35723e-07
1.77924e-06
3.68789e-06
7.35533e-06
1.40369e-05
2.55846e-05
4.45175e-05
7.40231e-05
0.000117885
0.000180355
0.000266
0.000379554
0.000525783
0.000709378
0.000934883
0.00120664
0.00152874
0.00190507
0.00233922
0.00283457
0.00339425
0.00402117
0.00471803
0.0054873
0.00633128
0.00725201
0.00825131
0.0093308
0.0104919
0.0117358
0.0130633
0.0144754
0.0159724
0.0175546
0.0192219
0.020974
0.0228102
0.0247296
0.0267308
0.028812
0.0309706
0.033203
0.0355045
0.0378682
0.0402854
0.0427422
0.0452191
0.0476854
0.0500575
0.0523206
0.0544092
0.0561027
0.0572429
0.0574802
0.0562949
0.0532408
0.0492038
0.0447269
0.0401412
0.0356466
0.03136
0.0273465
0.0236392
0.020251
0.0171832
0.0144298
0.0119849
0.00983652
0.00797176
0.00636617
0.00498748
0.00382639
0.0028703
0.002099
0.00149149
0.00102615
0.000681044
0.000434421
0.000265426
0.000154904
8.61938e-05
4.56988e-05
2.32609e-05
1.14633e-05
5.48814e-06
2.56031e-06
1.16668e-06
5.19879e-07
2.26155e-07
9.5233e-08
3.77991e-08
1.29439e-08
2.29666e-09
8.08984e-10
4.45123e-09
1.27723e-08
3.16992e-08
7.43462e-08
1.69206e-07
3.76621e-07
8.20883e-07
1.74853e-06
3.626e-06
7.23584e-06
1.38153e-05
2.51908e-05
4.38474e-05
7.29308e-05
0.000116175
0.000177779
0.000262255
0.00037428
0.000518566
0.000699758
0.000922354
0.00119066
0.00150876
0.00188048
0.00230944
0.00279901
0.00335231
0.00397227
0.00466161
0.00542284
0.00625827
0.00716998
0.00815985
0.00922952
0.0103805
0.0116139
0.0129308
0.0143321
0.0158181
0.0173893
0.0190456
0.0207868
0.0226122
0.024521
0.0265118
0.0285828
0.0307317
0.0329549
0.0352477
0.0376033
0.0400126
0.0424619
0.0449314
0.0473888
0.0497498
0.052044
0.054125
0.0558163
0.0569579
0.0571992
0.0560198
0.0529793
0.0489606
0.0445041
0.0399397
0.0354662
0.0311999
0.0272056
0.0235162
0.0201446
0.0170919
0.0143523
0.0119198
0.00978237
0.00792717
0.00632984
0.00495833
0.0038036
0.00285284
0.00208591
0.00148194
0.00101937
0.000676378
0.000431316
0.000263432
0.000153671
8.54604e-05
4.52794e-05
2.30351e-05
1.13448e-05
5.42766e-06
2.53019e-06
1.15205e-06
5.12944e-07
2.22961e-07
9.38188e-08
3.72151e-08
1.27388e-08
2.25988e-09
7.8725e-10
4.33265e-09
1.24381e-08
3.08943e-08
7.25122e-08
1.65107e-07
3.67775e-07
8.02234e-07
1.71003e-06
3.54847e-06
7.08619e-06
1.35379e-05
2.46983e-05
4.30098e-05
7.1566e-05
0.000114041
0.000174566
0.000257585
0.000367705
0.000509575
0.000687777
0.00090676
0.00117078
0.00148389
0.00184991
0.00227243
0.0027548
0.00330018
0.0039115
0.00459151
0.00534273
0.00616753
0.00706803
0.00804615
0.0091036
0.0102419
0.0114623
0.012766
0.0141537
0.0156261
0.0171835
0.0188261
0.0205536
0.0223655
0.024261
0.0262388
0.0282973
0.0304341
0.0326457
0.0349274
0.0372727
0.0396726
0.0421133
0.0445753
0.047026
0.0493839
0.0516785
0.0537606
0.0554541
0.0566002
0.0568479
0.0556776
0.0526552
0.0486597
0.0442289
0.039691
0.0352437
0.0310026
0.0270321
0.0233648
0.0200137
0.0169797
0.014257
0.0118397
0.00971572
0.00787227
0.00628509
0.00492241
0.0037755
0.00283129
0.00206976
0.00147013
0.00101098
0.000670592
0.000427459
0.000260951
0.000152135
8.45453e-05
4.47554e-05
2.27526e-05
1.11966e-05
5.35194e-06
2.49247e-06
1.13372e-06
5.04257e-07
2.1896e-07
9.20478e-08
3.64838e-08
1.24819e-08
2.21382e-09
7.6122e-10
4.19073e-09
1.20395e-08
2.99261e-08
7.02932e-08
1.60221e-07
3.5722e-07
7.79919e-07
1.66392e-06
3.45556e-06
6.9069e-06
1.32058e-05
2.41087e-05
4.20079e-05
6.99346e-05
0.000111491
0.00017073
0.000252013
0.000359867
0.000498862
0.000673509
0.000888195
0.00114713
0.00145432
0.00181355
0.00222841
0.00270225
0.00323821
0.00383927
0.00450817
0.00524751
0.00605966
0.00694681
0.00791094
0.00895382
0.010077
0.0112819
0.0125697
0.0139412
0.0153973
0.0169382
0.0185642
0.0202753
0.0220709
0.0239504
0.0259125
0.0279557
0.0300777
0.0322753
0.0345438
0.0368768
0.0392653
0.0416959
0.0441492
0.0465919
0.048946
0.0512383
0.0533215
0.0550181
0.0561706
0.0564272
0.0552697
0.0522701
0.048303
0.0439033
0.0393971
0.034981
0.0307698
0.0268275
0.0231864
0.0198594
0.0168474
0.0141447
0.0117453
0.00963718
0.00780755
0.00623229
0.00488001
0.00374228
0.00280575
0.00205058
0.0014561
0.00100101
0.000663718
0.000422873
0.000257999
0.000150304
8.3453e-05
4.41291e-05
2.24146e-05
1.10191e-05
5.26118e-06
2.44725e-06
1.11174e-06
4.93843e-07
2.14164e-07
8.99252e-08
3.56075e-08
1.21741e-08
2.15862e-09
7.30889e-10
4.02521e-09
1.15709e-08
2.8789e-08
6.7704e-08
1.54506e-07
3.44914e-07
7.53954e-07
1.6103e-06
3.34759e-06
6.69867e-06
1.28203e-05
2.34249e-05
4.08468e-05
6.80457e-05
0.000108541
0.000166295
0.000245577
0.000350818
0.000486501
0.000657057
0.000866799
0.00111988
0.00142026
0.0017717
0.00217775
0.00264176
0.0031669
0.00375614
0.00441227
0.0051379
0.00593548
0.00680723
0.0077552
0.00878124
0.00988699
0.0110739
0.0123432
0.013696
0.015133
0.0166547
0.0182615
0.0199533
0.0217299
0.0235906
0.0255343
0.0275596
0.0296645
0.0318453
0.034098
0.0364163
0.0387913
0.0412099
0.0436529
0.0460862
0.0484354
0.0507245
0.0528089
0.0545096
0.0556705
0.0559389
0.0547986
0.0518269
0.0478935
0.04353
0.0390608
0.0346807
0.0305039
0.026594
0.022983
0.0196836
0.0166967
0.0140167
0.0116377
0.00954763
0.00773376
0.00617205
0.00483159
0.00370427
0.00277631
0.00202869
0.00144011
0.000989614
0.00065584
0.000417603
0.000254596
0.000148188
8.21886e-05
4.34031e-05
2.20222e-05
1.08129e-05
5.15569e-06
2.39469e-06
1.0862e-06
4.81743e-07
2.08595e-07
8.74614e-08
3.45907e-08
1.18169e-08
2.09458e-09
6.96077e-10
3.83522e-09
1.10354e-08
2.74923e-08
6.47535e-08
1.48012e-07
3.30933e-07
7.24458e-07
1.54941e-06
3.22502e-06
6.46245e-06
1.23833e-05
2.26507e-05
3.95336e-05
6.59115e-05
0.000105211
0.000161295
0.000238325
0.000340632
0.000472597
0.000638562
0.000842761
0.00108928
0.00138202
0.00172472
0.0021209
0.00257391
0.0030869
0.00366288
0.00430467
0.0050149
0.00579608
0.0066505
0.00758026
0.00858729
0.00967333
0.0108399
0.0120884
0.0134198
0.0148351
0.016335
0.0179198
0.0195897
0.0213444
0.0231834
0.0251058
0.0271103
0.0291949
0.0313567
0.0335913
0.0358927
0.0382521
0.0406565
0.0430874
0.0455098
0.047853
0.0501382
0.0522238
0.0539295
0.0551013
0.0553857
0.0542677
0.0513294
0.0474352
0.0431134
0.038686
0.0343466
0.0302085
0.0263348
0.0227572
0.0194885
0.0165296
0.0138749
0.0115183
0.00944832
0.00765188
0.00610518
0.00477785
0.00366225
0.00274439
0.00200441
0.00142222
0.000976827
0.000646981
0.000411667
0.000250759
0.0001458
8.07594e-05
4.25816e-05
2.15777e-05
1.05791e-05
5.03604e-06
2.33505e-06
1.05723e-06
4.6802e-07
2.02281e-07
8.46693e-08
3.34387e-08
1.14123e-08
2.02202e-09
6.57319e-10
3.62376e-09
1.04394e-08
2.60509e-08
6.14739e-08
1.40787e-07
3.15372e-07
6.91625e-07
1.48165e-06
3.08866e-06
6.19988e-06
1.18982e-05
2.17921e-05
3.8079e-05
6.35503e-05
0.000101532
0.000155775
0.000230329
0.00032941
0.000457292
0.000618217
0.000816333
0.00105565
0.00134003
0.00167314
0.00205849
0.00249941
0.00299908
0.0035605
0.0041865
0.0048798
0.00564291
0.00647821
0.00738787
0.00837388
0.00943808
0.0105821
0.0118073
0.0131151
0.0145063
0.0159817
0.0175419
0.0191871
0.0209172
0.0227318
0.0246299
0.0266101
0.02867
0.0308119
0.0330263
0.0353085
0.0376498
0.040038
0.0424551
0.0448646
0.0472007
0.0494813
0.0515674
0.0532796
0.0544651
0.0547698
0.0536812
0.0507828
0.0469338
0.0426589
0.0382782
0.0339837
0.0298881
0.026054
0.0225129
0.0192776
0.0163489
0.0137215
0.0113893
0.00934086
0.00756318
0.0060326
0.00471934
0.00361617
0.00270877
0.00197758
0.00140253
0.000962767
0.000637242
0.000405139
0.000246535
0.000143166
7.91804e-05
4.1672e-05
2.10845e-05
1.03192e-05
4.90287e-06
2.26861e-06
1.02492e-06
4.52719e-07
1.95242e-07
8.15575e-08
3.21553e-08
1.09616e-08
1.94119e-09
6.15248e-10
3.39417e-09
9.79186e-09
2.44823e-08
5.79001e-08
1.32906e-07
2.98387e-07
6.55776e-07
1.40765e-06
2.93982e-06
5.91351e-06
1.13696e-05
2.08578e-05
3.64983e-05
6.09881e-05
9.75442e-05
0.000149801
0.000221683
0.000317288
0.000440774
0.000596276
0.000787851
0.00101943
0.00129481
0.00161761
0.00199132
0.00241924
0.00290455
0.00345027
0.00405926
0.00473426
0.00547784
0.00629243
0.00718028
0.00814347
0.00918389
0.0103033
0.0115032
0.0127849
0.0141497
0.0155983
0.0171314
0.0187495
0.0204525
0.0222404
0.0241127
0.0260685
0.028107
0.0302201
0.0324091
0.0346683
0.0369886
0.0393581
0.0417589
0.0441534
0.0464812
0.0487563
0.0508426
0.0525632
0.0537653
0.0540955
0.0530454
0.0501944
0.0463967
0.0421741
0.0378444
0.0335987
0.0295489
0.0257571
0.0222549
0.019055
0.0161584
0.0135598
0.0112533
0.00922742
0.00746941
0.00595574
0.00465719
0.00356667
0.00267098
0.00194918
0.00138163
0.000947774
0.000626803
0.000398107
0.000241964
0.000140307
7.74616e-05
4.06801e-05
2.05457e-05
1.00349e-05
4.75697e-06
2.19574e-06
9.89472e-07
4.35928e-07
1.87524e-07
7.81502e-08
3.07518e-08
1.04692e-08
1.85291e-09
5.70578e-10
3.15025e-09
9.10313e-09
2.28115e-08
5.40879e-08
1.24488e-07
2.80226e-07
6.17417e-07
1.32845e-06
2.78051e-06
5.60719e-06
1.08048e-05
1.98607e-05
3.48136e-05
5.82608e-05
9.33055e-05
0.000143458
0.000212515
0.000304448
0.000423292
0.000573073
0.000757749
0.000981168
0.00124705
0.00155898
0.0019204
0.00233459
0.00280473
0.00333384
0.0039248
0.00458039
0.00530322
0.00609578
0.00696039
0.00789919
0.00891417
0.0100072
0.0111798
0.0124336
0.0137697
0.0151892
0.0166929
0.0182812
0.0199544
0.0217125
0.023555
0.025481
0.0274893
0.029577
0.0317407
0.0339753
0.0362724
0.0386211
0.0410034
0.0433808
0.0456988
0.0479675
0.0500541
0.0517845
0.0530067
0.0533688
0.052368
0.0495732
0.0458335
0.0416683
0.0373938
0.0332001
0.0291985
0.025451
0.0219893
0.018826
0.0159625
0.0133936
0.0111133
0.00911054
0.00737256
0.00587628
0.00459321
0.0035169
0.00263214
0.0019197
0.0013598
0.000932059
0.000615824
0.000390687
0.000237127
0.000137274
7.56359e-05
3.96257e-05
1.9972e-05
9.73133e-06
4.60064e-06
2.11732e-06
9.50955e-07
4.17731e-07
1.79206e-07
7.44949e-08
2.92507e-08
9.94453e-09
1.7589e-09
5.24257e-10
2.89716e-09
8.38752e-09
2.10725e-08
5.01121e-08
1.15693e-07
2.61223e-07
5.77234e-07
1.24543e-06
2.61348e-06
5.28616e-06
1.02134e-05
1.88179e-05
3.3054e-05
5.54165e-05
8.88908e-05
0.00013686
0.00020299
0.00029112
0.000405163
0.000549029
0.000726572
0.000941554
0.00119762
0.00149831
0.001847
0.00224697
0.00270137
0.00321323
0.00378545
0.00442082
0.005122
0.00589153
0.00673179
0.007645
0.00863323
0.00969842
0.0108423
0.0120664
0.0133721
0.0147606
0.0162327
0.0177891
0.0194302
0.0211559
0.022966
0.0248599
0.0268369
0.0288955
0.031031
0.0332383
0.03551
0.037835
0.0401963
0.0425545
0.0448611
0.0471226
0.0492095
0.0509506
0.0521962
0.0525975
0.051659
0.0489306
0.0452561
0.0411532
0.0369373
0.0327978
0.028846
0.0251438
0.0217231
0.0185966
0.0157662
0.0132267
0.0109724
0.00899215
0.00727272
0.00579365
0.00452639
0.00346489
0.00259238
0.0018897
0.0013376
0.000916013
0.000604543
0.000383004
0.000232079
0.000134085
7.37044e-05
3.85055e-05
1.93612e-05
9.40808e-06
4.43367e-06
2.03549e-06
9.1268e-07
3.99856e-07
1.70961e-07
7.081e-08
2.77097e-08
9.39518e-09
1.65988e-09
4.77557e-10
2.6417e-09
7.66365e-09
1.93085e-08
4.60683e-08
1.06725e-07
2.41809e-07
5.36124e-07
1.16042e-06
2.44239e-06
4.95741e-06
9.60815e-06
1.77519e-05
3.12576e-05
5.25162e-05
8.43951e-05
0.000130149
0.000193312
0.000277592
0.000386774
0.000524655
0.000694982
0.000901427
0.00114756
0.00143685
0.00177264
0.00215817
0.00259658
0.00309088
0.00364399
0.00425872
0.00493776
0.0056837
0.00649895
0.00738582
0.00834647
0.00938289
0.0104969
0.0116903
0.0129643
0.0143205
0.0157596
0.0172826
0.0188898
0.0205813
0.0223564
0.0242136
0.0261605
0.0281884
0.030293
0.0324702
0.0347135
0.0370121
0.0393496
0.0416866
0.0439807
0.0462336
0.0483199
0.0500725
0.0513442
0.0517911
0.0509292
0.048279
0.0446772
0.0406414
0.0364867
0.0324029
0.0285012
0.0248439
0.0214627
0.0183701
0.0155715
0.013061
0.0108326
0.00887578
0.00717909
0.00571807
0.00446644
0.00341651
0.002553
0.00185945
0.00131547
0.000900045
0.000593289
0.000375293
0.000226966
0.00013082
7.17015e-05
3.73487e-05
1.87263e-05
9.07411e-06
4.26686e-06
1.95292e-06
8.71745e-07
3.8009e-07
1.61759e-07
6.67157e-08
2.60158e-08
8.79922e-09
1.55257e-09
4.31531e-10
2.38971e-09
6.94817e-09
1.75601e-08
4.20479e-08
9.7785e-08
2.22411e-07
4.94981e-07
1.07526e-06
2.27094e-06
4.62817e-06
9.00277e-06
1.66873e-05
2.94667e-05
4.96303e-05
7.99291e-05
0.000123492
0.000183724
0.000264201
0.000368588
0.000500561
0.000663765
0.000861778
0.00109809
0.00137611
0.00169913
0.00207035
0.00249287
0.00296972
0.0035038
0.00409793
0.00475484
0.00547714
0.00626731
0.0071277
0.00806055
0.00906794
0.0101518
0.0113139
0.0125559
0.0138791
0.0152848
0.0167739
0.0183472
0.0200052
0.0217481
0.023576
0.0254857
0.0274754
0.0295444
0.0316881
0.0339002
0.0361699
0.0384814
0.0407959
0.0430757
0.0453183
0.0474032
0.0491733
0.0504583
0.0509543
0.0501836
0.047627
0.0441069
0.0401431
0.0360521
0.0320247
0.0281729
0.0245606
0.0212209
0.0181687
0.0154026
0.0129191
0.0107135
0.00877722
0.00709742
0.00565123
0.00441153
0.00337307
0.00251991
0.00183321
0.00129443
0.000884478
0.000582418
0.000367828
0.000221974
0.000127587
6.96798e-05
3.61738e-05
1.80729e-05
8.72404e-06
4.08707e-06
1.86092e-06
8.26473e-07
3.58661e-07
1.5196e-07
6.24137e-08
2.42497e-08
8.18043e-09
1.44163e-09
3.86642e-10
2.14395e-09
6.25087e-09
1.58583e-08
3.81392e-08
8.90997e-08
2.03572e-07
4.55036e-07
9.9261e-07
2.10466e-06
4.30917e-06
8.41689e-06
1.56583e-05
2.77379e-05
4.68476e-05
7.56278e-05
0.000117087
0.000174506
0.000251339
0.000351126
0.000477435
0.000633807
0.000823728
0.00105061
0.00131779
0.00162851
0.00198594
0.00239314
0.00285311
0.00336878
0.00394295
0.00457837
0.00527768
0.00604342
0.00687798
0.00778364
0.00876258
0.00981681
0.0109482
0.0121584
0.013449
0.0148214
0.0162765
0.0178155
0.0194389
0.0211472
0.022941
0.0248127
0.0267676
0.0288024
0.0309128
0.033093
0.0353325
0.037617
0.0399074
0.0421712
0.0444015
0.0464839
0.0482719
0.0495887
0.0501581
0.0494925
0.0470438
0.043611
0.0397201
0.0356911
0.0317171
0.0279118
0.024339
0.0210322
0.018006
0.0152631
0.0127999
0.0106148
0.00869554
0.00702846
0.00559278
0.00436364
0.00333465
0.00248981
0.00181059
0.0012777
0.000871527
0.000572545
0.000360977
0.000217359
0.000124581
6.77931e-05
3.50715e-05
1.74493e-05
8.38523e-06
3.90489e-06
1.76924e-06
7.82034e-07
3.3775e-07
1.42401e-07
5.82067e-08
2.25173e-08
7.57108e-09
1.33206e-09
3.44019e-10
1.91048e-09
5.58786e-09
1.42371e-08
3.44064e-08
8.07843e-08
1.85501e-07
4.16677e-07
9.13239e-07
1.94515e-06
4.00418e-06
7.85927e-06
1.4684e-05
2.61095e-05
4.42397e-05
7.16136e-05
0.000111131
0.000165956
0.000239428
0.000334975
0.000456059
0.00060612
0.00078856
0.00100672
0.00126385
0.00156317
0.00190779
0.00230075
0.00274503
0.00324355
0.00379912
0.00441451
0.00509237
0.00583527
0.00664565
0.00752586
0.0084781
0.00950447
0.0106069
0.0117872
0.0130469
0.0143874
0.01581
0.0173156
0.0189048
0.020578
0.022335
0.024175
0.0260971
0.0280993
0.0301774
0.032326
0.0345356
0.0367929
0.0390594
0.041307
0.0435253
0.0456067
0.0474147
0.0487803
0.0494095
0.0488429
0.0465099
0.0431685
0.0393508
0.0353812
0.031456
0.0276908
0.0241516
0.0208729
0.0178703
0.0151501
0.0127094
0.0105394
0.00863098
0.00697345
0.00554682
0.00432607
0.00330429
0.0024656
0.00179165
0.00126335
0.000861003
0.000564591
0.000354821
0.000213074
0.000121791
6.60216e-05
3.4021e-05
1.68427e-05
8.04497e-06
3.72434e-06
1.67815e-06
7.38505e-07
3.1742e-07
1.33156e-07
5.4154e-08
2.08524e-08
6.98598e-09
1.22683e-09
3.07819e-10
1.7111e-09
5.01503e-09
1.28193e-08
3.11109e-08
7.34008e-08
1.69417e-07
3.82553e-07
8.42811e-07
1.80423e-06
3.73505e-06
7.36906e-06
1.38293e-05
2.46828e-05
4.19555e-05
6.80979e-05
0.000105913
0.000158465
0.000228987
0.000320809
0.000437296
0.000581805
0.000757659
0.000968132
0.00121644
0.00150572
0.00183908
0.00221954
0.00265006
0.00313354
0.00367281
0.00427064
0.00492972
0.00565263
0.00644185
0.00729977
0.00822864
0.00923061
0.0103076
0.0114616
0.0126941
0.0140067
0.0154005
0.0168766
0.0184357
0.0200782
0.0218043
0.023614
0.0255058
0.027478
0.0295264
0.0316461
0.0338283
0.03606
0.0383042
0.0405367
0.0427438
0.0448227
0.0466568
0.0480451
0.0487253
0.0482515
0.0460429
0.0427943
0.0390479
0.0351342
0.0312533
0.0275239
0.0240138
0.0207595
0.0177801
0.0150771
0.0126469
0.0104862
0.00858651
0.00693626
0.00551575
0.00430068
0.0032837
0.00244905
0.00177852
0.00125311
0.000853247
0.000559074
0.000350931
0.000210108
0.000119643
6.46582e-05
3.32343e-05
1.6412e-05
7.81921e-06
3.60542e-06
1.61472e-06
7.04841e-07
3.01018e-07
1.25505e-07
5.07489e-08
1.94412e-08
6.48753e-09
1.13697e-09
2.77229e-10
1.54117e-09
4.51975e-09
1.15679e-08
2.81305e-08
6.65541e-08
1.54159e-07
3.49581e-07
7.73927e-07
1.66567e-06
3.46755e-06
6.88594e-06
1.29981e-05
2.33202e-05
3.9823e-05
6.49056e-05
0.000101335
0.000152181
0.000220393
0.000309254
0.00042207
0.00056214
0.000732734
0.000937079
0.00117835
0.00145968
0.00178412
0.0021547
0.00257437
0.00304604
0.00357254
0.00415666
0.0048011
0.00550847
0.00628128
0.00712194
0.00803273
0.00901584
0.0100733
0.0112069
0.0124185
0.0137096
0.0150814
0.0165351
0.0180714
0.0196909
0.0213936
0.0231786
0.0250456
0.0269932
0.0290175
0.0311135
0.0332734
0.0354843
0.037711
0.0399325
0.0421323
0.0442139
0.0460499
0.0474578
0.0481852
0.0477948
0.0456936
0.0425236
0.0388361
0.0349673
0.0311213
0.0274194
0.0239314
0.0206963
0.0177287
0.015035
0.0126134
0.0104594
0.00856481
0.00691824
0.00550061
0.00428829
0.00327336
0.00244033
0.00177111
0.00124686
0.000848001
0.000554783
0.000347614
0.000207731
0.000117899
6.33671e-05
3.24212e-05
1.59373e-05
7.56163e-06
3.47721e-06
1.55502e-06
6.77557e-07
2.88035e-07
1.19554e-07
4.81366e-08
1.83713e-08
6.11329e-09
1.06989e-09
2.64586e-10
1.47218e-09
4.32554e-09
1.1099e-08
2.70682e-08
6.42344e-08
1.49237e-07
3.39414e-07
7.53484e-07
1.6256e-06
3.39064e-06
6.74457e-06
1.27445e-05
2.28752e-05
3.90573e-05
6.36088e-05
9.91646e-05
0.000148562
0.000215086
0.000301903
0.000412253
0.000549392
0.000716564
0.00091698
0.00115381
0.00143016
0.0017491
0.00211366
0.00252679
0.0029914
0.00351035
0.00408643
0.00472233
0.0054207
0.00618404
0.00701479
0.00791526
0.00888761
0.00993391
0.0110561
0.0122558
0.0135346
0.0148939
0.0163347
0.0178579
0.0194639
0.0211528
0.0229241
0.0247772
0.0267106
0.0287209
0.030803
0.0329495
0.0351476
0.0373633
0.0395767
0.0417689
0.0438458
0.0456843
0.0471083
0.0478646
0.0475249
0.0454925
0.0423715
0.0387198
0.0348779
0.0310524
0.0273666
0.0238915
0.0206645
0.0177044
0.0150172
0.0126008
0.0104509
0.00855918
0.00691464
0.00549857
0.0042878
0.00327389
0.00244144
0.00177248
0.00124817
0.000849152
0.000555682
0.000348212
0.000208038
0.000118043
6.34262e-05
3.24208e-05
1.59107e-05
7.53165e-06
3.45362e-06
1.5396e-06
6.6917e-07
2.84037e-07
1.17663e-07
4.72699e-08
1.79998e-08
5.97807e-09
1.04512e-09
)
;

boundaryField
{
    fuel
    {
        type            fixedValue;
        value           uniform 0;
    }
    air
    {
        type            fixedValue;
        value           uniform 0;
    }
    outlet
    {
        type            inletOutlet;
        inletValue      uniform 0;
        value           nonuniform List<scalar> 
200
(
2.59402e-10
1.44336e-09
4.24092e-09
1.08821e-08
2.65403e-08
6.29857e-08
1.46351e-07
3.32904e-07
7.3921e-07
1.59533e-06
3.32899e-06
6.62649e-06
1.25309e-05
2.251e-05
3.84645e-05
6.269e-05
9.77981e-05
0.000146667
0.000212529
0.000298547
0.000407962
0.000544036
0.000710017
0.000909125
0.00114454
0.00141938
0.00173673
0.00209961
0.00251101
0.00297384
0.00349097
0.0040652
0.00469925
0.00539576
0.00615727
0.0069862
0.00788488
0.00885551
0.00990014
0.0110207
0.0122189
0.0134963
0.0148542
0.0162938
0.0178158
0.0194207
0.0211085
0.0228789
0.0247312
0.0266639
0.0286737
0.0307554
0.032902
0.0351004
0.0373178
0.0395331
0.0417282
0.0438101
0.0456568
0.047093
0.0478682
0.0475584
0.0455628
0.0424606
0.0388168
0.0349762
0.031148
0.0274571
0.0239756
0.0207414
0.017774
0.0150793
0.0126558
0.0104988
0.00860048
0.00694975
0.00552803
0.00431221
0.00329358
0.00245697
0.0017844
0.00125705
0.000855539
0.000560094
0.000351116
0.000209857
0.000119126
6.40353e-05
3.27425e-05
1.60729e-05
7.61016e-06
3.49041e-06
1.55633e-06
6.76665e-07
2.87314e-07
1.19058e-07
4.78448e-08
1.82238e-08
6.05391e-09
1.05854e-09
2.64586e-10
1.47218e-09
4.32554e-09
1.1099e-08
2.70682e-08
6.42344e-08
1.49237e-07
3.39414e-07
7.53484e-07
1.6256e-06
3.39064e-06
6.74457e-06
1.27445e-05
2.28752e-05
3.90573e-05
6.36088e-05
9.91646e-05
0.000148562
0.000215086
0.000301903
0.000412253
0.000549392
0.000716564
0.00091698
0.00115381
0.00143016
0.0017491
0.00211366
0.00252679
0.0029914
0.00351035
0.00408643
0.00472233
0.0054207
0.00618404
0.00701479
0.00791526
0.00888761
0.00993391
0.0110561
0.0122558
0.0135346
0.0148939
0.0163347
0.0178579
0.0194639
0.0211528
0.0229241
0.0247772
0.0267106
0.0287209
0.030803
0.0329495
0.0351476
0.0373633
0.0395767
0.0417689
0.0438458
0.0456843
0.0471083
0.0478646
0.0475249
0.0454925
0.0423715
0.0387198
0.0348779
0.0310524
0.0273666
0.0238915
0.0206645
0.0177044
0.0150172
0.0126008
0.0104509
0.00855918
0.00691464
0.00549857
0.0042878
0.00327389
0.00244144
0.00177248
0.00124817
0.000849152
0.000555682
0.000348212
0.000208038
0.000118043
6.34262e-05
3.24208e-05
1.59107e-05
7.53165e-06
3.45362e-06
1.5396e-06
6.6917e-07
2.84037e-07
1.17663e-07
4.72699e-08
1.79998e-08
5.97807e-09
1.04512e-09
)
;
    }
    frontAndBack
    {
        type            empty;
    }
}


// ************************************************************************* //
