/*--------------------------------*- C++ -*----------------------------------*\
  =========                 |
  \\      /  F ield         | OpenFOAM: The Open Source CFD Toolbox
   \\    /   O peration     | Website:  https://openfoam.org
    \\  /    A nd           | Version:  11
     \\/     M anipulation  |
\*---------------------------------------------------------------------------*/
FoamFile
{
    format      ascii;
    class       volScalarField;
    location    "0.05";
    object      H2O;
}
// * * * * * * * * * * * * * * * * * * * * * * * * * * * * * * * * * * * * * //

dimensions      [0 0 0 0 0 0 0];

internalField   nonuniform List<scalar> 
4000
(
2.1237e-10
1.18166e-09
3.47201e-09
8.90911e-09
2.17283e-08
5.15658e-08
1.19816e-07
2.72546e-07
6.05185e-07
1.30609e-06
2.72541e-06
5.42505e-06
1.0259e-05
1.84287e-05
3.14906e-05
5.13237e-05
8.00665e-05
0.000120075
0.000173995
0.000244418
0.000333995
0.000445397
0.000581285
0.000744293
0.000937021
0.00116203
0.00142184
0.00171893
0.00205574
0.00243466
0.00285803
0.00332814
0.00384724
0.00441746
0.0050409
0.00571954
0.00645529
0.00724993
0.00810516
0.00902253
0.0100035
0.0110493
0.012161
0.0133396
0.0145856
0.0158995
0.0172814
0.0187308
0.0202472
0.0218295
0.0234749
0.0251792
0.0269365
0.0287364
0.0305517
0.0323654
0.0341625
0.0358669
0.0373788
0.0385546
0.0391893
0.0389356
0.0373018
0.0347621
0.031779
0.0286347
0.0255006
0.0224789
0.0196286
0.0169808
0.0145514
0.0123453
0.0103612
0.0085953
0.00704114
0.0056897
0.00452575
0.00353037
0.00269642
0.0020115
0.00146087
0.00102913
0.000700423
0.000458544
0.000287456
0.000171808
9.75274e-05
5.24251e-05
2.6806e-05
1.31587e-05
6.23037e-06
2.85757e-06
1.27416e-06
5.5398e-07
2.35222e-07
9.74721e-08
3.91701e-08
1.49196e-08
4.95628e-09
8.66614e-10
2.22762e-10
1.23838e-09
3.6317e-09
9.29484e-09
2.26029e-08
5.34785e-08
1.23883e-07
2.80966e-07
6.2216e-07
1.33945e-06
2.78957e-06
5.54319e-06
1.04712e-05
1.88016e-05
3.21348e-05
5.24249e-05
8.19297e-05
0.000123104
0.000178392
0.000250482
0.000342077
0.000455879
0.000594569
0.000760795
0.000957164
0.00118624
0.00145055
0.00175257
0.00209474
0.00247943
0.00290898
0.00338569
0.00391177
0.00448937
0.00512055
0.00580731
0.00655151
0.00735496
0.00821931
0.00914612
0.0101368
0.0111926
0.0123146
0.0135038
0.0147607
0.0160858
0.017479
0.0189396
0.0204673
0.0220611
0.0237179
0.0254336
0.0272019
0.0290122
0.0308365
0.0326567
0.0344601
0.036168
0.0376778
0.0388411
0.0394526
0.039158
0.037467
0.0348867
0.0318739
0.0287075
0.0255565
0.0225215
0.0196606
0.0170062
0.0145706
0.0123592
0.0103707
0.00860162
0.00704507
0.005692
0.00452683
0.00353023
0.00269551
0.00201017
0.00145941
0.0010278
0.00069928
0.000457664
0.00028688
0.000171506
9.73783e-05
5.2359e-05
2.67969e-05
1.31754e-05
6.2522e-06
2.87571e-06
1.28648e-06
5.6077e-07
2.3849e-07
9.9019e-08
3.98782e-08
1.52231e-08
5.06677e-09
8.86863e-10
2.4768e-10
1.37689e-09
4.03542e-09
1.03156e-08
2.50362e-08
5.90737e-08
1.36364e-07
3.07964e-07
6.78619e-07
1.45315e-06
3.00939e-06
5.94059e-06
1.11552e-05
1.99231e-05
3.38882e-05
5.50423e-05
8.56671e-05
0.00012826
0.00018546
0.000259989
0.000354601
0.000472046
0.000615051
0.000786299
0.00098843
0.00122403
0.00149565
0.00180576
0.0021568
0.00255116
0.00299117
0.00347911
0.00401717
0.0046075
0.00525213
0.00595302
0.00671203
0.00753091
0.0084113
0.00935471
0.0103625
0.0114359
0.0125758
0.0137833
0.0150587
0.0164025
0.0178149
0.0192957
0.020844
0.0224581
0.0241348
0.02587
0.0276566
0.0294841
0.0313229
0.0331522
0.034962
0.0366684
0.0381778
0.0393241
0.0398974
0.0395356
0.0377547
0.035109
0.0320474
0.0288438
0.0256639
0.0226063
0.0197272
0.017057
0.0146117
0.0123926
0.0103971
0.00862246
0.00706182
0.00570583
0.0045384
0.00353964
0.00270335
0.00201679
0.00146505
0.00103258
0.000703314
0.000460988
0.00028946
0.000173383
9.87722e-05
5.33947e-05
2.74504e-05
1.35585e-05
6.4616e-06
2.98091e-06
1.33558e-06
5.83117e-07
2.49061e-07
1.03866e-07
4.20105e-08
1.60978e-08
5.373e-09
9.4177e-10
2.77213e-10
1.53938e-09
4.50278e-09
1.14739e-08
2.77329e-08
6.51241e-08
1.49559e-07
3.35985e-07
7.36497e-07
1.56902e-06
3.23107e-06
6.3446e-06
1.186e-05
2.10998e-05
3.57721e-05
5.79415e-05
8.99682e-05
0.000134433
0.00019406
0.000271653
0.000370042
0.000492048
0.000640456
0.000818007
0.00102738
0.00127121
0.00155204
0.0018724
0.00223473
0.00264141
0.00309477
0.00359709
0.00415054
0.00475724
0.0054192
0.00613835
0.0069165
0.00775538
0.00865656
0.00962151
0.0106515
0.0117478
0.0129113
0.0141428
0.0154427
0.0168115
0.0182491
0.0197549
0.0213282
0.022967
0.0246682
0.0264272
0.0282364
0.030085
0.031942
0.0337839
0.0356029
0.0373115
0.0387996
0.0399283
0.0404589
0.0400203
0.0381371
0.035415
0.0322948
0.0290453
0.0258288
0.0227415
0.0198383
0.0171482
0.0146839
0.012451
0.010447
0.00866474
0.00709704
0.00573523
0.0045629
0.00355961
0.00271953
0.00202978
0.00147536
0.00104063
0.000709445
0.000465392
0.000292606
0.000175767
0.000100494
5.44917e-05
2.80884e-05
1.39101e-05
6.64578e-06
3.07693e-06
1.38653e-06
6.1023e-07
2.62333e-07
1.10073e-07
4.47774e-08
1.72461e-08
5.77909e-09
1.01502e-09
3.12195e-10
1.73113e-09
5.0475e-09
1.28057e-08
3.07985e-08
7.19531e-08
1.64404e-07
3.67514e-07
8.01775e-07
1.70029e-06
3.48226e-06
6.80418e-06
1.26634e-05
2.2443e-05
3.79238e-05
6.12531e-05
9.48816e-05
0.000141483
0.000203878
0.00028496
0.000387647
0.000514838
0.000669392
0.00085411
0.00107173
0.00132491
0.00161625
0.00194829
0.00232348
0.00274421
0.00321282
0.00373156
0.0043026
0.00492801
0.00560979
0.0063498
0.00714983
0.00801153
0.00893644
0.00992596
0.0109813
0.0121037
0.0132939
0.0145527
0.0158806
0.017278
0.0187451
0.0202774
0.0218777
0.0235435
0.0252712
0.0270561
0.0288898
0.0307607
0.0326374
0.0344926
0.0363215
0.038031
0.0395034
0.0405927
0.0410767
0.0405583
0.0385781
0.0357796
0.0325986
0.0292996
0.0260426
0.0229219
0.0199909
0.0172772
0.0147932
0.0125418
0.0105196
0.00872556
0.00714905
0.00577924
0.00459957
0.00358957
0.00274373
0.00204909
0.00149049
0.00105214
0.000717881
0.00047174
0.000297502
0.000179188
0.000102731
5.59174e-05
2.89345e-05
1.43994e-05
6.92015e-06
3.22355e-06
1.46072e-06
6.45746e-07
2.78932e-07
1.17624e-07
4.80886e-08
1.86069e-08
6.25747e-09
1.10108e-09
3.49056e-10
1.93309e-09
5.62051e-09
1.42044e-08
3.40111e-08
7.90935e-08
1.79899e-07
4.00387e-07
8.69834e-07
1.83731e-06
3.74532e-06
7.28757e-06
1.35128e-05
2.38703e-05
4.02213e-05
6.48042e-05
0.000100168
0.000149089
0.000214488
0.000299358
0.000406707
0.000539519
0.000700727
0.000893196
0.00111971
0.00138299
0.00168566
0.00203027
0.0024193
0.00285515
0.00334013
0.00387649
0.00446637
0.00511182
0.00581478
0.00657708
0.00740043
0.00828643
0.00923654
0.0102521
0.0113342
0.0124839
0.013702
0.0149892
0.0163458
0.0177721
0.0192682
0.0208297
0.0224585
0.0241522
0.0259071
0.0277182
0.0295766
0.0314696
0.0333661
0.0352346
0.0370736
0.0387853
0.0402429
0.0413057
0.0417293
0.0411263
0.0390536
0.0361811
0.0329384
0.029588
0.0262877
0.0231305
0.020169
0.0174313
0.0149255
0.0126548
0.010616
0.00880492
0.00721461
0.00583479
0.00464648
0.00362796
0.00277458
0.00207332
0.00150874
0.00106555
0.000728245
0.000479646
0.000302993
0.000182892
0.000105147
5.7437e-05
2.98224e-05
1.48998e-05
7.19327e-06
3.37035e-06
1.53499e-06
6.81897e-07
2.95979e-07
1.25425e-07
5.15245e-08
2.00228e-08
6.75575e-09
1.19069e-09
3.86784e-10
2.13963e-09
6.20736e-09
1.56399e-08
3.7316e-08
8.64494e-08
1.95872e-07
4.34287e-07
9.40048e-07
1.97875e-06
4.01709e-06
7.78753e-06
1.43923e-05
2.53502e-05
4.26062e-05
6.84946e-05
0.000105668
0.000157009
0.000225544
0.000314368
0.000426584
0.000565261
0.000733409
0.000933954
0.00116974
0.00144352
0.00175795
0.0021156
0.00251896
0.00297043
0.00347232
0.00402684
0.00463611
0.00530215
0.00602682
0.00681192
0.00765909
0.00856984
0.00954555
0.0105874
0.0116966
0.0128738
0.0141197
0.0154347
0.0168189
0.0182718
0.0197921
0.021386
0.023045
0.0247672
0.0265492
0.0283856
0.0302676
0.032182
0.0340969
0.0359774
0.0378254
0.0395393
0.0409846
0.0420283
0.0424142
0.0417378
0.0395866
0.0366461
0.0333442
0.0299414
0.0265945
0.0233955
0.0203956
0.0176206
0.0150848
0.0127889
0.0107285
0.00889919
0.00729292
0.00589996
0.00470046
0.00367251
0.00280987
0.00210045
0.00152974
0.00108234
0.000740679
0.000488344
0.000308976
0.000186899
0.000107747
5.90659e-05
3.07706e-05
1.54305e-05
7.47807e-06
3.5147e-06
1.6094e-06
7.18609e-07
3.13419e-07
1.3342e-07
5.50405e-08
2.14671e-08
7.26178e-09
1.28143e-09
4.252e-10
2.34976e-09
6.80282e-09
1.70913e-08
4.0645e-08
9.38369e-08
2.11877e-07
4.68202e-07
1.01023e-06
2.12007e-06
4.28879e-06
8.28795e-06
1.5274e-05
2.68363e-05
4.50055e-05
7.22134e-05
0.000111218
0.00016501
0.000236725
0.000329559
0.000446711
0.000591337
0.000766518
0.000975244
0.00122041
0.0015048
0.0018311
0.0022019
0.00261969
0.00308686
0.0036057
0.0041784
0.00480705
0.00549361
0.0062399
0.00704764
0.0079184
0.00885363
0.0098546
0.0109224
0.0120581
0.0132623
0.0145356
0.0158784
0.0172906
0.018772
0.0203222
0.0219405
0.0236251
0.0253727
0.0271795
0.0290392
0.0309429
0.0328767
0.0348089
0.0366994
0.038554
0.0402675
0.0417002
0.0427314
0.0430773
0.0423363
0.0401187
0.0371175
0.0337603
0.0303072
0.0269148
0.023675
0.020639
0.0178331
0.0152684
0.0129461
0.0108622
0.00901208
0.00738661
0.00597508
0.00476082
0.00372061
0.00284765
0.0021304
0.00155353
0.00109995
0.000753438
0.000497352
0.000315155
0.000191
0.000110369
6.06766e-05
3.17041e-05
1.59439e-05
7.74853e-06
3.65297e-06
1.67638e-06
7.5142e-07
3.29341e-07
1.40854e-07
5.83548e-08
2.28371e-08
7.74558e-09
1.36862e-09
4.63341e-10
2.5582e-09
7.39242e-09
1.85249e-08
4.39242e-08
1.01096e-07
2.27571e-07
5.01408e-07
1.07887e-06
2.25825e-06
4.55451e-06
8.77767e-06
1.61377e-05
2.82938e-05
4.73613e-05
7.58692e-05
0.00011668
0.000172893
0.000247751
0.000344551
0.000466588
0.000617098
0.000799236
0.00101605
0.00127048
0.00156535
0.00190336
0.00228711
0.00271909
0.00320167
0.00373713
0.00432763
0.0049752
0.00568175
0.00644906
0.00727876
0.00817237
0.00913122
0.0101565
0.0112493
0.0124104
0.0136404
0.0149398
0.0163088
0.0177473
0.0192548
0.0208308
0.0224741
0.0241833
0.0259547
0.0277841
0.0296649
0.0315882
0.0335393
0.0354872
0.0373869
0.0392473
0.0409603
0.0423839
0.043396
0.0437089
0.0429154
0.0406419
0.0375866
0.034178
0.0306769
0.0272403
0.0239599
0.0208872
0.0180482
0.0154535
0.0131044
0.0109966
0.00912543
0.00748173
0.00605509
0.00482661
0.00377273
0.00288969
0.00216305
0.00157787
0.00111786
0.000766349
0.000506415
0.000321323
0.000195053
0.000112931
6.22293e-05
3.26048e-05
1.64351e-05
8.0091e-06
3.78707e-06
1.74317e-06
7.83201e-07
3.43968e-07
1.47566e-07
6.13508e-08
2.40975e-08
8.1931e-09
1.44925e-09
5.00219e-10
2.75959e-09
7.96116e-09
1.99049e-08
4.70743e-08
1.08055e-07
2.42592e-07
5.33152e-07
1.14445e-06
2.39023e-06
4.80842e-06
9.24603e-06
1.69647e-05
2.96911e-05
4.96231e-05
7.93838e-05
0.000121938
0.00018049
0.000258386
0.000359024
0.000485789
0.000641998
0.000830873
0.00105552
0.00131892
0.00162391
0.00197324
0.00236948
0.00281514
0.00331256
0.00386399
0.00447155
0.00513724
0.0058629
0.00665026
0.00750086
0.00841615
0.00939738
0.0104457
0.0115619
0.0127469
0.0140012
0.015325
0.0167185
0.0181815
0.0197135
0.0213139
0.0229814
0.0247119
0.0265041
0.0283537
0.0302535
0.0321937
0.03416
0.0361218
0.0380294
0.0398949
0.0416073
0.0430227
0.0440176
0.0443033
0.0434676
0.0411467
0.0380433
0.0345875
0.0310413
0.0275623
0.0242427
0.021134
0.0182622
0.0156378
0.013262
0.0111303
0.00923795
0.00757566
0.00613296
0.00489069
0.00382493
0.00292973
0.00219433
0.00160157
0.00113539
0.000778969
0.00051524
0.000327296
0.000198954
0.000115381
6.37075e-05
3.34602e-05
1.69009e-05
8.25554e-06
3.91388e-06
1.80677e-06
8.14272e-07
3.58775e-07
1.54351e-07
6.43327e-08
2.53176e-08
8.62015e-09
1.52575e-09
5.34974e-10
2.94928e-09
8.49636e-09
2.1202e-08
5.00311e-08
1.14579e-07
2.56661e-07
5.62866e-07
1.20582e-06
2.51373e-06
5.04614e-06
9.68493e-06
1.77406e-05
3.10038e-05
5.17507e-05
8.2694e-05
0.000126896
0.000187662
0.000268437
0.000372714
0.000503965
0.000665582
0.000860853
0.00109293
0.00136484
0.00167944
0.00203949
0.00244757
0.00290617
0.0034176
0.0039841
0.00460774
0.00529048
0.00603409
0.00684022
0.00771037
0.0086459
0.00964797
0.0107176
0.0118556
0.0130627
0.0143392
0.0156853
0.017101
0.018586
0.0201396
0.0217606
0.0234475
0.0251998
0.0270122
0.0288804
0.0307973
0.0327528
0.0347323
0.0367063
0.0386207
0.0404904
0.0422024
0.0436104
0.0445909
0.0448544
0.0439853
0.0416243
0.0384782
0.0349795
0.0313915
0.0278728
0.0245161
0.021373
0.0184698
0.0158168
0.0134151
0.0112602
0.00934715
0.00766666
0.00620816
0.00495233
0.00387478
0.00296941
0.00222458
0.00162434
0.00115215
0.000790989
0.000523606
0.000332931
0.000202617
0.000117674
6.50872e-05
3.42574e-05
1.73343e-05
8.48444e-06
4.03144e-06
1.86554e-06
8.42895e-07
3.72349e-07
1.60597e-07
6.70928e-08
2.64552e-08
9.01941e-09
1.59735e-09
5.6704e-10
3.12425e-09
8.98956e-09
2.23954e-08
5.27479e-08
1.20567e-07
2.69567e-07
5.90113e-07
1.26209e-06
2.62701e-06
5.26437e-06
1.00883e-05
1.84544e-05
3.22132e-05
5.37134e-05
8.57518e-05
0.000131481
0.000194302
0.000277752
0.000385414
0.000520838
0.000687491
0.000888717
0.00112772
0.00140755
0.0017311
0.00210112
0.00252021
0.00299082
0.00351527
0.00409573
0.00473426
0.00543275
0.00619292
0.00701635
0.00790449
0.00885858
0.00987974
0.0109689
0.0121268
0.0133539
0.0146506
0.016017
0.017453
0.018958
0.0205314
0.0221721
0.0238785
0.025648
0.0274771
0.0293612
0.0312928
0.0332616
0.0352524
0.0372368
0.0391568
0.0410301
0.0427415
0.0441436
0.045112
0.0453575
0.0444621
0.0420672
0.0388836
0.0353463
0.0317203
0.028165
0.0247738
0.0215988
0.018666
0.0159861
0.01356
0.0113831
0.00945049
0.00775267
0.0062791
0.0050103
0.00392138
0.00300593
0.00225257
0.00164545
0.00116769
0.000802124
0.000531344
0.000338134
0.000205992
0.000119784
6.63545e-05
3.49887e-05
1.77313e-05
8.69383e-06
4.13885e-06
1.91917e-06
8.68992e-07
3.84721e-07
1.66292e-07
6.96117e-08
2.74945e-08
9.38444e-09
1.66282e-09
5.95879e-10
3.28165e-09
9.43327e-09
2.34699e-08
5.51945e-08
1.25955e-07
2.8117e-07
6.14604e-07
1.31267e-06
2.72888e-06
5.46079e-06
1.04517e-05
1.90985e-05
3.33058e-05
5.54889e-05
8.85213e-05
0.00013564
0.00020033
0.000286217
0.000396964
0.000536196
0.000707444
0.000914108
0.00115943
0.00144649
0.00177821
0.00215734
0.00258646
0.00306803
0.00360432
0.0041975
0.00484956
0.00556234
0.00633752
0.00717663
0.00808101
0.00905186
0.0100902
0.0111969
0.0123726
0.0136177
0.0149325
0.0163169
0.0177708
0.0192935
0.0208843
0.0225419
0.0242648
0.0260501
0.0278943
0.0297923
0.0317369
0.0337172
0.0357178
0.0377111
0.0396358
0.0415121
0.0432222
0.0446195
0.045578
0.0458091
0.0448931
0.0424696
0.0392534
0.0356819
0.0320218
0.0284335
0.025011
0.0218067
0.0188469
0.0161424
0.0136938
0.0114966
0.00954586
0.00783203
0.00634451
0.00506374
0.00396439
0.00303973
0.00227867
0.00166505
0.00118205
0.000812352
0.000538417
0.000342868
0.000209053
0.000121691
6.74976e-05
3.56472e-05
1.80881e-05
8.88183e-06
4.23521e-06
1.96727e-06
8.92393e-07
3.95816e-07
1.71402e-07
7.1873e-08
2.8428e-08
9.71237e-09
1.72163e-09
6.20964e-10
3.41859e-09
9.82124e-09
2.44122e-08
5.73382e-08
1.30689e-07
2.91376e-07
6.36159e-07
1.35721e-06
2.81864e-06
5.63402e-06
1.07726e-05
1.96679e-05
3.42727e-05
5.70621e-05
9.09781e-05
0.000139332
0.000205688
0.000293748
0.000407248
0.00054988
0.000725234
0.000936755
0.00118773
0.00148126
0.00182027
0.00220753
0.00264562
0.00313696
0.00368383
0.00428833
0.00495244
0.00567794
0.00646647
0.00731947
0.00823825
0.00922393
0.0102775
0.0113996
0.012591
0.0138519
0.0151825
0.0165828
0.0180523
0.0195905
0.0211964
0.0228688
0.0246058
0.0264048
0.0282619
0.0301719
0.0321275
0.0341177
0.0361267
0.0381276
0.0400561
0.0419347
0.0436435
0.0450369
0.0459874
0.0462073
0.045275
0.0428275
0.0395832
0.0359818
0.0322916
0.0286741
0.0252238
0.0219934
0.0190095
0.0162828
0.013814
0.0115986
0.00963162
0.00790336
0.00640327
0.00511169
0.00400291
0.00306992
0.00230187
0.00168247
0.00119481
0.00082144
0.000544697
0.000347068
0.000211764
0.000123377
6.85065e-05
3.62274e-05
1.84021e-05
9.04707e-06
4.31986e-06
2.00952e-06
9.12949e-07
4.05566e-07
1.75895e-07
7.38623e-08
2.92495e-08
1.0001e-08
1.77339e-09
6.42367e-10
3.53525e-09
1.01487e-08
2.52071e-08
5.91719e-08
1.34742e-07
3.0013e-07
6.54672e-07
1.39551e-06
2.89587e-06
5.78325e-06
1.10493e-05
2.01594e-05
3.51084e-05
5.84232e-05
9.31058e-05
0.000142533
0.000210337
0.000300286
0.000416182
0.000561775
0.000740705
0.000956461
0.00121236
0.00151152
0.0018569
0.00225125
0.00269715
0.003197
0.00375306
0.00436742
0.005042
0.00577855
0.00657864
0.00744369
0.00837494
0.00937345
0.0104401
0.0115756
0.0127805
0.014055
0.0153992
0.016813
0.0182959
0.0198473
0.0214661
0.0231509
0.0249
0.0267105
0.0285786
0.0304987
0.0324637
0.0344622
0.0364783
0.0384854
0.040417
0.0422972
0.0440046
0.0453948
0.046339
0.0465502
0.0456051
0.0431377
0.0398696
0.0362427
0.0325267
0.0288839
0.0254095
0.0221565
0.0191516
0.0164055
0.0139191
0.0116878
0.00970654
0.00796564
0.00645457
0.00515351
0.00403647
0.00309618
0.00232202
0.00169759
0.00120587
0.000829308
0.000550126
0.000350693
0.000214101
0.000124829
6.93741e-05
3.67259e-05
1.86715e-05
9.18879e-06
4.39242e-06
2.04573e-06
9.3057e-07
4.13926e-07
1.79748e-07
7.55691e-08
2.99545e-08
1.02487e-08
1.8178e-09
6.60421e-10
3.63382e-09
1.0427e-08
2.5879e-08
6.06894e-08
1.38117e-07
3.07433e-07
6.70131e-07
1.42751e-06
2.96046e-06
5.90814e-06
1.12811e-05
2.05715e-05
3.58096e-05
5.95662e-05
9.48939e-05
0.000145225
0.000214249
0.000305792
0.00042371
0.000571802
0.000753751
0.000973083
0.00123314
0.00153706
0.00188781
0.00228815
0.00274064
0.00324768
0.0038115
0.00443416
0.00511756
0.00586342
0.00667325
0.00754842
0.00849014
0.00949941
0.0105771
0.0117237
0.0129399
0.0142257
0.0155813
0.0170064
0.0185005
0.0200629
0.0216924
0.0233877
0.0251469
0.0269668
0.0288438
0.0307723
0.0327449
0.0347504
0.0367724
0.038785
0.0407189
0.0425985
0.0443045
0.0456922
0.0466317
0.0468361
0.0458812
0.0433978
0.0401101
0.0364621
0.0327245
0.0290607
0.025566
0.022294
0.0192714
0.0165091
0.0140078
0.011763
0.00976975
0.00801817
0.00649781
0.00518874
0.00406472
0.00311827
0.00233895
0.00171027
0.00121513
0.00083589
0.000554666
0.000353723
0.000216053
0.000126039
7.00969e-05
3.71407e-05
1.88955e-05
9.30651e-06
4.45268e-06
2.07579e-06
9.45199e-07
4.20868e-07
1.82948e-07
7.69869e-08
3.05402e-08
1.04545e-08
1.8547e-09
6.74936e-10
3.71303e-09
1.06504e-08
2.64202e-08
6.19232e-08
1.40817e-07
3.13272e-07
6.82521e-07
1.4532e-06
3.01235e-06
6.00856e-06
1.14676e-05
2.09032e-05
3.63745e-05
6.04875e-05
9.63359e-05
0.000147397
0.000217407
0.000310238
0.00042979
0.000579903
0.000764295
0.000986519
0.00124994
0.00155772
0.00191281
0.00231799
0.00277581
0.00328866
0.00385875
0.00448812
0.00517865
0.005932
0.00674968
0.00763302
0.00858317
0.00960109
0.0106876
0.0118432
0.0130684
0.0143634
0.0157281
0.0171622
0.0186652
0.0202364
0.0218745
0.0235782
0.0253452
0.0271727
0.0290569
0.0309921
0.0329711
0.0349826
0.0370107
0.0390303
0.0409733
0.0428271
0.0445388
0.0459276
0.0468648
0.0470645
0.0461024
0.0436065
0.0403034
0.0366385
0.0328838
0.0292029
0.0256921
0.0224047
0.0193679
0.0165925
0.0140793
0.0118236
0.00982064
0.00806045
0.00653259
0.00521706
0.00408741
0.00313599
0.00235251
0.00172042
0.00122253
0.000841149
0.000558289
0.000356137
0.000217606
0.000127002
7.06712e-05
3.74703e-05
1.90733e-05
9.39991e-06
4.50047e-06
2.09963e-06
9.56802e-07
4.26375e-07
1.85488e-07
7.81121e-08
3.1005e-08
1.06178e-08
1.88398e-09
6.85966e-10
3.77323e-09
1.08203e-08
2.68322e-08
6.28623e-08
1.42885e-07
3.17734e-07
6.9194e-07
1.47267e-06
3.05163e-06
6.08455e-06
1.16088e-05
2.11543e-05
3.68021e-05
6.11852e-05
9.74281e-05
0.000149042
0.0002198
0.000313607
0.000434398
0.000586043
0.000772286
0.000996703
0.00126267
0.00157337
0.00193176
0.0023406
0.00280245
0.0033197
0.00389454
0.00452899
0.0052249
0.00598392
0.00680754
0.00769703
0.00865354
0.00967799
0.0107711
0.0119335
0.0131656
0.0144674
0.0158389
0.0172798
0.0187895
0.0203672
0.0220118
0.0237216
0.0254946
0.0273277
0.0292173
0.0311574
0.0331409
0.0351565
0.037188
0.0392106
0.0411559
0.043008
0.0447183
0.0461056
0.0470402
0.0472359
0.0462683
0.0437631
0.0404484
0.0367709
0.0330033
0.0293097
0.0257867
0.0224879
0.0194404
0.0166551
0.0141329
0.0118691
0.0098588
0.00809214
0.00655864
0.00523826
0.00410439
0.00314924
0.00236261
0.00172798
0.00122805
0.000845063
0.00056098
0.000357928
0.000218756
0.000127714
7.10957e-05
3.77137e-05
1.92046e-05
9.46884e-06
4.53574e-06
2.11723e-06
9.65368e-07
4.30442e-07
1.87364e-07
7.89437e-08
3.13487e-08
1.07385e-08
1.90562e-09
6.9331e-10
3.8133e-09
1.09333e-08
2.71057e-08
6.34865e-08
1.44271e-07
3.20716e-07
6.9824e-07
1.4857e-06
3.07793e-06
6.13544e-06
1.17033e-05
2.13227e-05
3.7089e-05
6.16534e-05
9.81616e-05
0.000150148
0.000221408
0.000315873
0.000437498
0.000590175
0.000777666
0.00100356
0.00127125
0.00158391
0.00194452
0.00235583
0.0028204
0.00334061
0.00391864
0.00455651
0.00525604
0.00601888
0.00684647
0.0077401
0.00870088
0.0097297
0.0108273
0.0119942
0.0132308
0.0145372
0.0159132
0.0173586
0.0188728
0.0204548
0.0221036
0.0238175
0.0255946
0.0274316
0.0293247
0.0312682
0.0332547
0.0352728
0.0373063
0.0393304
0.041277
0.0431284
0.0448378
0.046224
0.0471567
0.0473497
0.0463785
0.0438669
0.0405445
0.0368585
0.0330823
0.0293803
0.0258492
0.0225427
0.0194881
0.0166963
0.0141682
0.011899
0.00988387
0.00811292
0.00657568
0.00525211
0.00411543
0.00315782
0.0023692
0.0017329
0.00123163
0.000847597
0.000562719
0.000359082
0.000219496
0.000128172
7.13681e-05
3.78698e-05
1.92887e-05
9.51306e-06
4.55839e-06
2.12854e-06
9.70886e-07
4.33065e-07
1.88576e-07
7.94815e-08
3.15711e-08
1.08167e-08
1.91964e-09
6.9707e-10
3.83381e-09
1.09911e-08
2.72459e-08
6.38057e-08
1.44972e-07
3.22222e-07
7.01415e-07
1.49226e-06
3.09117e-06
6.16104e-06
1.17509e-05
2.14073e-05
3.72333e-05
6.1889e-05
9.85308e-05
0.000150705
0.000222218
0.000317015
0.000439061
0.00059226
0.000780382
0.00100702
0.00127558
0.00158924
0.00195097
0.00236353
0.00282949
0.00335119
0.00393084
0.00457044
0.0052718
0.00603657
0.00686618
0.0077619
0.00872483
0.00975586
0.0108557
0.0120249
0.0132638
0.0145725
0.0159508
0.0173985
0.0189149
0.0204992
0.0221501
0.0238662
0.0256452
0.0274841
0.029379
0.0313243
0.0333125
0.0353322
0.0373672
0.0393925
0.0413395
0.0431877
0.0448962
0.046282
0.0472139
0.0474056
0.0464323
0.0439173
0.0405909
0.0369007
0.0331201
0.029414
0.025879
0.0225688
0.0195108
0.0167159
0.0141849
0.0119131
0.00989567
0.00812268
0.00658368
0.00525861
0.00412062
0.00316186
0.00237226
0.00173517
0.00123327
0.00084875
0.000563505
0.000359601
0.000219828
0.000128376
7.14894e-05
3.79395e-05
1.93264e-05
9.5329e-06
4.5686e-06
2.13366e-06
9.73396e-07
4.34265e-07
1.89133e-07
7.97295e-08
3.1674e-08
1.08529e-08
1.92614e-09
6.97304e-10
3.83509e-09
1.09948e-08
2.72548e-08
6.38262e-08
1.45018e-07
3.22322e-07
7.01629e-07
1.49272e-06
3.09211e-06
6.16292e-06
1.17545e-05
2.14137e-05
3.72442e-05
6.19065e-05
9.85576e-05
0.000150744
0.000222274
0.00031709
0.000439162
0.000592389
0.000780544
0.00100722
0.00127582
0.00158953
0.00195131
0.00236392
0.00282993
0.0033517
0.00393141
0.00457106
0.00527249
0.00603732
0.00686699
0.00776278
0.00872577
0.00975686
0.0108568
0.012026
0.013265
0.0145737
0.0159521
0.0173998
0.0189163
0.0205006
0.0221516
0.0238676
0.0256467
0.0274855
0.0293805
0.0313258
0.0333139
0.0353337
0.0373686
0.0393938
0.0413406
0.0431887
0.0448969
0.0462823
0.0472137
0.0474046
0.0464301
0.0439145
0.0405878
0.0368976
0.0331171
0.0294112
0.0258764
0.0225664
0.0195087
0.016714
0.0141832
0.0119116
0.00989441
0.00812162
0.00658278
0.00525787
0.00412001
0.00316137
0.00237188
0.00173487
0.00123305
0.000848586
0.00056339
0.000359523
0.000219777
0.000128345
7.14715e-05
3.79296e-05
1.93212e-05
9.53026e-06
4.5673e-06
2.13305e-06
9.73107e-07
4.34133e-07
1.89074e-07
7.97043e-08
3.16637e-08
1.08494e-08
1.9255e-09
6.9401e-10
3.81714e-09
1.09442e-08
2.71327e-08
6.35484e-08
1.44406e-07
3.21e-07
6.98827e-07
1.48694e-06
3.08053e-06
6.1407e-06
1.17134e-05
2.13409e-05
3.712e-05
6.17035e-05
9.82387e-05
0.000150261
0.000221569
0.000316093
0.00043779
0.000590552
0.000778142
0.00100415
0.00127196
0.00158476
0.00194552
0.00235698
0.00282173
0.00334211
0.00392032
0.00455837
0.00525808
0.00602111
0.0068489
0.00774271
0.00870367
0.00973267
0.0108305
0.0119976
0.0132343
0.0145408
0.015917
0.0173626
0.0188768
0.020459
0.0221079
0.0238219
0.025599
0.027436
0.0293291
0.0312726
0.033259
0.0352771
0.0373105
0.0393344
0.0412805
0.0431314
0.0448399
0.0462251
0.0471562
0.0473469
0.046372
0.0438586
0.0405354
0.0368493
0.0330733
0.0293719
0.0258414
0.0225356
0.0194818
0.0166907
0.0141632
0.0118946
0.00988015
0.00810977
0.00657305
0.00524993
0.00411366
0.00315642
0.00236808
0.00173202
0.00123098
0.000847124
0.000562389
0.000358861
0.000219355
0.000128085
7.13179e-05
3.78423e-05
1.92743e-05
9.50573e-06
4.55479e-06
2.12682e-06
9.70079e-07
4.32696e-07
1.88411e-07
7.94103e-08
3.15421e-08
1.08066e-08
1.91782e-09
6.8709e-10
3.77939e-09
1.08378e-08
2.6875e-08
6.29619e-08
1.43113e-07
3.18218e-07
6.9302e-07
1.47507e-06
3.05668e-06
6.09444e-06
1.1627e-05
2.11864e-05
3.68555e-05
6.12701e-05
9.75575e-05
0.000149232
0.000220066
0.000313971
0.00043488
0.000586665
0.000773071
0.000997672
0.00126385
0.00157477
0.0019334
0.0023425
0.00280464
0.00332217
0.00389731
0.00453206
0.00522828
0.00598762
0.00681154
0.00770135
0.00865816
0.0096829
0.0107763
0.011939
0.0131713
0.0144734
0.0158451
0.0172862
0.0187961
0.020374
0.0220187
0.0237286
0.0255017
0.027335
0.0292246
0.0311648
0.0331482
0.0351636
0.0371949
0.0392172
0.0411619
0.0430132
0.0447224
0.046108
0.0470398
0.0472317
0.0462582
0.0437498
0.0404337
0.0367559
0.0329886
0.0292959
0.0257739
0.0224761
0.0194298
0.0166457
0.0141246
0.0118618
0.00985257
0.00808684
0.00655419
0.00523456
0.00410135
0.00314682
0.00236075
0.00172658
0.00122701
0.000844312
0.000560457
0.000357578
0.000218533
0.000127579
7.10174e-05
3.76708e-05
1.91821e-05
9.45746e-06
4.53015e-06
2.11455e-06
9.64116e-07
4.29869e-07
1.87108e-07
7.88329e-08
3.13036e-08
1.07228e-08
1.90279e-09
6.76551e-10
3.72191e-09
1.06759e-08
2.64835e-08
6.20716e-08
1.41154e-07
3.14043e-07
6.84199e-07
1.45665e-06
3.01924e-06
6.02175e-06
1.14919e-05
2.09459e-05
3.64461e-05
6.06021e-05
9.65113e-05
0.000147655
0.000217772
0.000310738
0.000430454
0.000580762
0.00076538
0.000987862
0.00125157
0.00155966
0.0019151
0.00232064
0.00277884
0.0032921
0.00386261
0.00449241
0.00518336
0.00593716
0.00675528
0.00763905
0.00858962
0.00960796
0.0106948
0.0118509
0.0130765
0.0143718
0.0157368
0.0171712
0.0186745
0.0202459
0.0218843
0.0235881
0.0253554
0.027183
0.0290672
0.0310024
0.0329813
0.0349926
0.0370204
0.0390396
0.0409816
0.0428344
0.0445443
0.0459308
0.0468642
0.0470585
0.0460881
0.0435877
0.0402827
0.0366175
0.0328633
0.0291836
0.0256742
0.0223884
0.0193532
0.0165793
0.0140677
0.0118135
0.00981196
0.00805307
0.00652641
0.00521193
0.0040832
0.00313263
0.00234989
0.00171843
0.00122107
0.000840102
0.000557565
0.000355657
0.000217302
0.000126819
7.05661e-05
3.74132e-05
1.90435e-05
9.38487e-06
4.49309e-06
2.0961e-06
9.55153e-07
4.25621e-07
1.85151e-07
7.79664e-08
3.09458e-08
1.0597e-08
1.88025e-09
6.62308e-10
3.64418e-09
1.04566e-08
2.59518e-08
6.08666e-08
1.38527e-07
3.08336e-07
6.7205e-07
1.4315e-06
2.96857e-06
5.92392e-06
1.13105e-05
2.06235e-05
3.58975e-05
5.97078e-05
9.51117e-05
0.000145547
0.000214706
0.00030642
0.000424546
0.000572886
0.000755123
0.000974783
0.00123521
0.00153954
0.00189072
0.00229152
0.00274451
0.00325206
0.00381642
0.00443963
0.00512359
0.00587
0.00668039
0.00755613
0.00849839
0.00950819
0.0105864
0.0117335
0.0129502
0.0142365
0.0155925
0.0170179
0.0185124
0.0200751
0.0217049
0.0234005
0.0251598
0.0269799
0.028857
0.0307855
0.032758
0.0347632
0.0367849
0.0387968
0.0407297
0.042608
0.0443117
0.0456963
0.0466309
0.0468285
0.0458629
0.0433737
0.0400836
0.0364351
0.0326983
0.0290358
0.0255431
0.022273
0.0192525
0.0164922
0.013993
0.0117501
0.00975865
0.00800874
0.00648991
0.00518219
0.00405934
0.00311398
0.00233559
0.00170772
0.00121325
0.000834551
0.000553745
0.000353115
0.000215669
0.000125809
6.99657e-05
3.70698e-05
1.88586e-05
9.28793e-06
4.44358e-06
2.07145e-06
9.43173e-07
4.19943e-07
1.82536e-07
7.68086e-08
3.04677e-08
1.04291e-08
1.85014e-09
6.44514e-10
3.5471e-09
1.01829e-08
2.52929e-08
5.93651e-08
1.35172e-07
3.01094e-07
6.56782e-07
1.39999e-06
2.9051e-06
5.8014e-06
1.10834e-05
2.02202e-05
3.52118e-05
5.85904e-05
9.33642e-05
0.000142916
0.000210882
0.000301037
0.000417185
0.000563077
0.000742356
0.00095851
0.00121485
0.00151451
0.00186041
0.00225533
0.00270183
0.00320231
0.00375903
0.00437405
0.0050493
0.00578654
0.00658731
0.00745304
0.00838495
0.00938411
0.0104514
0.0115875
0.0127929
0.014068
0.0154127
0.016827
0.0183104
0.0198623
0.0214815
0.0231667
0.0249162
0.0267267
0.0285948
0.0305148
0.0324796
0.0344778
0.0364934
0.0384998
0.0404302
0.0423088
0.0440134
0.0453998
0.0463381
0.0465409
0.0455827
0.0431084
0.0398373
0.0362098
0.0324947
0.0288537
0.0253815
0.0221309
0.0191286
0.016385
0.0139011
0.0116721
0.00969303
0.00795418
0.00644496
0.00514554
0.00402994
0.00309097
0.00231795
0.00169449
0.00120358
0.000827678
0.000549008
0.000349957
0.000213638
0.000124551
6.92165e-05
3.66408e-05
1.86274e-05
9.16659e-06
4.38158e-06
2.04056e-06
9.28167e-07
4.12831e-07
1.7926e-07
7.53587e-08
2.9869e-08
1.02188e-08
1.81244e-09
6.23204e-10
3.43092e-09
9.8566e-09
2.45002e-08
5.75485e-08
1.31172e-07
2.92453e-07
6.38513e-07
1.36224e-06
2.82904e-06
5.65462e-06
1.08115e-05
1.97376e-05
3.43915e-05
5.72549e-05
9.12767e-05
0.000139775
0.000206321
0.00029462
0.000408414
0.000551396
0.000727158
0.000939145
0.00119064
0.00148474
0.00182438
0.0022123
0.0026511
0.00314318
0.0036908
0.00429609
0.00496099
0.0056873
0.00647662
0.00733041
0.00824997
0.00923642
0.0102907
0.0114136
0.0126056
0.0138672
0.0151984
0.0165992
0.0180693
0.019608
0.0212143
0.0228871
0.0246244
0.0264235
0.0282807
0.0301907
0.0321461
0.0341361
0.0361446
0.0381444
0.0400717
0.0419483
0.0436538
0.0450428
0.0459864
0.0461964
0.0452488
0.0427931
0.0395453
0.0359432
0.0322541
0.0286386
0.0251909
0.0219634
0.0189825
0.0162587
0.0137928
0.0115802
0.00961574
0.00788988
0.00639197
0.00510232
0.00399522
0.00306377
0.00229704
0.00167879
0.0011921
0.000819516
0.00054338
0.000346203
0.000211221
0.000123052
6.83222e-05
3.61281e-05
1.83506e-05
9.02128e-06
4.30729e-06
2.00354e-06
9.10175e-07
4.04305e-07
1.75334e-07
7.36209e-08
2.91516e-08
9.9668e-09
1.76725e-09
5.98372e-10
3.2954e-09
9.47303e-09
2.35693e-08
5.54287e-08
1.26493e-07
2.82378e-07
6.17256e-07
1.31834e-06
2.74064e-06
5.48414e-06
1.04958e-05
1.91778e-05
3.34409e-05
5.57084e-05
8.88615e-05
0.000136145
0.000201051
0.000287212
0.000398294
0.000537926
0.000709641
0.000916835
0.00116275
0.00145047
0.0017829
0.00216279
0.00259272
0.00307512
0.00361229
0.00420636
0.00485932
0.00557302
0.00634912
0.00718912
0.00809439
0.00906611
0.0101053
0.0112128
0.0123892
0.0136351
0.0149505
0.0163356
0.0177901
0.0193134
0.0209047
0.0225628
0.0242861
0.0260715
0.0279157
0.0298137
0.0317581
0.0337382
0.0357382
0.0377304
0.0396536
0.0415277
0.0432342
0.0446265
0.0455769
0.0457967
0.0448631
0.0424302
0.03921
0.0356377
0.0319787
0.0283928
0.0249733
0.0217723
0.018816
0.0161148
0.0136694
0.0114754
0.00952764
0.00781656
0.00633156
0.00505301
0.00395558
0.00303265
0.00227294
0.00166087
0.00117901
0.000810189
0.00053693
0.000341888
0.000208435
0.00012132
6.7287e-05
3.55337e-05
1.80294e-05
8.85243e-06
4.22092e-06
1.96051e-06
8.89263e-07
3.94399e-07
1.70775e-07
7.16039e-08
2.83191e-08
9.67441e-09
1.71481e-09
5.69872e-10
3.13986e-09
9.03457e-09
2.25077e-08
5.30131e-08
1.21176e-07
2.70932e-07
5.93107e-07
1.26849e-06
2.6403e-06
5.29075e-06
1.01381e-05
1.8544e-05
3.23658e-05
5.39612e-05
8.61356e-05
0.000132051
0.000195115
0.000278873
0.000386911
0.000522785
0.000689961
0.000891783
0.00113145
0.00141201
0.00173636
0.00210723
0.00252722
0.00299877
0.00352419
0.00410566
0.0047452
0.0054447
0.00620589
0.00703034
0.00791947
0.00887453
0.00989663
0.0109867
0.0121454
0.0133733
0.0146708
0.0160379
0.0174745
0.0189801
0.0205539
0.0221949
0.0239016
0.0256715
0.0275009
0.029385
0.0313166
0.0332851
0.0352753
0.0372585
0.0391769
0.0410477
0.0427552
0.0441516
0.045111
0.0453438
0.0444285
0.0420229
0.0388348
0.0352966
0.0316719
0.0281193
0.0247315
0.0215601
0.0186312
0.0159551
0.0135326
0.0113592
0.00942997
0.00773525
0.00626453
0.00499826
0.00391158
0.00299825
0.00224681
0.00164099
0.00116436
0.00079972
0.000529678
0.000337029
0.000205294
0.000119365
6.6117e-05
3.48612e-05
1.76655e-05
8.66101e-06
4.12296e-06
1.91169e-06
8.65541e-07
3.83164e-07
1.65605e-07
6.9318e-08
2.7376e-08
9.34316e-09
1.65541e-09
5.38141e-10
2.96674e-09
8.54664e-09
2.13276e-08
5.03282e-08
1.15261e-07
2.58193e-07
5.66227e-07
1.21301e-06
2.52866e-06
5.07579e-06
9.74092e-06
1.7841e-05
3.11749e-05
5.20281e-05
8.31232e-05
0.000127532
0.000188568
0.000269685
0.000374381
0.000506129
0.000668325
0.000864254
0.00109707
0.00136978
0.00168527
0.00204625
0.00245532
0.00291495
0.00342745
0.00399505
0.0046198
0.00530365
0.00604838
0.00685562
0.00772687
0.00866346
0.00966656
0.0107372
0.0118761
0.0130841
0.0143614
0.0157083
0.0171248
0.0186103
0.0201643
0.0217855
0.0234719
0.0252254
0.0270383
0.0289067
0.0308236
0.0327788
0.0347576
0.0367302
0.0386428
0.0405099
0.0422178
0.0436196
0.0445901
0.0448395
0.0439483
0.0415755
0.0384243
0.0349245
0.031338
0.0278222
0.0244692
0.0213302
0.0184311
0.0157824
0.0133847
0.0112337
0.00932436
0.00764728
0.00619191
0.00493884
0.00386369
0.00296052
0.00221765
0.00161903
0.00114824
0.000788209
0.000521704
0.000331684
0.000201836
0.000117209
6.48243e-05
3.41165e-05
1.72617e-05
8.44824e-06
4.01393e-06
1.85729e-06
8.39096e-07
3.70637e-07
1.59843e-07
6.67704e-08
2.63252e-08
8.97419e-09
1.58924e-09
5.03698e-10
2.77877e-09
8.01651e-09
2.00434e-08
4.74023e-08
1.08809e-07
2.44287e-07
5.36878e-07
1.15243e-06
2.40681e-06
4.84133e-06
9.30819e-06
1.70761e-05
2.98809e-05
4.99304e-05
7.98586e-05
0.00012264
0.00018149
0.000259761
0.000360858
0.000488166
0.000645007
0.0008346
0.00106005
0.00132432
0.00163027
0.00198061
0.00237793
0.0028247
0.00332328
0.00387589
0.00448466
0.00515156
0.00587844
0.00666698
0.00751877
0.00843521
0.00941756
0.0104669
0.0115842
0.0127702
0.0140253
0.01535
0.0167443
0.0182081
0.0197408
0.0213421
0.0230109
0.0247409
0.026533
0.0283826
0.0302822
0.0322221
0.0341877
0.036148
0.0380537
0.0399164
0.0416244
0.043033
0.0440172
0.0442875
0.0434278
0.0410937
0.0379846
0.0345275
0.0309829
0.027507
0.0241914
0.0210871
0.0182199
0.0156001
0.0132287
0.0111013
0.00921295
0.00755441
0.00611514
0.00487591
0.0038128
0.00292
0.00218671
0.00159578
0.00113112
0.000775934
0.000513158
0.000325927
0.000198094
0.000114868
6.34171e-05
3.33045e-05
1.68206e-05
8.21546e-06
3.89449e-06
1.79764e-06
8.10072e-07
3.5689e-07
1.53524e-07
6.39809e-08
2.51762e-08
8.57106e-09
1.51696e-09
4.67127e-10
2.57909e-09
7.45266e-09
1.86756e-08
4.42813e-08
1.01917e-07
2.29419e-07
5.05474e-07
1.08759e-06
2.27638e-06
4.59056e-06
8.84577e-06
1.62598e-05
2.85016e-05
4.76976e-05
7.63884e-05
0.000117447
0.000173984
0.000249249
0.000346545
0.00046917
0.000620362
0.000803274
0.00102095
0.00127633
0.00157221
0.00191131
0.00229621
0.00272938
0.0032132
0.00374993
0.0043417
0.00499057
0.00569841
0.00646699
0.00729796
0.00819279
0.00915283
0.0101793
0.0112732
0.0124353
0.0136663
0.0149667
0.0163365
0.0177759
0.0192843
0.0208611
0.0225052
0.0242145
0.0259858
0.0278152
0.0296959
0.0316187
0.0335691
0.0355155
0.0374132
0.0392706
0.0409789
0.0423955
0.0433961
0.0436926
0.0428732
0.0405852
0.0375235
0.0341135
0.030614
0.0271806
0.0239045
0.0208365
0.0180024
0.0154127
0.0130684
0.0109652
0.00909834
0.00745872
0.00603585
0.00481086
0.00376042
0.00287926
0.00215491
0.00157164
0.00111326
0.000763068
0.00050417
0.000319852
0.000194134
0.000112385
6.19224e-05
3.24412e-05
1.63509e-05
7.96695e-06
3.7665e-06
1.73343e-06
7.78538e-07
3.41992e-07
1.46715e-07
6.09883e-08
2.39473e-08
8.1415e-09
1.44e-09
4.29205e-10
2.37188e-09
6.86679e-09
1.72519e-08
4.10263e-08
9.47165e-08
2.13861e-07
4.72576e-07
1.01962e-06
2.13964e-06
4.32774e-06
8.36158e-06
1.54061e-05
2.70611e-05
4.5369e-05
7.27742e-05
0.000112046
0.000166186
0.000238338
0.000331703
0.000449485
0.000594838
0.000770842
0.000980484
0.00122665
0.00151212
0.00183957
0.00221159
0.00263064
0.00309911
0.00361928
0.00419334
0.00482335
0.00551126
0.00625889
0.00706795
0.00794001
0.00887648
0.00987866
0.0109476
0.0120844
0.0132896
0.0145638
0.0159073
0.0173202
0.0188021
0.0203526
0.0219712
0.0236565
0.0254048
0.0272119
0.0290717
0.0309752
0.0329083
0.034839
0.0367274
0.0385788
0.0402874
0.0417128
0.0427326
0.0430611
0.0422928
0.0400591
0.0370508
0.0336918
0.0302402
0.0268513
0.023616
0.020585
0.0177845
0.0152249
0.0129076
0.0108286
0.00898301
0.0073618
0.00595411
0.00474321
0.00370571
0.00283667
0.00212236
0.00154708
0.00109508
0.000749932
0.000494934
0.000313562
0.000190001
0.000109774
6.03411e-05
3.15241e-05
1.58509e-05
7.70231e-06
3.6298e-06
1.66644e-06
7.47203e-07
3.27358e-07
1.39964e-07
5.79716e-08
2.26857e-08
7.69175e-09
1.35893e-09
3.90972e-10
2.16274e-09
6.27416e-09
1.58077e-08
3.77157e-08
8.73749e-08
1.97967e-07
4.3892e-07
9.50024e-07
1.99956e-06
4.05859e-06
7.86611e-06
1.45333e-05
2.55903e-05
4.29946e-05
6.90935e-05
0.000106552
0.000158263
0.000227262
0.000316649
0.00042953
0.000568976
0.00073799
0.000939498
0.00117634
0.00145124
0.00176688
0.0021258
0.00253048
0.00298331
0.00348658
0.0040425
0.00465319
0.00532063
0.00604671
0.00683318
0.00768169
0.00859375
0.00957071
0.0106138
0.011724
0.0129023
0.0141491
0.0154649
0.0168498
0.018303
0.0198235
0.0214173
0.0230776
0.0248006
0.0265831
0.0284196
0.0303015
0.0322152
0.0341285
0.0360066
0.0378511
0.0395591
0.0409939
0.042035
0.0424009
0.0416953
0.0395256
0.0365768
0.0332727
0.0298714
0.026528
0.0233337
0.0203395
0.0175714
0.0150394
0.0127483
0.0106929
0.00886853
0.00726652
0.00587746
0.00468134
0.00365664
0.00279707
0.00209012
0.00152232
0.00107696
0.000736859
0.00048572
0.000307249
0.000185815
0.000107101
5.87014e-05
3.0577e-05
1.5331e-05
7.42889e-06
3.49324e-06
1.59884e-06
7.1369e-07
3.11176e-07
1.32431e-07
5.46195e-08
2.12989e-08
7.20384e-09
1.27108e-09
3.53291e-10
1.95643e-09
5.68841e-09
1.43763e-08
3.44242e-08
8.00557e-08
1.82086e-07
4.05237e-07
8.80302e-07
1.8592e-06
3.78904e-06
7.37049e-06
1.36618e-05
2.41241e-05
4.06319e-05
6.54372e-05
0.000101102
0.000150413
0.000216299
0.00030176
0.000409805
0.000543418
0.00070553
0.000899
0.00112661
0.00139106
0.00169497
0.00204089
0.00243128
0.00286853
0.00335494
0.00389275
0.00448408
0.00513099
0.00583539
0.0065991
0.00742384
0.00831119
0.0092626
0.0102794
0.0113627
0.0125135
0.0137326
0.0150207
0.0163781
0.017805
0.0193015
0.0208649
0.0224939
0.0241878
0.0259428
0.0277538
0.0296119
0.0315044
0.0333992
0.0352657
0.0371017
0.0388086
0.0402577
0.0413098
0.0417158
0.0410849
0.0389918
0.0361099
0.0328648
0.0295156
0.0262183
0.0230649
0.0201075
0.0173734
0.0148746
0.01261
0.0105768
0.00877102
0.00718583
0.0058106
0.00462661
0.00361168
0.00276151
0.00206303
0.00150083
0.00105973
0.000724114
0.000476821
0.000301138
0.000181728
0.000104454
5.70462e-05
2.96152e-05
1.47961e-05
7.14229e-06
3.34605e-06
1.52352e-06
6.76626e-07
2.93633e-07
1.24408e-07
5.10976e-08
1.9853e-08
6.69725e-09
1.18025e-09
3.16541e-10
1.75524e-09
5.11753e-09
1.2983e-08
3.12243e-08
7.29451e-08
1.66662e-07
3.72534e-07
8.12641e-07
1.72306e-06
3.52788e-06
6.89083e-06
1.28193e-05
2.27088e-05
3.83537e-05
6.19158e-05
9.58584e-05
0.000142867
0.000205769
0.000287464
0.000390872
0.000518892
0.000674379
0.000860127
0.00107886
0.00133325
0.00162587
0.00195924
0.00233582
0.00275799
0.00322806
0.00374827
0.00432079
0.00494769
0.00563094
0.0063724
0.00717385
0.00803694
0.00896319
0.00995399
0.0110106
0.0121341
0.0133255
0.0145854
0.0159144
0.017313
0.0187816
0.0203139
0.0219144
0.0235803
0.0253081
0.0270929
0.0289264
0.0307967
0.0326719
0.0345252
0.0363511
0.0380559
0.0395198
0.0405978
0.041064
0.0405191
0.0385144
0.035704
0.0325185
0.02922
0.0259665
0.0228511
0.0199261
0.0172189
0.0147413
0.0124958
0.0104792
0.00869024
0.00711896
0.00575413
0.00457876
0.00357247
0.00273005
0.00203839
0.00148231
0.00104604
0.000713512
0.000468738
0.000295529
0.00017795
0.000101993
5.55016e-05
2.87127e-05
1.42856e-05
6.86492e-06
3.1969e-06
1.44846e-06
6.40244e-07
2.76513e-07
1.16582e-07
4.76533e-08
1.84347e-08
6.19838e-09
1.09054e-09
2.81645e-10
1.56409e-09
4.57474e-09
1.16557e-08
2.81682e-08
6.61374e-08
1.51868e-07
3.4113e-07
7.4766e-07
1.59247e-06
3.27819e-06
6.43432e-06
1.20216e-05
2.13756e-05
3.62186e-05
5.86294e-05
9.09817e-05
0.000135867
0.000196017
0.000274241
0.000373371
0.000496225
0.000645587
0.000824189
0.00103471
0.00127975
0.00156189
0.0018836
0.00224734
0.00265547
0.00311031
0.00361412
0.00416908
0.00477728
0.00544073
0.00616135
0.00694095
0.00778123
0.00868378
0.00965005
0.0106814
0.0117789
0.0129435
0.0141761
0.0154772
0.016847
0.0182854
0.0197918
0.0213655
0.0230046
0.0247059
0.026465
0.028274
0.0301221
0.0319776
0.0338177
0.0356338
0.0373378
0.038818
0.039936
0.0404511
0.0399873
0.0380773
0.0353417
0.0322161
0.0289663
0.0257527
0.0226702
0.0197727
0.0170885
0.0146303
0.0124033
0.010405
0.00862855
0.00706611
0.0057091
0.00454113
0.00354171
0.0027052
0.00201857
0.00146681
0.0010343
0.000704896
0.000462225
0.000290489
0.000174441
9.97096e-05
5.40513e-05
2.78527e-05
1.3789e-05
6.58634e-06
3.04909e-06
1.37389e-06
6.04607e-07
2.59869e-07
1.09014e-07
4.43354e-08
1.70717e-08
5.71936e-09
1.00439e-09
2.52008e-10
1.40086e-09
4.10576e-09
1.04951e-08
2.54703e-08
6.00926e-08
1.387e-07
3.13193e-07
6.90002e-07
1.4771e-06
3.05785e-06
6.03298e-06
1.13219e-05
2.02076e-05
3.43486e-05
5.57511e-05
8.671e-05
0.000129734
0.00018747
0.000262644
0.00035801
0.000476318
0.000620289
0.000792601
0.000995886
0.00123272
0.00150564
0.00181712
0.00216958
0.0025654
0.0030069
0.00349634
0.00403592
0.00462776
0.00527389
0.00597626
0.00673672
0.00755702
0.00843878
0.00938351
0.0103926
0.0114671
0.0126083
0.0138167
0.0150932
0.0164379
0.017851
0.0193326
0.0208814
0.022496
0.024173
0.0259084
0.0276949
0.029522
0.0313593
0.033187
0.034994
0.0366959
0.0381975
0.0393341
0.0398909
0.0395031
0.0376949
0.0350353
0.0319682
0.0287641
0.0255868
0.0225335
0.0196599
0.0169956
0.0145564
0.0123435
0.0103539
0.00858498
0.0070297
0.00567865
0.0045157
0.00352093
0.00268834
0.00200502
0.00145606
0.00102591
0.000698546
0.000457709
0.000287304
0.000172014
9.79511e-05
5.29351e-05
2.72086e-05
1.34364e-05
6.40152e-06
2.95172e-06
1.32196e-06
5.77047e-07
2.4644e-07
1.0275e-07
4.15477e-08
1.59164e-08
5.31128e-09
9.30826e-10
2.26965e-10
1.26174e-09
3.70028e-09
9.47053e-09
2.30302e-08
5.44873e-08
1.26209e-07
2.86199e-07
6.33608e-07
1.36367e-06
2.83885e-06
5.63746e-06
1.06415e-05
1.90921e-05
3.26028e-05
5.31376e-05
8.29619e-05
0.000124589
0.000180434
0.000253183
0.000345545
0.000460219
0.000599883
0.000767178
0.000964707
0.00119502
0.00146064
0.00176403
0.00210761
0.00249376
0.00292481
0.00340302
0.00393062
0.00450974
0.00514243
0.00583067
0.00657633
0.00738119
0.00824691
0.00917503
0.0101669
0.0112239
0.012347
0.0135371
0.0147949
0.0161208
0.0175148
0.0189761
0.0205046
0.0220991
0.0237564
0.0254724
0.0272407
0.0290506
0.0308737
0.0326924
0.0344933
0.0361975
0.0377007
0.0388533
0.0394488
0.0391292
0.037409
0.0348137
0.0317948
0.0286274
0.0254787
0.022448
0.0195924
0.0169438
0.0145143
0.012309
0.0103265
0.00856306
0.00701194
0.0056639
0.0045033
0.00351078
0.00267987
0.00199787
0.00144999
0.00102079
0.000694251
0.000454196
0.000284588
0.000170067
9.65225e-05
5.18781e-05
2.65429e-05
1.30477e-05
6.19064e-06
2.84676e-06
1.27308e-06
5.5471e-07
2.35811e-07
9.78779e-08
3.9409e-08
1.50404e-08
5.0049e-09
8.75913e-10
2.16614e-10
1.20526e-09
3.54128e-09
9.08664e-09
2.21605e-08
5.25882e-08
1.22179e-07
2.77875e-07
6.16871e-07
1.33086e-06
2.77589e-06
5.52172e-06
1.04338e-05
1.87278e-05
3.19759e-05
5.20759e-05
8.11852e-05
0.000121627
0.000176089
0.000247165
0.000337508
0.000449782
0.000586645
0.000750723
0.00094461
0.00117086
0.00143198
0.00173043
0.00206866
0.00244904
0.0028739
0.00334552
0.00386613
0.00443788
0.00506282
0.00574295
0.00648015
0.00727621
0.00813281
0.0090515
0.0100337
0.0110807
0.0121935
0.0133731
0.0146201
0.015935
0.0173176
0.0187678
0.0202849
0.0218678
0.0235135
0.0252182
0.0269755
0.028775
0.030589
0.0324011
0.0341958
0.0358961
0.0374014
0.0385671
0.0391863
0.0389082
0.0372443
0.0346892
0.0316996
0.0285542
0.0254223
0.0224048
0.0195598
0.0169178
0.0144945
0.0122944
0.0103162
0.00855604
0.00700732
0.00566095
0.00450163
0.00351039
0.0026803
0.00199879
0.00145111
0.00102186
0.000695193
0.000454932
0.000285078
0.000170319
9.66408e-05
5.19265e-05
2.65426e-05
1.3026e-05
6.1661e-06
2.82745e-06
1.26045e-06
5.47843e-07
2.32538e-07
9.63297e-08
3.86994e-08
1.47363e-08
4.89419e-09
8.55634e-10
)
;

boundaryField
{
    fuel
    {
        type            fixedValue;
        value           uniform 0;
    }
    air
    {
        type            fixedValue;
        value           uniform 0;
    }
    outlet
    {
        type            inletOutlet;
        inletValue      uniform 0;
        value           nonuniform List<scalar> 
200
(
2.1237e-10
1.18166e-09
3.47201e-09
8.90911e-09
2.17283e-08
5.15658e-08
1.19816e-07
2.72546e-07
6.05185e-07
1.30609e-06
2.72541e-06
5.42505e-06
1.0259e-05
1.84287e-05
3.14906e-05
5.13237e-05
8.00665e-05
0.000120075
0.000173995
0.000244418
0.000333995
0.000445397
0.000581285
0.000744293
0.000937021
0.00116203
0.00142184
0.00171893
0.00205574
0.00243466
0.00285803
0.00332814
0.00384724
0.00441746
0.0050409
0.00571954
0.00645529
0.00724993
0.00810516
0.00902253
0.0100035
0.0110493
0.012161
0.0133396
0.0145856
0.0158995
0.0172814
0.0187308
0.0202472
0.0218295
0.0234749
0.0251792
0.0269365
0.0287364
0.0305517
0.0323654
0.0341625
0.0358669
0.0373788
0.0385546
0.0391893
0.0389356
0.0373018
0.0347621
0.031779
0.0286347
0.0255006
0.0224789
0.0196286
0.0169808
0.0145514
0.0123453
0.0103612
0.0085953
0.00704114
0.0056897
0.00452575
0.00353037
0.00269642
0.0020115
0.00146087
0.00102913
0.000700423
0.000458544
0.000287456
0.000171808
9.75274e-05
5.24251e-05
2.6806e-05
1.31587e-05
6.23037e-06
2.85757e-06
1.27416e-06
5.5398e-07
2.35222e-07
9.74721e-08
3.91701e-08
1.49196e-08
4.95628e-09
8.66614e-10
2.16614e-10
1.20526e-09
3.54128e-09
9.08664e-09
2.21605e-08
5.25882e-08
1.22179e-07
2.77875e-07
6.16871e-07
1.33086e-06
2.77589e-06
5.52172e-06
1.04338e-05
1.87278e-05
3.19759e-05
5.20759e-05
8.11852e-05
0.000121627
0.000176089
0.000247165
0.000337508
0.000449782
0.000586645
0.000750723
0.00094461
0.00117086
0.00143198
0.00173043
0.00206866
0.00244904
0.0028739
0.00334552
0.00386613
0.00443788
0.00506282
0.00574295
0.00648015
0.00727621
0.00813281
0.0090515
0.0100337
0.0110807
0.0121935
0.0133731
0.0146201
0.015935
0.0173176
0.0187678
0.0202849
0.0218678
0.0235135
0.0252182
0.0269755
0.028775
0.030589
0.0324011
0.0341958
0.0358961
0.0374014
0.0385671
0.0391863
0.0389082
0.0372443
0.0346892
0.0316996
0.0285542
0.0254223
0.0224048
0.0195598
0.0169178
0.0144945
0.0122944
0.0103162
0.00855604
0.00700732
0.00566095
0.00450163
0.00351039
0.0026803
0.00199879
0.00145111
0.00102186
0.000695193
0.000454932
0.000285078
0.000170319
9.66408e-05
5.19265e-05
2.65426e-05
1.3026e-05
6.1661e-06
2.82745e-06
1.26045e-06
5.47843e-07
2.32538e-07
9.63297e-08
3.86994e-08
1.47363e-08
4.89419e-09
8.55634e-10
)
;
    }
    frontAndBack
    {
        type            empty;
    }
}


// ************************************************************************* //
