/*--------------------------------*- C++ -*----------------------------------*\
  =========                 |
  \\      /  F ield         | OpenFOAM: The Open Source CFD Toolbox
   \\    /   O peration     | Website:  https://openfoam.org
    \\  /    A nd           | Version:  11
     \\/     M anipulation  |
\*---------------------------------------------------------------------------*/
FoamFile
{
    format      ascii;
    class       volScalarField;
    location    "0.05";
    object      rho;
}
// * * * * * * * * * * * * * * * * * * * * * * * * * * * * * * * * * * * * * //

dimensions      [1 -3 0 0 0 0 0];

internalField   nonuniform List<scalar> 
4000
(
0.658472
0.658214
0.657728
0.656867
0.655416
0.653063
0.649385
0.643842
0.63581
0.624666
0.609943
0.591796
0.570829
0.547976
0.524324
0.500887
0.478442
0.457474
0.438176
0.4206
0.404672
0.390247
0.377157
0.365231
0.354309
0.344251
0.334936
0.326263
0.318145
0.310515
0.303312
0.296491
0.290011
0.283838
0.277929
0.272257
0.266803
0.261551
0.256488
0.2516
0.246878
0.242312
0.237893
0.233615
0.229471
0.225454
0.221561
0.217787
0.214128
0.210581
0.207147
0.203828
0.200629
0.197562
0.194666
0.191959
0.189463
0.187289
0.185586
0.184566
0.18457
0.186226
0.190533
0.196997
0.205103
0.214575
0.22527
0.237132
0.25017
0.264434
0.280022
0.297065
0.315732
0.336208
0.358709
0.38351
0.411034
0.441905
0.476464
0.515117
0.558282
0.606302
0.65916
0.716607
0.777832
0.841239
0.904543
0.964936
1.01911
1.06462
1.10083
1.12821
1.14795
1.16158
1.17062
1.17638
1.1799
1.18196
1.1831
1.18368
0.658471
0.658211
0.657719
0.65685
0.655386
0.653016
0.649316
0.643747
0.635686
0.624515
0.609762
0.591592
0.570593
0.54769
0.523966
0.500424
0.477834
0.4567
0.437295
0.419648
0.403675
0.389225
0.376125
0.3642
0.35329
0.343249
0.333955
0.325305
0.317212
0.309606
0.302428
0.295631
0.289174
0.283022
0.277133
0.27148
0.266043
0.260806
0.255757
0.250884
0.246174
0.24162
0.237213
0.232945
0.22881
0.224803
0.220918
0.217153
0.213503
0.209965
0.206539
0.203228
0.200038
0.196981
0.194095
0.191402
0.18892
0.186762
0.18508
0.184095
0.184146
0.185874
0.190277
0.196814
0.204981
0.214508
0.225257
0.237176
0.250275
0.264615
0.280286
0.297422
0.3162
0.336802
0.359449
0.384416
0.412134
0.443239
0.478059
0.516988
0.560411
0.608564
0.661602
0.719159
0.78034
0.843639
0.906696
0.966751
1.02058
1.06573
1.10163
1.12875
1.1483
1.16179
1.17073
1.17644
1.17993
1.18197
1.1831
1.18369
0.658469
0.6582
0.657692
0.656794
0.655281
0.652836
0.649028
0.643314
0.635072
0.623692
0.608726
0.590394
0.56927
0.546281
0.522502
0.498933
0.476343
0.455223
0.435809
0.418146
0.402156
0.387694
0.374589
0.362667
0.351764
0.341738
0.332463
0.323835
0.315767
0.308186
0.301035
0.294264
0.287833
0.281706
0.27584
0.270208
0.264792
0.259575
0.254545
0.249689
0.244997
0.240459
0.236068
0.231816
0.227697
0.223705
0.219835
0.216082
0.212443
0.208917
0.205504
0.202207
0.199032
0.195991
0.193125
0.19046
0.188007
0.185889
0.184237
0.183302
0.183428
0.185272
0.189823
0.196471
0.204732
0.214344
0.225176
0.237181
0.250369
0.264801
0.280583
0.297849
0.316765
0.337516
0.360322
0.38546
0.413362
0.444678
0.479712
0.518853
0.562483
0.610862
0.664019
0.721598
0.782663
0.845644
0.908394
0.968116
1.02156
1.06636
1.10197
1.12891
1.14836
1.1618
1.17074
1.17644
1.17993
1.18197
1.1831
1.18368
0.658467
0.658188
0.657662
0.656734
0.655173
0.652656
0.648746
0.642898
0.634493
0.622925
0.60778
0.589293
0.568037
0.544939
0.521071
0.497426
0.474771
0.453594
0.43413
0.416425
0.4004
0.385913
0.372792
0.360862
0.34996
0.33994
0.330678
0.322067
0.314018
0.30646
0.299333
0.292587
0.286181
0.280079
0.274236
0.268627
0.263232
0.258037
0.253027
0.24819
0.243516
0.238996
0.234622
0.230387
0.226284
0.222308
0.218454
0.214718
0.211097
0.207588
0.204194
0.200916
0.197761
0.194743
0.191902
0.189267
0.186849
0.184772
0.183191
0.182311
0.18252
0.184491
0.189202
0.195972
0.204335
0.214039
0.224961
0.237057
0.250341
0.264876
0.280761
0.298141
0.317196
0.338097
0.361056
0.386353
0.414424
0.44593
0.481159
0.520488
0.564285
0.612791
0.665999
0.723497
0.784436
0.847322
0.909814
0.969102
1.02222
1.06674
1.10215
1.12897
1.14837
1.1618
1.17073
1.17642
1.17992
1.18196
1.1831
1.18368
0.658465
0.658176
0.657632
0.656673
0.655063
0.652474
0.648463
0.642481
0.633908
0.622144
0.606811
0.588149
0.566741
0.543518
0.519548
0.495819
0.473094
0.451856
0.43234
0.41459
0.398529
0.384013
0.370871
0.358928
0.34802
0.338001
0.328745
0.320144
0.312111
0.304571
0.297464
0.29074
0.284358
0.278278
0.272457
0.266869
0.261496
0.256321
0.251332
0.246515
0.241861
0.23736
0.233004
0.228787
0.224701
0.220742
0.216902
0.21319
0.20959
0.206104
0.202732
0.199477
0.196346
0.193354
0.190541
0.187942
0.185562
0.183531
0.182012
0.181222
0.18152
0.183618
0.188472
0.195351
0.203807
0.213597
0.224602
0.236782
0.250156
0.264787
0.280779
0.298272
0.317439
0.338466
0.36157
0.387014
0.415236
0.446908
0.482306
0.521794
0.565727
0.614316
0.667534
0.725048
0.785967
0.848606
0.91074
0.96969
1.02258
1.06691
1.10221
1.12896
1.14832
1.16175
1.17068
1.17639
1.1799
1.18195
1.18309
1.18368
0.658463
0.658166
0.657606
0.65662
0.654968
0.652315
0.648216
0.642117
0.633395
0.621452
0.605942
0.587107
0.565539
0.542174
0.518082
0.494251
0.471439
0.450128
0.430549
0.412746
0.396642
0.382091
0.368923
0.356961
0.346041
0.336017
0.326762
0.318167
0.310144
0.302618
0.295527
0.288822
0.282461
0.276402
0.270601
0.265033
0.259681
0.254527
0.249558
0.244761
0.240128
0.235647
0.231312
0.227115
0.22305
0.219111
0.215292
0.2116
0.208023
0.20456
0.201212
0.197981
0.194877
0.191913
0.189131
0.186568
0.184226
0.18224
0.180781
0.18006
0.180465
0.182692
0.187672
0.194647
0.203184
0.213049
0.224126
0.236381
0.249831
0.26454
0.280621
0.298214
0.317494
0.338634
0.361855
0.387428
0.41579
0.447612
0.483164
0.522796
0.566836
0.615501
0.668827
0.72639
0.787185
0.84964
0.911535
0.970214
1.02292
1.06708
1.10226
1.12895
1.14828
1.1617
1.17064
1.17636
1.17988
1.18194
1.18309
1.18368
0.658461
0.658157
0.657584
0.656575
0.654887
0.65218
0.648003
0.641799
0.632942
0.620833
0.605156
0.586152
0.564425
0.540916
0.516699
0.492759
0.469855
0.448465
0.42882
0.41096
0.394809
0.380219
0.36702
0.355034
0.344098
0.334064
0.324805
0.316211
0.308193
0.300676
0.293598
0.286909
0.280565
0.274524
0.268741
0.263192
0.257859
0.252725
0.247776
0.243001
0.238388
0.233929
0.229616
0.225442
0.221402
0.217491
0.213708
0.210026
0.206466
0.203024
0.199699
0.196494
0.193417
0.190483
0.187732
0.185206
0.182903
0.18096
0.179554
0.17889
0.179362
0.181696
0.186769
0.193816
0.202416
0.212342
0.223482
0.235803
0.249329
0.264129
0.280301
0.297989
0.317371
0.338621
0.361955
0.387639
0.416119
0.448078
0.48377
0.523533
0.567714
0.61654
0.669928
0.727458
0.78818
0.850501
0.912204
0.970655
1.0232
1.06724
1.10232
1.12895
1.14825
1.16166
1.17061
1.17634
1.17987
1.18194
1.18309
1.18368
0.658459
0.65815
0.657566
0.656538
0.65482
0.652067
0.647824
0.641531
0.632556
0.6203
0.604471
0.585311
0.563432
0.539782
0.515438
0.491387
0.468387
0.446915
0.4272
0.40928
0.393078
0.378446
0.365212
0.353199
0.342243
0.332194
0.322926
0.314328
0.306312
0.2988
0.291731
0.285054
0.278726
0.272698
0.266931
0.261399
0.256084
0.250969
0.24604
0.241285
0.236692
0.232254
0.227962
0.22381
0.219791
0.2159
0.212132
0.208483
0.20495
0.201534
0.198235
0.195058
0.192009
0.189105
0.186385
0.183897
0.181633
0.179733
0.178378
0.177763
0.178301
0.180721
0.185863
0.192964
0.201612
0.211584
0.222774
0.235148
0.248733
0.263595
0.279842
0.297616
0.317093
0.338446
0.361891
0.387688
0.416277
0.448354
0.48418
0.524089
0.568417
0.617334
0.670788
0.728341
0.789032
0.851264
0.912823
0.971094
1.02349
1.06742
1.10241
1.12897
1.14825
1.16166
1.1706
1.17633
1.17986
1.18193
1.18309
1.18368
0.658458
0.658145
0.657552
0.656509
0.654766
0.651975
0.647678
0.641309
0.632234
0.61985
0.603887
0.584586
0.562566
0.538782
0.514315
0.490156
0.467061
0.445506
0.425718
0.407737
0.391482
0.376805
0.363534
0.351491
0.34051
0.330443
0.321162
0.312558
0.304538
0.297028
0.289965
0.283296
0.276979
0.270964
0.26521
0.259694
0.254395
0.249297
0.244387
0.23965
0.235078
0.23066
0.226389
0.222257
0.21826
0.214391
0.210647
0.207022
0.203514
0.200123
0.196851
0.193701
0.190681
0.187807
0.185117
0.182664
0.180437
0.178578
0.177267
0.1767
0.177294
0.17978
0.184971
0.192111
0.200794
0.210802
0.22203
0.234449
0.248083
0.263002
0.279314
0.297161
0.31672
0.338165
0.361709
0.38761
0.416307
0.4485
0.484463
0.524503
0.568944
0.617964
0.671497
0.729094
0.78978
0.851953
0.913406
0.971536
1.02378
1.06762
1.10254
1.12905
1.14828
1.16166
1.1706
1.17633
1.17986
1.18193
1.18309
1.18368
0.658458
0.65814
0.657541
0.656486
0.654724
0.651904
0.647563
0.641131
0.631972
0.61948
0.603403
0.583977
0.56183
0.537922
0.51334
0.489076
0.465886
0.444249
0.42439
0.406346
0.390037
0.375315
0.362004
0.349929
0.338921
0.328834
0.319538
0.310923
0.302898
0.295386
0.288325
0.281663
0.275355
0.269348
0.263605
0.258102
0.252818
0.247736
0.242842
0.238123
0.233569
0.22917
0.224919
0.220808
0.216831
0.212983
0.209259
0.205655
0.202174
0.19881
0.195564
0.192442
0.189451
0.186606
0.183944
0.181524
0.179332
0.177509
0.176238
0.175714
0.176351
0.178886
0.18411
0.191278
0.199986
0.210021
0.22128
0.233735
0.24741
0.262378
0.278745
0.296657
0.31629
0.337816
0.361449
0.387444
0.416239
0.448539
0.484621
0.524787
0.569348
0.618477
0.672098
0.729751
0.790451
0.852591
0.913963
0.971979
1.0241
1.06786
1.1027
1.12915
1.14834
1.1617
1.17062
1.17634
1.17987
1.18194
1.18309
1.18368
0.658457
0.658137
0.657533
0.65647
0.654693
0.65185
0.647474
0.640993
0.631766
0.619185
0.60301
0.583477
0.561217
0.537198
0.512508
0.488145
0.464866
0.443149
0.42322
0.405115
0.388753
0.373984
0.360634
0.348525
0.33749
0.32738
0.318066
0.309439
0.301406
0.29389
0.28683
0.280171
0.273869
0.267869
0.262134
0.256641
0.251369
0.246301
0.241423
0.23672
0.232183
0.227803
0.22357
0.219479
0.215523
0.211696
0.207996
0.204418
0.200956
0.197613
0.194391
0.191293
0.188328
0.185511
0.182875
0.180486
0.178325
0.176536
0.175299
0.174811
0.175483
0.178052
0.1833
0.190485
0.199211
0.209267
0.220549
0.233032
0.246743
0.261751
0.278167
0.296136
0.315833
0.337433
0.361147
0.387228
0.416112
0.448509
0.484707
0.524989
0.569666
0.618904
0.672617
0.730333
0.79106
0.853183
0.914495
0.972417
1.02443
1.06812
1.10288
1.12927
1.14842
1.16174
1.17065
1.17636
1.17988
1.18194
1.18309
1.18368
0.658457
0.658135
0.657528
0.656458
0.654671
0.65181
0.647409
0.640889
0.631608
0.618955
0.6027
0.583075
0.560718
0.536599
0.511812
0.487357
0.463995
0.442202
0.422206
0.404042
0.387627
0.372813
0.359424
0.347282
0.336219
0.326086
0.316754
0.308113
0.30007
0.292549
0.285486
0.278829
0.27253
0.266535
0.260807
0.255323
0.250061
0.245005
0.24014
0.235452
0.23093
0.226566
0.22235
0.218277
0.214339
0.210532
0.20685
0.203291
0.199851
0.196532
0.193332
0.190258
0.187318
0.184526
0.181915
0.179554
0.177421
0.175661
0.174455
0.173997
0.174696
0.177289
0.182551
0.189748
0.198487
0.208557
0.219858
0.232364
0.246103
0.261146
0.277604
0.295622
0.315377
0.337042
0.360829
0.386988
0.415953
0.448439
0.484743
0.525135
0.569923
0.619265
0.673069
0.730853
0.791614
0.853733
0.915
0.972845
1.02476
1.06838
1.10308
1.12941
1.14851
1.1618
1.17068
1.17638
1.17989
1.18195
1.18309
1.18368
0.658456
0.658134
0.657524
0.65645
0.654655
0.651783
0.647362
0.640813
0.63149
0.61878
0.602459
0.582759
0.560318
0.536111
0.511238
0.4867
0.463261
0.441399
0.421339
0.40312
0.386657
0.3718
0.358373
0.346199
0.335108
0.324953
0.315603
0.306947
0.298894
0.291366
0.2843
0.277642
0.271345
0.265352
0.259629
0.254152
0.2489
0.243854
0.238999
0.234324
0.229816
0.225466
0.221266
0.217208
0.213287
0.209497
0.205834
0.202293
0.198873
0.195573
0.192395
0.189341
0.186423
0.183654
0.181066
0.17873
0.176622
0.174888
0.173707
0.173274
0.173995
0.176603
0.181875
0.189079
0.197826
0.207906
0.219221
0.231746
0.245509
0.260582
0.277076
0.295137
0.314942
0.336665
0.360517
0.386746
0.415784
0.448349
0.48475
0.525245
0.570135
0.619576
0.673465
0.731316
0.792116
0.854238
0.915471
0.973251
1.02508
1.06865
1.10328
1.12955
1.14861
1.16186
1.17072
1.1764
1.1799
1.18196
1.1831
1.18368
0.658456
0.658133
0.657522
0.656446
0.654645
0.651764
0.647329
0.640759
0.631405
0.618649
0.602276
0.582513
0.560002
0.535721
0.510772
0.486161
0.462653
0.440727
0.420611
0.402341
0.385833
0.370936
0.357475
0.34527
0.334154
0.323977
0.314609
0.305939
0.297875
0.29034
0.28327
0.276611
0.270314
0.264323
0.258604
0.253132
0.247886
0.242849
0.238004
0.233339
0.228843
0.224506
0.220319
0.216275
0.212369
0.208595
0.204947
0.201423
0.19802
0.194738
0.191577
0.188543
0.185644
0.182895
0.180326
0.178012
0.175926
0.174215
0.173056
0.172643
0.173381
0.175999
0.181276
0.188485
0.197237
0.207325
0.218651
0.23119
0.244973
0.260071
0.276596
0.294694
0.314543
0.336316
0.360225
0.386516
0.415619
0.448255
0.484743
0.525329
0.570312
0.619842
0.673813
0.731727
0.792566
0.854695
0.915903
0.973629
1.02539
1.0689
1.10347
1.12969
1.1487
1.16192
1.17076
1.17642
1.17991
1.18196
1.1831
1.18369
0.658456
0.658133
0.657521
0.656443
0.65464
0.651752
0.647308
0.640722
0.631343
0.618553
0.602139
0.582326
0.559757
0.535413
0.510399
0.485725
0.462157
0.440176
0.42001
0.401695
0.385146
0.370214
0.356722
0.34449
0.33335
0.323154
0.313769
0.305086
0.297012
0.28947
0.282395
0.275734
0.269437
0.263446
0.257729
0.252261
0.247021
0.24199
0.237154
0.232498
0.228012
0.223685
0.21951
0.215478
0.211585
0.207824
0.20419
0.20068
0.197292
0.194025
0.19088
0.187862
0.18498
0.182248
0.179696
0.177401
0.175334
0.173642
0.172501
0.172105
0.172855
0.175481
0.180761
0.187972
0.196727
0.20682
0.218154
0.230706
0.244504
0.259623
0.276174
0.294303
0.31419
0.336007
0.359965
0.386309
0.415468
0.448166
0.48473
0.525396
0.570461
0.620071
0.674114
0.732086
0.792961
0.855099
0.916288
0.973969
1.02566
1.06913
1.10365
1.12982
1.14879
1.16198
1.17079
1.17645
1.17993
1.18197
1.1831
1.18369
0.658456
0.658133
0.657521
0.656441
0.654636
0.651745
0.647293
0.640696
0.6313
0.618484
0.602037
0.582185
0.559569
0.535173
0.510107
0.485379
0.461761
0.439733
0.419524
0.401171
0.384588
0.369625
0.356106
0.343851
0.332691
0.322477
0.313078
0.304384
0.296301
0.288751
0.281672
0.27501
0.268711
0.26272
0.257005
0.25154
0.246304
0.241279
0.236448
0.2318
0.227321
0.223004
0.218838
0.214816
0.210933
0.207183
0.203561
0.200063
0.196687
0.193433
0.190302
0.187297
0.184428
0.181711
0.179173
0.176893
0.174844
0.173169
0.172042
0.17166
0.172418
0.175049
0.18033
0.187542
0.196299
0.206396
0.217737
0.230298
0.24411
0.259245
0.275817
0.293973
0.313891
0.335743
0.359743
0.386132
0.415339
0.448089
0.484717
0.525451
0.570586
0.620265
0.674369
0.732392
0.793299
0.855447
0.916621
0.974264
1.02591
1.06933
1.10381
1.12993
1.14887
1.16203
1.17082
1.17647
1.17994
1.18197
1.1831
1.18369
0.658456
0.658133
0.65752
0.65644
0.654634
0.65174
0.647284
0.640679
0.63127
0.618434
0.601964
0.58208
0.559428
0.534992
0.509883
0.485114
0.461454
0.439389
0.419146
0.400761
0.38415
0.369163
0.355621
0.343347
0.332171
0.321942
0.312532
0.303827
0.295736
0.288181
0.281098
0.274433
0.268133
0.262142
0.256428
0.250965
0.245732
0.240711
0.235886
0.231243
0.226771
0.22246
0.218302
0.214288
0.210414
0.206672
0.203059
0.199571
0.196205
0.192961
0.18984
0.186846
0.183988
0.181281
0.17875
0.176475
0.174468
0.172799
0.17168
0.171306
0.172071
0.174704
0.179986
0.187198
0.195957
0.206056
0.217402
0.22997
0.243792
0.258941
0.27553
0.293706
0.313649
0.335531
0.359564
0.38599
0.415235
0.448028
0.484708
0.525498
0.57069
0.620424
0.67458
0.732644
0.793578
0.855735
0.916896
0.974509
1.02611
1.0695
1.10394
1.13002
1.14893
1.16208
1.17085
1.17648
1.17995
1.18198
1.18311
1.18369
0.658456
0.658133
0.65752
0.65644
0.654633
0.651737
0.647278
0.640667
0.631249
0.618399
0.601911
0.582005
0.559326
0.53486
0.50972
0.484919
0.461229
0.439136
0.418866
0.400457
0.383825
0.368819
0.355261
0.342972
0.331783
0.321544
0.312124
0.303412
0.295315
0.287755
0.280669
0.274003
0.267701
0.26171
0.255996
0.250535
0.245304
0.240286
0.235465
0.230826
0.226359
0.222053
0.2179
0.213893
0.210024
0.206289
0.202683
0.199202
0.195844
0.192608
0.189495
0.186509
0.183659
0.18096
0.178439
0.176172
0.174176
0.172518
0.171407
0.171041
0.171812
0.174447
0.179729
0.186941
0.1957
0.205802
0.217151
0.229725
0.243554
0.258713
0.275315
0.293507
0.313469
0.335372
0.359431
0.385884
0.415159
0.447985
0.484705
0.525537
0.570773
0.620551
0.674746
0.732842
0.793797
0.855961
0.917113
0.974703
1.02627
1.06964
1.10404
1.1301
1.14898
1.16211
1.17087
1.17649
1.17995
1.18198
1.18311
1.18369
0.658456
0.658133
0.65752
0.65644
0.654632
0.651735
0.647274
0.640659
0.631235
0.618376
0.601877
0.581956
0.559259
0.534773
0.509612
0.48479
0.46108
0.438968
0.418681
0.400256
0.38361
0.368591
0.355022
0.342723
0.331526
0.321279
0.311853
0.303136
0.295035
0.287472
0.280384
0.273716
0.267414
0.261422
0.255708
0.250248
0.245019
0.240003
0.235183
0.230548
0.226084
0.221781
0.217632
0.213629
0.209765
0.206035
0.202433
0.198957
0.195604
0.192373
0.189265
0.186285
0.18344
0.180748
0.178232
0.175971
0.173983
0.172331
0.171227
0.170865
0.17164
0.174276
0.179559
0.186772
0.195531
0.205634
0.216986
0.229563
0.243398
0.258564
0.275174
0.293376
0.313351
0.33527
0.359346
0.385818
0.415112
0.447961
0.484708
0.52557
0.570836
0.620643
0.674866
0.732984
0.793954
0.856122
0.917268
0.974842
1.02639
1.06973
1.10412
1.13015
1.14902
1.16213
1.17089
1.1765
1.17996
1.18199
1.18311
1.18369
0.658456
0.658133
0.65752
0.65644
0.654631
0.651734
0.647272
0.640655
0.631228
0.618364
0.601858
0.58193
0.559224
0.534728
0.509556
0.484724
0.461004
0.438883
0.418587
0.400155
0.383502
0.368477
0.354903
0.342599
0.331397
0.321147
0.311717
0.302997
0.294894
0.28733
0.28024
0.273572
0.267269
0.261277
0.255564
0.250104
0.244876
0.23986
0.235042
0.230408
0.225945
0.221645
0.217498
0.213496
0.209634
0.205906
0.202307
0.198833
0.195483
0.192254
0.189149
0.186171
0.18333
0.180639
0.178126
0.175869
0.173887
0.17224
0.171138
0.170779
0.171556
0.174193
0.179477
0.18669
0.19545
0.205554
0.216908
0.229487
0.243325
0.258494
0.275109
0.293317
0.313298
0.335225
0.35931
0.385792
0.415096
0.447956
0.484718
0.525594
0.570876
0.620699
0.674935
0.733065
0.794042
0.856212
0.917355
0.974919
1.02645
1.06979
1.10416
1.13018
1.14904
1.16215
1.1709
1.17651
1.17996
1.18199
1.18311
1.18369
0.658456
0.658133
0.65752
0.65644
0.654631
0.651734
0.647271
0.640653
0.631225
0.61836
0.601853
0.581924
0.559217
0.53472
0.509548
0.484715
0.460996
0.438874
0.418579
0.400148
0.383495
0.36847
0.354896
0.342592
0.331391
0.32114
0.311711
0.302991
0.294888
0.287324
0.280235
0.273567
0.267264
0.261272
0.255559
0.250099
0.244871
0.239855
0.235037
0.230403
0.225941
0.22164
0.217493
0.213492
0.20963
0.205902
0.202303
0.19883
0.195479
0.192251
0.189146
0.186168
0.183327
0.180637
0.178124
0.175867
0.173886
0.172239
0.171138
0.170779
0.171557
0.174197
0.179481
0.186696
0.195457
0.205562
0.216915
0.229496
0.243334
0.258504
0.275119
0.293327
0.313309
0.335236
0.359321
0.385804
0.415109
0.44797
0.484732
0.525609
0.570892
0.620715
0.674952
0.733083
0.79406
0.856229
0.91737
0.974932
1.02646
1.0698
1.10416
1.13019
1.14904
1.16215
1.1709
1.17651
1.17996
1.18199
1.18311
1.18369
0.658456
0.658133
0.65752
0.656439
0.654631
0.651734
0.647271
0.640655
0.631229
0.618367
0.601864
0.58194
0.55924
0.534752
0.509588
0.484766
0.461056
0.438944
0.418657
0.400234
0.383588
0.36857
0.355002
0.342704
0.331507
0.321261
0.311835
0.303118
0.295017
0.287455
0.280367
0.2737
0.267398
0.261406
0.255693
0.250233
0.245004
0.239989
0.23517
0.230534
0.22607
0.221769
0.21762
0.213617
0.209753
0.206023
0.202422
0.198947
0.195594
0.192363
0.189256
0.186276
0.183433
0.180741
0.178226
0.175966
0.173979
0.172328
0.171225
0.170866
0.171645
0.174287
0.179573
0.186789
0.195551
0.205656
0.217009
0.229588
0.243424
0.258592
0.275203
0.293407
0.313383
0.335303
0.35938
0.385854
0.41515
0.448001
0.48475
0.525613
0.570882
0.62069
0.674914
0.733033
0.794001
0.856167
0.917309
0.974877
1.02641
1.06976
1.10413
1.13017
1.14903
1.16214
1.17089
1.17651
1.17996
1.18199
1.18311
1.18369
0.658456
0.658133
0.65752
0.656439
0.654631
0.651735
0.647273
0.64066
0.631239
0.618384
0.60189
0.581979
0.559295
0.534825
0.509682
0.484879
0.46119
0.439096
0.418828
0.40042
0.38379
0.368785
0.355228
0.34294
0.331752
0.321514
0.312094
0.303383
0.295286
0.287728
0.280642
0.273976
0.267675
0.261684
0.255971
0.25051
0.24528
0.240263
0.235441
0.230803
0.226337
0.222032
0.21788
0.213873
0.210005
0.206271
0.202666
0.199186
0.195828
0.192593
0.189481
0.186496
0.183647
0.180949
0.178428
0.176163
0.174168
0.172512
0.171404
0.171042
0.171819
0.174463
0.179752
0.186969
0.195732
0.205837
0.217189
0.229766
0.243598
0.258759
0.275363
0.293557
0.313521
0.335428
0.359488
0.385944
0.415221
0.44805
0.484773
0.525608
0.570846
0.620626
0.674822
0.732917
0.793869
0.856028
0.917173
0.974754
1.02631
1.06967
1.10407
1.13012
1.149
1.16212
1.17088
1.1765
1.17995
1.18198
1.18311
1.18369
0.658456
0.658133
0.65752
0.656439
0.654632
0.651737
0.647279
0.64067
0.631257
0.618415
0.601938
0.582047
0.559389
0.534947
0.509834
0.485063
0.461402
0.439337
0.419095
0.400711
0.384101
0.369115
0.355576
0.343302
0.332127
0.3219
0.31249
0.303786
0.295696
0.288142
0.28106
0.274396
0.268096
0.262106
0.256392
0.25093
0.245698
0.240678
0.235853
0.231211
0.22674
0.22243
0.218273
0.21426
0.210387
0.206646
0.203034
0.199547
0.196182
0.19294
0.18982
0.186827
0.18397
0.181264
0.178735
0.176462
0.174457
0.172791
0.171676
0.171307
0.172081
0.174727
0.180019
0.187238
0.196001
0.206106
0.217455
0.230028
0.243853
0.259005
0.275597
0.293777
0.313723
0.335608
0.359644
0.386072
0.415321
0.448118
0.484801
0.525594
0.570788
0.620523
0.674679
0.73274
0.793669
0.855818
0.916969
0.97457
1.02616
1.06954
1.10397
1.13004
1.14895
1.16208
1.17086
1.17648
1.17995
1.18198
1.18311
1.18369
0.658456
0.658133
0.65752
0.65644
0.654634
0.651742
0.647288
0.640687
0.631286
0.618463
0.602009
0.582148
0.559524
0.535122
0.51005
0.485319
0.461698
0.43967
0.419462
0.401109
0.384527
0.369566
0.356048
0.343794
0.332636
0.322423
0.313025
0.304332
0.296249
0.288701
0.281623
0.274961
0.268663
0.262673
0.256959
0.251495
0.24626
0.241235
0.236406
0.231759
0.227282
0.222965
0.2188
0.21478
0.210899
0.20715
0.203529
0.200032
0.196658
0.193405
0.190275
0.187272
0.184405
0.18169
0.179153
0.176876
0.17483
0.173159
0.172037
0.171661
0.172431
0.175078
0.180372
0.187593
0.196357
0.20646
0.217806
0.230372
0.244188
0.259328
0.275904
0.294063
0.313985
0.335841
0.359845
0.386237
0.415448
0.448204
0.484835
0.525572
0.570708
0.620387
0.67449
0.732508
0.793407
0.855545
0.916705
0.974333
1.02596
1.06938
1.10384
1.12995
1.14888
1.16204
1.17083
1.17647
1.17994
1.18197
1.1831
1.18369
0.658456
0.658133
0.657521
0.656442
0.654638
0.651749
0.647302
0.640713
0.631329
0.618532
0.602109
0.582287
0.559708
0.535355
0.510335
0.485656
0.462084
0.440102
0.419936
0.401621
0.385073
0.370143
0.356652
0.344421
0.333283
0.323087
0.313704
0.305022
0.296949
0.289408
0.282334
0.275674
0.269378
0.263388
0.257672
0.252206
0.246967
0.241937
0.237102
0.232447
0.227963
0.223637
0.219464
0.215434
0.211542
0.207782
0.20415
0.200642
0.197256
0.19399
0.190848
0.187832
0.184951
0.182222
0.179672
0.17738
0.175316
0.17363
0.172494
0.172108
0.17287
0.175517
0.180812
0.188034
0.196797
0.206898
0.218239
0.230796
0.2446
0.259724
0.27628
0.294414
0.314305
0.336126
0.360089
0.386437
0.415601
0.448305
0.484873
0.525541
0.570608
0.620218
0.674257
0.732223
0.793088
0.855213
0.916386
0.974048
1.02572
1.06918
1.10368
1.12984
1.1488
1.16199
1.1708
1.17645
1.17993
1.18197
1.1831
1.18369
0.658456
0.658133
0.657522
0.656445
0.654644
0.651761
0.647324
0.64075
0.63139
0.618627
0.602244
0.58247
0.559948
0.535656
0.510699
0.486082
0.462569
0.440642
0.420525
0.402255
0.385747
0.370852
0.357392
0.345188
0.334074
0.323898
0.314531
0.305862
0.2978
0.290266
0.283196
0.276539
0.270244
0.264253
0.258535
0.253065
0.247821
0.242785
0.237942
0.233279
0.228784
0.224449
0.220264
0.216223
0.212318
0.208545
0.2049
0.201378
0.197977
0.194697
0.191539
0.188507
0.18561
0.182864
0.180298
0.177988
0.175905
0.1742
0.173048
0.172646
0.173399
0.176042
0.181337
0.188559
0.197321
0.207417
0.218751
0.231297
0.245086
0.26019
0.276721
0.294825
0.31468
0.336458
0.360371
0.386667
0.415775
0.448419
0.484911
0.5255
0.570485
0.620014
0.673981
0.731888
0.792715
0.854828
0.916017
0.973721
1.02546
1.06895
1.10351
1.12971
1.14872
1.16193
1.17076
1.17643
1.17992
1.18196
1.1831
1.18369
0.658456
0.658134
0.657524
0.656449
0.654653
0.651779
0.647355
0.640802
0.631473
0.618754
0.602422
0.582709
0.560255
0.536037
0.511154
0.486608
0.463164
0.441299
0.421239
0.40302
0.386557
0.371701
0.358276
0.346103
0.335014
0.32486
0.315511
0.306857
0.298805
0.291278
0.284213
0.277558
0.271262
0.265271
0.259549
0.254074
0.248823
0.243779
0.238927
0.234253
0.229748
0.2254
0.221202
0.217147
0.213228
0.209441
0.205779
0.202241
0.198824
0.195526
0.19235
0.1893
0.186384
0.183618
0.181034
0.178701
0.176598
0.174871
0.173698
0.173277
0.174016
0.176653
0.181945
0.189164
0.197923
0.208013
0.219337
0.231869
0.245639
0.26072
0.277221
0.295288
0.3151
0.336829
0.360686
0.386921
0.415965
0.448538
0.484944
0.525442
0.570335
0.619774
0.67366
0.731503
0.792289
0.854392
0.915604
0.973359
1.02516
1.06871
1.10333
1.12958
1.14863
1.16188
1.17073
1.17641
1.1799
1.18196
1.1831
1.18368
0.658457
0.658135
0.657527
0.656457
0.654668
0.651805
0.6474
0.640876
0.631587
0.618923
0.602654
0.583015
0.560643
0.53651
0.511712
0.487248
0.46388
0.442085
0.422087
0.403924
0.38751
0.372698
0.35931
0.34717
0.336108
0.325978
0.316647
0.308008
0.299967
0.292447
0.285386
0.278731
0.272434
0.26644
0.260715
0.255232
0.249973
0.24492
0.240056
0.235371
0.230852
0.22649
0.222278
0.218207
0.214272
0.210467
0.206789
0.203233
0.199796
0.196479
0.193283
0.190211
0.187274
0.184485
0.181879
0.179522
0.177394
0.175641
0.174444
0.174
0.17472
0.177345
0.182631
0.189845
0.198597
0.208678
0.219989
0.232504
0.246251
0.261303
0.277769
0.295794
0.315557
0.337228
0.361021
0.387187
0.416159
0.448654
0.484964
0.525362
0.570152
0.619493
0.673292
0.731066
0.791813
0.853911
0.915153
0.972969
1.02485
1.06846
1.10313
1.12944
1.14853
1.16182
1.17069
1.17638
1.17989
1.18195
1.18309
1.18368
0.658457
0.658137
0.657533
0.656468
0.65469
0.651844
0.647464
0.640976
0.63174
0.619146
0.602954
0.583404
0.561126
0.53709
0.512388
0.488015
0.46473
0.443011
0.42308
0.404976
0.388615
0.373849
0.360501
0.348394
0.337361
0.327254
0.317942
0.309317
0.301286
0.293773
0.286714
0.280058
0.273758
0.26776
0.262028
0.256538
0.251269
0.246204
0.241328
0.236628
0.232094
0.227717
0.223488
0.2194
0.215447
0.211624
0.207928
0.204356
0.200894
0.197554
0.194335
0.19124
0.188279
0.185465
0.182834
0.18045
0.178295
0.176513
0.175288
0.174815
0.175509
0.178115
0.183389
0.190593
0.199335
0.209402
0.220696
0.233189
0.246909
0.261926
0.278351
0.296328
0.316034
0.337641
0.361363
0.387451
0.416344
0.448752
0.484956
0.525244
0.569924
0.619161
0.672869
0.730576
0.791287
0.853387
0.91467
0.972561
1.02454
1.0682
1.10294
1.12931
1.14845
1.16176
1.17066
1.17637
1.17988
1.18194
1.18309
1.18368
0.658458
0.65814
0.65754
0.656484
0.65472
0.651896
0.64755
0.64111
0.63194
0.619432
0.603334
0.583887
0.561719
0.537792
0.513195
0.48892
0.465725
0.444085
0.424225
0.406183
0.389877
0.375157
0.36185
0.349777
0.338773
0.328688
0.319395
0.310783
0.302761
0.295252
0.288194
0.281535
0.27523
0.269226
0.263486
0.257985
0.252704
0.247626
0.242735
0.23802
0.23347
0.229074
0.224827
0.220719
0.216746
0.212902
0.209181
0.205578
0.202103
0.198744
0.195502
0.192383
0.189396
0.186555
0.183898
0.181484
0.179298
0.177484
0.176225
0.175718
0.17638
0.178955
0.184208
0.191397
0.200122
0.210171
0.221443
0.233908
0.247594
0.262572
0.278949
0.296871
0.316513
0.338048
0.361689
0.387693
0.416498
0.44881
0.4849
0.525072
0.569636
0.618766
0.672383
0.730025
0.790707
0.852821
0.914161
0.972141
1.02422
1.06795
1.10277
1.12919
1.14837
1.16172
1.17063
1.17635
1.17987
1.18194
1.18309
1.18368
0.658458
0.658144
0.657551
0.656506
0.654761
0.651966
0.647663
0.641283
0.632194
0.61979
0.603805
0.584478
0.562433
0.538627
0.514143
0.489972
0.46687
0.445312
0.425525
0.407546
0.391294
0.376622
0.363355
0.351316
0.340339
0.330276
0.320999
0.312398
0.304382
0.296875
0.289816
0.283151
0.276838
0.270826
0.265076
0.259563
0.254268
0.249175
0.244268
0.239536
0.234967
0.230554
0.226287
0.22216
0.218166
0.214301
0.21056
0.206939
0.203436
0.20005
0.196782
0.193636
0.190621
0.187752
0.185067
0.18262
0.1804
0.17855
0.177252
0.176704
0.177324
0.179855
0.185077
0.192241
0.200942
0.210966
0.222208
0.234639
0.248284
0.263214
0.279537
0.297395
0.316965
0.33842
0.361974
0.387885
0.416594
0.448802
0.484771
0.52482
0.569266
0.618287
0.671815
0.729401
0.790067
0.852213
0.91363
0.97172
1.02392
1.06773
1.10261
1.1291
1.14832
1.16169
1.17061
1.17634
1.17987
1.18194
1.18309
1.18368
0.658459
0.65815
0.657565
0.656535
0.654814
0.652056
0.647806
0.6415
0.632508
0.620229
0.604373
0.585183
0.563274
0.539598
0.515235
0.491171
0.468164
0.44669
0.426975
0.409059
0.392862
0.378235
0.365007
0.352999
0.342047
0.332004
0.32274
0.314148
0.306135
0.298628
0.291564
0.284891
0.278568
0.272545
0.266782
0.261255
0.255944
0.250834
0.24591
0.241159
0.236571
0.232138
0.227851
0.223704
0.21969
0.215805
0.212042
0.208398
0.204869
0.201457
0.198162
0.194989
0.191945
0.189046
0.186331
0.183849
0.181593
0.179703
0.178361
0.177765
0.178333
0.1808
0.185977
0.193104
0.201772
0.211761
0.222965
0.235353
0.24895
0.263825
0.280084
0.29787
0.317358
0.338724
0.36218
0.387988
0.41659
0.448683
0.484526
0.524451
0.568777
0.617692
0.67114
0.728682
0.789352
0.851554
0.913074
0.9713
1.02365
1.06753
1.10249
1.12903
1.14829
1.16168
1.17061
1.17634
1.17987
1.18194
1.18309
1.18368
0.658461
0.658156
0.657582
0.656571
0.654879
0.652166
0.64798
0.641763
0.632886
0.620749
0.60504
0.586001
0.56424
0.540702
0.516462
0.492508
0.469596
0.448204
0.428561
0.410706
0.39456
0.379978
0.366785
0.354807
0.343877
0.333849
0.324596
0.316008
0.307996
0.300484
0.293412
0.286728
0.280391
0.274354
0.268576
0.263033
0.257705
0.252577
0.247634
0.242864
0.238256
0.233803
0.229496
0.225328
0.221294
0.217389
0.213612
0.209938
0.20638
0.202942
0.199621
0.19642
0.193348
0.190419
0.187674
0.185156
0.182861
0.180929
0.179539
0.178889
0.179393
0.181776
0.186888
0.193964
0.202586
0.212529
0.223685
0.236021
0.24956
0.26437
0.280559
0.298263
0.317658
0.33892
0.362267
0.387963
0.416455
0.44843
0.484133
0.5239
0.5681
0.616932
0.670316
0.727835
0.788534
0.850822
0.912483
0.970885
1.02338
1.06738
1.10241
1.12902
1.1483
1.16169
1.17063
1.17635
1.17987
1.18194
1.18309
1.18368
0.658462
0.658165
0.657604
0.656615
0.654959
0.652299
0.648189
0.642074
0.633329
0.621353
0.605807
0.586931
0.565324
0.541926
0.517809
0.493961
0.471141
0.449828
0.430253
0.412456
0.39636
0.381818
0.368657
0.356704
0.345793
0.335777
0.326529
0.317941
0.309925
0.302406
0.295322
0.288624
0.282269
0.276216
0.270421
0.26486
0.259514
0.254366
0.249403
0.244613
0.239985
0.235511
0.231182
0.226992
0.222933
0.219
0.215188
0.211498
0.207927
0.20447
0.201127
0.197902
0.194803
0.191845
0.189069
0.186513
0.18418
0.182204
0.18076
0.18006
0.180495
0.182772
0.187795
0.194801
0.203361
0.213246
0.224342
0.236613
0.250081
0.264809
0.280902
0.298508
0.317801
0.338955
0.362189
0.387776
0.416154
0.447996
0.483563
0.523206
0.567254
0.615927
0.669253
0.726804
0.787576
0.849997
0.911846
0.970473
1.02312
1.06723
1.10238
1.12903
1.14833
1.16173
1.17066
1.17638
1.17989
1.18195
1.18309
1.18368
0.658464
0.658175
0.65763
0.656667
0.655053
0.652455
0.648431
0.64243
0.63383
0.622029
0.606653
0.587945
0.566493
0.543232
0.519233
0.495487
0.472754
0.451516
0.432004
0.414262
0.398211
0.383706
0.370574
0.358641
0.347743
0.337734
0.328487
0.319895
0.31187
0.304338
0.297239
0.290523
0.284149
0.278077
0.272263
0.266682
0.261316
0.256149
0.251166
0.246356
0.241708
0.237214
0.232865
0.228654
0.224575
0.22062
0.216784
0.21308
0.209488
0.206008
0.202642
0.199393
0.196268
0.193282
0.190476
0.187884
0.185513
0.183492
0.181989
0.181221
0.181549
0.183695
0.188599
0.195515
0.203999
0.213812
0.224836
0.237032
0.250421
0.265067
0.281074
0.298582
0.317765
0.338806
0.361925
0.387386
0.415627
0.447322
0.482736
0.522241
0.566185
0.614777
0.667996
0.725502
0.786399
0.849001
0.911087
0.96998
1.02281
1.06709
1.10233
1.12905
1.14838
1.16179
1.1707
1.17641
1.1799
1.18196
1.18309
1.18368
0.658467
0.658187
0.657659
0.656727
0.65516
0.652633
0.648708
0.642838
0.634401
0.622791
0.607597
0.589057
0.567751
0.544612
0.520713
0.497049
0.474387
0.45321
0.433753
0.416058
0.400046
0.385571
0.372463
0.360545
0.349655
0.339647
0.330396
0.321795
0.313756
0.306208
0.29909
0.292353
0.285957
0.279863
0.274028
0.268427
0.263041
0.257853
0.25285
0.248021
0.243355
0.238843
0.234476
0.230247
0.226151
0.222181
0.218333
0.214604
0.21099
0.207488
0.2041
0.200828
0.19768
0.194667
0.191834
0.189207
0.186798
0.184731
0.183165
0.182305
0.182543
0.184559
0.189325
0.196134
0.204527
0.214257
0.2252
0.237314
0.250615
0.265167
0.281069
0.298465
0.317537
0.338456
0.361433
0.386748
0.41484
0.446372
0.48162
0.520968
0.564781
0.613297
0.666504
0.723986
0.784896
0.84775
0.910196
0.969425
1.02248
1.06693
1.10229
1.12907
1.14844
1.16184
1.17075
1.17644
1.17992
1.18197
1.1831
1.18368
0.658469
0.658198
0.657688
0.656786
0.655266
0.65281
0.648984
0.643244
0.634965
0.623539
0.608515
0.590124
0.568945
0.54591
0.522099
0.49851
0.475913
0.454796
0.435391
0.41774
0.401765
0.387318
0.374229
0.362321
0.351433
0.34142
0.332158
0.323542
0.315485
0.307916
0.300775
0.294015
0.287594
0.281477
0.27562
0.269997
0.26459
0.259382
0.25436
0.249513
0.244829
0.240299
0.235916
0.231671
0.227559
0.223575
0.219712
0.215965
0.212333
0.208813
0.205407
0.202116
0.198947
0.195913
0.193055
0.190397
0.187953
0.185846
0.184209
0.183293
0.183449
0.18534
0.189947
0.196636
0.204928
0.214566
0.22542
0.237444
0.250651
0.265101
0.280901
0.298186
0.317121
0.337891
0.360716
0.385874
0.4138
0.445143
0.4802
0.519363
0.563012
0.611404
0.664569
0.722144
0.783194
0.846131
0.908821
0.968475
1.02185
1.06657
1.10213
1.12901
1.14843
1.16185
1.17076
1.17645
1.17993
1.18197
1.1831
1.18369
0.658471
0.658209
0.657715
0.656841
0.65537
0.652986
0.649266
0.643667
0.635566
0.62434
0.609521
0.591283
0.570222
0.547269
0.523511
0.499954
0.477368
0.456235
0.436839
0.419207
0.40325
0.388818
0.375736
0.363829
0.352935
0.342909
0.33363
0.324994
0.316914
0.309321
0.302155
0.295369
0.288924
0.282783
0.276904
0.27126
0.265833
0.260606
0.255566
0.250701
0.246001
0.241455
0.237057
0.232797
0.22867
0.224671
0.220793
0.217035
0.213392
0.20986
0.20644
0.203136
0.199952
0.1969
0.194022
0.191337
0.188863
0.186716
0.185048
0.184083
0.184163
0.185937
0.1904
0.196978
0.205178
0.214731
0.225504
0.237444
0.250563
0.264922
0.280612
0.297769
0.316566
0.337189
0.359856
0.384846
0.412588
0.443724
0.478569
0.517522
0.560968
0.609141
0.662195
0.719765
0.780959
0.844211
0.907186
0.967157
1.0209
1.06598
1.1018
1.12886
1.14837
1.16184
1.17076
1.17645
1.17994
1.18197
1.1831
1.18369
0.658471
0.658212
0.657723
0.656858
0.655398
0.653031
0.649332
0.643757
0.63568
0.624478
0.609684
0.591467
0.570434
0.547527
0.523838
0.500378
0.477922
0.456965
0.437683
0.420128
0.404221
0.389817
0.376747
0.36484
0.353937
0.343896
0.334598
0.325939
0.317837
0.310219
0.30303
0.296222
0.289754
0.283592
0.277694
0.272033
0.266589
0.261346
0.256292
0.251414
0.246701
0.242144
0.237734
0.233464
0.229328
0.225319
0.221433
0.217666
0.214014
0.210474
0.207047
0.203734
0.200542
0.197481
0.194592
0.191893
0.189406
0.187243
0.185554
0.184554
0.184586
0.186288
0.190656
0.197163
0.205302
0.214801
0.225519
0.237403
0.250461
0.264746
0.280353
0.297416
0.316104
0.336602
0.359125
0.38395
0.4115
0.442403
0.476988
0.515667
0.558855
0.606892
0.659756
0.717192
0.778376
0.841759
0.905031
0.96536
1.01945
1.06487
1.10101
1.12833
1.14803
1.16164
1.17065
1.1764
1.17991
1.18196
1.1831
1.18368
)
;

boundaryField
{
    fuel
    {
        type            calculated;
        value           nonuniform List<scalar> 
40
(
0.658534
0.658534
0.658534
0.658534
0.658534
0.658534
0.658534
0.658534
0.658534
0.658534
0.658534
0.658534
0.658534
0.658534
0.658534
0.658534
0.658534
0.658534
0.658534
0.658534
0.658534
0.658534
0.658534
0.658534
0.658534
0.658534
0.658534
0.658534
0.658534
0.658534
0.658534
0.658534
0.658534
0.658534
0.658534
0.658534
0.658534
0.658534
0.658534
0.658534
)
;
    }
    air
    {
        type            calculated;
        value           nonuniform List<scalar> 
40
(
1.18382
1.18382
1.18382
1.18382
1.18382
1.18382
1.18382
1.18382
1.18382
1.18382
1.18382
1.18382
1.18382
1.18382
1.18382
1.18382
1.18382
1.18382
1.18382
1.18382
1.18382
1.18382
1.18382
1.18382
1.18382
1.18382
1.18382
1.18382
1.18382
1.18382
1.18382
1.18382
1.18382
1.18382
1.18382
1.18382
1.18382
1.18382
1.18382
1.18382
)
;
    }
    outlet
    {
        type            calculated;
        value           nonuniform List<scalar> 
200
(
0.658467
0.658192
0.657672
0.656755
0.65521
0.652713
0.648821
0.642978
0.634549
0.622919
0.607651
0.588988
0.56759
0.544438
0.520636
0.497181
0.474813
0.454017
0.434923
0.417568
0.401861
0.387651
0.374765
0.363029
0.352285
0.342392
0.333231
0.324701
0.316718
0.309213
0.302129
0.29542
0.289046
0.282972
0.277158
0.271575
0.266206
0.261036
0.25605
0.251237
0.246586
0.242088
0.237734
0.233517
0.22943
0.225468
0.221626
0.217902
0.21429
0.210787
0.207394
0.204114
0.20095
0.197916
0.195053
0.192375
0.18991
0.187769
0.186099
0.185121
0.185186
0.186934
0.191349
0.197859
0.205969
0.215408
0.22604
0.237809
0.250723
0.264834
0.280233
0.297051
0.315453
0.335622
0.357769
0.382164
0.409218
0.439534
0.47348
0.511453
0.553873
0.601068
0.653162
0.709952
0.770736
0.833922
0.897347
0.958253
1.01333
1.05991
1.09723
1.12562
1.14618
1.16044
1.16992
1.17598
1.17968
1.18185
1.18306
1.18368
0.658467
0.65819
0.657667
0.656744
0.655191
0.652679
0.648765
0.642888
0.634413
0.622723
0.607384
0.588649
0.567186
0.543982
0.520144
0.49667
0.474302
0.453509
0.434433
0.417098
0.401412
0.387224
0.374358
0.362642
0.351916
0.34204
0.332895
0.32438
0.316412
0.30892
0.30185
0.295153
0.288791
0.282729
0.276925
0.271352
0.265994
0.260833
0.255857
0.251053
0.246411
0.241921
0.237576
0.233367
0.229288
0.225334
0.2215
0.217783
0.214178
0.210682
0.207295
0.204021
0.200863
0.197836
0.194981
0.192311
0.189854
0.187724
0.186068
0.185111
0.185205
0.187
0.191474
0.198026
0.206168
0.215634
0.226288
0.238078
0.251012
0.265143
0.280562
0.297399
0.315821
0.336011
0.358179
0.382597
0.409676
0.440022
0.473995
0.511993
0.554436
0.601647
0.653749
0.710524
0.771239
0.834424
0.89784
0.958684
1.01367
1.06018
1.09742
1.12575
1.14627
1.1605
1.16996
1.17599
1.17969
1.18186
1.18306
1.18368
)
;
    }
    frontAndBack
    {
        type            empty;
    }
}


// ************************************************************************* //
