/*--------------------------------*- C++ -*----------------------------------*\
  =========                 |
  \\      /  F ield         | OpenFOAM: The Open Source CFD Toolbox
   \\    /   O peration     | Website:  https://openfoam.org
    \\  /    A nd           | Version:  11
     \\/     M anipulation  |
\*---------------------------------------------------------------------------*/
FoamFile
{
    format      ascii;
    class       volScalarField;
    location    "0.05";
    object      T;
}
// * * * * * * * * * * * * * * * * * * * * * * * * * * * * * * * * * * * * * //

dimensions      [0 0 0 1 0 0 0];

internalField   nonuniform List<scalar> 
4000
(
293.036
293.184
293.463
293.955
294.785
296.133
298.253
301.488
306.279
313.158
322.71
335.301
351.137
370.236
392.411
417.322
444.546
473.639
504.167
535.787
568.218
601.239
634.681
668.416
702.35
736.409
770.537
804.688
838.826
872.917
906.933
940.849
974.642
1008.3
1041.86
1075.33
1108.7
1141.98
1175.16
1208.24
1241.21
1274.09
1306.87
1339.56
1372.15
1404.65
1437.07
1469.38
1501.59
1533.7
1565.65
1597.41
1628.89
1659.95
1690.14
1719.24
1746.98
1772.14
1793.08
1807.4
1811.57
1799.47
1762.54
1708.17
1643.84
1574.2
1502.13
1429.42
1357.14
1285.95
1216.19
1148.08
1081.71
1017.19
954.611
893.977
835.099
777.646
722.028
668.542
617.457
569.08
523.895
482.276
444.631
411.375
382.792
358.996
340.037
325.593
314.948
307.352
302.098
298.573
296.283
294.842
293.968
293.459
293.179
293.034
293.036
293.184
293.463
293.955
294.784
296.129
298.244
301.469
306.243
313.094
322.607
335.142
350.915
369.952
392.069
416.927
444.096
473.141
503.677
535.344
567.848
600.963
634.514
668.37
702.434
736.631
770.903
805.204
839.495
873.743
907.919
941.997
975.953
1009.78
1043.5
1077.14
1110.68
1144.13
1177.48
1210.73
1243.87
1276.92
1309.87
1342.73
1375.49
1408.16
1440.75
1473.22
1505.59
1537.85
1569.97
1601.88
1633.5
1664.68
1694.99
1724.14
1751.94
1777.12
1797.98
1812.05
1815.78
1802.95
1765
1709.86
1644.94
1574.81
1502.34
1429.28
1356.7
1285.2
1215.19
1146.83
1080.24
1015.52
952.766
891.985
832.979
775.405
719.711
666.205
615.184
567.024
522.009
480.604
443.232
410.228
381.9
358.335
339.555
325.257
314.724
307.208
302.008
298.522
296.255
294.828
293.961
293.456
293.177
293.034
293.036
293.186
293.469
293.969
294.811
296.176
298.32
301.583
306.405
313.309
322.872
335.423
351.188
370.196
392.274
417.097
444.25
473.303
503.85
535.541
568.089
601.27
634.909
668.875
703.07
737.418
771.861
806.35
840.844
875.311
909.717
944.035
978.241
1012.32
1046.32
1080.23
1114.06
1147.79
1181.43
1214.97
1248.41
1281.75
1314.99
1348.14
1381.19
1414.14
1447
1479.77
1512.44
1544.98
1577.37
1609.54
1641.4
1672.79
1703.26
1732.5
1760.33
1785.41
1806.19
1819.91
1822.94
1808.91
1769.35
1713
1647.11
1576.19
1503.06
1429.45
1356.38
1284.48
1214.08
1145.38
1078.49
1013.55
950.618
889.717
830.639
773.019
717.34
663.906
613.001
564.964
520.171
479.029
441.956
409.285
381.209
357.847
339.241
325.076
314.63
307.167
301.995
298.519
296.255
294.828
293.962
293.457
293.178
293.034
293.037
293.19
293.478
293.987
294.844
296.233
298.409
301.718
306.598
313.571
323.2
335.806
351.619
370.665
392.775
417.627
444.813
473.905
504.503
536.257
568.884
602.158
635.908
670.004
704.348
738.863
773.491
808.185
842.903
877.611
912.275
946.866
981.358
1015.74
1050.05
1084.3
1118.47
1152.55
1186.54
1220.44
1254.25
1287.96
1321.57
1355.09
1388.52
1421.84
1455.08
1488.2
1521.22
1554.11
1586.82
1619.31
1651.46
1683.12
1713.81
1743.16
1771.06
1796.09
1816.45
1829.8
1832.05
1816.65
1775.28
1717.51
1650.49
1578.63
1504.71
1430.4
1356.75
1284.33
1213.51
1144.45
1077.21
1011.98
948.849
887.813
828.648
770.97
715.291
661.915
611.124
563.252
518.678
477.813
440.989
408.501
380.634
357.496
339.032
324.967
314.583
307.152
301.994
298.521
296.259
294.832
293.964
293.458
293.178
293.034
293.037
293.193
293.488
294.007
294.882
296.296
298.511
301.872
306.819
313.879
323.592
336.284
352.179
371.303
393.486
418.411
445.671
474.843
505.528
537.379
570.115
603.512
637.398
671.646
706.156
740.856
775.686
810.598
845.554
880.515
915.45
950.329
985.122
1019.82
1054.48
1089.07
1123.61
1158.07
1192.45
1226.74
1260.95
1295.07
1329.09
1363.02
1396.87
1430.62
1464.28
1497.78
1531.17
1564.43
1597.5
1630.32
1662.79
1694.73
1725.65
1755.14
1783.12
1808.08
1828.11
1840.74
1842.15
1825.34
1782.26
1723.11
1654.93
1582.09
1507.31
1432.27
1357.96
1284.97
1213.64
1144.14
1076.56
1011.04
947.656
886.438
827.157
769.397
713.69
660.344
609.639
561.913
517.533
476.83
440.162
407.907
380.264
357.292
338.921
324.92
314.572
307.159
302.007
298.537
296.271
294.84
293.969
293.461
293.179
293.034
293.038
293.197
293.497
294.026
294.916
296.354
298.603
302.01
307.02
314.16
323.958
336.74
352.731
371.955
394.243
419.275
446.649
475.94
506.751
538.738
571.618
605.168
639.22
673.644
708.344
743.247
778.294
813.439
848.641
883.866
919.078
954.248
989.348
1024.38
1059.37
1094.33
1129.23
1164.07
1198.84
1233.54
1268.15
1302.68
1337.12
1371.48
1405.74
1439.9
1473.98
1507.89
1541.67
1575.31
1608.74
1641.91
1674.7
1706.91
1738.08
1767.7
1795.76
1820.68
1840.41
1852.54
1852.89
1834.61
1789.93
1729.45
1660.13
1586.31
1510.67
1434.87
1359.9
1286.35
1214.5
1144.53
1076.54
1010.69
947.049
885.618
826.17
768.291
712.512
659.155
608.51
560.883
516.576
475.986
439.509
407.431
379.948
357.11
338.819
324.873
314.561
307.164
302.02
298.55
296.282
294.848
293.974
293.463
293.18
293.034
293.039
293.2
293.505
294.042
294.946
296.405
298.684
302.135
307.203
314.421
324.301
337.177
353.271
372.605
395.01
420.167
447.673
477.105
508.065
540.209
573.256
606.983
641.221
675.841
710.749
745.869
781.147
816.534
851.992
887.484
922.977
958.439
993.842
1029.19
1064.53
1099.84
1135.11
1170.32
1205.48
1240.57
1275.58
1310.51
1345.35
1380.1
1414.75
1449.28
1483.67
1518.05
1552.26
1586.28
1620.08
1653.58
1686.68
1719.16
1750.55
1780.29
1808.43
1833.31
1852.78
1864.54
1864.22
1844.67
1798.62
1736.94
1666.54
1591.73
1515.19
1438.55
1362.8
1288.51
1216.04
1145.55
1077.1
1010.87
946.913
885.25
825.619
767.583
711.699
658.295
607.626
559.988
515.768
475.318
438.978
407.037
379.683
356.958
338.731
324.831
314.549
307.167
302.029
298.56
296.29
294.854
293.977
293.465
293.181
293.034
293.039
293.203
293.511
294.056
294.971
296.448
298.753
302.241
307.36
314.648
324.604
337.569
353.763
373.209
395.736
421.026
448.674
478.258
509.38
541.696
574.923
608.84
643.277
678.106
713.231
748.58
784.096
819.731
855.448
891.209
926.981
962.732
998.432
1034.1
1069.77
1105.42
1141.04
1176.61
1212.14
1247.6
1282.99
1318.31
1353.54
1388.68
1423.72
1458.65
1493.47
1528.16
1562.71
1597.07
1631.2
1665
1698.37
1731.1
1762.7
1792.54
1820.72
1845.54
1864.77
1876.23
1875.23
1854.58
1807.4
1744.66
1673.27
1597.53
1520.12
1442.69
1366.21
1291.27
1218.19
1147.13
1078.19
1011.52
947.2
885.244
825.398
767.192
711.166
657.658
606.927
559.31
515.141
474.768
438.524
406.687
379.436
356.804
338.642
324.781
314.525
307.162
302.031
298.563
296.294
294.856
293.979
293.466
293.181
293.034
293.04
293.204
293.516
294.067
294.991
296.482
298.809
302.329
307.492
314.84
324.865
337.911
354.199
373.751
396.398
421.818
449.61
479.348
510.635
543.126
576.539
610.65
645.291
680.333
715.681
751.261
787.017
822.902
858.876
894.903
930.948
966.981
1002.97
1038.95
1074.93
1110.9
1146.86
1182.77
1218.65
1254.46
1290.21
1325.89
1361.48
1396.98
1432.38
1467.67
1502.84
1537.87
1572.75
1607.42
1641.84
1675.93
1709.54
1742.49
1774.28
1804.21
1832.43
1857.19
1876.23
1887.33
1885.77
1864.22
1816.1
1752.43
1680.13
1603.53
1525.3
1447.1
1369.91
1294.3
1220.61
1149
1079.57
1012.47
947.777
885.516
825.422
767.015
710.816
657.193
606.41
558.777
514.626
474.301
438.127
406.372
379.204
356.649
338.55
324.722
314.491
307.144
302.023
298.562
296.293
294.856
293.979
293.466
293.181
293.034
293.04
293.206
293.52
294.075
295.006
296.509
298.853
302.398
307.598
314.996
325.08
338.197
354.569
374.22
396.978
422.524
450.453
480.341
511.79
544.453
578.048
612.353
647.196
682.449
718.016
753.825
789.817
825.946
862.171
898.457
934.767
971.07
1007.34
1043.61
1079.89
1116.17
1152.44
1188.67
1224.87
1261.01
1297.1
1333.11
1369.03
1404.87
1440.6
1476.23
1511.72
1547.08
1582.23
1617.18
1651.86
1686.19
1720.02
1753.15
1785.1
1815.12
1843.37
1868.07
1886.94
1897.74
1895.71
1873.46
1824.54
1760.06
1686.95
1609.54
1530.54
1451.6
1373.72
1297.48
1223.2
1151.05
1081.13
1013.61
948.544
885.973
825.628
767.011
710.638
656.884
606.019
558.345
514.191
473.894
437.77
406.079
378.982
356.492
338.449
324.652
314.447
307.118
302.009
298.554
296.289
294.854
293.978
293.465
293.181
293.034
293.04
293.207
293.523
294.08
295.017
296.529
298.886
302.451
307.68
315.119
325.252
338.429
354.875
374.613
397.472
423.133
451.191
481.22
512.822
545.649
579.419
613.908
648.946
684.402
720.181
756.209
792.429
828.792
865.259
901.791
938.354
974.912
1011.44
1047.99
1084.55
1121.12
1157.67
1194.21
1230.7
1267.15
1303.53
1339.85
1376.08
1412.21
1448.24
1484.15
1519.91
1555.52
1590.97
1626.18
1661.11
1695.65
1729.67
1762.96
1795.07
1825.15
1853.43
1878.09
1896.81
1907.36
1904.94
1882.13
1832.56
1767.36
1693.52
1615.38
1535.67
1456.05
1377.52
1300.66
1225.82
1153.16
1082.78
1014.84
949.411
886.535
825.941
767.115
710.558
656.671
605.713
557.987
513.817
473.534
437.446
405.807
378.768
356.337
338.345
324.577
314.396
307.085
301.989
298.542
296.283
294.85
293.975
293.464
293.18
293.034
293.04
293.207
293.524
294.084
295.024
296.542
298.91
302.489
307.741
315.213
325.384
338.612
355.12
374.934
397.883
423.647
451.821
481.98
513.722
546.702
580.635
615.297
650.516
686.163
722.141
758.376
794.81
831.394
868.086
904.85
941.647
978.444
1015.22
1052.02
1088.84
1125.67
1162.5
1199.3
1236.07
1272.79
1309.45
1346.03
1382.54
1418.94
1455.24
1491.41
1527.44
1563.31
1598.97
1634.4
1669.53
1704.26
1738.45
1771.88
1804.11
1834.24
1862.54
1887.16
1905.76
1916.1
1913.38
1890.14
1840.01
1774.19
1699.7
1620.9
1540.54
1460.29
1381.16
1303.74
1228.38
1155.23
1084.41
1016.08
950.308
887.141
826.307
767.281
710.545
656.522
605.469
557.685
513.491
473.212
437.152
405.555
378.565
356.185
338.238
324.498
314.341
307.049
301.966
298.528
296.274
294.845
293.973
293.462
293.179
293.034
293.04
293.208
293.525
294.086
295.029
296.551
298.925
302.516
307.784
315.282
325.484
338.752
355.312
375.19
398.216
424.071
452.348
482.622
514.492
547.609
581.69
616.509
651.895
687.718
723.879
760.303
796.933
833.72
870.62
907.596
944.609
981.624
1018.62
1055.66
1092.72
1129.79
1166.85
1203.9
1240.91
1277.87
1314.78
1351.61
1388.36
1425
1461.53
1497.93
1534.19
1570.27
1606.14
1641.77
1677.07
1711.97
1746.3
1779.85
1812.19
1842.36
1870.68
1895.26
1913.76
1923.92
1920.96
1897.38
1846.79
1780.44
1705.37
1625.99
1545.04
1464.22
1384.55
1306.62
1230.78
1157.19
1085.97
1017.27
951.183
887.744
826.687
767.473
710.568
656.414
605.268
557.426
513.204
472.925
436.884
405.322
378.376
356.04
338.134
324.419
314.285
307.011
301.941
298.512
296.265
294.84
293.969
293.461
293.179
293.034
293.04
293.208
293.526
294.087
295.031
296.556
298.935
302.533
307.814
315.331
325.557
338.857
355.459
375.39
398.482
424.414
452.781
483.156
515.137
548.377
582.589
617.548
653.082
689.061
725.386
761.981
798.788
835.756
872.843
910.009
947.216
984.426
1021.63
1058.87
1096.14
1133.42
1170.7
1207.96
1245.19
1282.37
1319.49
1356.53
1393.49
1430.35
1467.08
1503.69
1540.13
1576.4
1612.45
1648.24
1683.7
1718.74
1753.19
1786.84
1819.27
1849.48
1877.81
1902.34
1920.76
1930.79
1927.64
1903.79
1852.82
1786.02
1710.45
1630.55
1549.09
1467.77
1387.61
1309.23
1232.96
1158.98
1087.39
1018.37
951.997
888.312
827.052
767.666
710.607
656.333
605.101
557.203
512.954
472.67
436.645
405.111
378.202
355.905
338.036
324.344
314.231
306.974
301.917
298.497
296.255
294.834
293.966
293.459
293.178
293.034
293.04
293.208
293.526
294.088
295.033
296.559
298.941
302.544
307.834
315.364
325.608
338.934
355.57
375.545
398.691
424.688
453.131
483.592
515.669
549.013
583.338
618.419
654.082
690.197
726.664
763.408
800.369
837.497
874.747
912.079
949.455
986.836
1024.21
1061.63
1099.09
1136.55
1174.02
1211.47
1248.88
1286.25
1323.55
1360.78
1397.92
1434.96
1471.87
1508.64
1545.25
1581.67
1617.87
1653.81
1689.4
1724.55
1759.11
1792.84
1825.35
1855.58
1883.92
1908.41
1926.77
1936.68
1933.39
1909.34
1858.05
1790.86
1714.87
1634.53
1552.63
1470.87
1390.3
1311.52
1234.88
1160.56
1088.65
1019.35
952.721
888.822
827.382
767.846
710.65
656.27
604.96
557.011
512.736
472.447
436.434
404.925
378.047
355.783
337.946
324.275
314.181
306.94
301.894
298.482
296.246
294.829
293.963
293.457
293.177
293.033
293.04
293.208
293.526
294.088
295.033
296.56
298.944
302.551
307.846
315.388
325.645
338.99
355.653
375.663
398.852
424.903
453.408
483.94
516.096
549.527
583.947
619.13
654.902
691.131
727.719
764.589
801.68
838.942
876.33
913.804
951.322
988.848
1026.37
1063.95
1101.56
1139.18
1176.8
1214.4
1251.97
1289.5
1326.96
1364.34
1401.64
1438.82
1475.88
1512.79
1549.53
1586.09
1622.41
1658.46
1694.16
1729.41
1764.05
1797.86
1830.43
1860.69
1889
1913.45
1931.76
1941.59
1938.18
1913.98
1862.44
1794.93
1718.59
1637.89
1555.62
1473.5
1392.57
1313.46
1236.51
1161.89
1089.72
1020.18
953.338
889.257
827.665
768
710.688
656.217
604.841
556.849
512.551
472.257
436.254
404.765
377.913
355.678
337.867
324.214
314.138
306.91
301.874
298.469
296.238
294.824
293.961
293.456
293.177
293.033
293.04
293.208
293.525
294.087
295.033
296.56
298.945
302.554
307.855
315.403
325.671
339.03
355.713
375.75
398.974
425.066
453.621
484.209
516.429
549.93
584.426
619.691
655.549
691.871
728.556
765.527
802.724
840.095
877.595
915.183
952.817
990.459
1028.11
1065.8
1103.54
1141.29
1179.03
1216.76
1254.46
1292.11
1329.7
1367.2
1404.62
1441.92
1479.09
1516.12
1552.97
1589.63
1626.05
1662.19
1697.98
1733.31
1768.03
1801.91
1834.58
1864.96
1892.86
1917.4
1935.71
1945.49
1942.01
1917.69
1865.95
1798.2
1721.58
1640.59
1558.02
1475.61
1394.41
1315.03
1237.82
1162.97
1090.59
1020.85
953.836
889.607
827.891
768.122
710.717
656.172
604.742
556.715
512.398
472.1
436.105
404.632
377.801
355.59
337.802
324.164
314.101
306.884
301.857
298.458
296.231
294.82
293.958
293.455
293.176
293.033
293.04
293.208
293.525
294.087
295.033
296.56
298.946
302.557
307.86
315.414
325.689
339.059
355.757
375.814
399.063
425.186
453.778
484.408
516.676
550.229
584.783
620.109
656.033
692.425
729.183
766.231
803.508
840.961
878.546
916.22
953.942
991.672
1029.41
1067.2
1105.03
1142.87
1180.72
1218.54
1256.33
1294.08
1331.76
1369.36
1406.86
1444.25
1481.52
1518.63
1555.56
1592.3
1628.79
1665
1700.85
1736.24
1771.01
1804.93
1837.63
1868.04
1895.91
1920.41
1938.69
1948.43
1944.88
1920.47
1868.59
1800.66
1723.83
1642.61
1559.82
1477.2
1395.78
1316.2
1238.81
1163.78
1091.23
1021.35
954.206
889.865
828.057
768.209
710.733
656.133
604.662
556.608
512.277
471.977
435.987
404.527
377.714
355.52
337.75
324.124
314.072
306.864
301.843
298.45
296.226
294.817
293.957
293.454
293.176
293.033
293.04
293.207
293.525
294.087
295.032
296.56
298.947
302.559
307.864
315.421
325.701
339.078
355.786
375.856
399.123
425.267
453.883
484.542
516.841
550.43
585.022
620.389
656.358
692.796
729.604
766.704
804.034
841.543
879.184
916.916
954.698
992.488
1030.29
1068.14
1106.03
1143.94
1181.85
1219.74
1257.59
1295.4
1333.14
1370.81
1408.37
1445.82
1483.14
1520.3
1557.29
1594.08
1630.63
1666.88
1702.77
1738.2
1773
1806.94
1839.66
1870.08
1897.94
1922.42
1940.68
1950.38
1946.79
1922.32
1870.34
1802.28
1725.31
1643.95
1561.01
1478.24
1396.69
1316.97
1239.45
1164.31
1091.66
1021.67
954.443
890.028
828.159
768.258
710.735
656.099
604.601
556.529
512.19
471.888
435.903
404.453
377.651
355.471
337.712
324.095
314.051
306.849
301.834
298.443
296.222
294.815
293.955
293.453
293.176
293.033
293.04
293.207
293.525
294.087
295.032
296.561
298.947
302.56
307.866
315.426
325.708
339.089
355.802
375.88
399.155
425.31
453.939
484.612
516.928
550.534
585.146
620.534
656.525
692.988
729.82
766.946
804.304
841.841
879.512
917.273
955.084
992.905
1030.74
1068.62
1106.55
1144.49
1182.43
1220.35
1258.24
1296.07
1333.85
1371.54
1409.14
1446.62
1483.97
1521.16
1558.18
1594.99
1631.56
1667.84
1703.75
1739.19
1774.02
1807.98
1840.71
1871.14
1898.94
1923.41
1941.65
1951.34
1947.73
1923.23
1871.19
1803.06
1726.03
1644.59
1561.58
1478.74
1397.11
1317.33
1239.75
1164.55
1091.85
1021.82
954.546
890.095
828.197
768.271
710.725
656.071
604.561
556.482
512.139
471.838
435.856
404.411
377.616
355.443
337.691
324.079
314.04
306.842
301.829
298.44
296.22
294.813
293.955
293.453
293.176
293.033
293.04
293.207
293.525
294.087
295.033
296.561
298.948
302.561
307.868
315.428
325.711
339.093
355.808
375.887
399.164
425.32
453.95
484.625
516.942
550.55
585.162
620.552
656.544
693.008
729.842
766.969
804.327
841.866
879.538
917.3
955.112
992.934
1030.77
1068.65
1106.58
1144.52
1182.46
1220.38
1258.27
1296.11
1333.88
1371.58
1409.17
1446.65
1484
1521.19
1558.21
1595.03
1631.59
1667.87
1703.78
1739.23
1774.05
1808.01
1840.74
1871.16
1898.96
1923.42
1941.66
1951.34
1947.71
1923.19
1871.14
1803.01
1725.97
1644.54
1561.53
1478.68
1397.06
1317.29
1239.71
1164.51
1091.81
1021.78
954.515
890.067
828.172
768.248
710.704
656.053
604.545
556.467
512.126
471.827
435.847
404.403
377.61
355.438
337.688
324.077
314.038
306.84
301.828
298.44
296.22
294.813
293.955
293.453
293.175
293.033
293.04
293.208
293.525
294.087
295.033
296.561
298.948
302.561
307.868
315.427
325.71
339.09
355.801
375.876
399.146
425.295
453.915
484.578
516.881
550.474
585.07
620.441
656.414
692.856
729.667
766.77
804.104
841.616
879.261
916.997
954.781
992.574
1030.38
1068.24
1106.13
1144.04
1181.95
1219.84
1257.7
1295.5
1333.25
1370.91
1408.48
1445.93
1483.25
1520.41
1557.4
1594.19
1630.73
1666.98
1702.87
1738.29
1773.09
1807.03
1839.74
1870.16
1898
1922.47
1940.71
1950.38
1946.75
1922.22
1870.2
1802.12
1725.15
1643.79
1560.85
1478.09
1396.54
1316.84
1239.32
1164.19
1091.55
1021.57
954.354
889.947
828.085
768.191
710.675
656.045
604.553
556.488
512.154
471.857
435.878
404.432
377.634
355.458
337.703
324.089
314.046
306.846
301.832
298.442
296.221
294.814
293.955
293.453
293.176
293.033
293.04
293.208
293.525
294.088
295.033
296.562
298.949
302.561
307.866
315.423
325.702
339.077
355.781
375.845
399.101
425.231
453.829
484.467
516.741
550.301
584.861
620.193
656.124
692.522
729.287
766.341
803.623
841.083
878.673
916.353
954.08
991.815
1029.56
1067.36
1105.19
1143.03
1180.88
1218.71
1256.5
1294.25
1331.93
1369.53
1407.04
1444.43
1481.69
1518.8
1555.74
1592.47
1628.96
1665.17
1701.01
1736.4
1771.16
1805.08
1837.77
1868.16
1896.02
1920.5
1938.75
1948.44
1944.83
1920.31
1868.37
1800.4
1723.56
1642.34
1559.56
1476.94
1395.54
1315.98
1238.59
1163.59
1091.05
1021.18
954.057
889.731
827.935
768.098
710.634
656.046
604.586
556.541
512.22
471.929
435.948
404.496
377.689
355.502
337.736
324.114
314.065
306.859
301.841
298.448
296.225
294.816
293.956
293.454
293.176
293.033
293.04
293.208
293.526
294.088
295.034
296.562
298.948
302.559
307.862
315.415
325.688
339.054
355.744
375.79
399.023
425.125
453.689
484.287
516.516
550.027
584.533
619.806
655.674
692.005
728.699
765.679
802.885
840.264
877.773
915.368
953.01
990.659
1028.31
1066.02
1103.76
1141.51
1179.26
1217
1254.7
1292.35
1329.94
1367.45
1404.86
1442.17
1479.34
1516.37
1553.22
1589.88
1626.3
1662.43
1698.21
1733.53
1768.25
1802.12
1834.77
1865.13
1893.02
1917.52
1935.79
1945.51
1941.93
1917.46
1865.64
1797.85
1721.21
1640.21
1557.65
1475.25
1394.07
1314.71
1237.53
1162.7
1090.34
1020.62
953.629
889.42
827.723
767.97
710.582
656.054
604.64
556.627
512.324
472.039
436.055
404.593
377.772
355.568
337.786
324.153
314.093
306.879
301.854
298.456
296.23
294.819
293.958
293.455
293.176
293.033
293.04
293.208
293.526
294.088
295.034
296.562
298.947
302.556
307.854
315.4
325.664
339.016
355.688
375.708
398.91
424.972
453.49
484.034
516.203
549.647
584.08
619.275
655.059
691.3
727.9
764.782
801.885
839.158
876.558
914.042
951.57
989.105
1026.64
1064.22
1101.84
1139.47
1177.1
1214.71
1252.28
1289.81
1327.27
1364.66
1401.95
1439.14
1476.19
1513.11
1549.85
1586.4
1622.72
1658.76
1694.45
1729.7
1764.33
1798.13
1830.68
1860.91
1889.19
1913.61
1931.86
1941.6
1938.08
1913.68
1862.03
1794.47
1718.11
1637.4
1555.14
1473.04
1392.14
1313.06
1236.13
1161.54
1089.4
1019.89
953.074
889.019
827.45
767.807
710.518
656.069
604.713
556.74
512.46
472.183
436.195
404.719
377.878
355.653
337.85
324.202
314.129
306.904
301.87
298.467
296.237
294.823
293.96
293.456
293.177
293.033
293.04
293.208
293.526
294.088
295.033
296.56
298.944
302.549
307.842
315.378
325.628
338.962
355.609
375.596
398.756
424.768
453.226
483.702
515.795
549.155
583.496
618.592
654.271
690.401
726.884
763.643
800.619
837.761
875.025
912.37
949.758
987.151
1024.54
1061.97
1099.43
1136.91
1174.38
1211.84
1249.26
1286.63
1323.94
1361.17
1398.31
1435.35
1472.26
1509.03
1545.64
1582.06
1618.26
1654.18
1689.76
1724.9
1759.45
1793.17
1825.65
1855.86
1884.16
1908.6
1926.89
1936.7
1933.26
1908.98
1857.56
1790.3
1714.28
1633.94
1552.05
1470.32
1389.77
1311.03
1234.42
1160.13
1088.26
1018.99
952.399
888.532
827.122
767.611
710.444
656.09
604.806
556.881
512.628
472.359
436.364
404.871
378.007
355.755
337.926
324.261
314.172
306.934
301.89
298.48
296.245
294.828
293.963
293.457
293.177
293.033
293.04
293.208
293.526
294.088
295.032
296.558
298.938
302.539
307.823
315.345
325.578
338.888
355.503
375.448
398.556
424.505
452.891
483.284
515.284
548.543
582.774
617.752
653.305
689.302
725.646
762.259
799.083
836.069
873.173
910.355
947.576
984.801
1022.02
1059.27
1096.55
1133.84
1171.13
1208.4
1245.63
1282.82
1319.94
1356.99
1393.95
1430.81
1467.55
1504.14
1540.59
1576.85
1612.89
1648.67
1684.13
1719.15
1753.59
1787.22
1819.62
1849.8
1878.09
1902.57
1920.91
1930.81
1927.49
1903.37
1852.24
1785.36
1709.76
1629.85
1548.41
1467.11
1386.99
1308.65
1232.42
1158.48
1086.93
1017.95
951.617
887.971
826.745
767.39
710.364
656.122
604.92
557.05
512.826
472.567
436.563
405.049
378.155
355.871
338.012
324.328
314.221
306.967
301.913
298.494
296.253
294.833
293.966
293.459
293.178
293.034
293.04
293.208
293.525
294.087
295.03
296.553
298.929
302.522
307.794
315.298
325.509
338.788
355.362
375.257
398.302
424.176
452.475
482.771
514.663
547.803
581.906
616.747
652.155
687.999
724.182
760.628
797.278
834.085
871.005
907.998
945.029
982.06
1019.07
1056.12
1093.19
1130.28
1167.35
1204.4
1241.42
1278.39
1315.3
1352.14
1388.88
1425.53
1462.06
1498.46
1534.71
1570.79
1606.65
1642.26
1677.56
1712.44
1746.76
1780.28
1812.59
1842.73
1871
1895.51
1913.92
1923.94
1920.78
1896.89
1846.12
1779.68
1704.57
1625.18
1544.25
1463.46
1383.83
1305.95
1230.15
1156.61
1085.43
1016.79
950.745
887.35
826.332
767.154
710.287
656.17
605.059
557.249
513.057
472.805
436.79
405.249
378.321
356.001
338.107
324.4
314.273
307.003
301.936
298.509
296.263
294.839
293.969
293.46
293.179
293.034
293.04
293.208
293.525
294.085
295.026
296.545
298.914
302.497
307.753
315.233
325.415
338.656
355.18
375.013
397.984
423.772
451.971
482.154
513.922
546.928
580.886
615.573
650.818
686.49
722.493
758.752
795.208
831.815
868.529
905.312
942.129
978.944
1015.74
1052.55
1089.39
1126.23
1163.07
1199.88
1236.65
1273.38
1310.04
1346.63
1383.14
1419.54
1455.83
1492
1528.02
1563.88
1599.54
1634.96
1670.08
1704.79
1738.96
1772.37
1804.57
1834.66
1862.91
1887.45
1905.95
1916.13
1913.18
1889.59
1839.26
1773.34
1698.8
1620
1539.65
1459.43
1380.35
1302.98
1227.67
1154.58
1083.81
1015.53
949.811
886.693
825.904
766.918
710.225
656.242
605.229
557.482
513.322
473.075
437.043
405.471
378.502
356.139
338.207
324.476
314.326
307.039
301.96
298.524
296.272
294.844
293.972
293.462
293.179
293.034
293.04
293.207
293.523
294.081
295.019
296.532
298.892
302.461
307.696
315.145
325.289
338.483
354.948
374.709
397.594
423.282
451.368
481.426
513.057
545.914
579.712
614.23
649.295
684.78
720.586
756.641
792.886
829.274
865.764
902.319
938.902
975.479
1012.03
1048.59
1085.17
1121.75
1158.32
1194.86
1231.36
1267.81
1304.2
1340.51
1376.74
1412.88
1448.9
1484.8
1520.55
1556.13
1591.59
1626.8
1661.71
1696.24
1730.24
1763.51
1795.57
1825.61
1853.83
1878.41
1897.02
1907.39
1904.73
1881.53
1831.72
1766.41
1692.52
1614.37
1534.68
1455.1
1376.61
1299.82
1225.03
1152.43
1082.1
1014.22
948.854
886.033
825.488
766.706
710.198
656.356
605.442
557.757
513.626
473.378
437.322
405.711
378.696
356.285
338.308
324.552
314.379
307.074
301.982
298.537
296.28
294.849
293.974
293.463
293.18
293.034
293.04
293.206
293.521
294.076
295.008
296.513
298.861
302.41
307.618
315.027
325.126
338.262
354.658
374.336
397.123
422.701
450.663
480.584
512.066
544.762
578.389
612.725
647.599
682.883
718.48
754.317
790.337
826.493
862.743
899.052
935.385
971.707
1007.99
1044.28
1080.58
1116.87
1153.15
1189.39
1225.6
1261.75
1297.83
1333.84
1369.77
1405.6
1441.33
1476.95
1512.44
1547.81
1582.93
1617.86
1652.52
1686.83
1720.64
1753.74
1785.65
1815.62
1843.81
1868.43
1887.17
1897.78
1895.48
1872.8
1823.63
1759.02
1685.85
1608.44
1529.46
1450.56
1372.73
1296.55
1222.33
1150.24
1080.39
1012.93
947.926
885.414
825.123
766.555
710.234
656.532
605.715
558.087
513.976
473.718
437.63
405.97
378.9
356.433
338.408
324.624
314.428
307.105
302.001
298.549
296.286
294.852
293.977
293.464
293.18
293.034
293.04
293.205
293.517
294.068
294.994
296.488
298.818
302.343
307.516
314.877
324.92
337.989
354.305
373.889
396.57
422.027
449.856
479.632
510.956
543.484
576.932
611.078
645.753
680.828
716.208
751.819
787.604
823.517
859.518
895.569
931.637
967.69
1003.7
1039.69
1075.69
1111.68
1147.64
1183.56
1219.44
1255.26
1291.02
1326.69
1362.28
1397.78
1433.18
1468.46
1503.62
1538.65
1573.5
1608.16
1642.56
1676.62
1710.21
1743.12
1774.87
1804.76
1832.91
1857.57
1876.48
1887.38
1885.52
1863.52
1815.12
1751.3
1678.95
1602.33
1524.13
1445.97
1368.83
1293.29
1219.66
1148.12
1078.75
1011.72
947.098
884.9
824.864
766.508
710.369
656.801
606.072
558.488
514.385
474.104
437.969
406.249
379.112
356.582
338.503
324.69
314.469
307.13
302.014
298.556
296.29
294.854
293.978
293.465
293.181
293.034
293.039
293.203
293.512
294.058
294.974
296.454
298.764
302.259
307.389
314.692
324.67
337.662
353.888
373.371
395.938
421.269
448.96
478.587
509.75
542.107
575.373
609.328
643.802
678.666
713.826
749.207
784.753
820.418
856.162
891.948
927.742
963.513
999.231
1034.92
1070.6
1106.26
1141.89
1177.47
1213
1248.47
1283.86
1319.17
1354.4
1389.53
1424.56
1459.47
1494.27
1528.95
1563.49
1597.84
1631.95
1665.74
1699.08
1731.78
1763.33
1793.12
1821.23
1845.95
1865.04
1876.29
1874.98
1853.85
1806.36
1743.46
1672
1596.25
1518.86
1441.47
1365.05
1290.18
1217.16
1146.17
1077.3
1010.71
946.458
884.57
824.786
766.637
710.666
657.21
606.548
558.989
514.873
474.548
438.348
406.55
379.333
356.729
338.589
324.745
314.501
307.146
302.02
298.557
296.29
294.854
293.978
293.465
293.181
293.034
293.039
293.2
293.506
294.045
294.95
296.413
298.697
302.156
307.237
314.473
324.378
337.285
353.416
372.793
395.243
420.448
448.002
477.481
508.488
540.677
573.766
607.535
641.812
676.47
711.413
746.567
781.877
817.294
852.779
888.296
923.811
959.292
994.712
1030.08
1065.43
1100.75
1136.02
1171.25
1206.41
1241.49
1276.5
1311.43
1346.27
1381
1415.64
1450.15
1484.52
1518.87
1553.08
1587.09
1620.87
1654.35
1687.42
1719.87
1751.21
1780.9
1808.96
1833.73
1853.02
1864.67
1864.01
1843.94
1797.55
1735.69
1665.21
1590.38
1513.85
1437.26
1361.58
1287.37
1214.95
1144.52
1076.15
1009.99
946.113
884.522
824.962
766.988
711.172
657.837
607.218
559.636
515.472
475.074
438.782
406.884
379.567
356.874
338.672
324.789
314.522
307.149
302.017
298.553
296.286
294.851
293.976
293.464
293.181
293.034
293.038
293.197
293.498
294.029
294.921
296.363
298.618
302.035
307.059
314.221
324.047
336.865
352.899
372.172
394.511
419.596
447.024
476.367
507.229
539.265
572.191
605.785
639.879
674.342
709.079
744.016
779.096
814.27
849.5
884.748
919.982
955.171
990.285
1025.33
1060.34
1095.3
1130.21
1165.06
1199.83
1234.52
1269.14
1303.66
1338.09
1372.43
1406.68
1440.83
1474.88
1508.8
1542.56
1576.17
1609.58
1642.72
1675.48
1707.66
1738.77
1768.34
1796.33
1821.14
1840.71
1852.64
1852.68
1833.9
1788.83
1728.15
1658.75
1584.9
1509.27
1433.5
1358.58
1285.07
1213.31
1143.42
1075.52
1009.75
946.189
884.836
825.457
767.642
711.933
658.645
608.066
560.498
516.25
475.717
439.292
407.261
379.819
357.016
338.752
324.828
314.529
307.144
302.007
298.542
296.277
294.845
293.972
293.462
293.18
293.034
293.038
293.194
293.489
294.01
294.887
296.307
298.529
301.9
306.865
313.949
323.695
336.428
352.371
371.549
393.791
418.775
446.094
475.323
506.063
537.967
570.752
604.195
638.125
672.412
706.961
741.695
776.557
811.499
846.48
881.465
916.42
951.315
986.122
1020.84
1055.5
1090.1
1124.64
1159.11
1193.48
1227.78
1261.98
1296.09
1330.11
1364.03
1397.86
1431.61
1465.27
1498.74
1532.1
1565.32
1598.37
1631.16
1663.6
1695.5
1726.37
1755.81
1783.71
1808.57
1828.44
1840.86
1841.95
1824.66
1781.13
1721.73
1653.43
1580.55
1505.79
1430.8
1356.56
1283.65
1212.39
1142.97
1075.48
1010.05
946.743
885.6
826.389
768.696
713.062
659.786
609.151
561.495
517.178
476.534
439.922
407.718
380.12
357.186
338.846
324.867
314.537
307.136
301.992
298.527
296.265
294.837
293.967
293.46
293.179
293.034
293.037
293.19
293.48
293.991
294.851
296.245
298.43
301.752
306.651
313.652
323.318
335.971
351.837
370.944
393.118
418.035
445.286
474.44
505.097
536.906
569.584
602.906
636.701
670.838
705.219
739.768
774.428
809.15
843.893
878.622
913.304
947.91
982.414
1016.81
1051.13
1085.38
1119.55
1153.63
1187.62
1221.52
1255.32
1289.02
1322.62
1356.13
1389.54
1422.86
1456.07
1489.18
1522.17
1555.03
1587.72
1620.17
1652.29
1683.91
1714.55
1743.85
1771.68
1796.6
1816.81
1829.96
1831.93
1816.07
1774.2
1716.17
1649
1577.09
1503.17
1428.9
1355.3
1282.96
1212.21
1143.23
1076.08
1010.93
947.877
886.92
827.829
770.219
714.615
661.312
610.593
562.791
518.289
477.493
440.732
408.295
380.475
357.378
338.947
324.909
314.544
307.126
301.976
298.511
296.252
294.828
293.962
293.457
293.178
293.034
293.036
293.187
293.471
293.973
294.819
296.19
298.343
301.622
306.465
313.401
323.006
335.608
351.434
370.508
392.657
417.551
444.774
473.893
504.501
536.25
568.851
602.08
635.763
669.77
704.002
738.384
772.856
807.371
841.889
876.375
910.797
945.129
979.345
1013.43
1047.43
1081.35
1115.18
1148.91
1182.55
1216.08
1249.51
1282.84
1316.07
1349.2
1382.23
1415.17
1448.01
1480.76
1513.4
1545.92
1578.28
1610.42
1642.25
1673.61
1704.02
1733.2
1760.96
1785.94
1806.57
1820.1
1822.84
1808.33
1768.27
1711.63
1645.6
1574.63
1501.49
1427.91
1354.9
1283.07
1212.74
1144.11
1077.3
1012.44
949.598
888.777
829.774
772.222
716.62
663.263
612.432
564.467
519.744
478.67
441.658
409.051
381.031
357.715
339.146
325.01
314.586
307.138
301.977
298.508
296.248
294.824
293.959
293.456
293.177
293.033
293.036
293.185
293.465
293.959
294.793
296.145
298.27
301.512
306.311
313.197
322.759
335.352
351.193
370.304
392.499
417.435
444.682
473.791
504.387
536.11
568.667
601.829
635.423
669.319
703.418
737.647
771.946
806.272
840.584
874.85
909.04
943.128
977.092
1010.92
1044.65
1078.29
1111.83
1145.28
1178.62
1211.86
1245
1278.03
1310.96
1343.8
1376.54
1409.2
1441.75
1474.21
1506.56
1538.8
1570.88
1602.77
1634.36
1665.5
1695.76
1724.86
1752.59
1777.68
1798.4
1812.27
1815.71
1802.43
1763.94
1708.51
1643.42
1573.23
1500.75
1427.72
1355.18
1283.75
1213.8
1145.53
1079.01
1014.38
951.706
891.005
832.075
774.57
718.954
665.525
614.58
566.492
521.547
480.202
442.884
409.953
381.695
358.185
339.449
325.184
314.675
307.176
301.988
298.509
296.247
294.823
293.959
293.455
293.177
293.033
293.036
293.185
293.465
293.96
294.795
296.15
298.281
301.533
306.351
313.268
322.872
335.524
351.431
370.608
392.864
417.852
445.148
474.316
504.912
536.592
569.076
602.145
635.629
669.403
703.37
737.459
771.613
805.787
839.944
874.051
908.08
942.005
975.804
1009.47
1043.03
1076.5
1109.87
1143.15
1176.32
1209.38
1242.35
1275.21
1307.97
1340.64
1373.22
1405.7
1438.09
1470.38
1502.57
1534.65
1566.58
1598.31
1629.76
1660.77
1690.92
1719.96
1747.63
1772.7
1793.5
1807.63
1811.51
1798.97
1761.49
1706.81
1642.32
1572.6
1500.52
1427.84
1355.6
1284.47
1214.79
1146.76
1080.46
1016.02
953.524
892.97
834.167
776.783
721.244
667.837
616.831
568.532
523.425
481.885
444.321
411.122
382.586
358.839
339.924
325.514
314.895
307.317
302.075
298.56
296.275
294.838
293.966
293.458
293.178
293.034
)
;

boundaryField
{
    fuel
    {
        type            fixedValue;
        value           uniform 293;
    }
    air
    {
        type            fixedValue;
        value           uniform 293;
    }
    outlet
    {
        type            inletOutlet;
        inletValue      uniform 293;
        value           nonuniform List<scalar> 
200
(
293.038
293.194
293.488
294.006
294.878
296.292
298.512
301.893
306.888
314.036
323.927
336.9
353.141
372.642
395.191
420.432
447.943
477.245
507.937
539.678
572.193
605.265
638.733
672.47
706.386
740.407
774.48
808.559
842.607
876.592
910.485
944.26
977.897
1011.38
1044.76
1078.03
1111.19
1144.24
1177.17
1209.98
1242.68
1275.27
1307.75
1340.12
1372.39
1404.57
1436.64
1468.6
1500.46
1532.2
1563.79
1595.18
1626.3
1656.98
1686.79
1715.52
1742.87
1767.61
1788.14
1801.98
1805.54
1792.65
1755.02
1700.73
1636.93
1568.11
1497.01
1425.35
1354.15
1284
1215.28
1148.13
1082.67
1018.97
957.12
897.127
838.806
781.841
726.577
673.331
622.373
574.036
528.705
486.797
448.724
414.985
385.861
361.5
341.977
327.037
315.98
308.059
302.563
298.867
296.459
294.943
294.022
293.485
293.188
293.036
293.038
293.195
293.49
294.011
294.888
296.309
298.541
301.941
306.963
314.151
324.095
337.13
353.444
373.023
395.653
420.972
448.546
477.93
508.69
540.49
573.058
606.177
639.686
673.461
707.41
741.461
775.559
809.66
843.727
877.727
911.632
945.416
979.058
1012.55
1045.92
1079.19
1112.35
1145.39
1178.32
1211.12
1243.81
1276.38
1308.85
1341.2
1373.45
1405.61
1437.66
1469.6
1501.42
1533.14
1564.7
1596.06
1627.15
1657.8
1687.55
1716.22
1743.51
1768.16
1788.54
1802.19
1805.46
1792.12
1753.96
1699.37
1635.42
1566.53
1495.43
1423.79
1352.63
1282.55
1213.89
1146.82
1081.43
1017.81
956.043
896.128
837.882
780.985
725.798
672.628
621.748
573.488
528.235
486.407
448.433
414.736
385.651
361.338
341.86
326.956
315.925
308.023
302.54
298.852
296.451
294.938
294.019
293.484
293.188
293.035
)
;
    }
    frontAndBack
    {
        type            empty;
    }
}


// ************************************************************************* //
