/*--------------------------------*- C++ -*----------------------------------*\
  =========                 |
  \\      /  F ield         | OpenFOAM: The Open Source CFD Toolbox
   \\    /   O peration     | Website:  https://openfoam.org
    \\  /    A nd           | Version:  11
     \\/     M anipulation  |
\*---------------------------------------------------------------------------*/
FoamFile
{
    format      ascii;
    class       volScalarField;
    location    "0.05";
    object      CH4;
}
// * * * * * * * * * * * * * * * * * * * * * * * * * * * * * * * * * * * * * //

dimensions      [0 0 0 0 0 0 0];

internalField   nonuniform List<scalar> 
4000
(
1
1
1
1
1
1
1
1
1
1
1
1
1
1
1
0.999999
0.999998
0.999996
0.99999
0.999978
0.999952
0.999894
0.999767
0.999496
0.99892
0.997719
0.995276
0.990462
0.98139
0.96532
0.939069
0.901554
0.853742
0.797653
0.735968
0.671378
0.606191
0.542222
0.480801
0.422824
0.368841
0.31913
0.273771
0.232693
0.195728
0.162643
0.133165
0.107014
0.08391
0.0636002
0.045881
0.0314806
0.0193978
0.0094132
0.00362584
0.00132832
0.000454298
0.000142499
4.03476e-05
1.06129e-05
3.98779e-06
2.40616e-06
1.36762e-06
7.18678e-07
3.38586e-07
1.44196e-07
5.64351e-08
2.06112e-08
7.12198e-09
2.35208e-09
7.47784e-10
2.30065e-10
6.87725e-11
2.00381e-11
5.70576e-12
1.59127e-12
4.35482e-13
1.17147e-13
3.10248e-14
8.10089e-15
2.08832e-15
5.3235e-16
1.34351e-16
3.3596e-17
8.33066e-18
2.04994e-18
5.00868e-19
1.21482e-19
2.91584e-20
6.95281e-21
2.0232e-21
6.9033e-22
1.53995e-22
3.57023e-23
8.41725e-24
1.9838e-24
4.626e-25
1.04481e-25
2.08916e-26
3.30862e-27
1
1
1
1
1
1
1
1
1
1
1
1
1
1
1
0.999999
0.999998
0.999995
0.999988
0.999973
0.99994
0.999869
0.999714
0.999384
0.998692
0.997267
0.994412
0.988888
0.978711
0.96115
0.933279
0.894765
0.846532
0.790673
0.729699
0.666029
0.60179
0.538693
0.478018
0.420648
0.367135
0.317776
0.27267
0.231765
0.194909
0.161885
0.132439
0.106299
0.0832005
0.0628968
0.0451933
0.0308455
0.0188473
0.00898719
0.00344805
0.00125667
0.000427165
0.000133061
3.73968e-05
9.7956e-06
3.75906e-06
2.29204e-06
1.31406e-06
6.95941e-07
3.34067e-07
1.45346e-07
5.83757e-08
2.19362e-08
7.80564e-09
2.65289e-09
8.66604e-10
2.73387e-10
8.36058e-11
2.48632e-11
7.20935e-12
2.04289e-12
5.66859e-13
1.54295e-13
4.12636e-14
1.08585e-14
2.81536e-15
7.19866e-16
1.81713e-16
4.53398e-17
1.11951e-17
2.73836e-18
6.6415e-19
1.598e-19
3.81014e-20
8.97102e-21
2.21786e-21
7.63472e-22
1.81146e-22
4.34186e-23
1.02564e-23
2.37985e-24
5.45093e-25
1.19509e-25
2.80593e-26
3.33908e-27
1
1
1
1
1
1
1
1
1
1
1
1
1
1
1
0.999999
0.999997
0.999994
0.999987
0.999971
0.999935
0.999857
0.99969
0.999335
0.998591
0.997068
0.994032
0.988195
0.977522
0.959269
0.93066
0.891582
0.84297
0.78689
0.725852
0.662295
0.598311
0.53556
0.475266
0.418272
0.365103
0.316044
0.271191
0.230487
0.193783
0.160868
0.131498
0.105412
0.0823531
0.0620864
0.0444266
0.0301559
0.0182637
0.00854993
0.00326916
0.00118644
0.000401428
0.000124468
3.48448e-05
9.12911e-06
3.55326e-06
2.18354e-06
1.26815e-06
6.82294e-07
3.32499e-07
1.46398e-07
5.95578e-08
2.26582e-08
8.15338e-09
2.79956e-09
9.23187e-10
2.93811e-10
9.05957e-11
2.71515e-11
7.93042e-12
2.26266e-12
6.31888e-13
1.73031e-13
4.65315e-14
1.23058e-14
3.2045e-15
8.22673e-16
2.08451e-16
5.21862e-17
1.29217e-17
3.16748e-18
7.6934e-19
1.8528e-19
4.42334e-20
1.04433e-20
2.46484e-21
7.1074e-22
2.37483e-22
5.28649e-23
1.19245e-23
2.7294e-24
6.25776e-25
1.38914e-25
3.63939e-26
4.00772e-27
1
1
1
1
1
1
1
1
1
1
1
1
1
1
0.999999
0.999999
0.999997
0.999994
0.999985
0.999967
0.999927
0.999841
0.999654
0.99926
0.99844
0.996772
0.993476
0.987203
0.975869
0.956734
0.927355
0.887692
0.83877
0.782652
0.72178
0.658513
0.59488
0.532496
0.472557
0.415885
0.362998
0.314174
0.269575
0.229076
0.192537
0.159757
0.130497
0.104505
0.081528
0.061337
0.0437532
0.0295736
0.017786
0.00820472
0.00313038
0.00113292
0.000382142
0.000118121
3.29774e-05
8.63263e-06
3.39101e-06
2.10712e-06
1.2322e-06
6.67166e-07
3.2858e-07
1.46208e-07
6.0105e-08
2.31267e-08
8.42256e-09
2.92803e-09
9.77603e-10
3.14903e-10
9.82127e-11
2.97449e-11
8.77019e-12
2.52302e-12
7.09594e-13
1.95459e-13
5.28158e-14
1.40209e-14
3.66173e-15
9.41975e-16
2.38972e-16
5.98543e-17
1.48163e-17
3.62844e-18
8.79923e-19
2.11488e-19
5.04062e-20
1.19023e-20
2.77653e-21
6.83558e-22
2.10605e-22
6.79546e-23
1.43564e-23
3.12245e-24
6.86895e-25
1.77465e-25
4.21752e-26
4.90317e-27
1
1
1
1
1
1
1
1
1
1
1
1
1
1
0.999999
0.999999
0.999997
0.999993
0.999984
0.999965
0.999922
0.999829
0.999631
0.999211
0.99834
0.996573
0.993091
0.986493
0.974633
0.95475
0.924611
0.884279
0.834893
0.778555
0.717689
0.6546
0.591259
0.529225
0.469652
0.413333
0.360762
0.312223
0.267903
0.227637
0.19129
0.15867
0.129545
0.103667
0.080791
0.0606898
0.0431992
0.0291069
0.0174126
0.00794308
0.00302657
0.00109351
0.00036818
0.00011361
3.16725e-05
8.29368e-06
3.28257e-06
2.04725e-06
1.20152e-06
6.56973e-07
3.27057e-07
1.46849e-07
6.09384e-08
2.36537e-08
8.68385e-09
3.04133e-09
1.02254e-09
3.31582e-10
1.04079e-10
3.17161e-11
9.40653e-12
2.72115e-12
7.69278e-13
2.12896e-13
5.77676e-14
1.53906e-14
4.03146e-15
1.03955e-15
2.6419e-16
6.62461e-17
1.64074e-17
4.01786e-18
9.73756e-19
2.33781e-19
5.56486e-20
1.31441e-20
3.08332e-21
7.22947e-22
1.75241e-22
4.48962e-23
1.11649e-23
2.58386e-24
6.04637e-25
1.43135e-25
3.11713e-26
3.50379e-27
1
1
1
1
1
1
1
1
1
1
1
1
1
1
0.999999
0.999999
0.999997
0.999993
0.999983
0.999962
0.999916
0.999816
0.999603
0.999153
0.998222
0.996342
0.992658
0.985724
0.973361
0.952817
0.922077
0.88125
0.831533
0.775036
0.714164
0.65119
0.58805
0.526274
0.466988
0.410961
0.358665
0.31049
0.266338
0.226271
0.190103
0.157641
0.128655
0.102901
0.0801327
0.0601273
0.0427394
0.0287291
0.0171173
0.00774197
0.00294764
0.00106393
0.000357852
0.000110323
3.07366e-05
8.06355e-06
3.1985e-06
1.99665e-06
1.17938e-06
6.49345e-07
3.25629e-07
1.47142e-07
6.14445e-08
2.39965e-08
8.8632e-09
3.12294e-09
1.05629e-09
3.44538e-10
1.08758e-10
3.332e-11
9.93183e-12
2.88641e-12
8.19427e-13
2.27627e-13
6.19682e-14
1.65562e-14
4.34685e-15
1.12292e-15
2.85751e-16
7.17105e-17
1.77663e-17
4.34991e-18
1.05357e-18
2.52673e-19
6.00587e-20
1.41616e-20
3.31598e-21
7.72143e-22
1.79281e-22
4.17496e-23
9.74479e-24
2.28045e-24
5.34779e-25
1.23545e-25
2.59674e-26
2.85912e-27
1
1
1
1
1
1
1
1
1
1
1
1
1
1
0.999999
0.999999
0.999997
0.999992
0.999982
0.99996
0.999911
0.999806
0.99958
0.999106
0.998127
0.996154
0.992299
0.98507
0.972244
0.951065
0.91971
0.878361
0.828289
0.771625
0.71075
0.6479
0.584972
0.523464
0.464479
0.408776
0.356829
0.308918
0.264919
0.225019
0.18901
0.156697
0.127847
0.102213
0.079552
0.0596414
0.0423513
0.0284167
0.0168777
0.00758252
0.00288555
0.00104088
0.000349901
0.000107838
3.00685e-05
7.88266e-06
3.12452e-06
1.95614e-06
1.16134e-06
6.42918e-07
3.24616e-07
1.47561e-07
6.1994e-08
2.43532e-08
9.04501e-09
3.20384e-09
1.08909e-09
3.56918e-10
1.13165e-10
3.48121e-11
1.04153e-11
3.0371e-12
8.64778e-13
2.40849e-13
6.57129e-14
1.75888e-14
4.62464e-15
1.19595e-15
3.04542e-16
7.64489e-17
1.89388e-17
4.63492e-18
1.1217e-18
2.68705e-19
6.37757e-20
1.50112e-20
3.50726e-21
8.1425e-22
1.88073e-22
4.32905e-23
9.96633e-24
2.29709e-24
5.29357e-25
1.2002e-25
2.48225e-26
2.71081e-27
1
1
1
1
1
1
1
1
1
1
1
1
1
1
0.999999
0.999998
0.999996
0.999992
0.999981
0.999958
0.999907
0.999796
0.999559
0.999062
0.998037
0.995976
0.991962
0.984467
0.971233
0.949511
0.917637
0.875842
0.825454
0.768621
0.707713
0.644942
0.582177
0.520889
0.462163
0.406745
0.355107
0.307308
0.263621
0.223857
0.187997
0.155827
0.127109
0.101592
0.0790351
0.0592161
0.0420174
0.0281523
0.016678
0.00745217
0.00283514
0.00102234
0.00034357
0.000105877
2.95177e-05
7.74082e-06
3.05219e-06
1.91328e-06
1.14155e-06
6.36248e-07
3.23378e-07
1.47741e-07
6.23462e-08
2.45874e-08
9.16514e-09
3.25777e-09
1.11124e-09
3.65417e-10
1.16245e-10
3.58745e-11
1.07659e-11
3.14829e-12
8.98784e-13
2.50908e-13
6.8598e-14
1.83931e-14
4.84299e-15
1.25378e-15
3.19509e-16
8.02398e-17
1.98797e-17
4.864e-18
1.17648e-18
2.81587e-19
6.67565e-20
1.56906e-20
3.65981e-21
8.47967e-22
1.95382e-22
4.48295e-23
1.02588e-23
2.34654e-24
5.35325e-25
1.20017e-25
2.45795e-26
2.67068e-27
1
1
1
1
1
1
1
1
1
1
1
1
1
1
0.999999
0.999998
0.999996
0.999991
0.99998
0.999956
0.999903
0.999787
0.99954
0.999021
0.997953
0.99581
0.991647
0.9839
0.970284
0.948055
0.915708
0.873515
0.822852
0.765878
0.704948
0.64225
0.579624
0.518513
0.459977
0.404735
0.353232
0.305696
0.2622
0.222687
0.187024
0.155015
0.126431
0.101031
0.0785738
0.0588413
0.0417266
0.0279246
0.0165079
0.00734269
0.00279297
0.00100689
0.000338315
0.000104253
2.90686e-05
7.62074e-06
3.00244e-06
1.88345e-06
1.12822e-06
6.31736e-07
3.22601e-07
1.47972e-07
6.26858e-08
2.48127e-08
9.28118e-09
3.30982e-09
1.1325e-09
3.73495e-10
1.19137e-10
3.68586e-11
1.10863e-11
3.24853e-12
9.29053e-13
2.59758e-13
7.11099e-14
1.90867e-14
5.02968e-15
1.30284e-15
3.32116e-16
8.34114e-17
2.06617e-17
5.0532e-18
1.22143e-18
2.92086e-19
6.91685e-20
1.62361e-20
3.78131e-21
8.74609e-22
2.01123e-22
4.60387e-23
1.05053e-23
2.39197e-24
5.4272e-25
1.20917e-25
2.46256e-26
2.66791e-27
1
1
1
1
1
1
1
1
1
1
1
1
1
1
0.999999
0.999998
0.999996
0.999991
0.99998
0.999954
0.999899
0.999779
0.999523
0.998986
0.997882
0.99567
0.991382
0.983421
0.969477
0.946811
0.914041
0.871483
0.820559
0.763441
0.702478
0.639834
0.577326
0.516376
0.458022
0.402973
0.351662
0.304318
0.261003
0.221662
0.186155
0.154285
0.125823
0.100529
0.0781636
0.0585105
0.041472
0.0277265
0.0163606
0.00724967
0.00275723
0.000993846
0.000333898
0.000102895
2.8696e-05
7.52422e-06
2.96433e-06
1.86044e-06
1.11746e-06
6.27719e-07
3.21746e-07
1.48072e-07
6.29199e-08
2.49706e-08
9.36279e-09
3.34664e-09
1.14766e-09
3.79319e-10
1.21249e-10
3.75864e-11
1.13262e-11
3.32449e-12
9.52235e-13
2.66598e-13
7.30663e-14
1.96304e-14
5.17674e-15
1.34163e-15
3.42107e-16
8.59278e-17
2.12822e-17
5.20319e-18
1.257e-18
3.00366e-19
7.10629e-20
1.66622e-20
3.87558e-21
8.95123e-22
2.05508e-22
4.69567e-23
1.06919e-23
2.42827e-24
5.49065e-25
1.21868e-25
2.47359e-26
2.67518e-27
1
1
1
1
1
1
1
1
1
1
1
1
1
1
0.999999
0.999998
0.999996
0.999991
0.999979
0.999953
0.999896
0.999772
0.999507
0.998953
0.997815
0.995536
0.991127
0.982966
0.968719
0.945657
0.91252
0.869651
0.81851
0.761276
0.700287
0.637692
0.575289
0.514479
0.456288
0.40141
0.350274
0.3031
0.259946
0.220756
0.185385
0.153637
0.125284
0.100084
0.0778011
0.0582192
0.0412486
0.0275531
0.0162317
0.00717001
0.00272669
0.000982721
0.000330139
0.000101742
2.83797e-05
7.44201e-06
2.93226e-06
1.84106e-06
1.10832e-06
6.24269e-07
3.2099e-07
1.48139e-07
6.31055e-08
2.51021e-08
9.43184e-09
3.37798e-09
1.1606e-09
3.8428e-10
1.2304e-10
3.82011e-11
1.15278e-11
3.38795e-12
9.71496e-13
2.72251e-13
7.4675e-14
2.00753e-14
5.29652e-15
1.37308e-15
3.50172e-16
8.79502e-17
2.17787e-17
5.32258e-18
1.28516e-18
3.06882e-19
7.25435e-20
1.69926e-20
3.94802e-21
9.1072e-22
2.08802e-22
4.76366e-23
1.08279e-23
2.45419e-24
5.53622e-25
1.22567e-25
2.48225e-26
2.68149e-27
1
1
1
1
1
1
1
1
1
1
1
1
1
1
0.999999
0.999998
0.999996
0.999991
0.999978
0.999952
0.999893
0.999766
0.999494
0.998925
0.997758
0.995424
0.990914
0.982582
0.968076
0.944672
0.91121
0.868062
0.816722
0.759378
0.698363
0.635808
0.573494
0.512807
0.45476
0.400034
0.349052
0.302028
0.259017
0.219958
0.184707
0.153067
0.124809
0.0996934
0.077483
0.0579641
0.0410534
0.0274017
0.0161192
0.00710096
0.00270029
0.000973129
0.000326905
0.000100751
2.81087e-05
7.37287e-06
2.90481e-06
1.82432e-06
1.10031e-06
6.21163e-07
3.20221e-07
1.48128e-07
6.32313e-08
2.51967e-08
9.4826e-09
3.40136e-09
1.17034e-09
3.88052e-10
1.24413e-10
3.86753e-11
1.16841e-11
3.43741e-12
9.86565e-13
2.76687e-13
7.59399e-14
2.04255e-14
5.39086e-15
1.39784e-15
3.56516e-16
8.95381e-17
2.21674e-17
5.41577e-18
1.30704e-18
3.11921e-19
7.3681e-20
1.72445e-20
4.00272e-21
9.22361e-22
2.11225e-22
4.81274e-23
1.09236e-23
2.47171e-24
5.56468e-25
1.22923e-25
2.48454e-26
2.68121e-27
1
1
1
1
1
1
1
1
1
1
1
1
1
1
0.999999
0.999998
0.999996
0.99999
0.999978
0.999951
0.99989
0.99976
0.999482
0.9989
0.997707
0.995322
0.990721
0.982236
0.967501
0.943798
0.910058
0.866673
0.815166
0.757731
0.696693
0.634173
0.571936
0.511355
0.453431
0.398838
0.347989
0.301095
0.258208
0.219263
0.184117
0.15257
0.124396
0.099353
0.0772062
0.0577422
0.0408839
0.0272703
0.0160216
0.00704136
0.00267754
0.000964883
0.000324129
9.99014e-05
2.78761e-05
7.31322e-06
2.88099e-06
1.80972e-06
1.09327e-06
6.18352e-07
3.19454e-07
1.48063e-07
6.33078e-08
2.52635e-08
9.52062e-09
3.41936e-09
1.17796e-09
3.91024e-10
1.255e-10
3.90513e-11
1.18082e-11
3.47666e-12
9.98515e-13
2.802e-13
7.69403e-14
2.0702e-14
5.46517e-15
1.4173e-15
3.61486e-16
9.0778e-17
2.24698e-17
5.48793e-18
1.3239e-18
3.15777e-19
7.45452e-20
1.74342e-20
4.04345e-21
9.30912e-22
2.12975e-22
4.84743e-23
1.09895e-23
2.48334e-24
5.58285e-25
1.2314e-25
2.48572e-26
2.68069e-27
1
1
1
1
1
1
1
1
1
1
1
1
1
1
0.999999
0.999998
0.999996
0.99999
0.999978
0.99995
0.999888
0.999756
0.999472
0.998879
0.997663
0.995236
0.990558
0.981943
0.967012
0.943055
0.909075
0.865487
0.813834
0.756319
0.695261
0.63277
0.570598
0.510109
0.45229
0.39781
0.347076
0.300293
0.257512
0.218666
0.183609
0.152143
0.12404
0.0990605
0.0769684
0.0575518
0.0407385
0.0271576
0.015938
0.00699039
0.00265813
0.000957857
0.000321768
9.91798e-05
2.76786e-05
7.26183e-06
2.86075e-06
1.79714e-06
1.08709e-06
6.15791e-07
3.18677e-07
1.47947e-07
6.33459e-08
2.53093e-08
9.54823e-09
3.43276e-09
1.18371e-09
3.93286e-10
1.26332e-10
3.93409e-11
1.19041e-11
3.50708e-12
1.00779e-12
2.82929e-13
7.77174e-14
2.09166e-14
5.52279e-15
1.43236e-15
3.65323e-16
9.17323e-17
2.27017e-17
5.54301e-18
1.3367e-18
3.18686e-19
7.51918e-20
1.75747e-20
4.07326e-21
9.3707e-22
2.14208e-22
4.87115e-23
1.10324e-23
2.4903e-24
5.5916e-25
1.23177e-25
2.48374e-26
2.67707e-27
1
1
1
1
1
1
1
1
1
1
1
1
1
1
0.999999
0.999998
0.999996
0.99999
0.999977
0.999949
0.999887
0.999752
0.999464
0.998861
0.997626
0.995163
0.990418
0.981693
0.966597
0.942425
0.908245
0.864488
0.812714
0.755133
0.694058
0.631591
0.569474
0.50906
0.451329
0.396944
0.346306
0.299618
0.256925
0.218162
0.183181
0.151783
0.12374
0.0988136
0.0767677
0.0573912
0.040616
0.0270626
0.0158675
0.00694759
0.00264185
0.000951973
0.000319794
9.85776e-05
2.75144e-05
7.22101e-06
2.84442e-06
1.78706e-06
1.08197e-06
6.13654e-07
3.18024e-07
1.47848e-07
6.33726e-08
2.53436e-08
9.56926e-09
3.44303e-09
1.18813e-09
3.9503e-10
1.26975e-10
3.95645e-11
1.19782e-11
3.53058e-12
1.01495e-12
2.85035e-13
7.8316e-14
2.10816e-14
5.56698e-15
1.44388e-15
3.68249e-16
9.24572e-17
2.28771e-17
5.58446e-18
1.34627e-18
3.20846e-19
7.56676e-20
1.76769e-20
4.09465e-21
9.41407e-22
2.15054e-22
4.88676e-23
1.10584e-23
2.49379e-24
5.59344e-25
1.23078e-25
2.47929e-26
2.6709e-27
1
1
1
1
1
1
1
1
1
1
1
1
1
1
0.999999
0.999998
0.999996
0.99999
0.999977
0.999948
0.999885
0.999748
0.999457
0.998846
0.997596
0.995102
0.990304
0.981488
0.966256
0.941909
0.907565
0.863668
0.811796
0.754161
0.693072
0.630624
0.568552
0.508199
0.450541
0.396232
0.345674
0.299062
0.256443
0.217748
0.182829
0.151487
0.123494
0.0986108
0.076603
0.0572593
0.0405155
0.0269847
0.0158097
0.00691251
0.00262849
0.000947146
0.000318176
9.80875e-05
2.73838e-05
7.1878e-06
2.83052e-06
1.77774e-06
1.07735e-06
6.1179e-07
3.17428e-07
1.47737e-07
6.33822e-08
2.53668e-08
9.58497e-09
3.45085e-09
1.19152e-09
3.96367e-10
1.27467e-10
3.97356e-11
1.20348e-11
3.54847e-12
1.02039e-12
2.8663e-13
7.87683e-14
2.1206e-14
5.60019e-15
1.4525e-15
3.70432e-16
9.2996e-17
2.30068e-17
5.61495e-18
1.35327e-18
3.22412e-19
7.60095e-20
1.77495e-20
4.10958e-21
9.44367e-22
2.15612e-22
4.89642e-23
1.10725e-23
2.49483e-24
5.59002e-25
1.22861e-25
2.47235e-26
2.66195e-27
1
1
1
1
1
1
1
1
1
1
1
1
1
1
0.999999
0.999998
0.999996
0.99999
0.999977
0.999948
0.999884
0.999746
0.999451
0.998835
0.997572
0.995054
0.990213
0.981325
0.965986
0.9415
0.907028
0.863021
0.811072
0.753393
0.692294
0.629861
0.567824
0.50752
0.449918
0.39567
0.345174
0.298624
0.256063
0.217421
0.182551
0.151253
0.1233
0.098451
0.0764732
0.0571554
0.0404363
0.0269233
0.0157641
0.00688476
0.00261787
0.000943263
0.000316853
9.76774e-05
2.72723e-05
7.15945e-06
2.80619e-06
1.75445e-06
1.06871e-06
6.09286e-07
3.16751e-07
1.476e-07
6.3373e-08
2.53799e-08
9.59531e-09
3.45637e-09
1.19398e-09
3.97352e-10
1.27831e-10
3.98621e-11
1.20765e-11
3.56165e-12
1.02439e-12
2.878e-13
7.90992e-14
2.12967e-14
5.62433e-15
1.45875e-15
3.72008e-16
9.33833e-17
2.30996e-17
5.63665e-18
1.35821e-18
3.2351e-19
7.62465e-20
1.77991e-20
4.1196e-21
9.46299e-22
2.1596e-22
4.902e-23
1.10791e-23
2.49483e-24
5.58629e-25
1.22695e-25
2.46751e-26
2.65591e-27
1
1
1
1
1
1
1
1
1
1
1
1
1
1
0.999999
0.999998
0.999996
0.99999
0.999977
0.999947
0.999883
0.999744
0.999447
0.998826
0.997554
0.995019
0.990145
0.981203
0.965784
0.941195
0.906627
0.86254
0.810533
0.752823
0.691716
0.629295
0.567284
0.507016
0.449458
0.395257
0.344806
0.2983
0.255782
0.217179
0.182346
0.151081
0.123156
0.0983334
0.0763778
0.0570792
0.0403784
0.0268784
0.0157308
0.0068645
0.00261014
0.000940467
0.000315915
9.73924e-05
2.71954e-05
7.14093e-06
2.79803e-06
1.74877e-06
1.06591e-06
6.08114e-07
3.16339e-07
1.47499e-07
6.3357e-08
2.53838e-08
9.59997e-09
3.45903e-09
1.19521e-09
3.97859e-10
1.28026e-10
3.99326e-11
1.21007e-11
3.56953e-12
1.02685e-12
2.88533e-13
7.93104e-14
2.13554e-14
5.64015e-15
1.46288e-15
3.73055e-16
9.36416e-17
2.31616e-17
5.65113e-18
1.3615e-18
3.24237e-19
7.64021e-20
1.78313e-20
4.12596e-21
9.47483e-22
2.16162e-22
4.90489e-23
1.10817e-23
2.49451e-24
5.58372e-25
1.22601e-25
2.46507e-26
2.65299e-27
1
1
1
1
1
1
1
1
1
1
1
1
1
1
0.999999
0.999998
0.999996
0.99999
0.999976
0.999947
0.999882
0.999743
0.999444
0.99882
0.997542
0.994995
0.990101
0.981125
0.965654
0.940998
0.906368
0.862228
0.810183
0.752452
0.691339
0.628926
0.566932
0.506689
0.44916
0.39499
0.344568
0.298091
0.2556
0.217025
0.182214
0.15097
0.123064
0.0982577
0.0763165
0.0570304
0.0403413
0.0268497
0.0157093
0.00685151
0.00260524
0.000938711
0.000315332
9.72176e-05
2.7149e-05
7.12911e-06
2.79338e-06
1.74564e-06
1.06431e-06
6.07425e-07
3.16103e-07
1.47434e-07
6.33347e-08
2.53762e-08
9.59789e-09
3.4587e-09
1.19527e-09
3.9795e-10
1.28078e-10
3.99559e-11
1.21097e-11
3.57275e-12
1.02792e-12
2.88871e-13
7.94116e-14
2.13845e-14
5.64819e-15
1.46503e-15
3.73611e-16
9.37806e-17
2.31954e-17
5.65908e-18
1.36332e-18
3.24638e-19
7.64877e-20
1.78488e-20
4.12935e-21
9.48093e-22
2.16258e-22
4.90603e-23
1.10818e-23
2.49394e-24
5.58099e-25
1.2251e-25
2.46271e-26
2.65016e-27
1
1
1
1
1
1
1
1
1
1
1
1
1
1
0.999999
0.999998
0.999995
0.99999
0.999976
0.999947
0.999882
0.999742
0.999443
0.998818
0.997537
0.994985
0.990081
0.98109
0.965596
0.940911
0.906253
0.862089
0.810026
0.752285
0.691169
0.628758
0.566771
0.506538
0.44902
0.394863
0.344456
0.297992
0.255515
0.216951
0.182151
0.150917
0.123021
0.0982218
0.0762872
0.0570069
0.0403233
0.0268355
0.0156987
0.00684492
0.00260268
0.000937767
0.00031501
9.71171e-05
2.71209e-05
7.12159e-06
2.79036e-06
1.74375e-06
1.06341e-06
6.07045e-07
3.15973e-07
1.47391e-07
6.33105e-08
2.53629e-08
9.59225e-09
3.45671e-09
1.19467e-09
3.97787e-10
1.2804e-10
3.99489e-11
1.21091e-11
3.57296e-12
1.02808e-12
2.88943e-13
7.94375e-14
2.13928e-14
5.65067e-15
1.46573e-15
3.73797e-16
9.38284e-17
2.32072e-17
5.66188e-18
1.36396e-18
3.2478e-19
7.65176e-20
1.78547e-20
4.13046e-21
9.48278e-22
2.16282e-22
4.90613e-23
1.10809e-23
2.49345e-24
5.57915e-25
1.22452e-25
2.46124e-26
2.64841e-27
1
1
1
1
1
1
1
1
1
1
1
1
1
1
0.999999
0.999998
0.999995
0.99999
0.999976
0.999947
0.999882
0.999742
0.999443
0.998818
0.997537
0.994985
0.990081
0.98109
0.965596
0.940911
0.906253
0.862089
0.810027
0.752286
0.691171
0.628761
0.566775
0.506542
0.449025
0.394867
0.34446
0.297997
0.255519
0.216954
0.182155
0.15092
0.123023
0.0982235
0.0762886
0.0570078
0.0403239
0.0268359
0.0156988
0.00684497
0.00260268
0.000937758
0.000315003
9.71139e-05
2.71196e-05
7.12114e-06
2.79011e-06
1.74354e-06
1.06327e-06
6.0697e-07
3.15939e-07
1.47378e-07
6.33053e-08
2.5361e-08
9.59158e-09
3.45648e-09
1.19459e-09
3.97761e-10
1.28032e-10
3.99462e-11
1.21082e-11
3.57271e-12
1.02801e-12
2.88922e-13
7.94317e-14
2.13912e-14
5.65026e-15
1.46562e-15
3.73769e-16
9.38215e-17
2.32055e-17
5.66148e-18
1.36387e-18
3.24758e-19
7.65127e-20
1.78537e-20
4.13024e-21
9.48233e-22
2.16274e-22
4.90597e-23
1.10806e-23
2.4934e-24
5.57909e-25
1.22451e-25
2.46122e-26
2.64838e-27
1
1
1
1
1
1
1
1
1
1
1
1
1
1
0.999999
0.999998
0.999996
0.99999
0.999976
0.999947
0.999882
0.999743
0.999444
0.99882
0.997542
0.994995
0.9901
0.981124
0.965653
0.940998
0.906368
0.86223
0.810187
0.752458
0.691348
0.628937
0.566945
0.506703
0.449174
0.395003
0.344583
0.298106
0.255614
0.217036
0.182224
0.150978
0.123071
0.0982632
0.0763206
0.0570332
0.040343
0.0268504
0.0157094
0.00685116
0.00260491
0.000938518
0.00031524
9.71799e-05
2.71355e-05
7.1248e-06
2.79152e-06
1.74448e-06
1.06377e-06
6.07166e-07
3.15991e-07
1.4739e-07
6.3317e-08
2.53694e-08
9.5954e-09
3.45782e-09
1.19497e-09
3.97847e-10
1.28044e-10
3.9945e-11
1.21064e-11
3.57174e-12
1.02762e-12
2.88782e-13
7.93864e-14
2.13775e-14
5.64628e-15
1.46452e-15
3.73478e-16
9.3747e-17
2.3187e-17
5.65705e-18
1.36284e-18
3.24526e-19
7.64622e-20
1.78431e-20
4.12811e-21
9.47829e-22
2.16203e-22
4.90495e-23
1.10798e-23
2.49357e-24
5.58033e-25
1.22497e-25
2.46247e-26
2.64989e-27
1
1
1
1
1
1
1
1
1
1
1
1
1
1
0.999999
0.999998
0.999996
0.99999
0.999977
0.999947
0.999883
0.999744
0.999447
0.998826
0.997553
0.995018
0.990144
0.981203
0.965783
0.941195
0.906628
0.862543
0.81054
0.752834
0.691731
0.629314
0.567306
0.507041
0.449484
0.395283
0.344831
0.298323
0.255803
0.217199
0.182363
0.151096
0.123168
0.0983429
0.0763849
0.0570842
0.0403814
0.0268799
0.015731
0.00686399
0.00260967
0.00094019
0.000315781
9.73369e-05
2.71753e-05
7.13435e-06
2.79523e-06
1.747e-06
1.065e-06
6.07683e-07
3.16157e-07
1.47429e-07
6.33289e-08
2.53726e-08
9.59574e-09
3.45747e-09
1.19465e-09
3.97668e-10
1.27962e-10
3.99118e-11
1.20941e-11
3.56748e-12
1.02623e-12
2.88355e-13
7.926e-14
2.13415e-14
5.63644e-15
1.46192e-15
3.7281e-16
9.35804e-17
2.31467e-17
5.64758e-18
1.36067e-18
3.24047e-19
7.63593e-20
1.78218e-20
4.12391e-21
9.47048e-22
2.16071e-22
4.90309e-23
1.10784e-23
2.49393e-24
5.58268e-25
1.22582e-25
2.46469e-26
2.65256e-27
1
1
1
1
1
1
1
1
1
1
1
1
1
1
0.999999
0.999998
0.999996
0.99999
0.999977
0.999948
0.999884
0.999746
0.999451
0.998835
0.997571
0.995054
0.990212
0.981324
0.965985
0.941499
0.907029
0.863026
0.811081
0.753408
0.692315
0.629887
0.567854
0.507553
0.449954
0.395707
0.345209
0.298656
0.256092
0.217448
0.182574
0.151273
0.123316
0.0984643
0.0764833
0.0571625
0.0404407
0.0269255
0.0157645
0.00688409
0.00261721
0.000942872
0.000316663
9.75978e-05
2.72435e-05
7.1516e-06
2.8021e-06
1.75172e-06
1.06744e-06
6.08672e-07
3.16496e-07
1.47504e-07
6.33355e-08
2.53658e-08
9.5897e-09
3.45416e-09
1.19314e-09
3.97047e-10
1.27727e-10
3.98283e-11
1.2066e-11
3.55848e-12
1.02347e-12
2.87538e-13
7.90271e-14
2.12773e-14
5.61928e-15
1.45746e-15
3.71684e-16
9.33036e-17
2.30804e-17
5.63211e-18
1.35716e-18
3.23269e-19
7.61926e-20
1.77872e-20
4.11703e-21
9.4575e-22
2.15846e-22
4.8997e-23
1.10748e-23
2.49408e-24
5.58503e-25
1.22671e-25
2.46705e-26
2.65538e-27
1
1
1
1
1
1
1
1
1
1
1
1
1
1
0.999999
0.999998
0.999996
0.99999
0.999977
0.999948
0.999885
0.999748
0.999457
0.998846
0.997595
0.995102
0.990303
0.981487
0.966255
0.941909
0.907568
0.863675
0.811809
0.75418
0.693099
0.630657
0.56859
0.508241
0.450585
0.396277
0.345717
0.299103
0.256481
0.217782
0.182859
0.151512
0.123515
0.098628
0.076616
0.0572684
0.0405211
0.0269876
0.0158103
0.00691163
0.00262765
0.000946638
0.000317929
9.79844e-05
2.73472e-05
7.17651e-06
2.825e-06
1.77418e-06
1.07572e-06
6.11005e-07
3.17104e-07
1.47614e-07
6.33348e-08
2.53487e-08
9.57758e-09
3.44801e-09
1.19046e-09
3.95996e-10
1.27342e-10
3.96953e-11
1.20222e-11
3.54471e-12
1.0193e-12
2.86319e-13
7.86825e-14
2.11828e-14
5.5941e-15
1.45094e-15
3.70037e-16
9.28986e-17
2.29833e-17
5.60937e-18
1.35197e-18
3.22115e-19
7.5943e-20
1.77349e-20
4.10642e-21
9.43696e-22
2.15472e-22
4.89361e-23
1.10671e-23
2.49389e-24
5.58852e-25
1.22837e-25
2.47191e-26
2.66145e-27
1
1
1
1
1
1
1
1
1
1
1
1
1
1
0.999999
0.999998
0.999996
0.99999
0.999977
0.999949
0.999887
0.999752
0.999464
0.998861
0.997626
0.995162
0.990417
0.981692
0.966596
0.942426
0.908249
0.864497
0.81273
0.755158
0.694092
0.631632
0.569521
0.509111
0.451383
0.396998
0.346359
0.299668
0.256972
0.218204
0.183217
0.151814
0.123767
0.0988346
0.0767837
0.0574023
0.0406229
0.0270661
0.0158681
0.0069465
0.0026408
0.00095135
0.000319492
9.84518e-05
2.74681e-05
7.20413e-06
2.8373e-06
1.78277e-06
1.07995e-06
6.1272e-07
3.1763e-07
1.47697e-07
6.33147e-08
2.53209e-08
9.56054e-09
3.43972e-09
1.18692e-09
3.94602e-10
1.26831e-10
3.95179e-11
1.19637e-11
3.52619e-12
1.01367e-12
2.84669e-13
7.82147e-14
2.10542e-14
5.55976e-15
1.44201e-15
3.67778e-16
9.2341e-17
2.2849e-17
5.57778e-18
1.34472e-18
3.20492e-19
7.55884e-20
1.76595e-20
4.0909e-21
9.40617e-22
2.14891e-22
4.88348e-23
1.10521e-23
2.4927e-24
5.59167e-25
1.23049e-25
2.47877e-26
2.67032e-27
1
1
1
1
1
1
1
1
1
1
1
1
1
1
0.999999
0.999998
0.999996
0.99999
0.999978
0.99995
0.999888
0.999755
0.999472
0.998879
0.997663
0.995236
0.990557
0.981942
0.967012
0.943056
0.90908
0.865498
0.813854
0.756349
0.695302
0.63282
0.570656
0.510171
0.452355
0.397875
0.34714
0.300354
0.257568
0.218716
0.183653
0.152181
0.124071
0.0990854
0.0769873
0.057565
0.0407466
0.0271615
0.0159386
0.00698902
0.00265684
0.000957095
0.0003214
9.90266e-05
2.76226e-05
7.24269e-06
2.85237e-06
1.79215e-06
1.08472e-06
6.14687e-07
3.18215e-07
1.47771e-07
6.32777e-08
2.52825e-08
9.53795e-09
3.42888e-09
1.18229e-09
3.92789e-10
1.26165e-10
3.92868e-11
1.18872e-11
3.50199e-12
1.0063e-12
2.82506e-13
7.75999e-14
2.08848e-14
5.51441e-15
1.4302e-15
3.64777e-16
9.15974e-17
2.26691e-17
5.53527e-18
1.3349e-18
3.18276e-19
7.51003e-20
1.75546e-20
4.06896e-21
9.36167e-22
2.14023e-22
4.86745e-23
1.10253e-23
2.48899e-24
5.58948e-25
1.23142e-25
2.48313e-26
2.6764e-27
1
1
1
1
1
1
1
1
1
1
1
1
1
1
0.999999
0.999998
0.999996
0.99999
0.999978
0.999951
0.99989
0.99976
0.999482
0.9989
0.997706
0.995322
0.99072
0.982236
0.967501
0.943801
0.910065
0.866688
0.81519
0.757767
0.696741
0.634231
0.572003
0.511428
0.453506
0.398914
0.348063
0.301165
0.258272
0.219321
0.184167
0.152613
0.124431
0.0993816
0.0772278
0.0577573
0.040893
0.0272747
0.0160222
0.00703963
0.00267598
0.000963968
0.000323689
9.97188e-05
2.78097e-05
7.29094e-06
2.87146e-06
1.80402e-06
1.0905e-06
6.17053e-07
3.18912e-07
1.47854e-07
6.32284e-08
2.52334e-08
9.50908e-09
3.41498e-09
1.17636e-09
3.90459e-10
1.25309e-10
3.89897e-11
1.1789e-11
3.47086e-12
9.96818e-13
2.79717e-13
7.68065e-14
2.06658e-14
5.45563e-15
1.41484e-15
3.60865e-16
9.06245e-17
2.24327e-17
5.47913e-18
1.32186e-18
3.15312e-19
7.44413e-20
1.74114e-20
4.03859e-21
9.29893e-22
2.12767e-22
4.8433e-23
1.09815e-23
2.4819e-24
5.58037e-25
1.23099e-25
2.48498e-26
2.67988e-27
1
1
1
1
1
1
1
1
1
1
1
1
1
1
0.999999
0.999998
0.999996
0.999991
0.999978
0.999952
0.999893
0.999766
0.999494
0.998925
0.997758
0.995423
0.990913
0.982581
0.968077
0.944675
0.911219
0.86808
0.816751
0.759421
0.698419
0.635876
0.573571
0.512891
0.454846
0.400121
0.349136
0.302107
0.259089
0.220023
0.184764
0.153115
0.124849
0.0997254
0.0775072
0.0579808
0.0410634
0.0274064
0.0161196
0.00709879
0.00269841
0.000972044
0.000326386
0.000100536
2.80306e-05
7.34622e-06
2.89284e-06
1.81733e-06
1.09705e-06
6.1966e-07
3.19597e-07
1.47887e-07
6.31406e-08
2.51613e-08
9.46914e-09
3.39631e-09
1.1685e-09
3.87409e-10
1.24197e-10
3.86056e-11
1.16624e-11
3.43087e-12
9.84653e-13
2.76143e-13
7.57895e-14
2.03849e-14
5.38015e-15
1.39508e-15
3.5582e-16
8.93662e-17
2.21259e-17
5.40592e-18
1.30476e-18
3.114e-19
7.35648e-20
1.72191e-20
3.99728e-21
9.21223e-22
2.10993e-22
4.80814e-23
1.09148e-23
2.47012e-24
5.56188e-25
1.22875e-25
2.48367e-26
2.68025e-27
1
1
1
1
1
1
1
1
1
1
1
1
1
1
0.999999
0.999998
0.999996
0.999991
0.999979
0.999953
0.999896
0.999772
0.999507
0.998953
0.997814
0.995536
0.991127
0.982966
0.96872
0.945662
0.912531
0.869672
0.818544
0.761325
0.700351
0.637769
0.575376
0.514573
0.456385
0.401507
0.350368
0.303188
0.260028
0.220828
0.185448
0.153691
0.125328
0.10012
0.0778277
0.0582376
0.0412595
0.027558
0.0162318
0.00716729
0.00272446
0.000981444
0.000329531
0.000101491
2.82891e-05
7.41164e-06
2.91832e-06
1.83284e-06
1.1045e-06
6.22537e-07
3.20275e-07
1.47859e-07
6.30027e-08
2.5062e-08
9.4165e-09
3.37225e-09
1.15852e-09
3.83556e-10
1.22798e-10
3.81231e-11
1.15035e-11
3.38067e-12
9.69373e-13
2.71649e-13
7.45086e-14
2.00304e-14
5.28469e-15
1.37003e-15
3.49404e-16
8.77605e-17
2.17328e-17
5.3117e-18
1.28263e-18
3.06306e-19
7.24149e-20
1.69645e-20
3.94199e-21
9.09457e-22
2.08545e-22
4.75856e-23
1.08182e-23
2.45242e-24
5.53316e-25
1.22513e-25
2.48124e-26
2.68039e-27
1
1
1
1
1
1
1
1
1
1
1
1
1
1
0.999999
0.999998
0.999996
0.999991
0.99998
0.999954
0.999899
0.999779
0.999523
0.998986
0.997882
0.99567
0.991381
0.983421
0.969479
0.946816
0.914054
0.871507
0.820598
0.763496
0.702549
0.639919
0.577423
0.516481
0.458133
0.403084
0.351771
0.304421
0.261098
0.221747
0.186227
0.154346
0.125873
0.100568
0.0781927
0.0585303
0.0414835
0.0277315
0.0163603
0.00724636
0.00275459
0.00099235
0.00033319
0.000102605
2.85914e-05
7.48928e-06
2.94903e-06
1.85136e-06
1.1132e-06
6.25771e-07
3.20942e-07
1.4776e-07
6.27968e-08
2.49236e-08
9.34482e-09
3.33992e-09
1.14524e-09
3.78482e-10
1.20971e-10
3.74979e-11
1.12989e-11
3.31636e-12
9.49877e-13
2.65932e-13
7.2883e-14
1.95811e-14
5.16377e-15
1.33829e-15
3.41267e-16
8.57207e-17
2.12322e-17
5.19132e-18
1.25424e-18
2.99738e-19
7.09224e-20
1.66314e-20
3.86897e-21
8.93737e-22
2.05225e-22
4.69005e-23
1.06812e-23
2.42632e-24
5.48724e-25
1.21809e-25
2.47247e-26
2.67396e-27
1
1
1
1
1
1
1
1
1
1
1
1
1
1
0.999999
0.999998
0.999996
0.999991
0.99998
0.999956
0.999903
0.999787
0.99954
0.999021
0.997953
0.99581
0.991647
0.9839
0.970286
0.948062
0.915723
0.873542
0.822895
0.765938
0.705027
0.642345
0.579733
0.518634
0.460106
0.404871
0.35337
0.305832
0.262327
0.222794
0.18711
0.155085
0.126487
0.101074
0.0786055
0.0588626
0.0417388
0.0279296
0.0165073
0.00733857
0.0027898
0.00100512
0.000337485
0.000103915
2.89476e-05
7.58063e-06
2.98533e-06
1.87356e-06
1.12359e-06
6.29591e-07
3.21695e-07
1.47613e-07
6.25498e-08
2.47602e-08
9.26101e-09
3.30228e-09
1.12979e-09
3.72561e-10
1.18829e-10
3.67605e-11
1.10562e-11
3.23959e-12
9.26473e-13
2.59032e-13
7.09106e-14
1.90333e-14
5.01567e-15
1.29924e-15
3.31212e-16
8.31885e-17
2.06078e-17
5.04043e-18
1.21847e-18
2.91408e-19
6.9017e-20
1.62028e-20
3.77416e-21
8.73107e-22
2.00815e-22
4.59775e-23
1.04936e-23
2.38984e-24
5.42371e-25
1.20854e-25
2.46136e-26
2.6666e-27
1
1
1
1
1
1
1
1
1
1
1
1
1
1
0.999999
0.999998
0.999996
0.999992
0.999981
0.999958
0.999907
0.999796
0.999559
0.999062
0.998037
0.995976
0.991962
0.984468
0.971236
0.949518
0.917653
0.875871
0.8255
0.768685
0.707796
0.645041
0.582288
0.521005
0.462278
0.406853
0.355204
0.307394
0.263697
0.223933
0.188068
0.155891
0.127163
0.101636
0.079068
0.0592382
0.0420298
0.028157
0.0166767
0.00744713
0.00283141
0.00102029
0.000342614
0.00010549
2.93787e-05
7.69107e-06
3.02896e-06
1.89945e-06
1.13545e-06
6.33798e-07
3.22379e-07
1.47335e-07
6.21859e-08
2.4526e-08
9.14182e-09
3.24914e-09
1.10817e-09
3.64368e-10
1.15902e-10
3.57662e-11
1.0733e-11
3.13856e-12
8.95988e-13
2.50125e-13
6.83839e-14
1.83359e-14
4.82802e-15
1.24994e-15
3.18546e-16
8.00028e-17
1.98225e-17
4.85045e-18
1.17333e-18
2.80868e-19
6.65956e-20
1.56552e-20
3.6522e-21
8.46364e-22
1.95052e-22
4.47635e-23
1.02461e-23
2.34437e-24
5.34951e-25
1.19953e-25
2.45673e-26
2.66931e-27
1
1
1
1
1
1
1
1
1
1
1
1
1
1
0.999999
0.999999
0.999997
0.999992
0.999982
0.99996
0.999911
0.999806
0.99958
0.999106
0.998127
0.996154
0.992299
0.985071
0.972247
0.951074
0.919727
0.878392
0.828338
0.771694
0.710839
0.648006
0.585092
0.523589
0.464602
0.408889
0.356922
0.309017
0.265016
0.225109
0.189092
0.156768
0.127907
0.102261
0.0795872
0.0596647
0.0423641
0.0284211
0.0168755
0.00757645
0.00288126
0.00103857
0.000348846
0.000107419
2.99126e-05
7.83362e-06
3.08742e-06
1.93355e-06
1.14995e-06
6.38881e-07
3.23269e-07
1.47077e-07
6.1816e-08
2.42867e-08
9.02007e-09
3.19468e-09
1.08584e-09
3.5581e-10
1.12802e-10
3.46977e-11
1.03805e-11
3.02682e-12
8.61827e-13
2.40024e-13
6.54877e-14
1.75287e-14
4.60894e-15
1.19193e-15
3.03535e-16
7.62013e-17
1.88791e-17
4.62077e-18
1.11841e-18
2.67954e-19
6.36073e-20
1.49742e-20
3.49927e-21
8.12562e-22
1.87726e-22
4.32217e-23
9.95421e-24
2.29503e-24
5.29065e-25
1.19979e-25
2.48153e-26
2.70999e-27
1
1
1
1
1
1
1
1
1
1
1
1
1
1
0.999999
0.999999
0.999997
0.999993
0.999983
0.999962
0.999916
0.999816
0.999603
0.999152
0.998222
0.996341
0.992658
0.985725
0.973364
0.952826
0.922095
0.881283
0.831585
0.77511
0.714259
0.651305
0.588181
0.526416
0.467134
0.411107
0.35881
0.310612
0.266455
0.226378
0.190197
0.157721
0.128721
0.102953
0.0801706
0.0601521
0.0427527
0.0287333
0.0171143
0.0077349
0.00294276
0.00106132
0.000356664
0.000109858
3.05941e-05
8.0106e-06
3.17208e-06
1.98286e-06
1.17353e-06
6.46336e-07
3.24397e-07
1.46652e-07
6.12585e-08
2.39269e-08
8.83723e-09
3.11343e-09
1.05292e-09
3.43393e-10
1.08384e-10
3.32024e-11
9.89609e-12
2.87587e-12
8.16406e-13
2.26783e-13
6.17378e-14
1.64948e-14
4.33081e-15
1.11881e-15
2.84723e-16
7.14577e-17
1.77053e-17
4.33546e-18
1.0502e-18
2.51905e-19
5.98861e-20
1.41235e-20
3.30776e-21
7.70412e-22
1.78937e-22
4.16963e-23
9.74028e-24
2.281e-24
5.35224e-25
1.23704e-25
2.60058e-26
2.86376e-27
1
1
1
1
1
1
1
1
1
1
1
1
1
1
0.999999
0.999999
0.999997
0.999993
0.999984
0.999965
0.999922
0.999829
0.99963
0.999211
0.99834
0.996573
0.993092
0.986495
0.974637
0.954759
0.92463
0.884313
0.834947
0.778633
0.71779
0.654723
0.5914
0.529379
0.469813
0.413498
0.360928
0.31238
0.268041
0.227758
0.191394
0.158757
0.129615
0.103722
0.0808307
0.0607154
0.0432126
0.0291105
0.0174085
0.0079347
0.003021
0.00109057
0.000366847
0.000113077
3.14815e-05
8.23452e-06
3.25303e-06
2.0269e-06
1.19267e-06
6.53599e-07
3.25758e-07
1.46342e-07
6.07474e-08
2.35814e-08
8.6568e-09
3.03148e-09
1.01908e-09
3.30411e-10
1.03698e-10
3.1597e-11
9.37043e-12
2.71054e-12
7.66241e-13
2.12049e-13
5.75367e-14
1.53291e-14
4.01543e-15
1.03546e-15
2.63165e-16
6.59941e-17
1.63465e-17
4.00344e-18
9.70397e-19
2.33012e-19
5.54754e-20
1.31056e-20
3.07473e-21
7.20995e-22
1.75098e-22
4.52042e-23
1.1291e-23
2.61013e-24
6.09645e-25
1.44037e-25
3.12968e-26
3.51534e-27
1
1
1
1
1
1
1
1
1
1
1
1
1
1
0.999999
0.999999
0.999997
0.999994
0.999985
0.999967
0.999927
0.99984
0.999654
0.99926
0.99844
0.996772
0.993476
0.987205
0.975873
0.956744
0.927375
0.887727
0.838826
0.782733
0.721886
0.658642
0.595029
0.532659
0.472728
0.416059
0.363169
0.314336
0.26972
0.229203
0.192646
0.159848
0.130571
0.104562
0.081569
0.0613633
0.0437664
0.0295761
0.0177803
0.00819474
0.003124
0.00112961
0.000380649
0.000117527
3.27661e-05
8.56046e-06
3.36234e-06
2.09145e-06
1.2242e-06
6.63624e-07
3.27179e-07
1.45652e-07
5.99026e-08
2.30497e-08
8.39387e-09
2.91765e-09
9.73986e-10
3.13693e-10
9.78234e-11
2.96241e-11
8.73387e-12
2.51242e-12
7.0658e-13
1.94623e-13
5.2589e-14
1.39608e-14
3.6461e-15
9.37992e-16
2.37977e-16
5.96099e-17
1.47574e-17
3.61447e-18
8.76665e-19
2.10741e-19
5.02373e-20
1.18642e-20
2.76727e-21
6.84908e-22
2.18356e-22
5.98342e-23
1.33332e-23
3.05457e-24
6.84856e-25
1.77996e-25
4.23786e-26
4.92323e-27
1
1
1
1
1
1
1
1
1
1
1
1
1
1
1
0.999999
0.999997
0.999994
0.999987
0.999971
0.999935
0.999857
0.99969
0.999335
0.998591
0.997068
0.994032
0.988197
0.977527
0.95928
0.930681
0.891618
0.843029
0.786974
0.725962
0.662429
0.598465
0.535728
0.475443
0.41845
0.365277
0.316206
0.271339
0.230618
0.193895
0.160962
0.131573
0.105469
0.0823943
0.0621124
0.0444389
0.0301567
0.0182558
0.00853781
0.00326171
0.00118263
0.000399727
0.000123793
3.46067e-05
9.05068e-06
3.51996e-06
2.16458e-06
1.2594e-06
6.78451e-07
3.30969e-07
1.45799e-07
5.93392e-08
2.25782e-08
8.12408e-09
2.78905e-09
9.19552e-10
2.92602e-10
9.02095e-11
2.70325e-11
7.89488e-12
2.25236e-12
6.28977e-13
1.72228e-13
4.63151e-14
1.22486e-14
3.18971e-15
8.18916e-16
2.07514e-16
5.19566e-17
1.28664e-17
3.15436e-18
7.6628e-19
1.84577e-19
4.40746e-20
1.04072e-20
2.45387e-21
7.12187e-22
2.37113e-22
5.23094e-23
1.18179e-23
2.71176e-24
6.21739e-25
1.37964e-25
3.62157e-26
3.99686e-27
1
1
1
1
1
1
1
1
1
1
1
1
1
1
1
0.999999
0.999998
0.999995
0.999988
0.999973
0.99994
0.999869
0.999714
0.999384
0.998692
0.997267
0.994412
0.98889
0.978716
0.96116
0.9333
0.894802
0.846591
0.790761
0.729816
0.666172
0.601953
0.53887
0.478202
0.420831
0.367313
0.317942
0.27282
0.231897
0.195022
0.16198
0.132514
0.106357
0.083241
0.0629213
0.0452035
0.0308434
0.0188361
0.00897201
0.00343908
0.00125215
0.000425153
0.000132265
3.71171e-05
9.70495e-06
3.72128e-06
2.27047e-06
1.30403e-06
6.91753e-07
3.32433e-07
1.44725e-07
5.8134e-08
2.1848e-08
7.77398e-09
2.64182e-09
8.62863e-10
2.72171e-10
8.32251e-11
2.47479e-11
7.17543e-12
2.03319e-12
5.64147e-13
1.53553e-13
4.10651e-14
1.08064e-14
2.80195e-15
7.16465e-16
1.80866e-16
4.51324e-17
1.11452e-17
2.72653e-18
6.61388e-19
1.59165e-19
3.79564e-20
8.93639e-21
2.21419e-21
7.61653e-22
1.8066e-22
4.3236e-23
1.01883e-23
2.35708e-24
5.38657e-25
1.17985e-25
2.77091e-26
3.29916e-27
1
1
1
1
1
1
1
1
1
1
1
1
1
1
1
0.999999
0.999998
0.999996
0.99999
0.999978
0.999952
0.999894
0.999767
0.999496
0.99892
0.99772
0.995277
0.990464
0.981395
0.96533
0.939088
0.901588
0.853798
0.797733
0.736075
0.671511
0.606346
0.542393
0.48098
0.423006
0.369018
0.319297
0.273924
0.23283
0.195846
0.162741
0.133244
0.107073
0.0839506
0.0636232
0.0458878
0.0314731
0.0193794
0.00939044
0.00361248
0.00132164
0.000451358
0.000141355
3.99535e-05
1.04892e-05
3.9397e-06
2.38019e-06
1.35591e-06
7.13722e-07
3.36676e-07
1.43472e-07
5.61749e-08
2.05206e-08
7.09113e-09
2.3418e-09
7.44457e-10
2.2902e-10
6.84541e-11
1.99438e-11
5.67855e-12
1.5836e-12
4.33366e-13
1.16575e-13
3.08732e-14
8.06139e-15
2.0782e-15
5.29803e-16
1.3372e-16
3.34414e-17
8.29329e-18
2.04103e-18
4.9877e-19
1.20995e-19
2.9046e-20
6.92533e-21
2.01773e-21
6.88272e-22
1.53516e-22
3.55607e-23
8.37608e-24
1.97299e-24
4.59988e-25
1.03899e-25
2.07833e-26
3.29354e-27
)
;

boundaryField
{
    fuel
    {
        type            fixedValue;
        value           uniform 1;
    }
    air
    {
        type            fixedValue;
        value           uniform 0;
    }
    outlet
    {
        type            inletOutlet;
        inletValue      uniform 0;
        value           nonuniform List<scalar> 
200
(
1
1
1
1
1
1
1
1
1
1
1
1
1
1
1
0.999999
0.999998
0.999996
0.99999
0.999978
0.999952
0.999894
0.999767
0.999496
0.99892
0.997719
0.995276
0.990462
0.98139
0.96532
0.939069
0.901554
0.853742
0.797653
0.735968
0.671378
0.606191
0.542222
0.480801
0.422824
0.368841
0.31913
0.273771
0.232693
0.195728
0.162643
0.133165
0.107014
0.08391
0.0636002
0.045881
0.0314806
0.0193978
0.0094132
0.00362584
0.00132832
0.000454298
0.000142499
4.03476e-05
1.06129e-05
3.98779e-06
2.40616e-06
1.36762e-06
7.18678e-07
3.38586e-07
1.44196e-07
5.64351e-08
2.06112e-08
7.12198e-09
2.35208e-09
7.47784e-10
2.30065e-10
6.87725e-11
2.00381e-11
5.70576e-12
1.59127e-12
4.35482e-13
1.17147e-13
3.10248e-14
8.10089e-15
2.08832e-15
5.3235e-16
1.34351e-16
3.3596e-17
8.33066e-18
2.04994e-18
5.00868e-19
1.21482e-19
2.91584e-20
6.95281e-21
2.0232e-21
6.9033e-22
1.53995e-22
3.57023e-23
8.41725e-24
1.9838e-24
4.626e-25
1.04481e-25
2.08916e-26
3.30862e-27
1
1
1
1
1
1
1
1
1
1
1
1
1
1
1
0.999999
0.999998
0.999996
0.99999
0.999978
0.999952
0.999894
0.999767
0.999496
0.99892
0.99772
0.995277
0.990464
0.981395
0.96533
0.939088
0.901588
0.853798
0.797733
0.736075
0.671511
0.606346
0.542393
0.48098
0.423006
0.369018
0.319297
0.273924
0.23283
0.195846
0.162741
0.133244
0.107073
0.0839506
0.0636232
0.0458878
0.0314731
0.0193794
0.00939044
0.00361248
0.00132164
0.000451358
0.000141355
3.99535e-05
1.04892e-05
3.9397e-06
2.38019e-06
1.35591e-06
7.13722e-07
3.36676e-07
1.43472e-07
5.61749e-08
2.05206e-08
7.09113e-09
2.3418e-09
7.44457e-10
2.2902e-10
6.84541e-11
1.99438e-11
5.67855e-12
1.5836e-12
4.33366e-13
1.16575e-13
3.08732e-14
8.06139e-15
2.0782e-15
5.29803e-16
1.3372e-16
3.34414e-17
8.29329e-18
2.04103e-18
4.9877e-19
1.20995e-19
2.9046e-20
6.92533e-21
2.01773e-21
6.88272e-22
1.53516e-22
3.55607e-23
8.37608e-24
1.97299e-24
4.59988e-25
1.03899e-25
2.07833e-26
3.29354e-27
)
;
    }
    frontAndBack
    {
        type            empty;
    }
}


// ************************************************************************* //
