/*--------------------------------*- C++ -*----------------------------------*\
  =========                 |
  \\      /  F ield         | OpenFOAM: The Open Source CFD Toolbox
   \\    /   O peration     | Website:  https://openfoam.org
    \\  /    A nd           | Version:  11
     \\/     M anipulation  |
\*---------------------------------------------------------------------------*/
FoamFile
{
    format      ascii;
    class       volScalarField;
    location    "0.05";
    object      CO2;
}
// * * * * * * * * * * * * * * * * * * * * * * * * * * * * * * * * * * * * * //

dimensions      [0 0 0 0 0 0 0];

internalField   nonuniform List<scalar> 
4000
(
7.81733e-21
6.40215e-20
3.17252e-19
1.4303e-18
6.32191e-18
2.79028e-17
1.24719e-16
5.74026e-16
1.77933e-15
6.49795e-15
2.84013e-14
1.22703e-13
5.23424e-13
2.20884e-12
9.20416e-12
3.78047e-11
1.52766e-10
6.06015e-10
2.35514e-09
8.94741e-09
3.31541e-08
1.19525e-07
4.18092e-07
1.41463e-06
4.61356e-06
1.444e-05
4.31369e-05
0.00012209
0.000324111
0.000796566
0.00178611
0.00354581
0.00626011
0.0100196
0.0148003
0.0204906
0.0269288
0.0339313
0.0413141
0.0489063
0.0565574
0.0641396
0.0715487
0.0787028
0.0855402
0.0920156
0.0980965
0.103752
0.108941
0.113581
0.117498
0.120158
0.121068
0.118538
0.10886
0.0930722
0.0764249
0.060935
0.0473004
0.0357488
0.0262967
0.0188197
0.0118673
0.00688939
0.00359115
0.00168837
0.00072781
0.000292765
0.000111708
4.08728e-05
1.44421e-05
4.95245e-06
1.65468e-06
5.40478e-07
1.73098e-07
5.44986e-08
1.6906e-08
5.17765e-09
1.56829e-09
4.70525e-10
1.40014e-10
4.13801e-11
1.21558e-11
3.55037e-12
1.03124e-12
2.97909e-13
8.5578e-14
2.44161e-14
6.88999e-15
1.92882e-15
6.43272e-16
2.47505e-16
6.50621e-17
1.76472e-17
4.81038e-18
1.29789e-18
3.42609e-19
8.60946e-20
1.86196e-20
3.03041e-21
1.30878e-20
8.02903e-20
4.10111e-19
1.894e-18
8.50833e-18
3.74895e-17
1.63142e-16
7.04994e-16
2.19849e-15
9.43278e-15
4.15222e-14
1.79902e-13
7.69242e-13
3.24505e-12
1.34953e-11
5.52323e-11
2.22027e-10
8.74951e-10
3.37291e-09
1.26912e-08
4.64987e-08
1.65466e-07
5.70277e-07
1.89762e-06
6.07424e-06
1.86224e-05
5.43726e-05
0.000150048
0.000387401
0.000923891
0.00200813
0.00386067
0.00665329
0.010456
0.0152408
0.0209063
0.027302
0.0342543
0.0415869
0.0491338
0.0567474
0.0643011
0.0716906
0.0788336
0.0856672
0.0921446
0.098231
0.103893
0.109085
0.113722
0.117617
0.120218
0.121006
0.118209
0.107977
0.0920507
0.0754487
0.0600848
0.0466063
0.0352153
0.0259712
0.0186121
0.0117866
0.00690508
0.00366008
0.00175987
0.000775816
0.000320116
0.000125326
4.70009e-05
1.69953e-05
5.95298e-06
2.02747e-06
6.73626e-07
2.18982e-07
6.98349e-08
2.18988e-08
6.76599e-09
2.06334e-09
6.22013e-10
1.85585e-10
5.48365e-11
1.60587e-11
4.66491e-12
1.34508e-12
3.85143e-13
1.09537e-13
3.09328e-14
8.65513e-15
2.38928e-15
6.8869e-16
2.66628e-16
7.42943e-17
2.05791e-17
5.58918e-18
1.48682e-18
3.87169e-19
9.49327e-20
2.38757e-20
3.00453e-21
1.94227e-20
9.99531e-20
4.99068e-19
2.30499e-18
1.04746e-17
4.81769e-17
2.27152e-16
7.42222e-16
2.60503e-15
1.15555e-14
5.06643e-14
2.18829e-13
9.33258e-13
3.92701e-12
1.62776e-11
6.63468e-11
2.65442e-10
1.04043e-09
3.98714e-09
1.49058e-08
5.42327e-08
1.91544e-07
6.54887e-07
2.16077e-06
6.85542e-06
2.08225e-05
6.02047e-05
0.000164432
0.000419854
0.000989415
0.00212146
0.00402706
0.00687263
0.0107237
0.0155467
0.0212344
0.0276355
0.0345791
0.0418931
0.0494161
0.0570044
0.0645339
0.0719016
0.0790274
0.0858491
0.0923195
0.0984029
0.104063
0.109252
0.113878
0.117746
0.120285
0.12095
0.117892
0.107136
0.0911133
0.0745997
0.0593989
0.0461047
0.034893
0.0257913
0.0185083
0.011775
0.00695676
0.00373106
0.00180327
0.000803574
0.000335232
0.000132499
5.01158e-05
1.82633e-05
6.44362e-06
2.20951e-06
7.38782e-07
2.41587e-07
7.74658e-08
2.44137e-08
7.57731e-09
2.32002e-09
7.01747e-10
2.09944e-10
6.21877e-11
1.82532e-11
5.31226e-12
1.53367e-12
4.39386e-13
1.24942e-13
3.52597e-14
9.86404e-15
2.72603e-15
7.51504e-16
2.47415e-16
9.28e-17
2.40366e-17
6.28974e-18
1.6556e-18
4.3165e-19
1.06924e-19
2.98034e-20
3.49234e-21
1.89473e-20
1.45435e-19
6.07277e-19
2.79605e-18
1.23309e-17
5.41214e-17
2.41492e-16
7.71891e-16
3.17416e-15
1.41475e-14
6.1966e-14
2.67848e-13
1.14332e-12
4.81278e-12
1.99445e-11
8.1217e-11
3.24362e-10
1.26789e-09
4.8402e-09
1.80049e-08
6.51069e-08
2.28279e-07
7.73955e-07
2.52957e-06
7.94169e-06
2.38456e-05
6.80856e-05
0.000183446
0.000461638
0.0010715
0.00225438
0.00421612
0.00711317
0.0110038
0.0158521
0.0215518
0.027954
0.0348906
0.0421924
0.0497006
0.0572735
0.0647891
0.072136
0.0792445
0.086052
0.0925103
0.0985831
0.104233
0.109409
0.114018
0.117856
0.120341
0.12091
0.117656
0.10651
0.0904278
0.0739891
0.0589123
0.0457517
0.03466
0.0256825
0.018427
0.0117482
0.0069761
0.00376901
0.00183675
0.000827907
0.000348658
0.000139122
5.31353e-05
1.95555e-05
6.96706e-06
2.41132e-06
8.13206e-07
2.67963e-07
8.64898e-08
2.74064e-08
8.54299e-09
2.62422e-09
7.95573e-10
2.3834e-10
7.06337e-11
2.07251e-11
6.02494e-12
1.73627e-12
4.96212e-13
1.40681e-13
3.95713e-14
1.10405e-14
3.04953e-15
8.30895e-16
2.37024e-16
8.26277e-17
2.97604e-17
7.26531e-18
1.83304e-18
4.63441e-19
1.31764e-19
3.38624e-20
4.10242e-21
2.13886e-20
1.94078e-19
6.81134e-19
3.08844e-18
1.426e-17
6.76913e-17
2.26268e-16
8.38004e-16
3.74614e-15
1.65976e-14
7.25511e-14
3.13355e-13
1.33603e-12
5.61397e-12
2.32072e-11
9.4204e-11
3.74781e-10
1.45844e-09
5.53997e-09
2.04975e-08
7.37028e-08
2.5692e-07
8.65938e-07
2.81346e-06
8.78031e-06
2.62037e-05
7.43453e-05
0.000198939
0.000496774
0.00114294
0.00237602
0.00439718
0.00735338
0.0112941
0.0161781
0.0218977
0.0283053
0.0352358
0.0425233
0.0500126
0.0575653
0.0650594
0.0723809
0.0794666
0.086254
0.0926946
0.0987511
0.104385
0.109545
0.114134
0.117942
0.120385
0.120882
0.117486
0.106066
0.0899539
0.0735797
0.0585971
0.0455314
0.0345237
0.025631
0.0184131
0.0117784
0.00703147
0.00382809
0.00187985
0.000852118
0.000360947
0.000144839
5.56257e-05
2.05852e-05
7.37402e-06
2.56588e-06
8.69833e-07
2.88046e-07
9.34036e-08
2.97224e-08
9.29953e-09
2.86566e-09
8.70983e-10
2.61429e-10
7.75732e-11
2.27749e-11
6.62057e-12
1.90665e-12
5.44218e-13
1.54012e-13
4.32239e-14
1.20324e-14
3.32249e-15
9.10278e-16
2.48949e-16
7.01366e-17
2.07196e-17
5.91246e-18
1.57508e-18
4.18452e-19
1.0945e-19
2.555e-20
2.97066e-21
1.28506e-20
1.19491e-19
6.52262e-19
2.57029e-18
1.32179e-17
5.08746e-17
2.15801e-16
9.70426e-16
4.32134e-15
1.90702e-14
8.33394e-14
3.60064e-13
1.53526e-12
6.449e-12
2.66394e-11
1.08011e-10
4.29031e-10
1.66615e-09
6.31297e-09
2.32859e-08
8.34209e-08
2.89531e-07
9.70884e-07
3.13589e-06
9.72106e-06
2.87932e-05
8.10112e-05
0.000214802
0.000531149
0.00120963
0.00248443
0.00455366
0.00755794
0.0115412
0.0164583
0.0222
0.0286184
0.0355496
0.0428294
0.050305
0.0578409
0.0653016
0.0726123
0.0796787
0.0864467
0.0928682
0.098906
0.104522
0.109663
0.114231
0.118011
0.120419
0.120862
0.117362
0.105747
0.0896234
0.0733044
0.0583956
0.0454019
0.034458
0.0256119
0.01842
0.0118113
0.00707348
0.00386901
0.00190974
0.000869582
0.000370255
0.000149346
5.76455e-05
2.14369e-05
7.71552e-06
2.69691e-06
9.1817e-07
3.05257e-07
9.93397e-08
3.1712e-08
9.94931e-09
3.07293e-09
9.35682e-10
2.81223e-10
8.35158e-11
2.45276e-11
7.12882e-12
2.05165e-12
5.84944e-13
1.65276e-13
4.62936e-14
1.28573e-14
3.54154e-15
9.67851e-16
2.62683e-16
7.10035e-17
1.92182e-17
5.20033e-18
1.40202e-18
3.73424e-19
9.57167e-20
2.16383e-20
2.47182e-21
1.25579e-20
1.14407e-19
5.70728e-19
2.6251e-18
1.19319e-17
5.38529e-17
2.4288e-16
1.08906e-15
4.8501e-15
2.14198e-14
9.36498e-14
4.04645e-13
1.72488e-12
7.24075e-12
2.98784e-11
1.20966e-10
4.79574e-10
1.85808e-09
7.02071e-09
2.58141e-08
9.21496e-08
3.18583e-07
1.06385e-06
3.42101e-06
1.05557e-05
3.11116e-05
8.70694e-05
0.000229502
0.000563681
0.00127394
0.00259092
0.00470893
0.00776138
0.011786
0.0167343
0.0224954
0.0289219
0.0358509
0.0431196
0.0505758
0.0580838
0.0655225
0.0728231
0.0798738
0.0866239
0.0930264
0.0990453
0.104642
0.109764
0.114313
0.118067
0.120446
0.120846
0.117268
0.105509
0.0893842
0.0731147
0.0582687
0.045336
0.0344356
0.0256254
0.0184311
0.0118431
0.00711763
0.00391073
0.0019373
0.000886559
0.000379222
0.000153618
5.95361e-05
2.22264e-05
8.02958e-06
2.81659e-06
9.62047e-07
3.20791e-07
1.04669e-07
3.34885e-08
1.05264e-08
3.25607e-09
9.92549e-10
2.98531e-10
8.86854e-11
2.60444e-11
7.56635e-12
2.1758e-12
6.19608e-13
1.74804e-13
4.88722e-14
1.35444e-14
3.72178e-15
1.01424e-15
2.74226e-16
7.36296e-17
1.96676e-17
5.24114e-18
1.39205e-18
3.65607e-19
9.25128e-20
2.06952e-20
2.35245e-21
1.35921e-20
1.24127e-19
6.21611e-19
2.87692e-18
1.30984e-17
5.93314e-17
2.67665e-16
1.20123e-15
5.35396e-15
2.36591e-14
1.03476e-13
4.47145e-13
1.90567e-12
7.99578e-12
3.29673e-11
1.3332e-10
5.27778e-10
2.04116e-09
7.69601e-09
2.82272e-08
1.00482e-07
3.46302e-07
1.15241e-06
3.69165e-06
1.13431e-05
3.32791e-05
9.26642e-05
0.00024288
0.000592836
0.00133077
0.00268425
0.00484494
0.0079406
0.0120038
0.0169823
0.0227638
0.0292004
0.0361297
0.0433899
0.0508296
0.0583131
0.0657494
0.0730156
0.0800543
0.0867875
0.0931714
0.0991713
0.104749
0.109853
0.114382
0.118113
0.120467
0.120833
0.117194
0.105325
0.0892043
0.0729795
0.0581892
0.0453125
0.0344631
0.0256719
0.018397
0.0118496
0.00714923
0.00394476
0.00196222
0.000900526
0.000386323
0.000156927
6.09788e-05
2.28239e-05
8.26664e-06
2.90713e-06
9.95434e-07
3.32705e-07
1.08792e-07
3.48761e-08
1.09813e-08
3.40157e-09
1.03806e-09
3.12463e-10
9.28659e-11
2.7275e-11
7.92197e-12
2.27675e-12
6.47775e-13
1.8253e-13
5.09558e-14
1.40971e-14
3.86589e-15
1.05115e-15
2.83471e-16
7.58643e-17
2.01701e-17
5.33469e-18
1.40384e-18
3.65036e-19
9.15436e-20
2.03455e-20
2.3065e-21
1.4685e-20
1.34189e-19
6.7281e-19
3.11814e-18
1.42146e-17
6.44605e-17
2.91094e-16
1.3075e-15
5.83186e-15
2.57855e-14
1.1282e-13
4.87614e-13
2.07811e-12
8.7171e-12
3.59238e-11
1.45169e-10
5.74109e-10
2.21752e-09
8.34799e-09
3.05622e-08
1.08561e-07
3.7323e-07
1.23857e-06
3.95529e-06
1.21108e-05
3.53918e-05
9.81107e-05
0.000255862
0.000620955
0.00138508
0.00277245
0.00497208
0.0081066
0.0122041
0.0172097
0.0230098
0.0294567
0.0363893
0.0436476
0.0510832
0.0585641
0.0659766
0.0732255
0.0802345
0.0869433
0.0933055
0.0992855
0.104845
0.109931
0.114442
0.118152
0.120486
0.120822
0.117133
0.105174
0.0890589
0.0728702
0.0581214
0.0452821
0.0344625
0.0256967
0.018424
0.0118858
0.00718526
0.00397516
0.0019808
0.000912131
0.000392442
0.000159837
6.22639e-05
2.33596e-05
8.47943e-06
2.98816e-06
1.02514e-06
3.43225e-07
1.12404e-07
3.60812e-08
1.13731e-08
3.52599e-09
1.0767e-09
3.24217e-10
9.63717e-11
2.83011e-11
8.21685e-12
2.36e-12
6.70867e-13
1.88825e-13
5.26422e-14
1.4541e-14
3.98066e-15
1.08027e-15
2.90703e-16
7.76094e-17
2.05716e-17
5.41911e-18
1.41823e-18
3.66549e-19
9.14009e-20
2.02313e-20
2.28989e-21
1.57016e-20
1.43535e-19
7.20253e-19
3.34123e-18
1.52458e-17
6.91945e-17
3.127e-16
1.40541e-15
6.27163e-15
2.77396e-14
1.21393e-13
5.24673e-13
2.23564e-12
9.37431e-12
3.86089e-11
1.55889e-10
6.15848e-10
2.37563e-09
8.92931e-09
3.26319e-08
1.15678e-07
3.96804e-07
1.31356e-06
4.18355e-06
1.27727e-05
3.72098e-05
0.000102797
0.000267055
0.000645304
0.00143237
0.00284994
0.00508475
0.00825482
0.0123841
0.0174149
0.0232324
0.029689
0.0366241
0.0438791
0.0513064
0.0587751
0.0661721
0.0734033
0.0803932
0.0870825
0.0934257
0.0993876
0.10493
0.109999
0.114494
0.118186
0.120501
0.120813
0.117081
0.105048
0.0889387
0.0727807
0.0580662
0.045256
0.0344575
0.0257143
0.018448
0.0119169
0.00721624
0.00400219
0.00200047
0.000922772
0.000397747
0.00016228
6.33192e-05
2.37932e-05
8.65029e-06
3.05299e-06
1.04889e-06
3.51651e-07
1.15302e-07
3.70507e-08
1.1689e-08
3.62643e-09
1.10792e-09
3.33716e-10
9.92036e-11
2.9129e-11
8.45434e-12
2.42686e-12
6.8935e-13
1.93841e-13
5.39783e-14
1.48903e-14
4.07023e-15
1.10277e-15
2.96234e-16
7.89323e-17
2.08759e-17
5.48454e-18
1.43061e-18
3.68305e-19
9.14928e-20
2.01957e-20
2.28343e-21
1.66382e-20
1.52143e-19
7.63947e-19
3.54673e-18
1.61962e-17
7.35609e-17
3.32647e-16
1.49591e-15
6.67865e-15
2.95509e-14
1.29353e-13
5.59152e-13
2.38255e-12
9.98873e-12
4.11265e-11
1.65974e-10
6.55257e-10
2.52551e-09
9.48286e-09
3.4612e-08
1.22519e-07
4.19566e-07
1.38624e-06
4.40539e-06
1.34166e-05
3.89743e-05
0.000107321
0.000277761
0.000668296
0.00147635
0.00292087
0.00518664
0.00838774
0.0125447
0.0175977
0.0234307
0.0298959
0.0368334
0.0440852
0.0515048
0.0589622
0.0663452
0.0735606
0.0805337
0.0872059
0.0935323
0.0994779
0.105005
0.110059
0.11454
0.118215
0.120514
0.120804
0.117037
0.10494
0.0888363
0.0727051
0.0580198
0.0452344
0.0344537
0.0257281
0.0184677
0.0119427
0.00724194
0.00402383
0.00201374
0.000931019
0.000402008
0.000164275
6.41893e-05
2.41523e-05
8.79195e-06
3.10672e-06
1.06856e-06
3.58614e-07
1.17692e-07
3.7848e-08
1.1948e-08
3.70856e-09
1.13337e-09
3.41436e-10
1.01497e-10
2.97972e-11
8.64522e-12
2.48037e-12
7.04064e-13
1.9781e-13
5.50286e-14
1.51626e-14
4.13939e-15
1.11995e-15
3.00395e-16
7.99104e-17
2.10964e-17
5.53093e-18
1.43921e-18
3.69528e-19
9.15669e-20
2.01761e-20
2.27966e-21
1.74878e-20
1.59947e-19
8.03517e-19
3.73264e-18
1.70552e-17
7.75047e-17
3.50649e-16
1.57752e-15
7.04534e-15
3.1181e-14
1.36508e-13
5.90098e-13
2.51417e-12
1.05381e-11
4.33725e-11
1.74947e-10
6.9021e-10
2.65799e-09
9.9702e-09
3.63477e-08
1.28489e-07
4.39339e-07
1.44911e-06
4.59654e-06
1.39698e-05
4.04887e-05
0.000111206
0.00028698
0.000688174
0.00151455
0.00298286
0.00527612
0.00850489
0.0126866
0.0177593
0.0236061
0.030079
0.0370185
0.0442673
0.05168
0.0591273
0.0664978
0.0736992
0.0806575
0.0873146
0.0936261
0.0995573
0.10507
0.110112
0.114579
0.11824
0.120525
0.120796
0.116998
0.104847
0.0887481
0.0726398
0.0579797
0.0452155
0.0344499
0.0257386
0.0184833
0.0119636
0.00726291
0.00404188
0.0020265
0.000938072
0.000405558
0.000165923
6.49038e-05
2.4446e-05
8.90744e-06
3.15041e-06
1.08451e-06
3.64249e-07
1.19623e-07
3.84912e-08
1.21567e-08
3.7746e-09
1.15379e-09
3.47615e-10
1.03328e-10
3.03289e-11
8.79657e-12
2.52261e-12
7.15621e-13
2.0091e-13
5.58427e-14
1.53719e-14
4.19196e-15
1.13283e-15
3.03461e-16
8.0615e-17
2.12501e-17
5.56148e-18
1.44417e-18
3.69935e-19
9.14572e-20
2.01162e-20
2.27118e-21
1.82487e-20
1.66933e-19
8.38924e-19
3.89893e-18
1.78235e-17
8.10322e-17
3.66756e-16
1.65056e-15
7.37369e-15
3.26415e-14
1.42923e-13
6.17869e-13
2.6324e-12
1.10323e-11
4.5395e-11
1.83039e-10
7.2179e-10
2.7779e-09
1.04122e-08
3.79255e-08
1.33928e-07
4.5739e-07
1.50659e-06
4.77147e-06
1.4476e-05
4.18722e-05
0.000114742
0.000295322
0.000706024
0.00154856
0.00303758
0.00535461
0.00860725
0.0128103
0.0179001
0.0237589
0.0302385
0.0371797
0.0444261
0.0518328
0.0592711
0.0666308
0.0738201
0.0807654
0.0874094
0.0937078
0.0996264
0.105127
0.110157
0.114614
0.118262
0.120535
0.12079
0.116965
0.104767
0.0886717
0.072583
0.0579442
0.0451978
0.0344449
0.0257466
0.0184954
0.0119802
0.00727959
0.00405623
0.00203625
0.000943499
0.000408403
0.000167255
6.5483e-05
2.46841e-05
9.00098e-06
3.18574e-06
1.09739e-06
3.68791e-07
1.21177e-07
3.90074e-08
1.23237e-08
3.82734e-09
1.17006e-09
3.52522e-10
1.04778e-10
3.07481e-11
8.91541e-12
2.55562e-12
7.24602e-13
2.03302e-13
5.64661e-14
1.55306e-14
4.23133e-15
1.14232e-15
3.05675e-16
8.11095e-17
2.13539e-17
5.58108e-18
1.44709e-18
3.70105e-19
9.13605e-20
2.00712e-20
2.26486e-21
1.89153e-20
1.73056e-19
8.69971e-19
4.0448e-18
1.84975e-17
8.41263e-17
3.8088e-16
1.71458e-15
7.66143e-15
3.39209e-14
1.4854e-13
6.42171e-13
2.73581e-12
1.14641e-11
4.71613e-11
1.901e-10
7.4931e-10
2.88227e-09
1.07964e-08
3.92948e-08
1.3864e-07
4.73001e-07
1.55622e-06
4.92228e-06
1.49118e-05
4.30621e-05
0.000117783
0.000302494
0.000721372
0.0015778
0.00308465
0.00542215
0.00869535
0.0129168
0.0180213
0.0238904
0.0303758
0.0373186
0.0445629
0.0519643
0.0593951
0.0667454
0.0739241
0.0808583
0.0874909
0.0937781
0.0996859
0.105176
0.110197
0.114643
0.118281
0.120543
0.120784
0.116936
0.104698
0.0886061
0.0725341
0.0579133
0.0451819
0.0344394
0.0257528
0.0185047
0.0119931
0.00729275
0.00406762
0.00204423
0.000948304
0.000410776
0.000168345
6.59527e-05
2.48763e-05
9.07627e-06
3.2141e-06
1.1077e-06
3.72417e-07
1.22414e-07
3.94175e-08
1.24561e-08
3.869e-09
1.18287e-09
3.56374e-10
1.05911e-10
3.10748e-11
9.00759e-12
2.58108e-12
7.31488e-13
2.05123e-13
5.69363e-14
1.56489e-14
4.26029e-15
1.14917e-15
3.07232e-16
8.14446e-17
2.14199e-17
5.59197e-18
1.4481e-18
3.69866e-19
9.11852e-20
2.00132e-20
2.25734e-21
1.94865e-20
1.78305e-19
8.96611e-19
4.17006e-18
1.90766e-17
8.6785e-17
3.93017e-16
1.7696e-15
7.90869e-15
3.50203e-14
1.53368e-13
6.6306e-13
2.82471e-12
1.18354e-11
4.86804e-11
1.96174e-10
7.72994e-10
2.97213e-09
1.11273e-08
4.04746e-08
1.42702e-07
4.86461e-07
1.59901e-06
5.0523e-06
1.52874e-05
4.40862e-05
0.000120394
0.000308638
0.000734473
0.00160266
0.00312453
0.00547925
0.00876971
0.0130066
0.0181235
0.0240013
0.0304916
0.0374358
0.0446782
0.0520753
0.0594997
0.0668421
0.074012
0.0809368
0.0875598
0.0938375
0.099736
0.105218
0.11023
0.114668
0.118297
0.12055
0.12078
0.116912
0.10464
0.0885511
0.0724931
0.0578876
0.045169
0.0344357
0.0257586
0.0185114
0.012003
0.00730301
0.00407651
0.00205047
0.000951838
0.000412613
0.000169204
6.63253e-05
2.50288e-05
9.13581e-06
3.23647e-06
1.11581e-06
3.75266e-07
1.23384e-07
3.97383e-08
1.25594e-08
3.90143e-09
1.19281e-09
3.59355e-10
1.06785e-10
3.13255e-11
9.078e-12
2.60043e-12
7.36685e-13
2.06486e-13
5.72848e-14
1.57355e-14
4.28113e-15
1.154e-15
3.08295e-16
8.16619e-17
2.14588e-17
5.59681e-18
1.44779e-18
3.69334e-19
9.09435e-20
1.99419e-20
2.24839e-21
1.99664e-20
1.82711e-19
9.18933e-19
4.27485e-18
1.95604e-17
8.90052e-17
4.03149e-16
1.81552e-15
8.11501e-15
3.59375e-14
1.57395e-13
6.80481e-13
2.89884e-12
1.2145e-11
4.99466e-11
2.01235e-10
7.92726e-10
3.04696e-09
1.14028e-08
4.14563e-08
1.4608e-07
4.97651e-07
1.63457e-06
5.16026e-06
1.5599e-05
4.49354e-05
0.000122557
0.000313721
0.0007453
0.00162317
0.0031574
0.00552625
0.00883088
0.0130805
0.0182075
0.0240925
0.0305868
0.0375321
0.0447731
0.0521666
0.0595857
0.0669216
0.0740842
0.0810013
0.0876164
0.0938863
0.0997772
0.105252
0.110257
0.114689
0.11831
0.120556
0.120776
0.116892
0.104593
0.0885063
0.0724606
0.0578694
0.0451646
0.0344426
0.0257728
0.0185097
0.012007
0.0073097
0.00408295
0.00205514
0.000954555
0.000414048
0.000169874
6.66157e-05
2.51474e-05
9.18209e-06
3.25382e-06
1.12209e-06
3.77463e-07
1.2413e-07
3.99844e-08
1.26384e-08
3.92617e-09
1.20037e-09
3.61612e-10
1.07444e-10
3.15138e-11
9.13062e-12
2.6148e-12
7.40517e-13
2.07482e-13
5.75368e-14
1.57973e-14
4.2957e-15
1.15728e-15
3.0899e-16
8.17942e-17
2.14785e-17
5.59737e-18
1.44645e-18
3.68534e-19
9.06289e-20
1.98521e-20
2.23724e-21
2.03523e-20
1.86252e-19
9.36855e-19
4.35891e-18
1.99483e-17
9.07845e-17
4.11266e-16
1.85231e-15
8.28028e-15
3.66723e-14
1.6062e-13
6.94435e-13
2.95821e-12
1.23929e-11
5.09607e-11
2.05289e-10
8.08527e-10
3.10689e-09
1.16234e-08
4.22425e-08
1.48785e-07
5.0661e-07
1.66303e-06
5.24666e-06
1.58482e-05
4.5614e-05
0.000124285
0.000317774
0.000753915
0.00163946
0.00318346
0.00556346
0.00887927
0.0131388
0.0182739
0.0241645
0.0306621
0.0376082
0.0448481
0.0522389
0.0596537
0.0669845
0.0741413
0.0810522
0.0876611
0.0939248
0.0998097
0.105279
0.110278
0.114705
0.11832
0.12056
0.120772
0.116876
0.104555
0.0884711
0.0724372
0.0578631
0.045184
0.0345071
0.0258829
0.0184039
0.0119755
0.00730735
0.00408609
0.00205823
0.000956511
0.000415036
0.000170348
6.68237e-05
2.52333e-05
9.21579e-06
3.26651e-06
1.12669e-06
3.79076e-07
1.24677e-07
4.01649e-08
1.26963e-08
3.94427e-09
1.20589e-09
3.63257e-10
1.07924e-10
3.16502e-11
9.16856e-12
2.6251e-12
7.43245e-13
2.08185e-13
5.77123e-14
1.58396e-14
4.30549e-15
1.15942e-15
3.09418e-16
8.18673e-17
2.14863e-17
5.59605e-18
1.4451e-18
3.67915e-19
9.04149e-20
1.97956e-20
2.23041e-21
2.06419e-20
1.88909e-19
9.50302e-19
4.42196e-18
2.02392e-17
9.21187e-17
4.17353e-16
1.87989e-15
8.40421e-15
3.72232e-14
1.63038e-13
7.04899e-13
3.00274e-12
1.25789e-11
5.17214e-11
2.0833e-10
8.20381e-10
3.15185e-09
1.17889e-08
4.28324e-08
1.50814e-07
5.13331e-07
1.68439e-06
5.31146e-06
1.60351e-05
4.61227e-05
0.000125578
0.000320806
0.000760351
0.00165161
0.00320286
0.00559115
0.00891523
0.0131822
0.0183232
0.0242179
0.0307178
0.0376646
0.0449036
0.052292
0.0597039
0.067031
0.0741836
0.0810901
0.0876942
0.0939533
0.0998337
0.105298
0.110294
0.114716
0.118327
0.120563
0.12077
0.116864
0.104527
0.0884451
0.0724185
0.0578532
0.0451828
0.0345134
0.0258934
0.0184027
0.0119774
0.0073106
0.00408909
0.00206044
0.000957754
0.000415677
0.00017064
6.69484e-05
2.52841e-05
9.23584e-06
3.27416e-06
1.12951e-06
3.80084e-07
1.25025e-07
4.02811e-08
1.2734e-08
3.95618e-09
1.20956e-09
3.64356e-10
1.08245e-10
3.17417e-11
9.194e-12
2.63199e-12
7.45061e-13
2.0865e-13
5.78273e-14
1.58669e-14
4.31165e-15
1.16071e-15
3.09659e-16
8.19019e-17
2.14874e-17
5.59413e-18
1.44408e-18
3.67562e-19
9.03184e-20
1.97743e-20
2.22807e-21
2.08315e-20
1.90648e-19
9.59089e-19
4.46311e-18
2.04289e-17
9.29874e-17
4.21312e-16
1.89781e-15
8.48462e-15
3.75803e-14
1.64605e-13
7.1167e-13
3.03152e-12
1.2699e-11
5.22125e-11
2.10292e-10
8.28024e-10
3.18082e-09
1.18955e-08
4.32119e-08
1.5212e-07
5.17653e-07
1.69811e-06
5.35311e-06
1.61552e-05
4.64496e-05
0.00012641
0.000322756
0.000764494
0.00165944
0.00321538
0.00560904
0.00893853
0.0132103
0.0183552
0.0242527
0.0307541
0.0377012
0.0449394
0.0523264
0.0597366
0.0670613
0.0742111
0.0811144
0.0877156
0.0939717
0.0998493
0.105311
0.110304
0.114724
0.118332
0.120565
0.120768
0.116857
0.104509
0.088428
0.072406
0.0578456
0.0451795
0.034513
0.0258956
0.0184048
0.0119804
0.00731359
0.00409143
0.00206185
0.000958376
0.000415956
0.000170767
6.70052e-05
2.53086e-05
9.24588e-06
3.2781e-06
1.131e-06
3.80621e-07
1.25213e-07
4.0345e-08
1.27551e-08
3.96289e-09
1.21164e-09
3.64983e-10
1.08429e-10
3.17945e-11
9.2087e-12
2.63598e-12
7.46109e-13
2.08916e-13
5.78926e-14
1.58822e-14
4.31501e-15
1.16139e-15
3.09772e-16
8.19129e-17
2.14848e-17
5.5919e-18
1.4431e-18
3.67221e-19
9.0217e-20
1.97497e-20
2.2252e-21
2.09205e-20
1.91462e-19
9.63185e-19
4.48219e-18
2.05163e-17
9.3386e-17
4.2312e-16
1.90596e-15
8.52109e-15
3.77418e-14
1.65311e-13
7.14715e-13
3.04444e-12
1.27528e-11
5.24319e-11
2.11167e-10
8.3143e-10
3.19371e-09
1.19429e-08
4.33806e-08
1.527e-07
5.19571e-07
1.70421e-06
5.3716e-06
1.62086e-05
4.65949e-05
0.00012678
0.000323625
0.000766346
0.00166295
0.00322104
0.00561718
0.00894918
0.0132233
0.0183701
0.0242689
0.0307711
0.0377185
0.0449566
0.0523432
0.0597522
0.0670756
0.0742241
0.0811261
0.0877258
0.0939804
0.0998566
0.105317
0.110308
0.114727
0.118334
0.120566
0.120767
0.116853
0.1045
0.0884194
0.0723996
0.0578416
0.0451775
0.0345124
0.0258963
0.018406
0.011982
0.00731523
0.00409273
0.00206256
0.000958586
0.000415989
0.000170772
6.70081e-05
2.53111e-05
9.24758e-06
3.27901e-06
1.13142e-06
3.80801e-07
1.25283e-07
4.03702e-08
1.27637e-08
3.96573e-09
1.21253e-09
3.65257e-10
1.0851e-10
3.18178e-11
9.21519e-12
2.63773e-12
7.46569e-13
2.09033e-13
5.79208e-14
1.58887e-14
4.31637e-15
1.16164e-15
3.09806e-16
8.19124e-17
2.14819e-17
5.59037e-18
1.44249e-18
3.67006e-19
9.0151e-20
1.97331e-20
2.22323e-21
2.09208e-20
1.91464e-19
9.63195e-19
4.48223e-18
2.05164e-17
9.33865e-17
4.23122e-16
1.90597e-15
8.5211e-15
3.77418e-14
1.65311e-13
7.14713e-13
3.04443e-12
1.27528e-11
5.24317e-11
2.11166e-10
8.31426e-10
3.1937e-09
1.19428e-08
4.33804e-08
1.52699e-07
5.19568e-07
1.7042e-06
5.37156e-06
1.62085e-05
4.65946e-05
0.000126779
0.000323623
0.000766342
0.00166295
0.00322102
0.00561714
0.00894913
0.0132232
0.0183699
0.0242687
0.0307709
0.0377182
0.0449563
0.0523428
0.0597518
0.0670752
0.0742236
0.0811256
0.0877253
0.09398
0.0998561
0.105317
0.110308
0.114727
0.118333
0.120566
0.120767
0.116852
0.1045
0.088419
0.0723993
0.0578414
0.0451773
0.0345123
0.0258963
0.018406
0.0119821
0.00731525
0.00409274
0.00206257
0.000958588
0.00041599
0.000170772
6.70082e-05
2.53112e-05
9.2476e-06
3.27901e-06
1.13142e-06
3.80799e-07
1.25282e-07
4.03697e-08
1.27635e-08
3.96564e-09
1.2125e-09
3.65245e-10
1.08506e-10
3.18163e-11
9.21472e-12
2.63758e-12
7.46522e-13
2.09018e-13
5.79164e-14
1.58874e-14
4.316e-15
1.16153e-15
3.09776e-16
8.19041e-17
2.14796e-17
5.58976e-18
1.44232e-18
3.66963e-19
9.01399e-20
1.97304e-20
2.2229e-21
2.08321e-20
1.90653e-19
9.59113e-19
4.4632e-18
2.04291e-17
9.2988e-17
4.21312e-16
1.8978e-15
8.48456e-15
3.75799e-14
1.64602e-13
7.11658e-13
3.03147e-12
1.26988e-11
5.22113e-11
2.10287e-10
8.28004e-10
3.18074e-09
1.18952e-08
4.32109e-08
1.52116e-07
5.17641e-07
1.69808e-06
5.353e-06
1.61549e-05
4.64487e-05
0.000126408
0.000322751
0.000764482
0.00165942
0.00321534
0.00560896
0.00893838
0.0132101
0.0183549
0.0242522
0.0307535
0.0377005
0.0449387
0.0523257
0.0597354
0.0670599
0.0742097
0.0811131
0.0877143
0.0939704
0.099848
0.10531
0.110303
0.114723
0.118331
0.120564
0.120767
0.116855
0.104507
0.0884265
0.0724048
0.0578447
0.0451789
0.0345127
0.0258955
0.0184048
0.0119804
0.00731362
0.00409146
0.00206187
0.000958385
0.000415959
0.000170768
6.70055e-05
2.53087e-05
9.24591e-06
3.27809e-06
1.13099e-06
3.80617e-07
1.25211e-07
4.03441e-08
1.27546e-08
3.9627e-09
1.21156e-09
3.64954e-10
1.08419e-10
3.17909e-11
9.20749e-12
2.63558e-12
7.45985e-13
2.08878e-13
5.7881e-14
1.58787e-14
4.31399e-15
1.16109e-15
3.09687e-16
8.1889e-17
2.14781e-17
5.59007e-18
1.44262e-18
3.67094e-19
9.01834e-20
1.97415e-20
2.22419e-21
2.06431e-20
1.8892e-19
9.50351e-19
4.42217e-18
2.02401e-17
9.2122e-17
4.17366e-16
1.87994e-15
8.40438e-15
3.72238e-14
1.6304e-13
7.04905e-13
3.00275e-12
1.25789e-11
5.17213e-11
2.08329e-10
8.20376e-10
3.15182e-09
1.17888e-08
4.28318e-08
1.50812e-07
5.13322e-07
1.68436e-06
5.31136e-06
1.60348e-05
4.61217e-05
0.000125575
0.000320798
0.000760332
0.00165157
0.00320277
0.00559096
0.00891492
0.0131817
0.0183225
0.024217
0.0307166
0.0376631
0.0449019
0.0522902
0.0597021
0.067029
0.0741815
0.0810878
0.0876919
0.093951
0.0998315
0.105296
0.110292
0.114714
0.118325
0.120562
0.120768
0.116862
0.104524
0.0884425
0.0724165
0.0578517
0.0451818
0.0345129
0.0258932
0.0184026
0.0119774
0.00731066
0.00408913
0.00206046
0.000957755
0.000415678
0.000170642
6.69495e-05
2.52847e-05
9.23606e-06
3.27422e-06
1.12952e-06
3.80081e-07
1.25022e-07
4.02795e-08
1.27332e-08
3.95582e-09
1.20941e-09
3.64299e-10
1.08224e-10
3.17347e-11
9.19166e-12
2.63124e-12
7.44828e-13
2.08579e-13
5.78062e-14
1.58608e-14
4.30987e-15
1.16021e-15
3.09516e-16
8.18622e-17
2.14763e-17
5.59108e-18
1.44328e-18
3.67352e-19
9.02631e-20
1.97609e-20
2.22642e-21
2.03534e-20
1.86262e-19
9.36902e-19
4.3591e-18
1.9949e-17
9.07868e-17
4.11273e-16
1.85233e-15
8.2803e-15
3.66721e-14
1.60618e-13
6.94424e-13
2.95815e-12
1.23926e-11
5.09593e-11
2.05283e-10
8.08499e-10
3.10678e-09
1.16229e-08
4.22408e-08
1.48779e-07
5.06587e-07
1.66296e-06
5.24642e-06
1.58475e-05
4.56119e-05
0.000124279
0.000317759
0.00075388
0.00163939
0.00318331
0.00556319
0.00887881
0.0131382
0.0182729
0.0241632
0.0306604
0.0376062
0.0448458
0.0522362
0.059651
0.0669817
0.0741384
0.0810492
0.087658
0.0939217
0.0998067
0.105276
0.110275
0.114702
0.118317
0.120558
0.12077
0.116873
0.104551
0.0884676
0.0724343
0.0578611
0.0451827
0.0345065
0.0258826
0.0184038
0.0119755
0.00730744
0.00408616
0.00205827
0.000956488
0.000415048
0.000170355
6.68272e-05
2.52345e-05
9.21611e-06
3.26655e-06
1.12667e-06
3.7906e-07
1.24668e-07
4.01607e-08
1.26946e-08
3.9436e-09
1.20564e-09
3.63169e-10
1.07893e-10
3.16401e-11
9.16529e-12
2.62407e-12
7.42928e-13
2.08089e-13
5.76841e-14
1.58314e-14
4.30311e-15
1.15874e-15
3.09227e-16
8.18141e-17
2.14715e-17
5.59194e-18
1.444e-18
3.67628e-19
9.03403e-20
1.97775e-20
2.22818e-21
1.99672e-20
1.82718e-19
9.18965e-19
4.27497e-18
1.95608e-17
8.9006e-17
4.03149e-16
1.81551e-15
8.11488e-15
3.59367e-14
1.5739e-13
6.80457e-13
2.89872e-12
1.21444e-11
4.99441e-11
2.01224e-10
7.92679e-10
3.04677e-09
1.14021e-08
4.14535e-08
1.4607e-07
4.97614e-07
1.63445e-06
5.15987e-06
1.55978e-05
4.49319e-05
0.000122548
0.000313698
0.000745245
0.00162306
0.00315718
0.00552587
0.00883027
0.0130796
0.0182063
0.0240908
0.0305848
0.0375297
0.0447703
0.0521634
0.0595823
0.066918
0.0740805
0.0809974
0.0876124
0.0938823
0.0997733
0.105248
0.110253
0.114685
0.118306
0.120553
0.120773
0.116888
0.104588
0.0885017
0.0724569
0.0578668
0.0451629
0.0344417
0.0257727
0.0185097
0.0120071
0.00730985
0.00408309
0.0020552
0.000954603
0.00041405
0.000169879
6.66175e-05
2.5148e-05
9.18221e-06
3.25381e-06
1.12206e-06
3.77444e-07
1.2412e-07
3.99797e-08
1.26364e-08
3.92539e-09
1.20008e-09
3.61507e-10
1.07408e-10
3.15017e-11
9.12668e-12
2.61356e-12
7.40133e-13
2.07366e-13
5.75023e-14
1.57872e-14
4.2928e-15
1.15646e-15
3.08756e-16
8.17291e-17
2.14605e-17
5.59238e-18
1.4451e-18
3.68178e-19
9.05356e-20
1.98298e-20
2.23449e-21
1.94866e-20
1.78307e-19
8.96616e-19
4.17006e-18
1.90764e-17
8.67834e-17
3.93006e-16
1.76954e-15
7.90835e-15
3.50185e-14
1.53359e-13
6.63017e-13
2.82451e-12
1.18345e-11
4.86765e-11
1.96157e-10
7.72925e-10
2.97185e-09
1.11262e-08
4.04705e-08
1.42687e-07
4.86409e-07
1.59884e-06
5.05174e-06
1.52857e-05
4.40813e-05
0.000120381
0.000308604
0.000734396
0.0016025
0.00312424
0.00547874
0.00876891
0.0130054
0.0181219
0.0239992
0.0304891
0.0374328
0.0446747
0.0520714
0.0594954
0.0668376
0.0740073
0.0809319
0.0875549
0.0938326
0.0997312
0.105213
0.110225
0.114664
0.118293
0.120546
0.120776
0.116908
0.104634
0.0885455
0.0724886
0.0578844
0.0451671
0.0344345
0.0257586
0.0185115
0.0120033
0.00730326
0.00407672
0.00205056
0.000951899
0.000412631
0.000169214
6.63297e-05
2.50302e-05
9.13621e-06
3.23654e-06
1.11581e-06
3.75252e-07
1.23374e-07
3.97335e-08
1.25573e-08
3.90057e-09
1.19248e-09
3.59236e-10
1.06744e-10
3.13117e-11
9.0735e-12
2.599e-12
7.36243e-13
2.06352e-13
5.7245e-14
1.57239e-14
4.27776e-15
1.15304e-15
3.08026e-16
8.1587e-17
2.14381e-17
5.59113e-18
1.44623e-18
3.68918e-19
9.08362e-20
1.99162e-20
2.24524e-21
1.89147e-20
1.7305e-19
8.69939e-19
4.04463e-18
1.84966e-17
8.41215e-17
3.80855e-16
1.71446e-15
7.66082e-15
3.39179e-14
1.48526e-13
6.42107e-13
2.73552e-12
1.14628e-11
4.71558e-11
1.90076e-10
7.49214e-10
2.88189e-09
1.07949e-08
3.92892e-08
1.3862e-07
4.7293e-07
1.55598e-06
4.92151e-06
1.49095e-05
4.30554e-05
0.000117764
0.000302449
0.000721268
0.00157758
0.00308426
0.0054215
0.00869433
0.0129153
0.0180193
0.0238878
0.0303727
0.0373149
0.0445586
0.0519595
0.0593899
0.0667399
0.0739184
0.0808525
0.087485
0.0937723
0.0996801
0.105171
0.110191
0.114638
0.118276
0.120538
0.12078
0.116931
0.104691
0.0885993
0.0725286
0.0579094
0.0451795
0.034438
0.0257529
0.0185049
0.0119935
0.00729309
0.0040679
0.00204435
0.000948308
0.0004108
0.000168359
6.59583e-05
2.48782e-05
9.07677e-06
3.2142e-06
1.1077e-06
3.72406e-07
1.22405e-07
3.94126e-08
1.24539e-08
3.86808e-09
1.18251e-09
3.56244e-10
1.05866e-10
3.10595e-11
9.00261e-12
2.5795e-12
7.30999e-13
2.04974e-13
5.6892e-14
1.56359e-14
4.25653e-15
1.14811e-15
3.06932e-16
8.13611e-17
2.13969e-17
5.58566e-18
1.44637e-18
3.69401e-19
9.10629e-20
1.99836e-20
2.2537e-21
1.82471e-20
1.66919e-19
8.38852e-19
3.89859e-18
1.78218e-17
8.10239e-17
3.66716e-16
1.65036e-15
7.37278e-15
3.26372e-14
1.42904e-13
6.1778e-13
2.63201e-12
1.10305e-11
4.53878e-11
1.83009e-10
7.21666e-10
2.77741e-09
1.04103e-08
3.79185e-08
1.33903e-07
4.57301e-07
1.50629e-06
4.77052e-06
1.44731e-05
4.18638e-05
0.00011472
0.000295265
0.000705894
0.00154829
0.00303709
0.0053538
0.00860601
0.0128086
0.0178977
0.0237558
0.0302348
0.0371754
0.0444212
0.0518273
0.0592652
0.0666245
0.0738135
0.0807587
0.0874026
0.0937011
0.0996198
0.105121
0.110151
0.114608
0.118257
0.120529
0.120784
0.116959
0.104758
0.0886635
0.0725765
0.0579396
0.045195
0.0344432
0.0257467
0.0184957
0.0119806
0.00728001
0.00405659
0.00203639
0.00094362
0.000408432
0.000167269
6.54895e-05
2.46866e-05
9.00178e-06
3.18596e-06
1.09743e-06
3.68789e-07
1.2117e-07
3.90031e-08
1.23216e-08
3.82641e-09
1.16969e-09
3.52386e-10
1.0473e-10
3.07318e-11
8.91007e-12
2.55391e-12
7.24072e-13
2.03141e-13
5.64179e-14
1.55164e-14
4.22724e-15
1.14115e-15
3.05346e-16
8.1018e-17
2.13287e-17
5.57416e-18
1.44522e-18
3.69591e-19
9.12225e-20
2.00373e-20
2.26071e-21
1.74853e-20
1.59924e-19
8.03406e-19
3.73212e-18
1.70527e-17
7.74929e-17
3.50594e-16
1.57726e-15
7.04414e-15
3.11754e-14
1.36483e-13
5.89987e-13
2.51368e-12
1.0536e-11
4.33635e-11
1.7491e-10
6.9006e-10
2.6574e-09
9.96792e-09
3.63392e-08
1.28459e-07
4.39233e-07
1.44875e-06
4.59539e-06
1.39663e-05
4.04787e-05
0.000111179
0.000286912
0.000688017
0.00151423
0.00298228
0.00527515
0.00850342
0.0126845
0.0177565
0.0236026
0.0300747
0.0370135
0.0442617
0.0516738
0.0591205
0.0664906
0.0736918
0.0806499
0.0873069
0.0936185
0.0995498
0.105063
0.110105
0.114573
0.118234
0.120519
0.12079
0.116991
0.104837
0.0887384
0.0726321
0.0579743
0.0452121
0.0344478
0.0257388
0.0184836
0.0119641
0.0072634
0.00404227
0.00202643
0.000938086
0.00040559
0.000165943
6.49133e-05
2.44495e-05
8.90853e-06
3.1507e-06
1.08457e-06
3.6425e-07
1.19617e-07
3.84868e-08
1.21545e-08
3.77363e-09
1.1534e-09
3.47471e-10
1.03277e-10
3.03115e-11
8.79085e-12
2.52078e-12
7.15053e-13
2.00736e-13
5.57909e-14
1.53567e-14
4.18755e-15
1.13157e-15
3.03105e-16
8.05157e-17
2.12226e-17
5.55397e-18
1.44212e-18
3.69386e-19
9.13069e-20
2.00791e-20
2.26657e-21
1.66349e-20
1.52114e-19
7.63804e-19
3.54606e-18
1.61931e-17
7.35463e-17
3.32579e-16
1.49559e-15
6.67721e-15
2.95443e-14
1.29324e-13
5.59022e-13
2.38198e-12
9.98629e-12
4.11162e-11
1.65932e-10
6.55085e-10
2.52484e-09
9.48028e-09
3.46023e-08
1.22485e-07
4.19445e-07
1.38584e-06
4.40409e-06
1.34126e-05
3.89628e-05
0.00010729
0.000277683
0.000668116
0.00147598
0.0029202
0.00518553
0.00838606
0.0125424
0.0175945
0.0234267
0.0298911
0.0368278
0.0440788
0.0514978
0.0589546
0.0663371
0.0735522
0.0805251
0.0871973
0.0935238
0.0994696
0.104997
0.110052
0.114532
0.118208
0.120507
0.120797
0.117028
0.104928
0.088825
0.072696
0.0580135
0.0452306
0.0344513
0.0257282
0.0184679
0.0119432
0.00724245
0.00402425
0.002014
0.000931011
0.000402021
0.000164286
6.41953e-05
2.41548e-05
8.79281e-06
3.10696e-06
1.0686e-06
3.58611e-07
1.17685e-07
3.78432e-08
1.19457e-08
3.70754e-09
1.13296e-09
3.41285e-10
1.01444e-10
2.97789e-11
8.63919e-12
2.47844e-12
7.0346e-13
1.97626e-13
5.49734e-14
1.51464e-14
4.13466e-15
1.11859e-15
3.00011e-16
7.9803e-17
2.10666e-17
5.52272e-18
1.43696e-18
3.68916e-19
9.14017e-20
2.01357e-20
2.27471e-21
1.56978e-20
1.435e-19
7.20081e-19
3.34044e-18
1.52421e-17
6.91775e-17
3.12621e-16
1.40505e-15
6.27e-15
2.77322e-14
1.2136e-13
5.24529e-13
2.23502e-12
9.37162e-12
3.85976e-11
1.55843e-10
6.15661e-10
2.37489e-09
8.92649e-09
3.26214e-08
1.1564e-07
3.96672e-07
1.31312e-06
4.18214e-06
1.27684e-05
3.71973e-05
0.000102763
0.000266969
0.000645105
0.00143195
0.00284918
0.00508351
0.00825295
0.0123815
0.0174114
0.023228
0.0296836
0.0366177
0.0438717
0.0512981
0.058766
0.0661624
0.0733933
0.0803831
0.0870726
0.0934161
0.0993782
0.104921
0.109991
0.114486
0.118178
0.120493
0.120804
0.117071
0.105034
0.0889255
0.0727703
0.058059
0.0452518
0.0344551
0.0257144
0.0184482
0.0119174
0.00721682
0.00400271
0.00200056
0.00092287
0.000397815
0.000162312
6.33316e-05
2.37973e-05
8.65145e-06
3.05326e-06
1.04893e-06
3.51645e-07
1.15293e-07
3.70451e-08
1.16863e-08
3.6253e-09
1.10747e-09
3.33553e-10
9.9146e-11
2.91094e-11
8.44791e-12
2.42481e-12
6.88708e-13
1.93645e-13
5.39196e-14
1.48729e-14
4.06519e-15
1.10133e-15
2.95824e-16
7.88169e-17
2.08437e-17
5.47563e-18
1.42816e-18
3.67634e-19
9.13103e-20
2.01506e-20
2.27783e-21
1.46806e-20
1.3415e-19
6.72617e-19
3.11725e-18
1.42106e-17
6.44418e-17
2.91008e-16
1.30711e-15
5.8301e-15
2.57776e-14
1.12785e-13
4.87461e-13
2.07744e-12
8.71428e-12
3.5912e-11
1.4512e-10
5.73915e-10
2.21676e-09
8.34507e-09
3.05514e-08
1.08522e-07
3.73094e-07
1.23811e-06
3.95383e-06
1.21063e-05
3.53787e-05
9.80749e-05
0.000255771
0.000620744
0.00138464
0.00277164
0.00497075
0.00810457
0.0122013
0.0172059
0.0230048
0.0294505
0.0363817
0.0436384
0.0510723
0.0585514
0.0659627
0.0732111
0.0802213
0.0869313
0.0932944
0.099275
0.104835
0.109921
0.114433
0.118144
0.120477
0.120813
0.117122
0.105158
0.0890436
0.0728581
0.0581134
0.0452776
0.0344604
0.0256975
0.0184244
0.0118864
0.00718569
0.00397561
0.00198136
0.000912153
0.00039245
0.000159848
6.22704e-05
2.33623e-05
8.48032e-06
2.98837e-06
1.02516e-06
3.43215e-07
1.12393e-07
3.6075e-08
1.13702e-08
3.52478e-09
1.07622e-09
3.24043e-10
9.63105e-11
2.82804e-11
8.21005e-12
2.35783e-12
6.7019e-13
1.88618e-13
5.25801e-14
1.45226e-14
3.97531e-15
1.07873e-15
2.90266e-16
7.7486e-17
2.05371e-17
5.40948e-18
1.41557e-18
3.65798e-19
9.11966e-20
2.01804e-20
2.28359e-21
1.35875e-20
1.24086e-19
6.21412e-19
2.876e-18
1.30942e-17
5.93118e-17
2.67576e-16
1.20082e-15
5.35214e-15
2.3651e-14
1.03441e-13
4.46988e-13
1.905e-12
7.99292e-12
3.29554e-11
1.33271e-10
5.27582e-10
2.04039e-09
7.69308e-09
2.82164e-08
1.00443e-07
3.46165e-07
1.15195e-06
3.69017e-06
1.13386e-05
3.32657e-05
9.26277e-05
0.000242787
0.000592619
0.00133031
0.00268341
0.00484354
0.00793848
0.0120008
0.0169784
0.0227588
0.0291946
0.0361233
0.0433833
0.0508231
0.0583069
0.0657431
0.0730089
0.080046
0.0867779
0.093161
0.0991606
0.104739
0.109843
0.114372
0.118104
0.120458
0.120823
0.117181
0.105306
0.089187
0.0729666
0.0581821
0.0453119
0.0344688
0.0256804
0.018398
0.0118508
0.00714973
0.00394497
0.00196177
0.000900376
0.000386268
0.000156915
6.09773e-05
2.28237e-05
8.26651e-06
2.90701e-06
9.95356e-07
3.32664e-07
1.08773e-07
3.48675e-08
1.09777e-08
3.40018e-09
1.03753e-09
3.12275e-10
9.28006e-11
2.72531e-11
7.9148e-12
2.27447e-12
6.47065e-13
1.82313e-13
5.08907e-14
1.40778e-14
3.86027e-15
1.04952e-15
2.83007e-16
7.57329e-17
2.01331e-17
5.32437e-18
1.40088e-18
3.64222e-19
9.1318e-20
2.02892e-20
2.29952e-21
1.25535e-20
1.14368e-19
5.7054e-19
2.62428e-18
1.19282e-17
5.38353e-17
2.4279e-16
1.08865e-15
4.84827e-15
2.14117e-14
9.36142e-14
4.0449e-13
1.72421e-12
7.23796e-12
2.98668e-11
1.20918e-10
4.79385e-10
1.85734e-09
7.01788e-09
2.58036e-08
9.21117e-08
3.18451e-07
1.06341e-06
3.41957e-06
1.05513e-05
3.10986e-05
8.70333e-05
0.000229409
0.000563463
0.00127347
0.00259006
0.00470749
0.00775918
0.0117829
0.0167301
0.0224901
0.0289157
0.0358439
0.0431123
0.0505688
0.058078
0.0655144
0.0728138
0.0798635
0.0866128
0.093015
0.0990338
0.104631
0.109753
0.114302
0.118057
0.120435
0.120835
0.117254
0.105489
0.0893666
0.0731052
0.058272
0.0453572
0.0344784
0.0256609
0.0183714
0.0118115
0.00710904
0.00390923
0.00193723
0.000886418
0.000379168
0.000153605
5.95336e-05
2.2226e-05
8.02942e-06
2.81647e-06
9.61972e-07
3.2075e-07
1.04649e-07
3.34797e-08
1.05228e-08
3.25462e-09
9.92008e-10
2.98336e-10
8.86179e-11
2.60218e-11
7.55895e-12
2.17344e-12
6.18874e-13
1.7458e-13
4.88045e-14
1.35244e-14
3.7159e-15
1.01253e-15
2.73738e-16
7.34911e-17
1.9629e-17
5.23006e-18
1.38902e-18
3.64756e-19
9.22789e-20
2.06371e-20
2.3452e-21
1.28414e-20
1.19431e-19
6.52213e-19
2.57193e-18
1.32368e-17
5.09886e-17
2.15626e-16
9.69977e-16
4.31953e-15
1.90622e-14
8.33048e-14
3.59914e-13
1.53462e-12
6.44632e-12
2.66283e-11
1.07966e-10
4.2885e-10
1.66544e-09
6.31028e-09
2.32759e-08
8.33848e-08
2.89405e-07
9.70458e-07
3.13451e-06
9.71679e-06
2.87806e-05
8.09762e-05
0.000214712
0.000530934
0.00120917
0.00248356
0.00455219
0.00755566
0.0115379
0.0164539
0.0221943
0.0286114
0.0355413
0.0428199
0.0502944
0.057829
0.0652912
0.0726008
0.0796665
0.0864341
0.0928555
0.0988934
0.10451
0.109651
0.11422
0.118
0.120407
0.120849
0.117347
0.105724
0.0896023
0.0732903
0.0583914
0.0454093
0.0344691
0.0256236
0.0184089
0.0118024
0.0070712
0.00386848
0.00190888
0.000869414
0.00037025
0.000149359
5.76526e-05
2.14392e-05
7.71604e-06
2.69695e-06
9.1813e-07
3.05223e-07
9.93213e-08
3.17034e-08
9.94564e-09
3.07147e-09
9.3513e-10
2.81024e-10
8.34467e-11
2.45044e-11
7.12124e-12
2.04924e-12
5.84191e-13
1.65045e-13
4.62239e-14
1.28365e-14
3.53543e-15
9.66073e-16
2.62176e-16
7.08661e-17
1.91841e-17
5.19303e-18
1.40025e-18
3.72946e-19
9.55804e-20
2.16022e-20
2.46728e-21
2.13335e-20
1.93688e-19
6.80346e-19
3.08737e-18
1.42616e-17
6.77101e-17
2.26406e-16
8.37517e-16
3.74438e-15
1.65901e-14
7.25185e-14
3.13215e-13
1.33543e-12
5.61148e-12
2.31969e-11
9.41624e-11
3.74616e-10
1.4578e-09
5.53752e-09
2.04884e-08
7.36699e-08
2.56805e-07
8.65548e-07
2.81219e-06
8.77635e-06
2.6192e-05
7.43122e-05
0.000198853
0.000496566
0.00114249
0.00237516
0.0043957
0.00735106
0.0112908
0.0161735
0.0218917
0.0282978
0.0352267
0.0425126
0.0500003
0.0575512
0.0650447
0.0723666
0.0794524
0.08624
0.0926807
0.0987375
0.104372
0.109532
0.114121
0.11793
0.120372
0.120868
0.117468
0.106039
0.0899278
0.0735592
0.0585836
0.0455243
0.0345242
0.0256306
0.0184108
0.0117781
0.00703144
0.00382846
0.00188011
0.000852139
0.000360963
0.000144854
5.56337e-05
2.0588e-05
7.37477e-06
2.566e-06
8.6982e-07
2.8802e-07
9.33873e-08
2.97144e-08
9.29597e-09
2.86422e-09
8.70434e-10
2.6123e-10
7.7504e-11
2.27516e-11
6.61295e-12
1.90421e-12
5.43456e-13
1.53777e-13
4.31528e-14
1.20111e-14
3.31612e-15
9.08334e-16
2.4834e-16
7.00484e-17
2.08237e-17
5.96481e-18
1.58676e-18
4.2067e-19
1.09719e-19
2.55404e-20
2.96934e-21
1.89208e-20
1.45266e-19
6.06781e-19
2.79482e-18
1.23286e-17
5.41132e-17
2.41451e-16
7.71773e-16
3.17249e-15
1.41405e-14
6.19359e-14
2.67719e-13
1.14277e-12
4.81048e-12
1.9935e-11
8.11787e-11
3.24209e-10
1.26729e-09
4.83795e-09
1.79966e-08
6.50768e-08
2.28174e-07
7.73599e-07
2.52841e-06
7.93807e-06
2.38349e-05
6.80553e-05
0.000183366
0.000461444
0.00107107
0.00225355
0.00421468
0.00711088
0.0110004
0.0158474
0.0215456
0.0279462
0.0348812
0.0421812
0.0496878
0.0572594
0.0647739
0.0721208
0.0792294
0.0860369
0.0924955
0.0985686
0.104219
0.109396
0.114005
0.117843
0.120328
0.120895
0.117636
0.106479
0.0903968
0.0739636
0.0588935
0.0457382
0.0346494
0.0256822
0.0184263
0.0117477
0.00697591
0.00376879
0.00183612
0.000827601
0.000348594
0.000139119
5.31392e-05
1.95577e-05
6.96775e-06
2.41146e-06
8.13203e-07
2.67941e-07
8.64746e-08
2.73986e-08
8.53951e-09
2.62281e-09
7.95034e-10
2.38145e-10
7.05656e-11
2.07022e-11
6.01742e-12
1.73386e-12
4.95455e-13
1.40447e-13
3.95e-14
1.10189e-14
3.04298e-15
8.28775e-16
2.37565e-16
8.53998e-17
2.67011e-17
6.8594e-18
1.80242e-18
4.62001e-19
1.31939e-19
3.39263e-20
4.1026e-21
1.94205e-20
9.99327e-20
4.99011e-19
2.30468e-18
1.04724e-17
4.81657e-17
2.27106e-16
7.42228e-16
2.60354e-15
1.15496e-14
5.06385e-14
2.18718e-13
9.32788e-13
3.92505e-12
1.62695e-11
6.63144e-11
2.65313e-10
1.03993e-09
3.98523e-09
1.48986e-08
5.42066e-08
1.91452e-07
6.54571e-07
2.15972e-06
6.8521e-06
2.08125e-05
6.01762e-05
0.000164356
0.000419666
0.000988995
0.00212063
0.00402561
0.00687033
0.0107203
0.015542
0.0212282
0.0276277
0.0345696
0.0418819
0.0494035
0.0569905
0.0645191
0.0718863
0.0790118
0.0858335
0.092304
0.0983875
0.104048
0.109237
0.113864
0.117732
0.12027
0.120934
0.11787
0.1071
0.0910769
0.0745694
0.059376
0.0460883
0.0348813
0.0257882
0.0185064
0.0117741
0.00695638
0.00373092
0.00180282
0.000803407
0.000335179
0.000132498
5.01207e-05
1.82659e-05
6.4445e-06
2.20971e-06
7.38791e-07
2.41566e-07
7.74505e-08
2.44058e-08
7.57383e-09
2.31862e-09
7.01217e-10
2.09753e-10
6.21214e-11
1.82309e-11
5.30494e-12
1.53132e-12
4.38647e-13
1.24713e-13
3.51896e-14
9.84284e-15
2.71957e-15
7.48834e-16
2.4786e-16
9.26465e-17
2.37881e-17
6.2299e-18
1.64183e-18
4.27981e-19
1.05989e-19
2.95928e-20
3.48038e-21
1.30838e-20
8.02789e-20
4.10028e-19
1.89357e-18
8.50621e-18
3.74785e-17
1.63084e-16
7.04716e-16
2.19761e-15
9.42773e-15
4.15005e-14
1.79809e-13
7.68855e-13
3.24345e-12
1.34885e-11
5.52025e-11
2.21908e-10
8.74488e-10
3.37116e-09
1.26847e-08
4.64754e-08
1.65385e-07
5.70004e-07
1.89674e-06
6.07161e-06
1.86144e-05
5.43494e-05
0.000149986
0.000387244
0.000923539
0.00200742
0.00385942
0.00665123
0.0104528
0.0152362
0.0209002
0.0272942
0.0342449
0.0415759
0.0491213
0.0567336
0.0642863
0.0716751
0.0788177
0.085651
0.0921283
0.098215
0.103877
0.10907
0.113707
0.117602
0.120203
0.120988
0.118183
0.107934
0.0920065
0.0754116
0.0600566
0.0465863
0.035202
0.0259663
0.0186093
0.0117852
0.0069046
0.00366014
0.00175953
0.000775675
0.000320095
0.000125334
4.70075e-05
1.69981e-05
5.95382e-06
2.02765e-06
6.73637e-07
2.18965e-07
6.98217e-08
2.18919e-08
6.76288e-09
2.06207e-09
6.2153e-10
1.8541e-10
5.47752e-11
1.60379e-11
4.65805e-12
1.34286e-12
3.8444e-13
1.09317e-13
3.08653e-14
8.63448e-15
2.38268e-15
6.87943e-16
2.66097e-16
7.40273e-17
2.04475e-17
5.53856e-18
1.47032e-18
3.82374e-19
9.3711e-20
2.35678e-20
2.96438e-21
7.6901e-21
6.41381e-20
3.1723e-19
1.43003e-18
6.32026e-18
2.7894e-17
1.24674e-16
5.73786e-16
1.77854e-15
6.4946e-15
2.83864e-14
1.22636e-13
5.23125e-13
2.20753e-12
9.19881e-12
3.77845e-11
1.52685e-10
6.05696e-10
2.35391e-09
8.94277e-09
3.31371e-08
1.19464e-07
4.17883e-07
1.41393e-06
4.6112e-06
1.44328e-05
4.31159e-05
0.000122032
0.000323964
0.000796223
0.00178539
0.00354449
0.00625792
0.0100163
0.0147957
0.0204845
0.026921
0.0339219
0.0413032
0.0488939
0.0565437
0.0641248
0.071533
0.0786866
0.0855236
0.0919989
0.0980799
0.103736
0.108925
0.113565
0.117482
0.120141
0.121047
0.118507
0.108803
0.0930148
0.0763769
0.0608987
0.0472747
0.0357318
0.0262896
0.0188157
0.0118653
0.00688874
0.00359118
0.00168812
0.000727674
0.000292743
0.00011171
4.08756e-05
1.44431e-05
4.9527e-06
1.65469e-06
5.40441e-07
1.7307e-07
5.44833e-08
1.6899e-08
5.17469e-09
1.56713e-09
4.70093e-10
1.39858e-10
4.13264e-11
1.21377e-11
3.54441e-12
1.02931e-12
2.97295e-13
8.53852e-14
2.43563e-14
6.87169e-15
1.92305e-15
6.41975e-16
2.46833e-16
6.48043e-17
1.75571e-17
4.78058e-18
1.28904e-18
3.40172e-19
8.54745e-20
1.8487e-20
3.00931e-21
)
;

boundaryField
{
    fuel
    {
        type            fixedValue;
        value           uniform 0;
    }
    air
    {
        type            fixedValue;
        value           uniform 0;
    }
    outlet
    {
        type            inletOutlet;
        inletValue      uniform 0;
        value           nonuniform List<scalar> 
200
(
7.81733e-21
6.40215e-20
3.17252e-19
1.4303e-18
6.32191e-18
2.79028e-17
1.24719e-16
5.74026e-16
1.77933e-15
6.49795e-15
2.84013e-14
1.22703e-13
5.23424e-13
2.20884e-12
9.20416e-12
3.78047e-11
1.52766e-10
6.06015e-10
2.35514e-09
8.94741e-09
3.31541e-08
1.19525e-07
4.18092e-07
1.41463e-06
4.61356e-06
1.444e-05
4.31369e-05
0.00012209
0.000324111
0.000796566
0.00178611
0.00354581
0.00626011
0.0100196
0.0148003
0.0204906
0.0269288
0.0339313
0.0413141
0.0489063
0.0565574
0.0641396
0.0715487
0.0787028
0.0855402
0.0920156
0.0980965
0.103752
0.108941
0.113581
0.117498
0.120158
0.121068
0.118538
0.10886
0.0930722
0.0764249
0.060935
0.0473004
0.0357488
0.0262967
0.0188197
0.0118673
0.00688939
0.00359115
0.00168837
0.00072781
0.000292765
0.000111708
4.08728e-05
1.44421e-05
4.95245e-06
1.65468e-06
5.40478e-07
1.73098e-07
5.44986e-08
1.6906e-08
5.17765e-09
1.56829e-09
4.70525e-10
1.40014e-10
4.13801e-11
1.21558e-11
3.55037e-12
1.03124e-12
2.97909e-13
8.5578e-14
2.44161e-14
6.88999e-15
1.92882e-15
6.43272e-16
2.47505e-16
6.50621e-17
1.76472e-17
4.81038e-18
1.29789e-18
3.42609e-19
8.60946e-20
1.86196e-20
3.03041e-21
7.6901e-21
6.41381e-20
3.1723e-19
1.43003e-18
6.32026e-18
2.7894e-17
1.24674e-16
5.73786e-16
1.77854e-15
6.4946e-15
2.83864e-14
1.22636e-13
5.23125e-13
2.20753e-12
9.19881e-12
3.77845e-11
1.52685e-10
6.05696e-10
2.35391e-09
8.94277e-09
3.31371e-08
1.19464e-07
4.17883e-07
1.41393e-06
4.6112e-06
1.44328e-05
4.31159e-05
0.000122032
0.000323964
0.000796223
0.00178539
0.00354449
0.00625792
0.0100163
0.0147957
0.0204845
0.026921
0.0339219
0.0413032
0.0488939
0.0565437
0.0641248
0.071533
0.0786866
0.0855236
0.0919989
0.0980799
0.103736
0.108925
0.113565
0.117482
0.120141
0.121047
0.118507
0.108803
0.0930148
0.0763769
0.0608987
0.0472747
0.0357318
0.0262896
0.0188157
0.0118653
0.00688874
0.00359118
0.00168812
0.000727674
0.000292743
0.00011171
4.08756e-05
1.44431e-05
4.9527e-06
1.65469e-06
5.40441e-07
1.7307e-07
5.44833e-08
1.6899e-08
5.17469e-09
1.56713e-09
4.70093e-10
1.39858e-10
4.13264e-11
1.21377e-11
3.54441e-12
1.02931e-12
2.97295e-13
8.53852e-14
2.43563e-14
6.87169e-15
1.92305e-15
6.41975e-16
2.46833e-16
6.48043e-17
1.75571e-17
4.78058e-18
1.28904e-18
3.40172e-19
8.54745e-20
1.8487e-20
3.00931e-21
)
;
    }
    frontAndBack
    {
        type            empty;
    }
}


// ************************************************************************* //
