/*--------------------------------*- C++ -*----------------------------------*\
  =========                 |
  \\      /  F ield         | OpenFOAM: The Open Source CFD Toolbox
   \\    /   O peration     | Website:  https://openfoam.org
    \\  /    A nd           | Version:  11
     \\/     M anipulation  |
\*---------------------------------------------------------------------------*/
FoamFile
{
    format      ascii;
    class       volScalarField;
    location    "0.05";
    object      H2O;
}
// * * * * * * * * * * * * * * * * * * * * * * * * * * * * * * * * * * * * * //

dimensions      [0 0 0 0 0 0 0];

internalField   nonuniform List<scalar> 
4000
(
6.39998e-21
5.24139e-20
2.59732e-19
1.17098e-18
5.17569e-18
2.28438e-17
1.02107e-16
4.6995e-16
1.45672e-15
5.31982e-15
2.32519e-14
1.00456e-13
4.28523e-13
1.80836e-12
7.53537e-12
3.09504e-11
1.25068e-10
4.96139e-10
1.92813e-09
7.32517e-09
2.7143e-08
9.7854e-08
3.42289e-07
1.15815e-06
3.77708e-06
1.18219e-05
3.53158e-05
9.99538e-05
0.000265346
0.000652141
0.00146227
0.00290293
0.0051251
0.00820295
0.0121169
0.0167755
0.0220463
0.0277792
0.0338235
0.0400392
0.046303
0.0525105
0.0585763
0.0644333
0.070031
0.0753323
0.0803107
0.0849409
0.0891887
0.0929878
0.0961942
0.0983722
0.0991175
0.0970461
0.0891224
0.0761974
0.0625684
0.049887
0.0387244
0.0292672
0.0215289
0.0154075
0.00971564
0.00564028
0.00294004
0.00138225
0.000595851
0.000239685
9.14543e-05
3.34622e-05
1.18236e-05
4.05452e-06
1.35468e-06
4.42485e-07
1.41714e-07
4.46175e-08
1.38408e-08
4.2389e-09
1.28394e-09
3.85215e-10
1.14628e-10
3.38775e-11
9.95182e-12
2.90666e-12
8.44269e-13
2.43896e-13
7.0062e-14
1.99892e-14
5.64077e-15
1.5791e-15
5.26641e-16
2.0263e-16
5.32657e-17
1.44476e-17
3.93821e-18
1.06257e-18
2.80491e-19
7.04849e-20
1.52437e-20
2.48097e-21
1.07148e-20
6.5733e-20
3.35754e-19
1.5506e-18
6.96569e-18
3.06923e-17
1.33563e-16
5.77172e-16
1.79988e-15
7.72253e-15
3.39939e-14
1.47284e-13
6.29772e-13
2.6567e-12
1.10484e-11
4.52182e-11
1.81772e-10
7.16315e-10
2.76137e-09
1.03902e-08
3.80681e-08
1.35465e-07
4.66881e-07
1.55356e-06
4.97293e-06
1.5246e-05
4.45144e-05
0.000122843
0.000317162
0.000756382
0.00164404
0.0031607
0.00544699
0.00856024
0.0124775
0.0171158
0.0223519
0.0280437
0.0340468
0.0402254
0.0464586
0.0526428
0.0586925
0.0645404
0.070135
0.0754379
0.0804209
0.0850564
0.0893072
0.0931031
0.0962919
0.0984217
0.0990667
0.0967766
0.0884
0.0753611
0.0617692
0.0491909
0.0381562
0.0288304
0.0212624
0.0152375
0.00964958
0.00565313
0.00299648
0.00144079
0.000635153
0.000262076
0.000102604
3.84793e-05
1.39139e-05
4.87365e-06
1.65987e-06
5.51491e-07
1.79279e-07
5.71732e-08
1.79283e-08
5.53925e-09
1.68924e-09
5.09237e-10
1.51937e-10
4.48942e-11
1.31472e-11
3.81912e-12
1.10121e-12
3.15313e-13
8.96766e-14
2.53244e-14
7.08588e-15
1.95608e-15
5.63825e-16
2.18286e-16
6.08241e-17
1.68479e-17
4.57581e-18
1.21725e-18
3.16972e-19
7.77206e-20
1.95468e-20
2.45979e-21
1.59012e-20
8.18308e-20
4.08583e-19
1.88707e-18
8.57549e-18
3.9442e-17
1.85968e-16
6.0765e-16
2.13272e-15
9.46042e-15
4.14784e-14
1.79154e-13
7.6405e-13
3.21501e-12
1.33263e-11
5.43175e-11
2.17315e-10
8.51791e-10
3.26424e-09
1.22032e-08
4.43998e-08
1.56815e-07
5.3615e-07
1.769e-06
5.61247e-06
1.70472e-05
4.92891e-05
0.000134619
0.000343731
0.000810025
0.00173682
0.00329692
0.00562657
0.0087794
0.012728
0.0173845
0.022625
0.0283096
0.0342975
0.0404566
0.046669
0.0528334
0.0588652
0.064699
0.0702839
0.0755812
0.0805616
0.0851957
0.0894436
0.0932309
0.0963974
0.0984759
0.0990207
0.0965175
0.0877116
0.0745937
0.0610741
0.0486293
0.0377455
0.0285666
0.0211151
0.0151526
0.00964007
0.00569544
0.00305458
0.00147632
0.000657879
0.000274451
0.000108476
4.10294e-05
1.4952e-05
5.27534e-06
1.80891e-06
6.04835e-07
1.97785e-07
6.34206e-08
1.99873e-08
6.20347e-09
1.89938e-09
5.74514e-10
1.71879e-10
5.09125e-11
1.49437e-11
4.3491e-12
1.2556e-12
3.59722e-13
1.02289e-13
2.88668e-14
8.0756e-15
2.23178e-15
6.1525e-16
2.02557e-16
7.59745e-17
1.96786e-17
5.14936e-18
1.35543e-18
3.53388e-19
8.75377e-20
2.43998e-20
2.85914e-21
1.5512e-20
1.19067e-19
4.97173e-19
2.2891e-18
1.00952e-17
4.43087e-17
1.97707e-16
6.3194e-16
2.59866e-15
1.15824e-14
5.0731e-14
2.19285e-13
9.36026e-13
3.94018e-12
1.63283e-11
6.64917e-11
2.65552e-10
1.03801e-09
3.96263e-09
1.47405e-08
5.33024e-08
1.8689e-07
6.3363e-07
2.07094e-06
6.5018e-06
1.95222e-05
5.57411e-05
0.000150185
0.000377939
0.000877227
0.00184564
0.0034517
0.00582349
0.00900873
0.012978
0.0176443
0.0228857
0.0285646
0.0345425
0.0406894
0.0468893
0.0530423
0.0590571
0.0648768
0.07045
0.0757374
0.0807091
0.0853347
0.0895724
0.0933454
0.0964876
0.098522
0.098988
0.0963237
0.0871991
0.0740325
0.0605742
0.048231
0.0374565
0.0283758
0.021026
0.015086
0.00961811
0.00571127
0.00308565
0.00150373
0.0006778
0.000285443
0.000113898
4.35014e-05
1.60099e-05
5.70387e-06
1.97413e-06
6.65765e-07
2.19379e-07
7.08084e-08
2.24374e-08
6.99407e-09
2.14843e-09
6.51328e-10
1.95127e-10
5.78272e-11
1.69675e-11
4.93257e-12
1.42147e-12
4.06245e-13
1.15174e-13
3.23967e-14
9.03873e-15
2.49662e-15
6.80247e-16
1.94049e-16
6.76466e-17
2.43646e-17
5.94805e-18
1.50069e-18
3.79415e-19
1.07874e-19
2.77229e-20
3.35861e-21
1.75107e-20
1.5889e-19
5.57638e-19
2.52848e-18
1.16746e-17
5.54182e-17
1.85243e-16
6.86066e-16
3.06694e-15
1.35883e-14
5.93969e-14
2.56541e-13
1.0938e-12
4.59611e-12
1.89995e-11
7.7124e-11
3.0683e-10
1.19401e-09
4.53553e-09
1.67811e-08
6.03398e-08
2.10338e-07
7.08936e-07
2.30335e-06
7.18837e-06
2.14528e-05
6.08658e-05
0.00016287
0.000406704
0.000935716
0.00194523
0.00359993
0.00602015
0.0092464
0.0132449
0.0179275
0.0231733
0.0288472
0.0348134
0.0409449
0.0471282
0.0532636
0.0592576
0.0650586
0.0706154
0.0758883
0.0808467
0.0854593
0.0896835
0.0934403
0.0965585
0.0985578
0.098965
0.0961846
0.0868354
0.0736445
0.060239
0.047973
0.0372761
0.0282643
0.0209839
0.0150746
0.00964285
0.00575661
0.00313402
0.00153901
0.000697622
0.000295504
0.000118578
4.55403e-05
1.68529e-05
6.03705e-06
2.10066e-06
7.12125e-07
2.35821e-07
7.64687e-08
2.43335e-08
7.61344e-09
2.34609e-09
7.13066e-10
2.1403e-10
6.35085e-11
1.86456e-11
5.4202e-12
1.56095e-12
4.45547e-13
1.26088e-13
3.5387e-14
9.8508e-15
2.72009e-15
7.45237e-16
2.03812e-16
5.74202e-17
1.6963e-17
4.84048e-18
1.2895e-18
3.42583e-19
8.96057e-20
2.09175e-20
2.43206e-21
1.05207e-20
9.7826e-20
5.34001e-19
2.10427e-18
1.08214e-17
4.16506e-17
1.76674e-16
7.94479e-16
3.53785e-15
1.56126e-14
6.82293e-14
2.94781e-13
1.25691e-12
5.27974e-12
2.18094e-11
8.84278e-11
3.51244e-10
1.36406e-09
5.16837e-09
1.90639e-08
6.82959e-08
2.37036e-07
7.94854e-07
2.56732e-06
7.95855e-06
2.35727e-05
6.63231e-05
0.000175857
0.000434847
0.000990312
0.00203398
0.00372804
0.00618762
0.00944865
0.0134743
0.018175
0.0234297
0.0291041
0.035064
0.0411843
0.0473539
0.0534618
0.059447
0.0652322
0.0707732
0.0760304
0.0809735
0.0855711
0.0897799
0.0935201
0.0966147
0.0985857
0.0989483
0.0960833
0.0865743
0.0733739
0.0600137
0.047808
0.0371702
0.0282105
0.0209682
0.0150803
0.00966978
0.00579099
0.00316752
0.00156349
0.000711919
0.000303124
0.000122268
4.71939e-05
1.75502e-05
6.31663e-06
2.20794e-06
7.51698e-07
2.49911e-07
8.13285e-08
2.59623e-08
8.14541e-09
2.51578e-09
7.66035e-10
2.30235e-10
6.83737e-11
2.00806e-11
5.8363e-12
1.67967e-12
4.78889e-13
1.3531e-13
3.79002e-14
1.05261e-14
2.89943e-15
7.92371e-16
2.15057e-16
5.81299e-17
1.57338e-17
4.25746e-18
1.14782e-18
3.05719e-19
7.83624e-20
1.77151e-20
2.02366e-21
1.0281e-20
9.36643e-20
4.6725e-19
2.14915e-18
9.76851e-18
4.40889e-17
1.98844e-16
8.91602e-16
3.97073e-15
1.75362e-14
7.66702e-14
3.31279e-13
1.41214e-12
5.92794e-12
2.44612e-11
9.90336e-11
3.92623e-10
1.52119e-09
5.7478e-09
2.11338e-08
7.54421e-08
2.60821e-07
8.70966e-07
2.80075e-06
8.64187e-06
2.54708e-05
7.12829e-05
0.000187891
0.000461481
0.00104296
0.00212117
0.00385516
0.00635418
0.00964912
0.0137002
0.0184168
0.0236781
0.0293508
0.0353016
0.041406
0.0475527
0.0536427
0.0596196
0.065392
0.0709182
0.0761599
0.0810875
0.0856697
0.089863
0.0935868
0.0966603
0.0986077
0.0989354
0.0960064
0.0863795
0.073178
0.0598583
0.0477041
0.0371162
0.0281921
0.0209793
0.0150894
0.00969584
0.00582714
0.00320168
0.00158605
0.000725818
0.000310466
0.000125766
4.87416e-05
1.81966e-05
6.57374e-06
2.30591e-06
7.8762e-07
2.62629e-07
8.56912e-08
2.74168e-08
8.61791e-09
2.66571e-09
8.12591e-10
2.44404e-10
7.26059e-11
2.13224e-11
6.1945e-12
1.78131e-12
5.07268e-13
1.43111e-13
4.00112e-14
1.10887e-14
3.04699e-15
8.30347e-16
2.24507e-16
6.02799e-17
1.61017e-17
4.29087e-18
1.13966e-18
2.9932e-19
7.57394e-20
1.6943e-20
1.92593e-21
1.11277e-20
1.01621e-19
5.08907e-19
2.35531e-18
1.07235e-17
4.85741e-17
2.19135e-16
9.83434e-16
4.38324e-15
1.93695e-14
8.47153e-14
3.66073e-13
1.56016e-12
6.54607e-12
2.699e-11
1.09148e-10
4.32087e-10
1.67108e-09
6.30065e-09
2.31094e-08
8.22636e-08
2.83515e-07
9.43466e-07
3.02232e-06
9.28653e-06
2.72453e-05
7.58634e-05
0.000198844
0.00048535
0.00108949
0.00219757
0.00396651
0.0065009
0.00982738
0.0139033
0.0186365
0.0239061
0.0295791
0.0355229
0.0416137
0.0477405
0.0538284
0.0597772
0.0655397
0.0710522
0.0762786
0.0811906
0.0857574
0.0899357
0.0936437
0.0966983
0.0986257
0.098925
0.0959458
0.0862284
0.0730308
0.0597477
0.047639
0.037097
0.0282146
0.0210173
0.0150615
0.00970119
0.00585301
0.00322954
0.00160645
0.000737252
0.000316279
0.000128475
4.99228e-05
1.86857e-05
6.76782e-06
2.38004e-06
8.14953e-07
2.72383e-07
8.90672e-08
2.85527e-08
8.99027e-09
2.78484e-09
8.49847e-10
2.55811e-10
7.60285e-11
2.23298e-11
6.48565e-12
1.86396e-12
5.30327e-13
1.49436e-13
4.17171e-14
1.15411e-14
3.16497e-15
8.60564e-16
2.32075e-16
6.21095e-17
1.65131e-17
4.36746e-18
1.14931e-18
2.98852e-19
7.4946e-20
1.66567e-20
1.88831e-21
1.20225e-20
1.0986e-19
5.50824e-19
2.55279e-18
1.16374e-17
5.27733e-17
2.38316e-16
1.07044e-15
4.7745e-15
2.11103e-14
9.23649e-14
3.99206e-13
1.70133e-12
7.13661e-12
2.94105e-11
1.18848e-10
4.70018e-10
1.81547e-09
6.83443e-09
2.5021e-08
8.88779e-08
3.0556e-07
1.01401e-06
3.23816e-06
9.91497e-06
2.8975e-05
8.03224e-05
0.000209472
0.00050837
0.00113395
0.00226978
0.0040706
0.0066368
0.00999141
0.0140895
0.0188379
0.024116
0.0297916
0.0357339
0.0418214
0.0479459
0.0540144
0.0599491
0.0656873
0.0711797
0.0763884
0.0812841
0.0858357
0.0899994
0.0936929
0.0967304
0.0986405
0.0989161
0.0958956
0.086105
0.0729117
0.0596582
0.0475835
0.0370721
0.0282141
0.0210376
0.0150835
0.0097308
0.00588251
0.00325443
0.00162166
0.000746754
0.000321288
0.000130857
5.09749e-05
1.91243e-05
6.94203e-06
2.44638e-06
8.39271e-07
2.80996e-07
9.20239e-08
2.95394e-08
9.31109e-09
2.8867e-09
8.81482e-10
2.65434e-10
7.88987e-11
2.31699e-11
6.72707e-12
1.93211e-12
5.49233e-13
1.54589e-13
4.30977e-14
1.19046e-14
3.25893e-15
8.84405e-16
2.37996e-16
6.35381e-17
1.68418e-17
4.43658e-18
1.16109e-18
3.00091e-19
7.48291e-20
1.65632e-20
1.87471e-21
1.28548e-20
1.17511e-19
5.89665e-19
2.73543e-18
1.24816e-17
5.66489e-17
2.56004e-16
1.1506e-15
5.13453e-15
2.27101e-14
9.93834e-14
4.29545e-13
1.8303e-12
7.67467e-12
3.16088e-11
1.27625e-10
5.04189e-10
1.9449e-09
7.31035e-09
2.67155e-08
9.47046e-08
3.2486e-07
1.0754e-06
3.42504e-06
1.04569e-05
3.04633e-05
8.4159e-05
0.000218636
0.000528305
0.00117267
0.00233322
0.00416284
0.00675815
0.0101388
0.0142574
0.0190202
0.0243061
0.0299838
0.0359234
0.0420041
0.0481186
0.0541745
0.0600946
0.0658172
0.0712937
0.0764868
0.0813677
0.0859052
0.0900554
0.0937356
0.0967579
0.098653
0.0989082
0.0958533
0.0860019
0.0728133
0.0595849
0.0475383
0.0370507
0.02821
0.0210521
0.0151032
0.00975622
0.00590788
0.00327655
0.00163777
0.000755465
0.000325632
0.000132857
5.18389e-05
1.94793e-05
7.08192e-06
2.49945e-06
8.58719e-07
2.87894e-07
9.43971e-08
3.03331e-08
9.56968e-09
2.96893e-09
9.07041e-10
2.7321e-10
8.12171e-11
2.38477e-11
6.92149e-12
1.98685e-12
5.64364e-13
1.58696e-13
4.41916e-14
1.21905e-14
3.33226e-15
9.0283e-16
2.42524e-16
6.46212e-17
1.70909e-17
4.49014e-18
1.17123e-18
3.01528e-19
7.49044e-20
1.6534e-20
1.86943e-21
1.36216e-20
1.24558e-19
6.25437e-19
2.90367e-18
1.32597e-17
6.02237e-17
2.72335e-16
1.22469e-15
5.46775e-15
2.4193e-14
1.059e-13
4.57773e-13
1.95057e-12
8.17769e-12
3.36699e-11
1.35882e-10
5.36453e-10
2.06762e-09
7.76354e-09
2.83365e-08
1.00305e-07
3.43495e-07
1.1349e-06
3.60666e-06
1.0984e-05
3.19079e-05
8.78626e-05
0.000227401
0.000547128
0.00120867
0.00239129
0.00424626
0.00686697
0.0102703
0.0144071
0.0191825
0.0244755
0.0301552
0.0360921
0.0421666
0.0482718
0.0543162
0.0602234
0.0659322
0.0713947
0.0765741
0.0814417
0.0859665
0.0901046
0.0937728
0.0967817
0.0986635
0.0989011
0.095817
0.0859137
0.0727295
0.059523
0.0475003
0.037033
0.0282069
0.0210634
0.0151193
0.0097774
0.00592892
0.00329427
0.00164863
0.000762217
0.000329121
0.000134491
5.25512e-05
1.97733e-05
7.19789e-06
2.54345e-06
8.74821e-07
2.93594e-07
9.63538e-08
3.09858e-08
9.78176e-09
3.03617e-09
9.27879e-10
2.7953e-10
8.3095e-11
2.43947e-11
7.07777e-12
2.03066e-12
5.76411e-13
1.61946e-13
4.50515e-14
1.24135e-14
3.38888e-15
9.16891e-16
2.4593e-16
6.54219e-17
1.72714e-17
4.52812e-18
1.17827e-18
3.02529e-19
7.4965e-20
1.6518e-20
1.86634e-21
1.43171e-20
1.30947e-19
6.57833e-19
3.05588e-18
1.3963e-17
6.34524e-17
2.87074e-16
1.2915e-15
5.76796e-15
2.55276e-14
1.11758e-13
4.83108e-13
2.05833e-12
8.62748e-12
3.55086e-11
1.43228e-10
5.65069e-10
2.17607e-09
8.16251e-09
2.97575e-08
1.05193e-07
3.59683e-07
1.18637e-06
3.76314e-06
1.14369e-05
3.31478e-05
9.10434e-05
0.000234948
0.000563402
0.00123995
0.00244204
0.00431951
0.00696288
0.0103864
0.0145394
0.0193261
0.0246254
0.0303067
0.0362413
0.04231
0.048407
0.0544412
0.0603369
0.0660336
0.0714837
0.0766509
0.0815067
0.0860202
0.0901475
0.0938052
0.0968023
0.0986727
0.0988949
0.0957855
0.0858375
0.0726573
0.0594696
0.0474675
0.0370175
0.0282039
0.0210719
0.0151322
0.00979453
0.00594608
0.00330905
0.00165908
0.000767991
0.000332027
0.00013584
5.31362e-05
2.00137e-05
7.29244e-06
2.57921e-06
8.87878e-07
2.98207e-07
9.79347e-08
3.15124e-08
9.95257e-09
3.09023e-09
9.44599e-10
2.8459e-10
8.45941e-11
2.483e-11
7.20168e-12
2.06524e-12
5.85873e-13
1.64483e-13
4.57179e-14
1.25848e-14
3.43192e-15
9.27435e-16
2.48441e-16
6.59988e-17
1.73972e-17
4.55314e-18
1.18233e-18
3.02863e-19
7.48752e-20
1.64689e-20
1.8594e-21
1.494e-20
1.36667e-19
6.86819e-19
3.19202e-18
1.4592e-17
6.63403e-17
3.0026e-16
1.3513e-15
6.03678e-15
2.67233e-14
1.1701e-13
5.05844e-13
2.15513e-12
9.03201e-12
3.71645e-11
1.49853e-10
5.90923e-10
2.27424e-09
8.5244e-09
3.10493e-08
1.09646e-07
3.74461e-07
1.23343e-06
3.90636e-06
1.18514e-05
3.42804e-05
9.39385e-05
0.000241778
0.000578016
0.00126779
0.00248684
0.00438377
0.00704668
0.0104877
0.0146547
0.0194512
0.024756
0.0304387
0.0363713
0.042435
0.0485248
0.0545501
0.0604358
0.0661219
0.0715613
0.0767178
0.0815633
0.0860669
0.0901849
0.0938334
0.0968202
0.0986807
0.0988895
0.0957581
0.0857717
0.0725947
0.0594231
0.0474384
0.037003
0.0281997
0.0210785
0.0151421
0.00980805
0.00595973
0.0033208
0.00166706
0.000772434
0.000334356
0.000136931
5.36103e-05
2.02086e-05
7.36902e-06
2.60814e-06
8.98423e-07
3.01926e-07
9.92064e-08
3.1935e-08
1.00893e-08
3.13341e-09
9.57915e-10
2.88607e-10
8.57805e-11
2.51732e-11
7.29897e-12
2.09226e-12
5.93225e-13
1.66441e-13
4.62283e-14
1.27147e-14
3.46415e-15
9.35208e-16
2.50253e-16
6.64037e-17
1.74822e-17
4.56918e-18
1.18472e-18
3.03002e-19
7.47961e-20
1.64321e-20
1.85422e-21
1.54858e-20
1.4168e-19
7.12238e-19
3.31144e-18
1.51437e-17
6.88735e-17
3.11823e-16
1.40371e-15
6.27235e-15
2.77707e-14
1.21609e-13
5.2574e-13
2.23979e-12
9.38556e-12
3.86106e-11
1.55633e-10
6.13454e-10
2.35969e-09
8.83894e-09
3.21703e-08
1.13503e-07
3.87241e-07
1.27406e-06
4.02982e-06
1.22082e-05
3.52546e-05
9.64275e-05
0.000247649
0.000590581
0.00129173
0.00252537
0.00443907
0.0071188
0.0105749
0.0147539
0.0195589
0.0248684
0.0305524
0.0364832
0.0425427
0.0486262
0.0546439
0.060521
0.066198
0.071628
0.0767753
0.0816119
0.086107
0.0902169
0.0938575
0.0968355
0.0986875
0.098885
0.0957346
0.0857153
0.0725411
0.059383
0.0474131
0.03699
0.0281953
0.0210836
0.0151497
0.00981865
0.00597051
0.00333012
0.00167359
0.000776368
0.000336299
0.000137823
5.39949e-05
2.0366e-05
7.43066e-06
2.63136e-06
9.06863e-07
3.04895e-07
1.00219e-07
3.22707e-08
1.01977e-08
3.16751e-09
9.68403e-10
2.91761e-10
8.67086e-11
2.54406e-11
7.37443e-12
2.11311e-12
5.98863e-13
1.67932e-13
4.66133e-14
1.28116e-14
3.48786e-15
9.40819e-16
2.51529e-16
6.6678e-17
1.75363e-17
4.5781e-18
1.18555e-18
3.02806e-19
7.46525e-20
1.63846e-20
1.84806e-21
1.59534e-20
1.45977e-19
7.34048e-19
3.41399e-18
1.56178e-17
7.10501e-17
3.2176e-16
1.44876e-15
6.47477e-15
2.86708e-14
1.25561e-13
5.42841e-13
2.31256e-12
9.68955e-12
3.98542e-11
1.60606e-10
6.32844e-10
2.43326e-09
9.10984e-09
3.31362e-08
1.16829e-07
3.98261e-07
1.3091e-06
4.13627e-06
1.25156e-05
3.6093e-05
9.85656e-05
0.000252679
0.000601307
0.00131208
0.00255803
0.00448581
0.00717969
0.0106484
0.0148376
0.0196497
0.0249632
0.0306484
0.0365777
0.0426336
0.0487118
0.054723
0.060593
0.0662622
0.0716844
0.0768239
0.081653
0.0861409
0.0902439
0.0938778
0.0968484
0.0986932
0.0988811
0.0957148
0.0856679
0.072496
0.0593494
0.0473921
0.0369795
0.0281922
0.0210883
0.0151551
0.00982677
0.00597891
0.0033374
0.0016787
0.000779262
0.000337803
0.000138526
5.42999e-05
2.04908e-05
7.47941e-06
2.64967e-06
9.13506e-07
3.07227e-07
1.01013e-07
3.25334e-08
1.02823e-08
3.19407e-09
9.76545e-10
2.94201e-10
8.74241e-11
2.56459e-11
7.43208e-12
2.12895e-12
6.03117e-13
1.69048e-13
4.68986e-14
1.28826e-14
3.50492e-15
9.44768e-16
2.52398e-16
6.68559e-17
1.75682e-17
4.58206e-18
1.18529e-18
3.0237e-19
7.44547e-20
1.63262e-20
1.84074e-21
1.63463e-20
1.49584e-19
7.52323e-19
3.49978e-18
1.60139e-17
7.28678e-17
3.30054e-16
1.48635e-15
6.64369e-15
2.94217e-14
1.28858e-13
5.57104e-13
2.37325e-12
9.94299e-12
4.08909e-11
1.6475e-10
6.48997e-10
2.49452e-09
9.33537e-09
3.39399e-08
1.19594e-07
4.07422e-07
1.33821e-06
4.22466e-06
1.27707e-05
3.67882e-05
0.000100337
0.000256841
0.00061017
0.00132888
0.00258494
0.0045243
0.00722977
0.0107089
0.0149063
0.0197243
0.0250412
0.0307272
0.0366553
0.0427084
0.0487823
0.0547882
0.0606521
0.066315
0.0717308
0.0768639
0.0816867
0.0861687
0.0902661
0.0938945
0.096859
0.0986979
0.098878
0.0956985
0.085629
0.0724593
0.0593229
0.0473772
0.0369758
0.0281978
0.0211
0.0151538
0.00982999
0.00598438
0.00334267
0.00168253
0.000781486
0.000338977
0.000139075
5.45377e-05
2.0588e-05
7.5173e-06
2.66387e-06
9.18645e-07
3.09026e-07
1.01624e-07
3.27349e-08
1.0347e-08
3.21432e-09
9.82734e-10
2.96049e-10
8.79638e-11
2.58001e-11
7.47515e-12
2.14071e-12
6.06255e-13
1.69864e-13
4.71048e-14
1.29331e-14
3.51686e-15
9.47458e-16
2.52967e-16
6.69642e-17
1.75843e-17
4.58252e-18
1.18419e-18
3.01715e-19
7.41971e-20
1.62528e-20
1.83161e-21
1.66622e-20
1.52483e-19
7.66995e-19
3.5686e-18
1.63315e-17
7.43245e-17
3.367e-16
1.51647e-15
6.77899e-15
3.00233e-14
1.31498e-13
5.68528e-13
2.42186e-12
1.0146e-11
4.17211e-11
1.68068e-10
6.61934e-10
2.54358e-09
9.51598e-09
3.45836e-08
1.21809e-07
4.14757e-07
1.36151e-06
4.29539e-06
1.29748e-05
3.73438e-05
0.000101751
0.000260159
0.000617223
0.00134221
0.00260627
0.00455476
0.00726938
0.0107567
0.0149607
0.0197833
0.0251028
0.0307895
0.0367167
0.0427676
0.048838
0.0548396
0.0606988
0.0663567
0.0717674
0.0768954
0.0817133
0.0861906
0.0902836
0.0939076
0.0968672
0.0987016
0.0988753
0.0956853
0.0855981
0.0724305
0.0593037
0.047372
0.0369917
0.0282507
0.0211901
0.0150671
0.00980421
0.00598247
0.00334525
0.00168506
0.000783087
0.000339786
0.000139463
5.47079e-05
2.06582e-05
7.54489e-06
2.67426e-06
9.22411e-07
3.10346e-07
1.02072e-07
3.28826e-08
1.03944e-08
3.22914e-09
9.87253e-10
2.97396e-10
8.83561e-11
2.59118e-11
7.50622e-12
2.14915e-12
6.08488e-13
1.70439e-13
4.72486e-14
1.29678e-14
3.52487e-15
9.49207e-16
2.53318e-16
6.70241e-17
1.75907e-17
4.58143e-18
1.18309e-18
3.01209e-19
7.40219e-20
1.62064e-20
1.82602e-21
1.68993e-20
1.54658e-19
7.78004e-19
3.62022e-18
1.65697e-17
7.54167e-17
3.41683e-16
1.53905e-15
6.88045e-15
3.04743e-14
1.33478e-13
5.77095e-13
2.45831e-12
1.02982e-11
4.23438e-11
1.70558e-10
6.71639e-10
2.58039e-09
9.65148e-09
3.50665e-08
1.2347e-07
4.2026e-07
1.37899e-06
4.34845e-06
1.31278e-05
3.77602e-05
0.00010281
0.000262641
0.000622493
0.00135216
0.00262215
0.00457742
0.00729882
0.0107922
0.0150011
0.019827
0.0251484
0.0308357
0.0367621
0.042811
0.0488791
0.0548777
0.0607335
0.0663877
0.0717945
0.0769187
0.081733
0.0862068
0.0902964
0.0939172
0.0968733
0.0987042
0.0988734
0.0956757
0.0855754
0.0724092
0.0592884
0.0473639
0.0369907
0.0282559
0.0211987
0.0150661
0.00980576
0.00598513
0.0033477
0.00168686
0.000784105
0.000340311
0.000139701
5.48101e-05
2.06999e-05
7.5613e-06
2.68052e-06
9.24723e-07
3.11171e-07
1.02357e-07
3.29778e-08
1.04253e-08
3.23889e-09
9.90253e-10
2.98295e-10
8.86188e-11
2.59867e-11
7.52704e-12
2.15479e-12
6.09975e-13
1.7082e-13
4.73427e-14
1.29901e-14
3.52991e-15
9.50265e-16
2.53515e-16
6.70524e-17
1.75915e-17
4.57986e-18
1.18225e-18
3.0092e-19
7.39429e-20
1.61891e-20
1.8241e-21
1.70546e-20
1.56081e-19
7.85198e-19
3.65391e-18
1.67249e-17
7.6128e-17
3.44924e-16
1.55372e-15
6.94629e-15
3.07667e-14
1.34761e-13
5.82638e-13
2.48188e-12
1.03966e-11
4.27459e-11
1.72164e-10
6.77896e-10
2.60411e-09
9.73872e-09
3.53772e-08
1.24539e-07
4.23798e-07
1.39023e-06
4.38255e-06
1.32262e-05
3.80279e-05
0.000103491
0.000264237
0.000625884
0.00135857
0.00263241
0.00459208
0.00731789
0.0108152
0.0150273
0.0198555
0.0251781
0.0308656
0.0367915
0.0428392
0.0489058
0.0549025
0.060756
0.0664076
0.071812
0.0769338
0.0817457
0.0862173
0.0903047
0.0939234
0.0968771
0.0987059
0.0988721
0.0956695
0.0855607
0.0723953
0.0592782
0.0473577
0.036988
0.0282555
0.0212005
0.0150679
0.00980826
0.00598757
0.00334962
0.00168802
0.000784614
0.000340539
0.000139805
5.48566e-05
2.07199e-05
7.56952e-06
2.68375e-06
9.25937e-07
3.11611e-07
1.02511e-07
3.30301e-08
1.04425e-08
3.24438e-09
9.91956e-10
2.98809e-10
8.87698e-11
2.60299e-11
7.53908e-12
2.15805e-12
6.10833e-13
1.71038e-13
4.73962e-14
1.30026e-14
3.53266e-15
9.50817e-16
2.53607e-16
6.70614e-17
1.75894e-17
4.57804e-18
1.18146e-18
3.00641e-19
7.38599e-20
1.61689e-20
1.82175e-21
1.71274e-20
1.56748e-19
7.88551e-19
3.66953e-18
1.67965e-17
7.64543e-17
3.46405e-16
1.56039e-15
6.97614e-15
3.08988e-14
1.35339e-13
5.85131e-13
2.49245e-12
1.04406e-11
4.29255e-11
1.72881e-10
6.80684e-10
2.61467e-09
9.77753e-09
3.55154e-08
1.25014e-07
4.25369e-07
1.39522e-06
4.39768e-06
1.32698e-05
3.81468e-05
0.000103793
0.000264949
0.000627401
0.00136145
0.00263704
0.00459873
0.00732662
0.0108258
0.0150394
0.0198687
0.025192
0.0308798
0.0368056
0.0428529
0.0489186
0.0549142
0.0607666
0.0664172
0.0718203
0.076941
0.0817517
0.0862221
0.0903085
0.0939262
0.0968788
0.0987065
0.0988713
0.0956662
0.0855532
0.0723882
0.0592729
0.0473544
0.0369864
0.028255
0.0212011
0.0150688
0.00980959
0.00598892
0.00335068
0.0016886
0.000784786
0.000340567
0.000139809
5.48589e-05
2.0722e-05
7.57092e-06
2.6845e-06
9.26287e-07
3.11758e-07
1.02568e-07
3.30508e-08
1.04495e-08
3.24671e-09
9.9269e-10
2.99033e-10
8.88362e-11
2.60489e-11
7.5444e-12
2.15949e-12
6.1121e-13
1.71133e-13
4.74192e-14
1.30079e-14
3.53378e-15
9.51024e-16
2.53635e-16
6.7061e-17
1.7587e-17
4.57679e-18
1.18095e-18
3.00464e-19
7.38059e-20
1.61553e-20
1.82014e-21
1.71276e-20
1.5675e-19
7.88559e-19
3.66956e-18
1.67966e-17
7.64547e-17
3.46406e-16
1.5604e-15
6.97615e-15
3.08988e-14
1.35338e-13
5.85129e-13
2.49245e-12
1.04406e-11
4.29254e-11
1.7288e-10
6.80681e-10
2.61465e-09
9.77748e-09
3.55152e-08
1.25013e-07
4.25366e-07
1.39521e-06
4.39765e-06
1.32697e-05
3.81466e-05
0.000103793
0.000264948
0.000627397
0.00136144
0.00263702
0.00459871
0.00732657
0.0108257
0.0150393
0.0198686
0.0251918
0.0308796
0.0368054
0.0428526
0.0489182
0.0549138
0.0607662
0.0664168
0.07182
0.0769406
0.0817513
0.0862218
0.0903082
0.0939259
0.0968785
0.0987063
0.098871
0.095666
0.0855529
0.0723879
0.0592726
0.0473542
0.0369863
0.0282549
0.0212011
0.0150688
0.0098096
0.00598893
0.00335069
0.0016886
0.000784788
0.000340568
0.000139809
5.48591e-05
2.0722e-05
7.57093e-06
2.6845e-06
9.26285e-07
3.11756e-07
1.02567e-07
3.30503e-08
1.04494e-08
3.24663e-09
9.92662e-10
2.99023e-10
8.88327e-11
2.60478e-11
7.54401e-12
2.15937e-12
6.11171e-13
1.71121e-13
4.74157e-14
1.30069e-14
3.53347e-15
9.50937e-16
2.53611e-16
6.70542e-17
1.75852e-17
4.57629e-18
1.18082e-18
3.0043e-19
7.37967e-20
1.61531e-20
1.81987e-21
1.70551e-20
1.56086e-19
7.85217e-19
3.65398e-18
1.67251e-17
7.61285e-17
3.44924e-16
1.55371e-15
6.94623e-15
3.07663e-14
1.34759e-13
5.82628e-13
2.48183e-12
1.03964e-11
4.27449e-11
1.7216e-10
6.77879e-10
2.60404e-09
9.73848e-09
3.53764e-08
1.24536e-07
4.23788e-07
1.3902e-06
4.38245e-06
1.32259e-05
3.80272e-05
0.000103489
0.000264233
0.000625875
0.00135855
0.00263237
0.00459201
0.00731778
0.010815
0.015027
0.0198551
0.0251776
0.0308651
0.0367909
0.0428386
0.0489048
0.0549014
0.0607548
0.0664066
0.0718109
0.0769328
0.0817447
0.0862162
0.0903037
0.0939225
0.0968762
0.098705
0.0988712
0.0956685
0.0855594
0.072394
0.0592771
0.047357
0.0369876
0.0282553
0.0212004
0.0150679
0.00980827
0.00598759
0.00334964
0.00168803
0.000784621
0.000340542
0.000139806
5.48568e-05
2.072e-05
7.56955e-06
2.68375e-06
9.25932e-07
3.11608e-07
1.02509e-07
3.30293e-08
1.04421e-08
3.24423e-09
9.91894e-10
2.98785e-10
8.87613e-11
2.60269e-11
7.53809e-12
2.15773e-12
6.10731e-13
1.71006e-13
4.73866e-14
1.29998e-14
3.53183e-15
9.50575e-16
2.53538e-16
6.70418e-17
1.75839e-17
4.57654e-18
1.18106e-18
3.00537e-19
7.38324e-20
1.61622e-20
1.82092e-21
1.69003e-20
1.54667e-19
7.78044e-19
3.62039e-18
1.65704e-17
7.54195e-17
3.41694e-16
1.53909e-15
6.88059e-15
3.04748e-14
1.3348e-13
5.771e-13
2.45833e-12
1.02982e-11
4.23438e-11
1.70557e-10
6.71635e-10
2.58037e-09
9.65137e-09
3.5066e-08
1.23469e-07
4.20252e-07
1.37897e-06
4.34836e-06
1.31275e-05
3.77594e-05
0.000102807
0.000262634
0.000622477
0.00135213
0.00262208
0.00457727
0.00729856
0.0107918
0.0150005
0.0198262
0.0251474
0.0308345
0.0367608
0.0428096
0.0488776
0.0548761
0.0607318
0.0663858
0.0717926
0.0769169
0.0817312
0.0862051
0.0902948
0.0939157
0.0968718
0.0987028
0.0988719
0.0956741
0.0855732
0.0724071
0.0592867
0.0473627
0.03699
0.0282554
0.0211986
0.0150661
0.00980578
0.00598517
0.00334774
0.00168688
0.000784105
0.000340312
0.000139703
5.4811e-05
2.07004e-05
7.56148e-06
2.68057e-06
9.24731e-07
3.11169e-07
1.02355e-07
3.29764e-08
1.04246e-08
3.23859e-09
9.90131e-10
2.98248e-10
8.8602e-11
2.59809e-11
7.52513e-12
2.15418e-12
6.09784e-13
1.70762e-13
4.73254e-14
1.29851e-14
3.52845e-15
9.4985e-16
2.53398e-16
6.70198e-17
1.75824e-17
4.57737e-18
1.1816e-18
3.00748e-19
7.38976e-20
1.61781e-20
1.82275e-21
1.66631e-20
1.52491e-19
7.67034e-19
3.56876e-18
1.63321e-17
7.43264e-17
3.36706e-16
1.51648e-15
6.77901e-15
3.00231e-14
1.31497e-13
5.68519e-13
2.42181e-12
1.01457e-11
4.17199e-11
1.68063e-10
6.61911e-10
2.54349e-09
9.51561e-09
3.45822e-08
1.21804e-07
4.14739e-07
1.36145e-06
4.2952e-06
1.29742e-05
3.73421e-05
0.000101746
0.000260147
0.000617195
0.00134215
0.00260614
0.00455453
0.00726901
0.0107561
0.0149599
0.0197822
0.0251014
0.0307879
0.0367148
0.0427653
0.0488357
0.0548373
0.0606965
0.0663543
0.0717648
0.0768929
0.0817109
0.0861883
0.0902813
0.0939055
0.0968652
0.0986996
0.0988733
0.0956831
0.0855951
0.0724276
0.0593013
0.0473703
0.0369907
0.0282501
0.0211899
0.015067
0.00980426
0.00598254
0.00334531
0.00168509
0.000783069
0.000339796
0.000139468
5.47109e-05
2.06593e-05
7.54514e-06
2.67429e-06
9.22399e-07
3.10333e-07
1.02065e-07
3.28792e-08
1.03929e-08
3.22859e-09
9.8705e-10
2.97323e-10
8.83312e-11
2.59035e-11
7.50354e-12
2.1483e-12
6.08229e-13
1.70361e-13
4.72254e-14
1.2961e-14
3.52292e-15
9.48652e-16
2.53161e-16
6.69805e-17
1.75785e-17
4.57807e-18
1.18219e-18
3.00974e-19
7.39608e-20
1.61917e-20
1.82419e-21
1.6347e-20
1.4959e-19
7.52349e-19
3.49988e-18
1.60142e-17
7.28685e-17
3.30054e-16
1.48634e-15
6.64358e-15
2.94211e-14
1.28854e-13
5.57084e-13
2.37316e-12
9.94254e-12
4.08888e-11
1.64741e-10
6.48959e-10
2.49437e-09
9.33476e-09
3.39376e-08
1.19586e-07
4.07393e-07
1.33811e-06
4.22434e-06
1.27698e-05
3.67854e-05
0.000100329
0.000256822
0.000610126
0.00132878
0.00258476
0.00452398
0.00722926
0.0107081
0.0149053
0.0197229
0.0250395
0.0307252
0.036653
0.0427057
0.0487795
0.0547852
0.060649
0.0663118
0.0717275
0.0768606
0.0816836
0.0861657
0.0902632
0.0938917
0.0968563
0.0986954
0.0988754
0.0956956
0.0856251
0.0724556
0.0593198
0.0473751
0.0369745
0.0281971
0.0210999
0.0151538
0.00983011
0.00598451
0.00334279
0.00168257
0.000781525
0.000338979
0.000139078
5.45391e-05
2.05884e-05
7.51739e-06
2.66386e-06
9.18622e-07
3.0901e-07
1.01616e-07
3.2731e-08
1.03453e-08
3.21368e-09
9.82493e-10
2.95963e-10
8.7934e-11
2.57902e-11
7.47194e-12
2.1397e-12
6.0594e-13
1.69769e-13
4.70766e-14
1.29248e-14
3.51447e-15
9.4678e-16
2.52776e-16
6.69109e-17
1.75695e-17
4.57843e-18
1.18309e-18
3.01424e-19
7.41207e-20
1.62345e-20
1.82936e-21
1.59535e-20
1.45978e-19
7.34052e-19
3.41399e-18
1.56177e-17
7.10488e-17
3.21751e-16
1.44871e-15
6.47449e-15
2.86694e-14
1.25554e-13
5.42807e-13
2.3124e-12
9.68882e-12
3.9851e-11
1.60592e-10
6.32787e-10
2.43303e-09
9.10895e-09
3.31328e-08
1.16816e-07
3.98218e-07
1.30895e-06
4.13581e-06
1.25142e-05
3.6089e-05
9.85546e-05
0.000252651
0.000601244
0.00131195
0.00255778
0.0044854
0.00717903
0.0106474
0.0148363
0.019648
0.0249611
0.0306459
0.0365748
0.0426304
0.0487084
0.0547193
0.0605891
0.0662582
0.0716804
0.0768199
0.0816491
0.0861371
0.0902403
0.0938744
0.0968452
0.0986901
0.098878
0.0957112
0.0856631
0.0724914
0.0593458
0.0473895
0.0369779
0.0281912
0.0210883
0.0151552
0.00982698
0.00597912
0.00333758
0.00167878
0.000779312
0.000337818
0.000138534
5.43035e-05
2.0492e-05
7.47974e-06
2.64973e-06
9.13502e-07
3.07216e-07
1.01006e-07
3.25295e-08
1.02805e-08
3.19337e-09
9.76277e-10
2.94103e-10
8.73903e-11
2.56346e-11
7.4284e-12
2.12778e-12
6.02756e-13
1.68939e-13
4.68659e-14
1.2873e-14
3.50217e-15
9.43985e-16
2.52178e-16
6.67946e-17
1.75512e-17
4.57741e-18
1.18401e-18
3.0203e-19
7.43668e-20
1.63052e-20
1.83816e-21
1.54853e-20
1.41675e-19
7.12212e-19
3.31131e-18
1.5143e-17
6.88695e-17
3.11803e-16
1.40361e-15
6.27185e-15
2.77683e-14
1.21597e-13
5.25687e-13
2.23955e-12
9.3845e-12
3.8606e-11
1.55614e-10
6.13375e-10
2.35938e-09
8.83772e-09
3.21657e-08
1.13487e-07
3.87183e-07
1.27387e-06
4.0292e-06
1.22063e-05
3.52491e-05
9.64127e-05
0.000247612
0.000590496
0.00129155
0.00252505
0.00443853
0.00711797
0.0105737
0.0147523
0.0195568
0.0248658
0.0305494
0.0364797
0.0425388
0.048622
0.0546394
0.0605164
0.0661932
0.0716232
0.0767706
0.0816073
0.0861025
0.0902126
0.0938534
0.0968317
0.0986838
0.0988812
0.0957303
0.0857095
0.0725355
0.0593786
0.04741
0.0369881
0.0281941
0.0210837
0.0151498
0.00981893
0.00597079
0.00333035
0.00167369
0.000776372
0.000336318
0.000137834
5.39995e-05
2.03676e-05
7.43107e-06
2.63144e-06
9.06867e-07
3.04886e-07
1.00212e-07
3.22668e-08
1.01959e-08
3.16676e-09
9.68112e-10
2.91654e-10
8.66715e-11
2.54281e-11
7.37036e-12
2.11182e-12
5.98462e-13
1.67811e-13
4.6577e-14
1.2801e-14
3.48479e-15
9.39944e-16
2.51283e-16
6.66096e-17
1.75174e-17
4.57293e-18
1.18413e-18
3.02426e-19
7.45524e-20
1.63604e-20
1.84508e-21
1.49387e-20
1.36655e-19
6.86761e-19
3.19174e-18
1.45906e-17
6.63335e-17
3.00227e-16
1.35114e-15
6.03603e-15
2.67198e-14
1.16994e-13
5.05771e-13
2.15481e-12
9.03061e-12
3.71586e-11
1.49828e-10
5.90822e-10
2.27384e-09
8.52286e-09
3.10435e-08
1.09625e-07
3.74388e-07
1.23319e-06
3.90558e-06
1.1849e-05
3.42735e-05
9.39199e-05
0.000241731
0.000577909
0.00126757
0.00248644
0.00438311
0.00704567
0.0104862
0.0146527
0.0194487
0.024753
0.0304352
0.0363672
0.0424306
0.0485199
0.0545449
0.0604305
0.0661164
0.0715557
0.0767123
0.0815579
0.0860617
0.0901799
0.0938286
0.0968157
0.0986763
0.0988851
0.095753
0.0857647
0.072588
0.0594178
0.0474347
0.0370007
0.0281984
0.0210786
0.0151423
0.00980841
0.00596008
0.0033211
0.00166718
0.000772533
0.00033438
0.000136942
5.36157e-05
2.02107e-05
7.36968e-06
2.60831e-06
8.98455e-07
3.01924e-07
9.92011e-08
3.19315e-08
1.00876e-08
3.13265e-09
9.57616e-10
2.88496e-10
8.57413e-11
2.51599e-11
7.2946e-12
2.09087e-12
5.92792e-13
1.66309e-13
4.61888e-14
1.27031e-14
3.4608e-15
9.34252e-16
2.49984e-16
6.63287e-17
1.74616e-17
4.56352e-18
1.18319e-18
3.02581e-19
7.46831e-20
1.64044e-20
1.85082e-21
1.43151e-20
1.30929e-19
6.57742e-19
3.05545e-18
1.39609e-17
6.34428e-17
2.87028e-16
1.29129e-15
5.76697e-15
2.55231e-14
1.11738e-13
4.83017e-13
2.05793e-12
8.62575e-12
3.55013e-11
1.43197e-10
5.64946e-10
2.17559e-09
8.16065e-09
2.97506e-08
1.05168e-07
3.59596e-07
1.18608e-06
3.76221e-06
1.14341e-05
3.31395e-05
9.10211e-05
0.000234892
0.000563274
0.00123969
0.00244156
0.00431872
0.00696168
0.0103847
0.0145371
0.0193232
0.0246219
0.0303026
0.0362366
0.0423049
0.0484014
0.0544353
0.0603308
0.0660273
0.0714774
0.0766446
0.0815006
0.0860143
0.0901419
0.0937998
0.0967972
0.0986677
0.0988897
0.0957794
0.0858293
0.0726494
0.0594633
0.0474631
0.0370148
0.0282021
0.0210721
0.0151324
0.00979493
0.00594648
0.00330937
0.00165902
0.000768003
0.000332053
0.000135856
5.31439e-05
2.00166e-05
7.29333e-06
2.57945e-06
8.87924e-07
2.98208e-07
9.79297e-08
3.15088e-08
9.95075e-09
3.08943e-09
9.44282e-10
2.84472e-10
8.45522e-11
2.48157e-11
7.19699e-12
2.06374e-12
5.85407e-13
1.64341e-13
4.56755e-14
1.25724e-14
3.42831e-15
9.26403e-16
2.4815e-16
6.59175e-17
1.73748e-17
4.54698e-18
1.18065e-18
3.02413e-19
7.47522e-20
1.64386e-20
1.85562e-21
1.36188e-20
1.24534e-19
6.25319e-19
2.90313e-18
1.32571e-17
6.02117e-17
2.72279e-16
1.22443e-15
5.46657e-15
2.41877e-14
1.05876e-13
4.57666e-13
1.9501e-12
8.17569e-12
3.36615e-11
1.35847e-10
5.36313e-10
2.06706e-09
7.76142e-09
2.83286e-08
1.00277e-07
3.43396e-07
1.13457e-06
3.60559e-06
1.09808e-05
3.18985e-05
8.78371e-05
0.000227337
0.000546981
0.00120837
0.00239074
0.00424535
0.0068656
0.0102683
0.0144045
0.0191792
0.0244716
0.0301506
0.036087
0.0421608
0.0482656
0.0543096
0.0602166
0.0659252
0.0713877
0.0765671
0.0814349
0.0859598
0.0900982
0.0937667
0.0967759
0.0986578
0.0988951
0.09581
0.085904
0.0727202
0.0595156
0.0474952
0.0370299
0.028205
0.0210635
0.0151195
0.00977781
0.00592933
0.00329461
0.00164884
0.000762211
0.000329131
0.0001345
5.25561e-05
1.97753e-05
7.19859e-06
2.54364e-06
8.74855e-07
2.93591e-07
9.63476e-08
3.09819e-08
9.77982e-09
3.03533e-09
9.27548e-10
2.79407e-10
8.30511e-11
2.43797e-11
7.07283e-12
2.02907e-12
5.75917e-13
1.61795e-13
4.50062e-14
1.24002e-14
3.38501e-15
9.15782e-16
2.45617e-16
6.5334e-17
1.7247e-17
4.52141e-18
1.17643e-18
3.02028e-19
7.48298e-20
1.64849e-20
1.86228e-21
1.28516e-20
1.17482e-19
5.89524e-19
2.73479e-18
1.24786e-17
5.6635e-17
2.5594e-16
1.1503e-15
5.13319e-15
2.27041e-14
9.93565e-14
4.29427e-13
1.82979e-12
7.67247e-12
3.15995e-11
1.27587e-10
5.04036e-10
1.9443e-09
7.30804e-09
2.67069e-08
9.46737e-08
3.24752e-07
1.07504e-06
3.42388e-06
1.04534e-05
3.04531e-05
8.4131e-05
0.000218565
0.000528142
0.00117233
0.0023326
0.00416183
0.00675661
0.0101366
0.0142546
0.0190166
0.0243017
0.0299786
0.0359173
0.0419973
0.0481112
0.0541665
0.0600864
0.0658089
0.0712855
0.0764789
0.0813601
0.0858978
0.0900483
0.0937288
0.0967515
0.0986466
0.0989015
0.0958452
0.0859906
0.0728025
0.0595764
0.0475324
0.0370472
0.0282081
0.0210522
0.0151034
0.00975668
0.00590835
0.00327699
0.00163784
0.000755546
0.000325688
0.000132883
5.1849e-05
1.94826e-05
7.08286e-06
2.49968e-06
8.58752e-07
2.87888e-07
9.43894e-08
3.03285e-08
9.56749e-09
2.968e-09
9.06679e-10
2.73077e-10
8.11699e-11
2.38317e-11
6.91623e-12
1.98517e-12
5.6384e-13
1.58535e-13
4.41435e-14
1.21764e-14
3.32814e-15
9.01646e-16
2.42188e-16
6.45267e-17
1.70645e-17
4.48285e-18
1.16922e-18
3.00979e-19
7.47549e-20
1.64971e-20
1.86484e-21
1.20189e-20
1.09827e-19
5.50666e-19
2.55207e-18
1.16341e-17
5.2758e-17
2.38246e-16
1.07012e-15
4.77305e-15
2.11039e-14
9.23363e-14
3.9908e-13
1.70079e-12
7.1343e-12
2.94008e-11
1.18809e-10
4.69859e-10
1.81484e-09
6.83204e-09
2.50121e-08
8.88459e-08
3.05448e-07
1.01363e-06
3.23696e-06
9.91129e-06
2.89642e-05
8.02931e-05
0.000209397
0.000508198
0.00113359
0.00226912
0.00406951
0.00663514
0.00998906
0.0140863
0.0188339
0.0241109
0.0297854
0.0357264
0.0418124
0.0479355
0.0540031
0.0599373
0.0656765
0.0711699
0.0763793
0.0812756
0.0858275
0.0899916
0.0936855
0.0967233
0.0986334
0.0989085
0.0958863
0.0860919
0.0728992
0.0596483
0.0475769
0.0370684
0.0282124
0.0210383
0.0150839
0.00973126
0.00588286
0.0032548
0.00162213
0.000746772
0.000321296
0.000130866
5.09803e-05
1.91265e-05
6.94276e-06
2.44656e-06
8.39293e-07
2.80987e-07
9.20151e-08
2.95343e-08
9.30872e-09
2.88571e-09
8.81095e-10
2.65291e-10
7.88486e-11
2.31529e-11
6.72149e-12
1.93033e-12
5.48678e-13
1.5442e-13
4.30468e-14
1.18895e-14
3.25455e-15
8.83146e-16
2.37638e-16
6.34371e-17
1.68135e-17
4.4287e-18
1.15891e-18
2.99476e-19
7.46619e-20
1.65215e-20
1.86956e-21
1.11239e-20
1.01588e-19
5.08745e-19
2.35456e-18
1.07201e-17
4.85581e-17
2.19062e-16
9.83102e-16
4.38175e-15
1.93628e-14
8.46859e-14
3.65945e-13
1.55961e-12
6.54373e-12
2.69803e-11
1.09108e-10
4.31927e-10
1.67045e-09
6.29825e-09
2.31005e-08
8.22314e-08
2.83403e-07
9.43089e-07
3.02111e-06
9.2828e-06
2.72344e-05
7.58335e-05
0.000198768
0.000485172
0.00108911
0.00219688
0.00396537
0.00649916
0.00982493
0.0139
0.0186325
0.0239014
0.0295739
0.0355175
0.0416084
0.0477353
0.0538233
0.0597718
0.065533
0.0710443
0.0762701
0.0811819
0.0857489
0.0899273
0.0936357
0.0966905
0.0986179
0.0989166
0.0959354
0.0862134
0.0730166
0.0597371
0.0476332
0.0370965
0.0282193
0.0210243
0.0150623
0.00970216
0.00585342
0.00322971
0.00160608
0.00073713
0.000316234
0.000128465
4.99216e-05
1.86856e-05
6.76772e-06
2.37994e-06
8.14889e-07
2.72349e-07
8.90512e-08
2.85457e-08
8.98737e-09
2.7837e-09
8.49419e-10
2.55656e-10
7.5975e-11
2.23118e-11
6.47978e-12
1.86209e-12
5.29746e-13
1.49258e-13
4.16638e-14
1.15254e-14
3.16037e-15
8.59235e-16
2.31696e-16
6.20019e-17
1.64828e-17
4.35902e-18
1.14688e-18
2.98185e-19
7.47613e-20
1.66106e-20
1.8826e-21
1.02774e-20
9.36321e-20
4.67096e-19
2.14848e-18
9.76552e-18
4.40745e-17
1.9877e-16
8.91268e-16
3.96924e-15
1.75296e-14
7.66411e-14
3.31152e-13
1.4116e-12
5.92565e-12
2.44517e-11
9.89948e-11
3.92468e-10
1.52059e-09
5.74548e-09
2.11252e-08
7.5411e-08
2.60713e-07
8.70601e-07
2.79957e-06
8.63822e-06
2.54601e-05
7.12534e-05
0.000187815
0.000461302
0.00104258
0.00212046
0.00385398
0.00635237
0.00964655
0.0136968
0.0184125
0.023673
0.0293451
0.0352957
0.0414003
0.0475479
0.053636
0.059612
0.0653835
0.0709092
0.0761506
0.0810781
0.0856604
0.0898541
0.0935782
0.0966519
0.0985993
0.0989262
0.095995
0.086363
0.0731636
0.0598506
0.0477068
0.0371335
0.0282272
0.0210083
0.0150405
0.00966994
0.00582011
0.00320045
0.00158599
0.000725703
0.000310422
0.000125755
4.87396e-05
1.81962e-05
6.57362e-06
2.30582e-06
7.87558e-07
2.62595e-07
8.56749e-08
2.74095e-08
8.61491e-09
2.66453e-09
8.12148e-10
2.44245e-10
7.25507e-11
2.13038e-11
6.18845e-12
1.77938e-12
5.06667e-13
1.42927e-13
3.99558e-14
1.10723e-14
3.04218e-15
8.28952e-16
2.24107e-16
6.01665e-17
1.60701e-17
4.2818e-18
1.13718e-18
2.98623e-19
7.55479e-20
1.68954e-20
1.92e-21
1.05131e-20
9.77768e-20
5.33961e-19
2.10562e-18
1.08369e-17
4.17439e-17
1.76531e-16
7.94112e-16
3.53636e-15
1.56061e-14
6.82009e-14
2.94659e-13
1.25638e-12
5.27754e-12
2.18003e-11
8.83907e-11
3.51096e-10
1.36348e-09
5.16617e-09
1.90557e-08
6.82664e-08
2.36933e-07
7.94506e-07
2.5662e-06
7.95505e-06
2.35624e-05
6.62945e-05
0.000175783
0.000434671
0.000989933
0.00203327
0.00372684
0.00618575
0.00944597
0.0134707
0.0181703
0.0234239
0.0290973
0.0350563
0.0411756
0.0473441
0.0534533
0.0594376
0.0652222
0.0707629
0.07602
0.0809632
0.085561
0.0897702
0.0935107
0.0966056
0.0985765
0.0989382
0.0960706
0.0865555
0.0733566
0.0600021
0.0478046
0.0371762
0.0282196
0.0209778
0.0150712
0.00966248
0.00578913
0.00316709
0.00156279
0.000711781
0.000303121
0.000122279
4.71997e-05
1.75521e-05
6.31706e-06
2.20797e-06
7.51665e-07
2.49884e-07
8.13135e-08
2.59553e-08
8.14241e-09
2.51459e-09
7.65583e-10
2.30072e-10
6.83171e-11
2.00616e-11
5.8301e-12
1.67769e-12
4.78272e-13
1.35121e-13
3.78431e-14
1.05091e-14
2.89442e-15
7.90916e-16
2.14641e-16
5.80175e-17
1.57059e-17
4.25149e-18
1.14637e-18
3.05328e-19
7.82509e-20
1.76855e-20
2.01994e-21
1.74656e-20
1.5857e-19
5.56993e-19
2.52761e-18
1.16759e-17
5.54337e-17
1.85357e-16
6.85668e-16
3.06549e-15
1.35822e-14
5.93702e-14
2.56426e-13
1.09331e-12
4.59407e-12
1.89911e-11
7.70899e-11
3.06695e-10
1.19349e-09
4.53352e-09
1.67737e-08
6.03129e-08
2.10244e-07
7.08617e-07
2.30231e-06
7.18512e-06
2.14431e-05
6.08388e-05
0.000162799
0.000406534
0.000935345
0.00194452
0.00359872
0.00601825
0.00924364
0.0132411
0.0179226
0.0231672
0.0288398
0.0348047
0.0409348
0.0471167
0.0532515
0.0592459
0.065047
0.0706039
0.0758769
0.0808355
0.0854485
0.089673
0.0934302
0.0965486
0.0985477
0.0989539
0.0961702
0.0868133
0.0736231
0.0602223
0.0479619
0.0372704
0.0282646
0.0209835
0.0150727
0.00964261
0.00575658
0.00313433
0.00153923
0.000697639
0.000295517
0.000118591
4.55468e-05
1.68552e-05
6.03766e-06
2.10076e-06
7.12114e-07
2.358e-07
7.64554e-08
2.43269e-08
7.61053e-09
2.34491e-09
7.12616e-10
2.13867e-10
6.34518e-11
1.86266e-11
5.41396e-12
1.55896e-12
4.44923e-13
1.25896e-13
3.53288e-14
9.83335e-15
2.71488e-15
7.43645e-16
2.03314e-16
5.7348e-17
1.70482e-17
4.88334e-18
1.29906e-18
3.44398e-19
8.98263e-20
2.09097e-20
2.43097e-21
1.54903e-20
1.18928e-19
4.96766e-19
2.28809e-18
1.00933e-17
4.4302e-17
1.97674e-16
6.31844e-16
2.59729e-15
1.15767e-14
5.07064e-14
2.19179e-13
9.35576e-13
3.9383e-12
1.63206e-11
6.64603e-11
2.65427e-10
1.03752e-09
3.96079e-09
1.47337e-08
5.32778e-08
1.86804e-07
6.33339e-07
2.06999e-06
6.49883e-06
1.95134e-05
5.57163e-05
0.00015012
0.00037778
0.000876876
0.00184496
0.00345052
0.00582162
0.00900597
0.0129741
0.0176392
0.0228793
0.0285569
0.0345334
0.040679
0.0468778
0.0530298
0.0590446
0.0648644
0.0704377
0.0757252
0.0806972
0.0853231
0.0895613
0.0933346
0.0964769
0.0985111
0.0989758
0.0963075
0.0871734
0.0740071
0.0605534
0.0482156
0.0374455
0.0283671
0.0210258
0.0150854
0.00961775
0.00571111
0.00308548
0.00150321
0.00067755
0.000285391
0.000113895
4.35046e-05
1.60117e-05
5.70444e-06
1.97424e-06
6.65763e-07
2.19361e-07
7.0796e-08
2.2431e-08
6.99122e-09
2.14727e-09
6.50887e-10
1.94967e-10
5.77714e-11
1.69487e-11
4.92641e-12
1.41949e-12
4.05625e-13
1.14983e-13
3.23383e-14
9.02109e-15
2.49126e-15
6.7851e-16
1.94492e-16
6.99161e-17
2.18599e-17
5.61573e-18
1.47563e-18
3.78236e-19
1.08017e-19
2.77751e-20
3.35876e-21
1.58994e-20
8.1814e-20
4.08536e-19
1.88682e-18
8.57366e-18
3.94328e-17
1.85929e-16
6.07656e-16
2.1315e-15
9.45555e-15
4.14573e-14
1.79063e-13
7.63665e-13
3.2134e-12
1.33197e-11
5.4291e-11
2.17209e-10
8.5138e-10
3.26267e-09
1.21974e-08
4.43785e-08
1.5674e-07
5.35891e-07
1.76815e-06
5.60975e-06
1.7039e-05
4.92658e-05
0.000134556
0.000343577
0.000809681
0.00173615
0.00329573
0.00562468
0.00877662
0.0127241
0.0173794
0.0226186
0.0283018
0.0342884
0.0404462
0.0466576
0.0528212
0.0588527
0.0646863
0.0702711
0.0755684
0.080549
0.0851834
0.0894317
0.0932194
0.096386
0.0984641
0.0990072
0.0964992
0.0876817
0.0745638
0.0610493
0.0486106
0.0377321
0.028557
0.0211126
0.0151511
0.00963932
0.00569512
0.00305447
0.00147595
0.000657742
0.000274408
0.000108475
4.10333e-05
1.49542e-05
5.27606e-06
1.80907e-06
6.04842e-07
1.97768e-07
6.3408e-08
1.99808e-08
6.20062e-09
1.89823e-09
5.7408e-10
1.71723e-10
5.08582e-11
1.49255e-11
4.34311e-12
1.25368e-12
3.59116e-13
1.02101e-13
2.88094e-14
8.05825e-15
2.22649e-15
6.13064e-16
2.0292e-16
7.58489e-17
1.94751e-17
5.10036e-18
1.34415e-18
3.50385e-19
8.67726e-20
2.42274e-20
2.84936e-21
1.07116e-20
6.57236e-20
3.35686e-19
1.55025e-18
6.96396e-18
3.06833e-17
1.33515e-16
5.76945e-16
1.79916e-15
7.7184e-15
3.39761e-14
1.47208e-13
6.29455e-13
2.65539e-12
1.10429e-11
4.51938e-11
1.81674e-10
7.15936e-10
2.75994e-09
1.03848e-08
3.8049e-08
1.35399e-07
4.66657e-07
1.55284e-06
4.97077e-06
1.52394e-05
4.44954e-05
0.000122792
0.000317034
0.000756093
0.00164346
0.00315967
0.0054453
0.00855759
0.0124738
0.0171108
0.0223456
0.028036
0.0340378
0.0402152
0.0464473
0.0526307
0.0586798
0.0645273
0.0701217
0.0754247
0.0804077
0.0850435
0.0892946
0.0930908
0.0962796
0.0984088
0.0990516
0.0967554
0.0883642
0.0753249
0.0617388
0.0491678
0.0381398
0.0288196
0.0212584
0.0152352
0.00964847
0.00565274
0.00299653
0.00144051
0.000635038
0.000262059
0.00010261
3.84847e-05
1.39162e-05
4.87434e-06
1.66002e-06
5.51501e-07
1.79265e-07
5.71624e-08
1.79227e-08
5.53671e-09
1.6882e-09
5.08841e-10
1.51794e-10
4.4844e-11
1.31301e-11
3.8135e-12
1.09939e-12
3.14738e-13
8.94972e-14
2.52692e-14
7.06897e-15
1.95068e-15
5.63213e-16
2.17851e-16
6.06055e-17
1.67402e-17
4.53437e-18
1.20373e-18
3.13047e-19
7.67204e-20
1.92948e-20
2.42691e-21
6.29582e-21
5.25093e-20
2.59713e-19
1.17075e-18
5.17434e-18
2.28366e-17
1.0207e-16
4.69753e-16
1.45608e-15
5.31708e-15
2.32397e-14
1.00401e-13
4.28278e-13
1.80729e-12
7.53099e-12
3.09338e-11
1.25002e-10
4.95878e-10
1.92712e-09
7.32137e-09
2.7129e-08
9.78044e-08
3.42117e-07
1.15757e-06
3.77515e-06
1.1816e-05
3.52986e-05
9.99066e-05
0.000265226
0.000651861
0.00146168
0.00290185
0.00512331
0.00820029
0.0121131
0.0167705
0.02204
0.0277716
0.0338145
0.040029
0.0462918
0.0524984
0.0585635
0.06442
0.0700174
0.0753187
0.0802972
0.0849276
0.0891756
0.0929749
0.0961812
0.0983583
0.0991005
0.0970205
0.0890759
0.0761504
0.0625291
0.0498572
0.0387034
0.0292533
0.0215231
0.0154042
0.00971403
0.00563975
0.00294006
0.00138205
0.00059574
0.000239666
9.14559e-05
3.34645e-05
1.18245e-05
4.05473e-06
1.35468e-06
4.42455e-07
1.41691e-07
4.4605e-08
1.3835e-08
4.23647e-09
1.283e-09
3.84861e-10
1.145e-10
3.38336e-11
9.93701e-12
2.90178e-12
8.42691e-13
2.43393e-13
6.99041e-14
1.99403e-14
5.62579e-15
1.57439e-15
5.2558e-16
2.0208e-16
5.30547e-17
1.43738e-17
3.91382e-18
1.05533e-18
2.78496e-19
6.99773e-20
1.51351e-20
2.46369e-21
)
;

boundaryField
{
    fuel
    {
        type            fixedValue;
        value           uniform 0;
    }
    air
    {
        type            fixedValue;
        value           uniform 0;
    }
    outlet
    {
        type            inletOutlet;
        inletValue      uniform 0;
        value           nonuniform List<scalar> 
200
(
6.39998e-21
5.24139e-20
2.59732e-19
1.17098e-18
5.17569e-18
2.28438e-17
1.02107e-16
4.6995e-16
1.45672e-15
5.31982e-15
2.32519e-14
1.00456e-13
4.28523e-13
1.80836e-12
7.53537e-12
3.09504e-11
1.25068e-10
4.96139e-10
1.92813e-09
7.32517e-09
2.7143e-08
9.7854e-08
3.42289e-07
1.15815e-06
3.77708e-06
1.18219e-05
3.53158e-05
9.99538e-05
0.000265346
0.000652141
0.00146227
0.00290293
0.0051251
0.00820295
0.0121169
0.0167755
0.0220463
0.0277792
0.0338235
0.0400392
0.046303
0.0525105
0.0585763
0.0644333
0.070031
0.0753323
0.0803107
0.0849409
0.0891887
0.0929878
0.0961942
0.0983722
0.0991175
0.0970461
0.0891224
0.0761974
0.0625684
0.049887
0.0387244
0.0292672
0.0215289
0.0154075
0.00971564
0.00564028
0.00294004
0.00138225
0.000595851
0.000239685
9.14543e-05
3.34622e-05
1.18236e-05
4.05452e-06
1.35468e-06
4.42485e-07
1.41714e-07
4.46175e-08
1.38408e-08
4.2389e-09
1.28394e-09
3.85215e-10
1.14628e-10
3.38775e-11
9.95182e-12
2.90666e-12
8.44269e-13
2.43896e-13
7.0062e-14
1.99892e-14
5.64077e-15
1.5791e-15
5.26641e-16
2.0263e-16
5.32657e-17
1.44476e-17
3.93821e-18
1.06257e-18
2.80491e-19
7.04849e-20
1.52437e-20
2.48097e-21
6.29582e-21
5.25093e-20
2.59713e-19
1.17075e-18
5.17434e-18
2.28366e-17
1.0207e-16
4.69753e-16
1.45608e-15
5.31708e-15
2.32397e-14
1.00401e-13
4.28278e-13
1.80729e-12
7.53099e-12
3.09338e-11
1.25002e-10
4.95878e-10
1.92712e-09
7.32137e-09
2.7129e-08
9.78044e-08
3.42117e-07
1.15757e-06
3.77515e-06
1.1816e-05
3.52986e-05
9.99066e-05
0.000265226
0.000651861
0.00146168
0.00290185
0.00512331
0.00820029
0.0121131
0.0167705
0.02204
0.0277716
0.0338145
0.040029
0.0462918
0.0524984
0.0585635
0.06442
0.0700174
0.0753187
0.0802972
0.0849276
0.0891756
0.0929749
0.0961812
0.0983583
0.0991005
0.0970205
0.0890759
0.0761504
0.0625291
0.0498572
0.0387034
0.0292533
0.0215231
0.0154042
0.00971403
0.00563975
0.00294006
0.00138205
0.00059574
0.000239666
9.14559e-05
3.34645e-05
1.18245e-05
4.05473e-06
1.35468e-06
4.42455e-07
1.41691e-07
4.4605e-08
1.3835e-08
4.23647e-09
1.283e-09
3.84861e-10
1.145e-10
3.38336e-11
9.93701e-12
2.90178e-12
8.42691e-13
2.43393e-13
6.99041e-14
1.99403e-14
5.62579e-15
1.57439e-15
5.2558e-16
2.0208e-16
5.30547e-17
1.43738e-17
3.91382e-18
1.05533e-18
2.78496e-19
6.99773e-20
1.51351e-20
2.46369e-21
)
;
    }
    frontAndBack
    {
        type            empty;
    }
}


// ************************************************************************* //
