/*--------------------------------*- C++ -*----------------------------------*\
  =========                 |
  \\      /  F ield         | OpenFOAM: The Open Source CFD Toolbox
   \\    /   O peration     | Website:  https://openfoam.org
    \\  /    A nd           | Version:  11
     \\/     M anipulation  |
\*---------------------------------------------------------------------------*/
FoamFile
{
    format      ascii;
    class       volScalarField;
    location    "0.05";
    object      N2;
}
// * * * * * * * * * * * * * * * * * * * * * * * * * * * * * * * * * * * * * //

dimensions      [0 0 0 0 0 0 0];

internalField   nonuniform List<scalar> 
4000
(
2.64566e-13
1.90814e-12
7.21145e-12
2.24644e-11
6.38992e-11
1.7206e-10
4.4785e-10
1.15969e-09
2.30175e-09
4.96153e-09
1.19378e-08
2.84726e-08
6.70298e-08
1.56333e-07
3.61807e-07
8.31521e-07
1.89843e-06
4.30552e-06
9.69894e-06
2.16978e-05
4.81915e-05
0.000106206
0.000232033
0.000501816
0.00107195
0.0022543
0.00464515
0.00931623
0.0180204
0.0332306
0.0576819
0.0919954
0.134869
0.184119
0.237107
0.291346
0.344822
0.396052
0.444044
0.488209
0.528274
0.564192
0.596072
0.624132
0.64865
0.669938
0.688316
0.704098
0.717584
0.729051
0.738752
0.746464
0.752953
0.75872
0.763408
0.767224
0.770265
0.772606
0.774306
0.775409
0.775965
0.776048
0.775674
0.77489
0.773857
0.77279
0.771874
0.771185
0.770716
0.770418
0.770237
0.770132
0.770072
0.770039
0.770021
0.770011
0.770006
0.770003
0.770001
0.770001
0.77
0.77
0.77
0.77
0.77
0.77
0.77
0.77
0.77
0.77
0.77
0.77
0.77
0.77
0.77
0.77
0.77
0.77
0.77
0.77
3.62266e-13
1.9782e-12
7.62235e-12
2.39608e-11
6.86827e-11
1.86223e-10
4.83636e-10
1.19781e-09
2.37812e-09
5.71101e-09
1.39984e-08
3.3775e-08
8.04065e-08
1.89314e-07
4.41552e-07
1.02099e-06
2.34124e-06
5.32528e-06
1.20145e-05
2.68821e-05
5.96277e-05
0.000131033
0.000284971
0.00061237
0.00129711
0.00269895
0.00548951
0.010839
0.0205841
0.0371695
0.0630675
0.0982113
0.141364
0.190305
0.242575
0.295939
0.348544
0.398993
0.44633
0.489971
0.529634
0.565252
0.596915
0.624822
0.649238
0.67046
0.688795
0.70455
0.718017
0.729467
0.739151
0.746836
0.753295
0.759041
0.763699
0.767483
0.770491
0.772801
0.774472
0.77555
0.776082
0.776147
0.775766
0.775003
0.773983
0.772926
0.771994
0.771283
0.770788
0.770467
0.770269
0.770151
0.770083
0.770045
0.770024
0.770013
0.770007
0.770003
0.770002
0.770001
0.77
0.77
0.77
0.77
0.77
0.77
0.77
0.77
0.77
0.77
0.77
0.77
0.77
0.77
0.77
0.77
0.77
0.77
0.77
0.77
4.59632e-13
2.09233e-12
7.93876e-12
2.50715e-11
7.23207e-11
1.99782e-10
5.47256e-10
1.14779e-09
2.47734e-09
6.15792e-09
1.51324e-08
3.65404e-08
8.70846e-08
2.05343e-07
4.79605e-07
1.11017e-06
2.5476e-06
5.79654e-06
1.30767e-05
2.92438e-05
6.48024e-05
0.000142189
0.000308591
0.000661357
0.0013963
0.00289398
0.00585893
0.011506
0.0217142
0.0389307
0.0654802
0.101092
0.144527
0.193601
0.245865
0.299077
0.351416
0.401536
0.448525
0.491834
0.531199
0.566561
0.59801
0.625747
0.650032
0.671157
0.689421
0.705123
0.718547
0.729962
0.739612
0.747256
0.753671
0.759381
0.763998
0.767739
0.770705
0.772976
0.774614
0.775664
0.776176
0.776239
0.775847
0.775077
0.774061
0.772985
0.772047
0.771326
0.77082
0.770488
0.770283
0.77016
0.770088
0.770048
0.770026
0.770014
0.770007
0.770004
0.770002
0.770001
0.77
0.77
0.77
0.77
0.77
0.77
0.77
0.77
0.77
0.77
0.77
0.77
0.77
0.77
0.77
0.77
0.77
0.77
0.77
0.77
4.0512e-13
2.55052e-12
8.38274e-12
2.66005e-11
7.60449e-11
2.05941e-10
5.3848e-10
1.1087e-09
2.64837e-09
6.65757e-09
1.64102e-08
3.98025e-08
9.53524e-08
2.25996e-07
5.30356e-07
1.23284e-06
2.83921e-06
6.47797e-06
1.46409e-05
3.27684e-05
7.25938e-05
0.000159069
0.000344384
0.000735449
0.00154545
0.00318423
0.0064004
0.0124628
0.0232916
0.0413162
0.0685433
0.104638
0.14829
0.19733
0.249382
0.302281
0.354268
0.404033
0.45069
0.493703
0.532814
0.567967
0.599199
0.626763
0.650909
0.67192
0.690091
0.705716
0.719075
0.730432
0.740032
0.747624
0.753992
0.759662
0.764239
0.767943
0.770874
0.773115
0.774726
0.775754
0.77625
0.776298
0.775905
0.775144
0.774127
0.773048
0.772108
0.771373
0.770854
0.770512
0.770298
0.77017
0.770094
0.770052
0.770028
0.770015
0.770008
0.770004
0.770002
0.770001
0.77
0.77
0.77
0.77
0.77
0.77
0.77
0.77
0.77
0.77
0.77
0.77
0.77
0.77
0.77
0.77
0.77
0.77
0.77
0.77
3.8991e-13
2.98317e-12
8.56371e-12
2.70516e-11
7.8562e-11
2.2135e-10
4.82949e-10
1.1043e-09
2.81794e-09
7.08493e-09
1.74761e-08
4.24836e-08
1.02025e-07
2.42328e-07
5.69597e-07
1.32539e-06
3.05354e-06
6.96562e-06
1.5732e-05
3.51715e-05
7.78079e-05
0.000170218
0.000367858
0.000784044
0.00164403
0.00337922
0.00677339
0.0131447
0.0244633
0.0431706
0.0710665
0.107722
0.15173
0.200899
0.25288
0.305564
0.35725
0.406677
0.452993
0.495688
0.53452
0.569425
0.600426
0.627798
0.651788
0.672671
0.690737
0.706273
0.719557
0.730851
0.74039
0.747932
0.754256
0.759886
0.764428
0.7681
0.771004
0.773221
0.774814
0.775829
0.776313
0.776358
0.775971
0.775207
0.774192
0.773109
0.772154
0.771408
0.770879
0.770529
0.770309
0.770176
0.770099
0.770054
0.770029
0.770016
0.770008
0.770004
0.770002
0.770001
0.770001
0.77
0.77
0.77
0.77
0.77
0.77
0.77
0.77
0.77
0.77
0.77
0.77
0.77
0.77
0.77
0.77
0.77
0.77
0.77
2.54907e-13
2.03015e-12
8.11473e-12
2.2722e-11
7.06433e-11
1.76088e-10
4.52045e-10
1.17254e-09
2.98371e-09
7.47016e-09
1.84406e-08
4.49415e-08
1.08235e-07
2.57783e-07
6.07457e-07
1.41671e-06
3.27046e-06
7.47327e-06
1.6902e-05
3.78252e-05
8.37229e-05
0.000183149
0.000395509
0.000841664
0.00176048
0.00360595
0.00719503
0.0138849
0.0256727
0.0449822
0.0734035
0.110466
0.154718
0.203968
0.255896
0.308425
0.359889
0.409056
0.4551
0.497528
0.536115
0.570718
0.60157
0.628778
0.652625
0.673384
0.691343
0.706788
0.719995
0.731223
0.740698
0.748192
0.754474
0.760069
0.764579
0.768224
0.771106
0.773304
0.774882
0.775884
0.776362
0.776408
0.776017
0.775251
0.774238
0.773154
0.772192
0.771438
0.770901
0.770544
0.770319
0.770183
0.770102
0.770056
0.77003
0.770016
0.770008
0.770004
0.770002
0.770001
0.770001
0.77
0.77
0.77
0.77
0.77
0.77
0.77
0.77
0.77
0.77
0.77
0.77
0.77
0.77
0.77
0.77
0.77
0.77
0.77
2.39919e-13
1.88705e-12
7.09666e-12
2.22026e-11
6.39716e-11
1.75226e-10
4.66256e-10
1.21356e-09
3.0993e-09
7.78593e-09
1.92765e-08
4.71019e-08
1.13709e-07
2.71395e-07
6.40702e-07
1.49648e-06
3.45855e-06
7.909e-06
1.78938e-05
4.00428e-05
8.85934e-05
0.000193652
0.00041773
0.000887717
0.0018537
0.00378933
0.00754267
0.014512
0.0267304
0.0466169
0.0755762
0.113072
0.157591
0.206934
0.258808
0.311178
0.362415
0.411319
0.457081
0.499221
0.53751
0.571888
0.602606
0.629675
0.653395
0.674039
0.691897
0.707255
0.720387
0.731551
0.740964
0.748415
0.754659
0.76022
0.764703
0.768325
0.771188
0.77337
0.774935
0.775932
0.776407
0.776448
0.776056
0.775292
0.774279
0.773191
0.772224
0.771464
0.77092
0.770557
0.770327
0.770188
0.770105
0.770058
0.770031
0.770017
0.770009
0.770005
0.770002
0.770001
0.770001
0.77
0.77
0.77
0.77
0.77
0.77
0.77
0.77
0.77
0.77
0.77
0.77
0.77
0.77
0.77
0.77
0.77
0.77
0.77
2.40474e-13
1.89271e-12
7.12441e-12
2.2414e-11
6.48968e-11
1.79143e-10
4.79056e-10
1.2508e-09
3.20258e-09
8.06414e-09
2.00095e-08
4.89965e-08
1.18516e-07
2.8338e-07
6.70072e-07
1.56725e-06
3.62629e-06
8.30018e-06
1.87915e-05
4.20696e-05
9.30923e-05
0.000203458
0.000438679
0.000931431
0.0019424
0.00396318
0.00786893
0.0150912
0.0276883
0.0480684
0.0774797
0.115344
0.1601
0.209542
0.261394
0.313647
0.364703
0.413386
0.458906
0.50079
0.538815
0.573086
0.603553
0.630509
0.65411
0.674645
0.692406
0.707679
0.720739
0.731842
0.741199
0.748608
0.754818
0.760349
0.764808
0.76841
0.771256
0.773427
0.774982
0.77597
0.776442
0.776482
0.77609
0.775327
0.774315
0.773225
0.772252
0.771485
0.770935
0.770567
0.770334
0.770192
0.770108
0.77006
0.770032
0.770017
0.770009
0.770005
0.770002
0.770001
0.770001
0.77
0.77
0.77
0.77
0.77
0.77
0.77
0.77
0.77
0.77
0.77
0.77
0.77
0.77
0.77
0.77
0.77
0.77
0.77
2.43916e-13
1.91802e-12
7.22966e-12
2.27974e-11
6.61766e-11
1.83117e-10
4.90739e-10
1.28385e-09
3.29356e-09
8.30919e-09
2.06568e-08
5.06752e-08
1.22793e-07
2.9409e-07
6.96442e-07
1.63111e-06
3.77841e-06
8.65669e-06
1.96132e-05
4.39321e-05
9.72402e-05
0.000212524
0.000458089
0.000972024
0.00202496
0.00412546
0.00817432
0.0156344
0.0285866
0.049425
0.0792481
0.11744
0.1624
0.21192
0.263744
0.315892
0.36679
0.41529
0.460623
0.502339
0.540234
0.574284
0.604593
0.631351
0.6548
0.675213
0.692875
0.708065
0.721056
0.732102
0.741406
0.748777
0.754956
0.760461
0.764897
0.768482
0.771315
0.773474
0.775023
0.776007
0.776474
0.776513
0.776119
0.775355
0.774343
0.773249
0.772274
0.771502
0.770947
0.770576
0.77034
0.770195
0.77011
0.770061
0.770033
0.770018
0.770009
0.770005
0.770002
0.770001
0.770001
0.77
0.77
0.77
0.77
0.77
0.77
0.77
0.77
0.77
0.77
0.77
0.77
0.77
0.77
0.77
0.77
0.77
0.77
0.77
2.46581e-13
1.94267e-12
7.33147e-12
2.31556e-11
6.73311e-11
1.86625e-10
5.00929e-10
1.31253e-09
3.37234e-09
8.52122e-09
2.12169e-08
5.21278e-08
1.26495e-07
3.03359e-07
7.19255e-07
1.6863e-06
3.9097e-06
8.96373e-06
2.03191e-05
4.5527e-05
0.00010078
0.000220232
0.000474531
0.0010063
0.0020945
0.00426199
0.00843143
0.016093
0.0293487
0.0505835
0.0807738
0.119267
0.164424
0.21403
0.265841
0.317903
0.368665
0.417
0.462156
0.503695
0.541419
0.575308
0.605466
0.632087
0.655416
0.675725
0.693297
0.708412
0.72134
0.732333
0.741589
0.748926
0.755078
0.760557
0.764975
0.768544
0.771365
0.773516
0.775058
0.776038
0.776502
0.776539
0.776144
0.775381
0.774369
0.773275
0.772294
0.771517
0.770958
0.770583
0.770344
0.770198
0.770112
0.770062
0.770034
0.770018
0.770009
0.770005
0.770002
0.770001
0.770001
0.77
0.77
0.77
0.77
0.77
0.77
0.77
0.77
0.77
0.77
0.77
0.77
0.77
0.77
0.77
0.77
0.77
0.77
0.77
2.50022e-13
1.96598e-12
7.42395e-12
2.3474e-11
6.83464e-11
1.89689e-10
5.09808e-10
1.33749e-09
3.44095e-09
8.70609e-09
2.17061e-08
5.34e-08
1.29747e-07
3.11535e-07
7.39469e-07
1.73547e-06
4.02737e-06
9.2408e-06
2.0961e-05
4.69895e-05
0.000104054
0.000227429
0.000490022
0.00103884
0.00216093
0.00439277
0.00867738
0.016529
0.0300654
0.0516573
0.0821662
0.120913
0.166231
0.215903
0.267699
0.319684
0.370326
0.418516
0.463516
0.504897
0.542467
0.576211
0.606237
0.632738
0.655961
0.676178
0.693671
0.70872
0.721591
0.732537
0.74175
0.749058
0.755185
0.760641
0.765042
0.768598
0.771408
0.77355
0.775087
0.776063
0.776524
0.77656
0.776164
0.775401
0.774389
0.773292
0.772309
0.771529
0.770967
0.770589
0.770348
0.770201
0.770113
0.770063
0.770034
0.770018
0.77001
0.770005
0.770003
0.770001
0.770001
0.77
0.77
0.77
0.77
0.77
0.77
0.77
0.77
0.77
0.77
0.77
0.77
0.77
0.77
0.77
0.77
0.77
0.77
0.77
2.52243e-13
1.98708e-12
7.50655e-12
2.37543e-11
6.92314e-11
1.92341e-10
5.17458e-10
1.35896e-09
3.49989e-09
8.86491e-09
2.21265e-08
5.44937e-08
1.32545e-07
3.18571e-07
7.56869e-07
1.77779e-06
4.12857e-06
9.47879e-06
2.15113e-05
4.82397e-05
0.000106844
0.000233534
0.000503106
0.00106623
0.00221665
0.00450234
0.00888367
0.0168961
0.0306722
0.0525728
0.0833636
0.12234
0.167806
0.217542
0.26933
0.321249
0.371788
0.419851
0.464713
0.505954
0.543389
0.577005
0.606914
0.633311
0.656441
0.676578
0.694001
0.70899
0.721812
0.732716
0.741892
0.749173
0.755279
0.760714
0.765101
0.768645
0.771445
0.773581
0.775112
0.776084
0.776542
0.776577
0.776181
0.775418
0.774407
0.773309
0.772323
0.771539
0.770974
0.770594
0.770351
0.770203
0.770115
0.770063
0.770035
0.770018
0.77001
0.770005
0.770003
0.770001
0.770001
0.77
0.77
0.77
0.77
0.77
0.77
0.77
0.77
0.77
0.77
0.77
0.77
0.77
0.77
0.77
0.77
0.77
0.77
0.77
2.54907e-13
2.0054e-12
7.5796e-12
2.39996e-11
6.99983e-11
1.94624e-10
5.24025e-10
1.37736e-09
3.5504e-09
9.00103e-09
2.24871e-08
5.54334e-08
1.34953e-07
3.24639e-07
7.71916e-07
1.81449e-06
4.21665e-06
9.68672e-06
2.19941e-05
4.9342e-05
0.000109316
0.000238975
0.000514827
0.00109087
0.00226697
0.00460145
0.00907008
0.0172264
0.0312147
0.0533844
0.0844162
0.123585
0.169176
0.218965
0.270744
0.322607
0.373056
0.42101
0.465753
0.506873
0.54419
0.577696
0.607504
0.633809
0.656859
0.676925
0.694289
0.709226
0.722004
0.732872
0.742015
0.749274
0.75536
0.760778
0.765151
0.768685
0.771478
0.773607
0.775133
0.776102
0.776559
0.776593
0.776196
0.775433
0.774421
0.773321
0.772333
0.771547
0.77098
0.770598
0.770354
0.770204
0.770115
0.770064
0.770035
0.770019
0.77001
0.770005
0.770003
0.770001
0.770001
0.77
0.77
0.77
0.77
0.77
0.77
0.77
0.77
0.77
0.77
0.77
0.77
0.77
0.77
0.77
0.77
0.77
0.77
0.77
2.56795e-13
2.02116e-12
7.64078e-12
2.4206e-11
7.06463e-11
1.96558e-10
5.29587e-10
1.39294e-09
3.59312e-09
9.11614e-09
2.27922e-08
5.62286e-08
1.36992e-07
3.29783e-07
7.84681e-07
1.84565e-06
4.29147e-06
9.86346e-06
2.24046e-05
5.0279e-05
0.000111417
0.000243594
0.000524771
0.00111176
0.0023096
0.0046854
0.00922807
0.0175067
0.0316758
0.054075
0.0853136
0.124649
0.170348
0.220183
0.271955
0.32377
0.374144
0.422004
0.466645
0.507661
0.544878
0.578289
0.60801
0.634238
0.657218
0.677224
0.694536
0.709429
0.72217
0.733006
0.742121
0.74936
0.755431
0.760833
0.765195
0.76872
0.771506
0.77363
0.775152
0.776118
0.776573
0.776606
0.776208
0.775445
0.774433
0.773332
0.772342
0.771554
0.770985
0.770601
0.770356
0.770206
0.770116
0.770064
0.770035
0.770019
0.77001
0.770005
0.770003
0.770001
0.770001
0.77
0.77
0.77
0.77
0.77
0.77
0.77
0.77
0.77
0.77
0.77
0.77
0.77
0.77
0.77
0.77
0.77
0.77
0.77
2.58016e-13
2.03282e-12
7.68829e-12
2.43722e-11
7.118e-11
1.98165e-10
5.34222e-10
1.40592e-09
3.62872e-09
9.2121e-09
2.30466e-08
5.68922e-08
1.38695e-07
3.34085e-07
7.95368e-07
1.87178e-06
4.35432e-06
1.00121e-05
2.27505e-05
5.10704e-05
0.000113195
0.000247512
0.000533222
0.00112954
0.00234593
0.00475699
0.00936272
0.0177452
0.032067
0.054659
0.0860702
0.125544
0.171332
0.221206
0.272972
0.324747
0.375058
0.42284
0.467396
0.508325
0.545458
0.578789
0.608437
0.634599
0.657521
0.677477
0.694744
0.7096
0.722309
0.733119
0.742211
0.749432
0.75549
0.760878
0.765231
0.768749
0.771529
0.773648
0.775168
0.776131
0.776585
0.776616
0.776218
0.775454
0.774442
0.773341
0.772349
0.77156
0.770988
0.770604
0.770358
0.770207
0.770117
0.770065
0.770035
0.770019
0.77001
0.770005
0.770003
0.770001
0.770001
0.77
0.77
0.77
0.77
0.77
0.77
0.77
0.77
0.77
0.77
0.77
0.77
0.77
0.77
0.77
0.77
0.77
0.77
0.77
2.59348e-13
2.04348e-12
7.73093e-12
2.45153e-11
7.16265e-11
1.99489e-10
5.3801e-10
1.4165e-09
3.65773e-09
9.29025e-09
2.32538e-08
5.74329e-08
1.40083e-07
3.37593e-07
8.04094e-07
1.89313e-06
4.40571e-06
1.01338e-05
2.3034e-05
5.17192e-05
0.000114654
0.000250728
0.000540161
0.00114415
0.00237579
0.00481581
0.00947336
0.0179412
0.0323882
0.0551382
0.0866906
0.126278
0.172138
0.222044
0.273805
0.325548
0.375807
0.423525
0.468012
0.508871
0.545934
0.5792
0.608788
0.634895
0.65777
0.677684
0.694915
0.709741
0.722424
0.733212
0.742284
0.749492
0.755538
0.760916
0.765261
0.768773
0.771548
0.773663
0.77518
0.776142
0.776593
0.776624
0.776225
0.775461
0.774449
0.773347
0.772354
0.771564
0.770991
0.770606
0.770359
0.770208
0.770117
0.770065
0.770035
0.770019
0.77001
0.770005
0.770003
0.770001
0.770001
0.77
0.77
0.77
0.77
0.77
0.77
0.77
0.77
0.77
0.77
0.77
0.77
0.77
0.77
0.77
0.77
0.77
0.77
0.77
2.60569e-13
2.05247e-12
7.76645e-12
2.46321e-11
7.1983e-11
2.00536e-10
5.40998e-10
1.42484e-09
3.68056e-09
9.35176e-09
2.34169e-08
5.78585e-08
1.41177e-07
3.40358e-07
8.10973e-07
1.90997e-06
4.44629e-06
1.023e-05
2.32582e-05
5.22329e-05
0.000115809
0.000253278
0.000545667
0.00115575
0.0023995
0.00486254
0.00956123
0.0180967
0.0326428
0.0555174
0.0871809
0.126857
0.172775
0.222705
0.274463
0.32618
0.376398
0.424066
0.468498
0.509302
0.546309
0.579524
0.609064
0.635129
0.657967
0.677847
0.69505
0.709852
0.722514
0.733286
0.742342
0.749539
0.755576
0.760946
0.765285
0.768792
0.771563
0.773676
0.775189
0.776149
0.7766
0.776631
0.776231
0.775466
0.774454
0.773352
0.772358
0.771567
0.770994
0.770607
0.77036
0.770208
0.770118
0.770065
0.770036
0.770019
0.77001
0.770005
0.770003
0.770001
0.770001
0.77
0.77
0.77
0.77
0.77
0.77
0.77
0.77
0.77
0.77
0.77
0.77
0.77
0.77
0.77
0.77
0.77
0.77
0.77
2.6168e-13
2.05924e-12
7.79266e-12
2.47194e-11
7.22499e-11
2.01319e-10
5.43229e-10
1.43106e-09
3.69759e-09
9.39763e-09
2.35385e-08
5.81761e-08
1.41993e-07
3.42422e-07
8.16111e-07
1.92256e-06
4.47662e-06
1.03019e-05
2.34258e-05
5.2617e-05
0.000116674
0.000255186
0.000549787
0.00116442
0.00241724
0.00489749
0.00962693
0.0182129
0.0328328
0.0558001
0.087546
0.127288
0.173248
0.223196
0.274951
0.326649
0.376837
0.424467
0.468858
0.509618
0.546587
0.579763
0.609269
0.635303
0.658111
0.677968
0.69515
0.709933
0.722581
0.733339
0.742384
0.749573
0.755604
0.760968
0.765303
0.768806
0.771574
0.773684
0.775196
0.776155
0.776605
0.776635
0.776235
0.77547
0.774457
0.773355
0.772361
0.771569
0.770995
0.770608
0.77036
0.770208
0.770118
0.770065
0.770036
0.770019
0.77001
0.770005
0.770003
0.770001
0.770001
0.77
0.77
0.77
0.77
0.77
0.77
0.77
0.77
0.77
0.77
0.77
0.77
0.77
0.77
0.77
0.77
0.77
0.77
0.77
2.61902e-13
2.06379e-12
7.81053e-12
2.47781e-11
7.24293e-11
2.01842e-10
5.44718e-10
1.4352e-09
3.70893e-09
9.42817e-09
2.36194e-08
5.83869e-08
1.42534e-07
3.43788e-07
8.19504e-07
1.93085e-06
4.49657e-06
1.03491e-05
2.35356e-05
5.28681e-05
0.000117238
0.000256427
0.000552462
0.00117005
0.00242871
0.00492007
0.00966934
0.0182878
0.0329555
0.0559826
0.0877823
0.127568
0.173556
0.223516
0.27527
0.326955
0.377122
0.424728
0.46909
0.509823
0.546765
0.579918
0.6094
0.635413
0.658204
0.678045
0.695214
0.709985
0.722623
0.733374
0.742411
0.749596
0.755623
0.760982
0.765314
0.768815
0.771581
0.77369
0.775201
0.776159
0.776608
0.776638
0.776237
0.775472
0.774459
0.773356
0.772362
0.771569
0.770996
0.770608
0.770361
0.770209
0.770118
0.770066
0.770036
0.770019
0.77001
0.770005
0.770003
0.770001
0.770001
0.77
0.77
0.77
0.77
0.77
0.77
0.77
0.77
0.77
0.77
0.77
0.77
0.77
0.77
0.77
0.77
0.77
0.77
0.77
2.62457e-13
2.0669e-12
7.81941e-12
2.48057e-11
7.25133e-11
2.02089e-10
5.45415e-10
1.43713e-09
3.71417e-09
9.44217e-09
2.36563e-08
5.84826e-08
1.42778e-07
3.44402e-07
8.21023e-07
1.93455e-06
4.50544e-06
1.03701e-05
2.35842e-05
5.29789e-05
0.000117486
0.000256974
0.000553638
0.00117252
0.00243375
0.00492998
0.00968795
0.0183208
0.0330095
0.0560632
0.0878869
0.127692
0.173693
0.22366
0.275413
0.327094
0.377252
0.424847
0.469198
0.50992
0.546849
0.57999
0.609462
0.635466
0.658249
0.678082
0.695244
0.71001
0.722644
0.733391
0.742425
0.749607
0.755632
0.760989
0.76532
0.768819
0.771585
0.773693
0.775203
0.77616
0.776609
0.776639
0.776238
0.775473
0.77446
0.773357
0.772362
0.77157
0.770996
0.770609
0.770361
0.770209
0.770118
0.770066
0.770036
0.770019
0.77001
0.770005
0.770003
0.770001
0.770001
0.77
0.77
0.77
0.77
0.77
0.77
0.77
0.77
0.77
0.77
0.77
0.77
0.77
0.77
0.77
0.77
0.77
0.77
0.77
2.62457e-13
2.06646e-12
7.81908e-12
2.48062e-11
7.25154e-11
2.02093e-10
5.45426e-10
1.43716e-09
3.71425e-09
9.44238e-09
2.36568e-08
5.84838e-08
1.42781e-07
3.44409e-07
8.21039e-07
1.93459e-06
4.50552e-06
1.03702e-05
2.35846e-05
5.29798e-05
0.000117488
0.000256977
0.000553646
0.00117253
0.00243378
0.00493003
0.00968803
0.0183209
0.0330096
0.0560634
0.087887
0.127692
0.173693
0.223658
0.275411
0.327091
0.377249
0.424844
0.469195
0.509916
0.546845
0.579986
0.609459
0.635463
0.658246
0.67808
0.695243
0.710009
0.722643
0.733391
0.742425
0.749607
0.755632
0.76099
0.765321
0.76882
0.771585
0.773693
0.775203
0.77616
0.776609
0.776639
0.776238
0.775473
0.77446
0.773357
0.772362
0.77157
0.770996
0.770609
0.770361
0.770209
0.770118
0.770066
0.770036
0.770019
0.77001
0.770005
0.770003
0.770001
0.770001
0.77
0.77
0.77
0.77
0.77
0.77
0.77
0.77
0.77
0.77
0.77
0.77
0.77
0.77
0.77
0.77
0.77
0.77
0.77
2.62013e-13
2.06379e-12
7.81131e-12
2.47815e-11
7.24407e-11
2.01877e-10
5.44814e-10
1.43546e-09
3.70957e-09
9.42976e-09
2.36233e-08
5.83963e-08
1.42556e-07
3.43839e-07
8.1962e-07
1.93111e-06
4.49714e-06
1.03504e-05
2.35382e-05
5.28735e-05
0.000117248
0.000256449
0.000552504
0.00117012
0.00242885
0.00492031
0.00966971
0.0182884
0.0329561
0.0559831
0.087782
0.127566
0.173552
0.22351
0.275261
0.326945
0.37711
0.424715
0.469078
0.509811
0.546752
0.579905
0.609389
0.635404
0.658197
0.678039
0.695209
0.709982
0.722621
0.733373
0.742412
0.749597
0.755624
0.760984
0.765316
0.768816
0.771582
0.77369
0.775201
0.776158
0.776608
0.776638
0.776237
0.775471
0.774459
0.773356
0.772362
0.771569
0.770995
0.770608
0.770361
0.770209
0.770118
0.770066
0.770036
0.770019
0.77001
0.770005
0.770003
0.770001
0.770001
0.77
0.77
0.77
0.77
0.77
0.77
0.77
0.77
0.77
0.77
0.77
0.77
0.77
0.77
0.77
0.77
0.77
0.77
0.77
2.61235e-13
2.0598e-12
7.79488e-12
2.47253e-11
7.22684e-11
2.01372e-10
5.43375e-10
1.43144e-09
3.69856e-09
9.40008e-09
2.35446e-08
5.81907e-08
1.42028e-07
3.42503e-07
8.16296e-07
1.92297e-06
4.47755e-06
1.03039e-05
2.34301e-05
5.2626e-05
0.000116692
0.000255222
0.000549857
0.00116455
0.00241747
0.00489788
0.00962754
0.0182137
0.0328338
0.0558007
0.0875454
0.127285
0.173242
0.223186
0.274937
0.326632
0.376816
0.424445
0.468834
0.509596
0.546565
0.579744
0.609251
0.635287
0.658099
0.677957
0.695142
0.709927
0.722577
0.733338
0.742384
0.749575
0.755607
0.760971
0.765305
0.768808
0.771575
0.773685
0.775196
0.776154
0.776604
0.776635
0.776234
0.775469
0.774457
0.773354
0.772361
0.771568
0.770995
0.770608
0.77036
0.770208
0.770118
0.770065
0.770036
0.770019
0.77001
0.770005
0.770003
0.770001
0.770001
0.77
0.77
0.77
0.77
0.77
0.77
0.77
0.77
0.77
0.77
0.77
0.77
0.77
0.77
0.77
0.77
0.77
0.77
0.77
2.60347e-13
2.05314e-12
7.7689e-12
2.46406e-11
7.2008e-11
2.00605e-10
5.41185e-10
1.42533e-09
3.6818e-09
9.35487e-09
2.34245e-08
5.78769e-08
1.41221e-07
3.4046e-07
8.11206e-07
1.9105e-06
4.44745e-06
1.02325e-05
2.32635e-05
5.2244e-05
0.000115832
0.000253323
0.000545754
0.00115591
0.00239978
0.00486302
0.00956197
0.0180977
0.0326439
0.055518
0.0871798
0.126853
0.172766
0.222691
0.274444
0.326157
0.376371
0.424036
0.468467
0.50927
0.54628
0.579497
0.60904
0.635109
0.657949
0.677833
0.695039
0.709844
0.722509
0.733283
0.742342
0.749541
0.75558
0.76095
0.765289
0.768794
0.771565
0.773676
0.775189
0.776148
0.776599
0.77663
0.77623
0.775465
0.774453
0.773351
0.772358
0.771567
0.770993
0.770607
0.77036
0.770208
0.770118
0.770065
0.770036
0.770019
0.77001
0.770005
0.770003
0.770001
0.770001
0.77
0.77
0.77
0.77
0.77
0.77
0.77
0.77
0.77
0.77
0.77
0.77
0.77
0.77
0.77
0.77
0.77
0.77
0.77
2.59237e-13
2.04425e-12
7.73404e-12
2.45264e-11
7.16569e-11
1.99572e-10
5.3824e-10
1.41711e-09
3.65927e-09
9.29411e-09
2.32632e-08
5.74556e-08
1.40137e-07
3.37719e-07
8.0438e-07
1.89377e-06
4.40713e-06
1.01369e-05
2.30405e-05
5.17328e-05
0.000114681
0.000250783
0.000540265
0.00114434
0.00237612
0.00481637
0.00947419
0.0179423
0.0323892
0.0551385
0.0866887
0.126272
0.172127
0.222026
0.273781
0.325518
0.375772
0.423488
0.467973
0.508832
0.545897
0.579166
0.608757
0.634869
0.657748
0.677665
0.694901
0.70973
0.722417
0.733209
0.742284
0.749494
0.755542
0.760921
0.765266
0.768776
0.77155
0.773664
0.775179
0.776141
0.776592
0.776623
0.776224
0.77546
0.774448
0.773347
0.772354
0.771564
0.770991
0.770605
0.770359
0.770207
0.770117
0.770065
0.770035
0.770019
0.77001
0.770005
0.770003
0.770001
0.770001
0.77
0.77
0.77
0.77
0.77
0.77
0.77
0.77
0.77
0.77
0.77
0.77
0.77
0.77
0.77
0.77
0.77
0.77
0.77
2.58349e-13
2.0336e-12
7.69185e-12
2.43839e-11
7.12159e-11
1.98266e-10
5.34494e-10
1.40663e-09
3.63054e-09
9.21663e-09
2.30577e-08
5.69189e-08
1.38758e-07
3.34231e-07
7.95704e-07
1.87253e-06
4.35598e-06
1.00157e-05
2.27581e-05
5.10862e-05
0.000113227
0.000247575
0.00053334
0.00112976
0.00234631
0.00475759
0.00936359
0.0177463
0.0320678
0.0546588
0.0860671
0.125536
0.171317
0.221183
0.272942
0.32471
0.375015
0.422794
0.467348
0.508278
0.545412
0.578747
0.608399
0.634566
0.657494
0.677454
0.694727
0.709588
0.722301
0.733116
0.742211
0.749435
0.755495
0.760885
0.765237
0.768753
0.771531
0.773649
0.775167
0.77613
0.776583
0.776615
0.776216
0.775453
0.774441
0.77334
0.772349
0.771559
0.770988
0.770603
0.770358
0.770207
0.770117
0.770065
0.770035
0.770019
0.77001
0.770005
0.770003
0.770001
0.770001
0.77
0.77
0.77
0.77
0.77
0.77
0.77
0.77
0.77
0.77
0.77
0.77
0.77
0.77
0.77
0.77
0.77
0.77
0.77
2.56795e-13
2.02183e-12
7.64433e-12
2.4219e-11
7.06867e-11
1.96672e-10
5.29895e-10
1.39374e-09
3.59517e-09
9.12127e-09
2.28047e-08
5.62588e-08
1.37063e-07
3.29949e-07
7.85058e-07
1.84649e-06
4.29333e-06
9.86746e-06
2.2413e-05
5.02964e-05
0.000111452
0.000243662
0.000524899
0.00111199
0.00230999
0.00468601
0.00922891
0.0175076
0.0316762
0.0540739
0.0853089
0.124639
0.170329
0.220155
0.271918
0.323725
0.374092
0.421948
0.466588
0.507605
0.544824
0.578239
0.607965
0.634198
0.657185
0.677197
0.694515
0.709414
0.72216
0.733002
0.742122
0.749364
0.755437
0.76084
0.765202
0.768725
0.771509
0.773631
0.775152
0.776117
0.776572
0.776604
0.776206
0.775443
0.774432
0.773331
0.772342
0.771554
0.770984
0.770601
0.770356
0.770206
0.770116
0.770064
0.770035
0.770019
0.77001
0.770005
0.770003
0.770001
0.770001
0.77
0.77
0.77
0.77
0.77
0.77
0.77
0.77
0.77
0.77
0.77
0.77
0.77
0.77
0.77
0.77
0.77
0.77
0.77
2.54907e-13
2.00695e-12
7.58404e-12
2.4015e-11
7.00443e-11
1.94753e-10
5.24371e-10
1.37826e-09
3.55268e-09
9.00671e-09
2.2501e-08
5.54666e-08
1.35031e-07
3.2482e-07
7.72327e-07
1.81541e-06
4.21866e-06
9.69104e-06
2.20032e-05
4.93606e-05
0.000109353
0.000239047
0.000514961
0.00109111
0.00226736
0.00460205
0.00907086
0.0172272
0.0312148
0.0533824
0.0844098
0.123572
0.169154
0.218932
0.2707
0.322554
0.372996
0.420945
0.465686
0.506807
0.544127
0.577638
0.607452
0.633764
0.656821
0.676894
0.694265
0.709209
0.721994
0.732868
0.742016
0.749278
0.755368
0.760787
0.76516
0.768691
0.771482
0.773608
0.775133
0.7761
0.776557
0.776591
0.776194
0.775431
0.77442
0.77332
0.772332
0.771547
0.770979
0.770598
0.770354
0.770204
0.770115
0.770064
0.770035
0.770019
0.77001
0.770005
0.770003
0.770001
0.770001
0.77
0.77
0.77
0.77
0.77
0.77
0.77
0.77
0.77
0.77
0.77
0.77
0.77
0.77
0.77
0.77
0.77
0.77
0.77
2.52798e-13
1.98797e-12
7.5121e-12
2.3772e-11
6.92835e-11
1.92483e-10
5.17839e-10
1.35995e-09
3.50239e-09
8.87109e-09
2.21415e-08
5.45296e-08
1.32629e-07
3.18764e-07
7.57308e-07
1.77876e-06
4.1307e-06
9.48335e-06
2.15208e-05
4.82592e-05
0.000106883
0.000233608
0.000503243
0.00106646
0.00221703
0.00450291
0.00888435
0.0168965
0.0306717
0.0525697
0.0833554
0.122323
0.167779
0.217504
0.269279
0.321188
0.371719
0.419777
0.464637
0.505879
0.543317
0.576939
0.606855
0.63326
0.656398
0.676543
0.693975
0.708972
0.7218
0.732711
0.741893
0.749179
0.755288
0.760725
0.76511
0.768652
0.77145
0.773583
0.775111
0.776082
0.776541
0.776575
0.776179
0.775416
0.774405
0.773307
0.772322
0.771539
0.770974
0.770594
0.770351
0.770203
0.770114
0.770063
0.770035
0.770018
0.77001
0.770005
0.770003
0.770001
0.770001
0.77
0.77
0.77
0.77
0.77
0.77
0.77
0.77
0.77
0.77
0.77
0.77
0.77
0.77
0.77
0.77
0.77
0.77
0.77
2.50355e-13
1.96809e-12
7.43028e-12
2.34934e-11
6.84039e-11
1.89847e-10
5.10229e-10
1.33858e-09
3.44367e-09
8.7128e-09
2.17223e-08
5.34384e-08
1.29837e-07
3.1174e-07
7.39931e-07
1.73649e-06
4.02959e-06
9.24553e-06
2.09709e-05
4.70095e-05
0.000104094
0.000227504
0.000490158
0.00103908
0.0021613
0.00439329
0.00867795
0.0165292
0.0300643
0.0516531
0.0821561
0.120894
0.1662
0.215858
0.267642
0.319614
0.370248
0.418433
0.46343
0.504812
0.542387
0.576137
0.606171
0.632681
0.655913
0.67614
0.693642
0.708699
0.721578
0.732532
0.741752
0.749065
0.755196
0.760654
0.765053
0.768606
0.771413
0.773553
0.775087
0.776061
0.776522
0.776557
0.776161
0.775399
0.774388
0.773291
0.772308
0.771529
0.770966
0.770589
0.770348
0.770201
0.770113
0.770063
0.770034
0.770018
0.77001
0.770005
0.770003
0.770001
0.770001
0.77
0.77
0.77
0.77
0.77
0.77
0.77
0.77
0.77
0.77
0.77
0.77
0.77
0.77
0.77
0.77
0.77
0.77
0.77
2.46803e-13
1.94478e-12
7.3388e-12
2.31768e-11
6.73946e-11
1.868e-10
5.01392e-10
1.31371e-09
3.37531e-09
8.52846e-09
2.12342e-08
5.21685e-08
1.26589e-07
3.03574e-07
7.19736e-07
1.68736e-06
3.91199e-06
8.96856e-06
2.03291e-05
4.55472e-05
0.000100819
0.000220306
0.000474666
0.00100653
0.00209485
0.00426246
0.00843188
0.016093
0.0293471
0.0505784
0.0807621
0.119245
0.164389
0.21398
0.265777
0.317825
0.368578
0.416906
0.462059
0.503599
0.541327
0.575222
0.605389
0.632021
0.655361
0.675681
0.693264
0.708389
0.721326
0.732328
0.741591
0.748935
0.75509
0.760571
0.764988
0.768554
0.771371
0.773518
0.775058
0.776036
0.7765
0.776537
0.776141
0.775378
0.774368
0.773274
0.772293
0.771517
0.770958
0.770583
0.770344
0.770198
0.770112
0.770062
0.770034
0.770018
0.770009
0.770005
0.770002
0.770001
0.770001
0.77
0.77
0.77
0.77
0.77
0.77
0.77
0.77
0.77
0.77
0.77
0.77
0.77
0.77
0.77
0.77
0.77
0.77
0.77
2.44027e-13
1.91958e-12
7.23677e-12
2.28217e-11
6.62468e-11
1.8331e-10
4.91247e-10
1.28514e-09
3.29677e-09
8.31697e-09
2.06753e-08
5.07183e-08
1.22892e-07
2.94314e-07
6.96939e-07
1.63219e-06
3.78074e-06
8.66157e-06
1.96233e-05
4.39522e-05
9.72792e-05
0.000212597
0.00045822
0.000972243
0.00202529
0.00412588
0.00817467
0.0156342
0.0285846
0.0494191
0.079235
0.117416
0.162361
0.211865
0.263673
0.315806
0.366693
0.415183
0.46051
0.502223
0.540118
0.574174
0.604492
0.631268
0.654735
0.675164
0.692838
0.70804
0.721042
0.732097
0.741409
0.748787
0.75497
0.760477
0.764912
0.768493
0.771322
0.773477
0.775023
0.776005
0.776472
0.776511
0.776116
0.775353
0.774341
0.773248
0.772273
0.771501
0.770947
0.770575
0.770339
0.770195
0.77011
0.770061
0.770033
0.770018
0.770009
0.770005
0.770002
0.770001
0.770001
0.77
0.77
0.77
0.77
0.77
0.77
0.77
0.77
0.77
0.77
0.77
0.77
0.77
0.77
0.77
0.77
0.77
0.77
0.77
2.40918e-13
1.8946e-12
7.13229e-12
2.24408e-11
6.49757e-11
1.79357e-10
4.79614e-10
1.25221e-09
3.20604e-09
8.07245e-09
2.00291e-08
4.90418e-08
1.1862e-07
2.83611e-07
6.7058e-07
1.56835e-06
3.62862e-06
8.30506e-06
1.88014e-05
4.20893e-05
9.31304e-05
0.000203529
0.000438804
0.000931638
0.0019427
0.00396356
0.00786918
0.0150907
0.0276858
0.0480617
0.0774653
0.115318
0.160058
0.209483
0.261318
0.313557
0.364603
0.413281
0.458802
0.500694
0.538729
0.573012
0.60349
0.630448
0.654056
0.6746
0.692371
0.707654
0.720725
0.731838
0.741203
0.748619
0.754834
0.760368
0.764825
0.768423
0.771264
0.77343
0.774983
0.77597
0.776441
0.776482
0.776088
0.775324
0.774313
0.773223
0.772251
0.771484
0.770934
0.770567
0.770334
0.770192
0.770108
0.77006
0.770032
0.770017
0.770009
0.770005
0.770002
0.770001
0.770001
0.77
0.77
0.77
0.77
0.77
0.77
0.77
0.77
0.77
0.77
0.77
0.77
0.77
0.77
0.77
0.77
0.77
0.77
0.77
2.4003e-13
1.88916e-12
7.10276e-12
2.22274e-11
6.4046e-11
1.75457e-10
4.6692e-10
1.21511e-09
3.10301e-09
7.79475e-09
1.9297e-08
4.71491e-08
1.13815e-07
2.71631e-07
6.41217e-07
1.49758e-06
3.46087e-06
7.91379e-06
1.79034e-05
4.00619e-05
8.86298e-05
0.000193719
0.000417847
0.000887907
0.00185398
0.00378965
0.00754281
0.0145114
0.0267276
0.0466097
0.0755608
0.113044
0.157546
0.206871
0.258726
0.311081
0.362307
0.411206
0.456971
0.49912
0.537427
0.571804
0.602525
0.629604
0.653333
0.673989
0.691859
0.707228
0.720372
0.731547
0.74097
0.748427
0.754677
0.760241
0.764722
0.76834
0.771197
0.773375
0.774936
0.775928
0.776402
0.776444
0.776053
0.775289
0.774277
0.773189
0.772223
0.771463
0.770919
0.770557
0.770327
0.770188
0.770105
0.770058
0.770031
0.770017
0.770009
0.770005
0.770002
0.770001
0.770001
0.77
0.77
0.77
0.77
0.77
0.77
0.77
0.77
0.77
0.77
0.77
0.77
0.77
0.77
0.77
0.77
0.77
0.77
0.77
2.54796e-13
2.03038e-12
8.1215e-12
2.27531e-11
7.07868e-11
1.76515e-10
4.5242e-10
1.17419e-09
2.98765e-09
7.47939e-09
1.8462e-08
4.499e-08
1.08344e-07
2.58021e-07
6.07971e-07
1.4178e-06
3.27273e-06
7.47789e-06
1.69112e-05
3.78432e-05
8.37568e-05
0.00018321
0.000395615
0.000841834
0.00176072
0.00360621
0.00719507
0.0138841
0.0256696
0.0449743
0.073387
0.110436
0.15467
0.203901
0.255808
0.30832
0.35977
0.40893
0.454971
0.497401
0.535992
0.570615
0.601474
0.628693
0.652553
0.673327
0.6913
0.706759
0.719979
0.731219
0.740704
0.748207
0.754495
0.760092
0.7646
0.76824
0.771116
0.773308
0.77488
0.77588
0.776358
0.776402
0.77601
0.775248
0.774235
0.773151
0.772191
0.771437
0.7709
0.770544
0.770319
0.770182
0.770102
0.770056
0.77003
0.770016
0.770008
0.770004
0.770002
0.770001
0.770001
0.77
0.77
0.77
0.77
0.77
0.77
0.77
0.77
0.77
0.77
0.77
0.77
0.77
0.77
0.77
0.77
0.77
0.77
0.77
3.90132e-13
2.98139e-12
8.56459e-12
2.70712e-11
7.86755e-11
2.21742e-10
4.83839e-10
1.10567e-09
2.82186e-09
7.09434e-09
1.74979e-08
4.25327e-08
1.02134e-07
2.42565e-07
5.70103e-07
1.32645e-06
3.05573e-06
6.97004e-06
1.57407e-05
3.51883e-05
7.7839e-05
0.000170273
0.000367951
0.000784187
0.00164422
0.00337937
0.00677326
0.0131436
0.0244598
0.0431621
0.0710491
0.10769
0.15168
0.200827
0.252787
0.305452
0.357122
0.406539
0.452851
0.495546
0.53438
0.569296
0.600314
0.627703
0.65171
0.672609
0.690691
0.706242
0.719541
0.730848
0.740398
0.747949
0.754279
0.759913
0.764452
0.768118
0.771016
0.773228
0.774816
0.775827
0.776311
0.776359
0.775969
0.775204
0.77419
0.773108
0.772153
0.771408
0.770879
0.770529
0.770309
0.770176
0.770099
0.770054
0.770029
0.770016
0.770008
0.770004
0.770002
0.770001
0.770001
0.77
0.77
0.77
0.77
0.77
0.77
0.77
0.77
0.77
0.77
0.77
0.77
0.77
0.77
0.77
0.77
0.77
0.77
0.77
4.05453e-13
2.55473e-12
8.39728e-12
2.66451e-11
7.61673e-11
2.06331e-10
5.39484e-10
1.11064e-09
2.65282e-09
6.66725e-09
1.64318e-08
3.98507e-08
9.54579e-08
2.26223e-07
5.30834e-07
1.23383e-06
2.84121e-06
6.48192e-06
1.46485e-05
3.27829e-05
7.262e-05
0.000159115
0.000344459
0.000735561
0.00154558
0.00318431
0.00640016
0.0124616
0.0232879
0.0413074
0.0685254
0.104606
0.148237
0.197255
0.249284
0.302162
0.354133
0.403888
0.450539
0.493552
0.532669
0.567832
0.599082
0.626664
0.650827
0.671856
0.690044
0.705685
0.719059
0.73043
0.740042
0.747643
0.754018
0.759691
0.764266
0.767963
0.770888
0.773122
0.774728
0.775754
0.776247
0.776293
0.775901
0.77514
0.774123
0.773045
0.772106
0.771372
0.770853
0.770512
0.770298
0.770169
0.770094
0.770052
0.770028
0.770015
0.770008
0.770004
0.770002
0.770001
0.77
0.77
0.77
0.77
0.77
0.77
0.77
0.77
0.77
0.77
0.77
0.77
0.77
0.77
0.77
0.77
0.77
0.77
0.77
0.77
4.60632e-13
2.09632e-12
7.95486e-12
2.512e-11
7.24697e-11
2.00183e-10
5.48454e-10
1.15039e-09
2.48184e-09
6.16773e-09
1.51539e-08
3.65876e-08
8.7187e-08
2.05562e-07
4.80061e-07
1.11111e-06
2.54949e-06
5.80022e-06
1.30837e-05
2.92567e-05
6.48252e-05
0.000142227
0.000308649
0.000661432
0.00139636
0.00289391
0.00585843
0.0115043
0.0217099
0.038921
0.0654612
0.101058
0.144473
0.193524
0.245764
0.298954
0.351276
0.401385
0.448368
0.491679
0.531051
0.566425
0.59789
0.625645
0.649949
0.671092
0.689374
0.705092
0.718532
0.729961
0.739625
0.747278
0.753701
0.759414
0.764029
0.767762
0.770721
0.772984
0.774617
0.775663
0.776174
0.776235
0.775842
0.775073
0.774058
0.772983
0.772046
0.771325
0.770819
0.770488
0.770282
0.77016
0.770088
0.770048
0.770026
0.770014
0.770007
0.770004
0.770002
0.770001
0.77
0.77
0.77
0.77
0.77
0.77
0.77
0.77
0.77
0.77
0.77
0.77
0.77
0.77
0.77
0.77
0.77
0.77
0.77
0.77
3.63043e-13
1.98186e-12
7.63645e-12
2.40092e-11
6.88285e-11
1.86629e-10
4.84869e-10
1.20057e-09
2.38319e-09
5.72073e-09
1.40187e-08
3.38181e-08
8.04973e-08
1.89502e-07
4.41931e-07
1.02171e-06
2.34261e-06
5.32784e-06
1.20191e-05
2.68899e-05
5.96401e-05
0.00013105
0.00028499
0.000612378
0.00129708
0.00269876
0.00548884
0.0108372
0.0205796
0.0371596
0.0630482
0.0981771
0.141309
0.190223
0.242467
0.295808
0.348395
0.398834
0.446166
0.489811
0.529482
0.565113
0.596792
0.624719
0.649154
0.670395
0.688749
0.704522
0.718004
0.72947
0.739167
0.746864
0.75333
0.75908
0.763735
0.76751
0.770509
0.772811
0.774476
0.775549
0.77608
0.776144
0.775761
0.774999
0.77398
0.772923
0.771993
0.771282
0.770788
0.770467
0.770269
0.770151
0.770083
0.770045
0.770024
0.770013
0.770007
0.770003
0.770002
0.770001
0.77
0.77
0.77
0.77
0.77
0.77
0.77
0.77
0.77
0.77
0.77
0.77
0.77
0.77
0.77
0.77
0.77
0.77
0.77
0.77
2.62124e-13
1.91591e-12
7.22788e-12
2.25129e-11
6.40382e-11
1.72439e-10
4.48767e-10
1.16228e-09
2.30566e-09
4.96936e-09
1.19544e-08
2.85076e-08
6.7103e-08
1.56484e-07
3.6211e-07
8.32135e-07
1.89961e-06
4.30771e-06
9.70281e-06
2.17043e-05
4.82014e-05
0.000106219
0.000232046
0.00050181
0.00107186
0.002254
0.00464435
0.00931427
0.018016
0.0332213
0.057664
0.0919636
0.134818
0.184045
0.237009
0.291224
0.344681
0.395898
0.443884
0.48805
0.528122
0.564052
0.595947
0.624025
0.648563
0.66987
0.688268
0.704069
0.717573
0.729056
0.738772
0.746498
0.752996
0.758768
0.763451
0.767257
0.770286
0.772618
0.774311
0.775409
0.775963
0.776045
0.77567
0.774886
0.773854
0.772788
0.771872
0.771184
0.770715
0.770417
0.770237
0.770132
0.770072
0.770039
0.770021
0.770011
0.770006
0.770003
0.770001
0.770001
0.77
0.77
0.77
0.77
0.77
0.77
0.77
0.77
0.77
0.77
0.77
0.77
0.77
0.77
0.77
0.77
0.77
0.77
0.77
0.77
)
;

boundaryField
{
    fuel
    {
        type            fixedValue;
        value           uniform 0;
    }
    air
    {
        type            fixedValue;
        value           uniform 0.77;
    }
    outlet
    {
        type            inletOutlet;
        inletValue      uniform 1;
        value           nonuniform List<scalar> 
200
(
2.64566e-13
1.90814e-12
7.21145e-12
2.24644e-11
6.38992e-11
1.7206e-10
4.4785e-10
1.15969e-09
2.30175e-09
4.96153e-09
1.19378e-08
2.84726e-08
6.70298e-08
1.56333e-07
3.61807e-07
8.31521e-07
1.89843e-06
4.30552e-06
9.69894e-06
2.16978e-05
4.81915e-05
0.000106206
0.000232033
0.000501816
0.00107195
0.0022543
0.00464515
0.00931623
0.0180204
0.0332306
0.0576819
0.0919954
0.134869
0.184119
0.237107
0.291346
0.344822
0.396052
0.444044
0.488209
0.528274
0.564192
0.596072
0.624132
0.64865
0.669938
0.688316
0.704098
0.717584
0.729051
0.738752
0.746464
0.752953
0.75872
0.763408
0.767224
0.770265
0.772606
0.774306
0.775409
0.775965
0.776048
0.775674
0.77489
0.773857
0.77279
0.771874
0.771185
0.770716
0.770418
0.770237
0.770132
0.770072
0.770039
0.770021
0.770011
0.770006
0.770003
0.770001
0.770001
0.77
0.77
0.77
0.77
0.77
0.77
0.77
0.77
0.77
0.77
0.77
0.77
0.77
0.77
0.77
0.77
0.77
0.77
0.77
0.77
2.62124e-13
1.91591e-12
7.22788e-12
2.25129e-11
6.40382e-11
1.72439e-10
4.48767e-10
1.16228e-09
2.30566e-09
4.96936e-09
1.19544e-08
2.85076e-08
6.7103e-08
1.56484e-07
3.6211e-07
8.32135e-07
1.89961e-06
4.30771e-06
9.70281e-06
2.17043e-05
4.82014e-05
0.000106219
0.000232046
0.00050181
0.00107186
0.002254
0.00464435
0.00931427
0.018016
0.0332213
0.057664
0.0919636
0.134818
0.184045
0.237009
0.291224
0.344681
0.395898
0.443884
0.48805
0.528122
0.564052
0.595947
0.624025
0.648563
0.66987
0.688268
0.704069
0.717573
0.729056
0.738772
0.746498
0.752996
0.758768
0.763451
0.767257
0.770286
0.772618
0.774311
0.775409
0.775963
0.776045
0.77567
0.774886
0.773854
0.772788
0.771872
0.771184
0.770715
0.770417
0.770237
0.770132
0.770072
0.770039
0.770021
0.770011
0.770006
0.770003
0.770001
0.770001
0.77
0.77
0.77
0.77
0.77
0.77
0.77
0.77
0.77
0.77
0.77
0.77
0.77
0.77
0.77
0.77
0.77
0.77
0.77
0.77
)
;
    }
    frontAndBack
    {
        type            empty;
    }
}


// ************************************************************************* //
