/*--------------------------------*- C++ -*----------------------------------*\
  =========                 |
  \\      /  F ield         | OpenFOAM: The Open Source CFD Toolbox
   \\    /   O peration     | Website:  https://openfoam.org
    \\  /    A nd           | Version:  11
     \\/     M anipulation  |
\*---------------------------------------------------------------------------*/
FoamFile
{
    format      ascii;
    class       volScalarField;
    location    "0.05";
    object      O2;
}
// * * * * * * * * * * * * * * * * * * * * * * * * * * * * * * * * * * * * * //

dimensions      [0 0 0 0 0 0 0];

internalField   nonuniform List<scalar> 
4000
(
8.02992e-22
6.10824e-21
2.59506e-20
9.56875e-20
3.36633e-19
1.16377e-18
4.02664e-18
1.43034e-17
3.64439e-17
1.06821e-16
3.66618e-16
1.25156e-15
4.24336e-15
1.43323e-14
4.81961e-14
1.61193e-13
5.35477e-13
1.76376e-12
5.74956e-12
1.85106e-11
5.87167e-11
1.83003e-10
5.58662e-10
1.66448e-09
4.82034e-09
1.35035e-08
3.63762e-08
9.35189e-08
2.27175e-07
5.14898e-07
1.07382e-06
2.00324e-06
3.35504e-06
5.13476e-06
7.30157e-06
9.78632e-06
1.25089e-05
1.53891e-05
1.83558e-05
2.13653e-05
2.44513e-05
2.7841e-05
3.21633e-05
3.8772e-05
5.02771e-05
7.15411e-05
0.000111449
0.000194676
0.000376445
0.000780007
0.00167563
0.003525
0.00746372
0.0162825
0.0349844
0.0621785
0.0902878
0.11643
0.139629
0.159564
0.176205
0.189722
0.202742
0.212579
0.219612
0.224139
0.226803
0.228283
0.229081
0.229508
0.229737
0.229859
0.229925
0.22996
0.229979
0.229989
0.229994
0.229997
0.229999
0.229999
0.23
0.23
0.23
0.23
0.23
0.23
0.23
0.23
0.23
0.23
0.23
0.23
0.23
0.23
0.23
0.23
0.23
0.23
0.23
0.23
1.19863e-21
6.88696e-21
3.00194e-20
1.1277e-19
4.03124e-19
1.40517e-18
4.81026e-18
1.61765e-17
4.15285e-17
1.40361e-16
4.8837e-16
1.68176e-15
5.75062e-15
1.95396e-14
6.59765e-14
2.21162e-13
7.34983e-13
2.41779e-12
7.85801e-12
2.5177e-11
7.93232e-11
2.45052e-10
7.39904e-10
2.17557e-09
6.20352e-09
1.70713e-08
4.50653e-08
1.1324e-07
2.68136e-07
5.90944e-07
1.19683e-06
2.16612e-06
3.54555e-06
5.33288e-06
7.48818e-06
9.94926e-06
1.26428e-05
1.54942e-05
1.84376e-05
2.14344e-05
2.45257e-05
2.79498e-05
3.23554e-05
3.91344e-05
5.09765e-05
7.29127e-05
0.000114155
0.000200658
0.000390318
0.000811437
0.00174703
0.00367834
0.00778503
0.0169864
0.0364752
0.0638485
0.0918637
0.11779
0.140728
0.160395
0.176681
0.190001
0.202797
0.212438
0.219361
0.223873
0.226595
0.228135
0.228984
0.229448
0.2297
0.229838
0.229913
0.229953
0.229975
0.229987
0.229993
0.229997
0.229998
0.229999
0.23
0.23
0.23
0.23
0.23
0.23
0.23
0.23
0.23
0.23
0.23
0.23
0.23
0.23
0.23
0.23
0.23
0.23
0.23
0.23
1.63761e-21
7.8525e-21
3.36458e-20
1.26841e-19
4.57424e-19
1.64317e-18
6.03748e-18
1.61865e-17
4.62452e-17
1.61796e-16
5.6264e-16
1.93751e-15
6.63013e-15
2.25523e-14
7.61874e-14
2.55319e-13
8.47629e-13
2.78336e-12
9.02327e-12
2.88158e-11
9.04196e-11
2.7798e-10
8.3462e-10
2.4385e-09
6.90461e-09
1.88552e-08
4.93613e-08
1.22918e-07
2.88195e-07
6.28359e-07
1.25685e-06
2.24812e-06
3.64631e-06
5.44744e-06
7.60964e-06
1.00689e-05
1.27526e-05
1.55889e-05
1.85156e-05
2.14999e-05
2.45914e-05
2.80426e-05
3.25258e-05
3.94748e-05
5.16628e-05
7.42928e-05
0.000116907
0.000206758
0.000404372
0.000843019
0.00181795
0.00382815
0.00809478
0.0176591
0.0378848
0.0653675
0.0932193
0.118871
0.141501
0.160868
0.176914
0.190098
0.202737
0.21227
0.219153
0.223735
0.226491
0.228064
0.228939
0.229421
0.229684
0.229829
0.229908
0.22995
0.229974
0.229986
0.229993
0.229996
0.229998
0.229999
0.23
0.23
0.23
0.23
0.23
0.23
0.23
0.23
0.23
0.23
0.23
0.23
0.23
0.23
0.23
0.23
0.23
0.23
0.23
0.23
1.51844e-21
1.03552e-20
3.79262e-20
1.43366e-19
5.08367e-19
1.76741e-18
6.15993e-18
1.61937e-17
5.30253e-17
1.8709e-16
6.52016e-16
2.25468e-15
7.74994e-15
2.6466e-14
8.97022e-14
3.01362e-13
1.00207e-12
3.29207e-12
1.06643e-11
3.3985e-11
1.06271e-10
3.25137e-10
9.70206e-10
2.81361e-09
7.89772e-09
2.13543e-08
5.52843e-08
1.35977e-07
3.14553e-07
6.76158e-07
1.32858e-06
2.34293e-06
3.75838e-06
5.56816e-06
7.73009e-06
1.01814e-05
1.28512e-05
1.56697e-05
1.85772e-05
2.15449e-05
2.46298e-05
2.80972e-05
3.26406e-05
3.97312e-05
5.2211e-05
7.54189e-05
0.00011915
0.000211675
0.000415473
0.000867449
0.0018717
0.00393982
0.0083239
0.018154
0.0389211
0.0664641
0.09418
0.119624
0.142033
0.161201
0.177038
0.190187
0.202727
0.212168
0.219018
0.223612
0.226387
0.227993
0.228893
0.229391
0.229666
0.229818
0.229901
0.229947
0.229972
0.229985
0.229992
0.229996
0.229998
0.229999
0.23
0.23
0.23
0.23
0.23
0.23
0.23
0.23
0.23
0.23
0.23
0.23
0.23
0.23
0.23
0.23
0.23
0.23
0.23
0.23
1.56626e-21
1.28716e-20
4.04684e-20
1.51226e-19
5.5062e-19
2.037e-18
5.6043e-18
1.68348e-17
5.95169e-17
2.09402e-16
7.30163e-16
2.53007e-15
8.71249e-15
2.97894e-14
1.01016e-13
3.39273e-13
1.12691e-12
3.69546e-12
1.1941e-11
3.7936e-11
1.18203e-10
3.6022e-10
1.07035e-09
3.09012e-09
8.63306e-09
2.32264e-08
5.98086e-08
1.46227e-07
3.35945e-07
7.16405e-07
1.39221e-06
2.43119e-06
3.86757e-06
5.69081e-06
7.85694e-06
1.03032e-05
1.29599e-05
1.57589e-05
1.86431e-05
2.15874e-05
2.46556e-05
2.81247e-05
3.27078e-05
3.99046e-05
5.26089e-05
7.62588e-05
0.000120831
0.000215344
0.000423662
0.000885247
0.00190979
0.00401854
0.00848483
0.0185
0.0396437
0.0672078
0.0948086
0.120095
0.142347
0.161374
0.177069
0.190152
0.202606
0.212005
0.218846
0.223472
0.226296
0.227935
0.228857
0.22937
0.229653
0.22981
0.229897
0.229944
0.22997
0.229984
0.229992
0.229996
0.229998
0.229999
0.229999
0.23
0.23
0.23
0.23
0.23
0.23
0.23
0.23
0.23
0.23
0.23
0.23
0.23
0.23
0.23
0.23
0.23
0.23
0.23
9.76873e-22
8.29166e-21
3.79525e-20
1.24602e-19
4.96637e-19
1.55839e-18
5.26877e-18
1.86594e-17
6.57534e-17
2.30724e-16
8.06046e-16
2.80093e-15
9.67087e-15
3.31415e-14
1.1259e-13
3.78663e-13
1.25884e-12
4.12944e-12
1.33396e-11
4.23393e-11
1.31699e-10
4.0033e-10
1.18543e-09
3.40729e-09
9.46779e-09
2.53093e-08
6.46916e-08
1.56854e-07
3.57092e-07
7.54232e-07
1.44907e-06
2.50722e-06
3.9596e-06
5.79325e-06
7.96292e-06
1.04055e-05
1.30515e-05
1.58339e-05
1.8697e-05
2.16188e-05
2.4669e-05
2.81347e-05
3.27457e-05
4.00241e-05
5.29037e-05
7.68952e-05
0.000122103
0.000218105
0.000429755
0.000898364
0.00193697
0.00407446
0.00859873
0.0187439
0.0401518
0.0677147
0.0952183
0.120382
0.142515
0.16144
0.177055
0.190089
0.2025
0.211883
0.218725
0.223373
0.226227
0.227888
0.228827
0.229351
0.229642
0.229803
0.229893
0.229942
0.229969
0.229984
0.229991
0.229996
0.229998
0.229999
0.229999
0.23
0.23
0.23
0.23
0.23
0.23
0.23
0.23
0.23
0.23
0.23
0.23
0.23
0.23
0.23
0.23
0.23
0.23
0.23
9.27211e-22
7.75708e-21
3.3019e-20
1.23692e-19
4.47192e-19
1.59318e-18
5.66526e-18
2.0087e-17
7.09868e-17
2.49879e-16
8.75391e-16
3.04916e-15
1.05491e-14
3.6209e-14
1.23152e-13
4.14465e-13
1.37808e-12
4.51882e-12
1.45838e-11
4.62194e-11
1.43479e-10
4.35053e-10
1.28448e-09
3.6798e-09
1.01875e-08
2.71231e-08
6.90138e-08
1.66466e-07
3.7668e-07
7.90049e-07
1.50409e-06
2.58177e-06
4.0503e-06
5.89407e-06
8.06662e-06
1.05047e-05
1.31394e-05
1.59044e-05
1.87459e-05
2.16444e-05
2.46749e-05
2.81345e-05
3.27629e-05
4.01032e-05
5.31173e-05
7.73655e-05
0.000123033
0.000220087
0.000434019
0.000908061
0.001957
0.00411552
0.00868231
0.0189225
0.0405227
0.0680718
0.0954895
0.120549
0.142583
0.161433
0.176985
0.19003
0.202404
0.211762
0.218608
0.223286
0.226163
0.227846
0.228801
0.229335
0.229632
0.229798
0.229889
0.22994
0.229968
0.229983
0.229991
0.229995
0.229998
0.229999
0.229999
0.23
0.23
0.23
0.23
0.23
0.23
0.23
0.23
0.23
0.23
0.23
0.23
0.23
0.23
0.23
0.23
0.23
0.23
0.23
9.55291e-22
8.00237e-21
3.41897e-20
1.29104e-19
4.69359e-19
1.68425e-18
6.01131e-18
2.13792e-17
7.57653e-17
2.67385e-16
9.38906e-16
3.27721e-15
1.13584e-14
3.90446e-14
1.32947e-13
4.47769e-13
1.48935e-12
4.88347e-12
1.57531e-11
4.98792e-11
1.54627e-10
4.67995e-10
1.37855e-09
3.93825e-09
1.08671e-08
2.88212e-08
7.30102e-08
1.75213e-07
3.942e-07
8.21557e-07
1.55195e-06
2.64641e-06
4.12915e-06
5.98227e-06
8.158e-06
1.05926e-05
1.32174e-05
1.59668e-05
1.87878e-05
2.16639e-05
2.46748e-05
2.81247e-05
3.27664e-05
4.01561e-05
5.32785e-05
7.77312e-05
0.000123759
0.000221631
0.000437309
0.000915591
0.00197239
0.00414693
0.00874612
0.0190586
0.0408042
0.0683328
0.0956729
0.120639
0.142578
0.161344
0.176866
0.190057
0.202359
0.21167
0.21851
0.223206
0.22611
0.227812
0.22878
0.229322
0.229624
0.229793
0.229887
0.229939
0.229967
0.229983
0.229991
0.229995
0.229998
0.229999
0.229999
0.23
0.23
0.23
0.23
0.23
0.23
0.23
0.23
0.23
0.23
0.23
0.23
0.23
0.23
0.23
0.23
0.23
0.23
0.23
9.90094e-22
8.3025e-21
3.55542e-20
1.34667e-19
4.91126e-19
1.76755e-18
6.3257e-18
2.25546e-17
8.01234e-17
2.83407e-16
9.9726e-16
3.48754e-15
1.21078e-14
4.16807e-14
1.42089e-13
4.78979e-13
1.59405e-12
5.22789e-12
1.68616e-11
5.33604e-11
1.65264e-10
4.99513e-10
1.46877e-09
4.18663e-09
1.15212e-08
3.04574e-08
7.68607e-08
1.83626e-07
4.10969e-07
8.5147e-07
1.59692e-06
2.70647e-06
4.20167e-06
6.06268e-06
8.2407e-06
1.06717e-05
1.3287e-05
1.60215e-05
1.88232e-05
2.16771e-05
2.46672e-05
2.81053e-05
3.27549e-05
4.01855e-05
5.33995e-05
7.80239e-05
0.000124351
0.000222899
0.000440009
0.000921711
0.0019848
0.00417224
0.0087976
0.0191683
0.0410309
0.0685406
0.0958187
0.120716
0.142594
0.161309
0.176788
0.189977
0.202263
0.211576
0.218427
0.223149
0.226067
0.227784
0.228762
0.229311
0.229618
0.229789
0.229884
0.229937
0.229966
0.229982
0.229991
0.229995
0.229998
0.229999
0.229999
0.23
0.23
0.23
0.23
0.23
0.23
0.23
0.23
0.23
0.23
0.23
0.23
0.23
0.23
0.23
0.23
0.23
0.23
0.23
1.02178e-21
8.57533e-21
3.67866e-20
1.3965e-19
5.10511e-19
1.84154e-18
6.60492e-18
2.35993e-17
8.40008e-17
2.97674e-16
1.04926e-15
3.67501e-15
1.27757e-14
4.40287e-14
1.50223e-13
5.06698e-13
1.6868e-12
5.53203e-12
1.78366e-11
5.64088e-11
1.74533e-10
5.26831e-10
1.54656e-09
4.39979e-09
1.20805e-08
3.18534e-08
8.01452e-08
1.90815e-07
4.25356e-07
8.77269e-07
1.63603e-06
2.75914e-06
4.26571e-06
6.13405e-06
8.31432e-06
1.07421e-05
1.33488e-05
1.60696e-05
1.88533e-05
2.16869e-05
2.46578e-05
2.80847e-05
3.27404e-05
4.02056e-05
5.34982e-05
7.82699e-05
0.000124854
0.000223976
0.000442295
0.000926855
0.00199517
0.00419342
0.00884082
0.0192588
0.0412181
0.0687101
0.0959356
0.120777
0.142607
0.161287
0.176729
0.189908
0.202182
0.211494
0.218352
0.223086
0.226028
0.227759
0.228747
0.229302
0.229612
0.229786
0.229883
0.229936
0.229966
0.229982
0.22999
0.229995
0.229997
0.229999
0.229999
0.23
0.23
0.23
0.23
0.23
0.23
0.23
0.23
0.23
0.23
0.23
0.23
0.23
0.23
0.23
0.23
0.23
0.23
0.23
1.05006e-21
8.81839e-21
3.78816e-20
1.44072e-19
5.27718e-19
1.90734e-18
6.85381e-18
2.45331e-17
8.74771e-17
3.10507e-16
1.09619e-15
3.84487e-15
1.33834e-14
4.61743e-14
1.57691e-13
5.32278e-13
1.77287e-12
5.8159e-12
1.87523e-11
5.92898e-11
1.83348e-10
5.52973e-10
1.62141e-09
4.60573e-09
1.26219e-08
3.32037e-08
8.33077e-08
1.97678e-07
4.38914e-07
9.01204e-07
1.67172e-06
2.80656e-06
4.32279e-06
6.1972e-06
8.37911e-06
1.08038e-05
1.34026e-05
1.6111e-05
1.88786e-05
2.16938e-05
2.46476e-05
2.80646e-05
3.27255e-05
4.02209e-05
5.35819e-05
7.84816e-05
0.000125288
0.000224908
0.00044427
0.000931287
0.00200411
0.00421174
0.00887843
0.019335
0.0413773
0.0688536
0.0960338
0.120828
0.142617
0.161269
0.176682
0.189851
0.202115
0.211427
0.218292
0.223046
0.225997
0.22774
0.228735
0.229294
0.229608
0.229783
0.229881
0.229935
0.229965
0.229982
0.22999
0.229995
0.229997
0.229999
0.229999
0.23
0.23
0.23
0.23
0.23
0.23
0.23
0.23
0.23
0.23
0.23
0.23
0.23
0.23
0.23
0.23
0.23
0.23
0.23
1.07504e-21
9.03264e-21
3.8844e-20
1.47948e-19
5.42789e-19
1.96497e-18
7.07195e-18
2.53523e-17
9.05293e-17
3.21783e-16
1.13746e-15
3.99427e-15
1.39178e-14
4.80611e-14
1.64253e-13
5.54727e-13
1.84827e-12
6.064e-12
1.95502e-11
6.17914e-11
1.90972e-10
5.75487e-10
1.6856e-09
4.78171e-09
1.30833e-08
3.43531e-08
8.60015e-08
2.03538e-07
4.50541e-07
9.21829e-07
1.70266e-06
2.84788e-06
4.37267e-06
6.25248e-06
8.43583e-06
1.08577e-05
1.34494e-05
1.61469e-05
1.89001e-05
2.16991e-05
2.46378e-05
2.80461e-05
3.27116e-05
4.02335e-05
5.36542e-05
7.86652e-05
0.000125665
0.000225712
0.000445968
0.000935086
0.00201175
0.00422746
0.00891082
0.0194008
0.0415143
0.0689769
0.0961183
0.120871
0.142627
0.161255
0.176644
0.189805
0.202059
0.211372
0.218242
0.223006
0.225971
0.227723
0.228724
0.229288
0.229604
0.229781
0.22988
0.229935
0.229965
0.229981
0.22999
0.229995
0.229997
0.229999
0.229999
0.23
0.23
0.23
0.23
0.23
0.23
0.23
0.23
0.23
0.23
0.23
0.23
0.23
0.23
0.23
0.23
0.23
0.23
0.23
1.09685e-21
9.21955e-21
3.96822e-20
1.51321e-19
5.55899e-19
2.01513e-18
7.26209e-18
2.60674e-17
9.31984e-17
3.31663e-16
1.17368e-15
4.12573e-15
1.43892e-14
4.97293e-14
1.70071e-13
5.74686e-13
1.91551e-12
6.28596e-12
2.02664e-11
6.40447e-11
1.97862e-10
5.959e-10
1.74396e-09
4.94201e-09
1.3504e-08
3.53998e-08
8.84469e-08
2.08829e-07
4.60957e-07
9.40136e-07
1.72988e-06
2.88395e-06
4.41601e-06
6.30032e-06
8.48478e-06
1.0904e-05
1.34896e-05
1.61774e-05
1.89181e-05
2.17029e-05
2.46286e-05
2.80294e-05
3.26991e-05
4.02441e-05
5.37167e-05
7.88243e-05
0.000125989
0.000226403
0.000447424
0.000938336
0.00201826
0.00424091
0.00893864
0.0194576
0.0416325
0.0690836
0.0961919
0.120911
0.142638
0.161246
0.176613
0.189768
0.202015
0.211327
0.218202
0.222975
0.225951
0.22771
0.228716
0.229283
0.229601
0.229779
0.229879
0.229934
0.229964
0.229981
0.22999
0.229995
0.229997
0.229999
0.229999
0.23
0.23
0.23
0.23
0.23
0.23
0.23
0.23
0.23
0.23
0.23
0.23
0.23
0.23
0.23
0.23
0.23
0.23
0.23
1.11537e-21
9.37838e-21
4.03961e-20
1.54201e-19
5.67117e-19
2.05812e-18
7.42518e-18
2.66813e-17
9.5492e-17
3.40161e-16
1.20487e-15
4.23898e-15
1.47956e-14
5.11683e-14
1.75091e-13
5.91914e-13
1.97354e-12
6.47747e-12
2.0884e-11
6.59859e-11
2.03792e-10
6.13445e-10
1.79406e-09
5.07942e-09
1.38642e-08
3.62955e-08
9.05389e-08
2.13355e-07
4.69868e-07
9.55799e-07
1.75318e-06
2.91483e-06
4.45308e-06
6.34122e-06
8.52655e-06
1.09435e-05
1.35237e-05
1.62031e-05
1.89329e-05
2.17056e-05
2.46201e-05
2.80146e-05
3.26881e-05
4.02531e-05
5.37704e-05
7.89605e-05
0.000126266
0.00022699
0.000448657
0.000941087
0.00202378
0.00425233
0.00896239
0.0195063
0.0417337
0.069175
0.0962554
0.120945
0.142648
0.16124
0.176588
0.189738
0.201979
0.211291
0.218169
0.22295
0.225933
0.227699
0.228709
0.229279
0.229599
0.229778
0.229878
0.229934
0.229964
0.229981
0.22999
0.229995
0.229997
0.229999
0.229999
0.23
0.23
0.23
0.23
0.23
0.23
0.23
0.23
0.23
0.23
0.23
0.23
0.23
0.23
0.23
0.23
0.23
0.23
0.23
1.13042e-21
9.50835e-21
4.09866e-20
1.56606e-19
5.76536e-19
2.09432e-18
7.5627e-18
2.71995e-17
9.74298e-17
3.47347e-16
1.23128e-15
4.33498e-15
1.51405e-14
5.23911e-14
1.79362e-13
6.06589e-13
2.02304e-12
6.64101e-12
2.14121e-11
6.76477e-11
2.08874e-10
6.28494e-10
1.83706e-09
5.19742e-09
1.41734e-08
3.70639e-08
9.23306e-08
2.17221e-07
4.77454e-07
9.69076e-07
1.77285e-06
2.94083e-06
4.48422e-06
6.37549e-06
8.5615e-06
1.09765e-05
1.3552e-05
1.62243e-05
1.8945e-05
2.17074e-05
2.46126e-05
2.80018e-05
3.26785e-05
4.02606e-05
5.38157e-05
7.90752e-05
0.000126499
0.000227482
0.000449688
0.000943382
0.00202837
0.00426187
0.00898231
0.0195472
0.0418187
0.069252
0.0963088
0.120973
0.142656
0.161233
0.176566
0.189716
0.201951
0.211263
0.218144
0.22293
0.22592
0.22769
0.228704
0.229276
0.229597
0.229777
0.229877
0.229933
0.229964
0.229981
0.22999
0.229995
0.229997
0.229999
0.229999
0.23
0.23
0.23
0.23
0.23
0.23
0.23
0.23
0.23
0.23
0.23
0.23
0.23
0.23
0.23
0.23
0.23
0.23
0.23
1.14321e-21
9.61827e-21
4.14811e-20
1.586e-19
5.84302e-19
2.12409e-18
7.67575e-18
2.76257e-17
9.90245e-17
3.53266e-16
1.25304e-15
4.41415e-15
1.54251e-14
5.34008e-14
1.82892e-13
6.18722e-13
2.06398e-12
6.77634e-12
2.18491e-11
6.90233e-11
2.1308e-10
6.40951e-10
1.87264e-09
5.29504e-09
1.44292e-08
3.7699e-08
9.38103e-08
2.20412e-07
4.83704e-07
9.79998e-07
1.789e-06
2.96214e-06
4.50972e-06
6.40353e-06
8.59003e-06
1.10033e-05
1.3575e-05
1.62414e-05
1.89546e-05
2.17086e-05
2.4606e-05
2.79909e-05
3.26705e-05
4.02667e-05
5.38529e-05
7.91694e-05
0.00012669
0.000227886
0.000450533
0.000945262
0.00203212
0.00426969
0.00899868
0.0195809
0.0418885
0.0693145
0.0963505
0.120992
0.142653
0.161211
0.176531
0.189711
0.201937
0.211244
0.218125
0.222915
0.225909
0.227683
0.2287
0.229273
0.229595
0.229776
0.229877
0.229933
0.229964
0.229981
0.22999
0.229995
0.229997
0.229999
0.229999
0.23
0.23
0.23
0.23
0.23
0.23
0.23
0.23
0.23
0.23
0.23
0.23
0.23
0.23
0.23
0.23
0.23
0.23
0.23
1.15354e-21
9.70665e-21
4.18763e-20
1.60185e-19
5.90457e-19
2.14765e-18
7.76523e-18
2.79631e-17
1.00288e-16
3.57956e-16
1.27029e-15
4.47697e-15
1.56511e-14
5.42032e-14
1.85698e-13
6.28375e-13
2.09658e-12
6.88413e-12
2.21974e-11
7.012e-11
2.16435e-10
6.50889e-10
1.90104e-09
5.37293e-09
1.46332e-08
3.82053e-08
9.4989e-08
2.22949e-07
4.88667e-07
9.8865e-07
1.80177e-06
2.97897e-06
4.52981e-06
6.42558e-06
8.61243e-06
1.10244e-05
1.35929e-05
1.62547e-05
1.89619e-05
2.17091e-05
2.46005e-05
2.79821e-05
3.26639e-05
4.02712e-05
5.38819e-05
7.92434e-05
0.000126841
0.000228204
0.000451203
0.000946759
0.00203513
0.00427598
0.00901184
0.0196081
0.0419439
0.0693632
0.0963792
0.120992
0.142608
0.161086
0.176324
0.189896
0.201988
0.211243
0.218114
0.222905
0.225902
0.227678
0.228697
0.229271
0.229594
0.229775
0.229876
0.229933
0.229964
0.229981
0.22999
0.229995
0.229997
0.229999
0.229999
0.23
0.23
0.23
0.23
0.23
0.23
0.23
0.23
0.23
0.23
0.23
0.23
0.23
0.23
0.23
0.23
0.23
0.23
0.23
1.16125e-21
9.77259e-21
4.21707e-20
1.61364e-19
5.95028e-19
2.16515e-18
7.83168e-18
2.82138e-17
1.01227e-16
3.61445e-16
1.28313e-15
4.52375e-15
1.58195e-14
5.48014e-14
1.87791e-13
6.3558e-13
2.12092e-12
6.96466e-12
2.24578e-11
7.094e-11
2.18944e-10
6.58323e-10
1.92228e-09
5.43121e-09
1.47858e-08
3.8584e-08
9.587e-08
2.24844e-07
4.92367e-07
9.9509e-07
1.81126e-06
2.99145e-06
4.54469e-06
6.44189e-06
8.62897e-06
1.10399e-05
1.36061e-05
1.62643e-05
1.8967e-05
2.17093e-05
2.45961e-05
2.79752e-05
3.26586e-05
4.02741e-05
5.39026e-05
7.92967e-05
0.000126949
0.000228433
0.000451682
0.000947828
0.00203727
0.00428048
0.00902136
0.0196278
0.0419846
0.0693996
0.0964031
0.121001
0.142603
0.161069
0.1763
0.189894
0.201981
0.211234
0.218106
0.222898
0.225897
0.227675
0.228695
0.22927
0.229594
0.229775
0.229876
0.229932
0.229964
0.229981
0.22999
0.229995
0.229997
0.229999
0.229999
0.23
0.23
0.23
0.23
0.23
0.23
0.23
0.23
0.23
0.23
0.23
0.23
0.23
0.23
0.23
0.23
0.23
0.23
0.23
1.16625e-21
9.81536e-21
4.23614e-20
1.62128e-19
5.97987e-19
2.17646e-18
7.87463e-18
2.83757e-17
1.01833e-16
3.63696e-16
1.29142e-15
4.55391e-15
1.59281e-14
5.51866e-14
1.89139e-13
6.40216e-13
2.13657e-12
7.01642e-12
2.2625e-11
7.14666e-11
2.20555e-10
6.63093e-10
1.93591e-09
5.46859e-09
1.48837e-08
3.88269e-08
9.64352e-08
2.2606e-07
4.94743e-07
9.99228e-07
1.81737e-06
2.99949e-06
4.55429e-06
6.45241e-06
8.63964e-06
1.10498e-05
1.36145e-05
1.62705e-05
1.89702e-05
2.17092e-05
2.4593e-05
2.79704e-05
3.26548e-05
4.02753e-05
5.39151e-05
7.93295e-05
0.000127016
0.000228575
0.00045198
0.000948493
0.00203861
0.00428332
0.00902741
0.0196404
0.0420108
0.0694232
0.0964194
0.12101
0.142605
0.161066
0.176293
0.189888
0.201973
0.211226
0.218099
0.222894
0.225895
0.227674
0.228694
0.22927
0.229593
0.229775
0.229876
0.229932
0.229964
0.229981
0.22999
0.229995
0.229997
0.229999
0.229999
0.23
0.23
0.23
0.23
0.23
0.23
0.23
0.23
0.23
0.23
0.23
0.23
0.23
0.23
0.23
0.23
0.23
0.23
0.23
1.16856e-21
9.83509e-21
4.24493e-20
1.62478e-19
5.99341e-19
2.18162e-18
7.89416e-18
2.84492e-17
1.02107e-16
3.64712e-16
1.29515e-15
4.56746e-15
1.59767e-14
5.53591e-14
1.89741e-13
6.42284e-13
2.14355e-12
7.03946e-12
2.26994e-11
7.17005e-11
2.2127e-10
6.65209e-10
1.94195e-09
5.48515e-09
1.4927e-08
3.89345e-08
9.6686e-08
2.266e-07
4.95802e-07
1.00108e-06
1.82011e-06
3.00312e-06
4.55864e-06
6.45719e-06
8.64449e-06
1.10544e-05
1.36183e-05
1.62732e-05
1.89715e-05
2.17089e-05
2.45913e-05
2.79678e-05
3.26525e-05
4.02753e-05
5.39201e-05
7.93437e-05
0.000127045
0.000228639
0.000452117
0.000948808
0.00203925
0.00428472
0.00903044
0.0196468
0.0420241
0.0694353
0.0964278
0.121014
0.142606
0.161065
0.17629
0.189884
0.201969
0.211222
0.218096
0.222892
0.225894
0.227674
0.228694
0.22927
0.229593
0.229774
0.229876
0.229932
0.229964
0.229981
0.22999
0.229995
0.229997
0.229999
0.229999
0.23
0.23
0.23
0.23
0.23
0.23
0.23
0.23
0.23
0.23
0.23
0.23
0.23
0.23
0.23
0.23
0.23
0.23
0.23
1.16852e-21
9.83476e-21
4.24478e-20
1.62473e-19
5.9932e-19
2.18155e-18
7.89389e-18
2.84482e-17
1.02104e-16
3.647e-16
1.29511e-15
4.56732e-15
1.59763e-14
5.53576e-14
1.89737e-13
6.4227e-13
2.1435e-12
7.03934e-12
2.2699e-11
7.16995e-11
2.21267e-10
6.65201e-10
1.94192e-09
5.48509e-09
1.49269e-08
3.89341e-08
9.66849e-08
2.26597e-07
4.95795e-07
1.00106e-06
1.82008e-06
3.00306e-06
4.55855e-06
6.45705e-06
8.64429e-06
1.10541e-05
1.3618e-05
1.62728e-05
1.8971e-05
2.17084e-05
2.45907e-05
2.79673e-05
3.26518e-05
4.02744e-05
5.39187e-05
7.93416e-05
0.000127042
0.000228634
0.000452111
0.0009488
0.00203925
0.00428472
0.00903047
0.0196469
0.0420243
0.0694356
0.0964282
0.121015
0.142606
0.161066
0.176291
0.189884
0.201969
0.211223
0.218096
0.222892
0.225895
0.227674
0.228694
0.22927
0.229593
0.229774
0.229876
0.229932
0.229964
0.229981
0.22999
0.229995
0.229997
0.229999
0.229999
0.23
0.23
0.23
0.23
0.23
0.23
0.23
0.23
0.23
0.23
0.23
0.23
0.23
0.23
0.23
0.23
0.23
0.23
0.23
1.16611e-21
9.81418e-21
4.23563e-20
1.62108e-19
5.97911e-19
2.17618e-18
7.87361e-18
2.83721e-17
1.0182e-16
3.6365e-16
1.29126e-15
4.55338e-15
1.59263e-14
5.51809e-14
1.89121e-13
6.40158e-13
2.13639e-12
7.01589e-12
2.26235e-11
7.14622e-11
2.20543e-10
6.63061e-10
1.93582e-09
5.46837e-09
1.48831e-08
3.88255e-08
9.64319e-08
2.26052e-07
4.94725e-07
9.99189e-07
1.81729e-06
2.99934e-06
4.55404e-06
6.45203e-06
8.63909e-06
1.10491e-05
1.36136e-05
1.62694e-05
1.89689e-05
2.17078e-05
2.45915e-05
2.79687e-05
3.26526e-05
4.02722e-05
5.39102e-05
7.93219e-05
0.000127005
0.000228558
0.000451958
0.00094847
0.00203861
0.0042834
0.00902771
0.0196412
0.0420125
0.0694252
0.0964211
0.121011
0.142606
0.161067
0.176294
0.189888
0.201974
0.211227
0.2181
0.222894
0.225895
0.227674
0.228694
0.22927
0.229593
0.229775
0.229876
0.229932
0.229964
0.229981
0.22999
0.229995
0.229997
0.229999
0.229999
0.23
0.23
0.23
0.23
0.23
0.23
0.23
0.23
0.23
0.23
0.23
0.23
0.23
0.23
0.23
0.23
0.23
0.23
0.23
1.16102e-21
9.77065e-21
4.21624e-20
1.61332e-19
5.9491e-19
2.16471e-18
7.83013e-18
2.82083e-17
1.01207e-16
3.61379e-16
1.28291e-15
4.523e-15
1.58171e-14
5.47935e-14
1.87767e-13
6.35503e-13
2.12069e-12
6.96398e-12
2.24558e-11
7.09346e-11
2.18929e-10
6.58283e-10
1.92217e-09
5.43093e-09
1.47851e-08
3.85821e-08
9.58652e-08
2.24832e-07
4.92338e-07
9.95023e-07
1.81112e-06
2.99119e-06
4.54425e-06
6.44121e-06
8.628e-06
1.10386e-05
1.36045e-05
1.62625e-05
1.89649e-05
2.17069e-05
2.45935e-05
2.79722e-05
3.26548e-05
4.02688e-05
5.38945e-05
7.92841e-05
0.000126931
0.000228407
0.000451649
0.000947793
0.00203728
0.00428062
0.00902184
0.0196291
0.0419873
0.0694026
0.096406
0.121004
0.142605
0.16107
0.176301
0.189895
0.201982
0.211234
0.218106
0.222898
0.225898
0.227676
0.228695
0.22927
0.229594
0.229775
0.229876
0.229932
0.229964
0.229981
0.22999
0.229995
0.229997
0.229999
0.229999
0.23
0.23
0.23
0.23
0.23
0.23
0.23
0.23
0.23
0.23
0.23
0.23
0.23
0.23
0.23
0.23
0.23
0.23
0.23
1.15319e-21
9.70381e-21
4.18642e-20
1.60139e-19
5.90284e-19
2.14702e-18
7.76297e-18
2.79551e-17
1.0026e-16
3.5786e-16
1.26996e-15
4.47587e-15
1.56475e-14
5.41915e-14
1.85661e-13
6.28259e-13
2.09623e-12
6.88308e-12
2.21944e-11
7.01113e-11
2.16411e-10
6.50823e-10
1.90086e-09
5.37247e-09
1.4632e-08
3.82022e-08
9.49812e-08
2.2293e-07
4.88621e-07
9.88548e-07
1.80157e-06
2.97859e-06
4.52918e-06
6.42462e-06
8.61108e-06
1.10226e-05
1.35907e-05
1.62521e-05
1.89589e-05
2.17059e-05
2.45969e-05
2.7978e-05
3.26588e-05
4.0264e-05
5.3871e-05
7.92266e-05
0.000126817
0.00022817
0.00045116
0.000946716
0.00203515
0.00427619
0.00901254
0.0196099
0.0419478
0.0693675
0.0963832
0.120995
0.14261
0.161088
0.176326
0.189898
0.201989
0.211244
0.218115
0.222905
0.225902
0.227679
0.228697
0.229272
0.229594
0.229775
0.229876
0.229933
0.229964
0.229981
0.22999
0.229995
0.229997
0.229999
0.229999
0.23
0.23
0.23
0.23
0.23
0.23
0.23
0.23
0.23
0.23
0.23
0.23
0.23
0.23
0.23
0.23
0.23
0.23
0.23
1.14275e-21
9.6144e-21
4.14646e-20
1.58537e-19
5.8407e-19
2.12324e-18
7.67275e-18
2.76151e-17
9.89877e-17
3.53139e-16
1.25261e-15
4.41271e-15
1.54204e-14
5.33855e-14
1.82843e-13
6.1857e-13
2.06352e-12
6.77494e-12
2.1845e-11
6.90115e-11
2.13047e-10
6.4086e-10
1.87239e-09
5.29438e-09
1.44274e-08
3.76945e-08
9.3799e-08
2.20384e-07
4.8364e-07
9.79858e-07
1.78873e-06
2.96165e-06
4.5089e-06
6.40229e-06
8.58829e-06
1.10011e-05
1.35722e-05
1.62381e-05
1.89508e-05
2.17044e-05
2.46014e-05
2.79858e-05
3.2664e-05
4.02575e-05
5.38388e-05
7.91476e-05
0.000126659
0.000227841
0.000450477
0.000945208
0.00203215
0.00426996
0.00899958
0.0195833
0.0418934
0.0693199
0.0963555
0.120996
0.142656
0.161213
0.176532
0.189712
0.201938
0.211245
0.218126
0.222915
0.22591
0.227683
0.2287
0.229273
0.229595
0.229776
0.229877
0.229933
0.229964
0.229981
0.22999
0.229995
0.229997
0.229999
0.229999
0.23
0.23
0.23
0.23
0.23
0.23
0.23
0.23
0.23
0.23
0.23
0.23
0.23
0.23
0.23
0.23
0.23
0.23
0.23
1.12982e-21
9.50337e-21
4.09654e-20
1.56525e-19
5.7624e-19
2.09325e-18
7.5589e-18
2.71862e-17
9.73835e-17
3.47189e-16
1.23074e-15
4.33318e-15
1.51346e-14
5.23719e-14
1.79301e-13
6.06398e-13
2.02246e-12
6.63925e-12
2.14069e-11
6.76326e-11
2.08831e-10
6.28375e-10
1.83673e-09
5.19654e-09
1.41711e-08
3.70579e-08
9.23155e-08
2.17185e-07
4.7737e-07
9.68895e-07
1.77249e-06
2.9402e-06
4.4832e-06
6.37396e-06
8.55936e-06
1.09737e-05
1.35485e-05
1.62202e-05
1.89404e-05
2.17024e-05
2.46071e-05
2.79955e-05
3.26707e-05
4.02494e-05
5.37984e-05
7.90482e-05
0.00012646
0.000227426
0.000449618
0.00094331
0.00202839
0.00426218
0.00898337
0.01955
0.0418247
0.0692586
0.0963148
0.120978
0.14266
0.161237
0.176567
0.189717
0.201952
0.211264
0.218144
0.22293
0.22592
0.22769
0.228704
0.229276
0.229597
0.229777
0.229877
0.229933
0.229964
0.229981
0.22999
0.229995
0.229997
0.229999
0.229999
0.23
0.23
0.23
0.23
0.23
0.23
0.23
0.23
0.23
0.23
0.23
0.23
0.23
0.23
0.23
0.23
0.23
0.23
0.23
1.11463e-21
9.37225e-21
4.037e-20
1.54102e-19
5.66754e-19
2.05682e-18
7.42055e-18
2.66651e-17
9.54358e-17
3.39968e-16
1.20422e-15
4.23681e-15
1.47885e-14
5.11452e-14
1.75017e-13
5.91683e-13
1.97283e-12
6.47532e-12
2.08776e-11
6.59673e-11
2.03739e-10
6.13296e-10
1.79365e-09
5.0783e-09
1.38612e-08
3.62878e-08
9.05195e-08
2.13308e-07
4.69762e-07
9.55573e-07
1.75274e-06
2.91407e-06
4.45185e-06
6.33938e-06
8.524e-06
1.09402e-05
1.35196e-05
1.61983e-05
1.89275e-05
2.16997e-05
2.46137e-05
2.80073e-05
3.26788e-05
4.02399e-05
5.375e-05
7.89285e-05
0.00012622
0.000226924
0.000448574
0.000941002
0.0020238
0.00425271
0.00896369
0.0195097
0.0417409
0.069183
0.0962627
0.120951
0.142653
0.161244
0.176589
0.189739
0.20198
0.211292
0.21817
0.22295
0.225934
0.227699
0.228709
0.229279
0.229599
0.229778
0.229878
0.229934
0.229964
0.229981
0.22999
0.229995
0.229997
0.229999
0.229999
0.23
0.23
0.23
0.23
0.23
0.23
0.23
0.23
0.23
0.23
0.23
0.23
0.23
0.23
0.23
0.23
0.23
0.23
0.23
1.09598e-21
9.21233e-21
3.96515e-20
1.51204e-19
5.55471e-19
2.0136e-18
7.25664e-18
2.60483e-17
9.31324e-17
3.31437e-16
1.17292e-15
4.12318e-15
1.43808e-14
4.97022e-14
1.69984e-13
5.74415e-13
1.91467e-12
6.28343e-12
2.02589e-11
6.40226e-11
1.97799e-10
5.95722e-10
1.74347e-09
4.94066e-09
1.35004e-08
3.53905e-08
8.84235e-08
2.08773e-07
4.60828e-07
9.39865e-07
1.72936e-06
2.88305e-06
4.41456e-06
6.29817e-06
8.4818e-06
1.09002e-05
1.34848e-05
1.61718e-05
1.89118e-05
2.16961e-05
2.46212e-05
2.80209e-05
3.26884e-05
4.02288e-05
5.3693e-05
7.87871e-05
0.000125936
0.000226327
0.000447329
0.000938244
0.00201831
0.00424138
0.00894022
0.0194617
0.0416411
0.0690931
0.0962005
0.120918
0.142644
0.161251
0.176615
0.18977
0.202016
0.211328
0.218202
0.222976
0.225952
0.22771
0.228716
0.229283
0.229601
0.229779
0.229879
0.229934
0.229964
0.229981
0.22999
0.229995
0.229997
0.229999
0.229999
0.23
0.23
0.23
0.23
0.23
0.23
0.23
0.23
0.23
0.23
0.23
0.23
0.23
0.23
0.23
0.23
0.23
0.23
0.23
1.07405e-21
9.0244e-21
3.88089e-20
1.47815e-19
5.42301e-19
1.96321e-18
7.06574e-18
2.53305e-17
9.0454e-17
3.21526e-16
1.13658e-15
3.99137e-15
1.39083e-14
4.80301e-14
1.64154e-13
5.54416e-13
1.84731e-12
6.06109e-12
1.95415e-11
6.1766e-11
1.90899e-10
5.7528e-10
1.68503e-09
4.78014e-09
1.30792e-08
3.43422e-08
8.59741e-08
2.03472e-07
4.50392e-07
9.21514e-07
1.70206e-06
2.84684e-06
4.37101e-06
6.25002e-06
8.43243e-06
1.08533e-05
1.3444e-05
1.61405e-05
1.8893e-05
2.16913e-05
2.46294e-05
2.80365e-05
3.26994e-05
4.02161e-05
5.36272e-05
7.86233e-05
0.000125605
0.000225627
0.000445868
0.000934997
0.00201184
0.00422807
0.00891274
0.0194057
0.0415247
0.0689882
0.0961284
0.12088
0.142634
0.161261
0.176645
0.189807
0.202061
0.211373
0.218243
0.223007
0.225972
0.227724
0.228725
0.229288
0.229604
0.229781
0.22988
0.229935
0.229965
0.229981
0.22999
0.229995
0.229997
0.229999
0.229999
0.23
0.23
0.23
0.23
0.23
0.23
0.23
0.23
0.23
0.23
0.23
0.23
0.23
0.23
0.23
0.23
0.23
0.23
0.23
1.04897e-21
8.80932e-21
3.7843e-20
1.43925e-19
5.27179e-19
1.9054e-18
6.84694e-18
2.4509e-17
8.73936e-17
3.10221e-16
1.09522e-15
3.84165e-15
1.33728e-14
4.614e-14
1.57581e-13
5.31933e-13
1.77181e-12
5.81267e-12
1.87426e-11
5.92615e-11
1.83266e-10
5.52741e-10
1.62077e-09
4.60397e-09
1.26172e-08
3.31915e-08
8.32768e-08
1.97603e-07
4.38745e-07
9.00848e-07
1.67104e-06
2.80539e-06
4.32092e-06
6.19443e-06
8.37529e-06
1.07988e-05
1.33965e-05
1.61039e-05
1.88706e-05
2.1685e-05
2.46381e-05
2.80538e-05
3.27119e-05
4.02015e-05
5.3552e-05
7.84351e-05
0.000125222
0.000224816
0.000444165
0.000931205
0.00200425
0.00421252
0.0088808
0.0193409
0.0413897
0.0688669
0.0960456
0.120837
0.142625
0.161275
0.176683
0.189853
0.202116
0.211429
0.218293
0.223046
0.225998
0.22774
0.228735
0.229295
0.229608
0.229783
0.229881
0.229935
0.229965
0.229982
0.22999
0.229995
0.229997
0.229999
0.229999
0.23
0.23
0.23
0.23
0.23
0.23
0.23
0.23
0.23
0.23
0.23
0.23
0.23
0.23
0.23
0.23
0.23
0.23
0.23
1.02062e-21
8.56566e-21
3.67453e-20
1.39493e-19
5.09934e-19
1.83946e-18
6.59753e-18
2.35734e-17
8.39108e-17
2.97366e-16
1.04821e-15
3.67153e-15
1.27643e-14
4.39916e-14
1.50104e-13
5.06325e-13
1.68565e-12
5.52854e-12
1.78262e-11
5.63782e-11
1.74444e-10
5.2658e-10
1.54587e-09
4.39788e-09
1.20754e-08
3.18401e-08
8.01116e-08
1.90734e-07
4.25171e-07
8.76879e-07
1.63529e-06
2.75785e-06
4.26365e-06
6.13099e-06
8.31009e-06
1.07366e-05
1.3342e-05
1.60617e-05
1.88445e-05
2.16773e-05
2.46474e-05
2.80731e-05
3.27257e-05
4.01847e-05
5.34658e-05
7.82195e-05
0.000124783
0.00022388
0.00044219
0.00092679
0.00199539
0.0041944
0.00884366
0.0192658
0.0412327
0.0687258
0.0959493
0.120788
0.142615
0.161294
0.176731
0.18991
0.202184
0.211496
0.218352
0.223088
0.226028
0.22776
0.228747
0.229302
0.229613
0.229786
0.229883
0.229936
0.229966
0.229982
0.22999
0.229995
0.229998
0.229999
0.229999
0.23
0.23
0.23
0.23
0.23
0.23
0.23
0.23
0.23
0.23
0.23
0.23
0.23
0.23
0.23
0.23
0.23
0.23
0.23
9.8889e-22
8.2925e-21
3.55115e-20
1.34504e-19
4.90524e-19
1.76538e-18
6.31796e-18
2.25274e-17
8.00289e-17
2.83083e-16
9.96163e-16
3.48387e-15
1.20958e-14
4.16416e-14
1.41964e-13
4.78588e-13
1.59284e-12
5.22421e-12
1.68506e-11
5.33283e-11
1.65172e-10
4.99251e-10
1.46804e-09
4.18463e-09
1.15158e-08
3.04434e-08
7.68253e-08
1.8354e-07
4.10773e-07
8.51054e-07
1.59612e-06
2.70508e-06
4.19943e-06
6.05935e-06
8.23609e-06
1.06657e-05
1.32796e-05
1.60129e-05
1.88135e-05
2.16668e-05
2.46563e-05
2.80934e-05
3.27401e-05
4.01637e-05
5.3365e-05
7.797e-05
0.000124276
0.000222797
0.000439902
0.000921658
0.00198508
0.0041734
0.00880091
0.0191767
0.0410481
0.068559
0.0958345
0.120728
0.142602
0.161314
0.176789
0.189979
0.202265
0.211578
0.218428
0.223148
0.226068
0.227785
0.228762
0.229311
0.229618
0.229789
0.229885
0.229937
0.229966
0.229982
0.229991
0.229995
0.229998
0.229999
0.229999
0.23
0.23
0.23
0.23
0.23
0.23
0.23
0.23
0.23
0.23
0.23
0.23
0.23
0.23
0.23
0.23
0.23
0.23
0.23
9.54123e-22
7.99253e-21
3.41475e-20
1.28941e-19
4.68753e-19
1.68205e-18
6.00342e-18
2.13514e-17
7.56686e-17
2.67052e-16
9.3778e-16
3.27344e-15
1.1346e-14
3.90044e-14
1.32818e-13
4.47366e-13
1.48811e-12
4.8797e-12
1.57418e-11
4.98462e-11
1.54532e-10
4.67726e-10
1.37781e-09
3.93621e-09
1.08616e-08
2.88069e-08
7.29738e-08
1.75125e-07
3.93997e-07
8.21122e-07
1.55111e-06
2.64494e-06
4.12677e-06
5.97872e-06
8.15306e-06
1.05862e-05
1.32095e-05
1.59574e-05
1.87771e-05
2.16519e-05
2.46613e-05
2.81089e-05
3.27466e-05
4.01292e-05
5.32393e-05
7.76726e-05
0.000123678
0.000221524
0.0004372
0.000915548
0.00197272
0.00414829
0.00874995
0.0190683
0.0408243
0.0683536
0.0956894
0.120649
0.142579
0.161334
0.176851
0.190056
0.202358
0.211672
0.218512
0.223209
0.226112
0.227813
0.22878
0.229322
0.229625
0.229793
0.229887
0.229939
0.229967
0.229983
0.229991
0.229995
0.229998
0.229999
0.229999
0.23
0.23
0.23
0.23
0.23
0.23
0.23
0.23
0.23
0.23
0.23
0.23
0.23
0.23
0.23
0.23
0.23
0.23
0.23
9.2605e-22
7.74764e-21
3.29794e-20
1.23539e-19
4.46625e-19
1.59108e-18
5.65744e-18
2.00593e-17
7.08901e-17
2.49547e-16
8.74263e-16
3.04539e-15
1.05367e-14
3.61686e-14
1.23023e-13
4.14061e-13
1.37683e-12
4.51505e-12
1.45726e-11
4.61866e-11
1.43385e-10
4.34786e-10
1.28374e-09
3.67777e-09
1.01821e-08
2.71088e-08
6.89774e-08
1.66377e-07
3.76474e-07
7.89602e-07
1.50321e-06
2.58023e-06
4.04779e-06
5.89029e-06
8.06134e-06
1.04978e-05
1.31308e-05
1.58943e-05
1.87343e-05
2.16315e-05
2.46605e-05
2.8118e-05
3.27422e-05
4.00752e-05
5.3076e-05
7.73032e-05
0.000122947
0.000219973
0.000433904
0.000908015
0.00195735
0.00411697
0.0086864
0.018933
0.0405443
0.0680915
0.0954985
0.120539
0.142543
0.161359
0.176926
0.190142
0.202465
0.211781
0.218613
0.223287
0.226165
0.227848
0.228802
0.229335
0.229632
0.229798
0.229889
0.22994
0.229968
0.229983
0.229991
0.229995
0.229998
0.229999
0.229999
0.23
0.23
0.23
0.23
0.23
0.23
0.23
0.23
0.23
0.23
0.23
0.23
0.23
0.23
0.23
0.23
0.23
0.23
0.23
9.75407e-22
8.28033e-21
3.79102e-20
1.24522e-19
4.96612e-19
1.55931e-18
5.25928e-18
1.86316e-17
6.56592e-17
2.304e-16
8.04944e-16
2.79723e-15
9.65868e-15
3.3102e-14
1.12463e-13
3.78267e-13
1.25762e-12
4.12573e-12
1.33286e-11
4.2307e-11
1.31606e-10
4.00068e-10
1.1847e-09
3.4053e-09
9.46245e-09
2.52953e-08
6.46558e-08
1.56766e-07
3.56886e-07
7.5378e-07
1.44818e-06
2.50561e-06
3.95696e-06
5.78926e-06
7.9573e-06
1.03981e-05
1.30423e-05
1.5823e-05
1.86846e-05
2.16051e-05
2.4654e-05
2.81177e-05
3.27247e-05
3.99952e-05
5.28601e-05
7.68284e-05
0.000122009
0.000217973
0.000429603
0.000898305
0.00193736
0.00407608
0.0086034
0.0187559
0.0401772
0.0677396
0.0952353
0.120386
0.142504
0.161423
0.177037
0.190116
0.202524
0.211891
0.218729
0.223377
0.226228
0.227889
0.228828
0.229351
0.229642
0.229804
0.229893
0.229942
0.229969
0.229984
0.229991
0.229996
0.229998
0.229999
0.229999
0.23
0.23
0.23
0.23
0.23
0.23
0.23
0.23
0.23
0.23
0.23
0.23
0.23
0.23
0.23
0.23
0.23
0.23
0.23
1.56118e-21
1.28345e-20
4.03803e-20
1.51008e-19
5.50074e-19
2.03527e-18
5.60084e-18
1.68081e-17
5.94279e-17
2.09096e-16
7.2912e-16
2.52657e-15
8.70092e-15
2.97518e-14
1.00895e-13
3.38895e-13
1.12575e-12
3.69193e-12
1.19305e-11
3.79054e-11
1.18115e-10
3.59972e-10
1.06966e-09
3.08823e-09
8.62799e-09
2.3213e-08
5.97741e-08
1.46141e-07
3.35742e-07
7.15955e-07
1.3913e-06
2.42954e-06
3.86483e-06
5.68663e-06
7.85102e-06
1.02954e-05
1.29501e-05
1.57472e-05
1.86299e-05
2.15729e-05
2.46399e-05
2.8107e-05
3.26863e-05
3.98746e-05
5.25633e-05
7.6189e-05
0.000120733
0.000215209
0.000423509
0.00088521
0.00191027
0.00402047
0.00849036
0.0185142
0.0396745
0.0672401
0.0948355
0.120114
0.142358
0.161376
0.177071
0.190155
0.202609
0.212008
0.218847
0.223473
0.226297
0.227936
0.228858
0.22937
0.229654
0.22981
0.229897
0.229944
0.22997
0.229984
0.229992
0.229996
0.229998
0.229999
0.229999
0.23
0.23
0.23
0.23
0.23
0.23
0.23
0.23
0.23
0.23
0.23
0.23
0.23
0.23
0.23
0.23
0.23
0.23
0.23
1.5153e-21
1.03339e-20
3.78579e-20
1.43158e-19
5.0776e-19
1.76538e-18
6.15276e-18
1.61743e-17
5.2944e-17
1.8681e-16
6.51059e-16
2.25145e-15
7.73923e-15
2.64311e-14
8.95901e-14
3.01008e-13
1.00097e-12
3.28875e-12
1.06544e-11
3.3956e-11
1.06188e-10
3.24902e-10
9.69555e-10
2.81183e-09
7.89295e-09
2.13417e-08
5.52517e-08
1.35895e-07
3.14358e-07
6.75721e-07
1.32769e-06
2.34127e-06
3.75559e-06
5.56385e-06
7.72392e-06
1.01732e-05
1.28409e-05
1.56574e-05
1.85632e-05
2.15296e-05
2.46132e-05
2.80787e-05
3.26179e-05
3.96997e-05
5.21633e-05
7.53459e-05
0.000119048
0.000211534
0.000415317
0.000867423
0.00187226
0.00394204
0.00833028
0.0181705
0.0389576
0.0665032
0.0942144
0.119652
0.142055
0.161221
0.177042
0.190193
0.202732
0.212173
0.219022
0.223616
0.226389
0.227994
0.228894
0.229392
0.229666
0.229818
0.229901
0.229947
0.229972
0.229985
0.229992
0.229996
0.229998
0.229999
0.23
0.23
0.23
0.23
0.23
0.23
0.23
0.23
0.23
0.23
0.23
0.23
0.23
0.23
0.23
0.23
0.23
0.23
0.23
0.23
1.63602e-21
7.84365e-21
3.3608e-20
1.26702e-19
4.56897e-19
1.64121e-18
6.0302e-18
1.61691e-17
4.61733e-17
1.61553e-16
5.61805e-16
1.93469e-15
6.62071e-15
2.25215e-14
7.60885e-14
2.55008e-13
8.46664e-13
2.78043e-12
9.01449e-12
2.879e-11
9.03452e-11
2.77769e-10
8.34028e-10
2.43687e-09
6.90016e-09
1.88433e-08
4.93304e-08
1.22839e-07
2.88005e-07
6.27926e-07
1.25595e-06
2.24643e-06
3.64343e-06
5.44297e-06
7.60319e-06
1.00603e-05
1.27417e-05
1.55759e-05
1.85008e-05
2.14836e-05
2.45738e-05
2.8023e-05
3.25019e-05
3.9442e-05
5.16139e-05
7.42185e-05
0.000116804
0.000206618
0.000404223
0.000843031
0.00181864
0.00383079
0.0081023
0.0176785
0.0379281
0.0654142
0.0932609
0.118905
0.141528
0.16089
0.176921
0.190105
0.202744
0.212274
0.219157
0.223738
0.226493
0.228065
0.22894
0.229421
0.229684
0.229829
0.229908
0.229951
0.229974
0.229986
0.229993
0.229996
0.229998
0.229999
0.23
0.23
0.23
0.23
0.23
0.23
0.23
0.23
0.23
0.23
0.23
0.23
0.23
0.23
0.23
0.23
0.23
0.23
0.23
0.23
1.19733e-21
6.88055e-21
2.99892e-20
1.12652e-19
4.02674e-19
1.40349e-18
4.80406e-18
1.61545e-17
4.14711e-17
1.40152e-16
4.87651e-16
1.67931e-15
5.7425e-15
1.95132e-14
6.58905e-14
2.20881e-13
7.341e-13
2.4151e-12
7.84992e-12
2.51533e-11
7.92549e-11
2.44859e-10
7.3937e-10
2.17412e-09
6.19976e-09
1.70612e-08
4.50387e-08
1.13172e-07
2.67968e-07
5.90555e-07
1.196e-06
2.16453e-06
3.54276e-06
5.32838e-06
7.48158e-06
9.94029e-06
1.26313e-05
1.54805e-05
1.84219e-05
2.14171e-05
2.45069e-05
2.79289e-05
3.23302e-05
3.91002e-05
5.09258e-05
7.28363e-05
0.000114049
0.000200514
0.000390168
0.000811476
0.00174786
0.00368148
0.00779405
0.0170097
0.0365282
0.0639061
0.0919155
0.117833
0.140761
0.160419
0.176692
0.190009
0.202804
0.212443
0.219363
0.223876
0.226597
0.228136
0.228985
0.229448
0.2297
0.229838
0.229913
0.229954
0.229975
0.229987
0.229993
0.229997
0.229998
0.229999
0.23
0.23
0.23
0.23
0.23
0.23
0.23
0.23
0.23
0.23
0.23
0.23
0.23
0.23
0.23
0.23
0.23
0.23
0.23
0.23
7.90319e-22
6.11429e-21
2.59289e-20
9.55953e-20
3.36282e-19
1.16246e-18
4.0218e-18
1.42851e-17
3.63965e-17
1.06674e-16
3.6611e-16
1.24982e-15
4.23742e-15
1.43124e-14
4.81314e-14
1.60991e-13
5.34845e-13
1.7618e-12
5.74362e-12
1.8493e-11
5.86651e-11
1.82855e-10
5.58244e-10
1.66331e-09
4.81703e-09
1.34945e-08
3.63523e-08
9.34567e-08
2.27019e-07
5.14525e-07
1.07299e-06
2.0016e-06
3.35212e-06
5.13007e-06
7.29462e-06
9.77679e-06
1.24967e-05
1.53744e-05
1.8339e-05
2.13468e-05
2.44314e-05
2.78191e-05
3.21373e-05
3.87376e-05
5.02273e-05
7.14678e-05
0.000111352
0.000194557
0.000376367
0.000780249
0.00167703
0.00352962
0.00747634
0.0163145
0.0350575
0.0622565
0.0903565
0.116485
0.139671
0.159595
0.17622
0.189733
0.20275
0.212584
0.219614
0.224142
0.226804
0.228284
0.229082
0.229508
0.229737
0.229859
0.229925
0.22996
0.229979
0.229989
0.229994
0.229997
0.229999
0.229999
0.23
0.23
0.23
0.23
0.23
0.23
0.23
0.23
0.23
0.23
0.23
0.23
0.23
0.23
0.23
0.23
0.23
0.23
0.23
0.23
)
;

boundaryField
{
    fuel
    {
        type            fixedValue;
        value           uniform 0;
    }
    air
    {
        type            fixedValue;
        value           uniform 0.23;
    }
    outlet
    {
        type            inletOutlet;
        inletValue      uniform 0;
        value           nonuniform List<scalar> 
200
(
8.02992e-22
6.10824e-21
2.59506e-20
9.56875e-20
3.36633e-19
1.16377e-18
4.02664e-18
1.43034e-17
3.64439e-17
1.06821e-16
3.66618e-16
1.25156e-15
4.24336e-15
1.43323e-14
4.81961e-14
1.61193e-13
5.35477e-13
1.76376e-12
5.74956e-12
1.85106e-11
5.87167e-11
1.83003e-10
5.58662e-10
1.66448e-09
4.82034e-09
1.35035e-08
3.63762e-08
9.35189e-08
2.27175e-07
5.14898e-07
1.07382e-06
2.00324e-06
3.35504e-06
5.13476e-06
7.30157e-06
9.78632e-06
1.25089e-05
1.53891e-05
1.83558e-05
2.13653e-05
2.44513e-05
2.7841e-05
3.21633e-05
3.8772e-05
5.02771e-05
7.15411e-05
0.000111449
0.000194676
0.000376445
0.000780007
0.00167563
0.003525
0.00746372
0.0162825
0.0349844
0.0621785
0.0902878
0.11643
0.139629
0.159564
0.176205
0.189722
0.202742
0.212579
0.219612
0.224139
0.226803
0.228283
0.229081
0.229508
0.229737
0.229859
0.229925
0.22996
0.229979
0.229989
0.229994
0.229997
0.229999
0.229999
0.23
0.23
0.23
0.23
0.23
0.23
0.23
0.23
0.23
0.23
0.23
0.23
0.23
0.23
0.23
0.23
0.23
0.23
0.23
0.23
7.90319e-22
6.11429e-21
2.59289e-20
9.55953e-20
3.36282e-19
1.16246e-18
4.0218e-18
1.42851e-17
3.63965e-17
1.06674e-16
3.6611e-16
1.24982e-15
4.23742e-15
1.43124e-14
4.81314e-14
1.60991e-13
5.34845e-13
1.7618e-12
5.74362e-12
1.8493e-11
5.86651e-11
1.82855e-10
5.58244e-10
1.66331e-09
4.81703e-09
1.34945e-08
3.63523e-08
9.34567e-08
2.27019e-07
5.14525e-07
1.07299e-06
2.0016e-06
3.35212e-06
5.13007e-06
7.29462e-06
9.77679e-06
1.24967e-05
1.53744e-05
1.8339e-05
2.13468e-05
2.44314e-05
2.78191e-05
3.21373e-05
3.87376e-05
5.02273e-05
7.14678e-05
0.000111352
0.000194557
0.000376367
0.000780249
0.00167703
0.00352962
0.00747634
0.0163145
0.0350575
0.0622565
0.0903565
0.116485
0.139671
0.159595
0.17622
0.189733
0.20275
0.212584
0.219614
0.224142
0.226804
0.228284
0.229082
0.229508
0.229737
0.229859
0.229925
0.22996
0.229979
0.229989
0.229994
0.229997
0.229999
0.229999
0.23
0.23
0.23
0.23
0.23
0.23
0.23
0.23
0.23
0.23
0.23
0.23
0.23
0.23
0.23
0.23
0.23
0.23
0.23
0.23
)
;
    }
    frontAndBack
    {
        type            empty;
    }
}


// ************************************************************************* //
