/*--------------------------------*- C++ -*----------------------------------*\
  =========                 |
  \\      /  F ield         | OpenFOAM: The Open Source CFD Toolbox
   \\    /   O peration     | Website:  https://openfoam.org
    \\  /    A nd           | Version:  11
     \\/     M anipulation  |
\*---------------------------------------------------------------------------*/
FoamFile
{
    format      ascii;
    class       volScalarField;
    location    "0.05";
    object      Qdot;
}
// * * * * * * * * * * * * * * * * * * * * * * * * * * * * * * * * * * * * * //

dimensions      [1 -1 -3 0 0 0 0];

internalField   nonuniform List<scalar> 
4000
(
0
0
2.51359e-06
0
-3.26062e-21
2.47529e-29
-8.05653e-22
0
0
0
0
0
-2.51359e-06
2.51358e-06
0
2.64362e-17
0
-4.50175e-15
2.51352e-06
0
0
0
0
2.65415e-20
0
0
0
0
-8.23574e-13
-1.24049e-17
-4.18524e-16
5.93194e-08
4.62037e-06
0.000365286
0.016976
0.423736
6.12579
56.1125
352.93
1625.96
5782.3
16699.6
41087.1
90692.9
187863
373333
880136
2.04544e+06
4.70514e+06
1.06569e+07
2.34444e+07
4.96362e+07
1.04973e+08
2.3125e+08
2.27206e+08
9.25079e+07
3.61393e+07
1.31767e+07
4.39269e+06
1.36168e+06
272167
19890.5
199.539
0.765866
0.00185406
7.57287e-06
9.37243e-08
9.5976e-09
8.88777e-13
-8.3204e-12
-1.88241e-12
-5.00993e-11
-1.3173e-13
-3.6252e-14
-1.00868e-14
-2.77718e-15
-7.53986e-16
-9.73871e-14
-5.34227e-17
-1.39981e-17
-4.98314e-11
-9.15028e-19
-2.31768e-19
-6.41274e-12
-1.43601e-20
-5.93574e-18
-8.66152e-22
6.41275e-12
6.41275e-12
-1.20027e-23
-3.39872e-24
-1.16735e-24
-2.63133e-25
-6.14774e-26
-1.45919e-26
-3.45362e-27
-8.03601e-28
-1.81278e-28
-3.64424e-29
-5.08091e-30
0
0
7.73528e-31
-2.51359e-06
0
0
-1.61131e-21
0
0
-3.16837e-27
0
2.51359e-06
-4.39629e-18
2.51358e-06
0
-2.51358e-06
0
6.75821e-15
-2.5135e-06
0
-1.66087e-21
0
-2.51161e-06
0
0
0
-2.90541e-10
0
-2.22875e-09
-1.22735e-17
-1.00916e-15
9.50147e-08
8.59965e-06
0.00058246
0.0236003
0.531278
7.14201
62.2564
378.77
1707.27
5989.22
17166.8
42110.9
92987.1
193015
384381
915223
2.13399e+06
4.9003e+06
1.11269e+07
2.45231e+07
5.18249e+07
1.0957e+08
2.41621e+08
2.17322e+08
8.81965e+07
3.42799e+07
1.24179e+07
4.10895e+06
1.26254e+06
245856
17549.5
184.907
0.795202
0.00224113
1.0136e-05
1.46762e-07
1.34122e-08
-5.98455e-11
-1.02236e-11
-1.99498e-10
-5.92489e-13
-1.62108e-13
8.22955e-12
4.97815e-11
-3.56574e-15
6.41045e-12
-2.6607e-16
-7.11441e-17
-6.4126e-12
4.98313e-11
-1.23609e-18
-3.12033e-19
-7.80085e-20
-1.9314e-20
6.41275e-12
-1.14442e-21
-2.76307e-22
-6.56473e-23
-3.08869e-20
-3.78146e-24
-1.29366e-24
-3.11932e-25
-7.55909e-26
-1.78213e-26
-4.98319e-11
-9.45633e-28
-2.11179e-28
-6.41275e-12
-7.03735e-30
0
-2.51359e-06
0
0
0
0
0
0
0
0
0
0
0
0
0
0
0
0
2.51349e-06
0
-1.66084e-21
0
-2.51144e-06
2.50901e-06
0
1.07414e-13
0
0
6.40225e-18
-1.22149e-17
-1.43608e-15
2.03345e-06
9.92896e-06
0.0007509
0.0288823
0.622343
8.06633
68.2863
406.1
1799.15
6234.13
17725.8
43299.4
95526.5
198499
395845
951161
2.22291e+06
5.09546e+06
1.15912e+07
2.5573e+07
5.39549e+07
1.14055e+08
2.51491e+08
2.07186e+08
8.38594e+07
3.24602e+07
1.17016e+07
3.85319e+06
1.18041e+06
228232
16237.1
181.172
0.857269
0.00265163
1.19217e-05
1.70659e-07
9.31211e-09
-6.66611e-11
-1.12231e-11
-2.50855e-12
-6.44641e-13
-4.98673e-11
6.2128e-11
-3.1218e-12
-1.03937e-12
2.57817e-13
6.41173e-12
-3.24489e-14
-2.11254e-17
-5.52223e-18
1.01017e-15
-3.58186e-19
-8.97976e-20
-2.22613e-20
-5.93766e-18
6.41275e-12
-3.19418e-22
-1.23562e-19
-6.41275e-12
-4.24074e-24
-1.20945e-24
-4.01875e-25
6.41275e-12
-2.04526e-26
-2.26343e-23
4.98319e-11
-2.4108e-28
-5.81677e-29
-7.41696e-30
0
-7.8677e-25
0
-3.09411e-30
-6.70821e-23
0
0
0
-1.7173e-20
-1.03124e-19
0
0
0
2.51358e-06
2.11197e-16
-8.44785e-16
-2.51357e-06
0
0
0
-1.66081e-21
0
0
0
0
0
-2.12722e-13
1.71076e-09
-3.31952e-09
-2.42747e-17
-2.26216e-15
1.44029e-07
1.48202e-05
0.000984792
0.0355497
0.727439
9.0681
74.5719
434.01
1892.17
6481.41
18287.7
44444.8
97865
203334
405565
980774
2.29353e+06
5.24718e+06
1.19439e+07
2.63546e+07
5.55296e+07
1.17357e+08
2.58685e+08
1.99194e+08
8.04897e+07
3.10686e+07
1.11622e+07
3.66284e+06
1.11786e+06
216111
15113.6
174.737
0.883428
0.00292195
1.3597e-05
1.86663e-07
9.20633e-09
-7.35188e-11
-1.22366e-11
-2.7237e-12
-7.03008e-13
-1.93515e-13
-5.48806e-14
-1.56359e-14
-4.4035e-15
-1.22849e-15
9.68444e-14
4.98287e-11
-2.40149e-17
-3.04354e-15
-1.61334e-18
-4.11362e-19
-1.02841e-19
-6.41274e-12
4.98319e-11
-1.51283e-21
-3.6449e-22
-8.69582e-23
-2.05148e-23
-4.77658e-24
-1.1597e-24
-3.63602e-25
-1.153e-25
-2.43996e-26
-5.35236e-27
-1.20353e-27
-2.7472e-28
-8.05938e-29
-8.70179e-30
-1.3102e-25
1.93382e-31
0
2.51359e-06
-1.00707e-22
-4.02827e-22
0
0
0
0
1.26735e-26
3.85041e-18
-3.30453e-18
-3.51703e-17
0
0
0
0
0
0
0
0
0
2.70119e-14
0
0
0
0
8.08895e-13
-2.23076e-06
-3.34931e-15
2.43115e-07
2.10279e-05
0.00128069
0.0437722
0.854685
10.2598
81.9131
465.912
1995.51
6745.29
18851.5
45519.2
99897.7
207273
413110
1.00316e+06
2.34529e+06
5.3565e+06
1.21941e+07
2.69015e+07
5.66298e+07
1.19654e+08
2.63634e+08
1.93124e+08
7.79613e+07
3.00412e+07
1.07715e+07
3.52784e+06
1.07399e+06
207968
14727.7
177.554
0.95326
0.00334513
1.5823e-05
2.17633e-07
9.10893e-09
1.45588e-09
-1.31193e-11
-2.58875e-10
4.87949e-11
-2.06597e-13
-5.88147e-14
-1.68176e-14
-4.74844e-15
-1.33529e-15
-3.65709e-16
-9.91382e-17
-1.21752e-14
-6.90277e-18
-1.78189e-18
2.52443e-16
-1.13877e-19
-2.37569e-17
-6.89787e-21
-1.67744e-21
-4.01722e-22
-9.60215e-23
-6.41275e-12
-5.31241e-24
-1.2439e-24
-3.01407e-25
-7.91791e-26
-1.97948e-26
-4.44037e-27
4.98319e-11
-2.51359e-28
4.98319e-11
-6.21974e-30
0
0
2.51359e-06
0
0
0
2.51359e-06
0
0
0
0
-5.0694e-26
2.02776e-25
0
-2.51358e-06
0
-1.05744e-16
0
-2.07633e-22
0
3.38305e-15
0
0
0
0
0
0
0
0
-3.60568e-17
-4.71566e-15
2.8428e-07
2.81068e-05
0.00159641
0.052199
0.98149
11.4284
89.0488
496.745
2094.73
6996.32
19351.1
46480.5
101657
210537
419104
1.02047e+06
2.38415e+06
5.43706e+06
1.23758e+07
2.72836e+07
5.74013e+07
1.21262e+08
2.67048e+08
1.88454e+08
7.60361e+07
2.92696e+07
1.04827e+07
3.42923e+06
1.04396e+06
202884
14543
180.933
1.00794
0.00366983
1.76232e-05
2.37733e-07
9.02715e-09
-8.49782e-11
-1.38373e-11
-3.0379e-12
-7.84254e-13
-4.98838e-11
-6.19611e-14
-1.78024e-14
-5.04408e-15
-1.42156e-15
-3.92416e-16
-1.06329e-16
-2.85095e-17
-7.44857e-18
1.5167e-15
-4.89621e-19
-1.23409e-19
3.15817e-17
-4.98319e-11
-1.81853e-21
-4.33076e-22
-1.0337e-22
-4.63697e-20
4.98319e-11
4.98319e-11
-3.09061e-25
-7.22419e-26
6.41275e-12
-3.93204e-27
-6.41275e-12
-2.14917e-28
-4.53194e-29
-5.02251e-30
0
0
-2.51359e-06
-8.31947e-22
-1.00707e-22
-2.68329e-22
0
0
0
-1.37384e-19
0
2.19815e-18
0
0
0
8.44785e-16
3.37912e-15
2.51353e-06
0
-1.44042e-13
8.64851e-13
0
0
0
0
0
-2.46097e-06
-1.70086e-09
6.31358e-18
-4.78666e-17
-2.053e-06
4.30977e-07
3.34609e-05
0.00197566
0.061802
1.12033
12.6644
96.37
527.444
2189.95
7223.65
19799.7
47327.8
103162
213228
423862
1.03389e+06
2.41348e+06
5.51254e+06
1.25098e+07
2.75601e+07
5.79616e+07
1.2243e+08
2.69489e+08
1.84744e+08
7.45183e+07
2.86673e+07
1.02604e+07
3.35668e+06
1.02142e+06
199417
14398.5
184.686
1.06917
0.00402418
1.93682e-05
2.50273e-07
8.94729e-09
-8.39191e-11
5.04849e-10
-3.1784e-12
-8.17566e-13
-2.26471e-13
-6.48452e-14
-1.86557e-14
-5.30686e-15
-1.4955e-15
-4.15014e-16
-6.4124e-12
-3.0179e-17
-4.98311e-11
-2.0548e-18
-5.21728e-19
-1.31436e-19
-3.16447e-17
-7.93255e-21
-1.92827e-21
-4.62471e-22
4.98319e-11
-2.58425e-23
-6.03196e-24
-1.40465e-24
4.98319e-11
6.41275e-12
-1.71634e-26
-4.98319e-11
-9.15732e-28
-6.41275e-12
-4.3217e-29
-4.7305e-30
0
1.93382e-31
0
2.51767e-23
0
0
0
0
2.51359e-06
0
-5.49537e-19
0
-2.51359e-06
0
0
0
4.50176e-15
0
0
0
0
0
0
0
0
0
2.45928e-06
0
0
1.51762e-12
-2.04342e-06
5.48302e-07
4.48116e-05
0.00237613
0.0716941
1.2603
13.8893
103.522
556.999
2279.92
7432.1
20247.7
48062.6
104466
215488
427693
1.04434e+06
2.43542e+06
5.5705e+06
1.26111e+07
2.77685e+07
5.83854e+07
1.23315e+08
2.71302e+08
1.81706e+08
7.32804e+07
2.81786e+07
1.00802e+07
3.29546e+06
1.00351e+06
198982
13581.7
183.107
1.1138
0.0043367
2.11087e-05
2.66735e-07
8.88107e-09
-8.78786e-11
-1.50439e-11
-3.28577e-12
-8.42537e-13
-2.33791e-13
-6.66798e-14
-1.92464e-14
-5.52037e-15
-1.56122e-15
-4.98251e-11
-1.17629e-16
-3.15916e-17
-8.28331e-18
-2.15111e-18
-2.53443e-16
4.98318e-11
-3.39877e-20
-8.34015e-21
-2.02233e-21
-4.84027e-22
-1.14638e-22
-2.69448e-23
-6.30753e-24
-1.46206e-24
-3.35853e-25
-7.72654e-26
6.41275e-12
-6.41275e-12
-6.41275e-12
-2.07441e-28
-2.35572e-25
6.41275e-12
0
0
-2.51359e-06
2.51767e-23
1.23765e-29
0
-9.90117e-29
-5.16333e-20
0
0
0
0
0
0
-2.81362e-16
-2.51358e-06
0
0
-4.15262e-22
-8.30469e-22
0
3.45821e-12
0
0
0
0
-2.45598e-06
0
0
-9.50244e-17
-1.08386e-14
6.85704e-07
5.22363e-05
0.0028052
0.0819552
1.40133
15.0984
110.503
585.937
2370.68
7661.21
20689
48832.3
105670
217429
430829
1.05266e+06
2.45234e+06
5.61391e+06
1.26905e+07
2.79319e+07
5.87198e+07
1.24016e+08
2.72711e+08
1.79155e+08
7.2248e+07
2.77747e+07
9.93337e+06
3.24706e+06
988346
197082
13597.5
187.284
1.16502
0.00462392
2.2457e-05
2.8354e-07
1.27761e-08
-9.762e-11
-1.55329e-11
3.83677e-10
-8.6752e-13
-2.40064e-13
1.8748e-11
-1.99028e-14
-5.66817e-15
-1.61051e-15
-4.47883e-16
-1.21738e-16
-3.26189e-17
-8.60437e-18
-2.23138e-18
-5.69887e-19
-1.42974e-19
-3.54926e-20
-8.65369e-21
4.93977e-18
4.93441e-19
-1.18557e-22
-6.41275e-12
-6.49125e-24
5.79166e-21
-3.45422e-25
-7.94183e-26
9.05002e-23
4.98319e-11
-9.34421e-28
-4.98319e-11
-4.26329e-29
-4.6283e-30
0
0
0
-8.0677e-22
0
0
0
-8.58652e-21
0
0
0
-2.51359e-06
0
-7.03407e-17
-2.64362e-17
0
0
0
4.15262e-22
-2.51327e-06
0
0
0
0
0
-2.91533e-10
0
0
0
-1.18418e-16
-1.341e-14
8.2232e-07
6.35605e-05
0.00324782
0.0922649
1.54021
16.2684
117.15
612.983
2453.05
7857.69
21071
49479.1
106708
219092
433471
1.05961e+06
2.46635e+06
5.64965e+06
1.27556e+07
2.80651e+07
5.89937e+07
1.24592e+08
2.73844e+08
1.76974e+08
7.13686e+07
2.74324e+07
9.80968e+06
3.2066e+06
976005
195406
13625.8
190.975
1.21092
0.00489503
2.39571e-05
3.11603e-07
8.77166e-09
-1.00614e-10
-1.59235e-11
-3.45083e-12
-8.82063e-13
-2.45292e-13
-1.24867e-11
-2.03622e-14
-5.8324e-15
-1.64337e-15
-4.56099e-16
-1.2482e-16
-3.35178e-17
-8.86121e-18
6.41269e-12
-3.80248e-16
-1.46987e-19
-3.66214e-20
-8.93587e-21
-2.15558e-21
-5.1734e-22
-1.21986e-22
-2.86595e-23
-6.64435e-24
4.98319e-11
-9.65081e-22
-8.08536e-26
-1.84193e-26
-1.50781e-23
-9.49372e-28
-2.10245e-28
-4.28666e-29
-4.98319e-11
-1.3102e-25
2.51359e-06
0
0
0
0
-3.22261e-21
0
-1.58419e-27
0
8.24989e-19
0
0
0
0
0
0
0
0
0
-8.64814e-13
0
0
0
0
0
1.66004e-18
0
0
-1.41701e-16
-1.62519e-14
9.85985e-07
7.5421e-05
0.00369382
0.102397
1.67369
17.3734
123.339
637.849
2527.83
8033.88
21409.9
50048
107616
220539
435757
1.0656e+06
2.47836e+06
5.68003e+06
1.28111e+07
2.8178e+07
5.92268e+07
1.25084e+08
2.74788e+08
1.75083e+08
7.06073e+07
2.71365e+07
9.70284e+06
3.17165e+06
965327
193879
13643.7
194.034
1.2497
0.00511974
2.50285e-05
3.36211e-07
1.86028e-08
-1.09322e-10
-1.62491e-11
-3.50854e-12
1.30804e-10
-6.6387e-12
2.20364e-12
-2.06247e-14
-5.93093e-15
-1.68445e-15
-4.68425e-16
-1.28416e-16
-3.44168e-17
-9.08595e-18
-5.62442e-11
-5.99987e-19
-1.50499e-19
-4.7495e-17
4.98319e-11
-2.20262e-21
-5.29098e-22
-1.24436e-22
-2.91494e-23
-4.98319e-11
-1.56923e-24
-3.59774e-25
4.98319e-11
-1.85987e-26
-4.23106e-27
-4.98319e-11
-2.11179e-28
-4.29834e-29
-4.98319e-11
0
0
0
0
-3.22708e-21
0
0
0
-1.03267e-19
0
0
0
0
0
4.22394e-16
0
2.51356e-06
0
0
0
0
-1.32805e-20
0
2.50615e-06
0
2.91334e-10
8.63981e-10
0
6.50442e-09
-1.6492e-16
-1.91272e-14
1.12134e-06
8.72494e-05
0.00413233
0.112145
1.79992
18.403
129.032
660.464
2595.14
8191.05
21709.9
50548.6
108411
221804
437754
1.07084e+06
2.48889e+06
5.70659e+06
1.28598e+07
2.82775e+07
5.9433e+07
1.2552e+08
2.75582e+08
1.73448e+08
6.99486e+07
2.68805e+07
9.61031e+06
3.14137e+06
956137
192515
13648.6
196.463
1.28187
0.00531257
2.61234e-05
3.34923e-07
8.69426e-09
-1.05198e-10
-1.64928e-11
-6.09468e-10
2.29634e-10
8.23507e-11
-7.24462e-14
-2.09528e-14
-4.98093e-11
-1.70087e-15
-4.74588e-16
4.98765e-11
-3.49304e-17
-9.21437e-18
-2.39191e-18
-6.1002e-19
-1.53509e-19
-4.98319e-11
-9.24942e-21
-2.24181e-21
-5.34977e-22
-1.26396e-22
-2.96393e-23
-6.8893e-24
-3.8605e-21
-3.63602e-25
-8.25281e-26
-4.98319e-11
2.26253e-23
-9.60585e-28
-2.12114e-28
6.41275e-12
2.94365e-26
0
0
0
0
0
0
2.58166e-20
0
-5.15618e-20
2.74769e-19
0
0
0
0
0
5.28722e-17
0
0
2.51343e-06
0
-8.68184e-13
0
0
0
0
0
1.65818e-18
0
6.23572e-18
-1.88079e-16
-1.50927e-08
3.16243e-06
9.71839e-05
0.00455177
0.121291
1.91646
19.3412
134.164
680.665
2654.79
8329.42
21972.6
50985.6
109104
222908
439501
1.07541e+06
2.49813e+06
5.72984e+06
1.29027e+07
2.83653e+07
5.96159e+07
1.25909e+08
2.76254e+08
1.7204e+08
6.93809e+07
2.66595e+07
9.53037e+06
3.11516e+06
948164
191332
13641.8
198.303
1.3076
0.00546937
2.69422e-05
3.45085e-07
8.66574e-09
-1.06851e-10
-7.16767e-11
-3.59093e-12
4.85723e-11
-2.54695e-13
1.6467e-11
-2.12153e-14
-4.98091e-11
-1.73373e-15
-4.80751e-16
-1.32011e-16
-3.54441e-17
-9.34279e-18
-2.43204e-18
-6.18047e-19
-1.55515e-19
-3.85026e-20
-9.40619e-21
-2.27316e-21
-5.40856e-22
-1.27865e-22
-6.17727e-20
-6.95054e-24
6.41275e-12
-3.65516e-25
-8.32457e-26
6.41275e-12
-4.27591e-27
-4.98319e-11
-2.12114e-28
-4.29834e-29
-4.6429e-30
0
0
0
0
0
-2.51359e-06
3.22261e-21
0
1.58419e-27
0
0
0
0
0
-2.51358e-06
0
0
0
0
0
-3.32125e-21
-1.32801e-20
0
0
1.07587e-13
0
5.74945e-10
2.24681e-09
0
-2.34673e-16
-2.49198e-14
1.48759e-06
0.000108148
0.00494285
0.129679
2.0219
20.1806
138.714
698.43
2706.88
8449.59
22199.8
51362.4
109702
223861
441013
1.07937e+06
2.50612e+06
5.74989e+06
1.29398e+07
2.84412e+07
5.97741e+07
1.26245e+08
2.76822e+08
1.70833e+08
6.88946e+07
2.64703e+07
9.46184e+06
3.09263e+06
941254
190215
13626.9
199.666
1.32784
0.00559521
2.76671e-05
3.51591e-07
8.64181e-09
-1.08185e-10
-1.685e-11
-3.63221e-12
-9.25725e-13
-2.56785e-13
-7.37562e-14
-2.13465e-14
-6.12797e-15
6.40904e-12
-4.88968e-16
4.98278e-11
-3.58294e-17
-9.47122e-18
-2.44007e-18
-6.24066e-19
4.98317e-11
-4.74965e-17
-9.46889e-21
-2.28884e-21
-5.46735e-22
4.98319e-11
-3.00067e-23
-6.98116e-24
-1.6075e-24
-3.67429e-25
-8.37241e-26
-1.89575e-26
-6.41275e-12
-9.60585e-28
-2.12114e-28
-4.29834e-29
-4.6137e-30
-2.51359e-06
0
0
0
-2.01413e-22
5.36657e-22
1.98023e-28
0
-1.58419e-27
0
0
-2.51359e-06
0
0
2.51358e-06
0
2.51356e-06
0
1.08126e-13
2.51323e-06
0
0
1.38205e-11
2.5057e-06
0
0
0
-8.24071e-13
0
-1.49186e-12
-2.75827e-14
1.6084e-06
0.000116564
0.00529348
0.137138
2.11462
20.9119
142.646
713.685
2751.48
8551.71
22392.1
51680.8
110207
224667
442295
1.08272e+06
2.51289e+06
5.7668e+06
1.29712e+07
2.85053e+07
5.9908e+07
1.2653e+08
2.77295e+08
1.69817e+08
6.84848e+07
2.63106e+07
9.40392e+06
3.07351e+06
935234
189278
13606.8
200.643
1.34357
0.00569479
2.82383e-05
3.50887e-07
8.61698e-09
-1.09329e-10
-1.05379e-09
4.55597e-11
5.4365e-12
-2.57828e-13
-7.42803e-14
4.11741e-12
6.40278e-12
-1.75838e-15
-1.29952e-13
-1.34066e-16
-3.60862e-17
-9.53543e-18
-2.47217e-18
-6.30086e-19
-1.58525e-19
-3.92551e-20
6.41274e-12
-2.31235e-21
-5.48694e-22
6.41275e-12
-3.03742e-23
-7.01178e-24
-1.62281e-24
-3.69343e-25
-8.39633e-26
-1.90173e-26
-4.29086e-27
4.9832e-11
-2.13048e-28
6.41275e-12
-4.6137e-30
0
-1.00846e-22
-7.73529e-31
0
0
-2.51359e-06
0
0
1.58419e-27
2.51359e-06
0
0
0
1.75939e-16
-4.22394e-16
-1.12545e-15
6.75823e-15
0
4.15259e-22
4.3247e-13
3.32122e-21
0
-2.70301e-14
0
0
0
0
0
2.29619e-06
-2.57424e-16
-2.99646e-14
1.74309e-06
0.000123754
0.00559814
0.143548
2.19352
21.5292
145.944
726.406
2788.39
8636.13
22550.6
51942.6
110623
225331
443352
1.08548e+06
2.51845e+06
5.78069e+06
1.2997e+07
2.85581e+07
6.00185e+07
1.26766e+08
2.77678e+08
1.68983e+08
6.8148e+07
2.61792e+07
9.35611e+06
3.05768e+06
930415
188770
13539.5
201.03
1.35483
0.0057705
2.8688e-05
3.68956e-07
1.25481e-08
2.94576e-09
-1.70772e-11
-3.66505e-12
-9.34024e-13
-2.58872e-13
-7.42796e-14
-6.23506e-12
-6.21008e-15
-1.76659e-15
-4.91022e-16
-1.35093e-16
-3.62146e-17
-9.56753e-18
-2.4802e-18
-6.32093e-19
-1.59027e-19
-3.93805e-20
7.89343e-18
-1.97808e-18
-5.54573e-22
2.4684e-19
-3.04966e-23
-7.0424e-24
-1.62281e-24
9.6436e-22
-8.39633e-26
-1.90771e-26
-4.29086e-27
-9.60585e-28
-2.11179e-28
-4.27498e-29
-4.5991e-30
1.3102e-25
0
0
8.0677e-22
0
0
-2.58166e-20
1.28905e-20
0
0
0
1.01388e-25
2.51359e-06
7.03407e-17
0
1.68957e-15
-1.126e-14
0
0
2.88074e-13
0
0
1.38201e-11
-5.51862e-11
2.49691e-06
0
0
0
-1.24224e-17
2.15921e-06
-3.19822e-14
1.80944e-06
0.000131103
0.00585227
0.148797
2.25763
22.0276
148.592
736.58
2817.86
8703.15
22675.9
52149.3
110950
225854
444185
1.08765e+06
2.52285e+06
5.79163e+06
1.30174e+07
2.85998e+07
6.01057e+07
1.26952e+08
2.77974e+08
1.68325e+08
6.78818e+07
2.60749e+07
9.31768e+06
3.04461e+06
927404
196365
12089.4
196.736
1.35786
0.0058215
2.8996e-05
3.64802e-07
1.64768e-08
2.9449e-09
-7.953e-10
-3.68986e-12
-9.38183e-13
-2.59917e-13
-7.48041e-14
-2.16746e-14
-6.24292e-15
-1.77481e-15
-4.9513e-16
-1.35607e-16
-3.6343e-17
-6.41263e-12
1.51613e-15
-6.36106e-19
-1.6003e-19
-3.96314e-20
-9.65702e-21
-2.32803e-21
7.40971e-19
-1.30805e-22
6.41275e-12
6.41275e-12
-1.63047e-24
-3.71257e-25
-8.44418e-26
-1.90173e-26
-4.29086e-27
-6.41275e-12
-2.11179e-28
-4.25162e-29
-4.5991e-30
0
-1.04816e-24
0
-3.35411e-23
2.01413e-22
0
-2.51359e-06
0
6.86921e-20
0
0
0
1.75852e-17
-7.03407e-17
0
0
2.51356e-06
0
0
0
0
0
0
0
0
0
-1.65555e-18
2.24233e-09
-1.24159e-17
-8.10397e-09
-1.99405e-06
1.94472e-06
0.000135097
0.00604659
0.1528
2.30622
22.4033
150.579
744.176
2839.67
8752.76
22768.5
52301.5
111191
226238
444796
1.08925e+06
2.52607e+06
5.79967e+06
1.30325e+07
2.86307e+07
6.01707e+07
1.27091e+08
2.78194e+08
1.6784e+08
6.76854e+07
2.59979e+07
9.28956e+06
3.03525e+06
924564
196012
12051.3
196.844
1.3631
0.00585733
2.9202e-05
3.68277e-07
2.23831e-08
2.9444e-09
-1.72072e-11
-3.68147e-12
-1.32608e-10
4.93108e-11
-7.50662e-14
-2.16745e-14
-6.27577e-15
-1.78302e-15
1.28968e-13
4.84565e-14
-3.65999e-17
-9.66385e-18
-2.50428e-18
-6.38113e-19
-1.60532e-19
-3.9506e-20
-9.68837e-21
-2.33587e-21
-5.56533e-22
-1.30805e-22
-3.06191e-23
-4.9832e-11
-1.62281e-24
-3.71257e-25
-8.42026e-26
-1.90173e-26
2.26253e-23
-9.60585e-28
-4.9832e-11
-4.2633e-29
-4.5845e-30
1.3102e-25
1.57354e-24
-7.73529e-31
-3.35411e-23
0
2.51359e-06
0
-1.28905e-20
0
0
0
-1.01388e-25
0
0
0
0
0
0
8.45904e-16
0
2.51277e-06
0
0
0
0
-2.90988e-10
0
0
0
-3.03561e-16
-3.46121e-14
2.01199e-06
0.000138931
0.00617709
0.155446
2.33824
22.6499
151.876
749.096
2853.69
8784.73
22828.1
52399.1
111344
226482
445185
1.09027e+06
2.52814e+06
5.80486e+06
1.30422e+07
2.86509e+07
6.02134e+07
1.27183e+08
2.78338e+08
1.67527e+08
6.75591e+07
2.59486e+07
9.2716e+06
3.0293e+06
922738
195657
12043.5
197.072
1.36728
0.00588255
2.93029e-05
3.68205e-07
1.25274e-08
-1.11232e-10
-1.094e-11
-2.65523e-10
-9.40253e-13
3.2759e-11
-7.5066e-14
-4.16064e-12
-6.24291e-15
-1.7748e-15
-4.97184e-16
-1.35607e-16
4.9846e-11
6.41261e-12
-2.50428e-18
-4.98317e-11
-1.60532e-19
-3.97568e-20
-4.98319e-11
-2.33587e-21
-5.56533e-22
-1.31295e-22
-3.07416e-23
-7.10363e-24
-1.63047e-24
-3.71257e-25
-8.42026e-26
-1.90173e-26
-4.29086e-27
-6.41275e-12
-2.11179e-28
-4.23994e-29
-2.94458e-26
0
0
0
0
0
0
0
2.51359e-06
0
0
-2.5347e-26
0
4.05552e-25
0
4.22394e-16
0
0
4.22968e-16
0
0
0
0
0
0
0
0
2.44599e-06
-3.23108e-18
0
-3.03497e-16
-1.97746e-06
2.01144e-06
0.000140713
0.00623351
0.15668
2.35318
22.7653
152.487
751.435
2860.46
8799.81
22855.8
52444.1
111415
226593
445359
1.09072e+06
2.52908e+06
5.80727e+06
1.30469e+07
2.86606e+07
6.02344e+07
1.27229e+08
2.7841e+08
1.67365e+08
6.74917e+07
2.59216e+07
9.26146e+06
3.02583e+06
921630
195431
12037.8
197.173
1.3694
0.00589539
2.93645e-05
3.68137e-07
1.25277e-08
-1.11167e-10
8.09586e-10
-3.69803e-12
-9.40251e-13
-2.60961e-13
-7.50659e-14
-4.16057e-12
-6.27576e-15
-7.79078e-13
1.93858e-13
-1.35607e-16
-3.65999e-17
-9.66385e-18
-2.50428e-18
-6.38113e-19
-1.60532e-19
4.98319e-11
-9.68837e-21
-2.33587e-21
-5.56533e-22
6.41275e-12
-3.06191e-23
-7.10363e-24
-3.86055e-21
6.41275e-12
-8.44418e-26
-1.90173e-26
-4.27591e-27
-9.60585e-28
9.41907e-25
-4.23994e-29
-4.5699e-30
0
0
0
0
0
0
-2.14663e-21
0
0
0
-2.5347e-26
0
0
0
0
0
0
1.03818e-22
-1.08126e-13
0
-3.38274e-15
-1.32796e-20
2.70291e-14
0
0
0
0
2.24165e-09
0
-2.15615e-06
-3.51211e-14
2.01144e-06
0.000140626
0.00623311
0.156665
2.35297
22.7632
152.472
751.363
2860.2
8799.02
22853.9
52440.3
111408
226581
445339
1.09068e+06
2.529e+06
5.8071e+06
1.30466e+07
2.86603e+07
6.0234e+07
1.27228e+08
2.78411e+08
1.67366e+08
6.74914e+07
2.59212e+07
9.26119e+06
3.0257e+06
921571
195412
12036.3
197.148
1.36923
0.00589477
2.93647e-05
3.75588e-07
1.84413e-08
-1.11167e-10
-1.72068e-11
2.64201e-12
-9.40251e-13
-2.62009e-13
-7.50659e-14
-2.17402e-14
-6.27576e-15
-1.7748e-15
1.9386e-13
-1.3612e-16
-3.65999e-17
-4.05595e-15
-2.50428e-18
-6.38113e-19
-1.60532e-19
-3.1652e-17
6.41275e-12
-2.33587e-21
-5.56533e-22
-1.31295e-22
-3.06191e-23
-7.07301e-24
-4.9832e-11
-3.71257e-25
-8.42026e-26
-1.90771e-26
-4.29086e-27
3.76751e-24
-2.11179e-28
-4.23994e-29
-4.5845e-30
-1.28025e-23
0
4.03385e-22
0
-3.22708e-21
0
1.98023e-28
0
0
0
-2.47611e-18
0
3.30087e-17
0
-4.22394e-16
0
0
0
0
0
0
1.32797e-20
2.50975e-06
-3.67589e-11
0
4.36844e-10
0
8.22814e-13
-2.29262e-06
-2.8021e-16
-2.24748e-08
2.01199e-06
0.000138856
0.00617428
0.155411
2.33762
22.6435
151.833
748.891
2852.97
8782.27
22822.1
52386.7
111321
226441
445113
1.0901e+06
2.52784e+06
5.8043e+06
1.30415e+07
2.86501e+07
6.02132e+07
1.27185e+08
2.78346e+08
1.6751e+08
6.75474e+07
2.5942e+07
9.26838e+06
3.02792e+06
922197
195521
12035.4
196.96
1.36663
0.00588028
2.93037e-05
3.7562e-07
1.64668e-08
2.93797e-09
-1.72069e-11
-3.68973e-12
-1.32607e-10
-2.6201e-13
-7.48035e-14
4.1171e-12
-6.41521e-12
-1.7748e-15
-1.94852e-13
-4.34158e-11
-3.64714e-17
-9.63174e-18
-2.50428e-18
-6.38113e-19
-1.61034e-19
-3.97568e-20
-9.68837e-21
-4.98319e-11
-4.9832e-11
-1.31785e-22
-3.06191e-23
-7.10363e-24
5.79154e-21
-3.71257e-25
-6.41275e-12
6.41275e-12
-1.50782e-23
-9.60585e-28
6.41275e-12
-4.23994e-29
-4.5699e-30
0
0
-2.51359e-06
0
-2.51359e-06
0
0
0
-6.86921e-20
0
0
0
0
0
0
-2.51357e-06
0
0
0
-4.32469e-13
0
0
0
0
-1.10091e-10
2.13612e-13
0
0
2.29339e-06
2.15762e-06
-3.3552e-14
1.9721e-06
0.000136719
0.00604236
0.152727
2.30503
22.3911
150.496
743.766
2838.2
8748.75
22759.1
52282.1
111153
226169
444679
1.08897e+06
2.52558e+06
5.79876e+06
1.30313e+07
2.86294e+07
6.01704e+07
1.27095e+08
2.78206e+08
1.67816e+08
6.76687e+07
2.59885e+07
9.28489e+06
3.03321e+06
923750
195799
12038.3
196.661
1.36203
0.00585346
2.91559e-05
3.75746e-07
1.647e-08
-1.11042e-10
-1.71908e-11
-3.68147e-12
4.85445e-11
-2.62011e-13
-1.24899e-11
-2.17402e-14
-6.24292e-15
-1.7748e-15
-4.98244e-11
-1.3612e-16
-3.65999e-17
-9.66385e-18
-2.49625e-18
-4.98312e-11
4.98318e-11
4.98319e-11
7.89343e-18
-1.97809e-18
-5.54573e-22
-1.30805e-22
-3.04966e-23
-7.07301e-24
-1.63047e-24
-3.71257e-25
-8.42026e-26
-1.90173e-26
-4.29086e-27
-9.60585e-28
6.41275e-12
-4.2633e-29
6.41275e-12
0
1.57354e-24
-2.51359e-06
0
0
0
0
0
0
0
-1.64998e-18
-4.3963e-18
-6.60906e-18
0
-4.22394e-16
0
0
-1.80067e-14
0
0
0
-1.32798e-20
-9.23277e-12
0
0
-2.13633e-13
0
0
0
2.15921e-06
-3.20039e-14
1.78204e-06
0.000130966
0.00584856
0.148701
2.25605
22.0115
148.482
736.044
2815.86
8697.65
22663.1
52122.7
110899
225761
444027
1.08728e+06
2.52219e+06
5.7904e+06
1.30158e+07
2.85982e+07
6.01055e+07
1.26957e+08
2.77991e+08
1.68292e+08
6.78591e+07
2.60619e+07
9.31125e+06
3.0418e+06
926259
196087
12072.3
196.479
1.3564
0.00581633
2.89504e-05
3.68523e-07
1.64775e-08
-1.10661e-10
-1.7142e-11
-3.67324e-12
-9.38184e-13
-2.60965e-13
1.23401e-11
-2.16746e-14
6.40272e-12
5.16007e-13
-4.93076e-16
-1.35607e-16
-3.6343e-17
-9.59964e-18
-1.52112e-15
-6.341e-19
-1.59529e-19
3.15728e-17
-9.65702e-21
-2.96843e-18
-5.52614e-22
-1.85512e-19
-6.41275e-12
-7.0424e-24
-3.86054e-21
9.64358e-22
-8.42026e-26
-1.50833e-22
-4.29086e-27
-9.60585e-28
-2.11179e-28
-4.2633e-29
6.41275e-12
2.41728e-32
1.04816e-24
7.73529e-31
3.35411e-23
-2.51359e-06
2.51359e-06
0
2.51359e-06
0
0
0
0
4.05552e-25
0
3.24441e-24
1.68957e-15
0
-1.80067e-14
0
0
-8.64788e-13
0
0
0
-2.49697e-06
0
-2.44748e-06
0
0
2.16135e-06
1.99815e-06
1.78429e-06
0.000125293
0.00559638
0.143428
2.19153
21.5091
145.807
725.744
2785.99
8629.27
22534.3
51908.8
110557
225211
443149
1.085e+06
2.5176e+06
5.77908e+06
1.2995e+07
2.85559e+07
6.00181e+07
1.26772e+08
2.77699e+08
1.68941e+08
6.81188e+07
2.61625e+07
9.34783e+06
3.05406e+06
928942
188435
13515.2
200.703
1.35303
0.00576426
2.86495e-05
3.61537e-07
1.84587e-08
-1.10025e-10
-1.70608e-11
-3.66506e-12
-9.36114e-13
-2.58872e-13
-7.42797e-14
2.05304e-12
-6.19365e-15
-1.75837e-15
-4.91022e-16
-1.34579e-16
4.98299e-11
-9.56753e-18
-2.4802e-18
-6.32093e-19
-1.59027e-19
6.41275e-12
4.98319e-11
-2.32019e-21
7.40973e-19
-2.471e-19
-3.03742e-23
-7.0424e-24
-3.86053e-21
-3.69343e-25
-3.62157e-22
-1.90173e-26
-4.29086e-27
-9.60585e-28
-2.11179e-28
2.35487e-25
-4.5991e-30
0
2.51359e-06
0
-3.35411e-23
0
-5.9175e-21
0
0
0
0
0
0
0
0
0
2.51357e-06
-2.11487e-16
2.51352e-06
0
2.51323e-06
0
0
0
0
7.32762e-11
0
-2.88077e-10
-3.23634e-18
0
1.22024e-08
-2.75612e-14
1.58093e-06
0.000114687
0.00528764
0.136991
2.11222
20.8875
142.48
712.88
2748.55
8543.33
22372.2
51639.4
110127
224520
442045
1.08213e+06
2.51182e+06
5.76477e+06
1.29685e+07
2.85024e+07
5.99073e+07
1.26538e+08
2.77321e+08
1.69765e+08
6.84487e+07
2.62901e+07
9.39376e+06
3.06909e+06
933467
188836
13575
200.266
1.34151
0.00568776
2.82204e-05
3.50913e-07
8.62409e-09
1.92673e-09
-1.05379e-09
-3.64861e-12
-9.31961e-13
-4.98324e-11
-7.42803e-14
-2.14778e-14
-6.17724e-15
-1.75838e-15
-4.88968e-16
-1.34066e-16
6.41246e-12
-6.41263e-12
-2.46415e-18
-6.30086e-19
-1.57522e-19
-3.91297e-20
-9.56296e-21
-2.30452e-21
-5.48694e-22
-1.29825e-22
-6.17729e-20
-7.01178e-24
-1.6075e-24
-3.69343e-25
2.41098e-22
-1.90173e-26
-4.29086e-27
6.41275e-12
-2.12114e-28
-4.27498e-29
6.41275e-12
-2.51359e-06
-9.92727e-23
0
0
0
-6.45416e-21
0
0
0
2.74769e-19
2.51359e-06
0
0
0
0
0
0
0
0
0
1.15211e-12
2.51189e-06
0
3.67649e-11
-7.32838e-11
0
0
0
-6.48647e-09
-2.34676e-16
-2.48983e-14
1.47381e-06
0.000107987
0.00493455
0.129505
2.01908
20.1521
138.519
697.481
2703.42
8439.67
22176.3
51313.4
109607
223687
440715
1.07866e+06
2.50483e+06
5.74741e+06
1.29366e+07
2.84375e+07
5.9773e+07
1.26254e+08
2.76853e+08
1.7077e+08
6.88514e+07
2.64457e+07
9.44969e+06
3.08735e+06
939129
189718
13589.8
199.229
1.3255
0.0055874
2.76223e-05
3.51638e-07
8.64321e-09
-1.0812e-10
-1.68336e-11
-3.96762e-10
-9.23636e-13
-2.56785e-13
-7.34938e-14
-2.13465e-14
1.54805e-12
-5.19518e-13
1.93871e-13
-1.33038e-16
-3.57009e-17
-9.40701e-18
-6.41269e-12
-6.26073e-19
-1.56519e-19
4.74187e-17
-6.41275e-12
-4.94416e-18
-4.98319e-11
-1.28355e-22
-3.00067e-23
1.54287e-20
-1.6075e-24
-3.67429e-25
-6.41275e-12
-1.89575e-26
-4.9832e-11
-9.60585e-28
1.41414e-24
-3.5363e-25
-4.6283e-30
0
0
0
0
0
0
0
-3.96047e-28
0
0
0
0
-2.51359e-06
0
0
1.29776e-23
0
0
-2.51343e-06
0
0
0
0
0
0
-4.37241e-10
0
-2.39695e-06
0
2.17132e-06
2.2658e-08
1.32541e-06
9.53495e-05
0.00454419
0.121098
1.9133
19.3091
133.944
679.591
2650.86
8318.12
21945.7
50929.4
108995
222707
439156
1.07459e+06
2.49662e+06
5.72693e+06
1.28989e+07
2.8361e+07
5.96146e+07
1.2592e+08
2.76291e+08
1.71964e+08
6.93299e+07
2.66307e+07
9.51614e+06
3.10899e+06
945704
190739
13599.6
197.803
1.30493
0.00546094
2.69183e-05
3.45116e-07
8.66727e-09
-1.06722e-10
-1.03852e-11
-2.71825e-10
-9.17408e-13
-4.98316e-11
-7.29699e-14
-2.12153e-14
-6.09515e-15
-1.72552e-15
-4.78696e-16
-1.31498e-16
-3.53157e-17
-9.31069e-18
-2.42401e-18
4.98317e-11
-1.55014e-19
4.74191e-17
-9.37483e-21
-2.27316e-21
-5.40856e-22
-6.41275e-12
6.41275e-12
-6.91992e-24
-1.59219e-24
9.64363e-22
-2.41265e-22
-6.41275e-12
-4.26096e-27
-9.60585e-28
-6.41275e-12
-4.29834e-29
6.41275e-12
-2.51359e-06
-1.00846e-22
-6.29417e-24
0
-1.34164e-22
0
0
0
0
0
0
0
0
0
0
2.51358e-06
4.50176e-15
0
0
1.69169e-15
0
-2.30343e-12
2.51008e-06
0
2.11316e-19
0
5.75513e-10
0
0
-1.64922e-16
-1.91275e-14
1.14904e-06
8.53978e-05
0.00412415
0.111934
1.79645
18.3675
128.788
659.265
2590.74
8178.33
21679.6
50485.3
108288
221577
437362
1.06989e+06
2.48717e+06
5.70323e+06
1.28555e+07
2.82725e+07
5.94316e+07
1.25533e+08
2.75626e+08
1.73358e+08
6.98883e+07
2.68465e+07
9.59365e+06
3.13416e+06
953243
191779
13597.4
195.886
1.27887
0.00530323
2.60795e-05
3.35022e-07
8.69591e-09
-1.05068e-10
-1.64434e-11
-3.96771e-10
-9.07009e-13
-2.51559e-13
-7.24463e-14
-2.08871e-14
-5.99661e-15
-1.70087e-15
-4.74588e-16
-1.29443e-16
-3.4802e-17
-9.21437e-18
-2.38388e-18
-6.1002e-19
-1.53007e-19
-3.78756e-20
-9.28077e-21
-2.24181e-21
-5.33017e-22
-2.47097e-19
-2.96393e-23
4.98319e-11
3.85733e-21
-3.63602e-25
-8.27673e-26
-1.87781e-26
-4.26096e-27
-9.56847e-28
1.41414e-24
-4.29834e-29
-4.6429e-30
0
0
0
0
0
-6.45416e-21
0
-5.16333e-20
0
2.51359e-06
2.51359e-06
0
0
0
0
0
0
0
2.51344e-06
0
0
0
-9.20717e-12
0
0
0
0
0
0
2.1812e-06
-1.62304e-14
9.58247e-07
7.5208e-05
0.00368687
0.102174
1.67001
17.3353
123.075
636.542
2523
8019.82
21376.2
49977.5
107479
220287
435320
1.06454e+06
2.47642e+06
5.67622e+06
1.28062e+07
2.81722e+07
5.92249e+07
1.25098e+08
2.74841e+08
1.74973e+08
7.05357e+07
2.70967e+07
9.68345e+06
3.16332e+06
962029
193028
13583.2
193.366
1.24628
0.00510868
2.50078e-05
3.17637e-07
8.73202e-09
-1.02968e-10
-1.61832e-11
-3.50024e-12
5.47315e-12
-2.48425e-13
-7.13979e-14
-2.0559e-14
-5.9145e-15
6.40917e-12
6.4113e-12
-1.27902e-16
1.61505e-14
-9.05385e-18
-1.01393e-15
-5.9798e-19
-1.49997e-19
-3.72485e-20
-9.09265e-21
-4.98319e-11
-5.25179e-22
1.85257e-19
-2.92719e-23
-6.76682e-24
-1.56923e-24
-3.57861e-25
-8.18104e-26
-1.86585e-26
-4.98319e-11
-9.53109e-28
-2.11179e-28
-4.29834e-29
-4.98319e-11
0
-1.04816e-24
0
0
0
0
0
0
0
-2.51359e-06
0
-2.51359e-06
-1.75852e-17
0
-3.24441e-24
0
0
0
-5.40634e-14
0
0
3.45814e-12
0
0
0
2.13999e-13
1.66121e-18
-1.69328e-09
0
-8.21574e-09
-1.33884e-14
8.22345e-07
6.34229e-05
0.00323924
0.0920392
1.53639
16.2281
116.865
611.547
2447.64
7841.77
21032.7
49399.4
106555
218813
432990
1.05845e+06
2.4642e+06
5.6454e+06
1.27502e+07
2.80586e+07
5.89917e+07
1.24608e+08
2.73906e+08
1.76844e+08
7.12854e+07
2.73866e+07
9.78754e+06
3.19715e+06
972270
194471
13559.3
190.241
1.20727
0.00488486
2.39413e-05
3.11652e-07
8.81978e-09
2.96e-09
-1.58741e-11
-3.4342e-12
-8.79973e-13
6.14529e-12
-1.24864e-11
4.11888e-12
-5.79955e-15
-1.64337e-15
-4.58154e-16
-6.41238e-12
-3.36463e-17
-6.08333e-15
-6.41269e-12
-5.8594e-19
-1.46485e-19
-3.6496e-20
-8.90452e-21
-2.15558e-21
-5.13421e-22
-1.21986e-22
4.98319e-11
-6.41275e-12
-1.53861e-24
-3.53077e-25
6.41275e-12
6.41275e-12
-4.18621e-27
-9.49372e-28
-2.0931e-28
-4.28666e-29
-4.6429e-30
0
0
4.19263e-24
0
0
0
0
0
0
-4.13066e-19
0
0
0
-5.27992e-17
0
0
0
1.03819e-22
0
0
-2.51291e-06
0
0
-2.50681e-06
0
0
0
-1.69549e-09
0
-8.31483e-17
-1.08168e-14
6.85725e-07
5.37164e-05
0.00279859
0.0817321
1.39747
15.0565
110.197
584.322
2364.26
7641.33
20639.8
48728.5
105491
217119
430305
1.05139e+06
2.45002e+06
5.60935e+06
1.26847e+07
2.79253e+07
5.87187e+07
1.24036e+08
2.72786e+08
1.79002e+08
7.21518e+07
2.77222e+07
9.90818e+06
3.2364e+06
984214
196102
13527.3
186.486
1.16072
0.00461107
2.2452e-05
2.87364e-07
1.27787e-08
-9.7426e-11
-1.54999e-11
-3.36826e-12
-5.03704e-11
-2.39016e-13
-6.87772e-14
-4.98001e-11
4.97989e-11
-1.60229e-15
-4.45828e-16
3.22467e-14
-3.26189e-17
-8.57226e-18
-2.22335e-18
-5.65874e-19
6.41274e-12
4.34191e-11
-6.41275e-12
-2.09288e-21
-6.41275e-12
-1.18067e-22
-2.79246e-23
-6.46063e-24
-1.50034e-24
-3.46379e-25
3.61994e-22
9.05002e-23
-4.98319e-11
5.65646e-24
-2.08376e-28
-4.26329e-29
-4.6283e-30
9.83463e-26
0
0
2.51359e-06
0
0
0
0
1.03267e-19
6.33675e-27
0
5.45883e-19
0
0
2.11197e-16
0
0
2.51353e-06
0
0
0
-2.51217e-06
0
1.83918e-11
0
0
0
0
0
-7.15262e-17
-8.42999e-15
5.4832e-07
4.46851e-05
0.00236873
0.0714882
1.25666
13.8502
103.247
555.661
2275.16
7418.77
20215.8
47993.9
104305
215169
427132
1.04298e+06
2.43297e+06
5.56578e+06
1.26054e+07
2.77627e+07
5.83871e+07
1.23343e+08
2.71396e+08
1.81522e+08
7.31665e+07
2.81168e+07
1.00507e+07
3.283e+06
998815
198172
13494.7
182.225
1.10891
0.00432087
2.10296e-05
2.78091e-07
8.87849e-09
-9.37243e-11
3.37684e-11
-2.6537e-10
1.30903e-10
-2.32743e-13
-6.64173e-14
-1.92464e-14
-5.48751e-15
-1.553e-15
-4.31448e-16
-6.4124e-12
-3.14632e-17
-8.28331e-18
1.51649e-15
-5.45807e-19
-1.37455e-19
-3.39877e-20
-8.34015e-21
-1.97778e-18
-4.80107e-22
-4.98319e-11
-2.68223e-23
-6.27692e-24
-4.98319e-11
-3.35853e-25
-7.70262e-26
-1.77017e-26
7.55165e-24
-9.23208e-28
6.41275e-12
-6.41275e-12
-4.6429e-30
0
0
2.51359e-06
-2.51767e-23
0
0
0
-8.58651e-21
0
0
0
0
8.79259e-18
1.32181e-17
2.11197e-16
0
1.05744e-16
0
0
0
0
0
0
0
-2.50066e-06
4.20776e-19
0
0
0
-4.78678e-17
-6.4244e-15
4.30992e-07
3.51477e-05
0.00196901
0.0616104
1.11683
12.6253
96.0853
526.007
2184.68
7209.02
19760
47236.9
102979
212884
423265
1.03245e+06
2.41087e+06
5.50745e+06
1.25044e+07
2.75557e+07
5.79673e+07
1.22468e+08
2.69607e+08
1.84521e+08
7.43804e+07
2.8592e+07
1.02235e+07
3.33973e+06
1.01584e+06
200557
13488
177.628
1.05236
0.00399692
1.93061e-05
2.50366e-07
8.9972e-09
-8.97687e-11
-7.9418e-10
-3.17009e-12
-8.15476e-13
-2.25947e-13
-6.45827e-14
-1.859e-14
1.03002e-12
-1.4955e-15
-4.12959e-16
4.84807e-14
-4.98302e-11
-7.89805e-18
-2.04677e-18
-5.21728e-19
-1.30432e-19
3.15798e-17
-7.93255e-21
4.98319e-11
7.41065e-19
6.41275e-12
-2.572e-23
-6.03196e-24
-1.40082e-24
-3.23414e-25
-7.4634e-26
-1.71634e-26
1.50699e-23
-9.15732e-28
-2.08376e-28
-4.3217e-29
2.94364e-26
-2.41728e-32
-1.93382e-31
-7.73529e-31
0
0
2.68329e-22
0
6.44522e-21
0
0
2.51359e-06
0
0
0
9.69517e-17
0
0
0
0
0
0
0
-1.35205e-14
2.50773e-06
2.11588e-19
0
0
-3.27193e-18
0
-2.22011e-06
-4.7158e-15
2.84288e-07
2.8069e-05
0.00159246
0.0520239
0.978157
11.3895
88.7521
495.156
2088.43
6976.76
19306.5
46382.1
101460
210170
418471
1.01894e+06
2.38141e+06
5.43298e+06
1.23704e+07
2.72797e+07
5.74088e+07
1.21306e+08
2.67183e+08
1.882e+08
7.58838e+07
2.91884e+07
1.04445e+07
3.41472e+06
1.03854e+06
201866
14347.9
178.843
1.00058
0.00365084
1.75176e-05
2.26533e-07
9.02997e-09
-8.47189e-11
-1.37879e-11
-3.02958e-12
-7.80072e-13
-6.60758e-12
-6.16986e-14
-1.7671e-14
4.98018e-11
-1.40923e-15
-1.94751e-13
-1.05816e-16
-2.82527e-17
-7.41646e-18
-1.92637e-18
-3.80149e-16
-1.22406e-19
-3.0476e-20
-7.46224e-21
-6.41275e-12
-4.35036e-22
-1.0337e-22
-2.42503e-23
-5.69515e-24
3.85759e-21
-3.08105e-25
-7.17635e-26
-1.68644e-26
-6.41275e-12
-9.26945e-28
-2.15851e-28
-4.53194e-29
2.94362e-26
0
-1.04816e-24
-4.03385e-22
0
0
0
2.51359e-06
0
0
0
-5.49537e-19
2.19815e-18
2.51359e-06
0
0
0
0
0
0
-8.30489e-22
0
0
0
-1.83994e-11
-5.51118e-11
1.07267e-13
-4.34592e-10
2.42252e-06
8.08909e-13
-2.41544e-17
-3.34942e-15
2.14536e-07
2.10287e-05
0.00127586
0.0436157
0.851594
10.2225
81.6185
464.289
1988.92
6724.5
18799.4
45411.5
99688.6
206887
412449
1.00156e+06
2.34248e+06
5.35243e+06
1.21889e+07
2.68991e+07
5.66419e+07
1.1971e+08
2.63801e+08
1.92829e+08
7.7787e+07
2.99492e+07
1.0728e+07
3.50907e+06
1.06675e+06
206341
14586.9
176.24
0.947774
0.00333224
1.57918e-05
2.10162e-07
9.11162e-09
-1.61509e-09
-1.30699e-11
2.59441e-10
-7.44676e-13
-2.05549e-13
6.34348e-12
-1.6752e-14
-4.74844e-15
-1.32297e-15
-3.65709e-16
-9.86245e-17
-2.63264e-17
-6.87067e-18
-1.77387e-18
3.79208e-16
9.48017e-17
-2.79677e-20
-6.41275e-12
-4.98319e-11
-6.41275e-12
-9.55316e-23
6.41275e-12
-5.2971e-24
-1.23625e-24
-3.0045e-25
-7.91791e-26
-6.03157e-23
-4.48522e-27
-1.05776e-27
-1.4146e-24
-5.53644e-29
-6.24894e-30
4.83455e-32
0
-6.29416e-24
0
0
0
-2.58166e-20
0
0
0
8.26132e-19
0
0
0
-2.64362e-17
0
-2.59551e-23
-2.11486e-16
0
0
1.66081e-21
0
-1.35225e-14
0
5.51271e-11
0
-4.35054e-10
-1.71078e-09
-6.37442e-18
-3.64129e-17
-2.28485e-15
1.65646e-07
1.47946e-05
0.000981017
0.0354194
0.724681
9.03333
74.2889
432.415
1885.59
6460.59
18234.7
44333.5
97649
202937
404892
979163
2.29075e+06
5.24336e+06
1.19397e+07
2.63549e+07
5.55484e+07
1.1743e+08
2.58893e+08
1.98845e+08
8.02877e+07
3.09628e+07
1.11125e+07
3.64186e+06
1.10933e+06
214236
14985.9
173.414
0.877648
0.00290501
1.35031e-05
1.86762e-07
9.2095e-09
-7.33242e-11
-6.10899e-11
5.29469e-11
-9.96646e-11
6.20025e-12
-5.4618e-14
-3.12305e-12
-4.38707e-15
-6.54222e-12
-3.35921e-16
-9.04061e-17
-2.40149e-17
-6.26066e-18
4.98315e-11
-6.41273e-12
-4.98318e-11
-2.5334e-20
-4.98319e-11
1.97425e-18
-3.6253e-22
-8.64683e-23
6.41275e-12
-7.72262e-21
-1.1597e-24
4.98319e-11
-9.61631e-26
-2.32035e-26
-5.30751e-27
-1.20727e-27
-4.98319e-11
4.98319e-11
-6.41275e-12
0
0
0
2.51359e-06
0
0
0
6.44522e-21
0
3.16837e-27
0
0
0
6.60905e-18
1.6222e-24
0
1.68956e-15
-6.7582e-15
0
4.15251e-22
0
-1.15201e-12
1.35238e-14
1.38157e-11
0
0
0
0
2.22091e-09
-1.22152e-17
-1.43613e-15
1.23409e-07
9.85008e-06
0.000747739
0.0287728
0.619889
8.03416
68.0168
404.552
1792.7
6213.65
17673.7
43187.5
95308.4
198101
395179
949591
2.22029e+06
5.09217e+06
1.15885e+07
2.55775e+07
5.39829e+07
1.1415e+08
2.51749e+08
2.06774e+08
8.36244e+07
3.23379e+07
1.16444e+07
3.8291e+06
1.17087e+06
226085
16080.5
179.696
0.851309
0.0026362
1.18457e-05
1.70734e-07
1.53014e-08
-2.12377e-09
-1.119e-11
-2.49188e-12
-6.42549e-13
-1.76244e-13
-4.96344e-14
-1.406e-14
-3.94357e-15
-1.08881e-15
-2.97914e-16
4.9829e-11
-2.10612e-17
-5.49012e-18
-1.41267e-18
4.98318e-11
-8.95467e-20
-2.21359e-20
5.92676e-18
-1.32078e-21
4.93623e-19
-7.59353e-23
-1.8004e-23
6.41275e-12
6.41275e-12
1.44789e-21
-8.89867e-26
-2.02732e-26
-4.66463e-27
-1.08019e-27
-2.38277e-28
3.53529e-25
-7.44616e-30
-6.55099e-26
-2.51359e-06
2.51359e-06
0
6.18823e-30
0
0
4.734e-20
2.51359e-06
0
0
0
0
2.51358e-06
-1.05598e-16
0
0
0
0
7.11776e-14
1.66087e-21
0
-1.32787e-20
2.50933e-06
0
-1.46413e-10
0
1.65011e-18
0
-1.22737e-17
1.19443e-08
8.76942e-08
1.03685e-05
0.000580113
0.0235068
0.529116
7.11251
62.0017
377.275
1700.94
5968.92
17114.7
41997.9
92766
192613
383712
913657
2.13144e+06
4.89739e+06
1.11256e+07
2.45319e+07
5.18638e+07
1.0969e+08
2.41947e+08
2.1682e+08
8.79138e+07
3.41337e+07
1.23495e+07
4.08017e+06
1.25131e+06
243281
17367
183.237
0.78935
0.00222903
1.01141e-05
1.39225e-07
3.41851e-09
-5.9585e-11
-1.01905e-11
-2.28468e-12
1.5793e-11
-1.61584e-13
8.22982e-12
2.05743e-12
-3.54931e-15
-9.7789e-16
6.447e-14
-2.43676e-14
1.21303e-14
3.03243e-15
-1.23208e-18
-3.1103e-19
-7.80085e-20
-1.91886e-20
-4.70309e-21
-1.14442e-21
4.93665e-19
-6.56473e-23
-1.54933e-23
-3.75084e-24
-1.286e-24
-3.10975e-25
-7.53516e-26
-1.77017e-26
-4.08155e-27
-9.30683e-28
4.98319e-11
4.98319e-11
-6.94975e-30
0
0
0
-1.25883e-23
0
0
0
0
0
1.58419e-27
-6.33674e-27
0
0
0
0
2.81362e-16
0
2.5955e-23
1.03818e-22
0
0
0
0
-2.65415e-20
0
1.10038e-10
0
0
0
-1.24051e-17
-3.95284e-16
3.70712e-08
4.59361e-06
0.000363738
0.0169086
0.421974
6.09991
55.8775
351.502
1619.78
5762.17
16647.6
40974.2
90474.3
187472
372706
878732
2.04342e+06
4.70374e+06
1.06599e+07
2.34648e+07
4.96996e+07
1.05148e+08
2.3171e+08
2.26449e+08
9.20852e+07
3.59238e+07
1.30778e+07
4.35212e+06
1.34639e+06
268700
19647.9
197.487
0.759651
0.0018428
7.55625e-06
9.37349e-08
9.59973e-09
-4.73107e-11
-8.28727e-12
-1.993e-10
-4.81847e-13
-1.31205e-13
-3.6252e-14
-1.00539e-14
-2.75253e-15
-7.47823e-16
6.41198e-12
-2.43504e-14
-1.38697e-17
-3.56377e-18
-9.11015e-19
-1.26679e-16
-5.74403e-20
4.98319e-11
-3.51164e-21
-8.62233e-22
-2.09679e-22
4.98319e-11
-1.20027e-23
-3.3681e-24
-1.1597e-24
-7.24408e-22
-6.12382e-26
-6.031e-23
-3.42372e-27
4.98319e-11
-1.80343e-28
-3.63256e-29
-5.05171e-30
)
;

boundaryField
{
    fuel
    {
        type            calculated;
        value           uniform 0;
    }
    air
    {
        type            calculated;
        value           uniform 0;
    }
    outlet
    {
        type            calculated;
        value           uniform 0;
    }
    frontAndBack
    {
        type            empty;
    }
}


// ************************************************************************* //
