/*--------------------------------*- C++ -*----------------------------------*\
  =========                 |
  \\      /  F ield         | OpenFOAM: The Open Source CFD Toolbox
   \\    /   O peration     | Website:  https://openfoam.org
    \\  /    A nd           | Version:  11
     \\/     M anipulation  |
\*---------------------------------------------------------------------------*/
FoamFile
{
    format      ascii;
    class       volScalarField;
    location    "0.05";
    object      rho;
}
// * * * * * * * * * * * * * * * * * * * * * * * * * * * * * * * * * * * * * //

dimensions      [1 -3 0 0 0 0 0];

internalField   nonuniform List<scalar> 
4000
(
0.658534
0.658534
0.658534
0.658534
0.658534
0.658534
0.658534
0.658534
0.658534
0.658534
0.658534
0.658534
0.658534
0.658533
0.658533
0.658532
0.65853
0.658526
0.658517
0.658495
0.658449
0.658346
0.658122
0.657642
0.65662
0.65449
0.650166
0.641738
0.62631
0.600587
0.562882
0.517116
0.469723
0.425565
0.386978
0.354251
0.326678
0.303309
0.283284
0.265935
0.250751
0.237247
0.225135
0.21421
0.204319
0.195344
0.187199
0.179826
0.1732
0.167342
0.162363
0.158763
0.156849
0.158125
0.166952
0.18542
0.211514
0.245391
0.288249
0.341618
0.406895
0.484979
0.599127
0.73147
0.868885
0.986876
1.07054
1.12187
1.15068
1.16622
1.17448
1.17886
1.1812
1.18244
1.1831
1.18344
1.18363
1.18372
1.18377
1.1838
1.18381
1.18382
1.18382
1.18382
1.18382
1.18382
1.18382
1.18382
1.18382
1.18382
1.18382
1.18382
1.18382
1.18382
1.18382
1.18382
1.18382
1.18382
1.18382
1.18382
0.658534
0.658534
0.658534
0.658534
0.658534
0.658534
0.658534
0.658534
0.658534
0.658534
0.658534
0.658534
0.658534
0.658533
0.658533
0.658532
0.65853
0.658524
0.658513
0.658486
0.658428
0.658301
0.658027
0.657442
0.656213
0.653683
0.648634
0.639008
0.621873
0.594256
0.555265
0.509764
0.463504
0.420817
0.383573
0.351871
0.325021
0.302146
0.282456
0.265335
0.250303
0.236899
0.224854
0.213971
0.204103
0.19514
0.186998
0.179625
0.172998
0.167145
0.162186
0.158638
0.156834
0.158361
0.167833
0.186758
0.213262
0.247529
0.290748
0.344392
0.409277
0.487087
0.599952
0.729497
0.863519
0.979529
1.06387
1.11676
1.14723
1.16405
1.17318
1.17811
1.18077
1.1822
1.18297
1.18337
1.18359
1.1837
1.18376
1.18379
1.18381
1.18381
1.18382
1.18382
1.18382
1.18382
1.18382
1.18382
1.18382
1.18382
1.18382
1.18382
1.18382
1.18382
1.18382
1.18382
1.18382
1.18382
1.18382
1.18382
0.658534
0.658534
0.658534
0.658534
0.658534
0.658534
0.658534
0.658534
0.658534
0.658534
0.658534
0.658534
0.658534
0.658533
0.658533
0.658532
0.658529
0.658524
0.658511
0.658482
0.658419
0.658281
0.657985
0.657354
0.656033
0.653328
0.647962
0.63781
0.619916
0.591434
0.551875
0.506375
0.460476
0.418265
0.381489
0.350203
0.323699
0.301099
0.281623
0.264667
0.249758
0.236446
0.22447
0.213639
0.203807
0.194867
0.18674
0.179377
0.172759
0.166919
0.161986
0.158496
0.156803
0.15858
0.168674
0.187996
0.214795
0.249263
0.292545
0.346015
0.410491
0.487907
0.599475
0.726936
0.858997
0.975667
1.06052
1.1143
1.14563
1.16307
1.1726
1.17777
1.18058
1.18209
1.18291
1.18334
1.18357
1.18369
1.18376
1.18379
1.18381
1.18381
1.18382
1.18382
1.18382
1.18382
1.18382
1.18382
1.18382
1.18382
1.18382
1.18382
1.18382
1.18382
1.18382
1.18382
1.18382
1.18382
1.18382
1.18382
0.658534
0.658534
0.658534
0.658534
0.658534
0.658534
0.658534
0.658534
0.658534
0.658534
0.658534
0.658534
0.658534
0.658533
0.658533
0.658532
0.658529
0.658522
0.658508
0.658476
0.658405
0.658251
0.657921
0.657221
0.655763
0.652801
0.646983
0.636108
0.617228
0.587697
0.547691
0.502335
0.456994
0.415475
0.379329
0.348543
0.322412
0.300084
0.280807
0.263998
0.249194
0.235957
0.224051
0.213272
0.203479
0.194569
0.186466
0.179123
0.172525
0.166708
0.161807
0.15837
0.156767
0.158734
0.169298
0.188903
0.215899
0.250491
0.293801
0.347175
0.411163
0.488621
0.599494
0.725474
0.856148
0.972313
1.0572
1.11184
1.14398
1.16202
1.17196
1.17739
1.18035
1.18196
1.18284
1.1833
1.18355
1.18368
1.18375
1.18379
1.1838
1.18381
1.18382
1.18382
1.18382
1.18382
1.18382
1.18382
1.18382
1.18382
1.18382
1.18382
1.18382
1.18382
1.18382
1.18382
1.18382
1.18382
1.18382
1.18382
0.658534
0.658534
0.658534
0.658534
0.658534
0.658534
0.658534
0.658534
0.658534
0.658534
0.658534
0.658534
0.658534
0.658533
0.658533
0.658532
0.658529
0.658522
0.658506
0.658472
0.658396
0.658231
0.657879
0.657133
0.655584
0.652446
0.646304
0.634888
0.615221
0.584785
0.544244
0.498824
0.45381
0.412799
0.377171
0.346831
0.321055
0.299
0.279932
0.263282
0.248594
0.235446
0.223617
0.212898
0.203151
0.194278
0.186206
0.17889
0.172317
0.166525
0.161658
0.158264
0.156729
0.158836
0.169735
0.189525
0.216631
0.251271
0.294555
0.347797
0.411371
0.488455
0.598299
0.722976
0.852441
0.968466
1.0543
1.10985
1.14271
1.16124
1.17149
1.17711
1.18019
1.18187
1.18278
1.18328
1.18354
1.18368
1.18375
1.18378
1.1838
1.18381
1.18382
1.18382
1.18382
1.18382
1.18382
1.18382
1.18382
1.18382
1.18382
1.18382
1.18382
1.18382
1.18382
1.18382
1.18382
1.18382
1.18382
1.18382
0.658534
0.658534
0.658534
0.658534
0.658534
0.658534
0.658534
0.658534
0.658534
0.658534
0.658534
0.658534
0.658534
0.658534
0.658533
0.658531
0.658528
0.658521
0.658504
0.658467
0.658385
0.658208
0.657829
0.657029
0.655373
0.652034
0.645542
0.633576
0.613178
0.581991
0.541118
0.495768
0.451102
0.410536
0.375334
0.345353
0.319861
0.298027
0.279131
0.262617
0.248032
0.234991
0.22321
0.212542
0.202838
0.194003
0.185963
0.178676
0.17213
0.166366
0.161532
0.158175
0.156694
0.158904
0.170044
0.189952
0.217114
0.251754
0.294971
0.348048
0.411346
0.488076
0.597229
0.72113
0.84987
0.965759
1.0521
1.10825
1.14164
1.16057
1.17108
1.17687
1.18005
1.18179
1.18274
1.18325
1.18352
1.18367
1.18374
1.18378
1.1838
1.18381
1.18382
1.18382
1.18382
1.18382
1.18382
1.18382
1.18382
1.18382
1.18382
1.18382
1.18382
1.18382
1.18382
1.18382
1.18382
1.18382
1.18382
1.18382
0.658534
0.658534
0.658534
0.658534
0.658534
0.658534
0.658534
0.658534
0.658534
0.658534
0.658534
0.658534
0.658534
0.658534
0.658533
0.658531
0.658528
0.65852
0.658502
0.658463
0.658377
0.658189
0.657789
0.656946
0.655204
0.651699
0.64491
0.63246
0.611387
0.579473
0.538224
0.492884
0.448517
0.408367
0.373573
0.343938
0.318722
0.297104
0.278379
0.262006
0.247539
0.234578
0.222841
0.212215
0.20255
0.19375
0.185742
0.178484
0.171965
0.166227
0.161425
0.158099
0.15666
0.15895
0.170269
0.190255
0.217437
0.25204
0.295148
0.348053
0.411046
0.487703
0.596252
0.719277
0.847363
0.963387
1.05008
1.1068
1.1407
1.15998
1.17073
1.17666
1.17993
1.18172
1.1827
1.18323
1.18351
1.18366
1.18374
1.18378
1.1838
1.18381
1.18382
1.18382
1.18382
1.18382
1.18382
1.18382
1.18382
1.18382
1.18382
1.18382
1.18382
1.18382
1.18382
1.18382
1.18382
1.18382
1.18382
1.18382
0.658534
0.658534
0.658534
0.658534
0.658534
0.658534
0.658534
0.658534
0.658534
0.658534
0.658534
0.658534
0.658534
0.658534
0.658533
0.658531
0.658528
0.658519
0.658501
0.658459
0.658369
0.658172
0.657751
0.656866
0.655042
0.651383
0.64432
0.631435
0.609778
0.57726
0.53572
0.490402
0.446285
0.406477
0.37202
0.342674
0.317692
0.296261
0.277686
0.261438
0.247077
0.234156
0.222503
0.211912
0.202283
0.193517
0.18554
0.178311
0.171819
0.166106
0.161332
0.158033
0.15663
0.158982
0.17044
0.190478
0.217657
0.252199
0.295156
0.347779
0.410498
0.487943
0.595819
0.717887
0.845291
0.961214
1.0484
1.10563
1.13994
1.15952
1.17045
1.1765
1.17983
1.18167
1.18267
1.18321
1.1835
1.18366
1.18374
1.18378
1.1838
1.18381
1.18382
1.18382
1.18382
1.18382
1.18382
1.18382
1.18382
1.18382
1.18382
1.18382
1.18382
1.18382
1.18382
1.18382
1.18382
1.18382
1.18382
1.18382
0.658534
0.658534
0.658534
0.658534
0.658534
0.658534
0.658534
0.658534
0.658534
0.658534
0.658534
0.658534
0.658534
0.658534
0.658533
0.658531
0.658527
0.658519
0.658499
0.658456
0.658361
0.658156
0.657716
0.656793
0.654892
0.651087
0.643766
0.630473
0.608272
0.575204
0.533411
0.488134
0.444259
0.404769
0.370618
0.341531
0.316756
0.295485
0.277032
0.260877
0.246574
0.233733
0.222134
0.211607
0.202027
0.1933
0.185355
0.178154
0.171688
0.165999
0.16125
0.157975
0.156603
0.159007
0.170577
0.190655
0.217833
0.252336
0.295206
0.347682
0.410149
0.487413
0.594834
0.71645
0.843523
0.959658
1.04705
1.10466
1.13931
1.15913
1.17021
1.17636
1.17975
1.18162
1.18264
1.1832
1.1835
1.18365
1.18374
1.18378
1.1838
1.18381
1.18382
1.18382
1.18382
1.18382
1.18382
1.18382
1.18382
1.18382
1.18382
1.18382
1.18382
1.18382
1.18382
1.18382
1.18382
1.18382
1.18382
1.18382
0.658534
0.658534
0.658534
0.658534
0.658534
0.658534
0.658534
0.658534
0.658534
0.658534
0.658534
0.658534
0.658534
0.658534
0.658533
0.658531
0.658527
0.658518
0.658498
0.658453
0.658355
0.658142
0.657687
0.656731
0.654765
0.650838
0.6433
0.629662
0.606998
0.573456
0.531433
0.486172
0.44249
0.403264
0.369373
0.340511
0.315917
0.294789
0.276449
0.260385
0.246153
0.233372
0.221823
0.21134
0.201798
0.193104
0.185189
0.178014
0.171571
0.165904
0.161179
0.157925
0.156578
0.159027
0.170691
0.190801
0.217975
0.252444
0.295249
0.347627
0.409884
0.486954
0.593996
0.715207
0.841925
0.957978
1.04579
1.1038
1.13876
1.15879
1.17001
1.17624
1.17968
1.18158
1.18262
1.18319
1.18349
1.18365
1.18374
1.18378
1.1838
1.18381
1.18382
1.18382
1.18382
1.18382
1.18382
1.18382
1.18382
1.18382
1.18382
1.18382
1.18382
1.18382
1.18382
1.18382
1.18382
1.18382
1.18382
1.18382
0.658534
0.658534
0.658534
0.658534
0.658534
0.658534
0.658534
0.658534
0.658534
0.658534
0.658534
0.658534
0.658534
0.658534
0.658533
0.658531
0.658527
0.658518
0.658497
0.658451
0.658349
0.658129
0.657659
0.656672
0.654645
0.650599
0.642855
0.628893
0.605805
0.571847
0.529642
0.484419
0.440924
0.401938
0.368278
0.339612
0.315175
0.294173
0.275933
0.25995
0.245781
0.233052
0.221548
0.211103
0.201595
0.192931
0.185042
0.17789
0.171468
0.165821
0.161116
0.157881
0.156557
0.159044
0.170788
0.190924
0.218094
0.252534
0.295284
0.34758
0.409673
0.486578
0.593304
0.714187
0.84067
0.95687
1.04483
1.10312
1.13832
1.15852
1.16985
1.17615
1.17963
1.18155
1.1826
1.18318
1.18348
1.18365
1.18373
1.18378
1.1838
1.18381
1.18382
1.18382
1.18382
1.18382
1.18382
1.18382
1.18382
1.18382
1.18382
1.18382
1.18382
1.18382
1.18382
1.18382
1.18382
1.18382
1.18382
1.18382
0.658534
0.658534
0.658534
0.658534
0.658534
0.658534
0.658534
0.658534
0.658534
0.658534
0.658534
0.658534
0.658534
0.658534
0.658533
0.658531
0.658527
0.658517
0.658496
0.658448
0.658344
0.658118
0.657635
0.656622
0.654543
0.650399
0.642481
0.628245
0.604797
0.570479
0.528109
0.482909
0.439566
0.400782
0.36732
0.338824
0.314525
0.293631
0.275479
0.259567
0.245453
0.232771
0.221306
0.210895
0.201416
0.192778
0.184912
0.177781
0.171378
0.165748
0.161061
0.157842
0.156538
0.159058
0.170871
0.19103
0.218197
0.252612
0.295316
0.347544
0.409506
0.486273
0.592736
0.713348
0.839611
0.955793
1.044
1.10255
1.13796
1.1583
1.16972
1.17607
1.17958
1.18153
1.18259
1.18317
1.18348
1.18365
1.18373
1.18378
1.1838
1.18381
1.18382
1.18382
1.18382
1.18382
1.18382
1.18382
1.18382
1.18382
1.18382
1.18382
1.18382
1.18382
1.18382
1.18382
1.18382
1.18382
1.18382
1.18382
0.658534
0.658534
0.658534
0.658534
0.658534
0.658534
0.658534
0.658534
0.658534
0.658534
0.658534
0.658534
0.658534
0.658534
0.658533
0.658531
0.658527
0.658517
0.658495
0.658446
0.65834
0.658108
0.657614
0.656578
0.654451
0.650218
0.642144
0.627664
0.603898
0.569272
0.52677
0.481598
0.438393
0.399785
0.366494
0.338143
0.313961
0.293162
0.275085
0.259235
0.245169
0.232526
0.221095
0.210714
0.201261
0.192645
0.184799
0.177686
0.171299
0.165684
0.161014
0.157809
0.156522
0.15907
0.170944
0.191122
0.218287
0.252682
0.295348
0.347523
0.40937
0.486027
0.59228
0.712672
0.838764
0.954967
1.04337
1.10209
1.13766
1.15812
1.16961
1.176
1.17955
1.1815
1.18258
1.18316
1.18348
1.18364
1.18373
1.18378
1.1838
1.18381
1.18382
1.18382
1.18382
1.18382
1.18382
1.18382
1.18382
1.18382
1.18382
1.18382
1.18382
1.18382
1.18382
1.18382
1.18382
1.18382
1.18382
1.18382
0.658534
0.658534
0.658534
0.658534
0.658534
0.658534
0.658534
0.658534
0.658534
0.658534
0.658534
0.658534
0.658534
0.658534
0.658533
0.658531
0.658527
0.658517
0.658494
0.658445
0.658336
0.6581
0.657596
0.65654
0.654373
0.650065
0.641857
0.62717
0.603135
0.568248
0.525632
0.480484
0.437394
0.398936
0.365788
0.33756
0.313479
0.292759
0.274746
0.258949
0.244924
0.232316
0.220914
0.210558
0.201127
0.19253
0.184702
0.177604
0.171231
0.165629
0.160973
0.15778
0.156508
0.159081
0.171005
0.191201
0.218364
0.252742
0.295379
0.347511
0.409257
0.48583
0.591913
0.712129
0.838081
0.954282
1.04279
1.10171
1.13742
1.15797
1.16952
1.17595
1.17952
1.18149
1.18257
1.18316
1.18347
1.18364
1.18373
1.18378
1.1838
1.18381
1.18382
1.18382
1.18382
1.18382
1.18382
1.18382
1.18382
1.18382
1.18382
1.18382
1.18382
1.18382
1.18382
1.18382
1.18382
1.18382
1.18382
1.18382
0.658534
0.658534
0.658534
0.658534
0.658534
0.658534
0.658534
0.658534
0.658534
0.658534
0.658534
0.658534
0.658534
0.658534
0.658533
0.658531
0.658527
0.658516
0.658494
0.658443
0.658333
0.658093
0.657581
0.656507
0.654307
0.649934
0.641614
0.626751
0.602489
0.567385
0.524677
0.479551
0.436558
0.398225
0.365197
0.337072
0.313074
0.292421
0.274462
0.258707
0.244718
0.232138
0.220761
0.210426
0.201013
0.192433
0.18462
0.177535
0.171174
0.165583
0.160938
0.157755
0.156496
0.159089
0.171057
0.191268
0.218429
0.252793
0.295402
0.347496
0.40916
0.485684
0.59163
0.711706
0.837549
0.95375
1.04237
1.10141
1.13722
1.15785
1.16945
1.17591
1.17949
1.18147
1.18256
1.18315
1.18347
1.18364
1.18373
1.18378
1.1838
1.18381
1.18382
1.18382
1.18382
1.18382
1.18382
1.18382
1.18382
1.18382
1.18382
1.18382
1.18382
1.18382
1.18382
1.18382
1.18382
1.18382
1.18382
1.18382
0.658534
0.658534
0.658534
0.658534
0.658534
0.658534
0.658534
0.658534
0.658534
0.658534
0.658534
0.658534
0.658534
0.658534
0.658533
0.658531
0.658526
0.658516
0.658493
0.658442
0.65833
0.658087
0.657568
0.656481
0.654253
0.649827
0.641413
0.626406
0.60196
0.566678
0.523896
0.478789
0.435876
0.397644
0.364714
0.336673
0.312743
0.292144
0.274229
0.25851
0.244548
0.231992
0.220635
0.210318
0.20092
0.192354
0.184552
0.177479
0.171127
0.165545
0.16091
0.157735
0.156486
0.159097
0.1711
0.191322
0.21848
0.252826
0.295397
0.347425
0.408999
0.485656
0.591485
0.711416
0.837157
0.953346
1.04205
1.10117
1.13707
1.15776
1.16939
1.17588
1.17947
1.18146
1.18256
1.18315
1.18347
1.18364
1.18373
1.18378
1.1838
1.18381
1.18382
1.18382
1.18382
1.18382
1.18382
1.18382
1.18382
1.18382
1.18382
1.18382
1.18382
1.18382
1.18382
1.18382
1.18382
1.18382
1.18382
1.18382
0.658534
0.658534
0.658534
0.658534
0.658534
0.658534
0.658534
0.658534
0.658534
0.658534
0.658534
0.658534
0.658534
0.658534
0.658533
0.658531
0.658526
0.658516
0.658493
0.658441
0.658328
0.658083
0.657558
0.65646
0.654209
0.649742
0.641255
0.626134
0.601541
0.566121
0.523281
0.478189
0.43534
0.397187
0.364334
0.336358
0.312482
0.291925
0.274044
0.258354
0.244414
0.231877
0.220536
0.210232
0.200847
0.192291
0.184499
0.177434
0.17109
0.165515
0.160887
0.157719
0.156478
0.159103
0.171134
0.191364
0.218515
0.252829
0.295297
0.347014
0.408013
0.486975
0.592053
0.711417
0.836939
0.953071
1.04181
1.10101
1.13697
1.15769
1.16935
1.17585
1.17946
1.18146
1.18255
1.18315
1.18347
1.18364
1.18373
1.18378
1.1838
1.18381
1.18382
1.18382
1.18382
1.18382
1.18382
1.18382
1.18382
1.18382
1.18382
1.18382
1.18382
1.18382
1.18382
1.18382
1.18382
1.18382
1.18382
1.18382
0.658534
0.658534
0.658534
0.658534
0.658534
0.658534
0.658534
0.658534
0.658534
0.658534
0.658534
0.658534
0.658534
0.658534
0.658533
0.658531
0.658526
0.658516
0.658493
0.658441
0.658327
0.658079
0.657551
0.656444
0.654177
0.649678
0.641136
0.625931
0.60123
0.565708
0.522826
0.477746
0.434943
0.396849
0.364053
0.336126
0.312289
0.291764
0.273908
0.258239
0.244316
0.231792
0.220462
0.210169
0.200792
0.192244
0.184459
0.177401
0.171063
0.165493
0.160871
0.157708
0.156472
0.159107
0.171159
0.191395
0.218544
0.252846
0.295288
0.346959
0.407902
0.486963
0.59198
0.711275
0.836755
0.952881
1.04166
1.1009
1.1369
1.15765
1.16933
1.17584
1.17945
1.18145
1.18255
1.18315
1.18347
1.18364
1.18373
1.18378
1.1838
1.18381
1.18382
1.18382
1.18382
1.18382
1.18382
1.18382
1.18382
1.18382
1.18382
1.18382
1.18382
1.18382
1.18382
1.18382
1.18382
1.18382
1.18382
1.18382
0.658534
0.658534
0.658534
0.658534
0.658534
0.658534
0.658534
0.658534
0.658534
0.658534
0.658534
0.658534
0.658534
0.658534
0.658533
0.658531
0.658526
0.658516
0.658492
0.65844
0.658326
0.658077
0.657546
0.656434
0.654157
0.649638
0.641061
0.625801
0.601031
0.565443
0.522535
0.477461
0.434688
0.396632
0.363872
0.335975
0.312164
0.291659
0.273821
0.258165
0.244252
0.231737
0.220415
0.210128
0.200757
0.192214
0.184434
0.177379
0.171045
0.165479
0.16086
0.1577
0.156469
0.15911
0.171175
0.191416
0.218564
0.252861
0.295293
0.346951
0.40787
0.486918
0.591897
0.711158
0.836623
0.952768
1.04159
1.10086
1.13687
1.15763
1.16931
1.17583
1.17945
1.18145
1.18255
1.18315
1.18347
1.18364
1.18373
1.18378
1.1838
1.18381
1.18382
1.18382
1.18382
1.18382
1.18382
1.18382
1.18382
1.18382
1.18382
1.18382
1.18382
1.18382
1.18382
1.18382
1.18382
1.18382
1.18382
1.18382
0.658534
0.658534
0.658534
0.658534
0.658534
0.658534
0.658534
0.658534
0.658534
0.658534
0.658534
0.658534
0.658534
0.658534
0.658533
0.658531
0.658526
0.658516
0.658492
0.65844
0.658325
0.658076
0.657544
0.65643
0.654148
0.64962
0.641027
0.625743
0.600942
0.565325
0.522403
0.477332
0.434571
0.396531
0.363787
0.335905
0.312105
0.29161
0.273778
0.258129
0.244221
0.23171
0.220392
0.210108
0.20074
0.1922
0.184422
0.177369
0.171037
0.165472
0.160855
0.157696
0.156467
0.159111
0.171183
0.191426
0.218574
0.252869
0.295297
0.34695
0.407857
0.486895
0.591855
0.711097
0.836553
0.952716
1.04157
1.10085
1.13686
1.15762
1.16931
1.17583
1.17944
1.18145
1.18255
1.18314
1.18347
1.18364
1.18373
1.18378
1.1838
1.18381
1.18382
1.18382
1.18382
1.18382
1.18382
1.18382
1.18382
1.18382
1.18382
1.18382
1.18382
1.18382
1.18382
1.18382
1.18382
1.18382
1.18382
1.18382
0.658534
0.658534
0.658534
0.658534
0.658534
0.658534
0.658534
0.658534
0.658534
0.658534
0.658534
0.658534
0.658534
0.658534
0.658533
0.658531
0.658526
0.658516
0.658492
0.65844
0.658325
0.658076
0.657544
0.65643
0.654148
0.64962
0.641027
0.625743
0.600942
0.565325
0.522403
0.477332
0.434571
0.396532
0.363788
0.335905
0.312105
0.29161
0.273779
0.25813
0.244221
0.231711
0.220392
0.210109
0.200741
0.1922
0.184422
0.17737
0.171037
0.165473
0.160855
0.157696
0.156467
0.159111
0.171183
0.191426
0.218575
0.252869
0.295297
0.34695
0.407857
0.486896
0.591855
0.711097
0.836554
0.952716
1.04157
1.10085
1.13686
1.15762
1.16931
1.17583
1.17944
1.18145
1.18255
1.18314
1.18347
1.18364
1.18373
1.18378
1.1838
1.18381
1.18382
1.18382
1.18382
1.18382
1.18382
1.18382
1.18382
1.18382
1.18382
1.18382
1.18382
1.18382
1.18382
1.18382
1.18382
1.18382
1.18382
1.18382
0.658534
0.658534
0.658534
0.658534
0.658534
0.658534
0.658534
0.658534
0.658534
0.658534
0.658534
0.658534
0.658534
0.658534
0.658533
0.658531
0.658526
0.658516
0.658492
0.65844
0.658326
0.658077
0.657546
0.656434
0.654157
0.649638
0.641061
0.625801
0.601031
0.565444
0.522535
0.477461
0.434688
0.396632
0.363872
0.335976
0.312164
0.29166
0.273821
0.258166
0.244253
0.231739
0.220417
0.21013
0.200759
0.192216
0.184435
0.177381
0.171046
0.16548
0.160861
0.1577
0.156469
0.15911
0.171176
0.191417
0.218566
0.252863
0.295295
0.346953
0.407871
0.486919
0.591899
0.71116
0.836624
0.952769
1.04159
1.10086
1.13687
1.15763
1.16931
1.17583
1.17945
1.18145
1.18255
1.18315
1.18347
1.18364
1.18373
1.18378
1.1838
1.18381
1.18382
1.18382
1.18382
1.18382
1.18382
1.18382
1.18382
1.18382
1.18382
1.18382
1.18382
1.18382
1.18382
1.18382
1.18382
1.18382
1.18382
1.18382
0.658534
0.658534
0.658534
0.658534
0.658534
0.658534
0.658534
0.658534
0.658534
0.658534
0.658534
0.658534
0.658534
0.658534
0.658533
0.658531
0.658526
0.658516
0.658493
0.658441
0.658327
0.658079
0.657551
0.656444
0.654177
0.649678
0.641137
0.625931
0.60123
0.565708
0.522827
0.477747
0.434944
0.396851
0.364055
0.336128
0.312291
0.291766
0.273911
0.258242
0.244318
0.231795
0.220465
0.210172
0.200795
0.192247
0.184462
0.177403
0.171064
0.165495
0.160872
0.157708
0.156473
0.159107
0.17116
0.191398
0.218547
0.252849
0.295291
0.346963
0.407904
0.486965
0.591983
0.711277
0.836757
0.952884
1.04167
1.10091
1.1369
1.15765
1.16933
1.17584
1.17945
1.18145
1.18255
1.18315
1.18347
1.18364
1.18373
1.18378
1.1838
1.18381
1.18382
1.18382
1.18382
1.18382
1.18382
1.18382
1.18382
1.18382
1.18382
1.18382
1.18382
1.18382
1.18382
1.18382
1.18382
1.18382
1.18382
1.18382
0.658534
0.658534
0.658534
0.658534
0.658534
0.658534
0.658534
0.658534
0.658534
0.658534
0.658534
0.658534
0.658534
0.658534
0.658533
0.658531
0.658526
0.658516
0.658493
0.658441
0.658328
0.658083
0.657558
0.65646
0.65421
0.649742
0.641255
0.626134
0.601542
0.566122
0.523283
0.478191
0.435341
0.397189
0.364336
0.336361
0.312484
0.291928
0.274048
0.258358
0.244418
0.231881
0.22054
0.210236
0.200851
0.192294
0.184502
0.177437
0.171092
0.165517
0.160888
0.15772
0.156479
0.159103
0.171136
0.191367
0.218519
0.252833
0.295301
0.347019
0.408016
0.486978
0.592057
0.71142
0.836942
0.953075
1.04182
1.10101
1.13697
1.15769
1.16935
1.17585
1.17946
1.18146
1.18255
1.18315
1.18347
1.18364
1.18373
1.18378
1.1838
1.18381
1.18382
1.18382
1.18382
1.18382
1.18382
1.18382
1.18382
1.18382
1.18382
1.18382
1.18382
1.18382
1.18382
1.18382
1.18382
1.18382
1.18382
1.18382
0.658534
0.658534
0.658534
0.658534
0.658534
0.658534
0.658534
0.658534
0.658534
0.658534
0.658534
0.658534
0.658534
0.658534
0.658533
0.658531
0.658526
0.658516
0.658493
0.658442
0.65833
0.658087
0.657568
0.656481
0.654253
0.649827
0.641414
0.626408
0.601961
0.566681
0.523899
0.478791
0.435879
0.397646
0.364717
0.336676
0.312746
0.292148
0.274233
0.258515
0.244553
0.231997
0.22064
0.210323
0.200925
0.192358
0.184556
0.177482
0.17113
0.165547
0.160911
0.157736
0.156486
0.159098
0.171103
0.191326
0.218485
0.252832
0.295403
0.347431
0.409001
0.485659
0.591489
0.711419
0.837158
0.95335
1.04205
1.10118
1.13708
1.15776
1.16939
1.17588
1.17948
1.18146
1.18256
1.18315
1.18347
1.18364
1.18373
1.18378
1.1838
1.18381
1.18382
1.18382
1.18382
1.18382
1.18382
1.18382
1.18382
1.18382
1.18382
1.18382
1.18382
1.18382
1.18382
1.18382
1.18382
1.18382
1.18382
1.18382
0.658534
0.658534
0.658534
0.658534
0.658534
0.658534
0.658534
0.658534
0.658534
0.658534
0.658534
0.658534
0.658534
0.658534
0.658533
0.658531
0.658527
0.658516
0.658494
0.658443
0.658333
0.658093
0.657581
0.656508
0.654308
0.649935
0.641615
0.626753
0.602492
0.567388
0.524681
0.479555
0.436562
0.398228
0.365201
0.337076
0.313079
0.292426
0.274467
0.258713
0.244724
0.232145
0.220767
0.210432
0.20102
0.192439
0.184625
0.17754
0.171178
0.165586
0.16094
0.157756
0.156496
0.15909
0.171061
0.191273
0.218436
0.2528
0.295409
0.347504
0.409161
0.485685
0.591632
0.711706
0.837548
0.953752
1.04237
1.10141
1.13723
1.15785
1.16945
1.17591
1.17949
1.18147
1.18256
1.18315
1.18347
1.18364
1.18373
1.18378
1.1838
1.18381
1.18382
1.18382
1.18382
1.18382
1.18382
1.18382
1.18382
1.18382
1.18382
1.18382
1.18382
1.18382
1.18382
1.18382
1.18382
1.18382
1.18382
1.18382
0.658534
0.658534
0.658534
0.658534
0.658534
0.658534
0.658534
0.658534
0.658534
0.658534
0.658534
0.658534
0.658534
0.658534
0.658533
0.658531
0.658527
0.658517
0.658494
0.658445
0.658336
0.6581
0.657596
0.65654
0.654374
0.650066
0.641859
0.627173
0.603139
0.568253
0.525638
0.48049
0.4374
0.398941
0.365793
0.337566
0.313485
0.292765
0.274753
0.258956
0.244932
0.232324
0.220922
0.210565
0.201134
0.192537
0.184708
0.17761
0.171235
0.165632
0.160975
0.157781
0.156508
0.159082
0.17101
0.191208
0.218372
0.252751
0.295387
0.34752
0.409257
0.48583
0.591915
0.712129
0.838079
0.954284
1.0428
1.10171
1.13742
1.15797
1.16952
1.17595
1.17952
1.18149
1.18257
1.18316
1.18347
1.18364
1.18373
1.18378
1.1838
1.18381
1.18382
1.18382
1.18382
1.18382
1.18382
1.18382
1.18382
1.18382
1.18382
1.18382
1.18382
1.18382
1.18382
1.18382
1.18382
1.18382
1.18382
1.18382
0.658534
0.658534
0.658534
0.658534
0.658534
0.658534
0.658534
0.658534
0.658534
0.658534
0.658534
0.658534
0.658534
0.658534
0.658533
0.658531
0.658527
0.658517
0.658495
0.658446
0.65834
0.658108
0.657614
0.656578
0.654452
0.65022
0.642146
0.627667
0.603903
0.569279
0.526777
0.481606
0.4384
0.399792
0.366501
0.338149
0.313968
0.293169
0.275093
0.259243
0.245178
0.232535
0.221104
0.210723
0.201269
0.192653
0.184806
0.177692
0.171304
0.165688
0.161016
0.15781
0.156523
0.159072
0.170949
0.19113
0.218296
0.252691
0.295358
0.347534
0.40937
0.486028
0.592281
0.71267
0.838758
0.954968
1.04336
1.1021
1.13766
1.15812
1.16961
1.176
1.17955
1.1815
1.18258
1.18316
1.18348
1.18364
1.18373
1.18378
1.1838
1.18381
1.18382
1.18382
1.18382
1.18382
1.18382
1.18382
1.18382
1.18382
1.18382
1.18382
1.18382
1.18382
1.18382
1.18382
1.18382
1.18382
1.18382
1.18382
0.658534
0.658534
0.658534
0.658534
0.658534
0.658534
0.658534
0.658534
0.658534
0.658534
0.658534
0.658534
0.658534
0.658534
0.658533
0.658531
0.658527
0.658517
0.658496
0.658448
0.658344
0.658118
0.657635
0.656623
0.654544
0.650401
0.642484
0.62825
0.604803
0.570487
0.528119
0.482919
0.439576
0.400791
0.367329
0.338832
0.314533
0.29364
0.275488
0.259577
0.245464
0.232781
0.221316
0.210905
0.201426
0.192787
0.18492
0.177788
0.171383
0.165752
0.161064
0.157844
0.156539
0.15906
0.170878
0.191039
0.218208
0.252623
0.295327
0.347557
0.409505
0.486273
0.592737
0.713346
0.839606
0.955813
1.04401
1.10255
1.13796
1.1583
1.16972
1.17607
1.17958
1.18153
1.18259
1.18317
1.18348
1.18365
1.18373
1.18378
1.1838
1.18381
1.18382
1.18382
1.18382
1.18382
1.18382
1.18382
1.18382
1.18382
1.18382
1.18382
1.18382
1.18382
1.18382
1.18382
1.18382
1.18382
1.18382
1.18382
0.658534
0.658534
0.658534
0.658534
0.658534
0.658534
0.658534
0.658534
0.658534
0.658534
0.658534
0.658534
0.658534
0.658534
0.658533
0.658531
0.658527
0.658518
0.658497
0.658451
0.658349
0.658129
0.657659
0.656672
0.654646
0.650601
0.642858
0.628898
0.605813
0.571857
0.529654
0.484431
0.440935
0.401948
0.368288
0.339621
0.315185
0.294183
0.275944
0.259961
0.245792
0.233064
0.221559
0.211115
0.201606
0.192941
0.185051
0.177898
0.171474
0.165825
0.161119
0.157883
0.156558
0.159046
0.170795
0.190935
0.218107
0.252547
0.295297
0.347595
0.409673
0.486578
0.593305
0.714185
0.840665
0.956864
1.04484
1.10313
1.13833
1.15853
1.16985
1.17615
1.17963
1.18155
1.1826
1.18318
1.18348
1.18365
1.18373
1.18378
1.1838
1.18381
1.18382
1.18382
1.18382
1.18382
1.18382
1.18382
1.18382
1.18382
1.18382
1.18382
1.18382
1.18382
1.18382
1.18382
1.18382
1.18382
1.18382
1.18382
0.658534
0.658534
0.658534
0.658534
0.658534
0.658534
0.658534
0.658534
0.658534
0.658534
0.658534
0.658534
0.658534
0.658534
0.658533
0.658531
0.658527
0.658518
0.658498
0.658453
0.658355
0.658142
0.657687
0.656731
0.654767
0.65084
0.643304
0.629668
0.607007
0.573468
0.531446
0.486186
0.442503
0.403276
0.369385
0.340522
0.315928
0.294801
0.276462
0.260399
0.246167
0.233386
0.221837
0.211354
0.201811
0.193115
0.185199
0.178023
0.171578
0.165909
0.161182
0.157927
0.15658
0.15903
0.1707
0.190814
0.21799
0.252459
0.295264
0.347642
0.409883
0.486954
0.593996
0.715201
0.841912
0.957983
1.04578
1.10379
1.13876
1.15879
1.17001
1.17624
1.17969
1.18158
1.18262
1.18319
1.18349
1.18365
1.18374
1.18378
1.1838
1.18381
1.18382
1.18382
1.18382
1.18382
1.18382
1.18382
1.18382
1.18382
1.18382
1.18382
1.18382
1.18382
1.18382
1.18382
1.18382
1.18382
1.18382
1.18382
0.658534
0.658534
0.658534
0.658534
0.658534
0.658534
0.658534
0.658534
0.658534
0.658534
0.658534
0.658534
0.658534
0.658534
0.658533
0.658531
0.658527
0.658519
0.658499
0.658456
0.658361
0.658156
0.657717
0.656794
0.654893
0.651089
0.64377
0.63048
0.608282
0.575217
0.533426
0.48815
0.444274
0.404782
0.370631
0.341544
0.316769
0.295499
0.277049
0.260896
0.246595
0.233755
0.222156
0.211626
0.202043
0.193313
0.185367
0.178163
0.171695
0.166004
0.161254
0.157977
0.156604
0.159011
0.170588
0.19067
0.217851
0.252353
0.295221
0.347694
0.410141
0.48741
0.594835
0.71645
0.843513
0.959622
1.04705
1.10466
1.13931
1.15913
1.17021
1.17636
1.17975
1.18162
1.18264
1.1832
1.1835
1.18365
1.18374
1.18378
1.1838
1.18381
1.18382
1.18382
1.18382
1.18382
1.18382
1.18382
1.18382
1.18382
1.18382
1.18382
1.18382
1.18382
1.18382
1.18382
1.18382
1.18382
1.18382
1.18382
0.658534
0.658534
0.658534
0.658534
0.658534
0.658534
0.658534
0.658534
0.658534
0.658534
0.658534
0.658534
0.658534
0.658534
0.658533
0.658531
0.658528
0.658519
0.658501
0.658459
0.658369
0.658172
0.657752
0.656867
0.655044
0.651385
0.644324
0.631442
0.609788
0.577275
0.535736
0.490419
0.4463
0.406491
0.372033
0.342686
0.317704
0.296272
0.277696
0.261447
0.247085
0.234163
0.222511
0.211921
0.202294
0.193528
0.185551
0.17832
0.171826
0.166111
0.161335
0.158035
0.156632
0.158986
0.170452
0.190495
0.217675
0.252213
0.295153
0.347739
0.410416
0.487921
0.595797
0.717886
0.845298
0.961265
1.04842
1.10564
1.13995
1.15953
1.17045
1.1765
1.17984
1.18167
1.18267
1.18321
1.1835
1.18366
1.18374
1.18378
1.1838
1.18381
1.18382
1.18382
1.18382
1.18382
1.18382
1.18382
1.18382
1.18382
1.18382
1.18382
1.18382
1.18382
1.18382
1.18382
1.18382
1.18382
1.18382
1.18382
0.658534
0.658534
0.658534
0.658534
0.658534
0.658534
0.658534
0.658534
0.658534
0.658534
0.658534
0.658534
0.658534
0.658534
0.658533
0.658531
0.658528
0.65852
0.658502
0.658463
0.658377
0.65819
0.657789
0.656946
0.655205
0.651702
0.644915
0.632467
0.611398
0.579488
0.538241
0.492901
0.448533
0.408382
0.373587
0.343951
0.318735
0.297116
0.27839
0.262015
0.247545
0.234589
0.222853
0.212228
0.202563
0.193763
0.185754
0.178494
0.171973
0.166233
0.161428
0.1581
0.156662
0.158954
0.170282
0.190271
0.217446
0.252021
0.295052
0.347798
0.410743
0.488483
0.596892
0.719549
0.847441
0.963395
1.05011
1.10682
1.1407
1.15999
1.17073
1.17666
1.17993
1.18172
1.1827
1.18323
1.18351
1.18366
1.18374
1.18378
1.1838
1.18381
1.18382
1.18382
1.18382
1.18382
1.18382
1.18382
1.18382
1.18382
1.18382
1.18382
1.18382
1.18382
1.18382
1.18382
1.18382
1.18382
1.18382
1.18382
0.658534
0.658534
0.658534
0.658534
0.658534
0.658534
0.658534
0.658534
0.658534
0.658534
0.658534
0.658534
0.658534
0.658534
0.658533
0.658531
0.658528
0.658521
0.658504
0.658467
0.658385
0.658208
0.657829
0.65703
0.655374
0.652036
0.645546
0.633583
0.613189
0.582006
0.541135
0.495786
0.451119
0.410552
0.375349
0.345368
0.319876
0.298043
0.279147
0.262634
0.24805
0.235006
0.223226
0.212558
0.202854
0.194017
0.185976
0.178687
0.172139
0.166372
0.161535
0.158177
0.156695
0.158909
0.170059
0.189973
0.217132
0.251758
0.29494
0.347983
0.411245
0.488243
0.597457
0.721223
0.849914
0.96584
1.05212
1.10825
1.14165
1.16058
1.17108
1.17687
1.18005
1.18179
1.18274
1.18325
1.18352
1.18367
1.18374
1.18378
1.1838
1.18381
1.18382
1.18382
1.18382
1.18382
1.18382
1.18382
1.18382
1.18382
1.18382
1.18382
1.18382
1.18382
1.18382
1.18382
1.18382
1.18382
1.18382
1.18382
0.658534
0.658534
0.658534
0.658534
0.658534
0.658534
0.658534
0.658534
0.658534
0.658534
0.658534
0.658534
0.658534
0.658533
0.658533
0.658532
0.658529
0.658522
0.658506
0.658472
0.658396
0.658232
0.657879
0.657133
0.655585
0.652448
0.646308
0.634895
0.615232
0.584799
0.544261
0.498842
0.453828
0.412815
0.377186
0.346847
0.321071
0.299018
0.27995
0.263302
0.248617
0.235468
0.223638
0.212916
0.203169
0.194294
0.18622
0.178901
0.172326
0.166532
0.161661
0.158266
0.156731
0.158842
0.169754
0.189552
0.216661
0.2513
0.294577
0.347794
0.411369
0.488464
0.598304
0.722992
0.852436
0.968452
1.0543
1.10986
1.14271
1.16125
1.17149
1.17711
1.18019
1.18187
1.18278
1.18328
1.18354
1.18368
1.18375
1.18378
1.1838
1.18381
1.18382
1.18382
1.18382
1.18382
1.18382
1.18382
1.18382
1.18382
1.18382
1.18382
1.18382
1.18382
1.18382
1.18382
1.18382
1.18382
1.18382
1.18382
0.658534
0.658534
0.658534
0.658534
0.658534
0.658534
0.658534
0.658534
0.658534
0.658534
0.658534
0.658534
0.658534
0.658533
0.658533
0.658532
0.658529
0.658522
0.658508
0.658476
0.658405
0.658251
0.657921
0.657221
0.655764
0.652804
0.646987
0.636115
0.617238
0.587711
0.547708
0.502353
0.457011
0.415491
0.379345
0.348559
0.322428
0.300102
0.280826
0.264019
0.249217
0.23598
0.224073
0.213292
0.203498
0.194586
0.186481
0.179135
0.172535
0.166715
0.161811
0.158372
0.156769
0.158741
0.16932
0.188936
0.215938
0.250534
0.293848
0.347234
0.411166
0.488642
0.599523
0.725507
0.856189
0.972387
1.05725
1.11186
1.14398
1.16202
1.17196
1.17739
1.18035
1.18196
1.18284
1.1833
1.18355
1.18368
1.18375
1.18379
1.1838
1.18381
1.18382
1.18382
1.18382
1.18382
1.18382
1.18382
1.18382
1.18382
1.18382
1.18382
1.18382
1.18382
1.18382
1.18382
1.18382
1.18382
1.18382
1.18382
0.658534
0.658534
0.658534
0.658534
0.658534
0.658534
0.658534
0.658534
0.658534
0.658534
0.658534
0.658534
0.658534
0.658533
0.658533
0.658532
0.658529
0.658524
0.658511
0.658482
0.658419
0.658282
0.657985
0.657355
0.656034
0.65333
0.647965
0.637816
0.619926
0.591449
0.551893
0.506394
0.460494
0.418282
0.381505
0.350219
0.323716
0.301117
0.281642
0.264688
0.24978
0.236468
0.224492
0.21366
0.203826
0.194884
0.186755
0.179389
0.172768
0.166926
0.16199
0.158498
0.156806
0.158587
0.1687
0.188035
0.214841
0.249315
0.292603
0.34608
0.410515
0.487936
0.599514
0.726974
0.85903
0.975722
1.06055
1.11431
1.14564
1.16308
1.1726
1.17778
1.18058
1.18209
1.18291
1.18334
1.18357
1.18369
1.18376
1.18379
1.18381
1.18381
1.18382
1.18382
1.18382
1.18382
1.18382
1.18382
1.18382
1.18382
1.18382
1.18382
1.18382
1.18382
1.18382
1.18382
1.18382
1.18382
1.18382
1.18382
0.658534
0.658534
0.658534
0.658534
0.658534
0.658534
0.658534
0.658534
0.658534
0.658534
0.658534
0.658534
0.658534
0.658533
0.658533
0.658532
0.65853
0.658524
0.658513
0.658486
0.658428
0.658301
0.658028
0.657443
0.656213
0.653684
0.648637
0.639013
0.621881
0.594268
0.555279
0.509778
0.463518
0.420831
0.383588
0.351886
0.325037
0.302163
0.282475
0.265355
0.250324
0.236921
0.224875
0.213992
0.204123
0.195157
0.187013
0.179637
0.173008
0.167152
0.162189
0.15864
0.156836
0.15837
0.167865
0.186805
0.213319
0.247594
0.290818
0.344464
0.409317
0.487125
0.599997
0.729537
0.863537
0.979575
1.0639
1.11677
1.14723
1.16405
1.17318
1.17811
1.18077
1.1822
1.18297
1.18337
1.18359
1.1837
1.18376
1.18379
1.18381
1.18381
1.18382
1.18382
1.18382
1.18382
1.18382
1.18382
1.18382
1.18382
1.18382
1.18382
1.18382
1.18382
1.18382
1.18382
1.18382
1.18382
1.18382
1.18382
0.658534
0.658534
0.658534
0.658534
0.658534
0.658534
0.658534
0.658534
0.658534
0.658534
0.658534
0.658534
0.658534
0.658533
0.658533
0.658532
0.65853
0.658526
0.658517
0.658495
0.658449
0.658346
0.658123
0.657642
0.656621
0.654492
0.650169
0.641743
0.626318
0.600599
0.562898
0.517134
0.46974
0.425582
0.386994
0.354267
0.326695
0.303327
0.283303
0.265955
0.250772
0.237269
0.225157
0.214231
0.204338
0.195362
0.187214
0.179839
0.173209
0.167348
0.162366
0.158764
0.156852
0.158137
0.166996
0.185482
0.21159
0.245475
0.288339
0.34171
0.406953
0.485032
0.599182
0.731509
0.868902
0.986909
1.07056
1.12188
1.15069
1.16622
1.17448
1.17887
1.1812
1.18244
1.1831
1.18344
1.18363
1.18372
1.18377
1.1838
1.18381
1.18382
1.18382
1.18382
1.18382
1.18382
1.18382
1.18382
1.18382
1.18382
1.18382
1.18382
1.18382
1.18382
1.18382
1.18382
1.18382
1.18382
1.18382
1.18382
)
;

boundaryField
{
    fuel
    {
        type            calculated;
        value           nonuniform List<scalar> 
40
(
0.658534
0.658534
0.658534
0.658534
0.658534
0.658534
0.658534
0.658534
0.658534
0.658534
0.658534
0.658534
0.658534
0.658534
0.658534
0.658534
0.658534
0.658534
0.658534
0.658534
0.658534
0.658534
0.658534
0.658534
0.658534
0.658534
0.658534
0.658534
0.658534
0.658534
0.658534
0.658534
0.658534
0.658534
0.658534
0.658534
0.658534
0.658534
0.658534
0.658534
)
;
    }
    air
    {
        type            calculated;
        value           nonuniform List<scalar> 
40
(
1.18382
1.18382
1.18382
1.18382
1.18382
1.18382
1.18382
1.18382
1.18382
1.18382
1.18382
1.18382
1.18382
1.18382
1.18382
1.18382
1.18382
1.18382
1.18382
1.18382
1.18382
1.18382
1.18382
1.18382
1.18382
1.18382
1.18382
1.18382
1.18382
1.18382
1.18382
1.18382
1.18382
1.18382
1.18382
1.18382
1.18382
1.18382
1.18382
1.18382
)
;
    }
    outlet
    {
        type            calculated;
        value           nonuniform List<scalar> 
200
(
0.658534
0.658534
0.658534
0.658534
0.658534
0.658534
0.658534
0.658534
0.658534
0.658534
0.658534
0.658534
0.658534
0.658533
0.658533
0.658532
0.65853
0.658526
0.658516
0.658494
0.658446
0.65834
0.658111
0.657619
0.65658
0.654418
0.650045
0.641548
0.626039
0.600249
0.562528
0.516811
0.46951
0.425453
0.386951
0.354291
0.326767
0.303433
0.283433
0.266101
0.250929
0.237432
0.225323
0.214399
0.204505
0.195526
0.187375
0.179994
0.173359
0.167489
0.162493
0.158868
0.156912
0.158097
0.166699
0.184991
0.210894
0.244524
0.287055
0.340049
0.404631
0.482661
0.596169
0.72757
0.86462
0.983293
1.06798
1.12023
1.1497
1.16564
1.17415
1.17868
1.18109
1.18238
1.18306
1.18343
1.18362
1.18372
1.18377
1.1838
1.18381
1.18381
1.18382
1.18382
1.18382
1.18382
1.18382
1.18382
1.18382
1.18382
1.18382
1.18382
1.18382
1.18382
1.18382
1.18382
1.18382
1.18382
1.18382
1.18382
0.658534
0.658534
0.658534
0.658534
0.658534
0.658534
0.658534
0.658534
0.658534
0.658534
0.658534
0.658534
0.658534
0.658533
0.658533
0.658532
0.65853
0.658526
0.658516
0.658494
0.658446
0.65834
0.658111
0.65762
0.65658
0.65442
0.650048
0.641553
0.626047
0.600261
0.562544
0.516829
0.469527
0.425468
0.386966
0.354305
0.326782
0.303449
0.283451
0.26612
0.250949
0.237452
0.225344
0.214419
0.204524
0.195543
0.18739
0.180007
0.173368
0.167495
0.162496
0.158869
0.156914
0.158108
0.166742
0.185052
0.210967
0.244605
0.287142
0.340139
0.404685
0.482711
0.596224
0.727605
0.864634
0.983323
1.068
1.12024
1.14971
1.16565
1.17415
1.17868
1.18109
1.18238
1.18306
1.18343
1.18362
1.18372
1.18377
1.1838
1.18381
1.18381
1.18382
1.18382
1.18382
1.18382
1.18382
1.18382
1.18382
1.18382
1.18382
1.18382
1.18382
1.18382
1.18382
1.18382
1.18382
1.18382
1.18382
1.18382
)
;
    }
    frontAndBack
    {
        type            empty;
    }
}


// ************************************************************************* //
