/*--------------------------------*- C++ -*----------------------------------*\
  =========                 |
  \\      /  F ield         | OpenFOAM: The Open Source CFD Toolbox
   \\    /   O peration     | Website:  https://openfoam.org
    \\  /    A nd           | Version:  11
     \\/     M anipulation  |
\*---------------------------------------------------------------------------*/
FoamFile
{
    format      ascii;
    class       volScalarField;
    location    "0.05";
    object      T;
}
// * * * * * * * * * * * * * * * * * * * * * * * * * * * * * * * * * * * * * //

dimensions      [0 0 0 1 0 0 0];

internalField   nonuniform List<scalar> 
4000
(
293
293
293
293
293
293
293
293
293
293
293
293
293
293
293
293.001
293.002
293.004
293.009
293.02
293.044
293.097
293.212
293.461
293.989
295.098
297.371
301.897
310.539
326.089
351.92
389.439
438.007
496.029
561.531
632.868
708.954
789.123
872.909
959.846
1049.44
1141.64
1236.02
1332.06
1429.18
1526.74
1624
1720.08
1813.85
1903.58
1986.33
2052.46
2096.61
2097.67
2001.59
1813.99
1599.24
1385.27
1184.33
1002.92
844.548
710.285
576.288
472.834
398.536
351.153
323.85
309.104
301.399
297.403
295.321
294.227
293.648
293.341
293.179
293.093
293.048
293.024
293.012
293.006
293.003
293.001
293.001
293
293
293
293
293
293
293
293
293
293
293
293
293
293
293
293
293
293
293
293
293
293
293
293
293
293
293
293
293
293
293
293
293.001
293.002
293.005
293.011
293.025
293.054
293.12
293.261
293.564
294.201
295.519
298.183
303.391
313.115
330.158
357.652
396.248
445.337
503.256
568.215
638.829
714.165
793.63
876.789
963.188
1052.35
1144.23
1238.39
1334.32
1431.44
1529.08
1626.52
1722.83
1816.84
1906.75
1989.47
2055.04
2097.75
2095.43
1991.87
1801.63
1586.62
1373.66
1174.39
995
839.709
707.25
575.503
474.104
400.997
353.773
325.869
310.511
302.303
297.955
295.646
294.415
293.755
293.401
293.211
293.11
293.057
293.029
293.015
293.007
293.004
293.002
293.001
293
293
293
293
293
293
293
293
293
293
293
293
293
293
293
293
293
293
293
293
293
293
293
293
293
293
293
293
293
293
293
293
293.001
293.002
293.005
293.012
293.027
293.059
293.13
293.283
293.609
294.294
295.705
298.541
304.052
314.264
332.003
360.262
399.466
448.992
507.218
572.372
643.054
718.352
797.701
880.695
966.9
1055.88
1147.59
1241.62
1337.45
1434.54
1532.23
1629.77
1726.24
1820.41
1910.41
1993.01
2057.93
2099.14
2093.45
1982.7
1790.35
1575.72
1364.39
1167.35
990.421
837.265
706.078
575.958
475.762
403.095
355.165
326.893
311.194
302.723
298.203
295.791
294.498
293.802
293.427
293.226
293.118
293.061
293.031
293.016
293.008
293.004
293.002
293.001
293
293
293
293
293
293
293
293
293
293
293
293
293
293
293
293
293
293
293
293
293
293
293
293
293
293
293
293
293
293
293
293
293.001
293.003
293.006
293.013
293.03
293.066
293.146
293.316
293.678
294.434
295.981
299.064
304.994
315.858
334.482
363.54
403.377
453.278
511.635
576.756
647.325
722.481
801.689
884.553
970.644
1059.55
1151.25
1245.16
1340.93
1437.99
1535.68
1633.24
1729.74
1823.9
1913.82
1996.17
2060.46
2100.43
2092.12
1975.96
1782.18
1567.96
1357.89
1162.48
987.176
835.919
705.058
575.94
476.713
404.428
356.383
327.915
311.879
303.158
298.472
295.954
294.594
293.858
293.459
293.243
293.128
293.066
293.034
293.017
293.009
293.004
293.002
293.001
293
293
293
293
293
293
293
293
293
293
293
293
293
293
293
293
293
293
293
293
293
293
293
293
293
293
293
293
293
293
293
293.001
293.001
293.003
293.006
293.014
293.032
293.071
293.156
293.338
293.724
294.527
296.167
299.427
305.674
317.057
336.437
366.284
406.835
457.265
515.939
581.198
651.781
726.876
805.981
888.719
974.676
1063.48
1155.08
1248.84
1344.49
1441.45
1539.06
1636.56
1732.97
1827.03
1916.79
1998.8
2062.54
2101.55
2091.29
1971.27
1776.62
1562.86
1353.8
1159.57
985.445
835.505
705.296
577.079
478.348
406.175
357.791
328.813
312.434
303.493
298.671
296.071
294.663
293.897
293.481
293.256
293.135
293.07
293.036
293.018
293.009
293.005
293.002
293.001
293.001
293
293
293
293
293
293
293
293
293
293
293
293
293
293
293
293
293
293
293
293
293
293
293
293
293
293
293
293
293
293
293.001
293.001
293.003
293.007
293.015
293.035
293.077
293.168
293.364
293.778
294.637
296.384
299.836
306.408
318.287
338.335
368.81
409.898
460.717
519.638
585.033
655.679
730.788
809.871
892.56
978.441
1067.18
1158.5
1252.31
1347.89
1444.77
1542.28
1639.66
1735.94
1829.83
1919.38
2001.01
2064.28
2102.51
2090.8
1968
1772.83
1559.52
1351.28
1157.98
984.75
835.555
705.839
578.104
479.563
407.396
358.789
329.497
312.885
303.775
298.843
296.173
294.723
293.932
293.501
293.267
293.141
293.073
293.038
293.019
293.01
293.005
293.002
293.001
293.001
293
293
293
293
293
293
293
293
293
293
293
293
293
293
293
293
293
293
293
293
293
293
293
293
293
293
293
293
293
293
293.001
293.001
293.003
293.007
293.016
293.037
293.081
293.178
293.384
293.821
294.725
296.56
300.176
307.034
319.373
340.064
371.179
412.829
464.06
523.234
588.76
659.453
734.556
813.594
896.195
981.927
1070.44
1161.62
1255.47
1351.02
1447.83
1545.24
1642.49
1738.61
1832.31
1921.62
2002.89
2065.74
2103.35
2090.5
1965.62
1770.16
1557.29
1349.8
1157.3
984.736
836.156
706.372
579.043
480.789
408.594
359.667
330.127
313.292
304.026
298.994
296.263
294.775
293.962
293.518
293.277
293.146
293.076
293.039
293.02
293.01
293.005
293.002
293.001
293.001
293
293
293
293
293
293
293
293
293
293
293
293
293
293
293
293
293
293
293
293
293
293
293
293
293
293
293
293
293
293
293.001
293.001
293.003
293.008
293.017
293.039
293.085
293.187
293.404
293.862
294.809
296.726
300.495
307.613
320.356
341.598
373.255
415.387
466.986
526.409
592.085
662.859
737.994
817.022
899.567
985.182
1073.51
1164.83
1258.37
1353.93
1450.67
1547.97
1645.08
1741.03
1834.52
1923.6
2004.52
2067
2104.08
2090.33
1963.82
1768.2
1555.78
1348.97
1157.27
985.499
837.256
706.029
579.46
481.713
409.589
360.476
330.655
313.623
304.226
299.113
296.333
294.816
293.986
293.532
293.284
293.15
293.078
293.04
293.021
293.01
293.005
293.002
293.001
293.001
293
293
293
293
293
293
293
293
293
293
293
293
293
293
293
293
293
293
293
293
293
293
293
293
293
293
293
293
293
293
293.001
293.002
293.003
293.008
293.018
293.04
293.089
293.195
293.422
293.9
294.887
296.882
300.793
308.157
321.28
343.037
375.189
417.753
469.675
529.312
595.119
665.969
741.146
820.198
902.764
988.417
1076.86
1168.05
1261.55
1356.87
1453.42
1550.53
1647.46
1743.21
1836.5
1925.34
2005.95
2068.1
2104.73
2090.21
1962.38
1766.64
1554.57
1348.26
1157.08
985.77
837.959
706.788
580.41
482.672
410.442
361.057
331.079
313.897
304.395
299.214
296.393
294.851
294.006
293.543
293.291
293.154
293.08
293.041
293.021
293.011
293.005
293.003
293.001
293.001
293
293
293
293
293
293
293
293
293
293
293
293
293
293
293
293
293
293
293
293
293
293
293
293
293
293
293
293
293
293
293.001
293.002
293.004
293.008
293.019
293.042
293.092
293.202
293.437
293.932
294.953
297.014
301.046
308.617
322.067
344.269
376.863
419.822
472.049
531.896
597.838
668.769
743.992
823.066
905.634
991.266
1079.69
1170.82
1264.25
1359.45
1455.87
1552.84
1649.6
1745.18
1838.27
1926.88
2007.2
2069.06
2105.29
2090.12
1961.19
1765.37
1553.6
1347.71
1156.92
985.923
838.493
707.447
581.221
483.505
411.216
361.687
331.476
314.141
304.541
299.3
296.443
294.88
294.023
293.553
293.296
293.157
293.082
293.042
293.021
293.011
293.005
293.003
293.001
293.001
293
293
293
293
293
293
293
293
293
293
293
293
293
293
293
293
293
293
293
293
293
293
293
293
293
293
293
293
293
293
293.001
293.002
293.004
293.008
293.019
293.043
293.095
293.209
293.452
293.962
295.016
297.14
301.287
309.055
322.806
345.411
378.391
421.687
474.172
534.196
600.253
671.256
746.523
825.62
908.189
993.799
1082.19
1173.28
1266.63
1361.75
1458.05
1554.89
1651.51
1746.92
1839.83
1928.24
2008.3
2069.9
2105.79
2090.05
1960.18
1764.29
1552.78
1347.24
1156.78
986.055
838.918
707.987
581.894
484.19
411.826
362.103
331.779
314.332
304.657
299.369
296.484
294.904
294.037
293.561
293.3
293.159
293.083
293.043
293.022
293.011
293.005
293.003
293.001
293.001
293
293
293
293
293
293
293
293
293
293
293
293
293
293
293
293
293
293
293
293
293
293
293
293
293
293
293
293
293
293
293.001
293.002
293.004
293.009
293.02
293.044
293.098
293.215
293.464
293.988
295.069
297.245
301.49
309.425
323.434
346.388
379.709
423.309
476.027
536.215
602.379
673.451
748.759
827.877
910.447
996.036
1084.4
1175.45
1268.74
1363.77
1459.98
1556.7
1653.18
1748.45
1841.2
1929.44
2009.26
2070.63
2106.22
2090
1959.31
1763.36
1552.08
1346.84
1156.66
986.155
839.256
708.426
582.445
484.755
412.342
362.509
332.04
314.494
304.755
299.427
296.518
294.924
294.048
293.567
293.304
293.161
293.084
293.044
293.022
293.011
293.005
293.003
293.001
293.001
293
293
293
293
293
293
293
293
293
293
293
293
293
293
293
293
293
293
293
293
293
293
293
293
293
293
293
293
293
293
293.001
293.002
293.004
293.009
293.02
293.045
293.1
293.22
293.475
294.011
295.117
297.341
301.673
309.757
323.996
347.254
380.868
424.726
477.643
537.971
604.227
675.36
750.705
829.843
912.416
997.988
1086.33
1177.34
1270.57
1365.54
1461.66
1558.28
1654.65
1749.79
1842.4
1930.47
2010.1
2071.27
2106.6
2089.95
1958.56
1762.56
1551.47
1346.48
1156.54
986.213
839.532
708.78
582.89
485.211
412.756
362.821
332.241
314.624
304.833
299.474
296.545
294.94
294.057
293.572
293.307
293.163
293.085
293.044
293.022
293.011
293.006
293.003
293.001
293.001
293
293
293
293
293
293
293
293
293
293
293
293
293
293
293
293
293
293
293
293
293
293
293
293
293
293
293
293
293
293
293.001
293.002
293.004
293.009
293.021
293.046
293.102
293.224
293.484
294.031
295.158
297.422
301.829
310.04
324.474
347.993
381.858
425.938
479.027
539.476
605.814
676.999
752.379
831.535
914.111
999.668
1087.99
1178.97
1272.16
1367.06
1463.11
1559.65
1655.91
1750.94
1843.42
1931.37
2010.82
2071.83
2106.93
2089.91
1957.92
1761.87
1550.94
1346.16
1156.42
986.249
839.76
709.064
583.248
485.578
413.09
363.08
332.423
314.734
304.899
299.512
296.568
294.953
294.065
293.577
293.309
293.164
293.086
293.044
293.023
293.011
293.006
293.003
293.001
293.001
293
293
293
293
293
293
293
293
293
293
293
293
293
293
293
293
293
293
293
293
293
293
293
293
293
293
293
293
293
293
293.001
293.002
293.004
293.009
293.021
293.047
293.104
293.228
293.492
294.048
295.192
297.491
301.961
310.281
324.881
348.618
382.694
426.959
480.192
540.742
607.149
678.38
753.789
832.961
915.541
1001.09
1089.4
1180.34
1273.49
1368.35
1464.33
1560.8
1656.98
1751.91
1844.29
1932.12
2011.42
2072.29
2107.21
2089.88
1957.38
1761.3
1550.5
1345.9
1156.33
986.29
839.956
709.275
583.524
485.865
413.351
363.281
332.556
314.819
304.95
299.543
296.586
294.963
294.071
293.58
293.311
293.165
293.086
293.045
293.023
293.011
293.006
293.003
293.001
293.001
293
293
293
293
293
293
293
293
293
293
293
293
293
293
293
293
293
293
293
293
293
293
293
293
293
293
293
293
293
293
293.001
293.002
293.004
293.009
293.021
293.047
293.105
293.231
293.499
294.061
295.221
297.548
302.071
310.479
325.214
349.131
383.379
427.796
481.147
541.781
608.245
679.514
754.948
834.133
916.716
1002.26
1090.55
1181.48
1274.59
1369.41
1465.34
1561.74
1657.86
1752.71
1845.01
1932.74
2011.92
2072.67
2107.43
2089.85
1956.93
1760.83
1550.15
1345.73
1156.35
986.488
840.283
709.315
583.666
486.061
413.543
363.434
332.659
314.886
304.991
299.567
296.6
294.971
294.075
293.583
293.313
293.166
293.087
293.045
293.023
293.011
293.006
293.003
293.001
293.001
293
293
293
293
293
293
293
293
293
293
293
293
293
293
293
293
293
293
293
293
293
293
293
293
293
293
293
293
293
293
293.001
293.002
293.004
293.009
293.021
293.048
293.106
293.233
293.504
294.072
295.243
297.593
302.157
310.636
325.479
349.537
383.921
428.457
481.901
542.601
609.11
680.409
755.862
835.06
917.646
1003.18
1091.47
1182.37
1275.47
1370.24
1466.14
1562.49
1658.55
1753.34
1845.57
1933.23
2012.32
2072.97
2107.61
2089.82
1956.58
1760.46
1549.91
1345.72
1156.74
987.636
842.281
707.419
583.111
486.06
413.65
363.538
332.735
314.932
305.02
299.584
296.61
294.977
294.079
293.585
293.314
293.166
293.087
293.045
293.023
293.011
293.006
293.003
293.001
293.001
293
293
293
293
293
293
293
293
293
293
293
293
293
293
293
293
293
293
293
293
293
293
293
293
293
293
293
293
293
293
293.001
293.002
293.004
293.009
293.021
293.048
293.107
293.235
293.507
294.08
295.26
297.627
302.222
310.753
325.675
349.839
384.323
428.948
482.46
543.209
609.751
681.073
756.541
835.746
918.333
1003.86
1092.14
1183.04
1276.11
1370.86
1466.73
1563.05
1659.06
1753.81
1845.99
1933.59
2012.6
2073.19
2107.74
2089.8
1956.32
1760.19
1549.71
1345.63
1156.77
987.788
842.508
707.436
583.183
486.157
413.741
363.611
332.782
314.962
305.037
299.594
296.616
294.981
294.081
293.586
293.314
293.167
293.087
293.045
293.023
293.012
293.006
293.003
293.001
293.001
293
293
293
293
293
293
293
293
293
293
293
293
293
293
293
293
293
293
293
293
293
293
293
293
293
293
293
293
293
293
293.001
293.002
293.004
293.01
293.022
293.048
293.108
293.236
293.51
294.086
295.271
297.648
302.263
310.828
325.802
350.033
384.582
429.264
482.821
543.603
610.167
681.504
756.981
836.191
918.778
1004.3
1092.58
1183.47
1276.53
1371.26
1467.11
1563.4
1659.39
1754.11
1846.26
1933.82
2012.79
2073.34
2107.83
2089.79
1956.16
1760.01
1549.58
1345.56
1156.75
987.812
842.573
707.5
583.264
486.236
413.806
363.654
332.805
314.976
305.046
299.6
296.619
294.983
294.082
293.587
293.315
293.167
293.088
293.045
293.023
293.012
293.006
293.003
293.001
293.001
293
293
293
293
293
293
293
293
293
293
293
293
293
293
293
293
293
293
293
293
293
293
293
293
293
293
293
293
293
293
293.001
293.002
293.004
293.01
293.022
293.049
293.108
293.236
293.511
294.088
295.275
297.658
302.281
310.861
325.858
350.119
384.698
429.407
482.986
543.783
610.359
681.704
757.187
836.401
918.99
1004.51
1092.79
1183.67
1276.73
1371.46
1467.29
1563.57
1659.55
1754.25
1846.38
1933.93
2012.88
2073.41
2107.87
2089.79
1956.07
1759.92
1549.51
1345.52
1156.74
987.815
842.599
707.533
583.305
486.278
413.84
363.673
332.812
314.978
305.048
299.602
296.621
294.984
294.083
293.587
293.315
293.167
293.088
293.045
293.023
293.012
293.006
293.003
293.001
293.001
293
293
293
293
293
293
293
293
293
293
293
293
293
293
293
293
293
293
293
293
293
293
293
293
293
293
293
293
293
293
293.001
293.002
293.004
293.01
293.022
293.049
293.108
293.236
293.511
294.088
295.275
297.658
302.281
310.861
325.858
350.119
384.698
429.407
482.986
543.782
610.358
681.702
757.185
836.398
918.986
1004.51
1092.78
1183.66
1276.72
1371.45
1467.28
1563.57
1659.54
1754.25
1846.38
1933.93
2012.88
2073.41
2107.87
2089.79
1956.07
1759.92
1549.51
1345.51
1156.74
987.813
842.599
707.532
583.305
486.278
413.84
363.673
332.812
314.978
305.047
299.601
296.621
294.984
294.083
293.587
293.315
293.167
293.088
293.045
293.023
293.012
293.006
293.003
293.001
293.001
293
293
293
293
293
293
293
293
293
293
293
293
293
293
293
293
293
293
293
293
293
293
293
293
293
293
293
293
293
293
293.001
293.002
293.004
293.01
293.022
293.048
293.108
293.236
293.51
294.086
295.271
297.648
302.263
310.827
325.801
350.033
384.582
429.264
482.82
543.601
610.164
681.499
756.975
836.183
918.768
1004.29
1092.56
1183.45
1276.51
1371.24
1467.09
1563.38
1659.37
1754.09
1846.24
1933.81
2012.78
2073.33
2107.83
2089.79
1956.14
1760
1549.57
1345.55
1156.75
987.805
842.571
707.499
583.262
486.235
413.805
363.653
332.805
314.976
305.046
299.6
296.619
294.983
294.082
293.587
293.315
293.167
293.088
293.045
293.023
293.012
293.006
293.003
293.001
293.001
293
293
293
293
293
293
293
293
293
293
293
293
293
293
293
293
293
293
293
293
293
293
293
293
293
293
293
293
293
293
293.001
293.002
293.004
293.009
293.021
293.048
293.107
293.235
293.507
294.08
295.26
297.627
302.222
310.753
325.675
349.839
384.323
428.947
482.458
543.205
609.744
681.063
756.527
835.728
918.311
1003.84
1092.11
1183.01
1276.08
1370.83
1466.69
1563.01
1659.03
1753.78
1845.96
1933.57
2012.59
2073.19
2107.74
2089.8
1956.31
1760.17
1549.69
1345.62
1156.76
987.778
842.504
707.433
583.18
486.156
413.74
363.61
332.781
314.962
305.037
299.594
296.616
294.981
294.081
293.586
293.314
293.167
293.087
293.045
293.023
293.012
293.006
293.003
293.001
293.001
293
293
293
293
293
293
293
293
293
293
293
293
293
293
293
293
293
293
293
293
293
293
293
293
293
293
293
293
293
293
293.001
293.002
293.004
293.009
293.021
293.048
293.106
293.233
293.504
294.072
295.243
297.593
302.157
310.635
325.478
349.537
383.92
428.455
481.897
542.595
609.1
680.395
755.844
835.035
917.615
1003.14
1091.42
1182.33
1275.42
1370.19
1466.09
1562.44
1658.5
1753.3
1845.54
1933.2
2012.3
2072.96
2107.61
2089.81
1956.56
1760.43
1549.88
1345.7
1156.72
987.622
842.275
707.415
583.108
486.058
413.649
363.537
332.732
314.932
305.019
299.584
296.609
294.977
294.079
293.584
293.314
293.166
293.087
293.045
293.023
293.011
293.006
293.003
293.001
293.001
293
293
293
293
293
293
293
293
293
293
293
293
293
293
293
293
293
293
293
293
293
293
293
293
293
293
293
293
293
293
293.001
293.002
293.004
293.009
293.021
293.047
293.105
293.231
293.498
294.061
295.22
297.548
302.07
310.478
325.213
349.13
383.377
427.793
481.142
541.773
608.232
679.496
754.924
834.103
916.679
1002.21
1090.5
1181.42
1274.54
1369.34
1465.28
1561.68
1657.8
1752.66
1844.96
1932.71
2011.9
2072.66
2107.43
2089.84
1956.9
1760.79
1550.12
1345.7
1156.33
986.471
840.278
709.312
583.662
486.06
413.543
363.433
332.659
314.885
304.99
299.566
296.599
294.971
294.075
293.583
293.313
293.166
293.087
293.045
293.023
293.011
293.006
293.003
293.001
293.001
293
293
293
293
293
293
293
293
293
293
293
293
293
293
293
293
293
293
293
293
293
293
293
293
293
293
293
293
293
293
293.001
293.002
293.004
293.009
293.021
293.047
293.104
293.228
293.492
294.048
295.192
297.491
301.961
310.28
324.879
348.616
382.69
426.954
480.184
540.731
607.133
678.358
753.76
832.924
915.495
1001.04
1089.33
1180.28
1273.42
1368.27
1464.25
1560.72
1656.9
1751.84
1844.24
1932.08
2011.39
2072.27
2107.2
2089.87
1957.34
1761.25
1550.46
1345.87
1156.31
986.268
839.955
709.274
583.522
485.865
413.351
363.281
332.556
314.818
304.95
299.542
296.585
294.963
294.071
293.58
293.311
293.165
293.086
293.045
293.023
293.011
293.006
293.003
293.001
293.001
293
293
293
293
293
293
293
293
293
293
293
293
293
293
293
293
293
293
293
293
293
293
293
293
293
293
293
293
293
293
293.001
293.002
293.004
293.009
293.021
293.046
293.102
293.224
293.484
294.031
295.157
297.422
301.828
310.039
324.472
347.989
381.853
425.931
479.017
539.461
605.793
676.971
752.343
831.489
914.055
999.603
1087.92
1178.88
1272.07
1366.97
1463.01
1559.55
1655.82
1750.86
1843.36
1931.32
2010.78
2071.8
2106.92
2089.9
1957.87
1761.82
1550.89
1346.12
1156.39
986.223
839.76
709.064
583.246
485.579
413.091
363.079
332.42
314.733
304.898
299.512
296.567
294.953
294.065
293.576
293.309
293.164
293.086
293.044
293.023
293.011
293.006
293.003
293.001
293.001
293
293
293
293
293
293
293
293
293
293
293
293
293
293
293
293
293
293
293
293
293
293
293
293
293
293
293
293
293
293
293.001
293.002
293.004
293.009
293.02
293.045
293.1
293.22
293.475
294.011
295.117
297.34
301.672
309.756
323.993
347.25
380.862
424.716
477.63
537.952
604.202
675.326
750.662
829.789
912.351
997.912
1086.24
1177.24
1270.47
1365.43
1461.55
1558.18
1654.55
1749.69
1842.32
1930.41
2010.06
2071.25
2106.59
2089.94
1958.51
1762.5
1551.41
1346.43
1156.5
986.183
839.532
708.779
582.889
485.212
412.759
362.82
332.243
314.623
304.833
299.473
296.545
294.94
294.057
293.572
293.307
293.163
293.085
293.044
293.022
293.011
293.006
293.003
293.001
293.001
293
293
293
293
293
293
293
293
293
293
293
293
293
293
293
293
293
293
293
293
293
293
293
293
293
293
293
293
293
293
293.001
293.002
293.004
293.009
293.02
293.044
293.098
293.215
293.464
293.988
295.069
297.245
301.489
309.422
323.431
346.382
379.701
423.297
476.011
536.193
602.349
673.412
748.709
827.815
910.373
995.95
1084.3
1175.34
1268.62
1363.65
1459.86
1556.58
1653.07
1748.35
1841.11
1929.37
2009.21
2070.61
2106.21
2089.98
1959.25
1763.29
1552.01
1346.78
1156.62
986.118
839.258
708.426
582.444
484.757
412.344
362.501
332.037
314.493
304.754
299.427
296.517
294.924
294.048
293.567
293.304
293.161
293.084
293.043
293.022
293.011
293.005
293.003
293.001
293.001
293
293
293
293
293
293
293
293
293
293
293
293
293
293
293
293
293
293
293
293
293
293
293
293
293
293
293
293
293
293
293.001
293.002
293.004
293.008
293.019
293.043
293.095
293.209
293.452
293.962
295.016
297.139
301.285
309.052
322.802
345.404
378.381
421.673
474.153
534.17
600.218
671.211
746.466
825.55
908.105
993.702
1082.08
1173.16
1266.5
1361.61
1457.92
1554.76
1651.38
1746.8
1839.73
1928.17
2008.25
2069.87
2105.77
2090.03
1960.1
1764.2
1552.7
1347.17
1156.73
986.014
838.919
707.987
581.892
484.191
411.828
362.106
331.774
314.33
304.656
299.369
296.483
294.904
294.037
293.561
293.3
293.159
293.083
293.043
293.022
293.011
293.005
293.003
293.001
293.001
293
293
293
293
293
293
293
293
293
293
293
293
293
293
293
293
293
293
293
293
293
293
293
293
293
293
293
293
293
293
293.001
293.002
293.004
293.008
293.019
293.042
293.092
293.202
293.437
293.932
294.953
297.013
301.044
308.614
322.061
344.261
376.851
419.805
472.027
531.867
597.799
668.718
743.928
822.986
905.537
991.151
1079.55
1170.68
1264.09
1359.29
1455.71
1552.69
1649.46
1745.05
1838.16
1926.8
2007.14
2069.03
2105.28
2090.09
1961.1
1765.26
1553.5
1347.63
1156.86
985.882
838.494
707.447
581.221
483.509
411.223
361.685
331.477
314.142
304.541
299.3
296.443
294.88
294.023
293.553
293.296
293.157
293.082
293.042
293.021
293.011
293.005
293.003
293.001
293.001
293
293
293
293
293
293
293
293
293
293
293
293
293
293
293
293
293
293
293
293
293
293
293
293
293
293
293
293
293
293
293.001
293.002
293.003
293.008
293.018
293.04
293.089
293.195
293.422
293.899
294.887
296.881
300.792
308.153
321.275
343.028
375.176
417.735
469.65
529.279
595.076
665.912
741.073
820.104
902.646
988.27
1076.69
1167.85
1261.33
1356.66
1453.22
1550.36
1647.3
1743.08
1836.39
1925.25
2005.89
2068.07
2104.71
2090.17
1962.27
1766.51
1554.45
1348.18
1157.02
985.735
837.975
706.792
580.41
482.672
410.447
361.071
331.077
313.895
304.394
299.214
296.393
294.851
294.006
293.543
293.291
293.154
293.08
293.041
293.021
293.011
293.005
293.003
293.001
293.001
293
293
293
293
293
293
293
293
293
293
293
293
293
293
293
293
293
293
293
293
293
293
293
293
293
293
293
293
293
293
293.001
293.001
293.003
293.008
293.017
293.039
293.085
293.187
293.404
293.861
294.808
296.725
300.493
307.609
320.35
341.589
373.242
415.368
466.96
526.374
592.04
662.802
737.924
816.94
899.477
985.088
1073.41
1164.73
1258.27
1353.8
1450.53
1547.82
1644.93
1740.89
1834.41
1923.51
2004.46
2066.97
2104.07
2090.29
1963.69
1768.05
1555.65
1348.9
1157.28
985.609
837.421
706.06
579.481
481.714
409.586
360.457
330.647
313.618
304.224
299.112
296.332
294.816
293.986
293.532
293.284
293.15
293.078
293.04
293.021
293.01
293.005
293.002
293.001
293.001
293
293
293
293
293
293
293
293
293
293
293
293
293
293
293
293
293
293
293
293
293
293
293
293
293
293
293
293
293
293
293.001
293.001
293.003
293.007
293.016
293.037
293.081
293.178
293.384
293.82
294.725
296.559
300.174
307.031
319.367
340.054
371.165
412.809
464.033
523.198
588.712
659.392
734.481
813.506
896.097
981.828
1070.35
1161.5
1255.33
1350.86
1447.66
1545.07
1642.32
1738.46
1832.18
1921.53
2002.83
2065.72
2103.33
2090.46
1965.48
1770.02
1557.23
1349.89
1157.67
985.446
836.765
705.258
578.428
480.609
408.557
359.664
330.12
313.287
304.024
298.993
296.262
294.775
293.962
293.518
293.277
293.146
293.076
293.039
293.02
293.01
293.005
293.002
293.001
293.001
293
293
293
293
293
293
293
293
293
293
293
293
293
293
293
293
293
293
293
293
293
293
293
293
293
293
293
293
293
293
293.001
293.001
293.003
293.007
293.015
293.035
293.077
293.168
293.364
293.777
294.636
296.383
299.834
306.404
318.281
338.326
368.796
409.877
460.689
519.599
584.982
655.613
730.704
809.768
892.436
978.297
1067.01
1158.35
1252.13
1347.69
1444.57
1542.08
1639.48
1735.77
1829.69
1919.28
2000.95
2064.25
2102.5
2090.75
1967.83
1772.65
1559.39
1351.26
1158.1
984.928
835.758
705.601
577.886
479.502
407.376
358.759
329.49
312.883
303.774
298.842
296.173
294.722
293.932
293.501
293.267
293.141
293.073
293.038
293.019
293.01
293.005
293.002
293.001
293.001
293
293
293
293
293
293
293
293
293
293
293
293
293
293
293
293
293
293
293
293
293
293
293
293
293
293
293
293
293
293
293.001
293.001
293.003
293.006
293.014
293.032
293.071
293.156
293.338
293.723
294.527
296.166
299.425
305.67
317.051
336.427
366.269
406.815
457.236
515.9
581.145
651.712
726.787
805.868
888.581
974.51
1063.28
1154.86
1248.62
1344.27
1441.23
1538.85
1636.36
1732.8
1826.88
1916.68
1998.74
2062.51
2101.53
2091.24
1971.08
1776.39
1562.65
1353.65
1159.49
985.454
835.508
705.284
577.075
478.338
406.178
357.797
328.812
312.433
303.492
298.67
296.07
294.662
293.897
293.481
293.256
293.135
293.07
293.036
293.018
293.009
293.005
293.002
293.001
293.001
293
293
293
293
293
293
293
293
293
293
293
293
293
293
293
293
293
293
293
293
293
293
293
293
293
293
293
293
293
293
293
293.001
293.003
293.006
293.013
293.03
293.066
293.146
293.316
293.678
294.434
295.98
299.062
304.991
315.852
334.472
363.526
403.357
453.249
511.596
576.703
647.254
722.389
801.572
884.409
970.473
1059.35
1151.02
1244.93
1340.7
1437.76
1535.46
1633.04
1729.56
1823.75
1913.71
1996.11
2060.43
2100.41
2092.06
1975.72
1781.89
1567.69
1357.67
1162.3
987.013
835.914
705.029
575.913
476.692
404.408
356.357
327.9
311.874
303.156
298.471
295.953
294.594
293.857
293.459
293.243
293.128
293.066
293.034
293.017
293.009
293.004
293.002
293.001
293
293
293
293
293
293
293
293
293
293
293
293
293
293
293
293
293
293
293
293
293
293
293
293
293
293
293
293
293
293
293
293
293.001
293.002
293.005
293.012
293.027
293.059
293.13
293.283
293.609
294.294
295.704
298.539
304.048
314.258
331.993
360.247
399.444
448.962
507.178
572.317
642.982
718.258
797.582
880.549
966.728
1055.68
1147.38
1241.39
1337.22
1434.3
1532
1629.56
1726.06
1820.26
1910.3
1992.95
2057.91
2099.13
2093.38
1982.41
1790
1575.4
1364.11
1167.13
990.239
837.218
706.037
575.921
475.737
403.079
355.145
326.884
311.19
302.721
298.203
295.79
294.497
293.801
293.427
293.226
293.118
293.061
293.031
293.016
293.008
293.004
293.002
293.001
293
293
293
293
293
293
293
293
293
293
293
293
293
293
293
293
293
293
293
293
293
293
293
293
293
293
293
293
293
293
293
293
293.001
293.002
293.005
293.011
293.025
293.054
293.12
293.261
293.563
294.2
295.518
298.182
303.388
313.11
330.15
357.64
396.231
445.312
503.218
568.161
638.756
714.07
793.51
876.643
963.016
1052.16
1144.01
1238.16
1334.08
1431.2
1528.85
1626.3
1722.65
1816.69
1906.65
1989.42
2055.03
2097.74
2095.35
1991.52
1801.2
1586.22
1373.31
1174.12
994.795
839.63
707.197
575.461
474.078
400.989
353.756
325.861
310.507
302.302
297.954
295.646
294.414
293.754
293.4
293.211
293.11
293.057
293.029
293.015
293.007
293.004
293.002
293.001
293
293
293
293
293
293
293
293
293
293
293
293
293
293
293
293
293
293
293
293
293
293
293
293
293
293
293
293
293
293
293
293
293.001
293.002
293.004
293.009
293.02
293.044
293.097
293.212
293.461
293.989
295.097
297.369
301.894
310.534
326.081
351.907
389.419
437.98
495.991
561.479
632.798
708.862
789.007
872.766
959.676
1049.25
1141.42
1235.78
1331.82
1428.94
1526.5
1623.78
1719.89
1813.7
1903.49
1986.28
2052.46
2096.61
2097.56
2001.11
1813.42
1598.7
1384.82
1183.97
1002.66
844.432
710.21
576.235
472.809
398.528
351.142
323.843
309.101
301.397
297.402
295.32
294.226
293.648
293.341
293.179
293.093
293.048
293.024
293.012
293.006
293.003
293.001
293.001
293
293
293
293
293
293
293
293
293
293
293
293
293
293
293
293
293
)
;

boundaryField
{
    fuel
    {
        type            fixedValue;
        value           uniform 293;
    }
    air
    {
        type            fixedValue;
        value           uniform 293;
    }
    outlet
    {
        type            inletOutlet;
        inletValue      uniform 293;
        value           nonuniform List<scalar> 
200
(
293
293
293
293
293
293
293
293
293
293
293
293
293
293
293
293.001
293.002
293.004
293.009
293.02
293.045
293.1
293.217
293.471
294.008
295.13
297.426
301.987
310.674
326.272
352.142
389.668
438.205
496.16
561.569
632.797
708.762
788.801
872.451
959.248
1048.7
1140.75
1234.99
1330.89
1427.88
1525.32
1622.47
1718.47
1812.19
1901.92
1984.74
2051.1
2095.77
2098.04
2004.63
1818.2
1603.95
1390.19
1189.26
1007.55
849.274
713.696
579.146
475.369
400.502
352.432
324.626
309.555
301.657
297.55
295.403
294.273
293.674
293.356
293.187
293.097
293.05
293.026
293.013
293.006
293.003
293.002
293.001
293
293
293
293
293
293
293
293
293
293
293
293
293
293
293
293
293
293
293
293
293
293
293
293
293
293
293
293
293
293
293
293
293.001
293.002
293.004
293.009
293.02
293.045
293.1
293.217
293.47
294.007
295.129
297.424
301.984
310.669
326.264
352.129
389.649
438.178
496.124
561.519
632.729
708.673
788.688
872.311
959.081
1048.51
1140.54
1234.76
1330.65
1427.64
1525.08
1622.26
1718.29
1812.04
1901.82
1984.69
2051.1
2095.78
2097.93
2004.16
1817.63
1603.42
1389.74
1188.91
1007.29
849.164
713.624
579.094
475.346
400.496
352.422
324.619
309.552
301.656
297.549
295.403
294.273
293.674
293.356
293.187
293.097
293.05
293.026
293.013
293.006
293.003
293.002
293.001
293
293
293
293
293
293
293
293
293
293
293
293
293
293
293
293
293
)
;
    }
    frontAndBack
    {
        type            empty;
    }
}


// ************************************************************************* //
