/*--------------------------------*- C++ -*----------------------------------*\
  =========                 |
  \\      /  F ield         | OpenFOAM: The Open Source CFD Toolbox
   \\    /   O peration     | Website:  https://openfoam.org
    \\  /    A nd           | Version:  11
     \\/     M anipulation  |
\*---------------------------------------------------------------------------*/
FoamFile
{
    format      ascii;
    class       volScalarField;
    location    "0.05";
    object      CH4;
}
// * * * * * * * * * * * * * * * * * * * * * * * * * * * * * * * * * * * * * //

dimensions      [0 0 0 0 0 0 0];

internalField   nonuniform List<scalar> 
4000
(
1
1
1
1
1
1
1
1
1
1
1
1
1
1
1
1
1
1
1
0.999999
0.999998
0.999995
0.999985
0.999956
0.999878
0.999667
0.999115
0.997727
0.994408
0.986992
0.971824
0.944182
0.901709
0.845798
0.779583
0.707071
0.632031
0.557535
0.486034
0.418856
0.356972
0.300783
0.250386
0.205635
0.166217
0.131734
0.101752
0.0758482
0.0536396
0.0360621
0.021563
0.0097195
0.00341906
0.00112794
0.000340437
9.19216e-05
2.24772e-05
7.29593e-06
4.18158e-06
2.40853e-06
1.37314e-06
6.57482e-07
2.38189e-07
8.13493e-08
2.6092e-08
7.923e-09
2.2981e-09
6.40793e-10
1.72539e-10
4.50142e-11
1.14102e-11
2.81655e-12
6.78427e-13
1.59746e-13
3.68306e-14
8.32714e-15
1.84887e-15
4.03661e-16
8.67578e-17
1.83577e-17
3.81951e-18
8.03635e-19
2.43699e-19
5.08906e-20
1.05365e-20
2.14569e-21
4.27515e-22
8.40863e-23
1.6445e-23
3.20779e-24
6.24517e-25
1.2134e-25
2.35275e-26
4.55302e-27
8.79124e-28
1.70841e-28
3.52085e-29
7.99621e-30
2.27633e-30
3.54401e-31
1
1
1
1
1
1
1
1
1
1
1
1
1
1
1
1
1
1
1
0.999999
0.999998
0.999993
0.99998
0.999945
0.999849
0.999593
0.998936
0.997317
0.993536
0.985303
0.968933
0.93994
0.896795
0.840876
0.775338
0.703864
0.629924
0.556469
0.485506
0.418752
0.35707
0.300971
0.250582
0.205803
0.16632
0.131746
0.101663
0.075644
0.0533562
0.0357703
0.0212608
0.00945809
0.00331557
0.00108925
0.000327451
8.81748e-05
2.15741e-05
7.02252e-06
4.02191e-06
2.33437e-06
1.33992e-06
6.73379e-07
2.51045e-07
8.84438e-08
2.93967e-08
9.25268e-09
2.77689e-09
7.99286e-10
2.21616e-10
5.93928e-11
1.5428e-11
3.89375e-12
9.56792e-13
2.29343e-13
5.37196e-14
1.23159e-14
2.76789e-15
6.10669e-16
1.32443e-16
2.82656e-17
5.92911e-18
1.21621e-18
2.71732e-19
8.18504e-20
1.58407e-20
3.15096e-21
6.29828e-22
1.24472e-22
2.4266e-23
4.68783e-24
9.01523e-25
1.72982e-25
3.31358e-26
6.33675e-27
1.2084e-27
2.32577e-28
4.76992e-29
1.05834e-29
2.48873e-30
3.68689e-31
1
1
1
1
1
1
1
1
1
1
1
1
1
1
1
1
1
1
1
0.999999
0.999997
0.999992
0.999979
0.99994
0.999836
0.999562
0.99886
0.997145
0.993172
0.984595
0.967703
0.938089
0.894533
0.838408
0.772791
0.701382
0.627628
0.554313
0.483932
0.417607
0.356308
0.300512
0.250347
0.205642
0.166183
0.13159
0.10146
0.0754123
0.0530996
0.0354974
0.0210283
0.00927686
0.0032467
0.00106497
0.00031983
8.60856e-05
2.10089e-05
6.74319e-06
3.88475e-06
2.29016e-06
1.33005e-06
6.81731e-07
2.59493e-07
9.2862e-08
3.12659e-08
9.95584e-09
3.02086e-09
8.78824e-10
2.46234e-10
6.66726e-11
1.74937e-11
4.45813e-12
1.10571e-12
2.67398e-13
6.31609e-14
1.45954e-14
3.30468e-15
7.34207e-16
1.60278e-16
3.44167e-17
7.2695e-18
1.50634e-18
3.12616e-19
9.20897e-20
1.89648e-20
3.90137e-21
7.90027e-22
1.56288e-22
3.04731e-23
5.90063e-24
1.13832e-24
2.1898e-25
4.20135e-26
8.03775e-27
1.53206e-27
2.8986e-28
6.52966e-29
1.31752e-29
3.12792e-30
3.71579e-31
1
1
1
1
1
1
1
1
1
1
1
1
1
1
1
1
1
1
1
0.999999
0.999997
0.999991
0.999976
0.999932
0.999816
0.999512
0.998742
0.996882
0.992627
0.983571
0.966005
0.935663
0.89172
0.835517
0.770094
0.699051
0.625751
0.55296
0.482781
0.416667
0.355554
0.299909
0.24986
0.205301
0.165911
0.131358
0.101261
0.0752314
0.0529263
0.0353529
0.0209151
0.00919622
0.00321643
0.00105432
0.000316448
8.51506e-05
2.078e-05
6.59996e-06
3.81077e-06
2.2553e-06
1.3144e-06
6.94919e-07
2.68577e-07
9.71226e-08
3.31579e-08
1.07329e-08
3.31251e-09
9.79885e-10
2.7896e-10
7.6672e-11
2.03978e-11
5.26431e-12
1.32061e-12
3.22608e-13
7.68754e-14
1.78989e-14
4.07833e-15
9.10777e-16
1.99641e-16
4.30115e-17
9.11685e-18
1.89847e-18
3.85543e-19
8.98517e-20
2.56861e-20
5.05877e-21
9.96092e-22
1.97413e-22
3.89444e-23
7.6059e-24
1.46953e-24
2.81586e-25
5.36868e-26
1.01906e-26
1.93052e-27
3.64534e-28
7.27954e-29
1.80867e-29
3.89077e-30
5.04841e-31
1
1
1
1
1
1
1
1
1
1
1
1
1
1
1
1
1
1
1
0.999999
0.999997
0.999991
0.999974
0.999928
0.999805
0.999483
0.998673
0.996723
0.992283
0.98288
0.964758
0.93373
0.889231
0.832685
0.767183
0.696299
0.623354
0.551088
0.481111
0.415298
0.354475
0.299071
0.249203
0.204761
0.165488
0.131034
0.101024
0.0750513
0.0527993
0.035267
0.0208632
0.00916885
0.00320695
0.00105154
0.000315837
8.50842e-05
2.0759e-05
6.48796e-06
3.74959e-06
2.23184e-06
1.30887e-06
7.08462e-07
2.784e-07
1.01549e-07
3.49216e-08
1.13899e-08
3.54223e-09
1.05574e-09
3.02802e-10
8.38479e-11
2.24751e-11
5.84452e-12
1.47732e-12
3.63613e-13
8.72861e-14
2.04672e-14
4.69482e-15
1.05497e-15
2.32551e-16
5.0353e-17
1.07218e-17
2.24621e-18
4.62356e-19
9.40525e-20
2.41955e-20
6.61973e-21
1.24377e-21
2.38292e-22
4.65016e-23
9.07471e-24
1.75018e-24
3.33384e-25
6.29341e-26
1.18372e-26
2.2358e-27
4.32741e-28
8.64576e-29
2.48048e-29
4.47056e-30
8.22995e-31
1
1
1
1
1
1
1
1
1
1
1
1
1
1
1
1
1
1
1
0.999999
0.999996
0.99999
0.999972
0.999922
0.999788
0.999442
0.998577
0.99651
0.991849
0.982076
0.963435
0.931943
0.887113
0.830405
0.764883
0.694066
0.621213
0.549008
0.479481
0.414015
0.353472
0.298296
0.248615
0.204327
0.165179
0.130833
0.100879
0.0749688
0.0527592
0.0352542
0.0208697
0.00918815
0.00321491
0.00105465
0.000317107
8.56057e-05
2.09087e-05
6.40556e-06
3.69049e-06
2.21287e-06
1.30472e-06
7.18389e-07
2.86543e-07
1.05485e-07
3.65772e-08
1.20407e-08
3.78157e-09
1.13813e-09
3.29496e-10
9.204e-11
2.487e-11
6.51472e-12
1.6576e-12
4.10395e-13
9.90343e-14
2.33302e-14
5.37351e-15
1.21181e-15
2.6795e-16
5.81705e-17
1.24148e-17
2.60775e-18
5.39651e-19
1.1026e-19
2.24275e-20
4.71474e-21
1.38906e-21
2.65585e-22
5.14069e-23
9.91785e-24
1.88586e-24
3.55301e-25
6.65689e-26
1.24735e-26
2.47106e-27
5.8712e-28
1.24528e-28
2.77694e-29
7.13775e-30
1.11227e-30
1
1
1
1
1
1
1
1
1
1
1
1
1
1
1
1
1
1
1
0.999999
0.999996
0.999989
0.99997
0.999918
0.999778
0.999417
0.998517
0.996371
0.991546
0.981466
0.962338
0.930324
0.885054
0.82809
0.762516
0.691812
0.619179
0.547247
0.477999
0.412805
0.352512
0.297557
0.248062
0.203926
0.164899
0.13064
0.100773
0.0749255
0.0527585
0.0352802
0.0209147
0.00923546
0.00323397
0.00106253
0.000320173
8.66722e-05
2.12001e-05
6.38352e-06
3.65625e-06
2.20223e-06
1.30386e-06
7.27705e-07
2.94266e-07
1.09233e-07
3.81026e-08
1.26162e-08
3.98641e-09
1.20715e-09
3.51593e-10
9.87953e-11
2.68498e-11
7.0727e-12
1.80923e-12
4.50215e-13
1.09161e-13
2.58288e-14
5.97282e-15
1.3518e-15
2.99849e-16
6.52731e-17
1.39628e-17
2.93878e-18
6.09283e-19
1.24443e-19
2.49043e-20
5.06099e-21
1.23507e-21
2.9446e-22
5.08585e-23
9.40043e-24
1.78871e-24
3.41e-25
6.49942e-26
1.29368e-26
3.45253e-27
6.13926e-28
1.16408e-28
3.16635e-29
6.1272e-30
1.19688e-30
1
1
1
1
1
1
1
1
1
1
1
1
1
1
1
1
1
1
1
0.999999
0.999996
0.999989
0.999968
0.999913
0.999765
0.999385
0.998441
0.996204
0.991203
0.980828
0.961279
0.928873
0.883291
0.826143
0.760515
0.689869
0.617382
0.545654
0.47664
0.411684
0.351616
0.296863
0.247543
0.203555
0.164647
0.130486
0.100697
0.074909
0.0527845
0.0353355
0.0209819
0.00930155
0.00326017
0.00107265
0.000323875
8.79076e-05
2.15348e-05
6.37659e-06
3.63061e-06
2.19533e-06
1.30457e-06
7.35978e-07
3.01308e-07
1.12739e-07
3.95422e-08
1.31602e-08
4.18051e-09
1.27276e-09
3.72663e-10
1.05247e-10
2.87411e-11
7.60536e-12
1.9538e-12
4.88123e-13
1.18788e-13
2.82013e-14
6.54129e-15
1.48447e-15
3.30062e-16
7.19964e-17
1.5427e-17
3.2513e-18
6.74785e-19
1.3808e-19
2.78931e-20
5.5697e-21
1.10279e-21
2.16196e-22
4.13346e-23
9.30343e-24
2.05545e-24
3.99919e-25
9.02205e-26
1.68267e-26
3.03654e-27
5.66526e-28
1.08537e-28
2.69032e-29
5.75969e-30
1.10225e-30
1
1
1
1
1
1
1
1
1
1
1
1
1
1
1
1
1
1
0.999999
0.999999
0.999996
0.999988
0.999967
0.999909
0.999756
0.999363
0.998389
0.996085
0.99095
0.980334
0.960418
0.927634
0.881739
0.824405
0.758727
0.688143
0.615795
0.544253
0.475445
0.410697
0.350826
0.296252
0.247089
0.203233
0.164436
0.130365
0.100649
0.0749102
0.0528281
0.035401
0.0210579
0.00937169
0.00328766
0.00108313
0.000327639
8.91402e-05
2.18699e-05
6.39495e-06
3.61532e-06
2.19181e-06
1.3063e-06
7.43162e-07
3.07513e-07
1.15915e-07
4.08643e-08
1.3662e-08
4.35978e-09
1.33342e-09
3.92153e-10
1.11217e-10
3.04914e-11
8.0983e-12
2.08756e-12
5.23192e-13
1.27691e-13
3.0395e-14
7.06683e-15
1.60711e-15
3.57982e-16
7.82084e-17
1.67796e-17
3.53994e-18
7.35231e-19
1.50516e-19
3.04072e-20
6.0686e-21
1.19783e-21
2.34083e-22
4.53471e-23
8.73096e-24
1.67856e-24
3.21729e-25
6.20314e-26
1.19641e-26
2.32455e-27
4.52934e-28
9.65122e-29
2.40751e-29
6.35431e-30
1.00476e-30
1
1
1
1
1
1
1
1
1
1
1
1
1
1
1
1
1
1
0.999999
0.999998
0.999996
0.999988
0.999966
0.999906
0.999747
0.99934
0.998334
0.995962
0.990694
0.979848
0.959597
0.926485
0.880326
0.822836
0.757116
0.686587
0.614363
0.542988
0.474365
0.409805
0.350114
0.295703
0.246683
0.202949
0.164254
0.130264
0.10061
0.0749223
0.0528776
0.0354693
0.0211331
0.00943975
0.00331434
0.00109329
0.000331285
9.03333e-05
2.21967e-05
6.42011e-06
3.60317e-06
2.18884e-06
1.3072e-06
7.48277e-07
3.12285e-07
1.18462e-07
4.19471e-08
1.40756e-08
4.50785e-09
1.38366e-09
4.08381e-10
1.16222e-10
3.19699e-11
8.51792e-12
2.20229e-12
5.53484e-13
1.35431e-13
3.23131e-14
7.52864e-15
1.71534e-15
3.82714e-16
8.37275e-17
1.79843e-17
3.79753e-18
7.89258e-19
1.61647e-19
3.26626e-20
6.51871e-21
1.28641e-21
2.5129e-22
4.86419e-23
9.3402e-24
1.78132e-24
3.37961e-25
6.39431e-26
1.21281e-26
2.31444e-27
4.45117e-28
8.6889e-29
2.32174e-29
5.76574e-30
1.0142e-30
1
1
1
1
1
1
1
1
1
1
1
1
1
1
1
1
1
1
0.999999
0.999998
0.999995
0.999987
0.999964
0.999903
0.999739
0.999321
0.998289
0.995862
0.990484
0.979449
0.958922
0.925537
0.879154
0.821529
0.755768
0.685277
0.61315
0.541909
0.473441
0.40904
0.349501
0.29523
0.246334
0.202706
0.1641
0.130182
0.100585
0.0749414
0.0529294
0.0355381
0.0212064
0.00950391
0.00333939
0.00110279
0.000334676
9.1438e-05
2.24997e-05
6.44723e-06
3.59319e-06
2.18658e-06
1.30816e-06
7.52145e-07
3.16067e-07
1.20609e-07
4.29144e-08
1.44595e-08
4.64787e-09
1.43148e-09
4.23822e-10
1.20968e-10
3.33653e-11
8.91184e-12
2.30942e-12
5.81627e-13
1.42589e-13
3.40794e-14
7.95236e-15
1.81432e-15
4.05266e-16
8.87474e-17
1.90775e-17
4.03075e-18
8.38074e-19
1.71684e-19
3.46925e-20
6.92298e-21
1.3658e-21
2.66679e-22
5.15901e-23
9.89875e-24
1.88589e-24
3.57229e-25
6.73942e-26
1.26924e-26
2.39573e-27
4.54498e-28
8.94022e-29
2.54428e-29
6.38297e-30
1.11283e-30
1
1
1
1
1
1
1
1
1
1
1
1
1
1
1
1
1
1
0.999999
0.999998
0.999995
0.999987
0.999963
0.9999
0.999733
0.999304
0.99825
0.995775
0.990303
0.979101
0.958328
0.924696
0.878109
0.820361
0.754564
0.68411
0.612074
0.540956
0.472627
0.408367
0.348963
0.294817
0.24603
0.202497
0.163968
0.130114
0.100567
0.0749624
0.0529782
0.035599
0.0212707
0.00956113
0.0033618
0.00111131
0.000337725
9.24334e-05
2.27742e-05
6.47675e-06
3.5848e-06
2.18452e-06
1.30955e-06
7.56504e-07
3.19999e-07
1.22699e-07
4.3795e-08
1.4792e-08
4.7659e-09
1.47135e-09
4.3667e-10
1.24926e-10
3.45335e-11
9.24327e-12
2.40001e-12
6.0554e-13
1.48699e-13
3.55932e-14
8.31681e-15
1.89972e-15
4.24776e-16
9.30995e-17
2.0027e-17
4.23361e-18
8.80579e-19
1.8043e-19
3.64621e-20
7.27549e-21
1.43502e-21
2.80093e-22
5.41584e-23
1.03851e-23
1.97702e-24
3.74094e-25
7.04657e-26
1.32416e-26
2.48901e-27
4.67917e-28
8.91781e-29
2.39557e-29
6.04041e-30
7.14812e-31
1
1
1
1
1
1
1
1
1
1
1
1
1
1
1
1
1
1
0.999999
0.999998
0.999995
0.999987
0.999963
0.999898
0.999727
0.999289
0.998215
0.995695
0.990138
0.97879
0.957807
0.923973
0.877224
0.81938
0.753555
0.683133
0.61117
0.540153
0.471938
0.407797
0.348508
0.294466
0.245773
0.20232
0.163859
0.13006
0.100557
0.0749845
0.0530242
0.0356563
0.0213301
0.00961261
0.00338192
0.00111894
0.00034045
9.33214e-05
2.30192e-05
6.50122e-06
3.57465e-06
2.1819e-06
1.3101e-06
7.59067e-07
3.22589e-07
1.24216e-07
4.44971e-08
1.50755e-08
4.87021e-09
1.50711e-09
4.48237e-10
1.28485e-10
3.55811e-11
9.53937e-12
2.48065e-12
6.26755e-13
1.54103e-13
3.69286e-14
8.63755e-15
1.97472e-15
4.41878e-16
9.69083e-17
2.08566e-17
4.4106e-18
9.17614e-19
1.8804e-19
3.79997e-20
7.58136e-21
1.49499e-21
2.91698e-22
5.63771e-23
1.08047e-23
2.05555e-24
3.88653e-25
7.31433e-26
1.37266e-26
2.57497e-27
4.84688e-28
9.18293e-29
1.79519e-29
5.01489e-30
4.71658e-31
1
1
1
1
1
1
1
1
1
1
1
1
1
1
1
1
1
1
0.999999
0.999998
0.999995
0.999986
0.999962
0.999896
0.999722
0.999278
0.998187
0.995634
0.990008
0.978543
0.957387
0.923379
0.876485
0.818552
0.7527
0.682301
0.6104
0.539469
0.471353
0.407312
0.348121
0.294169
0.245556
0.202172
0.163768
0.130017
0.10055
0.0750054
0.0530644
0.0357047
0.0213808
0.00965724
0.00339937
0.00112556
0.000342814
9.40907e-05
2.32296e-05
6.52372e-06
3.56527e-06
2.17992e-06
1.31105e-06
7.61795e-07
3.25133e-07
1.25642e-07
4.51309e-08
1.53235e-08
4.95974e-09
1.5375e-09
4.58025e-10
1.31491e-10
3.64654e-11
9.78938e-12
2.54878e-12
6.44692e-13
1.58676e-13
3.80596e-14
8.90941e-15
2.03833e-15
4.56393e-16
1.00142e-16
2.15612e-17
4.56096e-18
9.49074e-19
1.94504e-19
3.93053e-20
7.84096e-21
1.54586e-21
3.01536e-22
5.82564e-23
1.11597e-23
2.12198e-24
4.00961e-25
7.53851e-26
1.41301e-26
2.64585e-27
4.92918e-28
9.80369e-29
1.83208e-29
4.99666e-30
8.81299e-31
1
1
1
1
1
1
1
1
1
1
1
1
1
1
1
1
1
1
0.999999
0.999998
0.999995
0.999986
0.999961
0.999894
0.999718
0.999267
0.998162
0.995578
0.989893
0.978326
0.957023
0.922872
0.875864
0.817863
0.751991
0.681613
0.609761
0.538904
0.470869
0.406912
0.347801
0.293924
0.245377
0.202051
0.163697
0.129982
0.100546
0.0750247
0.0530997
0.0357475
0.0214249
0.00969537
0.00341427
0.00113121
0.000344823
9.4742e-05
2.34047e-05
6.53577e-06
3.55725e-06
2.1788e-06
1.31248e-06
7.64931e-07
3.27878e-07
1.27103e-07
4.57418e-08
1.55501e-08
5.03876e-09
1.56381e-09
4.6641e-10
1.34051e-10
3.72152e-11
1.00007e-11
2.60622e-12
6.59786e-13
1.62517e-13
3.90086e-14
9.13727e-15
2.09161e-15
4.68538e-16
1.02846e-16
2.215e-17
4.68652e-18
9.7533e-19
1.99895e-19
4.03935e-20
8.05716e-21
1.5882e-21
3.09714e-22
5.98172e-23
1.14543e-23
2.177e-24
4.11146e-25
7.72608e-26
1.44704e-26
2.70734e-27
5.07441e-28
9.6209e-29
1.82957e-29
4.80263e-30
7.91863e-31
1
1
1
1
1
1
1
1
1
1
1
1
1
1
1
1
1
1
0.999999
0.999998
0.999995
0.999986
0.999961
0.999893
0.999714
0.999259
0.998143
0.995535
0.989804
0.978155
0.956735
0.922468
0.875365
0.817307
0.751417
0.681057
0.609248
0.538447
0.470477
0.406588
0.347542
0.293725
0.245233
0.201953
0.163636
0.129954
0.100544
0.0750422
0.0531301
0.0357834
0.0214617
0.00972718
0.00342669
0.00113591
0.000346499
9.52858e-05
2.35487e-05
6.53441e-06
3.54774e-06
2.17694e-06
1.31284e-06
7.66419e-07
3.29361e-07
1.27971e-07
4.61444e-08
1.57129e-08
5.09868e-09
1.58435e-09
4.73048e-10
1.36091e-10
3.78153e-11
1.01702e-11
2.65238e-12
6.71932e-13
1.65612e-13
3.97737e-14
9.32111e-15
2.13461e-15
4.78348e-16
1.05031e-16
2.26259e-17
4.788e-18
9.96552e-19
2.04252e-19
4.12728e-20
8.23182e-21
1.62239e-21
3.16316e-22
6.10764e-23
1.16918e-23
2.22135e-24
4.19349e-25
7.87627e-26
1.47397e-26
2.74813e-27
5.10254e-28
1.12351e-28
2.10605e-29
5.64711e-30
7.28507e-31
1
1
1
1
1
1
1
1
1
1
1
1
1
1
1
1
1
1
0.999999
0.999998
0.999995
0.999986
0.99996
0.999892
0.999712
0.999252
0.998127
0.9955
0.989732
0.97802
0.956508
0.922151
0.874976
0.816874
0.750972
0.680624
0.608851
0.538093
0.470174
0.406337
0.347342
0.293572
0.245122
0.201877
0.163591
0.129935
0.100544
0.0750563
0.0531547
0.0358126
0.0214915
0.00975275
0.00343666
0.00113968
0.000347839
9.57202e-05
2.36643e-05
6.53516e-06
3.54058e-06
2.17555e-06
1.31311e-06
7.67494e-07
3.30452e-07
1.2861e-07
4.64394e-08
1.5832e-08
5.14253e-09
1.59942e-09
4.77946e-10
1.37606e-10
3.82635e-11
1.02976e-11
2.68724e-12
6.81144e-13
1.67968e-13
4.0358e-14
9.46186e-15
2.16761e-15
4.85886e-16
1.06712e-16
2.29925e-17
4.86625e-18
1.01293e-18
2.07615e-19
4.1952e-20
8.36677e-21
1.64881e-21
3.21419e-22
6.20496e-23
1.18753e-23
2.2556e-24
4.25689e-25
7.99286e-26
1.49553e-26
2.7944e-27
5.19437e-28
1.03141e-28
1.92821e-29
5.34849e-30
6.72968e-31
1
1
1
1
1
1
1
1
1
1
1
1
1
1
1
1
1
1
0.999999
0.999998
0.999995
0.999986
0.99996
0.999891
0.99971
0.999248
0.998116
0.995475
0.989679
0.977921
0.956341
0.921919
0.87469
0.816557
0.750646
0.68031
0.608564
0.537836
0.469953
0.406155
0.347198
0.293462
0.245042
0.201824
0.16356
0.129921
0.100545
0.0750683
0.0531743
0.0358355
0.0215145
0.00977223
0.00344424
0.00114253
0.000348849
9.60463e-05
2.37513e-05
6.53714e-06
3.53571e-06
2.17464e-06
1.31333e-06
7.68286e-07
3.31243e-07
1.2906e-07
4.664e-08
1.59118e-08
5.17188e-09
1.60955e-09
4.81253e-10
1.38636e-10
3.85703e-11
1.03854e-11
2.7114e-12
6.87563e-13
1.69617e-13
4.07686e-14
9.56115e-15
2.19096e-15
4.91236e-16
1.07909e-16
2.32539e-17
4.92216e-18
1.02465e-18
2.10027e-19
4.24396e-20
8.46378e-21
1.66782e-21
3.25093e-22
6.27509e-23
1.20077e-23
2.28035e-24
4.30263e-25
8.07622e-26
1.51062e-26
2.8222e-27
5.28421e-28
9.99053e-29
1.90977e-29
5.06807e-30
8.40117e-31
1
1
1
1
1
1
1
1
1
1
1
1
1
1
1
1
1
1
0.999999
0.999998
0.999995
0.999986
0.99996
0.999891
0.999709
0.999245
0.998109
0.995459
0.989647
0.977859
0.956238
0.921774
0.874512
0.816358
0.750442
0.680111
0.608377
0.537673
0.469815
0.406041
0.347107
0.293394
0.244993
0.201792
0.163542
0.129914
0.100547
0.0750764
0.0531872
0.0358499
0.0215287
0.00978429
0.00344894
0.00114431
0.000349482
9.62515e-05
2.38063e-05
6.53871e-06
3.53252e-06
2.17396e-06
1.31341e-06
7.68736e-07
3.31711e-07
1.29321e-07
4.67528e-08
1.59557e-08
5.18788e-09
1.61507e-09
4.83071e-10
1.39207e-10
3.87422e-11
1.0435e-11
2.72518e-12
6.91255e-13
1.70574e-13
4.10084e-14
9.61948e-15
2.20475e-15
4.94414e-16
1.08623e-16
2.34106e-17
4.95581e-18
1.03173e-18
2.11488e-19
4.27359e-20
8.52289e-21
1.67943e-21
3.27344e-22
6.31814e-23
1.2089e-23
2.2955e-24
4.3306e-25
8.12755e-26
1.51987e-26
2.83718e-27
5.28829e-28
9.91244e-29
2.17035e-29
5.71035e-30
5.72482e-31
1
1
1
1
1
1
1
1
1
1
1
1
1
1
1
1
1
1
0.999999
0.999998
0.999995
0.999986
0.99996
0.99989
0.999708
0.999243
0.998106
0.995453
0.989633
0.977833
0.956193
0.921711
0.874434
0.816271
0.750351
0.680022
0.608293
0.537599
0.469752
0.405989
0.347066
0.293363
0.244971
0.201777
0.163533
0.12991
0.100547
0.0750796
0.0531925
0.0358561
0.0215349
0.00978963
0.00345097
0.00114506
0.000349745
9.63359e-05
2.38284e-05
6.53836e-06
3.53053e-06
2.17339e-06
1.31331e-06
7.68864e-07
3.31895e-07
1.29429e-07
4.68002e-08
1.59741e-08
5.1945e-09
1.61734e-09
4.83816e-10
1.39441e-10
3.88128e-11
1.04554e-11
2.73089e-12
6.92789e-13
1.70972e-13
4.11085e-14
9.64391e-15
2.21054e-15
4.9575e-16
1.08923e-16
2.34767e-17
4.97002e-18
1.03472e-18
2.12106e-19
4.28613e-20
8.54792e-21
1.68435e-21
3.28297e-22
6.33638e-23
1.21235e-23
2.30199e-24
4.34264e-25
8.14928e-26
1.52336e-26
2.83599e-27
5.23615e-28
1.24156e-28
2.20642e-29
5.87596e-30
7.03318e-31
1
1
1
1
1
1
1
1
1
1
1
1
1
1
1
1
1
1
0.999999
0.999998
0.999995
0.999986
0.99996
0.99989
0.999708
0.999243
0.998106
0.995453
0.989633
0.977833
0.956194
0.921713
0.874436
0.816274
0.750354
0.680026
0.608298
0.537604
0.469757
0.405993
0.34707
0.293366
0.244974
0.201779
0.163535
0.129911
0.100547
0.0750798
0.0531924
0.0358557
0.0215345
0.00978922
0.00345079
0.00114499
0.000349717
9.63266e-05
2.38257e-05
6.53769e-06
3.53014e-06
2.17311e-06
1.31312e-06
7.68744e-07
3.3184e-07
1.29406e-07
4.67916e-08
1.5971e-08
5.19349e-09
1.61702e-09
4.83721e-10
1.39414e-10
3.88051e-11
1.04533e-11
2.73034e-12
6.92649e-13
1.70937e-13
4.11001e-14
9.64192e-15
2.21008e-15
4.95645e-16
1.089e-16
2.34715e-17
4.96892e-18
1.03449e-18
2.12058e-19
4.28514e-20
8.54592e-21
1.68395e-21
3.28218e-22
6.33484e-23
1.21205e-23
2.30141e-24
4.34155e-25
8.14713e-26
1.52285e-26
2.838e-27
5.24373e-28
1.17681e-28
2.27929e-29
6.10535e-30
6.68203e-31
1
1
1
1
1
1
1
1
1
1
1
1
1
1
1
1
1
1
0.999999
0.999998
0.999995
0.999986
0.99996
0.999891
0.999708
0.999245
0.998109
0.995459
0.989647
0.97786
0.95624
0.921778
0.874518
0.816367
0.750452
0.680123
0.608389
0.537686
0.469828
0.406054
0.347119
0.293404
0.245001
0.201798
0.163546
0.129917
0.100547
0.0750761
0.0531859
0.035848
0.0215266
0.00978236
0.00344804
0.00114393
0.000349338
9.62032e-05
2.3792e-05
6.53479e-06
3.53064e-06
2.17287e-06
1.31274e-06
7.68328e-07
3.31533e-07
1.29251e-07
4.67269e-08
1.59466e-08
5.18479e-09
1.61408e-09
4.82769e-10
1.39119e-10
3.87172e-11
1.04281e-11
2.72336e-12
6.90783e-13
1.70454e-13
4.0979e-14
9.61243e-15
2.2031e-15
4.94033e-16
1.08537e-16
2.33917e-17
4.95173e-18
1.03086e-18
2.11306e-19
4.26984e-20
8.51527e-21
1.6779e-21
3.27041e-22
6.31221e-23
1.20775e-23
2.29331e-24
4.32643e-25
8.11937e-26
1.51799e-26
2.83323e-27
5.3117e-28
1.01511e-28
2.01309e-29
5.71199e-30
5.46105e-31
1
1
1
1
1
1
1
1
1
1
1
1
1
1
1
1
1
1
0.999999
0.999998
0.999995
0.999986
0.99996
0.999891
0.99971
0.999248
0.998116
0.995475
0.98968
0.977922
0.956345
0.921926
0.874702
0.816573
0.750666
0.680332
0.608584
0.53786
0.469978
0.406177
0.347218
0.29348
0.245056
0.201835
0.163568
0.129926
0.100547
0.0750684
0.0531726
0.0358324
0.021511
0.00976892
0.00344274
0.00114191
0.000348619
9.59699e-05
2.37288e-05
6.53113e-06
3.53264e-06
2.17283e-06
1.31221e-06
7.67579e-07
3.30927e-07
1.28933e-07
4.65928e-08
1.5895e-08
5.16618e-09
1.60772e-09
4.80695e-10
1.38472e-10
3.8524e-11
1.03727e-11
2.70802e-12
6.86687e-13
1.69397e-13
4.07144e-14
9.54816e-15
2.18791e-15
4.90539e-16
1.07753e-16
2.32196e-17
4.91477e-18
1.02308e-18
2.09701e-19
4.23727e-20
8.45025e-21
1.66512e-21
3.24561e-22
6.26473e-23
1.19876e-23
2.27646e-24
4.29519e-25
8.06228e-26
1.50788e-26
2.81353e-27
5.26327e-28
1.03003e-28
2.0718e-29
5.60013e-30
8.73112e-31
1
1
1
1
1
1
1
1
1
1
1
1
1
1
1
1
1
1
0.999999
0.999998
0.999995
0.999986
0.99996
0.999892
0.999712
0.999252
0.998127
0.9955
0.989732
0.978022
0.956513
0.922161
0.874992
0.816896
0.751
0.680657
0.608886
0.538129
0.470208
0.406369
0.347371
0.293597
0.245142
0.201893
0.163603
0.129942
0.100548
0.0750571
0.0531535
0.03581
0.0214879
0.00974904
0.00343492
0.00113894
0.000347557
9.56245e-05
2.36358e-05
6.52746e-06
3.53661e-06
2.17316e-06
1.31161e-06
7.66542e-07
3.30024e-07
1.28439e-07
4.63747e-08
1.58088e-08
5.13469e-09
1.59691e-09
4.77177e-10
1.37381e-10
3.81999e-11
1.02802e-11
2.6826e-12
6.79945e-13
1.67666e-13
4.02839e-14
9.44416e-15
2.16347e-15
4.84941e-16
1.06501e-16
2.29461e-17
4.85627e-18
1.01081e-18
2.07176e-19
4.18619e-20
8.34857e-21
1.64518e-21
3.20704e-22
6.19107e-23
1.18486e-23
2.25056e-24
4.24745e-25
7.97516e-26
1.49215e-26
2.78784e-27
5.21668e-28
9.69675e-29
2.052e-29
5.33601e-30
6.47542e-31
1
1
1
1
1
1
1
1
1
1
1
1
1
1
1
1
1
1
0.999999
0.999998
0.999995
0.999986
0.999961
0.999893
0.999714
0.999259
0.998143
0.995535
0.989805
0.978159
0.956742
0.922482
0.875387
0.817337
0.751455
0.6811
0.609295
0.538494
0.470523
0.40663
0.34758
0.293758
0.245259
0.201973
0.163651
0.129964
0.100549
0.0750431
0.0531287
0.0357804
0.0214577
0.00972285
0.00342461
0.00113502
0.000346153
9.51674e-05
2.35132e-05
6.525e-06
3.5429e-06
2.17398e-06
1.31098e-06
7.65244e-07
3.28831e-07
1.27757e-07
4.60633e-08
1.56839e-08
5.08884e-09
1.58119e-09
4.72085e-10
1.35809e-10
3.77356e-11
1.01484e-11
2.64659e-12
6.70434e-13
1.65236e-13
3.96814e-14
9.29903e-15
2.12945e-15
4.77169e-16
1.04768e-16
2.25681e-17
4.77557e-18
9.93923e-19
2.03705e-19
4.11609e-20
8.20922e-21
1.61788e-21
3.1543e-22
6.0904e-23
1.16586e-23
2.21501e-24
4.18148e-25
7.85364e-26
1.47005e-26
2.74725e-27
5.15102e-28
9.9893e-29
1.89104e-29
5.1671e-30
6.40582e-31
1
1
1
1
1
1
1
1
1
1
1
1
1
1
1
1
1
1
0.999999
0.999998
0.999995
0.999986
0.999961
0.999894
0.999718
0.999267
0.998162
0.995578
0.989895
0.97833
0.957032
0.922889
0.875891
0.8179
0.752037
0.681667
0.609821
0.538962
0.470925
0.406964
0.347847
0.293963
0.24541
0.202075
0.163713
0.129993
0.100553
0.0750273
0.0530991
0.0357446
0.0214198
0.00969008
0.00341174
0.00113012
0.000344405
9.45991e-05
2.33619e-05
6.52435e-06
3.55138e-06
2.17521e-06
1.31025e-06
7.63539e-07
3.27252e-07
1.2685e-07
4.56456e-08
1.55156e-08
5.02705e-09
1.56005e-09
4.65264e-10
1.33715e-10
3.71206e-11
9.97482e-12
2.59934e-12
6.5801e-13
1.62071e-13
3.88992e-14
9.11114e-15
2.08551e-15
4.67145e-16
1.02535e-16
2.20818e-17
4.67182e-18
9.72223e-19
1.99248e-19
4.02611e-20
8.03042e-21
1.58287e-21
3.08665e-22
5.96131e-23
1.1415e-23
2.16951e-24
4.09737e-25
7.69991e-26
1.44217e-26
2.69912e-27
5.06772e-28
9.57979e-29
1.82565e-29
4.73962e-30
8.2794e-31
1
1
1
1
1
1
1
1
1
1
1
1
1
1
1
1
1
1
0.999999
0.999998
0.999995
0.999986
0.999962
0.999896
0.999722
0.999278
0.998187
0.995634
0.99001
0.978548
0.957398
0.923399
0.876518
0.818597
0.752755
0.682365
0.610469
0.539539
0.47142
0.407374
0.348176
0.294217
0.245595
0.202203
0.163791
0.130031
0.100559
0.0750089
0.0530629
0.0357008
0.0213753
0.00965123
0.00339647
0.00112431
0.00034233
9.39248e-05
2.31794e-05
6.509e-06
3.55818e-06
2.17569e-06
1.30836e-06
7.601e-07
3.24382e-07
1.25343e-07
4.5019e-08
1.52835e-08
4.9462e-09
1.53316e-09
4.567e-10
1.31103e-10
3.6356e-11
9.7595e-12
2.54085e-12
6.42649e-13
1.58163e-13
3.79341e-14
8.87943e-15
2.03134e-15
4.54797e-16
9.97857e-17
2.14831e-17
4.54416e-18
9.45524e-19
1.93766e-19
3.91541e-20
7.81042e-21
1.53978e-21
3.00337e-22
5.80229e-23
1.11147e-23
2.11338e-24
3.99335e-25
7.50876e-26
1.40746e-26
2.63455e-27
4.95172e-28
9.633e-29
1.89215e-29
4.91021e-30
8.46179e-31
1
1
1
1
1
1
1
1
1
1
1
1
1
1
1
1
1
1
0.999999
0.999998
0.999995
0.999987
0.999963
0.999898
0.999727
0.999289
0.998215
0.995696
0.99014
0.978796
0.957821
0.923998
0.877263
0.819433
0.753621
0.683208
0.61125
0.540234
0.472017
0.40787
0.348573
0.294522
0.24582
0.202357
0.163887
0.130079
0.100568
0.0749902
0.0530251
0.0356525
0.0213232
0.00960576
0.0033786
0.00111751
0.000339898
9.31326e-05
2.29621e-05
6.48394e-06
3.56617e-06
2.17694e-06
1.30694e-06
7.5708e-07
3.21715e-07
1.23872e-07
4.43691e-08
1.503e-08
4.85488e-09
1.50221e-09
4.46746e-10
1.28049e-10
3.54583e-11
9.50583e-12
2.47176e-12
6.24465e-13
1.53528e-13
3.67883e-14
8.60407e-15
1.96692e-15
4.40099e-16
9.6511e-17
2.07696e-17
4.3919e-18
9.13661e-19
1.87218e-19
3.78314e-20
7.54736e-21
1.48821e-21
2.90363e-22
5.61171e-23
1.07545e-23
2.04599e-24
3.8684e-25
7.2793e-26
1.36591e-26
2.56147e-27
4.82336e-28
9.20065e-29
1.83093e-29
5.17048e-30
9.46706e-31
1
1
1
1
1
1
1
1
1
1
1
1
1
1
1
1
1
1
0.999999
0.999998
0.999995
0.999987
0.999963
0.9999
0.999733
0.999304
0.99825
0.995776
0.990306
0.979109
0.958344
0.924726
0.878155
0.820423
0.75464
0.684198
0.612167
0.54105
0.472717
0.408451
0.349038
0.294881
0.246083
0.202539
0.164
0.130136
0.100581
0.0749689
0.0529782
0.0355943
0.0212633
0.00955353
0.0033581
0.00110971
0.000337106
9.22217e-05
2.27103e-05
6.45709e-06
3.57485e-06
2.17888e-06
1.30608e-06
7.54348e-07
3.19056e-07
1.22326e-07
4.3655e-08
1.4742e-08
4.74899e-09
1.46594e-09
4.35026e-10
1.24446e-10
3.43984e-11
9.20643e-12
2.39026e-12
6.0303e-13
1.4807e-13
3.54397e-14
8.28023e-15
1.8912e-15
4.22836e-16
9.26669e-17
1.99323e-17
4.21327e-18
8.76283e-19
1.79537e-19
3.62791e-20
7.23852e-21
1.42764e-21
2.7864e-22
5.38751e-23
1.03305e-23
1.96656e-24
3.72104e-25
7.00811e-26
1.31612e-26
2.47297e-27
4.64238e-28
9.21866e-29
2.2298e-29
5.79843e-30
7.68105e-31
1
1
1
1
1
1
1
1
1
1
1
1
1
1
1
1
1
1
0.999999
0.999998
0.999995
0.999987
0.999964
0.999903
0.999739
0.999321
0.998289
0.995863
0.990488
0.979458
0.958941
0.925571
0.879207
0.8216
0.755855
0.685376
0.613256
0.542016
0.473544
0.409135
0.349585
0.295302
0.246394
0.202754
0.164135
0.130207
0.1006
0.0749487
0.0529296
0.0355316
0.0211969
0.00949506
0.00333514
0.00110097
0.000333976
9.12002e-05
2.24282e-05
6.42568e-06
3.58192e-06
2.18012e-06
1.30418e-06
7.49671e-07
3.15001e-07
1.20192e-07
4.27595e-08
1.44044e-08
4.62932e-09
1.42557e-09
4.22028e-10
1.20446e-10
3.32185e-11
8.87192e-12
2.29888e-12
5.7892e-13
1.41913e-13
3.39146e-14
7.91315e-15
1.8052e-15
4.03192e-16
8.8285e-17
1.89764e-17
4.00904e-18
8.3349e-19
1.70731e-19
3.44973e-20
6.88356e-21
1.35793e-21
2.65129e-22
5.12877e-23
9.84035e-24
1.87472e-24
3.55111e-25
6.70017e-26
1.26256e-26
2.38508e-27
4.54066e-28
8.91334e-29
2.37746e-29
6.07726e-30
1.06608e-30
1
1
1
1
1
1
1
1
1
1
1
1
1
1
1
1
1
1
0.999999
0.999998
0.999996
0.999988
0.999966
0.999906
0.999747
0.99934
0.998334
0.995964
0.990698
0.979858
0.959619
0.926524
0.880385
0.822916
0.757215
0.686699
0.614482
0.543107
0.474481
0.409912
0.350209
0.295784
0.24675
0.203002
0.164293
0.130292
0.100629
0.0749329
0.0528791
0.0354645
0.0211249
0.00943081
0.00330989
0.00109134
0.000330528
9.0074e-05
2.21184e-05
6.39623e-06
3.59052e-06
2.18158e-06
1.30271e-06
7.45514e-07
3.11099e-07
1.18e-07
4.1776e-08
1.4015e-08
4.48757e-09
1.37724e-09
4.06442e-10
1.1566e-10
3.18127e-11
8.47532e-12
2.19108e-12
5.50613e-13
1.34715e-13
3.21389e-14
7.48731e-15
1.70575e-15
3.80536e-16
8.32427e-17
1.78785e-17
3.77481e-18
7.84463e-19
1.6065e-19
3.24585e-20
6.47747e-21
1.27818e-21
2.49667e-22
4.83251e-23
9.27897e-24
1.7696e-24
3.35736e-25
6.35264e-26
1.2053e-26
2.30248e-27
4.45188e-28
8.63308e-29
1.96232e-29
5.36653e-30
6.45586e-31
1
1
1
1
1
1
1
1
1
1
1
1
1
1
1
1
1
1
0.999999
0.999999
0.999996
0.999988
0.999967
0.999909
0.999756
0.999363
0.998389
0.996087
0.990955
0.980346
0.960443
0.927677
0.881806
0.824496
0.758838
0.688269
0.615929
0.544387
0.475574
0.410815
0.350931
0.296341
0.247162
0.203291
0.164479
0.130395
0.100667
0.0749201
0.0528313
0.0353957
0.0210498
0.00936216
0.00328288
0.00108103
0.000326824
8.88617e-05
2.17861e-05
6.36917e-06
3.60126e-06
2.18364e-06
1.30127e-06
7.40064e-07
3.06213e-07
1.15418e-07
4.06816e-08
1.35974e-08
4.33821e-09
1.3266e-09
3.90103e-10
1.10625e-10
3.03264e-11
8.05373e-12
2.07586e-12
5.20206e-13
1.26948e-13
3.02148e-14
7.02414e-15
1.59722e-15
3.55739e-16
7.77097e-17
1.66708e-17
3.51662e-18
7.30313e-19
1.49495e-19
3.0198e-20
6.02634e-21
1.1894e-21
2.32419e-22
4.50225e-23
8.66879e-24
1.6689e-24
3.19822e-25
6.17049e-26
1.1921e-26
2.32211e-27
4.53357e-28
9.43028e-29
2.49102e-29
6.2746e-30
9.52838e-31
1
1
1
1
1
1
1
1
1
1
1
1
1
1
1
1
1
1
1
0.999999
0.999996
0.999989
0.999968
0.999913
0.999765
0.999385
0.998442
0.996206
0.991208
0.980841
0.961306
0.928921
0.883364
0.826241
0.760635
0.690005
0.617525
0.545798
0.476778
0.411811
0.351729
0.296959
0.247622
0.203617
0.164694
0.130518
0.100717
0.074917
0.0527866
0.0353302
0.0209713
0.00929204
0.00325526
0.00107046
0.000323015
8.76125e-05
2.14456e-05
6.34863e-06
3.61505e-06
2.18631e-06
1.299e-06
7.3267e-07
2.99929e-07
1.12213e-07
3.93477e-08
1.30915e-08
4.15768e-09
1.26559e-09
3.70518e-10
1.04631e-10
2.857e-11
7.55935e-12
1.94177e-12
4.85065e-13
1.18029e-13
2.80179e-14
6.49797e-15
1.47446e-15
3.27796e-16
7.14935e-17
1.53175e-17
3.22784e-18
6.69839e-19
1.37052e-19
2.76815e-20
5.52647e-21
1.09332e-21
2.14363e-22
4.09249e-23
9.20382e-24
2.24717e-24
4.07764e-25
9.07715e-26
1.69187e-26
3.05417e-27
5.63866e-28
1.124e-28
2.74274e-29
6.5835e-30
1.00004e-30
1
1
1
1
1
1
1
1
1
1
1
1
1
1
1
1
1
1
1
0.999999
0.999996
0.999989
0.99997
0.999918
0.999778
0.999417
0.998517
0.996373
0.991552
0.98148
0.962367
0.930376
0.885133
0.828198
0.762648
0.691963
0.61934
0.547409
0.478153
0.412945
0.352635
0.29766
0.248146
0.203992
0.164949
0.130676
0.100795
0.0749337
0.0527586
0.0352773
0.020905
0.00922419
0.00322912
0.00106031
0.00031929
8.63655e-05
2.11067e-05
6.35465e-06
3.64078e-06
2.19296e-06
1.29812e-06
7.24193e-07
2.92833e-07
1.08686e-07
3.78995e-08
1.25445e-08
3.9627e-09
1.19975e-09
3.49391e-10
9.81658e-11
2.66758e-11
7.02609e-12
1.79709e-12
4.47138e-13
1.08401e-13
2.56455e-14
5.92963e-15
1.34184e-15
2.97601e-16
6.47755e-17
1.38546e-17
2.91564e-18
6.04438e-19
1.23487e-19
2.47627e-20
4.92669e-21
1.20585e-21
2.94158e-22
5.09439e-23
9.34723e-24
1.77742e-24
3.39389e-25
6.49409e-26
1.30662e-26
3.47152e-27
6.09574e-28
1.15784e-28
3.17382e-29
6.0925e-30
1.17241e-30
1
1
1
1
1
1
1
1
1
1
1
1
1
1
1
1
1
1
1
0.999999
0.999996
0.99999
0.999972
0.999922
0.999788
0.999442
0.998577
0.996512
0.991855
0.982091
0.963466
0.931999
0.887198
0.830521
0.765025
0.694229
0.621387
0.549183
0.479647
0.414165
0.353603
0.298407
0.248704
0.204395
0.165227
0.130861
0.1009
0.0749765
0.0527569
0.0352446
0.0208576
0.00917532
0.00320855
0.0010522
0.000316265
8.53018e-05
2.08146e-05
6.37639e-06
3.67414e-06
2.2033e-06
1.29859e-06
7.14662e-07
2.85068e-07
1.04924e-07
3.63677e-08
1.19669e-08
3.7573e-09
1.1306e-09
3.27265e-10
9.14046e-11
2.46952e-11
6.46808e-12
1.64551e-12
4.07344e-13
9.82838e-14
2.31501e-14
5.33124e-15
1.20211e-15
2.65767e-16
5.76885e-17
1.23102e-17
2.58539e-18
5.34891e-19
1.09132e-19
2.20799e-20
5.00749e-21
1.44125e-21
2.6784e-22
4.97244e-23
9.35441e-24
1.78243e-24
3.41614e-25
6.53145e-26
1.24458e-26
2.45992e-27
5.50427e-28
1.45533e-28
3.33325e-29
6.25801e-30
1.2111e-30
1
1
1
1
1
1
1
1
1
1
1
1
1
1
1
1
1
1
1
0.999999
0.999997
0.999991
0.999974
0.999928
0.999805
0.999483
0.998674
0.996726
0.99229
0.982896
0.964791
0.93379
0.889322
0.832807
0.767331
0.696465
0.623526
0.55126
0.481286
0.415456
0.354614
0.299188
0.249298
0.204835
0.165542
0.131073
0.101053
0.0750664
0.0527982
0.035257
0.0208483
0.00915449
0.00320031
0.00104868
0.000314701
8.47091e-05
2.06567e-05
6.45922e-06
3.73261e-06
2.2217e-06
1.30214e-06
7.04471e-07
2.76877e-07
1.00972e-07
3.47063e-08
1.13146e-08
3.51768e-09
1.04819e-09
3.00582e-10
8.32204e-11
2.23037e-11
5.7991e-12
1.46562e-12
3.60676e-13
8.65676e-14
2.02956e-14
4.65471e-15
1.04579e-15
2.30493e-16
4.99004e-17
1.06243e-17
2.22534e-18
4.57059e-19
9.29479e-20
2.5308e-20
5.86506e-21
1.1575e-21
2.30954e-22
4.53556e-23
8.81333e-24
1.70043e-24
3.26076e-25
6.21593e-26
1.17882e-26
2.24486e-27
4.3835e-28
8.9735e-29
2.41697e-29
4.55093e-30
9.26033e-31
1
1
1
1
1
1
1
1
1
1
1
1
1
1
1
1
1
1
1
0.999999
0.999997
0.999991
0.999976
0.999932
0.999816
0.999512
0.998743
0.996884
0.992634
0.983588
0.96604
0.935726
0.891816
0.835646
0.77025
0.699225
0.625936
0.553147
0.482963
0.416832
0.355699
0.30003
0.249957
0.205373
0.16597
0.1314
0.101283
0.0752423
0.0529267
0.0353441
0.0209005
0.00918036
0.00320876
0.00105104
0.000315195
8.47353e-05
2.06594e-05
6.56481e-06
3.79116e-06
2.2438e-06
1.30698e-06
6.90645e-07
2.67e-07
9.65246e-08
3.29358e-08
1.0656e-08
3.2877e-09
9.72312e-10
2.76751e-10
7.60519e-11
2.02295e-11
5.22005e-12
1.30929e-12
3.1979e-13
7.61916e-14
1.77368e-14
4.04074e-15
9.0224e-16
1.97739e-16
4.25952e-17
9.02713e-18
1.87905e-18
3.81645e-19
8.95264e-20
2.55054e-20
4.89931e-21
9.55607e-22
1.89243e-22
3.74727e-23
7.3572e-24
1.42935e-24
2.75335e-25
5.2771e-26
1.00854e-26
1.91808e-27
3.66912e-28
7.35336e-29
1.79677e-29
3.79712e-30
7.01426e-31
1
1
1
1
1
1
1
1
1
1
1
1
1
1
1
1
1
1
1
0.999999
0.999997
0.999992
0.999979
0.99994
0.999836
0.999562
0.998861
0.997148
0.99318
0.984613
0.967741
0.938157
0.894638
0.838549
0.772965
0.701582
0.627849
0.554548
0.484141
0.41779
0.356463
0.300639
0.250446
0.205728
0.166247
0.131635
0.101488
0.075422
0.0530943
0.0354844
0.0210087
0.00925654
0.0032368
0.00106073
0.000318237
8.55628e-05
2.08614e-05
6.6999e-06
3.86159e-06
2.27698e-06
1.32171e-06
6.7721e-07
2.57868e-07
9.22428e-08
3.10379e-08
9.87835e-09
2.99629e-09
8.71451e-10
2.44118e-10
6.60876e-11
1.73373e-11
4.41752e-12
1.09546e-12
2.64872e-13
6.25534e-14
1.44525e-14
3.27176e-15
7.26772e-16
1.58628e-16
3.40566e-17
7.19185e-18
1.49003e-18
3.09597e-19
9.15976e-20
1.88647e-20
3.85754e-21
7.75088e-22
1.52504e-22
2.96995e-23
5.76191e-24
1.11491e-24
2.15092e-25
4.13708e-26
7.93369e-27
1.51462e-27
2.8915e-28
5.77807e-29
1.37041e-29
3.18904e-30
3.68587e-31
1
1
1
1
1
1
1
1
1
1
1
1
1
1
1
1
1
1
1
0.999999
0.999998
0.999993
0.99998
0.999945
0.999849
0.999593
0.998937
0.997319
0.993544
0.985321
0.968971
0.940009
0.896901
0.84102
0.775513
0.70406
0.630127
0.556663
0.485698
0.418921
0.357227
0.301108
0.250699
0.205892
0.166383
0.131788
0.101685
0.0756546
0.05335
0.035749
0.0212372
0.00943375
0.00330393
0.0010843
0.000325577
8.75531e-05
2.1394e-05
6.97351e-06
3.99577e-06
2.3197e-06
1.3308e-06
6.68482e-07
2.49329e-07
8.77961e-08
2.91636e-08
9.17513e-09
2.7527e-09
7.92119e-10
2.19583e-10
5.8837e-11
1.5281e-11
3.85599e-12
9.4735e-13
2.2704e-13
5.31709e-14
1.2188e-14
2.73866e-15
6.04118e-16
1.31e-16
2.79529e-17
5.86229e-18
1.20215e-18
2.68785e-19
8.11145e-20
1.56925e-20
3.11463e-21
6.20986e-22
1.2254e-22
2.38823e-23
4.6156e-24
8.88191e-25
1.7053e-25
3.26838e-26
6.25434e-27
1.1972e-27
2.27913e-28
4.62986e-29
1.09903e-29
2.93474e-30
5.07366e-31
1
1
1
1
1
1
1
1
1
1
1
1
1
1
1
1
1
1
1
0.999999
0.999998
0.999995
0.999985
0.999956
0.999878
0.999668
0.999116
0.997729
0.994415
0.98701
0.971863
0.944254
0.90182
0.84595
0.779769
0.707277
0.632243
0.55774
0.486232
0.419048
0.357139
0.300924
0.250499
0.20572
0.166276
0.131768
0.101765
0.0758423
0.0536234
0.0360367
0.021528
0.00968723
0.00340409
0.00112168
0.000338112
9.11602e-05
2.22587e-05
7.23358e-06
4.14817e-06
2.38999e-06
1.36212e-06
6.51895e-07
2.36278e-07
8.06637e-08
2.58582e-08
7.84889e-09
2.27598e-09
6.34502e-10
1.70819e-10
4.45598e-11
1.12935e-11
2.78739e-12
6.71306e-13
1.58045e-13
3.64325e-14
8.23576e-15
1.82827e-15
3.99097e-16
8.57623e-17
1.8144e-17
3.77434e-18
7.93867e-19
2.4066e-19
5.02539e-20
1.04102e-20
2.11965e-21
4.2212e-22
8.29953e-23
1.62298e-23
3.1659e-24
6.16394e-25
1.19768e-25
2.32235e-26
4.495e-27
8.67754e-28
1.68711e-28
3.60728e-29
9.19378e-30
2.03067e-30
3.33582e-31
)
;

boundaryField
{
    fuel
    {
        type            fixedValue;
        value           uniform 1;
    }
    air
    {
        type            fixedValue;
        value           uniform 0;
    }
    outlet
    {
        type            inletOutlet;
        inletValue      uniform 0;
        value           nonuniform List<scalar> 
200
(
1
1
1
1
1
1
1
1
1
1
1
1
1
1
1
1
1
1
1
0.999999
0.999998
0.999995
0.999985
0.999956
0.999878
0.999667
0.999115
0.997727
0.994408
0.986992
0.971824
0.944182
0.901709
0.845798
0.779583
0.707071
0.632031
0.557535
0.486034
0.418856
0.356972
0.300783
0.250386
0.205635
0.166217
0.131734
0.101752
0.0758482
0.0536396
0.0360621
0.021563
0.0097195
0.00341906
0.00112794
0.000340437
9.19216e-05
2.24772e-05
7.29593e-06
4.18158e-06
2.40853e-06
1.37314e-06
6.57482e-07
2.38189e-07
8.13493e-08
2.6092e-08
7.923e-09
2.2981e-09
6.40793e-10
1.72539e-10
4.50142e-11
1.14102e-11
2.81655e-12
6.78427e-13
1.59746e-13
3.68306e-14
8.32714e-15
1.84887e-15
4.03661e-16
8.67578e-17
1.83577e-17
3.81951e-18
8.03635e-19
2.43699e-19
5.08906e-20
1.05365e-20
2.14569e-21
4.27515e-22
8.40863e-23
1.6445e-23
3.20779e-24
6.24517e-25
1.2134e-25
2.35275e-26
4.55302e-27
8.79124e-28
1.70841e-28
3.52085e-29
7.99621e-30
2.27633e-30
3.54401e-31
1
1
1
1
1
1
1
1
1
1
1
1
1
1
1
1
1
1
1
0.999999
0.999998
0.999995
0.999985
0.999956
0.999878
0.999668
0.999116
0.997729
0.994415
0.98701
0.971863
0.944254
0.90182
0.84595
0.779769
0.707277
0.632243
0.55774
0.486232
0.419048
0.357139
0.300924
0.250499
0.20572
0.166276
0.131768
0.101765
0.0758423
0.0536234
0.0360367
0.021528
0.00968723
0.00340409
0.00112168
0.000338112
9.11602e-05
2.22587e-05
7.23358e-06
4.14817e-06
2.38999e-06
1.36212e-06
6.51895e-07
2.36278e-07
8.06637e-08
2.58582e-08
7.84889e-09
2.27598e-09
6.34502e-10
1.70819e-10
4.45598e-11
1.12935e-11
2.78739e-12
6.71306e-13
1.58045e-13
3.64325e-14
8.23576e-15
1.82827e-15
3.99097e-16
8.57623e-17
1.8144e-17
3.77434e-18
7.93867e-19
2.4066e-19
5.02539e-20
1.04102e-20
2.11965e-21
4.2212e-22
8.29953e-23
1.62298e-23
3.1659e-24
6.16394e-25
1.19768e-25
2.32235e-26
4.495e-27
8.67754e-28
1.68711e-28
3.60728e-29
9.19378e-30
2.03067e-30
3.33582e-31
)
;
    }
    frontAndBack
    {
        type            empty;
    }
}


// ************************************************************************* //
