/*--------------------------------*- C++ -*----------------------------------*\
  =========                 |
  \\      /  F ield         | OpenFOAM: The Open Source CFD Toolbox
   \\    /   O peration     | Website:  https://openfoam.org
    \\  /    A nd           | Version:  11
     \\/     M anipulation  |
\*---------------------------------------------------------------------------*/
FoamFile
{
    format      ascii;
    class       volScalarField;
    location    "0.05";
    object      CO2;
}
// * * * * * * * * * * * * * * * * * * * * * * * * * * * * * * * * * * * * * //

dimensions      [0 0 0 0 0 0 0];

internalField   nonuniform List<scalar> 
4000
(
2.01675e-23
1.7934e-22
1.07244e-21
6.18943e-21
3.52472e-20
1.99571e-19
1.12432e-18
6.29733e-18
3.50208e-17
1.93009e-16
1.05023e-15
5.5981e-15
2.89377e-14
1.45493e-13
7.13642e-13
2.57037e-12
1.26624e-11
6.15316e-11
2.90394e-10
1.33196e-09
5.92707e-09
2.55184e-08
1.05976e-07
4.23111e-07
1.61809e-06
5.90313e-06
2.04475e-05
6.68546e-05
0.000204711
0.000580484
0.00150046
0.00346882
0.0069478
0.0121104
0.0188804
0.0269715
0.0360046
0.0455909
0.0553671
0.0650567
0.0744404
0.0833574
0.0917004
0.0994059
0.106443
0.112803
0.118469
0.123392
0.127415
0.129964
0.130481
0.126796
0.114013
0.0948042
0.0754176
0.0580193
0.0432909
0.0311376
0.0203724
0.0125833
0.00764751
0.00392433
0.00157475
0.000595814
0.000211773
7.13248e-05
2.2959e-05
7.10642e-06
2.12455e-06
6.15715e-07
1.73526e-07
4.76933e-08
1.28166e-08
3.37536e-09
8.7303e-10
2.22205e-10
5.57557e-11
1.38158e-11
3.38551e-12
8.20556e-13
1.96406e-13
4.76522e-14
1.61167e-14
3.97048e-15
9.59508e-16
2.28615e-16
5.37739e-17
1.25762e-17
2.93653e-18
6.85388e-19
1.59865e-19
3.72337e-20
8.65108e-21
2.00266e-21
4.6082e-22
1.05906e-22
2.5422e-23
6.58772e-24
2.00896e-24
3.26744e-25
3.90898e-23
2.42005e-22
1.5094e-21
8.8274e-21
5.09009e-20
2.91535e-19
1.65861e-18
9.35861e-18
5.22648e-17
2.88375e-16
1.57033e-15
8.40929e-15
4.36736e-14
2.2158e-13
7.80992e-13
3.75163e-12
1.8563e-11
8.9089e-11
4.15621e-10
1.88285e-09
8.26283e-09
3.50283e-08
1.43005e-07
5.60391e-07
2.1003e-06
7.49848e-06
2.53823e-05
8.09849e-05
0.000241626
0.000666577
0.00167428
0.00376251
0.0073257
0.0125187
0.0192484
0.027251
0.0361783
0.0456606
0.0553716
0.0650205
0.074381
0.0832883
0.0916314
0.0993459
0.106399
0.112777
0.118464
0.123403
0.12743
0.129956
0.130404
0.126548
0.113401
0.0941507
0.0748778
0.0576571
0.0431104
0.0311002
0.0204526
0.0127275
0.00777676
0.00417404
0.00171901
0.000668798
0.000245164
8.51382e-05
2.8214e-05
8.9737e-06
2.75133e-06
8.16082e-07
2.34913e-07
6.58094e-08
1.79886e-08
4.80911e-09
1.26021e-09
3.24351e-10
8.21514e-11
2.05125e-11
5.05752e-12
1.23278e-12
2.96678e-13
7.01075e-14
1.7917e-14
6.04841e-15
1.38104e-15
3.23357e-16
7.58866e-17
1.76926e-17
4.09569e-18
9.43829e-19
2.16989e-19
4.98017e-20
1.14051e-20
2.6034e-21
5.90687e-22
1.34228e-22
3.20457e-23
8.05659e-24
2.08516e-24
3.29809e-25
2.99765e-23
3.10012e-22
1.88379e-21
1.0924e-20
6.26749e-20
3.57487e-19
2.03075e-18
1.15102e-17
6.51873e-17
3.68481e-16
2.06134e-15
1.11334e-14
5.54644e-14
2.58344e-13
9.11931e-13
4.45391e-12
2.18756e-11
1.04283e-10
4.83303e-10
2.17444e-09
9.47347e-09
3.98539e-08
1.61403e-07
6.27209e-07
2.33039e-06
8.24581e-06
2.76571e-05
8.74192e-05
0.000258331
0.000705642
0.00175435
0.00390175
0.00751783
0.0127506
0.0195058
0.0275128
0.0364227
0.0458817
0.0555248
0.0651115
0.0744216
0.0832938
0.0916189
0.0993281
0.106383
0.11277
0.118467
0.123414
0.127441
0.12995
0.130355
0.126398
0.11305
0.0938138
0.0746413
0.0575426
0.043115
0.0312394
0.0206878
0.0129687
0.00796793
0.00433967
0.00181261
0.000713058
0.000263938
9.25122e-05
3.09401e-05
9.93123e-06
3.07267e-06
9.19543e-07
2.66987e-07
7.54142e-08
2.07755e-08
5.59488e-09
1.47608e-09
3.82285e-10
9.73764e-11
2.44391e-11
6.05327e-12
1.48162e-12
3.58368e-13
8.53918e-14
2.04219e-14
6.71322e-15
1.63108e-15
3.91457e-16
9.25979e-17
2.15782e-17
4.99006e-18
1.15e-18
2.64382e-19
6.0625e-20
1.38593e-20
3.15529e-21
7.13815e-22
1.59506e-22
4.10679e-23
9.6317e-24
2.48899e-24
3.22633e-25
4.51851e-23
3.72184e-22
2.29037e-21
1.3298e-20
7.62003e-20
4.33155e-19
2.43918e-18
1.36256e-17
7.56545e-17
4.17517e-16
2.27703e-15
1.20455e-14
6.04886e-14
2.91654e-13
1.09222e-12
5.47061e-12
2.67725e-11
1.27041e-10
5.85604e-10
2.61785e-09
1.13205e-08
4.72234e-08
1.89469e-07
7.28822e-07
2.67845e-06
9.36711e-06
3.10288e-05
9.67837e-05
0.000281993
0.000758866
0.00185799
0.00407191
0.00773765
0.0129971
0.0197523
0.0277376
0.0366113
0.0460228
0.0556428
0.0652041
0.0744894
0.0833397
0.0916461
0.0993414
0.10639
0.112775
0.118471
0.123417
0.127442
0.129941
0.130329
0.126335
0.11292
0.0937044
0.0745853
0.057551
0.0431826
0.0313613
0.0208307
0.0130955
0.00807511
0.00452156
0.00191098
0.000758709
0.000284302
0.000101068
3.42952e-05
1.11656e-05
3.50187e-06
1.0615e-06
3.11885e-07
8.90548e-08
2.47716e-08
6.72761e-09
1.78773e-09
4.65748e-10
1.19192e-10
3.00189e-11
7.45317e-12
1.82713e-12
4.42737e-13
1.05872e-13
2.4795e-14
6.56479e-15
2.11931e-15
4.8981e-16
1.13778e-16
2.65187e-17
6.15421e-18
1.41875e-18
3.24688e-19
7.38993e-20
1.6765e-20
3.78984e-21
8.53936e-22
1.91344e-22
4.48198e-23
1.26609e-23
2.97825e-24
4.14377e-25
6.09014e-23
4.47943e-22
2.75579e-21
1.59485e-20
9.14581e-20
5.20518e-19
2.93307e-18
1.63415e-17
9.0094e-17
4.92167e-16
2.65653e-15
1.40862e-14
7.47155e-14
2.82563e-13
1.24658e-12
6.26611e-12
3.04103e-11
1.4337e-10
6.56853e-10
2.91835e-09
1.25422e-08
5.20002e-08
2.07375e-07
7.92963e-07
2.89722e-06
1.00747e-05
3.31888e-05
0.000102962
0.000298357
0.000798187
0.00194107
0.00421948
0.00795003
0.0132615
0.0200439
0.0280286
0.0368745
0.0462326
0.0558332
0.0653602
0.074609
0.0834262
0.0917054
0.0993796
0.106412
0.112783
0.11847
0.123409
0.127429
0.129926
0.130312
0.126323
0.112925
0.093753
0.0746811
0.0576836
0.0433447
0.0315627
0.0210439
0.0133018
0.00823825
0.00470659
0.0020126
0.000803705
0.000302737
0.00010823
3.69415e-05
1.20994e-05
3.81814e-06
1.1647e-06
3.44423e-07
9.89909e-08
2.77161e-08
7.57596e-09
2.02573e-09
5.30874e-10
1.36599e-10
3.45704e-11
8.61936e-12
2.12047e-12
5.15397e-13
1.23821e-13
2.93469e-14
6.89551e-15
2.00189e-15
6.16669e-16
1.36621e-16
3.11648e-17
7.16855e-18
1.64113e-18
3.72361e-19
8.39066e-20
1.88421e-20
4.23109e-21
9.55169e-22
2.20214e-22
5.20282e-23
1.65793e-23
3.37943e-24
6.50986e-25
7.61367e-23
5.06894e-22
3.09764e-21
1.78273e-20
1.02118e-19
5.84337e-19
3.3304e-18
1.8839e-17
1.05649e-16
5.87862e-16
3.19562e-15
1.62434e-14
7.611e-14
2.84627e-13
1.44533e-12
7.18873e-12
3.47513e-11
1.63467e-10
7.47042e-10
3.30891e-09
1.4168e-08
5.84784e-08
2.31976e-07
8.81567e-07
3.19827e-06
1.10338e-05
3.60317e-05
0.000110724
0.000317613
0.000840807
0.00202352
0.00434749
0.00812058
0.0134639
0.0202654
0.028258
0.0371054
0.0464635
0.0560181
0.0655067
0.0747221
0.0835099
0.0917634
0.0994157
0.10643
0.112787
0.118463
0.123394
0.12741
0.129908
0.130304
0.126347
0.113026
0.0939087
0.074883
0.0579336
0.0436115
0.0318423
0.0213152
0.0135006
0.00838534
0.00485969
0.00210081
0.000844716
0.000320396
0.000115459
3.9744e-05
1.31269e-05
4.1755e-06
1.28315e-06
3.82012e-07
1.10459e-07
3.10929e-08
8.53889e-09
2.2925e-09
6.02871e-10
1.55577e-10
3.94671e-11
9.85852e-12
2.42861e-12
5.90887e-13
1.42164e-13
3.3853e-14
7.99205e-15
1.88613e-15
4.61709e-16
1.51562e-16
3.41603e-17
7.76638e-18
1.7556e-18
3.9313e-19
8.77144e-20
1.95538e-20
4.37165e-21
1.02763e-21
2.85425e-22
7.02499e-23
1.79389e-23
4.93858e-24
8.15216e-25
9.37576e-23
5.8259e-22
3.47142e-21
1.958e-20
1.1043e-19
6.27957e-19
3.56078e-18
2.00218e-17
1.11435e-16
6.16343e-16
3.39784e-15
1.87789e-14
7.32003e-14
3.14524e-13
1.60221e-12
7.93754e-12
3.82301e-11
1.79151e-10
8.15378e-10
3.59581e-09
1.53258e-08
6.29611e-08
2.48596e-07
9.40471e-07
3.39745e-06
1.16745e-05
3.79825e-05
0.000116301
0.000332365
0.000876064
0.00209721
0.00447121
0.00829579
0.0136789
0.0205014
0.028496
0.03733
0.0466646
0.0561908
0.0656485
0.0748328
0.0835914
0.0918187
0.0994483
0.106443
0.112785
0.118448
0.123372
0.127385
0.129887
0.130304
0.126402
0.113217
0.0941715
0.0751794
0.05823
0.0438889
0.0320972
0.0215673
0.0136915
0.00853699
0.00500745
0.00218651
0.000884164
0.000336803
0.00012191
4.2162e-05
1.39931e-05
4.47291e-06
1.3813e-06
4.13229e-07
1.2005e-07
3.39455e-08
9.36184e-09
2.52326e-09
6.65886e-10
1.72369e-10
4.38415e-11
1.09747e-11
2.70808e-12
6.5967e-13
1.58848e-13
3.7857e-14
8.92923e-15
2.07237e-15
4.87038e-16
1.35306e-16
3.65593e-17
7.5131e-18
1.64943e-18
3.73222e-19
8.44357e-20
1.9053e-20
4.45343e-21
1.35834e-21
2.89509e-22
6.44569e-23
1.94139e-23
4.18895e-24
8.4854e-25
1.12339e-22
7.12565e-22
4.16475e-21
2.2412e-20
1.21577e-19
6.74189e-19
3.73415e-18
2.12905e-17
1.21612e-16
6.82658e-16
3.59347e-15
1.64528e-14
6.88524e-14
3.48443e-13
1.76658e-12
8.7108e-12
4.18681e-11
1.95851e-10
8.89644e-10
3.91471e-09
1.66438e-08
6.81839e-08
2.68357e-07
1.01151e-06
3.63874e-06
1.24437e-05
4.02667e-05
0.000122558
0.000347962
0.000910827
0.00216496
0.00457799
0.0084418
0.0138568
0.0206992
0.0287005
0.0375287
0.0468472
0.0563501
0.0657808
0.0749371
0.0836685
0.0918708
0.0994781
0.106454
0.112779
0.11843
0.123346
0.127355
0.129864
0.130305
0.126466
0.113424
0.0944421
0.0754751
0.0585297
0.0441783
0.0323863
0.0218289
0.0139009
0.00867948
0.00514051
0.00226518
0.000920941
0.000352232
0.000128017
4.44675e-05
1.4824e-05
4.75919e-06
1.47588e-06
4.43281e-07
1.29261e-07
3.66765e-08
1.01471e-08
2.74275e-09
7.25651e-10
1.88253e-10
4.797e-11
1.2026e-11
2.97077e-12
7.24182e-13
1.7444e-13
4.15732e-14
9.81411e-15
2.29745e-15
5.3391e-16
1.23432e-16
2.83392e-17
6.36169e-18
1.64005e-18
4.22415e-19
9.65273e-20
2.51611e-20
5.5095e-21
1.20006e-21
2.66682e-22
5.96491e-23
1.64451e-23
3.87692e-24
7.67957e-25
9.65658e-23
1.06958e-21
5.37021e-21
2.93494e-20
1.55475e-19
9.51445e-19
3.81947e-18
2.16716e-17
1.22414e-16
6.53121e-16
3.42099e-15
1.50378e-14
7.28654e-14
3.77821e-13
1.90482e-12
9.37072e-12
4.49517e-11
2.09834e-10
9.50941e-10
4.17369e-09
1.76954e-08
7.22752e-08
2.83563e-07
1.06534e-06
3.81961e-06
1.30186e-05
4.19861e-05
0.000127356
0.000360288
0.000939338
0.00222266
0.00467238
0.00857343
0.0140178
0.0208774
0.028883
0.0377045
0.0470078
0.05649
0.0658969
0.0750285
0.0837358
0.0919155
0.0995027
0.106461
0.112772
0.118412
0.123319
0.127327
0.129843
0.130307
0.126529
0.113625
0.0947001
0.0757501
0.0588003
0.0444293
0.0326211
0.0220569
0.0140838
0.00882172
0.00526014
0.0023363
0.000954715
0.000366518
0.000133686
4.66082e-05
1.55952e-05
5.02483e-06
1.56358e-06
4.71126e-07
1.37789e-07
3.92032e-08
1.08731e-08
2.94551e-09
7.80814e-10
2.02902e-10
5.17744e-11
1.29938e-11
3.21236e-12
7.83444e-13
1.88747e-13
4.49764e-14
1.06125e-14
2.48215e-15
5.7598e-16
1.32708e-16
3.03812e-17
6.91605e-18
1.5685e-18
3.55856e-19
8.07134e-20
1.84704e-20
4.25292e-21
9.8521e-22
2.26265e-22
5.50885e-23
1.52984e-23
4.29078e-24
7.09252e-25
6.57916e-23
6.47489e-22
3.62912e-21
1.98746e-20
1.1015e-19
6.109e-19
3.34944e-18
1.83384e-17
9.98005e-17
5.43579e-16
2.83128e-15
1.50353e-14
7.87688e-14
4.04457e-13
2.0335e-12
9.99084e-12
4.7864e-11
2.23099e-10
1.00939e-09
4.42214e-09
1.87113e-08
7.62592e-08
2.98495e-07
1.11862e-06
3.99981e-06
1.35931e-05
4.37006e-05
0.0001321
0.000372286
0.000966529
0.00227646
0.00475857
0.00869226
0.0141627
0.0210378
0.0290476
0.0378634
0.0471532
0.0566167
0.0660021
0.0751112
0.0837964
0.0919554
0.099524
0.106466
0.112764
0.118393
0.123293
0.127299
0.129823
0.130309
0.126589
0.113817
0.0949436
0.0760081
0.0590527
0.0446621
0.0328352
0.022278
0.0142569
0.00893915
0.00535807
0.00239552
0.000983352
0.000378709
0.000138514
4.84248e-05
1.62489e-05
5.25029e-06
1.6383e-06
4.9497e-07
1.45133e-07
4.13914e-08
1.15052e-08
3.12292e-09
8.29289e-10
2.15822e-10
5.51397e-11
1.3852e-11
3.42696e-12
8.36153e-13
2.01481e-13
4.80063e-14
1.13235e-14
2.64685e-15
6.13686e-16
1.41248e-16
3.22953e-17
7.33975e-18
1.65904e-18
3.73249e-19
8.37139e-20
1.87872e-20
4.24626e-21
9.69007e-22
2.21726e-22
5.05297e-23
1.48249e-23
3.95885e-24
7.26735e-25
6.87398e-23
5.74948e-22
3.28876e-21
1.84166e-20
1.03679e-19
5.83665e-19
3.27373e-18
1.82649e-17
1.01074e-16
5.53634e-16
2.99251e-15
1.59256e-14
8.32989e-14
4.27421e-13
2.14723e-12
1.05394e-11
5.04363e-11
2.34796e-10
1.06084e-09
4.64047e-09
1.96022e-08
7.97438e-08
3.11512e-07
1.16488e-06
4.1555e-06
1.40867e-05
4.51651e-05
0.000136128
0.00038242
0.000989379
0.00232149
0.00483059
0.00879155
0.0142839
0.0211724
0.0291864
0.0379979
0.0472768
0.0567248
0.066092
0.0751818
0.0838479
0.091989
0.0995413
0.106469
0.112755
0.118374
0.123269
0.127274
0.129804
0.130311
0.126644
0.113992
0.0951646
0.0762411
0.0592797
0.0448707
0.0330246
0.0224799
0.0144134
0.00905002
0.00544285
0.00244613
0.0010085
0.000389801
0.00014302
5.01433e-05
1.68699e-05
5.46434e-06
1.70898e-06
5.17414e-07
1.52008e-07
4.34285e-08
1.20905e-08
3.28638e-09
8.73751e-10
2.27624e-10
5.82024e-11
1.46303e-11
3.62099e-12
8.83667e-13
2.12927e-13
5.07222e-14
1.1959e-14
2.79367e-15
6.47203e-16
1.48816e-16
3.39866e-17
7.71417e-18
1.74113e-18
3.91021e-19
8.74659e-20
1.95296e-20
4.36966e-21
9.83717e-22
2.22235e-22
5.12509e-23
1.6111e-23
4.33567e-24
7.9266e-25
6.50742e-23
5.73886e-22
3.33956e-21
1.88746e-20
1.07133e-19
6.07129e-19
3.42441e-18
1.91591e-17
1.06144e-16
5.81204e-16
3.13949e-15
1.66986e-14
8.72916e-14
4.47604e-13
2.24686e-12
1.10186e-11
5.26762e-11
2.44946e-10
1.10531e-09
4.82831e-09
2.0365e-08
8.27124e-08
3.2255e-07
1.20395e-06
4.28669e-06
1.45026e-05
4.64025e-05
0.000139553
0.000391119
0.00100922
0.00236102
0.00489449
0.00888016
0.0143923
0.0212927
0.02931
0.0381173
0.0473862
0.0568201
0.066171
0.0752435
0.0838926
0.0920178
0.0995557
0.106471
0.112746
0.118357
0.123247
0.127251
0.129788
0.130313
0.126693
0.114148
0.0953613
0.0764476
0.0594795
0.0450523
0.033186
0.0226505
0.0145452
0.00914229
0.00551996
0.00249356
0.00103164
0.00039964
0.0001469
5.15987e-05
1.73928e-05
5.64451e-06
1.76863e-06
5.36426e-07
1.57856e-07
4.51683e-08
1.25924e-08
3.42701e-09
9.12116e-10
2.37833e-10
6.0857e-11
1.5306e-11
3.78961e-12
9.24988e-13
2.22884e-13
5.30849e-14
1.25117e-14
2.92125e-15
6.76297e-16
1.55376e-16
3.54505e-17
8.03764e-18
1.81194e-18
4.06359e-19
9.07313e-20
2.02006e-20
4.49859e-21
1.00579e-21
2.2525e-22
5.05876e-23
1.50753e-23
4.12614e-24
5.14783e-25
5.83092e-23
5.90578e-22
3.45206e-21
1.96134e-20
1.11626e-19
6.33163e-19
3.57018e-18
1.99715e-17
1.1062e-16
6.05541e-16
3.26988e-15
1.73856e-14
9.08438e-14
4.65588e-13
2.33583e-12
1.14476e-11
5.46875e-11
2.54094e-10
1.14557e-09
4.9992e-09
2.10628e-08
8.54448e-08
3.3277e-07
1.24033e-06
4.40932e-06
1.48919e-05
4.75577e-05
0.000142726
0.000399066
0.00102701
0.00239571
0.00494935
0.00895514
0.0144833
0.0213934
0.0294135
0.0382174
0.0474781
0.0569003
0.0662375
0.0752955
0.0839302
0.0920417
0.0995672
0.106472
0.112738
0.118342
0.123228
0.127231
0.129773
0.130315
0.126737
0.114286
0.0955346
0.0766295
0.0596562
0.0452144
0.0333318
0.0228073
0.0146666
0.00922722
0.0055827
0.00253048
0.00105007
0.000407863
0.000150275
5.28937e-05
1.78625e-05
5.80669e-06
1.82224e-06
5.5346e-07
1.63076e-07
4.67156e-08
1.30371e-08
3.55123e-09
9.45905e-10
2.46801e-10
6.31831e-11
1.58968e-11
3.93673e-12
9.60967e-13
2.31537e-13
5.51341e-14
1.29901e-14
3.03147e-15
7.01381e-16
1.6102e-16
3.67071e-17
8.31466e-18
1.87244e-18
4.19445e-19
9.35311e-20
2.07907e-20
4.6188e-21
1.02943e-21
2.30775e-22
5.17414e-23
1.16713e-23
3.51063e-24
3.53306e-25
5.9002e-23
6.02639e-22
3.55549e-21
2.02831e-20
1.1551e-19
6.55372e-19
3.69514e-18
2.06665e-17
1.14439e-16
6.26256e-16
3.38058e-15
1.79673e-14
9.38422e-14
4.80719e-13
2.4104e-12
1.18057e-11
5.63589e-11
2.61657e-10
1.17865e-09
5.13872e-09
2.16285e-08
8.76421e-08
3.40923e-07
1.26912e-06
4.50569e-06
1.51963e-05
4.84594e-05
0.000145209
0.000405338
0.00104123
0.0024239
0.00499478
0.00901808
0.0145603
0.021479
0.0295017
0.0383028
0.0475564
0.0569686
0.066294
0.0753396
0.0839619
0.0920617
0.0995767
0.106472
0.11273
0.118329
0.123211
0.127213
0.129761
0.130317
0.126775
0.114405
0.0956837
0.0767853
0.0598068
0.0453517
0.0334585
0.0229363
0.0147667
0.00929855
0.00563764
0.00256359
0.00106654
0.000415089
0.000153192
5.40017e-05
1.82622e-05
5.9444e-06
1.86772e-06
5.67911e-07
1.67506e-07
4.80292e-08
1.34148e-08
3.65678e-09
9.74626e-10
2.54424e-10
6.51609e-11
1.6399e-11
4.06178e-12
9.91538e-13
2.38885e-13
5.6873e-14
1.33957e-14
3.12481e-15
7.22597e-16
1.65787e-16
3.77668e-17
8.54786e-18
1.92328e-18
4.30433e-19
9.5881e-20
2.12824e-20
4.71891e-21
1.04832e-21
2.32246e-22
5.39745e-23
1.17378e-23
3.45852e-24
6.33267e-25
6.00478e-23
6.15564e-22
3.65099e-21
2.0866e-20
1.1888e-19
6.74402e-19
3.80185e-18
2.12592e-17
1.17696e-16
6.43928e-16
3.47508e-15
1.84643e-14
9.64078e-14
4.93686e-13
2.47443e-12
1.21138e-11
5.78008e-11
2.68201e-10
1.20738e-09
5.26038e-09
2.2124e-08
8.95768e-08
3.4814e-07
1.29474e-06
4.59183e-06
1.54692e-05
4.92683e-05
0.00014743
0.000410903
0.0010537
0.00244823
0.00503333
0.00907082
0.0146244
0.0215498
0.0295745
0.0383736
0.047621
0.0570249
0.0663406
0.0753758
0.0839879
0.092078
0.0995841
0.106472
0.112724
0.118317
0.123196
0.127198
0.12975
0.130318
0.126806
0.114505
0.0958089
0.0769156
0.0599318
0.0454644
0.0335608
0.0230389
0.0148471
0.00935636
0.00568743
0.00259521
0.00108217
0.000421728
0.000155788
5.49665e-05
1.8606e-05
6.06205e-06
1.90641e-06
5.80164e-07
1.71252e-07
4.91377e-08
1.37329e-08
3.74553e-09
9.98742e-10
2.60818e-10
6.68177e-11
1.68193e-11
4.16632e-12
1.01707e-12
2.45016e-13
5.83222e-14
1.37333e-14
3.20241e-15
7.40214e-16
1.6974e-16
3.8644e-17
8.74055e-18
1.9652e-18
4.39468e-19
9.78121e-20
2.16919e-20
4.80382e-21
1.06566e-21
2.37223e-22
5.30468e-23
1.16623e-23
3.30948e-24
5.69277e-25
6.47133e-23
6.25953e-22
3.73485e-21
2.13556e-20
1.21663e-19
6.90087e-19
3.88961e-18
2.17459e-17
1.20367e-16
6.58397e-16
3.55235e-15
1.88701e-14
9.84987e-14
5.04235e-13
2.52641e-12
1.23635e-11
5.89663e-11
2.73476e-10
1.23047e-09
5.35784e-09
2.25195e-08
9.11151e-08
3.53855e-07
1.31494e-06
4.6595e-06
1.56829e-05
4.99008e-05
0.000149167
0.000415268
0.00106353
0.00246754
0.00506418
0.00911329
0.0146761
0.0216072
0.0296335
0.0384306
0.0476734
0.0570705
0.0663782
0.0754051
0.0840087
0.0920909
0.0995899
0.106471
0.112718
0.118308
0.123184
0.127186
0.129741
0.130319
0.126833
0.114589
0.0959131
0.0770244
0.060037
0.0455602
0.0336487
0.0231296
0.014918
0.00940619
0.0057244
0.00261695
0.00109298
0.000426531
0.000157755
5.57202e-05
1.8879e-05
6.15621e-06
1.9375e-06
5.9003e-07
1.74273e-07
5.00323e-08
1.39899e-08
3.81727e-09
1.01825e-09
2.65991e-10
6.81586e-11
1.71596e-11
4.25094e-12
1.03773e-12
2.49977e-13
5.94944e-14
1.40062e-14
3.2651e-15
7.54431e-16
1.72926e-16
3.93504e-17
8.89555e-18
1.99889e-18
4.4672e-19
9.93579e-20
2.2017e-20
4.8699e-21
1.07594e-21
2.36902e-22
6.00073e-23
1.31348e-23
3.83897e-24
5.20666e-25
6.25241e-23
6.40836e-22
3.80415e-21
2.17479e-20
1.23877e-19
7.02543e-19
3.9592e-18
2.21314e-17
1.22482e-16
6.69855e-16
3.61353e-15
1.91914e-14
1.00154e-13
5.1259e-13
2.5676e-12
1.25614e-11
5.98906e-11
2.77663e-10
1.24881e-09
5.43536e-09
2.28345e-08
9.23419e-08
3.58419e-07
1.33109e-06
4.71369e-06
1.58542e-05
5.04076e-05
0.000150557
0.000418751
0.00107133
0.0024828
0.00508841
0.00914649
0.0147165
0.0216518
0.0296794
0.0384747
0.047714
0.0571059
0.0664075
0.0754277
0.0840248
0.0921008
0.0995942
0.106471
0.112713
0.1183
0.123174
0.127176
0.129734
0.13032
0.126854
0.114655
0.0959958
0.0771107
0.0601204
0.0456364
0.0337185
0.0232018
0.014974
0.00944477
0.00575243
0.00263347
0.00110121
0.000430176
0.000159239
5.62869e-05
1.9084e-05
6.22698e-06
1.96092e-06
5.9749e-07
1.76566e-07
5.07138e-08
1.41863e-08
3.87227e-09
1.03323e-09
2.69974e-10
6.91928e-11
1.74223e-11
4.31636e-12
1.05372e-12
2.53816e-13
6.04018e-14
1.42175e-14
3.31364e-15
7.65435e-16
1.75392e-16
3.98965e-17
9.01527e-18
2.02487e-18
4.52308e-19
1.00549e-19
2.22686e-20
4.9232e-21
1.08974e-21
2.40573e-22
5.58289e-23
1.2172e-23
3.66572e-24
4.83071e-25
6.66732e-23
6.49397e-22
3.85231e-21
2.20403e-20
1.25523e-19
7.11762e-19
4.01067e-18
2.24166e-17
1.24045e-16
6.78322e-16
3.65873e-15
1.94287e-14
1.01377e-13
5.18758e-13
2.598e-12
1.27073e-11
6.05722e-11
2.80749e-10
1.26232e-09
5.49241e-09
2.30661e-08
9.32433e-08
3.61769e-07
1.34294e-06
4.7534e-06
1.59797e-05
5.07786e-05
0.000151574
0.000421301
0.00107705
0.00249398
0.00510619
0.00917087
0.0147461
0.0216846
0.0297129
0.0385067
0.0477436
0.0571318
0.0664288
0.0754442
0.0840365
0.092108
0.0995971
0.10647
0.11271
0.118294
0.123167
0.127168
0.129728
0.130321
0.126869
0.114704
0.0960569
0.0771743
0.0601819
0.0456926
0.0337699
0.0232549
0.015015
0.00947259
0.00577305
0.00264562
0.00110713
0.000432724
0.000160261
5.66746e-05
1.92242e-05
6.27552e-06
1.97707e-06
6.02662e-07
1.78164e-07
5.11917e-08
1.43248e-08
3.9112e-09
1.04388e-09
2.72815e-10
6.99324e-11
1.76107e-11
4.36336e-12
1.06523e-12
2.56583e-13
6.10566e-14
1.43701e-14
3.3487e-15
7.73389e-16
1.77174e-16
4.02912e-17
9.10176e-18
2.04364e-18
4.56345e-19
1.01406e-19
2.24476e-20
4.95999e-21
1.09735e-21
2.43755e-22
5.44031e-23
1.20331e-23
3.46003e-24
5.9463e-25
6.3919e-23
6.55342e-22
3.8889e-21
2.22246e-20
1.26556e-19
7.1759e-19
4.0432e-18
2.25966e-17
1.25031e-16
6.83654e-16
3.68716e-15
1.95778e-14
1.02144e-13
5.22625e-13
2.61704e-12
1.27987e-11
6.09985e-11
2.82678e-10
1.27076e-09
5.52804e-09
2.32107e-08
9.38055e-08
3.63858e-07
1.35033e-06
4.77815e-06
1.60578e-05
5.10097e-05
0.000152208
0.000422892
0.00108063
0.00250098
0.00511736
0.00918623
0.0147649
0.0217054
0.0297344
0.0385278
0.0477627
0.0571483
0.0664425
0.0754548
0.0840439
0.0921124
0.0995989
0.106469
0.112707
0.11829
0.123162
0.127163
0.129725
0.130321
0.126879
0.114735
0.0960958
0.0772148
0.0602209
0.0457281
0.0338021
0.0232886
0.0150414
0.00949066
0.00578609
0.00265317
0.00111072
0.000434219
0.000160847
5.68941e-05
1.93035e-05
6.30309e-06
1.98631e-06
6.05651e-07
1.79097e-07
5.1473e-08
1.44069e-08
3.93447e-09
1.05029e-09
2.74534e-10
7.03822e-11
1.77257e-11
4.39219e-12
1.07231e-12
2.58292e-13
6.1462e-14
1.44648e-14
3.37051e-15
7.78345e-16
1.78286e-16
4.05379e-17
9.15586e-18
2.05537e-18
4.58856e-19
1.01939e-19
2.25598e-20
4.98274e-21
1.1011e-21
2.43313e-22
5.37141e-23
1.3365e-23
3.84493e-24
4.16886e-25
6.42176e-23
6.57827e-22
3.90392e-21
2.2309e-20
1.27028e-19
7.20209e-19
4.05773e-18
2.26767e-17
1.25468e-16
6.86015e-16
3.69972e-15
1.96436e-14
1.02483e-13
5.24327e-13
2.62541e-12
1.28388e-11
6.11855e-11
2.83523e-10
1.27446e-09
5.54363e-09
2.32739e-08
9.40513e-08
3.64771e-07
1.35356e-06
4.78895e-06
1.60919e-05
5.11106e-05
0.000152485
0.000423587
0.00108219
0.00250406
0.0051223
0.0091931
0.0147733
0.0217148
0.0297442
0.0385374
0.0477714
0.0571559
0.0664486
0.0754595
0.0840472
0.0921143
0.0995996
0.106469
0.112706
0.118288
0.123159
0.12716
0.129723
0.130321
0.126883
0.114749
0.0961137
0.0772336
0.0602392
0.0457448
0.0338174
0.0233044
0.0150537
0.00949932
0.00579238
0.00265677
0.00111241
0.000434922
0.00016112
5.69956e-05
1.93399e-05
6.31573e-06
1.99055e-06
6.07022e-07
1.79525e-07
5.16025e-08
1.44448e-08
3.94522e-09
1.05326e-09
2.75331e-10
7.05912e-11
1.77793e-11
4.40562e-12
1.07561e-12
2.5909e-13
6.16515e-14
1.45092e-14
3.38072e-15
7.80666e-16
1.78806e-16
4.06534e-17
9.1812e-18
2.06088e-18
4.60045e-19
1.02192e-19
2.26108e-20
4.99091e-21
1.09941e-21
2.40461e-22
6.48448e-23
1.35513e-23
3.89752e-24
5.09029e-25
7.65317e-23
6.47139e-22
3.90174e-21
2.23071e-20
1.27025e-19
7.20192e-19
4.05764e-18
2.26762e-17
1.25466e-16
6.86002e-16
3.69966e-15
1.96432e-14
1.02481e-13
5.24319e-13
2.62537e-12
1.28387e-11
6.11848e-11
2.8352e-10
1.27445e-09
5.54358e-09
2.32737e-08
9.40508e-08
3.64769e-07
1.35355e-06
4.78893e-06
1.60919e-05
5.11105e-05
0.000152485
0.000423586
0.00108219
0.00250406
0.00512228
0.00919305
0.0147732
0.0217147
0.0297441
0.0385372
0.0477712
0.0571556
0.0664484
0.0754592
0.0840469
0.0921141
0.0995993
0.106469
0.112706
0.118287
0.123159
0.12716
0.129723
0.130321
0.126883
0.114748
0.0961126
0.0772326
0.0602384
0.0457442
0.0338169
0.023304
0.0150534
0.00949918
0.0057923
0.00265675
0.00111241
0.000434922
0.00016112
5.69957e-05
1.934e-05
6.31576e-06
1.99056e-06
6.07027e-07
1.79527e-07
5.16032e-08
1.4445e-08
3.9453e-09
1.05329e-09
2.75338e-10
7.05933e-11
1.77799e-11
4.40577e-12
1.07565e-12
2.591e-13
6.16538e-14
1.45097e-14
3.38084e-15
7.8069e-16
1.78811e-16
4.06543e-17
9.18134e-18
2.0609e-18
4.60045e-19
1.02191e-19
2.261e-20
4.99025e-21
1.10015e-21
2.40848e-22
6.19298e-23
1.39675e-23
4.05944e-24
4.85274e-25
6.39645e-23
6.55227e-22
3.88864e-21
2.22228e-20
1.26545e-19
7.17513e-19
4.0428e-18
2.25949e-17
1.25022e-16
6.8361e-16
3.68693e-15
1.95766e-14
1.02139e-13
5.22599e-13
2.61692e-12
1.27982e-11
6.09964e-11
2.82669e-10
1.27073e-09
5.52793e-09
2.32103e-08
9.38047e-08
3.63856e-07
1.35033e-06
4.77816e-06
1.60579e-05
5.10101e-05
0.00015221
0.000422895
0.00108063
0.00250099
0.00511735
0.00918619
0.0147647
0.0217052
0.0297342
0.0385275
0.0477621
0.0571476
0.0664417
0.0754539
0.0840431
0.0921116
0.0995982
0.106469
0.112707
0.118289
0.123161
0.127163
0.129724
0.13032
0.126878
0.114731
0.0960919
0.0772115
0.0602184
0.0457262
0.0338007
0.0232872
0.0150405
0.00949033
0.00578596
0.00265312
0.0011107
0.000434218
0.000160849
5.68954e-05
1.93041e-05
6.30338e-06
1.98643e-06
6.05695e-07
1.79112e-07
5.1478e-08
1.44085e-08
3.93493e-09
1.05043e-09
2.74572e-10
7.03926e-11
1.77285e-11
4.39289e-12
1.07248e-12
2.58335e-13
6.14719e-14
1.44671e-14
3.37101e-15
7.78449e-16
1.78307e-16
4.05419e-17
9.15658e-18
2.05549e-18
4.58872e-19
1.01939e-19
2.25571e-20
4.98026e-21
1.09991e-21
2.44217e-22
5.50307e-23
1.26425e-23
3.86295e-24
4.03834e-25
6.33257e-23
6.49846e-22
3.85667e-21
2.2042e-20
1.25533e-19
7.11843e-19
4.01111e-18
2.24186e-17
1.24056e-16
6.78381e-16
3.65905e-15
1.94304e-14
1.01386e-13
5.18801e-13
2.5982e-12
1.27083e-11
6.05765e-11
2.80767e-10
1.2624e-09
5.49271e-09
2.30672e-08
9.32471e-08
3.61782e-07
1.34298e-06
4.7535e-06
1.59799e-05
5.0779e-05
0.000151575
0.000421299
0.00107704
0.00249395
0.00510609
0.00917065
0.0147457
0.021684
0.0297122
0.0385061
0.0477425
0.0571304
0.0664274
0.0754427
0.0840351
0.0921066
0.0995959
0.106469
0.112709
0.118293
0.123166
0.127167
0.129728
0.13032
0.126867
0.114697
0.0960502
0.0771685
0.0601773
0.045689
0.033767
0.0232527
0.015013
0.0094717
0.00577246
0.0026453
0.00110699
0.000432676
0.000160246
5.66695e-05
1.92227e-05
6.27514e-06
1.977e-06
6.02654e-07
1.78166e-07
5.11935e-08
1.43256e-08
3.91149e-09
1.04398e-09
2.72845e-10
6.99411e-11
1.76131e-11
4.36399e-12
1.06538e-12
2.56622e-13
6.10656e-14
1.43721e-14
3.34913e-15
7.73474e-16
1.77189e-16
4.02937e-17
9.10202e-18
2.04361e-18
4.56309e-19
1.01392e-19
2.2443e-20
4.95796e-21
1.0953e-21
2.4277e-22
5.5706e-23
1.29232e-23
3.78975e-24
6.16807e-25
6.24423e-23
6.40905e-22
3.80461e-21
2.17492e-20
1.23873e-19
7.02558e-19
3.95933e-18
2.21323e-17
1.22487e-16
6.69883e-16
3.61369e-15
1.91922e-14
1.00159e-13
5.12613e-13
2.56771e-12
1.25619e-11
5.98929e-11
2.77673e-10
1.24885e-09
5.43551e-09
2.2835e-08
9.23436e-08
3.58423e-07
1.33111e-06
4.71371e-06
1.58542e-05
5.04072e-05
0.000150555
0.000418743
0.00107131
0.00248273
0.00508825
0.00914617
0.0147159
0.021651
0.0296783
0.0384732
0.0477123
0.057104
0.0664055
0.0754257
0.0840228
0.0920989
0.0995924
0.106469
0.112712
0.118299
0.123173
0.127175
0.129733
0.130319
0.12685
0.114646
0.095987
0.077103
0.0601143
0.0456317
0.033715
0.0231993
0.0149725
0.00944354
0.00575167
0.00263307
0.00110104
0.000430117
0.000159218
5.62795e-05
1.90816e-05
6.22629e-06
1.96076e-06
5.9746e-07
1.76563e-07
5.07148e-08
1.41871e-08
3.87259e-09
1.03335e-09
2.70012e-10
6.9204e-11
1.74254e-11
4.31719e-12
1.05393e-12
2.53868e-13
6.04137e-14
1.42202e-14
3.31419e-15
7.65546e-16
1.75411e-16
3.98996e-17
9.01556e-18
2.02484e-18
4.52282e-19
1.00538e-19
2.22644e-20
4.92169e-21
1.08914e-21
2.41759e-22
5.31115e-23
1.2793e-23
3.65121e-24
4.82502e-25
6.12946e-23
6.29166e-22
3.73549e-21
2.13578e-20
1.21673e-19
6.90095e-19
3.88965e-18
2.17462e-17
1.20369e-16
6.58411e-16
3.55244e-15
1.88706e-14
9.85013e-14
5.04248e-13
2.52648e-12
1.23638e-11
5.89676e-11
2.73481e-10
1.23049e-09
5.35791e-09
2.25197e-08
9.11155e-08
3.53855e-07
1.31493e-06
4.65945e-06
1.56827e-05
4.98997e-05
0.000149163
0.000415254
0.00106348
0.00246743
0.00506393
0.00911282
0.0146754
0.021606
0.029632
0.0384285
0.0476711
0.0570681
0.0663757
0.0754025
0.0840062
0.0920885
0.0995876
0.106469
0.112716
0.118306
0.123183
0.127185
0.12974
0.130317
0.126828
0.114578
0.0959023
0.0770149
0.0600292
0.0455542
0.033644
0.0231259
0.0149155
0.00940467
0.00572328
0.00261636
0.00109273
0.000426451
0.000157729
5.57115e-05
1.88763e-05
6.15542e-06
1.93731e-06
5.89993e-07
1.74269e-07
5.00333e-08
1.39908e-08
3.81767e-09
1.01839e-09
2.66038e-10
6.81725e-11
1.71635e-11
4.25199e-12
1.038e-12
2.50042e-13
5.95096e-14
1.40096e-14
3.26583e-15
7.54578e-16
1.72953e-16
3.93546e-17
8.896e-18
1.99885e-18
4.46679e-19
9.93399e-20
2.2011e-20
4.86917e-21
1.07828e-21
2.39875e-22
5.46898e-23
1.1986e-23
3.54627e-24
4.76939e-25
6.00413e-23
6.15706e-22
3.65076e-21
2.08637e-20
1.18875e-19
6.7439e-19
3.80182e-18
2.12591e-17
1.17697e-16
6.43933e-16
3.47512e-15
1.84646e-14
9.64092e-14
4.93694e-13
2.47446e-12
1.2114e-11
5.78014e-11
2.68203e-10
1.20738e-09
5.26037e-09
2.21238e-08
8.95758e-08
3.48134e-07
1.2947e-06
4.59169e-06
1.54686e-05
4.92661e-05
0.000147422
0.000410879
0.00105363
0.00244806
0.00503298
0.0090702
0.0146234
0.0215483
0.0295726
0.0383709
0.0476182
0.0570219
0.0663374
0.0753726
0.0839846
0.0920749
0.0995813
0.106469
0.112722
0.118315
0.123194
0.127197
0.129748
0.130316
0.126801
0.114493
0.0957961
0.0769044
0.0599228
0.0454574
0.0335554
0.0230346
0.0148444
0.00935537
0.00568667
0.00259477
0.00108197
0.000421655
0.000155763
5.49581e-05
1.86033e-05
6.06129e-06
1.90623e-06
5.80133e-07
1.71251e-07
4.91396e-08
1.37342e-08
3.74604e-09
9.98924e-10
2.60877e-10
6.68352e-11
1.68243e-11
4.16763e-12
1.0174e-12
2.45098e-13
5.83413e-14
1.37376e-14
3.20333e-15
7.40399e-16
1.69774e-16
3.86496e-17
8.74124e-18
1.9652e-18
4.3943e-19
9.77942e-20
2.16862e-20
4.80234e-21
1.06573e-21
2.37714e-22
5.30933e-23
1.16903e-23
3.26831e-24
5.94585e-25
5.91769e-23
6.03595e-22
3.55584e-21
2.02734e-20
1.15466e-19
6.55307e-19
3.69501e-18
2.06661e-17
1.14438e-16
6.26253e-16
3.38057e-15
1.79673e-14
9.38425e-14
4.80721e-13
2.41041e-12
1.18057e-11
5.63588e-11
2.61655e-10
1.17863e-09
5.13862e-09
2.16279e-08
8.76393e-08
3.4091e-07
1.26906e-06
4.50543e-06
1.51953e-05
4.84559e-05
0.000145197
0.000405301
0.00104113
0.00242366
0.0049943
0.00901725
0.014559
0.0214771
0.0294993
0.0382999
0.047553
0.0569649
0.0662901
0.0753356
0.083958
0.092058
0.0995732
0.106469
0.112728
0.118326
0.123209
0.127212
0.129759
0.130314
0.126769
0.114391
0.0956692
0.0767727
0.0597968
0.0453443
0.033453
0.0229317
0.0147631
0.00929584
0.00563613
0.00256285
0.00106624
0.000414993
0.000153162
5.39919e-05
1.82591e-05
5.94356e-06
1.86753e-06
5.67879e-07
1.67506e-07
4.8032e-08
1.34164e-08
3.65741e-09
9.74847e-10
2.54495e-10
6.51818e-11
1.64049e-11
4.06335e-12
9.91939e-13
2.38984e-13
5.68961e-14
1.34009e-14
3.12593e-15
7.22825e-16
1.6583e-16
3.77739e-17
8.54876e-18
1.9233e-18
4.30387e-19
9.5859e-20
2.12762e-20
4.7167e-21
1.04728e-21
2.3379e-22
5.34901e-23
1.20888e-23
3.39944e-24
6.10119e-25
5.83282e-23
5.90836e-22
3.45242e-21
1.96145e-20
1.11609e-19
6.33141e-19
3.57005e-18
1.99708e-17
1.10617e-16
6.05528e-16
3.26982e-15
1.73854e-14
9.08425e-14
4.65582e-13
2.33579e-12
1.14474e-11
5.46864e-11
2.54088e-10
1.14553e-09
4.999e-09
2.10618e-08
8.54399e-08
3.32748e-07
1.24023e-06
4.40893e-06
1.48904e-05
4.75526e-05
0.000142709
0.000399015
0.00102687
0.00239539
0.00494872
0.00895406
0.0144817
0.0213911
0.0294106
0.0382139
0.0474741
0.0568959
0.0662328
0.0752908
0.0839255
0.0920372
0.0995631
0.106468
0.112735
0.118339
0.123225
0.127228
0.129771
0.130312
0.12673
0.114271
0.0955186
0.0766157
0.0596455
0.0452069
0.0333273
0.0228027
0.0146634
0.00922455
0.00558086
0.00252959
0.00104974
0.000407763
0.000150244
5.28838e-05
1.78594e-05
5.80587e-06
1.82206e-06
5.53435e-07
1.63079e-07
4.67194e-08
1.3039e-08
3.55199e-09
9.46168e-10
2.46884e-10
6.32076e-11
1.59036e-11
3.93855e-12
9.61432e-13
2.31651e-13
5.51607e-14
1.29961e-14
3.03276e-15
7.01644e-16
1.6107e-16
3.67154e-17
8.31573e-18
1.87247e-18
4.19399e-19
9.35063e-20
2.07787e-20
4.61394e-21
1.02729e-21
2.3006e-22
5.18632e-23
1.19349e-23
3.6384e-24
6.91843e-25
6.08694e-23
5.784e-22
3.33764e-21
1.88794e-20
1.07168e-19
6.07102e-19
3.42419e-18
1.91581e-17
1.06139e-16
5.81181e-16
3.13938e-15
1.66981e-14
8.72889e-14
4.47589e-13
2.24679e-12
1.10182e-11
5.2674e-11
2.44935e-10
1.10525e-09
4.828e-09
2.03635e-08
8.27053e-08
3.22518e-07
1.20382e-06
4.28617e-06
1.45007e-05
4.63957e-05
0.000139531
0.000391053
0.00100905
0.00236062
0.00489369
0.00887881
0.0143903
0.0212899
0.0293065
0.0381131
0.0473814
0.0568149
0.0661655
0.0752379
0.0838871
0.0920125
0.0995508
0.106466
0.112742
0.118354
0.123244
0.127248
0.129785
0.130309
0.126686
0.114131
0.0953437
0.0764325
0.0594677
0.0450437
0.0331797
0.0226455
0.0145421
0.00914151
0.00551923
0.00249316
0.00103146
0.000399579
0.000146878
5.15907e-05
1.73902e-05
5.64381e-06
1.76849e-06
5.36415e-07
1.57864e-07
4.51736e-08
1.25948e-08
3.42791e-09
9.12422e-10
2.37928e-10
6.08849e-11
1.53138e-11
3.79167e-12
9.25512e-13
2.23012e-13
5.31148e-14
1.25184e-14
2.92269e-15
6.76589e-16
1.55431e-16
3.54596e-17
8.03876e-18
1.81195e-18
4.06297e-19
9.06992e-20
2.01865e-20
4.49206e-21
1.00352e-21
2.24309e-22
5.21337e-23
1.4206e-23
3.99427e-24
5.56663e-25
6.16219e-23
5.77995e-22
3.29136e-21
1.84157e-20
1.03669e-19
5.83637e-19
3.27368e-18
1.82644e-17
1.01068e-16
5.53617e-16
2.99231e-15
1.59246e-14
8.32944e-14
4.27398e-13
2.14712e-12
1.05388e-11
5.0433e-11
2.34779e-10
1.06076e-09
4.64005e-09
1.96002e-08
7.97346e-08
3.11472e-07
1.16471e-06
4.15484e-06
1.40843e-05
4.51566e-05
0.000136101
0.000382339
0.000989165
0.00232099
0.00482962
0.00878992
0.0142815
0.0211691
0.0291822
0.0379929
0.0472712
0.0567187
0.0660856
0.0751753
0.0838415
0.0919829
0.0995357
0.106464
0.11275
0.118371
0.123266
0.127271
0.129802
0.130307
0.126635
0.113973
0.095145
0.0762242
0.0592663
0.0448604
0.0330165
0.0224738
0.0144098
0.00904845
0.00544221
0.0024457
0.00100829
0.000389732
0.000142997
5.01351e-05
1.68673e-05
5.46367e-06
1.70886e-06
5.17411e-07
1.52019e-07
4.34349e-08
1.20933e-08
3.2874e-09
8.74092e-10
2.27729e-10
5.82329e-11
1.46388e-11
3.62321e-12
8.84229e-13
2.13063e-13
5.07541e-14
1.19662e-14
2.79519e-15
6.4751e-16
1.48872e-16
3.39958e-17
7.71521e-18
1.7411e-18
3.90942e-19
8.743e-20
1.95179e-20
4.36733e-21
9.8371e-22
2.23161e-22
5.15036e-23
1.52613e-23
4.17517e-24
7.64275e-25
6.55325e-23
6.46138e-22
3.62569e-21
1.98677e-20
1.10167e-19
6.11271e-19
3.35214e-18
1.83455e-17
9.96623e-17
5.39639e-16
2.83269e-15
1.50385e-14
7.87654e-14
4.0444e-13
2.03335e-12
9.99001e-12
4.78597e-11
2.23076e-10
1.00928e-09
4.42159e-09
1.87088e-08
7.62477e-08
2.98445e-07
1.11841e-06
3.99901e-06
1.35902e-05
4.36904e-05
0.000132067
0.00037219
0.000966273
0.00227587
0.00475742
0.00869033
0.0141598
0.0210339
0.0290428
0.0378576
0.0471467
0.0566097
0.0659948
0.0751038
0.0837891
0.0919485
0.0995176
0.10646
0.112759
0.118389
0.12329
0.127296
0.12982
0.130304
0.126579
0.113796
0.0949218
0.0759893
0.0590377
0.0446508
0.0328266
0.0222714
0.0142527
0.00893698
0.00535665
0.00239482
0.000983069
0.00037862
0.000138484
4.84147e-05
1.62457e-05
5.24948e-06
1.63815e-06
4.94962e-07
1.45144e-07
4.1398e-08
1.15081e-08
3.12398e-09
8.29645e-10
2.15932e-10
5.51717e-11
1.38608e-11
3.42928e-12
8.36738e-13
2.01622e-13
4.80391e-14
1.13308e-14
2.64839e-15
6.13992e-16
1.41303e-16
3.23038e-17
7.34057e-18
1.65893e-18
3.73152e-19
8.36745e-20
1.87752e-20
4.24317e-21
9.68974e-22
2.22802e-22
5.05982e-23
1.28315e-23
3.77141e-24
4.80082e-25
9.53476e-23
1.07092e-21
5.36792e-21
2.93094e-20
1.55148e-19
9.49792e-19
3.82816e-18
2.20454e-17
1.29891e-16
7.69902e-16
3.17035e-15
1.51622e-14
7.31985e-14
3.7751e-13
1.90435e-12
9.36964e-12
4.49466e-11
2.09808e-10
9.50811e-10
4.17307e-09
1.76925e-08
7.2262e-08
2.83506e-07
1.0651e-06
3.8187e-06
1.30153e-05
4.19745e-05
0.000127319
0.000360177
0.000939044
0.00222197
0.00467104
0.00857115
0.0140144
0.0208728
0.0288772
0.0376977
0.0470002
0.0564818
0.0658885
0.0750201
0.0837276
0.0919078
0.0994955
0.106454
0.112766
0.118406
0.123316
0.127323
0.12984
0.130301
0.126518
0.113603
0.0946765
0.0757298
0.0587842
0.0444172
0.032612
0.0220501
0.0140801
0.00882049
0.0052597
0.00233581
0.000954488
0.00036645
0.000133663
4.65999e-05
1.55925e-05
5.02412e-06
1.56346e-06
4.71127e-07
1.37802e-07
3.92106e-08
1.08762e-08
2.94664e-09
7.81185e-10
2.03016e-10
5.18071e-11
1.30028e-11
3.2147e-12
7.84032e-13
1.88888e-13
4.5009e-14
1.06197e-14
2.48366e-15
5.76275e-16
1.3276e-16
3.03887e-17
6.91669e-18
1.5685e-18
3.56196e-19
8.07646e-20
1.849e-20
4.26552e-21
9.90794e-22
2.27754e-22
5.41341e-23
1.57071e-23
4.26698e-24
6.908e-25
1.1334e-22
7.20244e-22
4.21567e-21
2.27429e-20
1.23693e-19
6.86773e-19
3.79849e-18
2.1547e-17
1.21599e-16
6.61556e-16
3.30477e-15
1.63629e-14
6.71492e-14
3.49656e-13
1.7675e-12
8.71022e-12
4.18624e-11
1.95821e-10
8.89498e-10
3.914e-09
1.66405e-08
6.81692e-08
2.68294e-07
1.01126e-06
3.63774e-06
1.244e-05
4.02541e-05
0.000122517
0.000347842
0.000910508
0.00216422
0.00457653
0.00843935
0.0138531
0.0206943
0.0286944
0.0375216
0.0468391
0.0563414
0.0657717
0.0749279
0.0836595
0.0918622
0.0994701
0.106446
0.112773
0.118424
0.12334
0.127351
0.12986
0.130299
0.126455
0.113399
0.0944169
0.0754534
0.0585127
0.0441658
0.0323773
0.021823
0.0138977
0.00867534
0.00513871
0.00226421
0.000920586
0.00035213
0.000127985
4.44564e-05
1.48205e-05
4.7583e-06
1.47571e-06
4.43271e-07
1.29272e-07
3.66834e-08
1.01501e-08
2.74386e-09
7.26016e-10
1.88365e-10
4.80022e-11
1.20348e-11
2.97307e-12
7.24754e-13
1.74577e-13
4.16044e-14
9.82085e-15
2.29876e-15
5.34121e-16
1.23393e-16
2.83295e-17
6.3486e-18
1.63411e-18
4.56552e-19
9.84523e-20
2.54113e-20
5.56421e-21
1.21141e-21
2.66286e-22
6.1276e-23
1.66453e-23
4.32384e-24
6.89696e-25
9.38715e-23
5.84352e-22
3.49746e-21
1.97635e-20
1.11677e-19
6.36304e-19
3.61362e-18
2.02891e-17
1.12325e-16
6.16829e-16
3.39603e-15
1.90817e-14
7.67705e-14
3.12765e-13
1.59964e-12
7.9357e-12
3.82244e-11
1.79122e-10
8.15232e-10
3.5951e-09
1.53225e-08
6.29461e-08
2.48531e-07
9.40206e-07
3.39641e-06
1.16706e-05
3.79691e-05
0.000116258
0.000332236
0.000875719
0.0020964
0.00446961
0.0082931
0.0136749
0.0204958
0.0284889
0.0373215
0.0466551
0.0561807
0.0656382
0.0748226
0.0835815
0.0918093
0.0994396
0.106435
0.112778
0.118442
0.123367
0.127381
0.129882
0.130298
0.12639
0.113192
0.0941454
0.0751566
0.0582116
0.0438747
0.0320862
0.0215583
0.013685
0.00853392
0.00500601
0.0021856
0.000883837
0.00033671
0.000121878
4.21507e-05
1.39895e-05
4.47197e-06
1.38112e-06
4.13213e-07
1.20058e-07
3.39516e-08
9.36458e-09
2.52427e-09
6.66224e-10
1.72472e-10
4.38713e-11
1.09829e-11
2.7102e-12
6.60197e-13
1.58974e-13
3.78873e-14
8.93947e-15
2.07901e-15
4.79872e-16
1.33167e-16
3.68483e-17
7.5742e-18
1.65515e-18
3.7495e-19
8.48878e-20
1.91816e-20
4.51665e-21
1.36988e-21
2.87479e-22
6.43098e-23
1.94989e-23
4.14575e-24
8.26505e-25
7.62945e-23
5.10654e-22
3.11647e-21
1.79109e-20
1.02579e-19
5.87167e-19
3.34505e-18
1.88885e-17
1.05366e-16
5.78819e-16
3.0863e-15
1.56611e-14
7.66532e-14
2.84567e-13
1.44486e-12
7.18808e-12
3.4746e-11
1.63438e-10
7.46894e-10
3.30819e-09
1.41646e-08
5.84632e-08
2.3191e-07
8.81296e-07
3.19721e-06
1.10299e-05
3.6018e-05
0.00011068
0.000317481
0.000840452
0.00202267
0.00434581
0.00811771
0.0134596
0.0202594
0.0282503
0.0370961
0.0464531
0.0560071
0.0654956
0.074711
0.0834991
0.0917531
0.0994062
0.106421
0.112779
0.118456
0.123389
0.127406
0.129904
0.130298
0.126333
0.112996
0.0938796
0.0748625
0.0579139
0.043596
0.0318305
0.0213064
0.013495
0.00838395
0.00485858
0.00209994
0.000844419
0.000320308
0.000115428
3.97324e-05
1.31232e-05
4.17451e-06
1.28295e-06
3.81988e-07
1.10464e-07
3.10978e-08
8.54122e-09
2.29338e-09
6.03168e-10
1.55669e-10
3.94936e-11
9.86576e-12
2.43049e-12
5.91352e-13
1.42271e-13
3.38723e-14
7.98547e-15
1.87418e-15
4.88624e-16
1.56981e-16
3.40302e-17
7.53165e-18
1.69478e-18
3.83389e-19
8.68122e-20
1.96099e-20
4.42463e-21
1.03214e-21
2.70441e-22
8.09487e-23
2.06859e-23
4.3771e-24
8.83514e-25
6.15564e-23
4.50119e-22
2.77078e-21
1.6029e-20
9.18669e-20
5.22319e-19
2.93855e-18
1.63434e-17
8.98594e-17
4.88813e-16
2.6253e-15
1.39432e-14
7.49491e-14
2.84752e-13
1.24523e-12
6.26389e-12
3.04053e-11
1.43345e-10
6.56723e-10
2.9177e-09
1.25391e-08
5.19859e-08
2.07312e-07
7.92699e-07
2.89617e-06
1.00708e-05
3.31749e-05
0.000102916
0.00029822
0.000797815
0.00194018
0.00421769
0.00794699
0.0132569
0.0200378
0.028021
0.0368657
0.0462223
0.0558225
0.0653489
0.0745974
0.0834146
0.0916942
0.0993691
0.106402
0.112775
0.118463
0.123403
0.127424
0.12992
0.130304
0.126307
0.112891
0.0937168
0.0746456
0.0576586
0.0433265
0.0315488
0.0210339
0.0132957
0.00823604
0.0047051
0.00201148
0.000803334
0.000302625
0.000108191
3.69278e-05
1.20952e-05
3.81699e-06
1.16444e-06
3.44382e-07
9.89903e-08
2.77193e-08
7.57776e-09
2.02646e-09
5.31123e-10
1.36677e-10
3.45931e-11
8.62556e-12
2.12209e-12
5.15822e-13
1.23918e-13
2.93148e-14
6.88093e-15
2.10089e-15
5.6181e-16
1.30801e-16
3.05455e-17
7.06072e-18
1.62118e-18
3.6988e-19
8.39266e-20
1.89621e-20
4.27128e-21
9.6638e-22
2.23796e-22
5.39946e-23
1.62047e-23
3.40386e-24
7.1902e-25
3.9934e-23
3.77169e-22
2.29832e-21
1.33005e-20
7.61608e-20
4.32761e-19
2.4373e-18
1.36124e-17
7.56296e-17
4.18804e-16
2.30777e-15
1.24478e-14
6.28452e-14
2.90653e-13
1.09037e-12
5.46944e-12
2.67686e-11
1.27019e-10
5.85486e-10
2.61726e-09
1.13176e-08
4.72102e-08
1.89411e-07
7.28576e-07
2.67746e-06
9.3634e-06
3.10156e-05
9.67402e-05
0.000281861
0.000758504
0.00185711
0.00407009
0.00773451
0.0129924
0.0197458
0.0277295
0.0366016
0.0460116
0.0556315
0.0651921
0.074477
0.0833273
0.0916341
0.09933
0.10638
0.112766
0.118463
0.12341
0.127436
0.129935
0.13032
0.126318
0.112882
0.0936645
0.0745501
0.057523
0.0431612
0.0313452
0.0208189
0.0130878
0.00807094
0.00451912
0.00190952
0.000758271
0.000284172
0.000101023
3.42801e-05
1.11609e-05
3.5006e-06
1.0612e-06
3.1183e-07
8.90492e-08
2.4773e-08
6.72885e-09
1.78827e-09
4.65945e-10
1.19255e-10
3.00374e-11
7.45828e-12
1.82846e-12
4.43058e-13
1.05924e-13
2.48132e-14
6.61e-15
2.12442e-15
4.78932e-16
1.1064e-16
2.58776e-17
6.04183e-18
1.40093e-18
3.22197e-19
7.35959e-20
1.6737e-20
3.79394e-21
8.5505e-22
1.93171e-22
4.54454e-23
1.26159e-23
2.91907e-24
5.67445e-25
3.27764e-23
3.08848e-22
1.86649e-21
1.08383e-20
6.21924e-20
3.54896e-19
2.01805e-18
1.14552e-17
6.50034e-17
3.68416e-16
2.06938e-15
1.12411e-14
5.61619e-14
2.59211e-13
9.12824e-13
4.45208e-12
2.18714e-11
1.04266e-10
4.8321e-10
2.17396e-09
9.47103e-09
3.98421e-08
1.61349e-07
6.26976e-07
2.32944e-06
8.24213e-06
2.76437e-05
8.73743e-05
0.000258192
0.000705253
0.00175339
0.00389973
0.00751429
0.0127452
0.0194982
0.0275027
0.0364098
0.0458665
0.0555098
0.0650973
0.0744077
0.0832802
0.0916057
0.0993156
0.106372
0.11276
0.118458
0.123406
0.127435
0.129944
0.130346
0.126378
0.113005
0.093768
0.0746018
0.0575113
0.0430919
0.0312214
0.0206747
0.01296
0.00796419
0.00433751
0.00181132
0.000712671
0.000263813
9.24662e-05
3.09238e-05
9.92601e-06
3.0712e-06
9.19184e-07
2.66912e-07
7.54029e-08
2.07752e-08
5.59556e-09
1.47645e-09
3.8243e-10
9.74243e-11
2.44534e-11
6.05723e-12
1.48262e-12
3.58588e-13
8.54432e-14
2.04637e-14
6.75591e-15
1.63848e-15
3.9044e-16
9.18668e-17
2.1362e-17
4.94211e-18
1.14099e-18
2.62801e-19
6.03347e-20
1.38004e-20
3.14315e-21
7.11202e-22
1.60156e-22
3.73121e-23
1.00566e-23
2.4987e-24
3.19323e-25
2.70505e-23
2.42546e-22
1.50451e-21
8.77417e-21
5.05858e-20
2.89832e-19
1.65019e-18
9.32111e-18
5.21194e-17
2.87897e-16
1.56826e-15
8.38952e-15
4.35642e-14
2.22196e-13
7.82943e-13
3.74999e-12
1.85587e-11
8.90756e-11
4.15551e-10
1.88247e-09
8.26082e-09
3.50188e-08
1.42962e-07
5.60205e-07
2.09952e-06
7.49543e-06
2.53711e-05
8.09464e-05
0.000241505
0.000666232
0.00167341
0.00376064
0.00732237
0.0125135
0.0192412
0.0272417
0.0361672
0.0456485
0.0553584
0.0650058
0.0743659
0.083273
0.0916165
0.0993319
0.106386
0.112767
0.118455
0.123395
0.127424
0.129949
0.130393
0.126525
0.113347
0.0940951
0.0748303
0.05762
0.0430826
0.031079
0.020437
0.012717
0.00777253
0.00417208
0.00171789
0.000668492
0.000245055
8.50949e-05
2.81983e-05
8.96875e-06
2.74997e-06
8.15754e-07
2.34846e-07
6.57996e-08
1.79885e-08
4.80977e-09
1.26055e-09
3.24482e-10
8.21942e-11
2.05251e-11
5.06099e-12
1.23366e-12
2.96884e-13
7.01531e-14
1.79446e-14
6.0664e-15
1.38279e-15
3.23175e-16
7.57147e-17
1.76372e-17
4.08225e-18
9.40832e-19
2.16295e-19
4.96276e-20
1.13594e-20
2.59193e-21
5.89575e-22
1.32771e-22
3.13866e-23
8.48709e-24
2.4242e-24
4.39231e-25
1.86713e-23
1.74999e-22
1.07701e-21
6.17961e-21
3.5162e-20
1.99158e-19
1.12277e-18
6.29486e-18
3.5063e-17
1.9384e-16
1.06098e-15
5.70367e-15
2.96391e-14
1.47721e-13
7.13428e-13
2.56867e-12
1.26599e-11
6.15226e-11
2.90338e-10
1.33164e-09
5.92549e-09
2.55105e-08
1.05938e-07
4.22938e-07
1.61735e-06
5.90019e-06
2.04364e-05
6.68158e-05
0.000204585
0.000580117
0.00149951
0.00346673
0.00694401
0.0121045
0.0188724
0.0269615
0.0359932
0.0455786
0.0553528
0.0650411
0.0744239
0.0833407
0.0916842
0.0993911
0.10643
0.112792
0.11846
0.123385
0.127408
0.129956
0.130468
0.126767
0.113945
0.0947344
0.075358
0.0579729
0.0432573
0.0311123
0.0203541
0.0125716
0.00764235
0.00392113
0.00157326
0.000595325
0.000211596
7.12612e-05
2.29382e-05
7.10025e-06
2.1229e-06
6.15318e-07
1.73441e-07
4.76776e-08
1.28145e-08
3.37536e-09
8.73166e-10
2.22271e-10
5.57791e-11
1.3823e-11
3.38749e-12
8.21063e-13
1.96528e-13
4.76842e-14
1.61281e-14
3.97025e-15
9.59339e-16
2.28583e-16
5.37493e-17
1.25648e-17
2.93269e-18
6.84202e-19
1.59503e-19
3.71249e-20
8.61926e-21
1.99399e-21
4.58471e-22
1.05428e-22
2.61894e-23
7.52807e-24
1.81107e-24
3.09693e-25
)
;

boundaryField
{
    fuel
    {
        type            fixedValue;
        value           uniform 0;
    }
    air
    {
        type            fixedValue;
        value           uniform 0;
    }
    outlet
    {
        type            inletOutlet;
        inletValue      uniform 0;
        value           nonuniform List<scalar> 
200
(
2.01675e-23
1.7934e-22
1.07244e-21
6.18943e-21
3.52472e-20
1.99571e-19
1.12432e-18
6.29733e-18
3.50208e-17
1.93009e-16
1.05023e-15
5.5981e-15
2.89377e-14
1.45493e-13
7.13642e-13
2.57037e-12
1.26624e-11
6.15316e-11
2.90394e-10
1.33196e-09
5.92707e-09
2.55184e-08
1.05976e-07
4.23111e-07
1.61809e-06
5.90313e-06
2.04475e-05
6.68546e-05
0.000204711
0.000580484
0.00150046
0.00346882
0.0069478
0.0121104
0.0188804
0.0269715
0.0360046
0.0455909
0.0553671
0.0650567
0.0744404
0.0833574
0.0917004
0.0994059
0.106443
0.112803
0.118469
0.123392
0.127415
0.129964
0.130481
0.126796
0.114013
0.0948042
0.0754176
0.0580193
0.0432909
0.0311376
0.0203724
0.0125833
0.00764751
0.00392433
0.00157475
0.000595814
0.000211773
7.13248e-05
2.2959e-05
7.10642e-06
2.12455e-06
6.15715e-07
1.73526e-07
4.76933e-08
1.28166e-08
3.37536e-09
8.7303e-10
2.22205e-10
5.57557e-11
1.38158e-11
3.38551e-12
8.20556e-13
1.96406e-13
4.76522e-14
1.61167e-14
3.97048e-15
9.59508e-16
2.28615e-16
5.37739e-17
1.25762e-17
2.93653e-18
6.85388e-19
1.59865e-19
3.72337e-20
8.65108e-21
2.00266e-21
4.6082e-22
1.05906e-22
2.5422e-23
6.58772e-24
2.00896e-24
3.26744e-25
1.86713e-23
1.74999e-22
1.07701e-21
6.17961e-21
3.5162e-20
1.99158e-19
1.12277e-18
6.29486e-18
3.5063e-17
1.9384e-16
1.06098e-15
5.70367e-15
2.96391e-14
1.47721e-13
7.13428e-13
2.56867e-12
1.26599e-11
6.15226e-11
2.90338e-10
1.33164e-09
5.92549e-09
2.55105e-08
1.05938e-07
4.22938e-07
1.61735e-06
5.90019e-06
2.04364e-05
6.68158e-05
0.000204585
0.000580117
0.00149951
0.00346673
0.00694401
0.0121045
0.0188724
0.0269615
0.0359932
0.0455786
0.0553528
0.0650411
0.0744239
0.0833407
0.0916842
0.0993911
0.10643
0.112792
0.11846
0.123385
0.127408
0.129956
0.130468
0.126767
0.113945
0.0947344
0.075358
0.0579729
0.0432573
0.0311123
0.0203541
0.0125716
0.00764235
0.00392113
0.00157326
0.000595325
0.000211596
7.12612e-05
2.29382e-05
7.10025e-06
2.1229e-06
6.15318e-07
1.73441e-07
4.76776e-08
1.28145e-08
3.37536e-09
8.73166e-10
2.22271e-10
5.57791e-11
1.3823e-11
3.38749e-12
8.21063e-13
1.96528e-13
4.76842e-14
1.61281e-14
3.97025e-15
9.59339e-16
2.28583e-16
5.37493e-17
1.25648e-17
2.93269e-18
6.84202e-19
1.59503e-19
3.71249e-20
8.61926e-21
1.99399e-21
4.58471e-22
1.05428e-22
2.61894e-23
7.52807e-24
1.81107e-24
3.09693e-25
)
;
    }
    frontAndBack
    {
        type            empty;
    }
}


// ************************************************************************* //
