/*--------------------------------*- C++ -*----------------------------------*\
  =========                 |
  \\      /  F ield         | OpenFOAM: The Open Source CFD Toolbox
   \\    /   O peration     | Website:  https://openfoam.org
    \\  /    A nd           | Version:  11
     \\/     M anipulation  |
\*---------------------------------------------------------------------------*/
FoamFile
{
    format      ascii;
    class       volScalarField;
    location    "0.05";
    object      H2O;
}
// * * * * * * * * * * * * * * * * * * * * * * * * * * * * * * * * * * * * * //

dimensions      [0 0 0 0 0 0 0];

internalField   nonuniform List<scalar> 
4000
(
1.65109e-23
1.46824e-22
8.78001e-22
5.06723e-21
2.88566e-20
1.63387e-19
9.20471e-19
5.15556e-18
2.86712e-17
1.58015e-16
8.59815e-16
4.58312e-15
2.3691e-14
1.19114e-13
5.84253e-13
2.10434e-12
1.03666e-11
5.03754e-11
2.37743e-10
1.09046e-09
4.85244e-09
2.08917e-08
8.67619e-08
3.46397e-07
1.32471e-06
4.83284e-06
1.67402e-05
5.47333e-05
0.000167595
0.000475237
0.00122841
0.00283989
0.0056881
0.00991467
0.0154572
0.0220813
0.0294767
0.0373248
0.0453286
0.0532614
0.0609437
0.068244
0.0750743
0.0813828
0.0871442
0.0923507
0.0969896
0.10102
0.104314
0.1064
0.106823
0.103807
0.0933412
0.0776154
0.0617438
0.0474999
0.0354419
0.0254921
0.0166787
0.0103018
0.00626095
0.00321281
0.00128923
0.000487788
0.000173377
5.8393e-05
1.87964e-05
5.81796e-06
1.73935e-06
5.04081e-07
1.42065e-07
3.90461e-08
1.04928e-08
2.76338e-09
7.14742e-10
1.81917e-10
4.56467e-11
1.13109e-11
2.77169e-12
6.71782e-13
1.60796e-13
3.90124e-14
1.31946e-14
3.2506e-15
7.8554e-16
1.87165e-16
4.40242e-17
1.0296e-17
2.40411e-18
5.61121e-19
1.3088e-19
3.04829e-20
7.08257e-21
1.63956e-21
3.7727e-22
8.67046e-23
2.08127e-23
5.39331e-24
1.64472e-24
2.67502e-25
3.20025e-23
1.98127e-22
1.23574e-21
7.22692e-21
4.16721e-20
2.38677e-19
1.35789e-18
7.66181e-18
4.27887e-17
2.3609e-16
1.28561e-15
6.88461e-15
3.57552e-14
1.81406e-13
6.39391e-13
3.07143e-12
1.51974e-11
7.29364e-11
3.40265e-10
1.54147e-09
6.76471e-09
2.86774e-08
1.17077e-07
4.58787e-07
1.71949e-06
6.13894e-06
2.07803e-05
6.63016e-05
0.000197817
0.000545721
0.00137072
0.00308034
0.00599749
0.010249
0.0157585
0.0223101
0.0296189
0.0373819
0.0453323
0.0532317
0.0608951
0.0681874
0.0750178
0.0813336
0.0871076
0.0923298
0.0969851
0.101029
0.104326
0.106394
0.106761
0.103604
0.0928406
0.0770804
0.0613018
0.0472034
0.0352941
0.0254614
0.0167444
0.0104199
0.00636676
0.00341725
0.00140734
0.000547539
0.000200713
6.97019e-05
2.30985e-05
7.34669e-06
2.25249e-06
6.6812e-07
1.92321e-07
5.38775e-08
1.47271e-08
3.93718e-09
1.03172e-09
2.65543e-10
6.72566e-11
1.67934e-11
4.14055e-12
1.00927e-12
2.42887e-13
5.73964e-14
1.46685e-14
4.95178e-15
1.13065e-15
2.64729e-16
6.21277e-17
1.44848e-17
3.3531e-18
7.72704e-19
1.77647e-19
4.07722e-20
9.33728e-21
2.13138e-21
4.83591e-22
1.09891e-22
2.62355e-23
6.59586e-24
1.7071e-24
2.70012e-25
2.45415e-23
2.53804e-22
1.54224e-21
8.94338e-21
5.13114e-20
2.92671e-19
1.66256e-18
9.42327e-18
5.33683e-17
3.01672e-16
1.6876e-15
9.11484e-15
4.54082e-14
2.11504e-13
7.4659e-13
3.64638e-12
1.79094e-11
8.53758e-11
3.95676e-10
1.7802e-09
7.75585e-09
3.2628e-08
1.32139e-07
5.1349e-07
1.90787e-06
6.75077e-06
2.26426e-05
7.15693e-05
0.000211494
0.000577703
0.00143627
0.00319433
0.00615478
0.0104388
0.0159692
0.0225245
0.0298189
0.0375629
0.0454577
0.0533062
0.0609283
0.0681919
0.0750076
0.0813191
0.0870951
0.0923239
0.0969876
0.101038
0.104335
0.106389
0.106721
0.103481
0.0925527
0.0768046
0.0611082
0.0471097
0.0352979
0.0255754
0.016937
0.0106174
0.00652328
0.00355285
0.00148397
0.000583774
0.000216084
7.57389e-05
2.53304e-05
8.13061e-06
2.51556e-06
7.52822e-07
2.1858e-07
6.1741e-08
1.70087e-08
4.58048e-09
1.20845e-09
3.12973e-10
7.97212e-11
2.0008e-11
4.95576e-12
1.21299e-12
2.93393e-13
6.99095e-14
1.67192e-14
5.49606e-15
1.33535e-15
3.20483e-16
7.58091e-17
1.76659e-17
4.08532e-18
9.41499e-19
2.16448e-19
4.96331e-20
1.13464e-20
2.58321e-21
5.84394e-22
1.30586e-22
3.36219e-23
7.88539e-24
2.03771e-24
2.64137e-25
3.69926e-23
3.04703e-22
1.87511e-21
1.08869e-20
6.23845e-20
3.5462e-19
1.99693e-18
1.11551e-17
6.19377e-17
3.41817e-16
1.86418e-15
9.86152e-15
4.95215e-14
2.38775e-13
8.94194e-13
4.47874e-12
2.19184e-11
1.04007e-10
4.79429e-10
2.14321e-09
9.26797e-09
3.86614e-08
1.55117e-07
5.9668e-07
2.19282e-06
7.66877e-06
2.5403e-05
7.9236e-05
0.000230865
0.000621277
0.00152112
0.00333363
0.00633475
0.0106406
0.016171
0.0227085
0.0299734
0.0376784
0.0455543
0.053382
0.0609838
0.0682295
0.0750299
0.0813299
0.0871009
0.092328
0.0969913
0.101041
0.104336
0.106382
0.106699
0.10343
0.0924464
0.0767149
0.0610623
0.0471165
0.0353532
0.0256752
0.0170539
0.0107212
0.00661102
0.00370176
0.0015645
0.000621148
0.000232756
8.27431e-05
2.80772e-05
9.14117e-06
2.86695e-06
8.69041e-07
2.55338e-07
7.29084e-08
2.02803e-08
5.50784e-09
1.4636e-09
3.81303e-10
9.75818e-11
2.45762e-11
6.10185e-12
1.49585e-12
3.62465e-13
8.66764e-14
2.02995e-14
5.37453e-15
1.73506e-15
4.01003e-16
9.31487e-17
2.17106e-17
5.0384e-18
1.16152e-18
2.6582e-19
6.05007e-20
1.37253e-20
3.10271e-21
6.9911e-22
1.56652e-22
3.66935e-23
1.03653e-23
2.43827e-24
3.39246e-25
4.98594e-23
3.66727e-22
2.25614e-21
1.30569e-20
7.48759e-20
4.26143e-19
2.40128e-18
1.33787e-17
7.37591e-17
4.02933e-16
2.17488e-15
1.15322e-14
6.11689e-14
2.31332e-13
1.02056e-12
5.13001e-12
2.48966e-11
1.17376e-10
5.3776e-10
2.38923e-09
1.02682e-08
4.25721e-08
1.69776e-07
6.49192e-07
2.37192e-06
8.2481e-06
2.71714e-05
8.4294e-05
0.000244262
0.000653469
0.00158914
0.00345445
0.00650862
0.010857
0.0164098
0.0229467
0.0301888
0.0378502
0.0457101
0.0535099
0.0610817
0.0683003
0.0750784
0.0813612
0.0871183
0.0923349
0.0969905
0.101034
0.104325
0.106369
0.106685
0.103419
0.0924507
0.0767548
0.0611408
0.047225
0.0354859
0.0258401
0.0172285
0.01089
0.00674459
0.00385324
0.0016477
0.000657986
0.000247848
8.86069e-05
3.02437e-05
9.9057e-06
3.12588e-06
9.5353e-07
2.81976e-07
8.1043e-08
2.2691e-08
6.20237e-09
1.65845e-09
4.34622e-10
1.11833e-10
2.83025e-11
7.0566e-12
1.73601e-12
4.21951e-13
1.01371e-13
2.40261e-14
5.64529e-15
1.63893e-15
5.04861e-16
1.1185e-16
2.55144e-17
5.86883e-18
1.34358e-18
3.04849e-19
6.86936e-20
1.54258e-20
3.46396e-21
7.81988e-22
1.80287e-22
4.25951e-23
1.35733e-23
2.76671e-24
5.32956e-25
6.23324e-23
4.1499e-22
2.53601e-21
1.4595e-20
8.36035e-20
4.78391e-19
2.72657e-18
1.54233e-17
8.64938e-17
4.81277e-16
2.61622e-15
1.32984e-14
6.23106e-14
2.33021e-13
1.18328e-12
5.88535e-12
2.84506e-11
1.33829e-10
6.11597e-10
2.70898e-09
1.15992e-08
4.78757e-08
1.89917e-07
7.21731e-07
2.6184e-06
9.0333e-06
2.94988e-05
9.06488e-05
0.000260027
0.000688361
0.00165663
0.00355926
0.00664825
0.0110228
0.0165911
0.0231346
0.0303779
0.0380393
0.0458615
0.0536298
0.0611743
0.0683688
0.0751259
0.0813908
0.0871329
0.0923375
0.0969842
0.101022
0.10431
0.106355
0.106679
0.103439
0.0925333
0.0768822
0.0613061
0.0474298
0.0357043
0.026069
0.0174506
0.0110529
0.006865
0.00397858
0.00171992
0.000691561
0.000262305
9.45255e-05
3.25381e-05
1.07469e-05
3.41844e-06
1.05051e-06
3.1275e-07
9.04318e-08
2.54555e-08
6.99072e-09
1.87685e-09
4.93565e-10
1.2737e-10
3.23113e-11
8.07108e-12
1.98828e-12
4.83754e-13
1.16389e-13
2.77152e-14
6.54302e-15
1.54416e-15
3.77997e-16
1.24083e-16
2.79667e-17
6.35826e-18
1.4373e-18
3.21852e-19
7.1811e-20
1.60085e-20
3.57903e-21
8.4131e-22
2.33675e-22
5.7513e-23
1.46864e-23
4.04317e-24
6.6741e-25
7.67585e-23
4.76961e-22
2.84202e-21
1.603e-20
9.04081e-20
5.14103e-19
2.91518e-18
1.63917e-17
9.1231e-17
5.04594e-16
2.78178e-15
1.53741e-14
5.99284e-14
2.57498e-13
1.31172e-12
6.49839e-12
3.12986e-11
1.46669e-10
6.67543e-10
2.94386e-09
1.25471e-08
5.15457e-08
2.03523e-07
7.69956e-07
2.78146e-06
9.55778e-06
3.10959e-05
9.52147e-05
0.000272104
0.000717226
0.00171697
0.00366054
0.00679169
0.0111988
0.0167843
0.0233294
0.0305618
0.0382039
0.0460029
0.0537458
0.061265
0.0684355
0.0751711
0.0814174
0.087144
0.0923359
0.0969725
0.101004
0.104289
0.106337
0.106679
0.103484
0.0926894
0.0770974
0.0615487
0.0476724
0.0359315
0.0262777
0.017657
0.0112091
0.00698916
0.00409956
0.00179008
0.000723857
0.000275738
9.98063e-05
3.45176e-05
1.1456e-05
3.66193e-06
1.13086e-06
3.38307e-07
9.82839e-08
2.77908e-08
7.66446e-09
2.06577e-09
5.45155e-10
1.41117e-10
3.58927e-11
8.98493e-12
2.21708e-12
5.40066e-13
1.30048e-13
3.09932e-14
7.31028e-15
1.69663e-15
3.98734e-16
1.10773e-16
2.99308e-17
6.1509e-18
1.35037e-18
3.05553e-19
6.91268e-20
1.55986e-20
3.64598e-21
1.11206e-21
2.37018e-22
5.27703e-23
1.5894e-23
3.42946e-24
6.94692e-25
9.19712e-23
5.8337e-22
3.40964e-21
1.83485e-20
9.95336e-20
5.51952e-19
3.05711e-18
1.74303e-17
9.95625e-17
5.58886e-16
2.94195e-15
1.34697e-14
5.63689e-14
2.85267e-13
1.44628e-12
7.13146e-12
3.4277e-11
1.60341e-10
7.28344e-10
3.20494e-09
1.36261e-08
5.58216e-08
2.19702e-07
8.28117e-07
2.979e-06
1.01876e-05
3.2966e-05
0.000100337
0.000284874
0.000745686
0.00177243
0.00374796
0.00691123
0.0113444
0.0169463
0.0234968
0.0307244
0.0383534
0.0461333
0.0538541
0.0613503
0.0684987
0.0752138
0.0814418
0.0871527
0.0923314
0.0969576
0.100982
0.104265
0.106319
0.10668
0.103537
0.0928589
0.0773189
0.0617908
0.0479178
0.0361684
0.0265143
0.0178711
0.0113805
0.00710582
0.00420849
0.00185448
0.000753966
0.000288369
0.000104806
3.64051e-05
1.21362e-05
3.8963e-06
1.20829e-06
3.6291e-07
1.05825e-07
3.00268e-08
8.30737e-09
2.24547e-09
5.94084e-10
1.54121e-10
3.92727e-11
9.84559e-12
2.43215e-12
5.92881e-13
1.42813e-13
3.40356e-14
8.03473e-15
1.8809e-15
4.37107e-16
1.01053e-16
2.32011e-17
5.20826e-18
1.34269e-18
3.45828e-19
7.9026e-20
2.05992e-20
4.51058e-21
9.82478e-22
2.1833e-22
4.88342e-23
1.34635e-23
3.174e-24
6.28719e-25
7.90575e-23
8.75659e-22
4.39655e-21
2.40281e-20
1.27286e-19
7.7894e-19
3.12696e-18
1.77423e-17
1.00219e-16
5.34705e-16
2.80073e-15
1.23113e-14
5.96542e-14
3.09319e-13
1.55946e-12
7.67172e-12
3.68016e-11
1.71789e-10
7.78527e-10
3.41697e-09
1.44871e-08
5.9171e-08
2.3215e-07
8.72182e-07
3.12708e-06
1.06582e-05
3.43737e-05
0.000104265
0.000294964
0.000769028
0.00181967
0.00382524
0.00701899
0.0114763
0.0170922
0.0236463
0.0308683
0.0384849
0.0462478
0.0539492
0.0614252
0.0685538
0.0752504
0.081462
0.0871585
0.0923254
0.0969427
0.10096
0.104241
0.106302
0.106681
0.103588
0.0930241
0.0775302
0.062016
0.0481393
0.0363739
0.0267066
0.0180578
0.0115303
0.00722227
0.00430643
0.00191271
0.000781617
0.000300065
0.000109447
3.81577e-05
1.27677e-05
4.11378e-06
1.28009e-06
3.85707e-07
1.12807e-07
3.20953e-08
8.90171e-09
2.41146e-09
6.39245e-10
1.66114e-10
4.23872e-11
1.06379e-11
2.62993e-12
6.41398e-13
1.54525e-13
3.68217e-14
8.68838e-15
2.03212e-15
4.7155e-16
1.08647e-16
2.48728e-17
5.66211e-18
1.28412e-18
2.91336e-19
6.60793e-20
1.51215e-20
3.48183e-21
8.06582e-22
1.85241e-22
4.51005e-23
1.25246e-23
3.51282e-24
5.80658e-25
5.3863e-23
5.30093e-22
2.97113e-21
1.62711e-20
9.01788e-20
5.00139e-19
2.74216e-18
1.50134e-17
8.17058e-17
4.45023e-16
2.31795e-15
1.23093e-14
6.44873e-14
3.31126e-13
1.66481e-12
8.17941e-12
3.91858e-11
1.82649e-10
8.26376e-10
3.62036e-09
1.53188e-08
6.24327e-08
2.44375e-07
9.15803e-07
3.27461e-06
1.11286e-05
3.57773e-05
0.000108149
0.000304787
0.000791288
0.00186372
0.0038958
0.00711627
0.0115949
0.0172235
0.0237811
0.0309984
0.0386039
0.0463516
0.0540354
0.0614929
0.0686033
0.0752831
0.0814794
0.0871628
0.0923186
0.096927
0.100939
0.104219
0.106285
0.106683
0.103637
0.093181
0.0777295
0.0622271
0.0483459
0.0365645
0.0268819
0.0182388
0.011672
0.0073184
0.0043866
0.00196119
0.000805062
0.000310046
0.0001134
3.9645e-05
1.33028e-05
4.29837e-06
1.34126e-06
4.05227e-07
1.18819e-07
3.38868e-08
9.41922e-09
2.5567e-09
6.78932e-10
1.76692e-10
4.51424e-11
1.13405e-11
2.80563e-12
6.84551e-13
1.6495e-13
3.93023e-14
9.27043e-15
2.16695e-15
5.02419e-16
1.15638e-16
2.64399e-17
6.00899e-18
1.35824e-18
3.05575e-19
6.85358e-20
1.53809e-20
3.47637e-21
7.93318e-22
1.81525e-22
4.13683e-23
1.2137e-23
3.24108e-24
5.94971e-25
5.62766e-23
4.70705e-22
2.69248e-21
1.50775e-20
8.48807e-20
4.77841e-19
2.68017e-18
1.49533e-17
8.27483e-17
4.53255e-16
2.44994e-15
1.30381e-14
6.81961e-14
3.49926e-13
1.75792e-12
8.62854e-12
4.12918e-11
1.92226e-10
8.68504e-10
3.79911e-09
1.60482e-08
6.52855e-08
2.55032e-07
9.53675e-07
3.40207e-06
1.15327e-05
3.69763e-05
0.000111447
0.000313084
0.000809996
0.00190058
0.00395476
0.00719756
0.0116941
0.0173337
0.0238946
0.0311085
0.0387051
0.0464401
0.0541089
0.0615507
0.0686455
0.0753106
0.0814936
0.0871653
0.0923114
0.096912
0.100919
0.104198
0.106269
0.106684
0.103682
0.0933242
0.0779104
0.0624179
0.0485318
0.0367353
0.027037
0.0184041
0.0118001
0.00740917
0.00445601
0.00200263
0.000825648
0.000319127
0.00011709
4.10518e-05
1.38113e-05
4.4736e-06
1.39913e-06
4.23602e-07
1.24448e-07
3.55545e-08
9.89841e-09
2.69053e-09
7.15332e-10
1.86354e-10
4.76498e-11
1.19777e-11
2.96447e-12
7.2345e-13
1.74321e-13
4.15259e-14
9.79075e-15
2.28715e-15
5.2986e-16
1.21834e-16
2.78246e-17
6.31552e-18
1.42545e-18
3.20125e-19
7.16075e-20
1.59887e-20
3.5774e-21
8.05361e-22
1.81942e-22
4.19587e-23
1.31899e-23
3.54957e-24
6.48944e-25
5.32757e-23
4.69835e-22
2.73407e-21
1.54525e-20
8.77091e-20
4.97051e-19
2.80354e-18
1.56854e-17
8.68995e-17
4.75827e-16
2.57027e-15
1.3671e-14
7.14649e-14
3.66449e-13
1.83949e-12
9.02085e-12
4.31256e-11
2.00536e-10
9.0491e-10
3.9529e-09
1.66726e-08
6.77159e-08
2.64069e-07
9.85664e-07
3.50947e-06
1.18732e-05
3.79893e-05
0.000114251
0.000320205
0.000826239
0.00193295
0.00400707
0.00727011
0.0117829
0.0174321
0.0239959
0.0312063
0.0387947
0.0465181
0.0541736
0.0616012
0.0686822
0.0753341
0.0815053
0.0871668
0.0923043
0.0968982
0.100901
0.104179
0.106256
0.106686
0.103723
0.0934521
0.0780715
0.0625869
0.0486953
0.0368839
0.0271691
0.0185438
0.011908
0.00748471
0.00451914
0.00204146
0.000844593
0.000327181
0.000120266
4.22434e-05
1.42393e-05
4.62111e-06
1.44796e-06
4.39167e-07
1.29235e-07
3.69789e-08
1.03093e-08
2.80566e-09
7.46742e-10
1.94712e-10
4.98231e-11
1.25309e-11
3.10252e-12
7.5728e-13
1.82473e-13
4.34601e-14
1.02432e-14
2.3916e-15
5.53678e-16
1.27205e-16
2.9023e-17
6.58035e-18
1.48342e-18
3.32682e-19
7.42809e-20
1.6538e-20
3.68296e-21
8.2343e-22
1.8441e-22
4.14156e-23
1.2342e-23
3.37804e-24
4.21449e-25
4.77372e-23
4.83501e-22
2.82617e-21
1.60574e-20
9.13876e-20
5.18365e-19
2.92288e-18
1.63505e-17
9.05639e-17
4.95751e-16
2.67702e-15
1.42335e-14
7.4373e-14
3.81173e-13
1.91232e-12
9.37203e-12
4.47722e-11
2.08025e-10
9.37865e-10
4.0928e-09
1.7244e-08
6.99529e-08
2.72436e-07
1.01545e-06
3.60987e-06
1.21919e-05
3.89351e-05
0.000116848
0.000326712
0.0008408
0.00196134
0.00405199
0.0073315
0.0118574
0.0175145
0.0240806
0.0312883
0.0388699
0.0465838
0.0542281
0.0616438
0.0687129
0.0753537
0.0815148
0.0871674
0.0922975
0.0968857
0.100885
0.104163
0.106244
0.106688
0.103758
0.0935649
0.0782134
0.0627359
0.04884
0.0370166
0.0272885
0.0186721
0.0120074
0.00755425
0.00457051
0.00207168
0.000859684
0.000333914
0.000123029
4.33036e-05
1.46238e-05
4.75389e-06
1.49185e-06
4.53113e-07
1.33509e-07
3.82457e-08
1.06734e-08
2.90736e-09
7.74404e-10
2.02053e-10
5.17274e-11
1.30146e-11
3.22296e-12
7.86735e-13
1.89557e-13
4.51378e-14
1.06349e-14
2.48183e-15
5.74215e-16
1.31826e-16
3.00518e-17
6.80714e-18
1.53295e-18
3.43396e-19
7.65731e-20
1.70211e-20
3.78137e-21
8.42789e-22
1.88934e-22
4.23602e-23
9.55517e-24
2.87412e-24
2.89249e-25
4.83044e-23
4.93375e-22
2.91085e-21
1.66056e-20
9.45669e-20
5.36547e-19
3.02518e-18
1.69194e-17
9.36906e-17
5.1271e-16
2.76765e-15
1.47096e-14
7.68278e-14
3.93561e-13
1.97338e-12
9.66522e-12
4.61406e-11
2.14216e-10
9.64948e-10
4.20702e-09
1.7707e-08
7.17518e-08
2.79111e-07
1.03902e-06
3.68877e-06
1.24411e-05
3.96733e-05
0.000118882
0.000331846
0.000852445
0.00198442
0.00408918
0.00738303
0.0119204
0.0175846
0.0241528
0.0313582
0.038934
0.0466397
0.0542743
0.0616799
0.0687389
0.0753701
0.0815225
0.0871676
0.0922914
0.0968747
0.100871
0.104148
0.106234
0.106689
0.103789
0.0936624
0.0783354
0.0628635
0.0489633
0.0371291
0.0273922
0.0187778
0.0120894
0.00761264
0.00461548
0.00209879
0.00087317
0.00033983
0.000125417
4.42107e-05
1.49511e-05
4.86663e-06
1.52909e-06
4.64944e-07
1.37136e-07
3.93211e-08
1.09826e-08
2.99377e-09
7.97918e-10
2.08295e-10
5.33466e-11
1.34257e-11
3.32534e-12
8.11764e-13
1.95573e-13
4.65614e-14
1.09669e-14
2.55825e-15
5.91584e-16
1.35728e-16
3.09193e-17
6.99806e-18
1.57458e-18
3.52392e-19
7.8497e-20
1.74237e-20
3.86333e-21
8.58249e-22
1.90138e-22
4.41885e-23
9.6096e-24
2.83146e-24
5.1845e-25
4.91606e-23
5.03957e-22
2.98903e-21
1.70828e-20
9.73257e-20
5.52127e-19
3.11254e-18
1.74047e-17
9.6357e-17
5.27178e-16
2.84502e-15
1.51166e-14
7.89282e-14
4.04176e-13
2.02579e-12
9.91748e-12
4.7321e-11
2.19574e-10
9.88468e-10
4.30663e-09
1.81127e-08
7.33357e-08
2.85019e-07
1.05999e-06
3.75929e-06
1.26645e-05
4.03355e-05
0.0001207
0.000336403
0.000862652
0.00200434
0.00412074
0.0074262
0.0119728
0.0176426
0.0242124
0.0314162
0.0389869
0.0466858
0.0543124
0.0617095
0.0687601
0.0753834
0.0815287
0.0871675
0.0922861
0.0968653
0.100859
0.104136
0.106225
0.10669
0.103815
0.0937444
0.0784379
0.0629701
0.0490657
0.0372213
0.0274759
0.0188617
0.0121552
0.00765997
0.00465625
0.00212468
0.000885965
0.000345265
0.000127542
4.50006e-05
1.52326e-05
4.96295e-06
1.56076e-06
4.74975e-07
1.40203e-07
4.02286e-08
1.1243e-08
3.06644e-09
8.17661e-10
2.13529e-10
5.47031e-11
1.37698e-11
3.41093e-12
8.32666e-13
2.00593e-13
4.77479e-14
1.12433e-14
2.62179e-15
6.06006e-16
1.38964e-16
3.16375e-17
7.15581e-18
1.60889e-18
3.59789e-19
8.00779e-20
1.7759e-20
3.93284e-21
8.72447e-22
1.94212e-22
4.34289e-23
9.54784e-24
2.70944e-24
4.66062e-25
5.29802e-23
5.12463e-22
3.05769e-21
1.74836e-20
9.96042e-20
5.64968e-19
3.18439e-18
1.78031e-17
9.85431e-17
5.39024e-16
2.90828e-15
1.54488e-14
8.064e-14
4.12813e-13
2.06835e-12
1.01219e-11
4.82752e-11
2.23892e-10
1.00737e-09
4.38642e-09
1.84365e-08
7.45952e-08
2.89698e-07
1.07653e-06
3.81469e-06
1.28395e-05
4.08533e-05
0.000122122
0.000339976
0.000870699
0.00202015
0.004146
0.00746097
0.0120152
0.0176896
0.0242607
0.0314628
0.0390298
0.0467231
0.0543433
0.0617335
0.0687772
0.075394
0.0815334
0.0871671
0.0922814
0.0968573
0.100849
0.104126
0.106218
0.106691
0.103837
0.0938127
0.0785232
0.0630592
0.0491517
0.0372997
0.0275479
0.018936
0.0122132
0.00770077
0.00468651
0.00214248
0.000894811
0.000349197
0.000129152
4.56176e-05
1.54561e-05
5.04004e-06
1.58621e-06
4.83052e-07
1.42676e-07
4.0961e-08
1.14534e-08
3.12517e-09
8.33629e-10
2.17765e-10
5.58008e-11
1.40484e-11
3.48021e-12
8.49584e-13
2.04654e-13
4.87075e-14
1.14668e-14
2.67311e-15
6.17646e-16
1.41573e-16
3.22158e-17
7.28271e-18
1.63647e-18
3.65726e-19
8.13434e-20
1.80252e-20
3.98694e-21
8.80864e-22
1.93949e-22
4.91274e-23
1.07534e-23
3.14293e-24
4.26265e-25
5.11879e-23
5.24647e-22
3.11443e-21
1.78048e-20
1.01417e-19
5.75165e-19
3.24136e-18
1.81188e-17
1.00275e-16
5.48404e-16
2.95836e-15
1.57118e-14
8.19956e-14
4.19653e-13
2.10207e-12
1.02839e-11
4.90319e-11
2.2732e-10
1.02239e-09
4.44988e-09
1.86944e-08
7.55995e-08
2.93434e-07
1.08975e-06
3.85905e-06
1.29797e-05
4.12682e-05
0.00012326
0.000342828
0.000877091
0.00203264
0.00416584
0.00748815
0.0120483
0.0177262
0.0242983
0.0314989
0.039063
0.0467521
0.0543672
0.061752
0.0687904
0.0754022
0.0815369
0.0871665
0.0922775
0.096851
0.100841
0.104118
0.106212
0.106692
0.103854
0.0938668
0.0785909
0.0631298
0.0492201
0.0373621
0.027605
0.0189951
0.0122591
0.00773235
0.00470946
0.002156
0.00090155
0.000352182
0.000130368
4.60816e-05
1.56239e-05
5.09797e-06
1.60539e-06
4.8916e-07
1.44553e-07
4.1519e-08
1.16142e-08
3.17019e-09
8.45899e-10
2.21026e-10
5.66475e-11
1.42635e-11
3.53376e-12
8.62672e-13
2.07797e-13
4.94504e-14
1.16398e-14
2.71284e-15
6.26655e-16
1.43591e-16
3.26629e-17
7.38072e-18
1.65774e-18
3.703e-19
8.23185e-20
1.82311e-20
4.03058e-21
8.9216e-22
1.96955e-22
4.57066e-23
9.9651e-24
3.00109e-24
3.95486e-25
5.45848e-23
5.31656e-22
3.15385e-21
1.80442e-20
1.02764e-19
5.82714e-19
3.2835e-18
1.83523e-17
1.01555e-16
5.55336e-16
2.99537e-15
1.59061e-14
8.29965e-14
4.24702e-13
2.12696e-12
1.04034e-11
4.95899e-11
2.29847e-10
1.03345e-09
4.49659e-09
1.8884e-08
7.63375e-08
2.96177e-07
1.09946e-06
3.89157e-06
1.30824e-05
4.1572e-05
0.000124093
0.000344916
0.000881774
0.0020418
0.0041804
0.00750811
0.0120725
0.017753
0.0243257
0.0315251
0.0390873
0.0467733
0.0543847
0.0617655
0.0688
0.075408
0.0815393
0.087166
0.0922745
0.096846
0.100835
0.104111
0.106208
0.106693
0.103867
0.093907
0.0786409
0.0631819
0.0492704
0.0374081
0.0276471
0.0190385
0.0122927
0.00775513
0.00472634
0.00216594
0.000906396
0.000354267
0.000131205
4.6399e-05
1.57387e-05
5.13771e-06
1.61861e-06
4.93394e-07
1.45861e-07
4.19102e-08
1.17276e-08
3.20206e-09
8.54619e-10
2.23351e-10
5.7253e-11
1.44177e-11
3.57224e-12
8.72091e-13
2.10063e-13
4.99865e-14
1.17647e-14
2.74155e-15
6.33167e-16
1.4505e-16
3.29861e-17
7.45153e-18
1.67311e-18
3.73606e-19
8.30206e-20
1.83776e-20
4.0607e-21
8.9839e-22
1.9956e-22
4.45394e-23
9.85142e-24
2.83269e-24
4.86818e-25
5.23299e-23
5.36522e-22
3.18381e-21
1.81951e-20
1.0361e-19
5.87484e-19
3.31013e-18
1.84996e-17
1.02361e-16
5.59702e-16
3.01864e-15
1.60282e-14
8.36248e-14
4.27869e-13
2.14255e-12
1.04782e-11
4.9939e-11
2.31426e-10
1.04036e-09
4.52575e-09
1.90024e-08
7.67978e-08
2.97887e-07
1.1055e-06
3.91183e-06
1.31464e-05
4.17612e-05
0.000124612
0.000346218
0.000884699
0.00204753
0.00418954
0.00752069
0.0120879
0.01777
0.0243433
0.0315424
0.0391029
0.0467868
0.0543959
0.0617742
0.068806
0.0754116
0.0815408
0.0871655
0.0922725
0.0968428
0.100831
0.104107
0.106205
0.106693
0.103875
0.0939325
0.0786728
0.0632151
0.0493024
0.0374372
0.0276735
0.0190662
0.0123143
0.00776992
0.00473702
0.00217213
0.000909335
0.000355491
0.000131684
4.65787e-05
1.58036e-05
5.16029e-06
1.62618e-06
4.95841e-07
1.46625e-07
4.21405e-08
1.17948e-08
3.22111e-09
8.59865e-10
2.24758e-10
5.76213e-11
1.45119e-11
3.59584e-12
8.77889e-13
2.11462e-13
5.03184e-14
1.18422e-14
2.75941e-15
6.37224e-16
1.45961e-16
3.3188e-17
7.49582e-18
1.68272e-18
3.75662e-19
8.34569e-20
1.84695e-20
4.07933e-21
9.01463e-22
1.99198e-22
4.39752e-23
1.09418e-23
3.14781e-24
3.413e-25
5.25744e-23
5.38557e-22
3.19611e-21
1.82641e-20
1.03997e-19
5.89629e-19
3.32203e-18
1.85652e-17
1.0272e-16
5.61635e-16
3.02893e-15
1.6082e-14
8.39016e-14
4.29262e-13
2.1494e-12
1.0511e-11
5.00921e-11
2.32118e-10
1.04339e-09
4.53852e-09
1.90541e-08
7.6999e-08
2.98635e-07
1.10814e-06
3.92067e-06
1.31743e-05
4.18438e-05
0.000124838
0.000346787
0.000885981
0.00205006
0.00419359
0.00752631
0.0120948
0.0177777
0.0243513
0.0315502
0.03911
0.046793
0.0544009
0.061778
0.0688087
0.0754132
0.0815413
0.0871652
0.0922713
0.096841
0.100829
0.104105
0.106203
0.106693
0.103878
0.0939442
0.0786874
0.0632305
0.0493173
0.0374509
0.027686
0.0190791
0.0123243
0.00777701
0.00474217
0.00217508
0.000910721
0.000356067
0.000131907
4.66618e-05
1.58334e-05
5.17063e-06
1.62965e-06
4.96963e-07
1.46976e-07
4.22465e-08
1.18258e-08
3.22992e-09
8.62295e-10
2.25411e-10
5.77924e-11
1.45558e-11
3.60684e-12
8.80594e-13
2.12115e-13
5.04736e-14
1.18785e-14
2.76777e-15
6.39124e-16
1.46387e-16
3.32826e-17
7.51657e-18
1.68722e-18
3.76635e-19
8.36635e-20
1.85112e-20
4.08601e-21
9.00075e-22
1.96863e-22
5.30879e-23
1.10943e-23
3.19086e-24
4.16738e-25
6.26559e-23
5.29807e-22
3.19432e-21
1.82626e-20
1.03994e-19
5.89615e-19
3.32195e-18
1.85648e-17
1.02718e-16
5.61624e-16
3.02888e-15
1.60817e-14
8.39002e-14
4.29255e-13
2.14937e-12
1.05109e-11
5.00915e-11
2.32116e-10
1.04338e-09
4.53848e-09
1.9054e-08
7.69986e-08
2.98633e-07
1.10814e-06
3.92066e-06
1.31743e-05
4.18437e-05
0.000124838
0.000346786
0.000885979
0.00205005
0.00419357
0.00752627
0.0120947
0.0177776
0.0243512
0.0315501
0.0391098
0.0467928
0.0544007
0.0617778
0.0688085
0.075413
0.0815411
0.087165
0.0922712
0.0968409
0.100829
0.104105
0.106203
0.106693
0.103878
0.0939433
0.0786865
0.0632297
0.0493166
0.0374504
0.0276856
0.0190788
0.0123241
0.0077769
0.00474211
0.00217506
0.000910717
0.000356067
0.000131907
4.66619e-05
1.58335e-05
5.17066e-06
1.62966e-06
4.96968e-07
1.46977e-07
4.22471e-08
1.1826e-08
3.22998e-09
8.62315e-10
2.25417e-10
5.77941e-11
1.45562e-11
3.60697e-12
8.80626e-13
2.12123e-13
5.04754e-14
1.18789e-14
2.76786e-15
6.39144e-16
1.46391e-16
3.32833e-17
7.51669e-18
1.68724e-18
3.76635e-19
8.36628e-20
1.85106e-20
4.08547e-21
9.00679e-22
1.9718e-22
5.07014e-23
1.14351e-23
3.32343e-24
3.9729e-25
5.23672e-23
5.36428e-22
3.18359e-21
1.81936e-20
1.03601e-19
5.87422e-19
3.3098e-18
1.84982e-17
1.02354e-16
5.59665e-16
3.01846e-15
1.60272e-14
8.36203e-14
4.27847e-13
2.14245e-12
1.04778e-11
4.99372e-11
2.31419e-10
1.04034e-09
4.52567e-09
1.90021e-08
7.67971e-08
2.97886e-07
1.1055e-06
3.91184e-06
1.31465e-05
4.17615e-05
0.000124613
0.00034622
0.000884704
0.00204754
0.00418953
0.00752065
0.0120878
0.0177698
0.0243431
0.0315421
0.0391024
0.0467863
0.0543952
0.0617735
0.0688053
0.075411
0.0815402
0.087165
0.092272
0.0968423
0.100831
0.104107
0.106204
0.106692
0.103874
0.0939295
0.0786696
0.0632124
0.0493003
0.0374357
0.0276723
0.019065
0.0123135
0.00776965
0.00473691
0.00217208
0.00090932
0.00035549
0.000131685
4.65798e-05
1.58041e-05
5.16052e-06
1.62627e-06
4.95877e-07
1.46638e-07
4.21446e-08
1.17961e-08
3.2215e-09
8.59977e-10
2.2479e-10
5.76298e-11
1.45142e-11
3.59642e-12
8.78033e-13
2.11496e-13
5.03265e-14
1.18441e-14
2.75981e-15
6.37309e-16
1.45978e-16
3.31913e-17
7.49641e-18
1.68281e-18
3.75674e-19
8.34563e-20
1.84673e-20
4.07729e-21
9.00485e-22
1.99938e-22
4.50532e-23
1.03503e-23
3.16256e-24
3.30615e-25
5.18442e-23
5.32023e-22
3.15742e-21
1.80456e-20
1.02773e-19
5.8278e-19
3.28386e-18
1.83539e-17
1.01563e-16
5.55385e-16
2.99563e-15
1.59075e-14
8.30036e-14
4.24738e-13
2.12713e-12
1.04042e-11
4.95934e-11
2.29862e-10
1.03351e-09
4.49683e-09
1.88849e-08
7.63406e-08
2.96187e-07
1.09949e-06
3.89165e-06
1.30826e-05
4.15723e-05
0.000124093
0.000344914
0.000881765
0.00204177
0.00418031
0.00750793
0.0120722
0.0177525
0.0243252
0.0315246
0.0390864
0.0467722
0.0543835
0.0617643
0.0687988
0.0754068
0.0815383
0.0871651
0.0922737
0.0968454
0.100835
0.104111
0.106207
0.106692
0.103865
0.0939017
0.0786354
0.0631772
0.0492666
0.0374052
0.0276448
0.0190367
0.012291
0.0077544
0.00472587
0.00216568
0.000906283
0.000354228
0.000131192
4.63948e-05
1.57375e-05
5.1374e-06
1.61855e-06
4.93388e-07
1.45863e-07
4.19117e-08
1.17282e-08
3.20231e-09
8.54699e-10
2.23376e-10
5.72602e-11
1.44196e-11
3.57276e-12
8.72221e-13
2.10094e-13
4.99939e-14
1.17663e-14
2.7419e-15
6.33237e-16
1.45063e-16
3.29881e-17
7.45175e-18
1.67309e-18
3.73576e-19
8.30087e-20
1.83739e-20
4.05904e-21
8.96711e-22
1.98754e-22
4.5606e-23
1.05801e-23
3.10264e-24
5.04975e-25
5.11209e-23
5.24703e-22
3.1148e-21
1.78059e-20
1.01414e-19
5.75178e-19
3.24147e-18
1.81195e-17
1.00279e-16
5.48428e-16
2.95849e-15
1.57125e-14
8.19992e-14
4.19671e-13
2.10216e-12
1.02843e-11
4.90338e-11
2.27328e-10
1.02242e-09
4.45e-09
1.86948e-08
7.56009e-08
2.93438e-07
1.08976e-06
3.85907e-06
1.29797e-05
4.1268e-05
0.000123258
0.000342822
0.000877071
0.00203259
0.0041657
0.00748789
0.0120478
0.0177255
0.0242973
0.0314977
0.0390616
0.0467506
0.0543656
0.0617504
0.0687888
0.0754006
0.0815354
0.0871652
0.0922764
0.09685
0.100841
0.104117
0.106211
0.106691
0.103851
0.09386
0.0785838
0.0631236
0.049215
0.0373583
0.0276022
0.018993
0.0122578
0.00773135
0.00470884
0.00215567
0.000901412
0.000352133
0.000130351
4.60755e-05
1.5622e-05
5.09741e-06
1.60526e-06
4.89135e-07
1.4455e-07
4.15197e-08
1.16148e-08
3.17046e-09
8.45994e-10
2.21056e-10
5.66567e-11
1.4266e-11
3.53445e-12
8.62845e-13
2.07839e-13
4.94602e-14
1.16419e-14
2.7133e-15
6.26745e-16
1.43608e-16
3.26654e-17
7.38096e-18
1.65772e-18
3.70279e-19
8.23095e-20
1.82277e-20
4.02934e-21
8.91672e-22
1.97926e-22
4.34819e-23
1.04735e-23
2.98922e-24
3.95021e-25
5.01814e-23
5.15093e-22
3.05821e-21
1.74855e-20
9.96123e-20
5.64975e-19
3.18442e-18
1.78034e-17
9.85449e-17
5.39036e-16
2.90835e-15
1.54492e-14
8.06422e-14
4.12824e-13
2.06841e-12
1.01221e-11
4.82763e-11
2.23897e-10
1.00739e-09
4.38648e-09
1.84367e-08
7.45955e-08
2.89698e-07
1.07652e-06
3.81465e-06
1.28393e-05
4.08524e-05
0.000122118
0.000339965
0.000870664
0.00202006
0.0041458
0.00746059
0.0120146
0.0176887
0.0242595
0.0314611
0.0390279
0.0467211
0.0543412
0.0617313
0.0687751
0.075392
0.0815315
0.0871654
0.09228
0.0968562
0.100849
0.104125
0.106217
0.10669
0.103833
0.0938043
0.0785144
0.0630514
0.0491454
0.0372948
0.0275441
0.018933
0.0122112
0.00769952
0.0046856
0.00214199
0.000894612
0.000349131
0.000129131
4.56105e-05
1.54538e-05
5.03939e-06
1.58605e-06
4.83022e-07
1.42673e-07
4.09619e-08
1.14541e-08
3.12549e-09
8.33746e-10
2.17803e-10
5.58122e-11
1.40516e-11
3.48106e-12
8.49802e-13
2.04707e-13
4.872e-14
1.14696e-14
2.67371e-15
6.17766e-16
1.41595e-16
3.22193e-17
7.28308e-18
1.63644e-18
3.65692e-19
8.13287e-20
1.80202e-20
3.98634e-21
8.82777e-22
1.96384e-22
4.47741e-23
9.8128e-24
2.9033e-24
3.90466e-25
4.91553e-23
5.04073e-22
2.98885e-21
1.7081e-20
9.73217e-20
5.52117e-19
3.11252e-18
1.74047e-17
9.63573e-17
5.27182e-16
2.84505e-15
1.51168e-14
7.89294e-14
4.04183e-13
2.02582e-12
9.91761e-12
4.73215e-11
2.19575e-10
9.88472e-10
4.30662e-09
1.81126e-08
7.33349e-08
2.85014e-07
1.05996e-06
3.75917e-06
1.2664e-05
4.03337e-05
0.000120693
0.000336383
0.000862597
0.00200421
0.00412046
0.00742569
0.011972
0.0176414
0.0242108
0.0314139
0.0389846
0.0466833
0.0543098
0.0617069
0.0687575
0.0753809
0.0815263
0.0871654
0.0922842
0.0968638
0.100858
0.104135
0.106224
0.106688
0.103811
0.0937345
0.0784275
0.062961
0.0490583
0.0372156
0.0274715
0.0188583
0.0121529
0.00765916
0.00465563
0.00212432
0.000885799
0.000345205
0.000127522
4.49937e-05
1.52304e-05
4.96232e-06
1.56062e-06
4.74949e-07
1.40202e-07
4.02302e-08
1.1244e-08
3.06685e-09
8.1781e-10
2.13578e-10
5.47174e-11
1.37739e-11
3.412e-12
8.3294e-13
2.00659e-13
4.77635e-14
1.12468e-14
2.62254e-15
6.06159e-16
1.38993e-16
3.16421e-17
7.15637e-18
1.6089e-18
3.59758e-19
8.00633e-20
1.77543e-20
3.93163e-21
8.72505e-22
1.94614e-22
4.3467e-23
9.57072e-24
2.67573e-24
4.86781e-25
4.84476e-23
4.94158e-22
2.91113e-21
1.65977e-20
9.4531e-20
5.36494e-19
3.02507e-18
1.69191e-17
9.36896e-17
5.12708e-16
2.76765e-15
1.47097e-14
7.6828e-14
3.93562e-13
1.97338e-12
9.66522e-12
4.61404e-11
2.14214e-10
9.64936e-10
4.20695e-09
1.77066e-08
7.17495e-08
2.791e-07
1.03897e-06
3.68856e-06
1.24403e-05
3.96704e-05
0.000118872
0.000331817
0.000852364
0.00198423
0.00408879
0.00738234
0.0119194
0.0175831
0.0241508
0.0313558
0.0389313
0.0466367
0.0542711
0.0616766
0.0687356
0.075367
0.0815197
0.0871651
0.0922892
0.0968729
0.10087
0.104147
0.106233
0.106687
0.103784
0.093651
0.0783235
0.0628532
0.0489551
0.037123
0.0273877
0.018774
0.0120864
0.00761043
0.00461425
0.00209818
0.000872925
0.000339751
0.000125392
4.42027e-05
1.49486e-05
4.86594e-06
1.52893e-06
4.64918e-07
1.37136e-07
3.93233e-08
1.09839e-08
2.99429e-09
7.98099e-10
2.08353e-10
5.33638e-11
1.34306e-11
3.32663e-12
8.12092e-13
1.95654e-13
4.65803e-14
1.09712e-14
2.55917e-15
5.91771e-16
1.35764e-16
3.09252e-17
6.9988e-18
1.57459e-18
3.52354e-19
7.84789e-20
1.74186e-20
3.86152e-21
8.57398e-22
1.91402e-22
4.37919e-23
9.89697e-24
2.78309e-24
4.99499e-25
4.77528e-23
4.83712e-22
2.82647e-21
1.60582e-20
9.13731e-20
5.18347e-19
2.92277e-18
1.63499e-17
9.05613e-17
4.9574e-16
2.67697e-15
1.42332e-14
7.4372e-14
3.81168e-13
1.91229e-12
9.37187e-12
4.47713e-11
2.08019e-10
9.37834e-10
4.09264e-09
1.72431e-08
6.99489e-08
2.72418e-07
1.01537e-06
3.60955e-06
1.21907e-05
3.89309e-05
0.000116835
0.00032667
0.00084069
0.00196109
0.00405147
0.00733061
0.011856
0.0175127
0.0240782
0.0312854
0.0388666
0.0465802
0.0542242
0.0616399
0.0687091
0.0753501
0.0815114
0.0871644
0.0922949
0.0968834
0.100883
0.104161
0.106242
0.106685
0.103753
0.0935523
0.0782002
0.0627246
0.0488312
0.0370105
0.0272848
0.0186684
0.0120048
0.00755206
0.004569
0.00207095
0.000859411
0.000333832
0.000123004
4.32955e-05
1.46213e-05
4.75321e-06
1.4917e-06
4.53093e-07
1.33511e-07
3.82488e-08
1.06749e-08
2.90798e-09
7.74619e-10
2.02121e-10
5.17475e-11
1.30202e-11
3.22445e-12
7.87116e-13
1.8965e-13
4.51596e-14
1.06398e-14
2.48289e-15
5.7443e-16
1.31866e-16
3.00586e-17
6.80802e-18
1.53297e-18
3.43359e-19
7.65528e-20
1.70113e-20
3.77739e-21
8.41036e-22
1.88348e-22
4.24599e-23
9.77101e-24
2.97872e-24
5.66406e-25
4.98332e-23
4.73531e-22
2.7325e-21
1.54564e-20
8.77371e-20
4.97029e-19
2.80336e-18
1.56846e-17
8.68954e-17
4.75807e-16
2.57018e-15
1.36706e-14
7.14627e-14
3.66438e-13
1.83943e-12
9.02051e-12
4.31238e-11
2.00526e-10
9.04859e-10
3.95264e-09
1.66714e-08
6.77101e-08
2.64043e-07
9.85556e-07
3.50905e-06
1.18716e-05
3.79837e-05
0.000114233
0.000320152
0.000826097
0.00193262
0.00400642
0.00726901
0.0117812
0.0174299
0.023993
0.0312028
0.0387907
0.0465138
0.0541691
0.0615966
0.0686777
0.0753298
0.0815013
0.0871632
0.0923011
0.0968955
0.100899
0.104177
0.106254
0.106683
0.103716
0.0934381
0.078057
0.0625746
0.0486857
0.0368769
0.0271639
0.0185397
0.0119055
0.00748407
0.00451855
0.00204113
0.000844448
0.000327131
0.000120248
4.22369e-05
1.42372e-05
4.62053e-06
1.44785e-06
4.39158e-07
1.29241e-07
3.69833e-08
1.03112e-08
2.8064e-09
7.46992e-10
1.9479e-10
4.9846e-11
1.25373e-11
3.10421e-12
7.57708e-13
1.82578e-13
4.34846e-14
1.02487e-14
2.39278e-15
5.53917e-16
1.2725e-16
2.90304e-17
6.58127e-18
1.48343e-18
3.32632e-19
7.42547e-20
1.65265e-20
3.67761e-21
8.21573e-22
1.8364e-22
4.26814e-23
1.16303e-23
3.27007e-24
4.55735e-25
5.04493e-23
4.73199e-22
2.6946e-21
1.50768e-20
8.48726e-20
4.77819e-19
2.68013e-18
1.49529e-17
8.27437e-17
4.53241e-16
2.44977e-15
1.30373e-14
6.81924e-14
3.49907e-13
1.75783e-12
8.62803e-12
4.12891e-11
1.92212e-10
8.68433e-10
3.79877e-09
1.60465e-08
6.5278e-08
2.54999e-07
9.53538e-07
3.40153e-06
1.15307e-05
3.69693e-05
0.000111424
0.000313018
0.00080982
0.00190018
0.00395396
0.00719623
0.0116921
0.017331
0.0238912
0.0311045
0.0387005
0.0464351
0.0541037
0.0615454
0.0686403
0.0753056
0.081489
0.0871611
0.0923078
0.0969089
0.100917
0.104196
0.106267
0.106681
0.103675
0.0933086
0.0778943
0.0624041
0.0485208
0.0367268
0.0270304
0.0183991
0.0117972
0.00740788
0.00445549
0.00200227
0.00082548
0.00031907
0.000117071
4.10452e-05
1.38091e-05
4.47306e-06
1.39903e-06
4.236e-07
1.24457e-07
3.55598e-08
9.9007e-09
2.69137e-09
7.15611e-10
1.8644e-10
4.76748e-11
1.19846e-11
2.96629e-12
7.23911e-13
1.74433e-13
4.1552e-14
9.7966e-15
2.2884e-15
5.3011e-16
1.2188e-16
2.7832e-17
6.31638e-18
1.42542e-18
3.20061e-19
7.15781e-20
1.59792e-20
3.5755e-21
8.05355e-22
1.827e-22
4.21656e-23
1.24943e-23
3.41817e-24
6.25705e-25
5.36509e-23
5.28987e-22
2.96832e-21
1.62655e-20
9.01925e-20
5.00442e-19
2.74437e-18
1.50193e-17
8.15926e-17
4.41798e-16
2.3191e-15
1.23119e-14
6.44845e-14
3.31112e-13
1.66469e-12
8.17874e-12
3.91823e-11
1.82631e-10
8.26285e-10
3.61992e-09
1.53167e-08
6.24233e-08
2.44334e-07
9.15636e-07
3.27396e-06
1.11262e-05
3.57689e-05
0.000108122
0.000304708
0.00079108
0.00186324
0.00389486
0.00711469
0.0115925
0.0172203
0.023777
0.0309937
0.0385986
0.0463458
0.0540293
0.0614868
0.0685974
0.0752775
0.0814742
0.0871581
0.0923147
0.0969239
0.100936
0.104216
0.106282
0.106679
0.103629
0.0931638
0.0777117
0.0622118
0.0483337
0.0365552
0.0268748
0.0182334
0.0116685
0.00731663
0.00438544
0.00196062
0.00080483
0.000309972
0.000113376
3.96367e-05
1.33002e-05
4.2977e-06
1.34114e-06
4.05221e-07
1.18828e-07
3.38922e-08
9.42158e-09
2.55758e-09
6.79223e-10
1.76782e-10
4.51686e-11
1.13477e-11
2.80752e-12
6.8503e-13
1.65066e-13
3.93292e-14
9.27641e-15
2.16822e-15
5.0267e-16
1.15684e-16
2.64468e-17
6.00966e-18
1.35815e-18
3.05496e-19
6.85036e-20
1.53711e-20
3.47385e-21
7.9329e-22
1.82406e-22
4.14243e-23
1.05051e-23
3.08762e-24
3.93039e-25
7.80603e-23
8.76754e-22
4.39467e-21
2.39954e-20
1.27019e-19
7.77586e-19
3.13408e-18
1.80484e-17
1.0634e-16
6.30312e-16
2.59553e-15
1.24132e-14
5.9927e-14
3.09064e-13
1.55907e-12
7.67084e-12
3.67974e-11
1.71768e-10
7.78421e-10
3.41645e-09
1.44847e-08
5.91603e-08
2.32104e-07
8.71991e-07
3.12634e-06
1.06555e-05
3.43642e-05
0.000104235
0.000294874
0.000768787
0.00181911
0.00382414
0.00701712
0.0114735
0.0170884
0.0236415
0.0308627
0.0384786
0.0462412
0.0539424
0.0614183
0.0685471
0.0752441
0.0814561
0.0871531
0.0923207
0.0969384
0.100957
0.104238
0.106299
0.106677
0.103579
0.0930054
0.0775108
0.0619993
0.0481261
0.0363639
0.0266991
0.0180522
0.0115272
0.00722125
0.00430607
0.00191231
0.000781431
0.000300009
0.000109429
3.8151e-05
1.27655e-05
4.11321e-06
1.27999e-06
3.85707e-07
1.12817e-07
3.21014e-08
8.90427e-09
2.41239e-09
6.3955e-10
1.66207e-10
4.2414e-11
1.06453e-11
2.63185e-12
6.4188e-13
1.54641e-13
3.68485e-14
8.69429e-15
2.03335e-15
4.71792e-16
1.0869e-16
2.4879e-17
5.66263e-18
1.28412e-18
2.91614e-19
6.61213e-20
1.51376e-20
3.49214e-21
8.11155e-22
1.86461e-22
4.43191e-23
1.28593e-23
3.49334e-24
5.65552e-25
9.27901e-23
5.89658e-22
3.45133e-21
1.86194e-20
1.01266e-19
5.62255e-19
3.10979e-18
1.76403e-17
9.95523e-17
5.4161e-16
2.70559e-15
1.33962e-14
5.49745e-14
2.8626e-13
1.44704e-12
7.13098e-12
3.42724e-11
1.60317e-10
7.28224e-10
3.20436e-09
1.36234e-08
5.58096e-08
2.1965e-07
8.27907e-07
2.97818e-06
1.01846e-05
3.29557e-05
0.000100303
0.000284776
0.000745425
0.00177182
0.00374677
0.00690922
0.0113414
0.0169423
0.0234919
0.0307186
0.0383468
0.0461262
0.0538467
0.0613428
0.0684913
0.0752068
0.0814353
0.0871467
0.092326
0.0969528
0.100978
0.104261
0.106316
0.106675
0.103528
0.0928391
0.0772983
0.061773
0.0479038
0.0361582
0.026507
0.0178663
0.0113779
0.00710242
0.00420701
0.00185369
0.000753676
0.000288286
0.00010478
3.63961e-05
1.21334e-05
3.89558e-06
1.20815e-06
3.62902e-07
1.05833e-07
3.00324e-08
8.30984e-09
2.24637e-09
5.94383e-10
1.54212e-10
3.9299e-11
9.85279e-12
2.43402e-12
5.9335e-13
1.42925e-13
3.40612e-14
8.04024e-15
1.88197e-15
4.3728e-16
1.01021e-16
2.31931e-17
5.19754e-18
1.33783e-18
3.73775e-19
8.0602e-20
2.0804e-20
4.55537e-21
9.9177e-22
2.18006e-22
5.01661e-23
1.36274e-23
3.53989e-24
5.64648e-25
7.68518e-23
4.78404e-22
2.86334e-21
1.61802e-20
9.1429e-20
5.20937e-19
2.95844e-18
1.66105e-17
9.19593e-17
5.04992e-16
2.7803e-15
1.5622e-14
6.28513e-14
2.56058e-13
1.30961e-12
6.49689e-12
3.1294e-11
1.46645e-10
6.67424e-10
2.94328e-09
1.25444e-08
5.15335e-08
2.0347e-07
7.69738e-07
2.78061e-06
9.55463e-06
3.1085e-05
9.51793e-05
0.000271999
0.000716944
0.0017163
0.00365923
0.00678949
0.0111955
0.0167798
0.0233236
0.0305548
0.0381961
0.0459946
0.0537374
0.0612566
0.0684274
0.0751635
0.0814103
0.0871375
0.0923302
0.0969677
0.101
0.104286
0.106334
0.106674
0.103475
0.092669
0.077076
0.06153
0.0476573
0.0359198
0.0262687
0.0176496
0.0112038
0.00698665
0.00409838
0.00178933
0.00072359
0.000275661
9.97805e-05
3.45084e-05
1.14531e-05
3.66116e-06
1.13071e-06
3.38294e-07
9.82906e-08
2.77958e-08
7.6667e-09
2.0666e-09
5.45432e-10
1.41202e-10
3.59171e-11
8.99159e-12
2.21882e-12
5.40497e-13
1.30151e-13
3.1018e-14
7.31867e-15
1.70207e-15
3.92867e-16
1.09022e-16
3.01674e-17
6.20093e-18
1.35505e-18
3.06968e-19
6.94969e-20
1.57038e-20
3.69774e-21
1.12151e-21
2.35357e-22
5.26498e-23
1.59636e-23
3.39409e-24
6.76652e-25
6.24616e-23
4.18068e-22
2.55143e-21
1.46635e-20
8.39801e-20
4.80709e-19
2.73856e-18
1.54638e-17
8.62624e-17
4.73874e-16
2.52673e-15
1.28216e-14
6.27553e-14
2.32973e-13
1.1829e-12
5.88481e-12
2.84463e-11
1.33805e-10
6.11476e-10
2.70839e-09
1.15965e-08
4.78633e-08
1.89863e-07
7.21509e-07
2.61753e-06
9.03009e-06
2.94876e-05
9.06126e-05
0.000259919
0.00068807
0.00165594
0.00355788
0.0066459
0.0110192
0.0165862
0.0231283
0.0303703
0.0380308
0.0458525
0.0536207
0.0611652
0.0683599
0.0751175
0.081383
0.0871258
0.0923312
0.0969788
0.101017
0.104306
0.106351
0.106674
0.103428
0.0925091
0.0768584
0.0612893
0.0474136
0.0356917
0.0260594
0.0174433
0.0110482
0.00686387
0.00397768
0.0017192
0.000691318
0.000262234
9.44997e-05
3.25286e-05
1.07438e-05
3.41763e-06
1.05034e-06
3.1273e-07
9.04359e-08
2.54595e-08
6.99262e-09
1.87757e-09
4.93809e-10
1.27445e-10
3.23331e-11
8.07701e-12
1.98982e-12
4.84135e-13
1.16476e-13
2.7731e-14
6.53763e-15
1.53437e-15
4.00032e-16
1.28519e-16
2.78602e-17
6.1661e-18
1.3875e-18
3.13877e-19
7.10724e-20
1.60545e-20
3.6224e-21
8.45004e-22
2.21408e-22
6.6272e-23
1.69354e-23
3.58349e-24
7.23325e-25
5.03957e-23
3.68509e-22
2.26841e-21
1.31228e-20
7.52107e-20
4.27618e-19
2.40577e-18
1.33802e-17
7.35671e-17
4.00187e-16
2.14931e-15
1.14151e-14
6.13602e-14
2.33124e-13
1.01946e-12
5.1282e-12
2.48926e-11
1.17355e-10
5.37653e-10
2.38869e-09
1.02657e-08
4.25604e-08
1.69725e-07
6.48976e-07
2.37107e-06
8.24488e-06
2.716e-05
8.42568e-05
0.00024415
0.000653164
0.00158841
0.00345299
0.00650613
0.0108533
0.0164048
0.0229405
0.0301816
0.0378418
0.0457014
0.0535006
0.0610722
0.0682908
0.0750693
0.0813526
0.0871104
0.0923278
0.0969844
0.101029
0.104321
0.106365
0.106679
0.103407
0.0924231
0.0767251
0.0611117
0.0472046
0.035471
0.0258287
0.0172203
0.0108851
0.00674277
0.00385202
0.00164678
0.000657682
0.000247756
8.85748e-05
3.02325e-05
9.9022e-06
3.12494e-06
9.53319e-07
2.81943e-07
8.10425e-08
2.26936e-08
6.20384e-09
1.65904e-09
4.34826e-10
1.11896e-10
2.8321e-11
7.06167e-12
1.73734e-12
4.22299e-13
1.01451e-13
2.39998e-14
5.63335e-15
1.71998e-15
4.59949e-16
1.07086e-16
2.50073e-17
5.78055e-18
1.32724e-18
3.02817e-19
6.871e-20
1.55241e-20
3.49686e-21
7.91167e-22
1.8322e-22
4.42049e-23
1.32666e-23
2.78671e-24
5.88655e-25
3.26936e-23
3.08785e-22
1.88161e-21
1.0889e-20
6.23521e-20
3.54298e-19
1.99539e-18
1.11443e-17
6.19173e-17
3.42871e-16
1.88935e-15
1.01909e-14
5.14508e-14
2.37955e-13
8.92675e-13
4.47779e-12
2.19152e-11
1.03989e-10
4.79332e-10
2.14273e-09
9.26562e-09
3.86506e-08
1.55069e-07
5.96479e-07
2.19201e-06
7.66573e-06
2.53922e-05
7.92004e-05
0.000230757
0.00062098
0.0015204
0.00333215
0.00633217
0.0106368
0.0161657
0.0227019
0.0299654
0.0376693
0.045545
0.0533722
0.0609737
0.0682193
0.07502
0.0813206
0.0870923
0.0923202
0.0969844
0.101035
0.104331
0.106377
0.106692
0.103416
0.0924154
0.0766823
0.0610335
0.0470935
0.0353357
0.025662
0.0170443
0.0107149
0.00660761
0.00369976
0.00156331
0.00062079
0.000232649
8.27068e-05
2.80648e-05
9.13735e-06
2.86591e-06
8.68798e-07
2.55292e-07
7.29038e-08
2.02815e-08
5.50885e-09
1.46404e-09
3.81465e-10
9.76334e-11
2.45914e-11
6.10602e-12
1.49694e-12
3.62727e-13
8.67193e-14
2.03144e-14
5.41155e-15
1.73924e-15
3.92097e-16
9.05802e-17
2.11858e-17
4.9464e-18
1.14693e-18
2.6378e-19
6.02523e-20
1.37024e-20
3.10607e-21
7.00022e-22
1.58147e-22
3.72057e-23
1.03285e-23
2.38982e-24
4.64562e-25
2.68337e-23
2.52851e-22
1.52808e-21
8.87326e-21
5.09164e-20
2.9055e-19
1.65216e-18
9.37825e-18
5.32177e-17
3.01619e-16
1.69418e-15
9.20297e-15
4.59792e-14
2.12214e-13
7.47321e-13
3.64488e-12
1.7906e-11
8.53615e-11
3.956e-10
1.7798e-09
7.75385e-09
3.26184e-08
1.32095e-07
5.133e-07
1.90709e-06
6.74776e-06
2.26317e-05
7.15326e-05
0.00021138
0.000577384
0.00143548
0.00319267
0.00615189
0.0104344
0.015963
0.0225162
0.0298084
0.0375505
0.0454453
0.0532946
0.0609169
0.0681808
0.0749968
0.0813088
0.0870856
0.0923154
0.0969803
0.101032
0.10433
0.106384
0.106713
0.103465
0.0925164
0.076767
0.0610758
0.047084
0.035279
0.0255607
0.0169262
0.0106103
0.00652021
0.00355108
0.00148291
0.000583458
0.000215982
7.57013e-05
2.5317e-05
8.12634e-06
2.51436e-06
7.52528e-07
2.18519e-07
6.17317e-08
1.70085e-08
4.58103e-09
1.20876e-09
3.13092e-10
7.97604e-11
2.00197e-11
4.959e-12
1.21381e-12
2.93573e-13
6.99516e-14
1.67534e-14
5.531e-15
1.34141e-15
3.19649e-16
7.52106e-17
1.74888e-17
4.04606e-18
9.34122e-19
2.15153e-19
4.93955e-20
1.12983e-20
2.57327e-21
5.82255e-22
1.31118e-22
3.05471e-23
8.23329e-24
2.04566e-24
2.61427e-25
2.2146e-23
1.98571e-22
1.23173e-21
7.18333e-21
4.14142e-20
2.37283e-19
1.351e-18
7.63111e-18
4.26697e-17
2.35699e-16
1.28392e-15
6.86843e-15
3.56656e-14
1.8191e-13
6.40989e-13
3.07009e-12
1.51938e-11
7.29254e-11
3.40208e-10
1.54116e-09
6.76306e-09
2.86695e-08
1.17042e-07
4.58635e-07
1.71886e-06
6.13645e-06
2.07711e-05
6.62701e-05
0.000197718
0.000545438
0.00137001
0.00307881
0.00599476
0.0102447
0.0157526
0.0223025
0.0296098
0.037372
0.0453214
0.0532197
0.0608827
0.0681749
0.0750056
0.0813221
0.0870973
0.092321
0.0969778
0.101023
0.104321
0.106388
0.106752
0.103585
0.0927964
0.0770348
0.0612629
0.047173
0.0352714
0.0254441
0.0167316
0.0104113
0.0063633
0.00341564
0.00140642
0.000547289
0.000200624
6.96664e-05
2.30857e-05
7.34263e-06
2.25137e-06
6.67851e-07
1.92267e-07
5.38696e-08
1.4727e-08
3.93771e-09
1.032e-09
2.65651e-10
6.72917e-11
1.68037e-11
4.14339e-12
1.00999e-12
2.43056e-13
5.74337e-14
1.46911e-14
4.96651e-15
1.13208e-15
2.64581e-16
6.1987e-17
1.44395e-17
3.3421e-18
7.70251e-19
1.77079e-19
4.06297e-20
9.29987e-21
2.12199e-21
4.8268e-22
1.08698e-22
2.56959e-23
6.94831e-24
1.98467e-24
3.59594e-25
1.52861e-23
1.4327e-22
8.81743e-22
5.05919e-21
2.87868e-20
1.63049e-19
9.19203e-19
5.15355e-18
2.87058e-17
1.58695e-16
8.68615e-16
4.66954e-15
2.42653e-14
1.20938e-13
5.84077e-13
2.10295e-12
1.03646e-11
5.0368e-11
2.37697e-10
1.09021e-09
4.85115e-09
2.08852e-08
8.67303e-08
3.46255e-07
1.32411e-06
4.83043e-06
1.67311e-05
5.47015e-05
0.000167492
0.000474937
0.00122764
0.00283818
0.005685
0.00990986
0.0154506
0.0220731
0.0294673
0.0373148
0.0453168
0.0532486
0.0609302
0.0682303
0.0750611
0.0813706
0.0871337
0.092342
0.0969825
0.101014
0.104308
0.106394
0.106813
0.103783
0.093286
0.0775582
0.0616949
0.0474619
0.0354143
0.0254714
0.0166637
0.0102922
0.00625673
0.0032102
0.00128802
0.000487387
0.000173231
5.83409e-05
1.87793e-05
5.81291e-06
1.738e-06
5.03755e-07
1.41994e-07
3.90332e-08
1.04911e-08
2.76338e-09
7.14853e-10
1.81971e-10
4.56658e-11
1.13168e-11
2.77331e-12
6.72197e-13
1.60896e-13
3.90386e-14
1.32039e-14
3.2504e-15
7.85403e-16
1.87139e-16
4.40041e-17
1.02867e-17
2.40096e-18
5.6015e-19
1.30584e-19
3.03938e-20
7.05651e-21
1.63246e-21
3.75346e-22
8.63132e-23
2.1441e-23
6.16316e-24
1.48271e-24
2.53543e-25
)
;

boundaryField
{
    fuel
    {
        type            fixedValue;
        value           uniform 0;
    }
    air
    {
        type            fixedValue;
        value           uniform 0;
    }
    outlet
    {
        type            inletOutlet;
        inletValue      uniform 0;
        value           nonuniform List<scalar> 
200
(
1.65109e-23
1.46824e-22
8.78001e-22
5.06723e-21
2.88566e-20
1.63387e-19
9.20471e-19
5.15556e-18
2.86712e-17
1.58015e-16
8.59815e-16
4.58312e-15
2.3691e-14
1.19114e-13
5.84253e-13
2.10434e-12
1.03666e-11
5.03754e-11
2.37743e-10
1.09046e-09
4.85244e-09
2.08917e-08
8.67619e-08
3.46397e-07
1.32471e-06
4.83284e-06
1.67402e-05
5.47333e-05
0.000167595
0.000475237
0.00122841
0.00283989
0.0056881
0.00991467
0.0154572
0.0220813
0.0294767
0.0373248
0.0453286
0.0532614
0.0609437
0.068244
0.0750743
0.0813828
0.0871442
0.0923507
0.0969896
0.10102
0.104314
0.1064
0.106823
0.103807
0.0933412
0.0776154
0.0617438
0.0474999
0.0354419
0.0254921
0.0166787
0.0103018
0.00626095
0.00321281
0.00128923
0.000487788
0.000173377
5.8393e-05
1.87964e-05
5.81796e-06
1.73935e-06
5.04081e-07
1.42065e-07
3.90461e-08
1.04928e-08
2.76338e-09
7.14742e-10
1.81917e-10
4.56467e-11
1.13109e-11
2.77169e-12
6.71782e-13
1.60796e-13
3.90124e-14
1.31946e-14
3.2506e-15
7.8554e-16
1.87165e-16
4.40242e-17
1.0296e-17
2.40411e-18
5.61121e-19
1.3088e-19
3.04829e-20
7.08257e-21
1.63956e-21
3.7727e-22
8.67046e-23
2.08127e-23
5.39331e-24
1.64472e-24
2.67502e-25
1.52861e-23
1.4327e-22
8.81743e-22
5.05919e-21
2.87868e-20
1.63049e-19
9.19203e-19
5.15355e-18
2.87058e-17
1.58695e-16
8.68615e-16
4.66954e-15
2.42653e-14
1.20938e-13
5.84077e-13
2.10295e-12
1.03646e-11
5.0368e-11
2.37697e-10
1.09021e-09
4.85115e-09
2.08852e-08
8.67303e-08
3.46255e-07
1.32411e-06
4.83043e-06
1.67311e-05
5.47015e-05
0.000167492
0.000474937
0.00122764
0.00283818
0.005685
0.00990986
0.0154506
0.0220731
0.0294673
0.0373148
0.0453168
0.0532486
0.0609302
0.0682303
0.0750611
0.0813706
0.0871337
0.092342
0.0969825
0.101014
0.104308
0.106394
0.106813
0.103783
0.093286
0.0775582
0.0616949
0.0474619
0.0354143
0.0254714
0.0166637
0.0102922
0.00625673
0.0032102
0.00128802
0.000487387
0.000173231
5.83409e-05
1.87793e-05
5.81291e-06
1.738e-06
5.03755e-07
1.41994e-07
3.90332e-08
1.04911e-08
2.76338e-09
7.14853e-10
1.81971e-10
4.56658e-11
1.13168e-11
2.77331e-12
6.72197e-13
1.60896e-13
3.90386e-14
1.32039e-14
3.2504e-15
7.85403e-16
1.87139e-16
4.40041e-17
1.02867e-17
2.40096e-18
5.6015e-19
1.30584e-19
3.03938e-20
7.05651e-21
1.63246e-21
3.75346e-22
8.63132e-23
2.1441e-23
6.16316e-24
1.48271e-24
2.53543e-25
)
;
    }
    frontAndBack
    {
        type            empty;
    }
}


// ************************************************************************* //
