/*--------------------------------*- C++ -*----------------------------------*\
  =========                 |
  \\      /  F ield         | OpenFOAM: The Open Source CFD Toolbox
   \\    /   O peration     | Website:  https://openfoam.org
    \\  /    A nd           | Version:  11
     \\/     M anipulation  |
\*---------------------------------------------------------------------------*/
FoamFile
{
    format      ascii;
    class       volScalarField;
    location    "0.05";
    object      N2;
}
// * * * * * * * * * * * * * * * * * * * * * * * * * * * * * * * * * * * * * //

dimensions      [0 0 0 0 0 0 0];

internalField   nonuniform List<scalar> 
4000
(
4.44089e-16
1.9984e-15
7.88258e-15
2.62013e-14
8.29337e-14
2.54019e-13
7.60392e-13
2.24609e-12
6.5965e-12
1.93381e-11
5.66942e-11
1.66078e-10
4.83789e-10
1.39199e-09
3.85453e-09
8.84594e-09
2.55341e-08
7.4954e-08
2.19027e-07
6.37549e-07
1.8479e-06
5.32332e-06
1.51987e-05
4.28512e-05
0.000118766
0.000321858
0.000847465
0.00215173
0.00521949
0.0119523
0.0254463
0.0495071
0.0856515
0.132171
0.18607
0.243864
0.30247
0.359528
0.413245
0.462796
0.50761
0.547575
0.582791
0.613512
0.640099
0.662952
0.682481
0.69908
0.713132
0.72422
0.733581
0.742044
0.748931
0.754626
0.759287
0.763035
0.765947
0.768127
0.769806
0.770758
0.771109
0.771124
0.770887
0.770595
0.770357
0.770199
0.770105
0.770053
0.770026
0.770012
0.770006
0.770003
0.770001
0.770001
0.77
0.77
0.77
0.77
0.77
0.77
0.77
0.77
0.77
0.77
0.77
0.77
0.77
0.77
0.77
0.77
0.77
0.77
0.77
0.77
0.77
0.77
0.77
0.77
0.77
0.77
0
1.77636e-15
8.43769e-15
2.95319e-14
9.52571e-14
2.94542e-13
8.93841e-13
2.6853e-12
8.02192e-12
2.38952e-11
7.1134e-11
2.11724e-10
6.24171e-10
1.80131e-09
4.04363e-09
1.13353e-08
3.33818e-08
9.77911e-08
2.85033e-07
8.26907e-07
2.38489e-06
6.82345e-06
1.93097e-05
5.38488e-05
0.000147316
0.000393256
0.00101795
0.00253595
0.00602411
0.0134841
0.028021
0.0532152
0.0898782
0.136351
0.189646
0.246562
0.304262
0.360468
0.413765
0.462966
0.50762
0.547513
0.58272
0.613453
0.640076
0.662984
0.682574
0.69925
0.713351
0.724446
0.733831
0.742308
0.749178
0.754842
0.759462
0.763164
0.766035
0.768191
0.769863
0.770812
0.771166
0.77119
0.770957
0.770656
0.770403
0.770229
0.770123
0.770063
0.770032
0.770015
0.770007
0.770003
0.770002
0.770001
0.77
0.77
0.77
0.77
0.77
0.77
0.77
0.77
0.77
0.77
0.77
0.77
0.77
0.77
0.77
0.77
0.77
0.77
0.77
0.77
0.77
0.77
0.77
0.77
0.77
0.77
5.55112e-16
2.77556e-15
9.76996e-15
3.20854e-14
1.0314e-13
3.20077e-13
9.75553e-13
2.9452e-12
8.85314e-12
2.66099e-11
8.02198e-11
2.42159e-10
7.14395e-10
1.93765e-09
4.38391e-09
1.25373e-08
3.69188e-08
1.08039e-07
3.14525e-07
9.11013e-07
2.62183e-06
7.48028e-06
2.10948e-05
5.8582e-05
0.00015949
0.000423424
0.00108936
0.0026958
0.00635775
0.0141212
0.0291055
0.0548125
0.0917901
0.138396
0.191724
0.248568
0.306113
0.362221
0.41506
0.463945
0.508308
0.547962
0.582978
0.613646
0.640241
0.663152
0.682769
0.699453
0.713564
0.724673
0.734038
0.742503
0.749347
0.754979
0.759567
0.763242
0.766097
0.768232
0.769887
0.770832
0.771192
0.771219
0.770987
0.770682
0.770422
0.770242
0.770131
0.770068
0.770034
0.770017
0.770008
0.770004
0.770002
0.770001
0.77
0.77
0.77
0.77
0.77
0.77
0.77
0.77
0.77
0.77
0.77
0.77
0.77
0.77
0.77
0.77
0.77
0.77
0.77
0.77
0.77
0.77
0.77
0.77
0.77
0.77
0
2.33147e-15
9.88098e-15
3.40838e-14
1.11133e-13
3.46723e-13
1.0606e-12
3.20932e-12
9.65106e-12
2.89327e-11
8.64722e-11
2.56607e-10
7.46545e-10
2.05277e-09
4.87389e-09
1.43686e-08
4.24763e-08
1.2441e-07
3.62124e-07
1.04756e-06
3.00735e-06
8.54855e-06
2.39898e-05
6.62209e-05
0.000179003
0.000471331
0.00120139
0.00294234
0.00686017
0.0150486
0.0306153
0.0569292
0.0942034
0.140839
0.193973
0.25049
0.307647
0.363317
0.415996
0.464717
0.508938
0.548482
0.583415
0.613963
0.640499
0.663375
0.682958
0.699624
0.713728
0.724815
0.734162
0.742612
0.749438
0.755053
0.759624
0.763285
0.766125
0.768249
0.7699
0.770852
0.77122
0.771252
0.771024
0.770716
0.770448
0.77026
0.770142
0.770074
0.770038
0.770019
0.770009
0.770004
0.770002
0.770001
0.77
0.77
0.77
0.77
0.77
0.77
0.77
0.77
0.77
0.77
0.77
0.77
0.77
0.77
0.77
0.77
0.77
0.77
0.77
0.77
0.77
0.77
0.77
0.77
0.77
0.77
5.55112e-16
3.55271e-15
1.14353e-14
3.74145e-14
1.19571e-13
3.72147e-13
1.13798e-12
3.45268e-12
1.04315e-11
3.14115e-11
9.41311e-11
2.79967e-10
8.33995e-10
1.97328e-09
5.26679e-09
1.56772e-08
4.61336e-08
1.34719e-07
3.91197e-07
1.1289e-06
3.23237e-06
9.16247e-06
2.5636e-05
7.05403e-05
0.000190037
0.000498612
0.00126625
0.00308939
0.00717421
0.0156681
0.0317112
0.0585934
0.096306
0.14319
0.196354
0.252713
0.309565
0.364808
0.41732
0.465803
0.5098
0.549163
0.583965
0.614433
0.640885
0.663684
0.683197
0.699819
0.713879
0.724932
0.734251
0.74268
0.749489
0.755088
0.759646
0.763297
0.766131
0.768249
0.7699
0.77086
0.771238
0.771275
0.771051
0.77074
0.770466
0.770271
0.770149
0.770078
0.77004
0.77002
0.77001
0.770005
0.770002
0.770001
0.77
0.77
0.77
0.77
0.77
0.77
0.77
0.77
0.77
0.77
0.77
0.77
0.77
0.77
0.77
0.77
0.77
0.77
0.77
0.77
0.77
0.77
0.77
0.77
0.77
0.77
7.77156e-16
3.77476e-15
1.24345e-14
3.9857e-14
1.24567e-13
3.82916e-13
1.17439e-12
3.5888e-12
1.09718e-11
3.35325e-11
1.01993e-10
3.02685e-10
8.25789e-10
1.95353e-09
5.77439e-09
1.71367e-08
5.04157e-08
1.47408e-07
4.28525e-07
1.23736e-06
3.54241e-06
1.0031e-05
2.80097e-05
7.68348e-05
0.000206133
0.000538009
0.00135769
0.00328831
0.00757359
0.0163943
0.0328838
0.060148
0.0981138
0.145101
0.198251
0.254528
0.311287
0.366468
0.418614
0.466819
0.510598
0.549786
0.584447
0.614802
0.641161
0.66388
0.683358
0.699932
0.713961
0.724994
0.734299
0.742712
0.749506
0.755095
0.759646
0.763291
0.766123
0.76824
0.769895
0.770866
0.771254
0.771297
0.771078
0.770765
0.770486
0.770285
0.770157
0.770083
0.770043
0.770021
0.77001
0.770005
0.770002
0.770001
0.77
0.77
0.77
0.77
0.77
0.77
0.77
0.77
0.77
0.77
0.77
0.77
0.77
0.77
0.77
0.77
0.77
0.77
0.77
0.77
0.77
0.77
0.77
0.77
0.77
0.77
1.11022e-15
3.55271e-15
1.22125e-14
4.11893e-14
1.26454e-13
3.85914e-13
1.18106e-12
3.61955e-12
1.11051e-11
3.40472e-11
1.04015e-10
3.19847e-10
7.82345e-10
2.06073e-09
6.16167e-09
1.82699e-08
5.36819e-08
1.56786e-07
4.55186e-07
1.31206e-06
3.74825e-06
1.05879e-05
2.94863e-05
8.06643e-05
0.00021582
0.00056182
0.00141425
0.00341692
0.00784955
0.0169399
0.0338469
0.0615417
0.0998546
0.147025
0.200188
0.256349
0.312912
0.367863
0.419782
0.467771
0.511356
0.550377
0.5849
0.615144
0.641417
0.664076
0.683491
0.700021
0.71402
0.725036
0.73432
0.742716
0.749501
0.755081
0.759627
0.763271
0.766106
0.768226
0.769884
0.770867
0.771266
0.771315
0.7711
0.770785
0.770501
0.770295
0.770164
0.770087
0.770045
0.770022
0.770011
0.770005
0.770002
0.770001
0.770001
0.77
0.77
0.77
0.77
0.77
0.77
0.77
0.77
0.77
0.77
0.77
0.77
0.77
0.77
0.77
0.77
0.77
0.77
0.77
0.77
0.77
0.77
0.77
0.77
0.77
6.66134e-16
2.77556e-15
1.29896e-14
4.34097e-14
1.3245e-13
3.98348e-13
1.18983e-12
3.64153e-12
1.12914e-11
3.51726e-11
1.0715e-10
2.90066e-10
7.45438e-10
2.19716e-09
6.55506e-09
1.93727e-08
5.69245e-08
1.66382e-07
4.83364e-07
1.39384e-06
3.98221e-06
1.12451e-05
3.12909e-05
8.54792e-05
0.000228215
0.000592353
0.00148552
0.00357274
0.00816401
0.0175152
0.0347821
0.0627985
0.101352
0.148649
0.20183
0.25792
0.314348
0.369124
0.420852
0.468652
0.512063
0.550931
0.585324
0.615462
0.64165
0.664242
0.683603
0.700091
0.714063
0.725055
0.734322
0.742706
0.749481
0.755055
0.759599
0.763244
0.766083
0.768207
0.769871
0.770865
0.771276
0.771331
0.771121
0.770804
0.770516
0.770305
0.77017
0.770091
0.770047
0.770023
0.770011
0.770005
0.770003
0.770001
0.770001
0.77
0.77
0.77
0.77
0.77
0.77
0.77
0.77
0.77
0.77
0.77
0.77
0.77
0.77
0.77
0.77
0.77
0.77
0.77
0.77
0.77
0.77
0.77
0.77
0.77
5.55112e-16
4.32987e-15
1.39888e-14
4.59632e-14
1.43774e-13
4.8872e-13
1.20415e-12
3.65419e-12
1.13478e-11
3.48362e-11
1.01524e-10
2.69286e-10
7.69837e-10
2.31323e-09
6.87231e-09
2.029e-08
5.96191e-08
1.74257e-07
5.06093e-07
1.45844e-06
4.16259e-06
1.17387e-05
3.26099e-05
8.89117e-05
0.000236881
0.000613484
0.001535
0.003683
0.0083945
0.0179573
0.0355384
0.0638661
0.102664
0.150094
0.203294
0.259315
0.315615
0.370233
0.421792
0.469428
0.512687
0.55142
0.585698
0.615739
0.641849
0.664377
0.683686
0.700144
0.714086
0.725059
0.734316
0.742687
0.749455
0.755027
0.75957
0.763217
0.766062
0.76819
0.769858
0.770864
0.771285
0.771345
0.771138
0.770821
0.770529
0.770314
0.770175
0.770094
0.770048
0.770024
0.770012
0.770006
0.770003
0.770001
0.770001
0.77
0.77
0.77
0.77
0.77
0.77
0.77
0.77
0.77
0.77
0.77
0.77
0.77
0.77
0.77
0.77
0.77
0.77
0.77
0.77
0.77
0.77
0.77
0.77
0.77
7.77156e-16
3.44169e-15
1.21014e-14
3.9635e-14
1.26454e-13
3.888e-13
1.1654e-12
3.48011e-12
1.03669e-11
3.09848e-11
9.07495e-11
2.71102e-10
8.0985e-10
2.40976e-09
7.1456e-09
2.11065e-08
6.20571e-08
1.81464e-07
5.27152e-07
1.51916e-06
4.33499e-06
1.22192e-05
3.39202e-05
9.23889e-05
0.00024581
0.000635509
0.00158672
0.00379733
0.00862885
0.0183941
0.0362619
0.064858
0.103861
0.1514
0.204612
0.26057
0.316758
0.371234
0.422641
0.470128
0.513248
0.551859
0.586031
0.615985
0.642023
0.664494
0.683762
0.700185
0.7141
0.725058
0.734303
0.742664
0.749427
0.754997
0.759541
0.763191
0.766041
0.768174
0.769844
0.77086
0.771291
0.771357
0.771153
0.770835
0.77054
0.770321
0.77018
0.770096
0.77005
0.770025
0.770012
0.770006
0.770003
0.770001
0.770001
0.77
0.77
0.77
0.77
0.77
0.77
0.77
0.77
0.77
0.77
0.77
0.77
0.77
0.77
0.77
0.77
0.77
0.77
0.77
0.77
0.77
0.77
0.77
0.77
0.77
3.33067e-16
2.66454e-15
1.14353e-14
3.76366e-14
1.20792e-13
3.71037e-13
1.12721e-12
3.40505e-12
1.02718e-11
3.09439e-11
9.30854e-11
2.7917e-10
8.34526e-10
2.48623e-09
7.3797e-09
2.18135e-08
6.41687e-08
1.87699e-07
5.45328e-07
1.5714e-06
4.48261e-06
1.26283e-05
3.50278e-05
9.53056e-05
0.000253239
0.000653697
0.00162917
0.00389082
0.00882027
0.0187513
0.036855
0.0656748
0.104852
0.152486
0.205716
0.261629
0.317726
0.372087
0.423369
0.47073
0.513733
0.552238
0.58632
0.616196
0.642172
0.664593
0.683823
0.700215
0.714107
0.725052
0.734287
0.742641
0.7494
0.754969
0.759514
0.763167
0.766021
0.76816
0.769831
0.770858
0.771297
0.771368
0.771167
0.770848
0.77055
0.770328
0.770184
0.770099
0.770051
0.770026
0.770013
0.770006
0.770003
0.770001
0.770001
0.77
0.77
0.77
0.77
0.77
0.77
0.77
0.77
0.77
0.77
0.77
0.77
0.77
0.77
0.77
0.77
0.77
0.77
0.77
0.77
0.77
0.77
0.77
0.77
0.77
4.44089e-16
2.9976e-15
1.13243e-14
3.71925e-14
1.19238e-13
3.70259e-13
1.1332e-12
3.4478e-12
1.04612e-11
3.16294e-11
9.52906e-11
2.86087e-10
8.55991e-10
2.5522e-09
7.58063e-09
2.24197e-08
6.59786e-08
1.9304e-07
5.60892e-07
1.61609e-06
4.60877e-06
1.29775e-05
3.59718e-05
9.77882e-05
0.00025956
0.000669181
0.0016654
0.003971
0.00898564
0.0190627
0.0373767
0.0663998
0.105736
0.153457
0.206701
0.26257
0.318585
0.372842
0.42401
0.47126
0.514159
0.55257
0.586571
0.61638
0.6423
0.664678
0.683873
0.700238
0.71411
0.725043
0.734273
0.742619
0.749375
0.754943
0.759489
0.763145
0.766004
0.768148
0.769819
0.770855
0.771301
0.771376
0.771178
0.770859
0.770558
0.770334
0.770188
0.770101
0.770052
0.770026
0.770013
0.770006
0.770003
0.770001
0.770001
0.77
0.77
0.77
0.77
0.77
0.77
0.77
0.77
0.77
0.77
0.77
0.77
0.77
0.77
0.77
0.77
0.77
0.77
0.77
0.77
0.77
0.77
0.77
0.77
0.77
4.44089e-16
2.9976e-15
1.12133e-14
3.75255e-14
1.1946e-13
3.73257e-13
1.14664e-12
3.50231e-12
1.06457e-11
3.22274e-11
9.71845e-11
2.92021e-10
8.74428e-10
2.60903e-09
7.75429e-09
2.29456e-08
6.75551e-08
1.97716e-07
5.7459e-07
1.65566e-06
4.72129e-06
1.32913e-05
3.68272e-05
0.000100057
0.000265376
0.000683499
0.00169894
0.00404489
0.00913639
0.0193418
0.0378348
0.0670231
0.106485
0.154273
0.207527
0.26336
0.319307
0.373478
0.424552
0.471709
0.51452
0.552853
0.586785
0.616536
0.642409
0.664748
0.683913
0.700256
0.714111
0.725035
0.734258
0.742599
0.749353
0.75492
0.759467
0.763125
0.765989
0.768136
0.769809
0.770852
0.771306
0.771384
0.771188
0.770868
0.770566
0.770339
0.770191
0.770103
0.770053
0.770027
0.770013
0.770006
0.770003
0.770001
0.770001
0.77
0.77
0.77
0.77
0.77
0.77
0.77
0.77
0.77
0.77
0.77
0.77
0.77
0.77
0.77
0.77
0.77
0.77
0.77
0.77
0.77
0.77
0.77
0.77
0.77
7.77156e-16
3.44169e-15
1.19904e-14
3.78586e-14
1.20903e-13
3.77254e-13
1.16018e-12
3.54905e-12
1.08019e-11
3.27278e-11
9.87691e-11
2.96986e-10
8.8985e-10
2.65653e-09
7.89931e-09
2.3384e-08
6.88664e-08
2.01592e-07
5.85896e-07
1.68815e-06
4.813e-06
1.3545e-05
3.75123e-05
0.000101855
0.000269943
0.000694653
0.00172495
0.00410219
0.0092541
0.0195626
0.0382034
0.0675348
0.107109
0.15496
0.208227
0.264031
0.319922
0.374019
0.425014
0.472091
0.514827
0.553092
0.586966
0.616667
0.642499
0.664805
0.683946
0.700269
0.71411
0.725027
0.734245
0.742581
0.749333
0.754899
0.759448
0.763108
0.765975
0.768126
0.7698
0.77085
0.771309
0.77139
0.771196
0.770876
0.770572
0.770343
0.770194
0.770104
0.770054
0.770027
0.770013
0.770006
0.770003
0.770001
0.770001
0.77
0.77
0.77
0.77
0.77
0.77
0.77
0.77
0.77
0.77
0.77
0.77
0.77
0.77
0.77
0.77
0.77
0.77
0.77
0.77
0.77
0.77
0.77
0.77
0.77
6.66134e-16
2.9976e-15
1.09912e-14
3.79696e-14
1.21347e-13
3.79585e-13
1.17217e-12
3.58935e-12
1.09326e-11
3.31464e-11
1.0009e-10
3.01125e-10
9.02728e-10
2.69627e-09
8.02089e-09
2.37525e-08
6.99721e-08
2.04873e-07
5.9551e-07
1.71592e-06
4.89192e-06
1.37649e-05
3.8111e-05
0.00010344
0.000274001
0.00070463
0.0017483
0.00415364
0.00935914
0.0197573
0.0385233
0.0679713
0.107635
0.155533
0.208807
0.264587
0.320432
0.374467
0.425395
0.472406
0.515081
0.55329
0.587115
0.616775
0.642571
0.664853
0.683972
0.70028
0.714109
0.72502
0.734233
0.742565
0.749316
0.754882
0.759431
0.763094
0.765964
0.768118
0.769793
0.770848
0.771311
0.771395
0.771203
0.770883
0.770577
0.770347
0.770196
0.770106
0.770055
0.770028
0.770014
0.770007
0.770003
0.770001
0.770001
0.77
0.77
0.77
0.77
0.77
0.77
0.77
0.77
0.77
0.77
0.77
0.77
0.77
0.77
0.77
0.77
0.77
0.77
0.77
0.77
0.77
0.77
0.77
0.77
0.77
5.55112e-16
2.77556e-15
1.13243e-14
3.79696e-14
1.22125e-13
3.82583e-13
1.18139e-12
3.62221e-12
1.10391e-11
3.34855e-11
1.01161e-10
3.04483e-10
9.13174e-10
2.7285e-09
8.11946e-09
2.40511e-08
7.0867e-08
2.07524e-07
6.03261e-07
1.73825e-06
4.95514e-06
1.39403e-05
3.85862e-05
0.000104691
0.000277187
0.000712425
0.00176648
0.00419366
0.009441
0.0199098
0.0387758
0.0683187
0.108056
0.155994
0.209276
0.265036
0.320842
0.374829
0.425704
0.472662
0.515286
0.553451
0.587236
0.616862
0.642633
0.664891
0.683992
0.700287
0.714107
0.725013
0.734223
0.742552
0.749302
0.754868
0.759418
0.763082
0.765955
0.768111
0.769787
0.770846
0.771313
0.771399
0.771209
0.770888
0.770581
0.77035
0.770198
0.770107
0.770055
0.770028
0.770014
0.770007
0.770003
0.770001
0.770001
0.77
0.77
0.77
0.77
0.77
0.77
0.77
0.77
0.77
0.77
0.77
0.77
0.77
0.77
0.77
0.77
0.77
0.77
0.77
0.77
0.77
0.77
0.77
0.77
0.77
5.55112e-16
2.55351e-15
1.14353e-14
3.85247e-14
1.22902e-13
3.85136e-13
1.18938e-12
3.64864e-12
1.11238e-11
3.3754e-11
1.02008e-10
3.07138e-10
9.21436e-10
2.754e-09
8.19745e-09
2.42874e-08
7.15756e-08
2.09624e-07
6.09408e-07
1.75598e-06
5.00538e-06
1.40799e-05
3.89651e-05
0.000105691
0.000279737
0.000718673
0.00178107
0.00422572
0.00950642
0.0200311
0.0389755
0.0685918
0.108385
0.156354
0.20964
0.265384
0.321158
0.375109
0.425944
0.47286
0.515445
0.553574
0.587329
0.61693
0.642679
0.66492
0.684007
0.700292
0.714106
0.725008
0.734215
0.742542
0.74929
0.754856
0.759407
0.763073
0.765947
0.768105
0.769781
0.770844
0.771314
0.771402
0.771213
0.770892
0.770584
0.770352
0.770199
0.770107
0.770056
0.770028
0.770014
0.770007
0.770003
0.770001
0.770001
0.77
0.77
0.77
0.77
0.77
0.77
0.77
0.77
0.77
0.77
0.77
0.77
0.77
0.77
0.77
0.77
0.77
0.77
0.77
0.77
0.77
0.77
0.77
0.77
0.77
5.55112e-16
3.55271e-15
1.16573e-14
3.86358e-14
1.2379e-13
3.87135e-13
1.19582e-12
3.66807e-12
1.11872e-11
3.39561e-11
1.02647e-10
3.09142e-10
9.27666e-10
2.77321e-09
8.25614e-09
2.44649e-08
7.21072e-08
2.11197e-07
6.14001e-07
1.76919e-06
5.04276e-06
1.41835e-05
3.92454e-05
0.000106429
0.000281614
0.000723262
0.00179175
0.0042492
0.00955428
0.0201198
0.0391215
0.0687917
0.108626
0.156617
0.209906
0.265637
0.321387
0.375312
0.426117
0.473003
0.51556
0.553663
0.587396
0.616978
0.642711
0.66494
0.684018
0.700296
0.714103
0.725002
0.734208
0.742533
0.749282
0.754848
0.759399
0.763066
0.765941
0.768101
0.769778
0.770843
0.771315
0.771404
0.771215
0.770895
0.770586
0.770353
0.7702
0.770108
0.770056
0.770028
0.770014
0.770007
0.770003
0.770001
0.770001
0.77
0.77
0.77
0.77
0.77
0.77
0.77
0.77
0.77
0.77
0.77
0.77
0.77
0.77
0.77
0.77
0.77
0.77
0.77
0.77
0.77
0.77
0.77
0.77
0.77
8.88178e-16
2.66454e-15
1.12133e-14
3.84137e-14
1.24345e-13
3.88689e-13
1.20026e-12
3.68117e-12
1.12301e-11
3.40928e-11
1.03076e-10
3.10479e-10
9.31804e-10
2.7859e-09
8.29473e-09
2.45811e-08
7.24533e-08
2.12216e-07
6.16962e-07
1.77767e-06
5.06661e-06
1.42493e-05
3.94227e-05
0.000106893
0.000282792
0.000726131
0.00179842
0.0042638
0.00958401
0.0201749
0.0392123
0.0689161
0.108777
0.156782
0.210073
0.265797
0.321536
0.375441
0.426225
0.473092
0.515631
0.553718
0.587436
0.617007
0.642731
0.664952
0.684024
0.700297
0.714102
0.724999
0.734204
0.742528
0.749276
0.754843
0.759394
0.763061
0.765938
0.768098
0.769775
0.770842
0.771315
0.771405
0.771217
0.770896
0.770587
0.770354
0.7702
0.770108
0.770056
0.770028
0.770014
0.770007
0.770003
0.770001
0.770001
0.77
0.77
0.77
0.77
0.77
0.77
0.77
0.77
0.77
0.77
0.77
0.77
0.77
0.77
0.77
0.77
0.77
0.77
0.77
0.77
0.77
0.77
0.77
0.77
0.77
7.77156e-16
3.10862e-15
1.16573e-14
3.85247e-14
1.2379e-13
3.89022e-13
1.20248e-12
3.68805e-12
1.12509e-11
3.41561e-11
1.03274e-10
3.11092e-10
9.33686e-10
2.79164e-09
8.31206e-09
2.4633e-08
7.26071e-08
2.12667e-07
6.18265e-07
1.78138e-06
5.07703e-06
1.42779e-05
3.94996e-05
0.000107094
0.000283299
0.000727364
0.00180128
0.00427005
0.00959674
0.0201986
0.0392514
0.06897
0.108842
0.156854
0.210147
0.265869
0.321602
0.375499
0.426274
0.473133
0.515663
0.553743
0.587456
0.617021
0.642741
0.664958
0.684028
0.700299
0.714102
0.724999
0.734203
0.742527
0.749275
0.75484
0.759392
0.763059
0.765936
0.768097
0.769774
0.770841
0.771316
0.771406
0.771217
0.770897
0.770588
0.770354
0.770201
0.770108
0.770056
0.770029
0.770014
0.770007
0.770003
0.770001
0.770001
0.77
0.77
0.77
0.77
0.77
0.77
0.77
0.77
0.77
0.77
0.77
0.77
0.77
0.77
0.77
0.77
0.77
0.77
0.77
0.77
0.77
0.77
0.77
0.77
0.77
1.11022e-16
2.9976e-15
1.15463e-14
3.86358e-14
1.24345e-13
3.89577e-13
1.20282e-12
3.68927e-12
1.12524e-11
3.41613e-11
1.03289e-10
3.11137e-10
9.33813e-10
2.79199e-09
8.31305e-09
2.46357e-08
7.26143e-08
2.12686e-07
6.18314e-07
1.7815e-06
5.07732e-06
1.42786e-05
3.9501e-05
0.000107097
0.000283304
0.00072737
0.00180128
0.00427003
0.00959666
0.0201983
0.0392508
0.0689689
0.10884
0.156851
0.210143
0.265865
0.321598
0.375494
0.42627
0.473129
0.51566
0.553741
0.587453
0.617019
0.64274
0.664957
0.684028
0.700299
0.714103
0.724999
0.734204
0.742528
0.749275
0.754841
0.759392
0.763059
0.765936
0.768097
0.769774
0.770841
0.771316
0.771406
0.771217
0.770897
0.770588
0.770354
0.770201
0.770108
0.770056
0.770029
0.770014
0.770007
0.770003
0.770001
0.770001
0.77
0.77
0.77
0.77
0.77
0.77
0.77
0.77
0.77
0.77
0.77
0.77
0.77
0.77
0.77
0.77
0.77
0.77
0.77
0.77
0.77
0.77
0.77
0.77
0.77
8.88178e-16
3.44169e-15
1.16573e-14
3.86358e-14
1.24123e-13
3.888e-13
1.20226e-12
3.68494e-12
1.12383e-11
3.4117e-11
1.03147e-10
3.10687e-10
9.32403e-10
2.78761e-09
8.29952e-09
2.45943e-08
7.24891e-08
2.12311e-07
6.17207e-07
1.77828e-06
5.06809e-06
1.42527e-05
3.94301e-05
0.000106908
0.000282819
0.000726172
0.00179846
0.00426378
0.00958379
0.0201742
0.0392105
0.0689126
0.108771
0.156774
0.210063
0.265786
0.321524
0.375428
0.426213
0.473081
0.515621
0.55371
0.58743
0.617002
0.642728
0.66495
0.684024
0.700298
0.714104
0.725001
0.734207
0.742531
0.749279
0.754844
0.759395
0.763062
0.765938
0.768098
0.769775
0.770842
0.771315
0.771405
0.771217
0.770896
0.770587
0.770354
0.7702
0.770108
0.770056
0.770028
0.770014
0.770007
0.770003
0.770001
0.770001
0.77
0.77
0.77
0.77
0.77
0.77
0.77
0.77
0.77
0.77
0.77
0.77
0.77
0.77
0.77
0.77
0.77
0.77
0.77
0.77
0.77
0.77
0.77
0.77
0.77
6.66134e-16
3.55271e-15
1.16573e-14
3.88578e-14
1.24012e-13
3.87357e-13
1.19782e-12
3.67273e-12
1.12013e-11
3.39981e-11
1.02771e-10
3.09504e-10
9.28717e-10
2.77622e-09
8.26464e-09
2.44885e-08
7.21715e-08
2.11368e-07
6.14445e-07
1.77031e-06
5.04546e-06
1.41898e-05
3.92591e-05
0.000106456
0.000281664
0.000723337
0.00179183
0.00424915
0.00955381
0.0201183
0.039118
0.0687849
0.108615
0.156602
0.209887
0.265617
0.321368
0.37529
0.426095
0.472983
0.515542
0.553649
0.587384
0.616969
0.642706
0.664936
0.684017
0.700296
0.714106
0.725006
0.734212
0.742537
0.749285
0.754851
0.759401
0.763067
0.765942
0.768101
0.769778
0.770843
0.771315
0.771404
0.771215
0.770895
0.770586
0.770353
0.7702
0.770108
0.770056
0.770028
0.770014
0.770007
0.770003
0.770001
0.770001
0.77
0.77
0.77
0.77
0.77
0.77
0.77
0.77
0.77
0.77
0.77
0.77
0.77
0.77
0.77
0.77
0.77
0.77
0.77
0.77
0.77
0.77
0.77
0.77
0.77
6.66134e-16
3.44169e-15
1.13243e-14
3.83027e-14
1.23346e-13
3.86136e-13
1.19238e-12
3.65441e-12
1.11409e-11
3.38063e-11
1.02163e-10
3.07594e-10
9.22758e-10
2.75779e-09
8.20813e-09
2.4317e-08
7.16564e-08
2.09839e-07
6.09966e-07
1.75738e-06
5.00877e-06
1.40877e-05
3.8982e-05
0.000105725
0.000279798
0.000718761
0.00178114
0.00422561
0.00950569
0.0200288
0.0389703
0.0685822
0.10837
0.156333
0.209613
0.265353
0.321126
0.375077
0.425912
0.472831
0.51542
0.553553
0.587312
0.616917
0.64267
0.664914
0.684006
0.700293
0.714108
0.725011
0.734219
0.742547
0.749295
0.75486
0.759409
0.763074
0.765948
0.768105
0.769782
0.770844
0.771314
0.771402
0.771212
0.770892
0.770584
0.770352
0.770199
0.770107
0.770056
0.770028
0.770014
0.770007
0.770003
0.770001
0.770001
0.77
0.77
0.77
0.77
0.77
0.77
0.77
0.77
0.77
0.77
0.77
0.77
0.77
0.77
0.77
0.77
0.77
0.77
0.77
0.77
0.77
0.77
0.77
0.77
0.77
4.44089e-16
3.77476e-15
1.17684e-14
3.78586e-14
1.22569e-13
3.83804e-13
1.1845e-12
3.62932e-12
1.10612e-11
3.35504e-11
1.01353e-10
3.05047e-10
9.14807e-10
2.73317e-09
8.13263e-09
2.40876e-08
7.09664e-08
2.07788e-07
6.03947e-07
1.73997e-06
4.95929e-06
1.39499e-05
3.86068e-05
0.000104732
0.000277259
0.000712525
0.00176655
0.00419346
0.00943996
0.0199067
0.0387689
0.0683059
0.108035
0.155966
0.209241
0.264995
0.320798
0.374786
0.425663
0.472625
0.515254
0.553423
0.587214
0.616846
0.642621
0.664884
0.68399
0.700288
0.71411
0.725017
0.734228
0.742558
0.749307
0.754872
0.759421
0.763084
0.765956
0.768111
0.769787
0.770846
0.771313
0.771399
0.771208
0.770888
0.770581
0.770349
0.770198
0.770107
0.770055
0.770028
0.770014
0.770007
0.770003
0.770001
0.770001
0.77
0.77
0.77
0.77
0.77
0.77
0.77
0.77
0.77
0.77
0.77
0.77
0.77
0.77
0.77
0.77
0.77
0.77
0.77
0.77
0.77
0.77
0.77
0.77
0.77
5.55112e-16
2.66454e-15
1.14353e-14
3.77476e-14
1.21569e-13
3.80584e-13
1.17462e-12
3.59779e-12
1.09581e-11
3.32234e-11
1.00319e-10
3.01798e-10
9.04677e-10
2.70184e-09
8.03658e-09
2.3796e-08
7.00903e-08
2.05187e-07
5.96322e-07
1.71796e-06
4.89682e-06
1.37761e-05
3.81352e-05
0.000103488
0.000274083
0.000704738
0.00174835
0.00415334
0.00935774
0.0197533
0.0385145
0.0679551
0.107609
0.155498
0.208763
0.264537
0.320377
0.374414
0.425345
0.47236
0.51504
0.553256
0.587088
0.616755
0.642559
0.664845
0.683968
0.70028
0.714112
0.725025
0.73424
0.742573
0.749323
0.754887
0.759435
0.763096
0.765965
0.768119
0.769793
0.770848
0.771311
0.771395
0.771203
0.770883
0.770577
0.770347
0.770196
0.770106
0.770055
0.770028
0.770014
0.770007
0.770003
0.770001
0.770001
0.77
0.77
0.77
0.77
0.77
0.77
0.77
0.77
0.77
0.77
0.77
0.77
0.77
0.77
0.77
0.77
0.77
0.77
0.77
0.77
0.77
0.77
0.77
0.77
0.77
4.44089e-16
2.66454e-15
1.11022e-14
3.76366e-14
1.20681e-13
3.77587e-13
1.16351e-12
3.55893e-12
1.0832e-11
3.28183e-11
9.90357e-11
2.97766e-10
8.92107e-10
2.66298e-09
7.91744e-09
2.34342e-08
6.90026e-08
2.01953e-07
5.86829e-07
1.69048e-06
4.8186e-06
1.35578e-05
3.75396e-05
0.000101908
0.000270032
0.000694763
0.00172497
0.00410175
0.00925228
0.0195575
0.0381924
0.0675149
0.107078
0.154918
0.208174
0.263971
0.319858
0.373956
0.424953
0.472035
0.514779
0.553052
0.586933
0.616642
0.642482
0.664795
0.683941
0.700269
0.714114
0.725033
0.734252
0.742589
0.749341
0.754905
0.759452
0.763111
0.765977
0.768127
0.7698
0.77085
0.771308
0.77139
0.771196
0.770876
0.770572
0.770343
0.770194
0.770104
0.770054
0.770027
0.770013
0.770006
0.770003
0.770001
0.770001
0.77
0.77
0.77
0.77
0.77
0.77
0.77
0.77
0.77
0.77
0.77
0.77
0.77
0.77
0.77
0.77
0.77
0.77
0.77
0.77
0.77
0.77
0.77
0.77
0.77
6.66134e-16
2.66454e-15
1.13243e-14
3.74145e-14
1.20681e-13
3.74589e-13
1.15097e-12
3.51374e-12
1.06802e-11
3.23297e-11
9.74858e-11
2.92902e-10
8.76973e-10
2.61628e-09
7.77467e-09
2.30019e-08
6.77078e-08
1.9812e-07
5.75633e-07
1.65826e-06
4.72751e-06
1.33054e-05
3.68572e-05
0.000100114
0.00026547
0.000683606
0.00169892
0.00404428
0.00913409
0.0193356
0.0378215
0.0669992
0.106448
0.154222
0.207465
0.26329
0.319233
0.373404
0.424482
0.471644
0.514464
0.552805
0.586747
0.616506
0.642387
0.664735
0.683906
0.700255
0.714114
0.725042
0.734267
0.742609
0.749362
0.754926
0.759472
0.763128
0.76599
0.768137
0.769809
0.770852
0.771305
0.771384
0.771188
0.770868
0.770565
0.770339
0.770191
0.770103
0.770053
0.770027
0.770013
0.770006
0.770003
0.770001
0.770001
0.77
0.77
0.77
0.77
0.77
0.77
0.77
0.77
0.77
0.77
0.77
0.77
0.77
0.77
0.77
0.77
0.77
0.77
0.77
0.77
0.77
0.77
0.77
0.77
0.77
3.33067e-16
2.55351e-15
1.03251e-14
3.68594e-14
1.19349e-13
3.71481e-13
1.13742e-12
3.46134e-12
1.05e-11
3.17427e-11
9.5624e-11
2.87061e-10
8.58798e-10
2.56019e-09
7.60306e-09
2.24816e-08
6.61462e-08
1.93484e-07
5.62033e-07
1.61892e-06
4.61554e-06
1.29928e-05
3.60039e-05
9.78492e-05
0.000259657
0.000669281
0.00166533
0.00397021
0.00898282
0.0190553
0.037361
0.0663718
0.105693
0.153398
0.20663
0.262489
0.3185
0.372757
0.423929
0.471186
0.514094
0.552516
0.586527
0.616346
0.642276
0.664663
0.683865
0.700237
0.714114
0.725052
0.734283
0.74263
0.749386
0.75495
0.759494
0.763148
0.766006
0.768149
0.76982
0.770855
0.771301
0.771376
0.771178
0.770859
0.770558
0.770334
0.770188
0.770101
0.770052
0.770026
0.770013
0.770006
0.770003
0.770001
0.770001
0.77
0.77
0.77
0.77
0.77
0.77
0.77
0.77
0.77
0.77
0.77
0.77
0.77
0.77
0.77
0.77
0.77
0.77
0.77
0.77
0.77
0.77
0.77
0.77
0.77
1.11022e-16
1.88738e-15
1.07692e-14
3.78586e-14
1.20792e-13
3.72924e-13
1.13143e-12
3.41827e-12
1.03131e-11
3.10735e-11
9.34504e-11
2.8022e-10
8.37553e-10
2.49485e-09
7.40387e-09
2.18802e-08
6.43488e-08
1.88174e-07
5.46549e-07
1.57443e-06
4.48982e-06
1.26445e-05
3.50616e-05
9.53687e-05
0.000253336
0.000653783
0.00162904
0.00388982
0.0088169
0.0187427
0.0368368
0.0656425
0.104803
0.152419
0.205635
0.261537
0.31763
0.371991
0.423277
0.470647
0.513661
0.552177
0.586271
0.616159
0.642145
0.664577
0.683814
0.700213
0.714111
0.72506
0.7343
0.742654
0.749412
0.754977
0.75952
0.763171
0.766024
0.768161
0.769832
0.770858
0.771297
0.771367
0.771166
0.770848
0.770549
0.770328
0.770184
0.770099
0.770051
0.770026
0.770013
0.770006
0.770003
0.770001
0.770001
0.77
0.77
0.77
0.77
0.77
0.77
0.77
0.77
0.77
0.77
0.77
0.77
0.77
0.77
0.77
0.77
0.77
0.77
0.77
0.77
0.77
0.77
0.77
0.77
0.77
5.55112e-16
3.33067e-15
1.21014e-14
4.04121e-14
1.2701e-13
3.90687e-13
1.17117e-12
3.49476e-12
1.04052e-11
3.09901e-11
9.12094e-11
2.72369e-10
8.13302e-10
2.41914e-09
7.17136e-09
2.1177e-08
6.22473e-08
1.81965e-07
5.28437e-07
1.52235e-06
4.34253e-06
1.22361e-05
3.39551e-05
9.2453e-05
0.000245904
0.000635577
0.00158652
0.00379613
0.00862492
0.0183842
0.0362411
0.0648213
0.103806
0.151324
0.204521
0.260467
0.316649
0.371126
0.422539
0.470035
0.513167
0.551791
0.585977
0.615943
0.641994
0.664475
0.683751
0.70018
0.714103
0.725067
0.734315
0.742678
0.74944
0.755006
0.759548
0.763196
0.766043
0.768176
0.769845
0.77086
0.77129
0.771356
0.771152
0.770835
0.770539
0.770321
0.77018
0.770096
0.77005
0.770025
0.770012
0.770006
0.770003
0.770001
0.770001
0.77
0.77
0.77
0.77
0.77
0.77
0.77
0.77
0.77
0.77
0.77
0.77
0.77
0.77
0.77
0.77
0.77
0.77
0.77
0.77
0.77
0.77
0.77
0.77
0.77
6.66134e-16
4.10783e-15
1.40998e-14
4.64073e-14
1.44218e-13
4.90274e-13
1.20848e-12
3.67928e-12
1.15962e-11
3.80377e-11
9.70586e-11
2.72524e-10
7.7531e-10
2.31997e-09
6.89686e-09
2.03625e-08
5.98164e-08
1.74777e-07
5.07424e-07
1.46173e-06
4.17037e-06
1.1756e-05
3.26455e-05
8.89758e-05
0.000236971
0.000613532
0.00153472
0.00368159
0.00839001
0.017946
0.035515
0.0638249
0.102602
0.150009
0.203191
0.259198
0.315493
0.370113
0.421678
0.469325
0.512597
0.551345
0.585639
0.615694
0.641818
0.664358
0.683678
0.700141
0.714088
0.725069
0.734328
0.742702
0.749469
0.755037
0.759578
0.763222
0.766065
0.768192
0.769859
0.770864
0.771284
0.771345
0.771138
0.770821
0.770528
0.770314
0.770175
0.770094
0.770048
0.770024
0.770012
0.770006
0.770003
0.770001
0.770001
0.77
0.77
0.77
0.77
0.77
0.77
0.77
0.77
0.77
0.77
0.77
0.77
0.77
0.77
0.77
0.77
0.77
0.77
0.77
0.77
0.77
0.77
0.77
0.77
0.77
7.77156e-16
3.33067e-15
1.29896e-14
4.37428e-14
1.33116e-13
4.01679e-13
1.20226e-12
3.68483e-12
1.14241e-11
3.52748e-11
1.03881e-10
2.91683e-10
7.38976e-10
2.21647e-09
6.58927e-09
1.94505e-08
5.71265e-08
1.66911e-07
4.84713e-07
1.39717e-06
3.99004e-06
1.12625e-05
3.13262e-05
8.55416e-05
0.000228298
0.000592376
0.00148517
0.00357111
0.00815899
0.0175028
0.0347565
0.0627535
0.101283
0.148557
0.201719
0.257795
0.314218
0.368995
0.42073
0.468542
0.511967
0.550851
0.585261
0.615414
0.641617
0.664222
0.683593
0.700093
0.714068
0.725065
0.734338
0.742721
0.749495
0.755067
0.759607
0.763249
0.766087
0.768209
0.769872
0.770865
0.771275
0.771331
0.77112
0.770804
0.770515
0.770305
0.77017
0.77009
0.770047
0.770023
0.770011
0.770005
0.770003
0.770001
0.770001
0.77
0.77
0.77
0.77
0.77
0.77
0.77
0.77
0.77
0.77
0.77
0.77
0.77
0.77
0.77
0.77
0.77
0.77
0.77
0.77
0.77
0.77
0.77
0.77
0.77
7.77156e-16
3.10862e-15
1.22125e-14
4.09672e-14
1.27121e-13
3.888e-13
1.19238e-12
3.6593e-12
1.12303e-11
3.43837e-11
1.04678e-10
3.22998e-10
8.08012e-10
2.05781e-09
6.17814e-09
1.83422e-08
5.38841e-08
1.57318e-07
4.56542e-07
1.31539e-06
3.75609e-06
1.06052e-05
2.95212e-05
8.07251e-05
0.000215897
0.000561822
0.00141383
0.0034151
0.00784405
0.0169264
0.033819
0.0614926
0.0997801
0.146925
0.200066
0.256212
0.312767
0.367719
0.419646
0.46765
0.511252
0.550291
0.584833
0.615094
0.641382
0.664053
0.68348
0.700022
0.714027
0.725046
0.734335
0.742734
0.749516
0.755093
0.759635
0.763276
0.76611
0.768228
0.769885
0.770867
0.771265
0.771314
0.771099
0.770784
0.7705
0.770295
0.770164
0.770087
0.770045
0.770022
0.770011
0.770005
0.770002
0.770001
0.770001
0.77
0.77
0.77
0.77
0.77
0.77
0.77
0.77
0.77
0.77
0.77
0.77
0.77
0.77
0.77
0.77
0.77
0.77
0.77
0.77
0.77
0.77
0.77
0.77
0.77
6.66134e-16
3.10862e-15
1.19904e-14
3.9968e-14
1.25677e-13
3.86802e-13
1.18483e-12
3.62232e-12
1.10627e-11
3.36708e-11
1.01453e-10
2.98703e-10
8.34938e-10
1.96553e-09
5.8026e-09
1.72126e-08
5.06146e-08
1.47926e-07
4.29844e-07
1.24059e-06
3.55e-06
1.00477e-05
2.80429e-05
7.68913e-05
0.000206199
0.000537983
0.0013572
0.0032863
0.00756764
0.0163797
0.0328538
0.0600953
0.0980339
0.144994
0.198119
0.25438
0.31113
0.366312
0.418468
0.466689
0.510487
0.549695
0.584377
0.614752
0.641129
0.663865
0.683349
0.699935
0.713971
0.72501
0.734315
0.74273
0.749524
0.755108
0.759655
0.763297
0.766127
0.768243
0.769896
0.770866
0.771254
0.771296
0.771078
0.770764
0.770485
0.770284
0.770157
0.770083
0.770042
0.770021
0.77001
0.770005
0.770002
0.770001
0.77
0.77
0.77
0.77
0.77
0.77
0.77
0.77
0.77
0.77
0.77
0.77
0.77
0.77
0.77
0.77
0.77
0.77
0.77
0.77
0.77
0.77
0.77
0.77
0.77
0.77
4.44089e-16
2.77556e-15
1.11022e-14
3.77476e-14
1.2057e-13
3.74589e-13
1.14797e-12
3.48466e-12
1.05193e-11
3.16137e-11
9.44465e-11
2.80083e-10
8.38694e-10
1.99127e-09
5.28831e-09
1.57453e-08
4.63243e-08
1.3522e-07
3.92472e-07
1.13203e-06
3.23967e-06
9.17844e-06
2.56676e-05
7.05929e-05
0.000190093
0.000498561
0.0012657
0.00308722
0.00716785
0.0156526
0.0316791
0.0585368
0.0962204
0.143076
0.196217
0.252561
0.309409
0.364654
0.417164
0.465665
0.509683
0.549067
0.58389
0.614378
0.640848
0.66366
0.683182
0.699815
0.713888
0.724949
0.734272
0.742702
0.749508
0.755103
0.759657
0.763304
0.766135
0.768252
0.769901
0.77086
0.771237
0.771274
0.77105
0.770739
0.770465
0.770271
0.770149
0.770078
0.77004
0.77002
0.77001
0.770005
0.770002
0.770001
0.77
0.77
0.77
0.77
0.77
0.77
0.77
0.77
0.77
0.77
0.77
0.77
0.77
0.77
0.77
0.77
0.77
0.77
0.77
0.77
0.77
0.77
0.77
0.77
0.77
0.77
5.55112e-16
2.33147e-15
9.76996e-15
3.4639e-14
1.11799e-13
3.49387e-13
1.07003e-12
3.23641e-12
9.72911e-12
2.91616e-11
8.73379e-11
2.61198e-10
7.65937e-10
2.05645e-09
4.88952e-09
1.44334e-08
4.26561e-08
1.24879e-07
3.63313e-07
1.05047e-06
3.01412e-06
8.56326e-06
2.40186e-05
6.62674e-05
0.000179046
0.000471252
0.00120078
0.00294004
0.00685349
0.0150324
0.0305816
0.0568694
0.0941129
0.140719
0.193828
0.25033
0.30748
0.363151
0.415835
0.464574
0.508816
0.548383
0.58334
0.613912
0.64046
0.66335
0.682952
0.699626
0.713737
0.724832
0.734183
0.742636
0.74946
0.75507
0.759636
0.763293
0.766129
0.768252
0.769901
0.770852
0.771219
0.771251
0.771024
0.770715
0.770448
0.770259
0.770142
0.770074
0.770038
0.770018
0.770009
0.770004
0.770002
0.770001
0.77
0.77
0.77
0.77
0.77
0.77
0.77
0.77
0.77
0.77
0.77
0.77
0.77
0.77
0.77
0.77
0.77
0.77
0.77
0.77
0.77
0.77
0.77
0.77
0.77
0.77
3.33067e-16
2.44249e-15
9.4369e-15
3.21965e-14
1.03251e-13
3.21632e-13
9.81215e-13
2.96396e-12
8.90643e-12
2.67572e-11
8.06863e-11
2.44149e-10
7.22479e-10
1.95187e-09
4.40729e-09
1.25924e-08
3.70771e-08
1.08462e-07
3.156e-07
9.13644e-07
2.62795e-06
7.49352e-06
2.11203e-05
5.86213e-05
0.000159519
0.000423314
0.00108868
0.00269333
0.00635066
0.0141039
0.0290694
0.0547481
0.0916924
0.138265
0.191564
0.248386
0.305916
0.362014
0.414878
0.463788
0.508178
0.547861
0.582903
0.613583
0.640198
0.663126
0.682757
0.699457
0.71358
0.724694
0.734065
0.742533
0.749374
0.754999
0.759581
0.763252
0.766103
0.768236
0.769888
0.770833
0.771191
0.771218
0.770986
0.770681
0.770422
0.770242
0.770131
0.770068
0.770034
0.770017
0.770008
0.770004
0.770002
0.770001
0.77
0.77
0.77
0.77
0.77
0.77
0.77
0.77
0.77
0.77
0.77
0.77
0.77
0.77
0.77
0.77
0.77
0.77
0.77
0.77
0.77
0.77
0.77
0.77
0.77
0.77
2.22045e-16
2.33147e-15
9.4369e-15
3.0087e-14
9.57012e-14
2.95874e-13
8.9917e-13
2.7025e-12
8.06988e-12
2.40177e-11
7.14485e-11
2.12558e-10
6.26121e-10
1.81334e-09
4.07364e-09
1.13899e-08
3.35252e-08
9.81687e-08
2.8599e-07
8.29237e-07
2.39026e-06
6.83494e-06
1.93317e-05
5.38814e-05
0.000147332
0.000393126
0.00101724
0.00253345
0.00601695
0.0134666
0.0279843
0.0531494
0.0897777
0.136216
0.189484
0.246383
0.304078
0.360295
0.413597
0.462824
0.50749
0.547404
0.58263
0.61339
0.640036
0.662962
0.682569
0.699253
0.713368
0.724475
0.733862
0.742342
0.749209
0.754866
0.759479
0.763175
0.766041
0.768195
0.769865
0.770812
0.771166
0.771189
0.770956
0.770655
0.770403
0.770229
0.770123
0.770063
0.770032
0.770015
0.770007
0.770003
0.770002
0.770001
0.77
0.77
0.77
0.77
0.77
0.77
0.77
0.77
0.77
0.77
0.77
0.77
0.77
0.77
0.77
0.77
0.77
0.77
0.77
0.77
0.77
0.77
0.77
0.77
0.77
0.77
2.22045e-16
2.10942e-15
8.10463e-15
2.67564e-14
8.42659e-14
2.56795e-13
7.66831e-13
2.26341e-12
6.64402e-12
1.94773e-11
5.71653e-11
1.67935e-10
4.90999e-10
1.41365e-09
3.87277e-09
8.879e-09
2.56374e-08
7.52315e-08
2.19725e-07
6.39239e-07
1.8518e-06
5.33156e-06
1.52137e-05
4.28705e-05
0.000118761
0.0003217
0.000846733
0.00214925
0.00521244
0.011935
0.0254094
0.0494396
0.085547
0.13203
0.185899
0.243676
0.30228
0.359345
0.413073
0.462632
0.507473
0.547465
0.582707
0.613454
0.640064
0.662937
0.682483
0.699098
0.713158
0.724254
0.733623
0.742088
0.748969
0.754655
0.759308
0.763048
0.765956
0.768132
0.769808
0.770759
0.771109
0.771123
0.770886
0.770594
0.770357
0.770198
0.770104
0.770053
0.770026
0.770012
0.770006
0.770003
0.770001
0.770001
0.77
0.77
0.77
0.77
0.77
0.77
0.77
0.77
0.77
0.77
0.77
0.77
0.77
0.77
0.77
0.77
0.77
0.77
0.77
0.77
0.77
0.77
0.77
0.77
0.77
0.77
)
;

boundaryField
{
    fuel
    {
        type            fixedValue;
        value           uniform 0;
    }
    air
    {
        type            fixedValue;
        value           uniform 0.77;
    }
    outlet
    {
        type            inletOutlet;
        inletValue      uniform 1;
        value           nonuniform List<scalar> 
200
(
4.44089e-16
1.9984e-15
7.88258e-15
2.62013e-14
8.29337e-14
2.54019e-13
7.60392e-13
2.24609e-12
6.5965e-12
1.93381e-11
5.66942e-11
1.66078e-10
4.83789e-10
1.39199e-09
3.85453e-09
8.84594e-09
2.55341e-08
7.4954e-08
2.19027e-07
6.37549e-07
1.8479e-06
5.32332e-06
1.51987e-05
4.28512e-05
0.000118766
0.000321858
0.000847465
0.00215173
0.00521949
0.0119523
0.0254463
0.0495071
0.0856515
0.132171
0.18607
0.243864
0.30247
0.359528
0.413245
0.462796
0.50761
0.547575
0.582791
0.613512
0.640099
0.662952
0.682481
0.69908
0.713132
0.72422
0.733581
0.742044
0.748931
0.754626
0.759287
0.763035
0.765947
0.768127
0.769806
0.770758
0.771109
0.771124
0.770887
0.770595
0.770357
0.770199
0.770105
0.770053
0.770026
0.770012
0.770006
0.770003
0.770001
0.770001
0.77
0.77
0.77
0.77
0.77
0.77
0.77
0.77
0.77
0.77
0.77
0.77
0.77
0.77
0.77
0.77
0.77
0.77
0.77
0.77
0.77
0.77
0.77
0.77
0.77
0.77
2.22045e-16
2.10942e-15
8.10463e-15
2.67564e-14
8.42659e-14
2.56795e-13
7.66831e-13
2.26341e-12
6.64402e-12
1.94773e-11
5.71653e-11
1.67935e-10
4.90999e-10
1.41365e-09
3.87277e-09
8.879e-09
2.56374e-08
7.52315e-08
2.19725e-07
6.39239e-07
1.8518e-06
5.33156e-06
1.52137e-05
4.28705e-05
0.000118761
0.0003217
0.000846733
0.00214925
0.00521244
0.011935
0.0254094
0.0494396
0.085547
0.13203
0.185899
0.243676
0.30228
0.359345
0.413073
0.462632
0.507473
0.547465
0.582707
0.613454
0.640064
0.662937
0.682483
0.699098
0.713158
0.724254
0.733623
0.742088
0.748969
0.754655
0.759308
0.763048
0.765956
0.768132
0.769808
0.770759
0.771109
0.771123
0.770886
0.770594
0.770357
0.770198
0.770104
0.770053
0.770026
0.770012
0.770006
0.770003
0.770001
0.770001
0.77
0.77
0.77
0.77
0.77
0.77
0.77
0.77
0.77
0.77
0.77
0.77
0.77
0.77
0.77
0.77
0.77
0.77
0.77
0.77
0.77
0.77
0.77
0.77
0.77
0.77
)
;
    }
    frontAndBack
    {
        type            empty;
    }
}


// ************************************************************************* //
