/*--------------------------------*- C++ -*----------------------------------*\
  =========                 |
  \\      /  F ield         | OpenFOAM: The Open Source CFD Toolbox
   \\    /   O peration     | Website:  https://openfoam.org
    \\  /    A nd           | Version:  11
     \\/     M anipulation  |
\*---------------------------------------------------------------------------*/
FoamFile
{
    format      ascii;
    class       volScalarField;
    location    "0.05";
    object      Qdot;
}
// * * * * * * * * * * * * * * * * * * * * * * * * * * * * * * * * * * * * * //

dimensions      [1 -1 -3 0 0 0 0];

internalField   nonuniform List<scalar> 
4000
(
-2.96896e-06
-2.96896e-06
0
9.30594e-25
0
2.96896e-06
-2.96896e-06
2.96896e-06
2.96896e-06
0
5.84746e-29
-2.96896e-06
2.96896e-06
-2.96896e-06
0
2.96896e-06
-2.96896e-06
0
-2.96896e-06
0
6.24508e-17
0
-2.96883e-06
0
2.96792e-06
-2.96611e-06
0
-2.94937e-06
-2.92073e-06
0
2.73632e-06
-2.53957e-06
2.06611e-07
4.77094e-05
0.00622678
0.34292
8.62202
114.293
906.805
4786.76
18232.8
54086.1
134979
304449
644023
1.6913e+06
4.2056e+06
1.03896e+07
2.47643e+07
5.57698e+07
1.2544e+08
2.96083e+08
2.54678e+08
9.53903e+07
3.37116e+07
1.08691e+07
3.21022e+06
670576
21570.2
125.968
0.600336
0.000657773
1.28343e-06
2.1635e-08
-1.45276e-10
-2.24955e-11
-4.84786e-12
-1.19539e-12
-3.05407e-13
-7.76335e-14
-1.94905e-14
-4.77607e-15
-1.15524e-15
-2.70614e-16
-6.21933e-17
2.37552e-15
-3.12864e-18
-6.84984e-19
-3.74862e-17
-3.12569e-20
-6.51802e-21
-1.36101e-21
-4.07376e-22
-8.70882e-23
-1.82278e-23
-3.68895e-24
-7.32366e-25
1.42294e-22
-2.81136e-26
-5.5097e-27
-1.06839e-27
-2.07497e-28
-4.02852e-29
-7.82941e-30
-1.51759e-30
-2.92094e-31
-6.06283e-32
-1.44834e-32
-3.94084e-33
-5.62075e-34
-1.39414e-35
-2.96896e-06
-2.96896e-06
2.96896e-06
0
-2.96896e-06
-2.96896e-06
2.96896e-06
0
0
-2.96896e-06
2.96896e-06
0
2.96896e-06
-2.96896e-06
2.96896e-06
0
0
0
2.96895e-06
2.96894e-06
2.9689e-06
2.96879e-06
-2.96849e-06
0
-2.96543e-06
-2.9598e-06
-2.9458e-06
0
0
0
-2.01279e-15
3.74667e-07
7.09349e-05
0.00797683
0.393273
9.20915
116.918
911.312
4771.96
18144.1
53910.3
135036
305937
649974
1.71522e+06
4.3038e+06
1.0634e+07
2.53881e+07
5.71669e+07
1.28691e+08
3.03906e+08
2.47869e+08
9.25479e+07
3.25777e+07
1.04658e+07
3.08838e+06
643781
21778.7
139.951
0.685183
0.0011911
2.07511e-06
2.99677e-08
-1.93255e-10
-2.86555e-11
-6.14811e-12
-1.52208e-12
-3.9595e-13
-1.03087e-13
-2.62449e-14
-6.63975e-15
-1.62121e-15
-3.88323e-16
-9.10144e-17
-2.08576e-17
-4.70245e-18
-1.03814e-18
-2.25168e-19
-4.79963e-20
-1.00733e-20
-2.07392e-21
-4.51354e-22
-1.37142e-22
-2.6763e-23
-5.40685e-24
-1.08047e-24
-2.12477e-25
-4.15346e-26
-8.01731e-27
-1.54519e-27
-2.95793e-28
-5.71167e-29
-1.08991e-29
-2.08669e-30
-3.94488e-31
-8.56881e-32
-1.01981e-28
-4.10925e-33
-5.72601e-34
-2.96896e-06
2.96896e-06
0
0
3.72238e-24
-2.96896e-06
0
0
-2.96896e-06
-9.52929e-22
0
2.96896e-06
-2.96896e-06
2.96896e-06
0
2.96896e-06
2.96896e-06
0
-2.96896e-06
2.96895e-06
2.96894e-06
2.9689e-06
2.96878e-06
0
1.63408e-11
-2.96519e-06
0
-2.94429e-06
-2.91005e-06
0
-2.70487e-06
-2.50015e-06
4.23619e-07
8.62087e-05
0.00928149
0.438656
9.93477
123.289
938.197
4841.24
18255.3
54061.4
135424
307492
654922
1.73371e+06
4.37541e+06
1.07921e+07
2.57916e+07
5.81072e+07
1.30613e+08
3.08377e+08
2.43214e+08
9.07002e+07
3.18847e+07
1.023e+07
3.0061e+06
640075
23535.6
167.75
0.866454
0.00167187
2.80008e-06
4.3215e-08
-2.23889e-10
-3.21594e-11
-6.81732e-12
-1.6903e-12
-4.3935e-13
-1.16122e-13
-2.98161e-14
-7.57156e-15
-1.8736e-15
-4.53852e-16
-1.0679e-16
-2.47257e-17
-5.63156e-18
-1.24198e-18
-2.72572e-19
-5.83659e-20
-1.23694e-20
-2.56462e-21
-5.30052e-22
7.27743e-20
-1.82642e-20
-6.72692e-24
-1.36075e-24
-2.67856e-25
-5.19889e-26
-1.00658e-26
-1.95135e-27
8.34914e-25
-7.20168e-29
-1.37963e-29
-2.62992e-30
-5.06584e-31
-1.02395e-31
-2.39819e-32
-4.85027e-33
-8.71532e-34
-2.96896e-06
2.96896e-06
0
2.96896e-06
0
2.96896e-06
0
-2.96896e-06
2.96896e-06
0
0
0
2.96896e-06
0
2.96896e-06
0
2.96896e-06
0
2.96896e-06
-2.96895e-06
2.96894e-06
0
0
0
0
-2.96476e-06
-2.95811e-06
0
-2.90536e-06
2.82948e-06
-2.68203e-06
-3.92813e-15
5.89408e-07
0.000110181
0.0108304
0.484625
10.5588
127.496
957.248
4892.55
18340.1
54158.1
135604
308051
656673
1.74018e+06
4.39912e+06
1.08466e+07
2.59341e+07
5.84084e+07
1.31241e+08
3.09831e+08
2.411e+08
8.98515e+07
3.15579e+07
1.01161e+07
2.97077e+06
643605
24743.6
183.793
0.958388
0.00249923
3.82844e-06
5.14907e-08
3.37701e-09
-3.65892e-11
-7.66266e-12
-1.91282e-12
-5.03817e-13
-1.33501e-13
-3.49396e-14
-8.96925e-15
-2.24248e-15
-5.46076e-16
1.8987e-14
-3.03383e-17
-6.90198e-18
-1.54536e-18
-3.38937e-19
-7.31796e-20
-1.54803e-20
-3.22198e-21
-6.57357e-22
-1.47558e-22
-4.29655e-23
-8.49906e-24
-1.69981e-24
-2.85213e-22
-6.66815e-26
-1.29972e-26
-2.51645e-27
-4.83423e-28
-9.21594e-29
-1.74523e-29
-3.32836e-30
-2.17406e-27
-1.21257e-31
-3.35477e-32
-7.41013e-33
-7.24172e-34
-2.96896e-06
0
-2.96896e-06
2.96896e-06
2.96896e-06
-3.71723e-24
-2.96896e-06
-2.96896e-06
-2.96896e-06
-2.96896e-06
2.96896e-06
2.96896e-06
2.96896e-06
2.96896e-06
0
0
-2.96896e-06
0
0
-2.96895e-06
-2.96893e-06
2.96888e-06
0
0
0
-1.25385e-19
-2.95751e-06
-2.94061e-06
0
0
-1.00765e-08
-5.19404e-15
7.36882e-07
0.000135819
0.0128178
0.546053
11.4325
133.685
988.033
4982.33
18497.1
54293.7
135552
307680
655807
1.73823e+06
4.39551e+06
1.08374e+07
2.59132e+07
5.83581e+07
1.31119e+08
3.09494e+08
2.40318e+08
8.95587e+07
3.14607e+07
1.00901e+07
2.9605e+06
656665
26772.8
212.87
1.14219
0.00365846
5.2085e-06
6.4238e-08
-2.98887e-10
-4.03157e-11
-8.37027e-12
-2.08091e-12
-5.48441e-13
-1.45913e-13
-3.86656e-14
-9.93985e-15
3.03358e-13
-6.18885e-16
-1.4805e-16
7.1403e-15
-7.96382e-18
4.4666e-16
-3.95822e-19
-8.53268e-20
-1.81468e-20
-3.81452e-21
-7.86977e-22
-1.60289e-22
-4.02168e-23
-1.10669e-23
-2.0886e-24
4.27266e-22
-7.93962e-26
-1.55402e-26
-2.98442e-27
-5.71719e-28
-1.07611e-28
-2.02806e-29
-3.84572e-30
-7.45864e-31
-1.48742e-31
-4.17662e-32
-7.81432e-33
-1.39782e-33
-2.96896e-06
-3.6301e-27
0
-2.96896e-06
0
0
-2.96896e-06
-2.96896e-06
0
2.96896e-06
0
-2.96896e-06
0
0
0
0
-2.96896e-06
0
1.53287e-23
6.13148e-23
0
2.96888e-06
-2.96872e-06
0
0
2.96415e-06
0
0
-2.89865e-06
0
-2.67306e-06
1.69002e-12
9.00206e-07
0.00016194
0.014584
0.599475
12.2333
140.583
1017.51
5060.68
18616
54320.6
135179
306402
652828
1.73013e+06
4.36926e+06
1.07798e+07
2.57772e+07
5.80531e+07
1.30415e+08
3.0783e+08
2.40701e+08
8.9694e+07
3.15186e+07
1.01188e+07
2.96968e+06
677097
29557.6
244.683
1.34358
0.00495953
6.82604e-06
4.90039e-08
-3.39141e-10
-1.27648e-09
-9.07685e-12
-2.25877e-12
-5.98009e-13
-1.60806e-13
-4.27019e-14
-1.23445e-12
-2.8152e-15
-6.94121e-16
-1.68072e-16
-3.94397e-17
-9.13943e-18
-2.04784e-18
-4.55076e-19
-9.89554e-20
-2.11095e-20
-4.42559e-21
-9.16597e-22
1.09296e-19
-3.81915e-23
-8.10124e-24
-2.34176e-24
-4.49817e-25
-8.84377e-26
-1.70236e-26
-4.45442e-24
-6.09246e-28
-1.14234e-28
-2.12463e-29
-4.1389e-30
-1.06921e-30
-2.17723e-31
-5.09278e-32
-1.17215e-32
-2.19778e-33
2.78829e-35
0
2.96896e-06
0
2.96896e-06
2.96896e-06
-2.96896e-06
0
0
0
-2.96896e-06
0
-2.96896e-06
2.96896e-06
-2.96896e-06
0
-2.96896e-06
-2.96896e-06
1.56128e-17
-2.12694e-14
0
0
-2.9687e-06
-5.4437e-12
0
0
0
0
-2.89604e-06
0
-2.66495e-06
-8.44164e-15
1.11196e-06
0.000190139
0.0166593
0.65932
13.0619
146.807
1045.23
5134.86
18719.4
54289.1
134611
304555
648396
1.71714e+06
4.32802e+06
1.06917e+07
2.55628e+07
5.75545e+07
1.29334e+08
3.05206e+08
2.41748e+08
9.01501e+07
3.17227e+07
1.02051e+07
2.99789e+06
698329
32546.3
281.4
1.60357
0.00657952
8.80581e-06
9.37735e-08
-3.7872e-10
-4.81425e-11
-9.7837e-12
-2.41687e-12
-5.93224e-11
-1.73217e-13
-4.61172e-14
-1.19975e-14
-3.06759e-15
-7.66929e-16
-1.84455e-16
-4.3687e-17
-1.01254e-17
-2.29434e-18
-5.09591e-19
-1.10806e-19
-2.385e-20
-4.99962e-21
-1.03696e-21
-2.11789e-22
-2.74133e-20
-8.42673e-24
-2.18806e-24
-4.74682e-25
-8.50472e-26
-1.58934e-26
-3.05506e-27
-5.82757e-28
-1.12026e-28
-2.12463e-29
-5.75996e-30
-1.03904e-30
-2.00478e-31
-5.22751e-32
-1.10478e-32
-2.07989e-33
0
0
-2.96896e-06
0
0
0
0
0
0
-2.96896e-06
0
0
4.87224e-19
0
0
-2.39512e-25
-1.9516e-18
0
-5.31737e-15
-2.96895e-06
0
0
0
0
2.96694e-06
0
-2.95547e-06
0
0
2.80696e-06
-5.75425e-17
-1.03686e-14
1.3392e-06
0.0002232
0.018612
0.714796
13.8291
152.586
1070.87
5202.25
18807.3
54222
133949
302456
643358
1.70232e+06
4.27951e+06
1.05871e+07
2.53085e+07
5.6996e+07
1.28112e+08
3.022e+08
2.43323e+08
9.0799e+07
3.19928e+07
1.03118e+07
3.03202e+06
721344
35899.2
324.818
1.89011
0.00843532
1.10662e-05
1.0596e-07
-4.20349e-10
-5.19344e-11
-1.04113e-11
-2.56502e-12
-6.82264e-13
-1.84385e-13
-4.94181e-12
-1.2968e-14
-3.31997e-15
-8.25175e-16
-2.01444e-16
-4.7631e-17
-1.11114e-17
-2.5124e-18
-5.59365e-19
-1.22657e-19
-2.62202e-20
-5.5181e-21
-1.14806e-21
-2.34936e-22
-4.77394e-23
-9.51172e-24
1.70879e-21
-3.68444e-25
-7.03546e-26
-1.50457e-26
-3.69079e-27
-6.66638e-28
-1.69419e-28
-2.85584e-29
-5.13913e-30
-9.74365e-31
-8.15903e-28
2.03885e-28
-1.09805e-32
8.48808e-30
0
-2.96896e-06
-2.96896e-06
-2.96896e-06
2.96896e-06
-2.96896e-06
0
0
0
0
-2.96896e-06
-2.96896e-06
0
-2.96896e-06
2.96896e-06
0
-2.96896e-06
2.96896e-06
2.96896e-06
0
-2.96893e-06
-5.10874e-13
0
-2.96818e-06
-2.17726e-11
-2.96346e-06
0
0
0
0
-5.74061e-17
-2.74645e-08
1.61486e-06
0.000252971
0.0205344
0.767627
14.537
157.779
1093.33
5259.13
18872.6
54123.9
133268
300397
638524
1.68826e+06
4.23345e+06
1.04882e+07
2.50627e+07
5.64443e+07
1.2689e+08
2.99345e+08
2.4501e+08
9.14872e+07
3.22745e+07
1.04211e+07
3.06739e+06
740488
39132.2
369.126
2.21985
0.0104783
1.34966e-05
1.04262e-07
4.34796e-09
-5.55685e-11
-1.09993e-11
-2.71316e-12
-7.21907e-13
-1.94932e-13
-5.24817e-14
-1.38221e-14
-3.53352e-15
-8.88275e-16
-2.16006e-16
-5.15749e-17
-1.19836e-17
-2.72097e-18
-6.06768e-19
-1.32731e-19
-2.85904e-20
-6.03658e-21
-1.24991e-21
-2.55768e-22
-5.20794e-23
-1.03435e-23
-2.04339e-24
-3.97829e-25
-7.74184e-26
-1.49044e-26
-2.87847e-27
-5.47438e-28
-1.05956e-28
-2.04186e-29
-4.00093e-30
-7.88977e-31
-1.58442e-31
-4.41913e-32
-1.08457e-32
-1.60834e-33
0
0
0
0
-2.96896e-06
0
2.96896e-06
0
0
3.80644e-21
0
0
-2.96896e-06
2.96896e-06
2.4395e-19
0
2.96896e-06
1.32934e-15
0
0
-2.96893e-06
0
2.96867e-06
8.17203e-12
0
0
-2.95453e-06
0
0
-5.25643e-09
2.63005e-06
-1.44095e-14
1.88927e-06
0.000285037
0.0224199
0.818155
15.202
162.586
1113.85
5310.32
18928.4
54021.7
132609
298424
633921
1.67495e+06
4.18973e+06
1.0392e+07
2.4835e+07
5.59393e+07
1.25767e+08
2.96662e+08
2.46643e+08
9.21546e+07
3.25477e+07
1.05269e+07
3.10192e+06
757614
42478
416.29
2.52692
0.0124668
1.59942e-05
1.30149e-07
4.30487e-09
-5.86578e-11
-1.15088e-11
-2.82172e-12
-7.51631e-13
-2.03617e-13
-5.49653e-14
-1.44432e-14
-3.72766e-15
-9.36814e-16
-2.29354e-16
-5.46088e-17
2.37696e-15
-2.90111e-18
1.48708e-16
-1.42804e-19
-3.05162e-20
-6.48099e-21
-1.34249e-21
-2.74285e-22
-5.58407e-23
-1.1103e-23
-2.18806e-24
-4.29474e-25
-8.30693e-26
-1.5964e-26
-3.05506e-27
-5.78342e-28
-1.09267e-28
-2.09014e-29
-3.98369e-30
-7.67421e-31
-1.50358e-31
-3.88022e-32
-9.59949e-33
-1.68412e-33
-2.96896e-06
2.96896e-06
-2.96896e-06
0
-6.19025e-25
2.96896e-06
0
1.19116e-22
2.96896e-06
2.96896e-06
2.96896e-06
0
0
0
2.96896e-06
0
0
-2.96896e-06
-2.96896e-06
-2.96895e-06
0
2.96885e-06
-2.96866e-06
-1.56922e-20
0
-2.96309e-06
2.95413e-06
0
-3.90728e-18
0
1.48864e-08
-1.64221e-14
2.04844e-06
0.000312369
0.024113
0.862847
15.782
166.728
1131.27
5352.53
18968.6
53909.2
131974
296552
629552
1.66225e+06
4.1474e+06
1.03038e+07
2.46221e+07
5.54639e+07
1.24742e+08
2.94225e+08
2.48173e+08
9.27783e+07
3.28024e+07
1.06253e+07
3.13421e+06
772840
45696.9
463.894
2.86143
0.0144341
1.83888e-05
1.56029e-07
1.14684e-08
-6.19018e-11
-1.20182e-11
-2.94018e-12
-7.83834e-13
-2.13544e-13
-5.74489e-14
-1.5142e-14
-3.90238e-15
-9.85352e-16
-2.41489e-16
-9.61673e-15
-1.34247e-17
-3.09072e-18
-6.84985e-19
-1.511e-19
-3.2442e-20
-6.85133e-21
-1.42119e-21
-2.92802e-22
-5.8734e-23
-1.18625e-23
-2.32368e-24
-4.54338e-25
1.06829e-22
-1.68823e-26
-3.21399e-27
-6.11453e-28
-1.15889e-28
-2.17982e-29
-4.12165e-30
-7.80355e-31
-1.53592e-31
-4.3383e-32
-1.0711e-32
-1.86938e-33
-2.96896e-06
0
0
2.96896e-06
-6.19025e-25
-2.96896e-06
-1.98088e-23
2.96896e-06
-2.96896e-06
-2.96896e-06
0
-2.96896e-06
-2.96896e-06
2.59638e-18
2.96896e-06
2.96896e-06
0
-2.96896e-06
7.98267e-15
0
2.96892e-06
0
0
0
-2.96666e-06
2.96286e-06
0
2.9323e-06
2.88534e-06
-2.7929e-06
-1.48623e-08
-1.83778e-14
2.37094e-06
0.000340667
0.0257261
0.904465
16.3127
170.459
1146.74
5389.32
19001.2
53800.1
131387
294836
625585
1.65092e+06
4.11037e+06
1.0226e+07
2.44347e+07
5.50464e+07
1.23831e+08
2.92056e+08
2.49553e+08
9.33419e+07
3.30325e+07
1.07142e+07
3.16347e+06
785354
48506.2
506.958
3.17259
0.016501
2.09694e-05
1.54434e-07
1.14236e-08
-6.45242e-11
-1.2449e-11
-3.03888e-12
-8.08601e-13
-2.19747e-13
-5.93114e-14
-1.57631e-14
-4.07711e-15
-1.02418e-15
-3.84859e-14
-6.0373e-17
-1.41073e-17
-3.22345e-18
-7.18167e-19
-1.57618e-19
-3.40715e-20
-7.22168e-21
-1.49063e-21
-3.0669e-22
-6.22059e-23
-1.23689e-23
-2.44122e-24
-4.76942e-25
-9.2676e-26
-1.77299e-26
-3.37293e-27
-6.4015e-28
-1.20304e-28
-2.2626e-29
-4.25962e-30
-8.06223e-31
-1.53053e-31
-4.00147e-32
-1.02731e-32
-9.6837e-34
0
2.96896e-06
0
-3.56901e-33
2.96896e-06
0
2.96896e-06
0
-2.96896e-06
-2.96896e-06
0
2.96896e-06
-3.04937e-20
-2.96896e-06
-2.96896e-06
0
0
0
-7.98267e-15
0
-2.96892e-06
-2.96885e-06
2.96864e-06
0
0
0
2.95348e-06
2.9316e-06
-3.90325e-18
2.79037e-06
2.63204e-06
-2.02268e-14
2.59496e-06
0.000364169
0.0271487
0.940602
16.7678
173.624
1159.68
5419.34
19024.1
53693.1
130847
293260
621879
1.64e+06
4.07323e+06
1.01572e+07
2.42718e+07
5.46861e+07
1.23032e+08
2.90148e+08
2.50779e+08
9.38425e+07
3.32369e+07
1.0793e+07
3.18906e+06
796547
51169.8
550.26
3.48308
0.0183436
2.31395e-05
1.84978e-07
1.1385e-08
-6.69922e-11
-1.28012e-11
-3.11779e-12
-8.3337e-13
-2.27191e-13
7.28286e-12
-1.62289e-14
-4.213e-15
-1.06301e-15
-2.60906e-16
-6.24967e-17
-1.46382e-17
-3.35619e-18
-7.4424e-19
-1.64728e-19
-3.54047e-20
-7.51795e-21
-1.55544e-21
-1.46176e-19
-6.45206e-23
-1.28752e-23
-2.54068e-24
-4.95025e-25
-9.55015e-26
-1.84363e-26
-3.5142e-27
-6.62224e-28
-1.25271e-28
-2.33158e-29
-4.41482e-30
-8.32091e-31
-1.57903e-31
-3.08531e-32
-8.48797e-33
-7.99958e-34
0
-2.96896e-06
-2.96896e-06
2.96896e-06
-2.96896e-06
-2.96896e-06
2.96896e-06
2.96896e-06
0
-2.96896e-06
0
0
0
0
-2.96896e-06
2.96896e-06
0
0
0
-2.96895e-06
0
0
-2.96863e-06
0
2.96656e-06
0
0
0
3.90174e-18
2.78837e-06
-1.13864e-16
-2.19197e-14
2.75386e-06
0.000386808
0.0284113
0.972327
17.1632
176.347
1170.71
5444.49
19041.7
53596
130372
291878
618617
1.63037e+06
4.04125e+06
1.00962e+07
2.41264e+07
5.43639e+07
1.2234e+08
2.88502e+08
2.5186e+08
9.42818e+07
3.34154e+07
1.08614e+07
3.21056e+06
803770
53408.3
588.18
3.76557
0.0201187
2.53915e-05
1.51827e-07
1.135e-08
-6.91507e-11
-1.31536e-11
-2.37253e-10
-8.53182e-13
-2.32153e-13
-6.30367e-14
-1.66948e-14
-4.32948e-15
-1.09214e-15
-2.68187e-16
-6.43169e-17
-1.50933e-17
-3.45099e-18
-7.72682e-19
5.58853e-17
-3.64417e-20
-7.74016e-21
-1.62025e-21
-3.29836e-22
-6.68352e-23
-1.33092e-23
-2.62205e-24
-5.13109e-25
-9.88921e-26
-1.90014e-26
-3.62016e-27
-6.84298e-28
-1.28582e-28
-2.42815e-29
-4.5183e-30
-3.26371e-27
-1.60059e-31
-3.1392e-32
-8.55534e-33
-1.48203e-33
-2.96896e-06
0
0
-3.56901e-33
0
0
2.96896e-06
0
-2.96896e-06
2.96896e-06
0
-2.96896e-06
2.96896e-06
2.96896e-06
0
0
-3.32336e-16
2.96896e-06
-2.96896e-06
2.96895e-06
0
0
0
-2.96805e-06
-3.26702e-11
0
0
2.9316e-06
0
0
-8.53136e-17
-2.34563e-14
2.96184e-06
0.000408303
0.0294951
0.999206
17.495
178.607
1179.75
5464.7
19053.9
53509.6
129967
290713
615893
1.62233e+06
4.0215e+06
1.00458e+07
2.40073e+07
5.40965e+07
1.21757e+08
2.87116e+08
2.52772e+08
9.46535e+07
3.35665e+07
1.09193e+07
3.22876e+06
811429
55228.9
620.048
4.0116
0.0219057
2.76255e-05
1.82373e-07
1.13168e-08
-7.09993e-11
-1.34669e-11
-3.25591e-12
-8.72997e-13
-2.35874e-13
-6.42784e-14
-1.7083e-14
-4.42655e-15
-1.54046e-13
-2.75468e-16
-6.61372e-17
-1.54725e-17
-3.5458e-18
2.23425e-16
-5.62296e-17
-1.40513e-17
-7.96236e-21
-1.65728e-21
-3.39095e-22
-6.85712e-23
-1.36708e-23
-2.70343e-24
-5.28931e-25
-1.02283e-25
-1.95665e-26
-3.70845e-27
-6.97542e-28
-1.31893e-28
-2.46954e-29
-4.62177e-30
-8.70893e-31
-1.65987e-31
-3.1392e-32
-8.15115e-33
-1.28414e-33
-2.96896e-06
2.96896e-06
-2.96896e-06
0
-2.96896e-06
-2.96896e-06
-2.96896e-06
0
0
-2.96896e-06
-2.02842e-20
-2.96896e-06
0
2.96896e-06
2.96896e-06
0
-2.96896e-06
-2.96896e-06
2.96896e-06
2.96895e-06
0
2.96884e-06
0
2.96804e-06
3.26699e-11
0
-2.95284e-06
2.93019e-06
0
0
2.62437e-06
-2.47871e-14
3.1863e-06
0.000422403
0.0303995
1.02145
17.767
180.45
1187.06
5480.77
19062.3
53435.1
129628
289748
613656
1.61564e+06
4.005e+06
1.00039e+07
2.3908e+07
5.38746e+07
1.21273e+08
2.85966e+08
2.53533e+08
9.49628e+07
3.36922e+07
1.09675e+07
3.24397e+06
820989
56892
649.758
4.23262
0.0232837
2.92559e-05
1.81447e-07
1.12927e-08
-7.23847e-11
-1.36623e-11
-3.31512e-12
-8.77936e-13
-2.39596e-13
-6.52096e-14
-1.73159e-14
-4.5042e-15
-1.54071e-13
-2.80321e-16
-6.76541e-17
-3.60331e-15
-9.00487e-16
-8.05865e-19
5.58782e-17
-3.83675e-20
-8.1105e-21
-1.69432e-21
-3.46039e-22
3.63939e-20
-1.39602e-23
-2.75768e-24
-5.37973e-25
-1.03978e-25
-1.99197e-26
-3.79675e-27
-7.19617e-28
-1.34652e-28
-2.52473e-29
-4.708e-30
-8.70893e-31
-1.88622e-31
-3.61076e-32
-5.09918e-29
-1.04416e-33
0
0
0
-2.96896e-06
2.96896e-06
0
0
-2.96896e-06
2.96896e-06
2.96896e-06
2.96896e-06
2.96896e-06
0
2.96897e-06
-2.96896e-06
2.96896e-06
2.96896e-06
-2.96896e-06
0
6.24509e-17
0
2.96884e-06
2.96862e-06
2.96803e-06
2.96647e-06
-2.96249e-06
0
-2.93092e-06
0
0
-2.62274e-06
-2.58607e-14
3.24862e-06
0.000436892
0.0311196
1.03904
17.9815
181.886
1192.7
5492.92
19067.5
53373.3
129354
288971
611833
1.61029e+06
3.99181e+06
9.97006e+06
2.38278e+07
5.36977e+07
1.20889e+08
2.85053e+08
2.54144e+08
9.52108e+07
3.37927e+07
1.10059e+07
3.25618e+06
828318
58244.6
674.155
4.41221
0.024374
3.04979e-05
1.94346e-07
1.1274e-08
-7.36178e-11
-1.38581e-11
-3.35458e-12
-8.92801e-13
-2.43318e-13
-6.58304e-14
-1.75488e-14
-4.56244e-15
-1.15038e-15
-2.85175e-16
-6.82609e-17
-1.60035e-17
-3.65957e-18
-8.20086e-19
5.58735e-17
-3.896e-20
-8.25864e-21
-1.72209e-21
-3.52983e-22
-3.65353e-20
-1.42495e-23
-2.79384e-24
-5.47015e-25
-1.05673e-25
-2.02729e-26
-3.83207e-27
-7.24031e-28
-1.3686e-28
-2.56612e-29
-4.79422e-30
-3.26375e-27
-1.69221e-31
-3.28741e-32
5.09728e-29
-9.47319e-34
0
-2.96896e-06
0
0
-2.96896e-06
-2.96896e-06
0
0
2.96896e-06
-2.96897e-06
2.96897e-06
-2.96897e-06
0
0
-2.96897e-06
-2.96896e-06
0
0
0
-2.96895e-06
2.96892e-06
0
0
2.96802e-06
0
-2.96245e-06
-2.95261e-06
-2.92966e-06
0
2.78335e-06
-1.41926e-16
-2.66261e-14
3.2792e-06
0.000447881
0.0316561
1.05202
18.1355
182.93
1196.79
5501.57
19070.3
53325.3
129147
288388
610480
1.60631e+06
3.98206e+06
9.94504e+06
2.37684e+07
5.35663e+07
1.20604e+08
2.84376e+08
2.54607e+08
9.53985e+07
3.38685e+07
1.10348e+07
3.26539e+06
833612
59257.1
692.561
4.54498
0.0252031
3.15137e-05
2.2557e-07
1.12611e-08
-7.42321e-11
-6.3412e-10
-3.36439e-12
-8.97749e-13
-2.44558e-13
-6.64512e-14
-1.77041e-14
-4.60127e-15
1.5177e-13
-2.87602e-16
1.42812e-14
3.57138e-15
-3.71645e-18
-8.29566e-19
-1.8369e-19
-3.95526e-20
-3.51179e-18
-1.73135e-21
-3.56455e-22
-3.65365e-20
-1.43942e-23
-2.83905e-24
-5.53796e-25
-1.06803e-25
-2.04848e-26
-3.88505e-27
-7.32861e-28
-1.37963e-28
-2.59371e-29
-4.84596e-30
-9.05384e-31
-1.72454e-31
-3.27393e-32
-8.62271e-33
-1.37256e-33
-2.96896e-06
0
0
0
0
-2.96896e-06
-2.97378e-23
0
0
-2.96897e-06
2.96897e-06
0
0
2.96897e-06
0
0
0
-2.96896e-06
2.96896e-06
6.24509e-17
0
0
2.96862e-06
-2.96802e-06
2.96645e-06
0
-2.95255e-06
0
0
2.78286e-06
-2.62082e-06
-2.71366e-14
3.29415e-06
0.000453017
0.031999
1.06031
18.2364
183.596
1199.36
5506.89
19071.4
53292.5
129010
288007
609598
1.60372e+06
3.97574e+06
9.92903e+06
2.37308e+07
5.34829e+07
1.20423e+08
2.83946e+08
2.54894e+08
9.55153e+07
3.39159e+07
1.1053e+07
3.27119e+06
836870
59905.7
704.55
4.63344
0.0257362
3.20801e-05
2.25244e-07
1.12539e-08
-7.46942e-11
-6.34179e-10
-3.39402e-12
-9.02703e-13
-2.45799e-13
-6.67616e-14
-1.77817e-14
-4.6401e-15
-1.1698e-15
-2.90029e-16
-6.94744e-17
-1.63069e-17
-3.73542e-18
-8.34307e-19
-1.84875e-19
-1.40535e-17
-3.51187e-18
-1.74987e-21
-3.58769e-22
-7.26218e-23
-1.45388e-23
-2.83905e-24
-5.58317e-25
-1.07369e-25
-2.05554e-26
-3.92037e-27
-7.37276e-28
-1.39067e-28
-2.59371e-29
-4.84596e-30
3.26195e-27
-1.70298e-31
-3.67812e-32
-9.46477e-33
-1.06942e-33
0
0
-2.96896e-06
-2.96897e-06
0
0
0
-2.96897e-06
0
2.96897e-06
-2.96897e-06
2.96897e-06
3.74238e-27
0
-2.96897e-06
-2.96896e-06
-2.96896e-06
-2.96896e-06
0
0
0
0
-2.96862e-06
0
0
-2.96241e-06
2.95252e-06
0
0
-2.78264e-06
-1.41869e-16
-2.73402e-14
3.40716e-06
0.000456107
0.0321565
1.06411
18.2828
183.901
1200.52
5509.21
19071.4
53275.7
128942
287818
609164
1.60245e+06
3.97264e+06
9.92119e+06
2.37124e+07
5.34427e+07
1.20337e+08
2.83744e+08
2.55017e+08
9.55637e+07
3.39351e+07
1.10602e+07
3.27342e+06
838243
60200.2
710.096
4.67526
0.0259927
3.24059e-05
1.93356e-07
1.12505e-08
-7.48477e-11
6.06063e-10
-3.394e-12
-9.027e-13
-2.4704e-13
-6.70721e-14
-1.78593e-14
-4.62068e-15
1.5176e-13
-2.88816e-16
-6.94744e-17
3.57122e-15
-3.73542e-18
-8.39047e-19
-1.84282e-19
1.3974e-17
-8.40677e-21
-1.75913e-21
-3.59927e-22
-7.29112e-23
-1.45388e-23
-2.87522e-24
-5.60577e-25
-1.07934e-25
-2.06967e-26
-3.92037e-27
1.11206e-24
-1.39067e-28
-2.59371e-29
-4.84596e-30
3.26196e-27
-2.01556e-31
-3.73201e-32
-9.46477e-33
-1.60834e-33
-2.96896e-06
0
-2.96896e-06
2.96897e-06
0
0
2.96897e-06
2.96897e-06
-2.96897e-06
-2.96897e-06
0
0
3.74238e-27
0
2.96897e-06
0
2.96896e-06
-1.99567e-15
0
6.24509e-17
0
2.96884e-06
0
-2.96802e-06
-2.96644e-06
-2.96241e-06
-2.95252e-06
0
0
-2.78264e-06
-2.6205e-06
-2.73402e-14
3.2936e-06
0.000456079
0.0321538
1.06404
18.2815
183.889
1200.46
5508.96
19070.7
53274.5
128941
287818
609170
1.60248e+06
3.97274e+06
9.92148e+06
2.37132e+07
5.34445e+07
1.20341e+08
2.83755e+08
2.55006e+08
9.55585e+07
3.39328e+07
1.10593e+07
3.27309e+06
838118
60185.7
709.887
4.67395
0.0259859
3.24066e-05
2.06967e-07
1.12505e-08
-7.48477e-11
-1.40536e-11
-3.38411e-12
-9.027e-13
-2.4704e-13
-6.70721e-14
-1.78593e-14
-4.62068e-15
1.5176e-13
-2.88816e-16
-6.94744e-17
-1.63069e-17
-3.73542e-18
-8.39047e-19
-1.84282e-19
-3.97007e-20
-3.51191e-18
-1.75913e-21
-3.59927e-22
-3.65368e-20
-1.45388e-23
-2.85713e-24
-5.58317e-25
-1.08499e-25
-2.06967e-26
-3.92037e-27
-1.11354e-24
-1.39619e-28
-2.60751e-29
-4.84596e-30
-9.09695e-31
-8.159e-28
-4.01495e-32
-1.00711e-32
-1.3894e-33
-2.96896e-06
0
-2.96896e-06
0
2.96896e-06
2.96896e-06
2.97378e-23
0
0
-2.96897e-06
0
0
-2.96897e-06
0
2.96897e-06
-2.96896e-06
2.96896e-06
1.99567e-15
0
0
0
-2.96884e-06
2.96862e-06
0
0
2.96242e-06
0
0
0
0
-1.41886e-16
-2.71886e-14
3.40773e-06
0.000452756
0.0319949
1.06013
18.2338
183.566
1199.17
5506.12
19069.3
53288.1
129003
287997
609593
1.60375e+06
3.97591e+06
9.92971e+06
2.37329e+07
5.34887e+07
1.20438e+08
2.83985e+08
2.54836e+08
9.54873e+07
3.39034e+07
1.10479e+07
3.26935e+06
836245
59843.8
703.763
4.62929
0.0257173
3.20822e-05
2.07125e-07
6.47498e-09
-7.48498e-11
-1.40538e-11
-3.38413e-12
-9.02703e-13
-2.45799e-13
-6.64511e-14
-1.77041e-14
-4.6401e-15
-1.1698e-15
-2.87602e-16
-1.44195e-14
-1.63069e-17
-3.73542e-18
-8.39047e-19
-1.84282e-19
-3.98488e-20
-8.40677e-21
-1.74987e-21
-3.57612e-22
3.63918e-20
-1.44665e-23
-2.85713e-24
-5.58317e-25
-1.07934e-25
-2.06261e-26
-3.90271e-27
1.11206e-24
-1.39067e-28
-2.57991e-29
-4.84596e-30
3.26194e-27
-1.75688e-31
-3.47603e-32
5.09724e-29
-9.51529e-34
0
-2.96896e-06
0
2.96896e-06
-2.96896e-06
0
0
2.96896e-06
0
-2.96897e-06
-2.96897e-06
2.96897e-06
-2.96897e-06
2.96897e-06
-2.96897e-06
0
2.96896e-06
-2.96896e-06
0
0
0
0
0
0
0
0
0
2.92967e-06
0
0
-1.41926e-16
-2.66262e-14
3.34412e-06
0.000445719
0.0316438
1.05161
18.1304
182.871
1196.44
5500.23
19066.7
53318.1
129136
288377
610482
1.60639e+06
3.98245e+06
9.94644e+06
2.37727e+07
5.35776e+07
1.20632e+08
2.84447e+08
2.54507e+08
9.53523e+07
3.38483e+07
1.10267e+07
3.2625e+06
832592
59162.4
691.076
4.53735
0.0251569
3.13883e-05
2.11987e-07
1.12624e-08
-7.42322e-11
6.06248e-10
-3.37428e-12
-8.9775e-13
-2.44558e-13
-6.64512e-14
-1.77041e-14
-4.58186e-15
-1.16009e-15
-2.86389e-16
1.42812e-14
-3.60369e-15
-3.69749e-18
-8.29566e-19
-1.81912e-19
-1.40531e-17
-3.51179e-18
-1.74061e-21
-3.55297e-22
-7.17538e-23
-1.43942e-23
-2.83905e-24
-5.51535e-25
-1.06238e-25
-2.04142e-26
-3.88505e-27
1.11207e-24
-1.37411e-28
-2.57991e-29
-4.81147e-30
-8.96761e-31
-1.78921e-31
-3.62423e-32
-9.5995e-33
-1.39782e-33
-2.96896e-06
-2.96896e-06
0
0
-2.96896e-06
0
0
2.96896e-06
0
0
2.96896e-06
0
-3.74238e-27
2.96897e-06
0
-2.96896e-06
0
1.99567e-15
0
2.96895e-06
0
2.96884e-06
0
2.96803e-06
0
2.96249e-06
0
-2.92885e-06
0
0
-1.41991e-16
-2.58608e-14
3.1837e-06
0.000436604
0.0311012
1.03843
17.9706
181.797
1192.21
5491.04
19062.4
53362.8
129337
288951
611826
1.61038e+06
3.99228e+06
9.9718e+06
2.3833e+07
5.37119e+07
1.20924e+08
2.85143e+08
2.54026e+08
9.51548e+07
3.37676e+07
1.09957e+07
3.25249e+06
827007
58128.5
672.753
4.40115
0.0243136
3.04725e-05
1.94386e-07
1.12753e-08
-7.33068e-11
-1.38188e-11
-3.34469e-12
-8.87841e-13
-2.42077e-13
-6.58304e-14
-1.75488e-14
-4.56244e-15
-1.54085e-13
-2.82748e-16
-6.82609e-17
-3.60353e-15
8.93225e-16
-8.20086e-19
-1.80727e-19
-3.896e-20
-8.2216e-21
-1.72209e-21
-3.51825e-22
-7.11752e-23
-1.41772e-23
-2.79384e-24
-5.47015e-25
-1.05108e-25
-2.02022e-26
-3.84973e-27
1.11207e-24
-1.35756e-28
-2.55232e-29
-4.77698e-30
-8.9245e-31
-1.69221e-31
-3.23351e-32
-8.52166e-33
-1.49045e-33
4.53763e-28
0
0
0
-2.96896e-06
0
-2.96896e-06
0
-2.96896e-06
2.96896e-06
-2.96896e-06
0
3.74238e-27
0
2.96896e-06
0
0
2.96896e-06
2.96896e-06
2.96895e-06
-2.96892e-06
0
0
0
2.96646e-06
0
-2.95285e-06
-1.03264e-09
-2.88106e-06
0
2.62438e-06
-2.47352e-14
3.08875e-06
0.000422058
0.0303766
1.02068
17.7543
180.336
1186.41
5478.28
19055.5
53421
129605
289719
613632
1.61575e+06
4.0056e+06
1.0006e+07
2.39144e+07
5.38916e+07
1.21316e+08
2.86076e+08
2.53392e+08
9.48947e+07
3.36613e+07
1.09548e+07
3.23937e+06
819324
56738.9
647.789
4.2196
0.0232045
2.91343e-05
1.81497e-07
1.1294e-08
-7.22293e-11
-1.36624e-11
-3.30523e-12
-8.82897e-13
-2.39596e-13
-6.48991e-14
-1.73159e-14
-4.5042e-15
-1.13097e-15
-2.79108e-16
-6.70474e-17
3.57183e-15
-9.00487e-16
-2.25032e-16
-5.62331e-17
-3.83675e-20
-8.1105e-21
-1.68506e-21
-3.44881e-22
-7.00179e-23
-1.39602e-23
-2.73959e-24
-5.35713e-25
-1.03978e-25
-1.98491e-26
-3.77909e-27
-7.10787e-28
-1.341e-28
-2.51093e-29
-4.708e-30
-8.79516e-31
-1.75688e-31
-1.35872e-28
-8.35325e-33
-1.48203e-33
-2.96896e-06
2.96896e-06
0
0
2.96896e-06
2.96896e-06
0
0
2.96896e-06
0
-2.02842e-20
0
0
2.96896e-06
2.96896e-06
0
2.96896e-06
0
0
0
0
0
0
2.96805e-06
-2.96649e-06
2.96262e-06
0
1.03278e-09
2.88183e-06
0
-8.53143e-17
-2.34566e-14
2.89681e-06
0.000405935
0.0294643
0.998253
17.4792
178.466
1178.94
5461.58
19045.2
53491.4
129937
290674
615873
1.62238e+06
4.02194e+06
1.00477e+07
2.40135e+07
5.41162e+07
1.21807e+08
2.87246e+08
2.52602e+08
9.45709e+07
3.3529e+07
1.09039e+07
3.22319e+06
809417
55054.3
617.866
3.99986
0.0218365
2.75192e-05
1.82425e-07
1.13184e-08
-7.08439e-11
-1.33882e-11
-3.24602e-12
-8.63077e-13
-2.37116e-13
-6.42784e-14
-1.70053e-14
-4.40714e-15
1.51818e-13
-2.74254e-16
-6.58338e-17
-3.60293e-15
-3.5458e-18
-7.91643e-19
-5.62284e-17
-3.74786e-20
-7.92533e-21
-1.65728e-21
-3.37937e-22
-6.82819e-23
-1.36708e-23
-2.70343e-24
-5.26671e-25
-1.01718e-25
-1.94252e-26
-3.70845e-27
-7.01957e-28
-1.31341e-28
-2.46954e-29
-4.62177e-30
-3.26372e-27
-1.64909e-31
-3.1392e-32
-7.98274e-33
-1.38098e-33
-2.96896e-06
2.96896e-06
0
0
0
-2.96896e-06
0
0
-2.96896e-06
0
2.96896e-06
0
0
0
0
0
-2.96896e-06
0
-2.96896e-06
0
-2.96892e-06
0
-2.96863e-06
0
-3.26706e-11
0
0
2.93106e-06
0
2.78839e-06
-1.13866e-16
-2.192e-14
2.75391e-06
0.000388199
0.0283732
0.971165
17.1445
176.175
1169.72
5440.66
19031
53573.6
130334
291829
618592
1.63045e+06
4.04196e+06
1.00992e+07
2.41363e+07
5.43883e+07
1.22397e+08
2.88651e+08
2.51662e+08
9.41858e+07
3.33717e+07
1.08435e+07
3.20404e+06
801809
53219
585.748
3.74711
0.0200253
2.52051e-05
1.83738e-07
1.1352e-08
-6.88395e-11
-1.31143e-11
-3.18684e-12
-8.45742e-13
-2.32153e-13
-6.27262e-14
-1.66171e-14
-4.31007e-15
-1.08728e-15
-2.66973e-16
-6.43169e-17
-1.50175e-17
-9.00317e-16
-2.24989e-16
-1.68876e-19
-3.64417e-20
-7.70312e-21
-1.61099e-21
-3.28679e-22
-6.65459e-23
-1.33092e-23
-2.62205e-24
-5.10848e-25
-9.88921e-26
-2.67482e-23
-3.62016e-27
-6.84298e-28
-1.28582e-28
-2.41436e-29
-4.5183e-30
-3.2637e-27
-1.70298e-31
-3.15268e-32
-8.28588e-33
-1.39782e-33
0
0
-2.96896e-06
2.96896e-06
0
0
0
0
-6.33881e-22
0
0
-2.96896e-06
-2.96896e-06
-1.49695e-26
0
2.96896e-06
-2.96896e-06
0
2.96896e-06
0
2.96892e-06
-2.96885e-06
0
2.96808e-06
2.9666e-06
-2.96282e-06
-2.95348e-06
0
2.88394e-06
0
-2.63208e-06
-2.02272e-14
2.59502e-06
0.000363448
0.027105
0.939228
16.7456
173.42
1158.51
5414.76
19011.2
53665.2
130797
293181
621781
1.63989e+06
4.07341e+06
1.01587e+07
2.42773e+07
5.47029e+07
1.23093e+08
2.9031e+08
2.50565e+08
9.37361e+07
3.31879e+07
1.07727e+07
3.18153e+06
794202
50971.9
547.732
3.46381
0.0182379
2.30362e-05
1.71373e-07
1.13869e-08
-6.66809e-11
-1.28012e-11
-3.11779e-12
-8.3089e-13
-2.2595e-13
-6.1174e-14
-1.62289e-14
-4.19359e-15
-1.05331e-15
-2.59692e-16
-6.21933e-17
-1.45624e-17
-3.31826e-18
-7.4898e-19
-1.63543e-19
-3.52566e-20
-7.48092e-21
-1.55544e-21
-3.18263e-22
-6.42313e-23
-1.28029e-23
-2.54068e-24
-4.95025e-25
-9.55015e-26
-1.8295e-26
-3.49654e-27
-6.62224e-28
-1.24167e-28
-2.34538e-29
-4.38033e-30
-8.2778e-31
-1.58981e-31
-3.15268e-32
5.09731e-29
-1.61676e-33
-2.96896e-06
0
2.96896e-06
-2.96896e-06
2.96896e-06
0
2.96896e-06
0
-2.96896e-06
0
2.96896e-06
-2.96896e-06
0
2.96896e-06
-2.96896e-06
0
2.96896e-06
0
-2.96896e-06
0
0
2.96885e-06
-2.96865e-06
2.9681e-06
2.96666e-06
8.69435e-11
2.9538e-06
2.93231e-06
3.9052e-18
0
2.63584e-06
-1.83783e-14
2.37101e-06
0.000339975
0.0256755
0.902877
16.287
170.222
1145.36
5383.94
18986
53766.9
131326
294741
625470
1.65083e+06
4.11084e+06
1.02286e+07
2.44441e+07
5.50737e+07
1.23899e+08
2.92233e+08
2.49309e+08
9.32217e+07
3.29775e+07
1.06915e+07
3.15511e+06
782761
48293.1
504.57
3.16074
0.0164315
2.08954e-05
1.3625e-07
1.14258e-08
-1.9073e-09
-1.24097e-11
-2.37133e-10
-8.03641e-13
-1.97769e-11
-5.93114e-14
-1.56855e-14
-4.05769e-15
-1.01933e-15
-3.84847e-14
-6.00696e-17
-1.40315e-17
-3.20449e-18
-7.13427e-19
-1.57618e-19
-3.37752e-20
-7.14761e-21
-5.84908e-19
-3.05532e-22
-6.16273e-23
-1.23689e-23
-2.43218e-24
-4.74682e-25
-1.07009e-22
-1.76593e-26
-3.35527e-27
-6.35735e-28
-1.19752e-28
-2.2488e-29
-4.22513e-30
-8.01911e-31
-1.53053e-31
-3.93411e-32
-9.93632e-33
6.37165e-30
0
0
2.96896e-06
0
-2.96896e-06
0
2.96896e-06
1.19116e-22
0
0
0
2.96896e-06
0
-2.96896e-06
-1.55912e-17
0
0
2.96896e-06
2.96896e-06
2.96895e-06
0
2.96885e-06
2.96866e-06
2.96811e-06
2.96671e-06
0
0
0
2.88692e-06
0
-2.64013e-06
-1.63701e-14
2.04851e-06
0.000311501
0.0240588
0.861089
15.7533
166.46
1129.71
5346.4
18951.2
53870.9
131904
296445
629431
1.66219e+06
4.14808e+06
1.03069e+07
2.46332e+07
5.54953e+07
1.24817e+08
2.94421e+08
2.479e+08
9.26442e+07
3.2741e+07
1.06e+07
3.12493e+06
769796
45454.7
461.38
2.84903
0.0143706
1.82812e-05
1.5609e-07
1.14706e-08
-6.15903e-11
-1.19788e-11
-2.93029e-12
-7.78874e-13
-2.11061e-13
-5.71383e-14
-1.5142e-14
-3.90238e-15
-9.80498e-16
-2.40276e-16
-9.61642e-15
-1.33489e-17
-3.0528e-18
-6.82615e-19
-1.49322e-19
-3.21457e-20
-6.8143e-21
-1.41193e-21
-2.90487e-22
-5.84446e-23
-1.17902e-23
-2.31464e-24
-4.52078e-25
-8.73076e-26
-1.6741e-26
-3.19633e-27
-6.07038e-28
-1.14234e-28
-2.16602e-29
-4.10441e-30
-7.80355e-31
-1.55209e-31
-3.97453e-32
-1.02395e-32
-8.49177e-30
-2.96896e-06
0
2.96896e-06
-2.96896e-06
0
0
-2.96896e-06
-2.96896e-06
0
-3.80644e-21
2.96896e-06
0
-2.96896e-06
0
-2.96896e-06
2.96896e-06
0
0
0
0
0
0
0
2.96814e-06
-2.96678e-06
0
0
0
0
-5.25651e-09
-1.49144e-08
-1.44101e-14
1.84005e-06
0.000284051
0.0223607
0.816207
15.1698
162.285
1112.09
5303.39
18908.7
53978.7
132531
298304
633784
1.67488e+06
4.19053e+06
1.03952e+07
2.48467e+07
5.5973e+07
1.25849e+08
2.96879e+08
2.46353e+08
9.20096e+07
3.2481e+07
1.04993e+07
3.09182e+06
754348
42230.9
413.802
2.51149
0.0123879
1.59038e-05
1.43959e-07
4.30706e-09
-5.85801e-11
-1.14694e-11
-2.81183e-12
-7.49151e-13
-2.03617e-13
-5.49653e-14
-1.44432e-14
-3.72766e-15
-9.36814e-16
-2.26927e-16
-5.46088e-17
-1.26663e-17
5.94527e-16
-1.50002e-16
3.71983e-17
-3.03681e-20
-6.40692e-21
-1.33323e-21
-2.73127e-22
-5.5262e-23
-1.10307e-23
-2.17902e-24
-4.27214e-25
-8.22217e-26
-1.58227e-26
-3.01974e-27
-5.73927e-28
-1.08715e-28
-2.06945e-29
1.30474e-26
-7.67421e-31
-1.52514e-31
-1.35871e-28
-9.09426e-33
-1.08626e-33
-2.96896e-06
0
-2.96896e-06
2.96896e-06
0
2.96896e-06
0
0
2.96896e-06
-2.96896e-06
0
-2.96896e-06
0
0
2.96896e-06
0
0
2.96896e-06
0
0
2.96893e-06
2.96886e-06
2.04337e-12
0
-2.96684e-06
0
-2.95502e-06
-2.93503e-06
-2.89094e-06
0
-2.87039e-17
-1.22359e-14
1.61494e-06
0.000251894
0.0204705
0.765486
14.5012
157.442
1091.35
5251.35
18850.4
54075.3
133178
300253
638333
1.68801e+06
4.23355e+06
1.04912e+07
2.50735e+07
5.64765e+07
1.26979e+08
2.99581e+08
2.44687e+08
9.13267e+07
3.22008e+07
1.03907e+07
3.05623e+06
736878
38875.4
366.669
2.20605
0.0104273
1.34541e-05
1.13496e-07
4.35014e-09
-5.52567e-11
-1.096e-11
-2.69336e-12
-7.16946e-13
-1.94932e-13
-5.21712e-14
-1.85015e-12
-3.51411e-15
-8.83421e-16
-2.14792e-16
-5.12716e-17
-1.19078e-17
-2.71149e-18
-6.02028e-19
-1.31546e-19
-2.82941e-20
-5.99954e-21
-1.24065e-21
-2.53453e-22
-5.12114e-23
-1.02712e-23
-2.02531e-24
-3.97829e-25
-7.68533e-26
-1.47632e-26
-2.84315e-27
-5.45231e-28
-1.05404e-28
-2.04875e-29
-4.00093e-30
-7.88977e-31
-1.57364e-31
-4.20357e-32
-1.03068e-32
-8.49178e-30
-2.96896e-06
0
0
2.96896e-06
-2.96896e-06
0
2.96896e-06
0
0
-2.96896e-06
2.96896e-06
0
-2.96896e-06
0
0
-2.96896e-06
1.9516e-18
-2.96896e-06
0
0
-2.96893e-06
0
3.9238e-21
0
-2.96694e-06
0
2.95548e-06
-2.93539e-06
0
-2.80702e-06
2.6573e-06
-2.75504e-08
1.33927e-06
0.00022036
0.0185498
0.712688
13.7931
152.242
1068.81
5193.98
18783.4
54169
133850
302294
643142
1.70206e+06
4.27981e+06
1.059e+07
2.5322e+07
5.70363e+07
1.28209e+08
3.02452e+08
2.42996e+08
9.06321e+07
3.1915e+07
1.02795e+07
3.02007e+06
717525
35664.2
322.896
1.87372
0.00837175
1.09904e-05
1.06018e-07
-4.18215e-10
-5.16224e-11
-1.03719e-11
-2.55512e-12
-6.79784e-13
-1.83143e-13
-4.92218e-14
-1.28904e-14
-3.30056e-15
-8.20321e-16
-2.0023e-16
-4.7631e-17
-1.10356e-17
-2.50292e-18
-5.54624e-19
-1.21472e-19
-2.5924e-20
-5.48107e-21
-1.1388e-21
-2.32621e-22
-4.71608e-23
-9.40322e-24
1.70881e-21
-3.66183e-25
-7.12888e-23
1.77896e-23
-3.70845e-27
-6.71053e-28
-1.70523e-28
-2.86964e-29
-5.19087e-30
-9.74365e-31
8.15526e-28
-4.49997e-32
-1.09805e-32
-1.56623e-33
-2.96896e-06
0
2.96896e-06
0
-2.96896e-06
0
2.96896e-06
2.96896e-06
0
-2.96896e-06
-2.96896e-06
-2.96896e-06
-2.96896e-06
0
2.96896e-06
0
-2.96896e-06
-2.96896e-06
-2.96896e-06
2.96895e-06
0
-2.96887e-06
-2.9687e-06
-2.96826e-06
0
2.96394e-06
2.95614e-06
2.93754e-06
-2.89607e-06
0
-2.66504e-06
-8.38897e-15
1.11203e-06
0.000191086
0.0165982
0.657059
13.0215
146.412
1042.89
5125.57
18692.9
54231.1
134508
304409
648283
1.7174e+06
4.32902e+06
1.06958e+07
2.5575e+07
5.75883e+07
1.29433e+08
3.05462e+08
2.41433e+08
8.99827e+07
3.16429e+07
1.01715e+07
2.98539e+06
694276
32292.6
278.8
1.59296
0.00653074
8.75347e-06
7.07452e-08
-3.76277e-10
-4.78302e-11
-9.70484e-12
-2.39706e-12
-5.93175e-11
-1.71354e-13
-4.59619e-14
-1.19586e-14
-3.04817e-15
-7.57221e-16
-1.83241e-16
-4.33837e-17
-1.00875e-17
-2.27538e-18
-5.0485e-19
-1.10214e-19
-2.34056e-20
-4.94407e-21
-1.0277e-21
-2.10632e-22
-4.22422e-23
-8.2459e-24
-2.09764e-24
-4.79203e-25
-8.53297e-26
-1.78205e-23
-3.01974e-27
-5.78342e-28
-1.12026e-28
-2.13843e-29
-5.79446e-30
-1.0261e-30
-1.98322e-31
-5.25446e-32
-1.09805e-32
-2.02095e-33
-2.96896e-06
-3.6301e-27
0
2.96896e-06
2.96896e-06
-2.96896e-06
1.98088e-23
0
2.96896e-06
0
2.96896e-06
0
-2.96896e-06
0
0
-4.1542e-17
-2.49459e-16
0
-1.53287e-23
-2.96895e-06
2.96893e-06
2.96888e-06
-2.96872e-06
-2.96829e-06
-2.96714e-06
0
-2.60494e-10
0
2.89869e-06
-2.81724e-06
2.67316e-06
-6.66382e-15
9.6692e-07
0.000159106
0.0145242
0.597244
12.1924
140.173
1015.04
5050.74
18587.2
54256.4
135057
306190
652486
1.72939e+06
4.36965e+06
1.07839e+07
2.57937e+07
5.81032e+07
1.30547e+08
3.08166e+08
2.40267e+08
8.95049e+07
3.14389e+07
1.00879e+07
2.95766e+06
673020
29325.2
242.634
1.33443
0.00492232
6.80595e-06
7.22026e-08
-3.36999e-10
-4.40338e-11
-9.03743e-12
-2.24887e-12
-5.95528e-13
-1.59565e-13
-4.23914e-14
-1.09881e-14
-2.79579e-15
1.14108e-13
-1.66859e-16
-3.91363e-17
-9.06358e-18
-2.03836e-18
-4.50336e-19
-9.77703e-20
-2.08873e-20
-4.38855e-21
-9.11968e-22
-1.09668e-19
-3.76129e-23
-8.42673e-24
-2.42314e-24
-4.49817e-25
-8.3917e-26
-1.58934e-26
-3.0374e-27
-5.87171e-28
-1.12026e-28
-2.13843e-29
-4.15614e-30
-9.70054e-31
-2.62992e-31
-6.14367e-32
-1.09805e-32
-2.09673e-33
-2.96896e-06
0
0
2.96896e-06
0
3.71723e-24
0
0
-2.96896e-06
-2.96896e-06
0
-2.96896e-06
2.96896e-06
2.96896e-06
-2.96896e-06
2.96896e-06
0
9.97835e-16
2.96896e-06
0
0
-2.96888e-06
-2.96874e-06
-2.96834e-06
0
1.25385e-19
0
-2.94062e-06
2.90241e-06
-7.6438e-18
-2.68291e-06
-5.14079e-15
7.87197e-07
0.000135111
0.0127636
0.544
11.3951
133.305
985.6
4972.2
18467
54225.7
135424
307469
655518
1.73787e+06
4.39602e+06
1.08408e+07
2.59281e+07
5.84039e+07
1.31243e+08
3.09838e+08
2.39872e+08
8.93396e+07
3.13618e+07
1.00499e+07
2.9471e+06
652398
26543.2
210.945
1.13266
0.00362603
5.15339e-06
6.42805e-08
-2.96435e-10
-4.00029e-11
-8.31108e-12
-2.0611e-12
-5.4596e-13
-1.44671e-13
-3.83551e-14
-9.8622e-15
-3.08358e-13
-6.14031e-16
-1.46836e-16
-7.20948e-15
-7.88797e-18
-4.50225e-16
-1.12502e-16
-8.47343e-20
-7.02499e-18
-3.79601e-21
-7.77719e-22
-1.57395e-22
-2.74137e-20
-9.25855e-24
-1.98914e-24
-4.28066e-22
-7.77009e-26
-1.51164e-26
-2.91378e-27
-5.60682e-28
-1.06508e-28
-2.02116e-29
1.30476e-26
-7.54486e-31
-1.56286e-31
-4.02842e-32
-8.0501e-33
-1.62518e-33
0
0
0
0
0
2.96896e-06
0
-1.98351e-22
0
2.96896e-06
-1.16949e-28
-2.96896e-06
0
2.96896e-06
-2.96896e-06
2.96896e-06
0
0
2.96896e-06
0
0
-2.96889e-06
0
0
0
-1.59649e-14
0
2.94201e-06
2.90539e-06
-2.82954e-06
1.0112e-08
-3.87455e-15
6.23117e-07
0.000107529
0.0107813
0.482662
10.5216
127.097
954.748
4882.05
18308.9
54088.3
135477
307857
656418
1.73989e+06
4.39952e+06
1.08514e+07
2.59516e+07
5.8461e+07
1.31385e+08
3.10221e+08
2.40582e+08
8.95977e+07
3.14431e+07
1.007e+07
2.95433e+06
638329
24494.6
181.767
0.947964
0.00247142
3.74631e-06
5.15295e-08
-2.59726e-10
-3.61978e-11
-7.60345e-12
-1.893e-12
-4.98854e-13
-1.32259e-13
-3.4629e-14
-8.8916e-15
-2.22306e-15
-5.41222e-16
-1.92467e-14
-3.00349e-17
-6.86405e-18
-1.5264e-18
-3.36567e-19
-7.22908e-20
-1.53322e-20
1.16365e-18
-6.52728e-22
-1.4698e-22
2.73281e-20
-8.2459e-24
-1.61844e-24
-3.23236e-25
-6.41385e-26
-1.2644e-26
-2.44581e-27
-4.72386e-28
-9.05038e-29
-1.72454e-29
-3.29387e-30
-6.27301e-31
-1.30418e-31
-2.97753e-32
-6.02915e-33
-1.19573e-33
-2.96896e-06
0
-2.96896e-06
0
0
-2.96896e-06
2.28416e-31
0
2.96896e-06
-9.52929e-22
2.96896e-06
0
2.96896e-06
0
-5.19275e-18
0
0
0
-2.96896e-06
-2.96895e-06
0
0
0
0
2.96756e-06
0
0
0
0
-2.83799e-06
-2.70498e-06
-2.70724e-15
4.06674e-07
8.57027e-05
0.00922962
0.436503
9.88811
122.729
935.051
4829.13
18220.5
53984.1
135279
307232
654555
1.73319e+06
4.37558e+06
1.07967e+07
2.58114e+07
5.8167e+07
1.30781e+08
3.08837e+08
2.42539e+08
9.03708e+07
3.17376e+07
1.01716e+07
2.98657e+06
633757
23263.4
165.67
0.856815
0.00165345
2.75959e-06
4.32488e-08
-2.22043e-10
-3.18459e-11
-6.73831e-12
-1.67543e-12
-4.36868e-13
-1.1488e-13
-2.96608e-14
-7.49391e-15
-1.85418e-15
-4.48998e-16
-1.06183e-16
-2.4574e-17
-5.53675e-18
-1.2325e-18
-2.69016e-19
-5.77734e-20
-1.22213e-20
-2.53684e-21
-5.25423e-22
-1.52766e-22
1.82001e-20
-6.65458e-24
-1.32911e-24
-2.61075e-25
-5.05762e-26
-9.85388e-27
-1.89837e-27
-3.68638e-28
-7.09131e-29
-1.36584e-29
-2.59543e-30
-4.97961e-31
-9.64664e-32
-2.62723e-32
-4.95131e-33
-8.25219e-34
-2.96896e-06
1.81505e-27
0
-2.96896e-06
0
0
0
2.96896e-06
0
2.96896e-06
0
6.85264e-20
-2.96896e-06
2.96896e-06
0
0
-4.79024e-25
2.96896e-06
0
-1.06347e-14
-2.96894e-06
-2.9689e-06
0
7.84708e-21
-2.96767e-06
0
-2.95981e-06
0
2.91461e-06
-2.8439e-06
2.71436e-06
-2.51224e-06
3.74696e-07
7.05461e-05
0.00793669
0.391466
9.17341
116.56
908.696
4760.26
18106.8
53822
134862
305650
649593
1.71481e+06
4.30485e+06
1.06407e+07
2.54138e+07
5.72467e+07
1.28904e+08
3.04479e+08
2.47081e+08
9.21668e+07
3.24059e+07
1.03967e+07
3.06334e+06
636350
21491.3
137.931
0.676901
0.00117723
2.05106e-06
2.99949e-08
-1.91405e-10
-2.84203e-11
-6.08884e-12
-1.50721e-12
-3.90985e-13
-1.01845e-13
-2.60896e-14
-6.56209e-15
-1.6115e-15
-3.85896e-16
-9.01042e-17
-2.07059e-17
-4.64556e-18
-1.02866e-18
-2.22798e-19
-4.77001e-20
-9.9622e-21
-2.0554e-21
-4.46725e-22
-1.35406e-22
-2.64737e-23
-5.33452e-24
-1.06238e-24
-2.10216e-25
-4.0687e-26
-7.91136e-27
-1.52753e-27
-2.92482e-28
-5.6289e-29
-1.07266e-29
-2.0522e-30
-3.92333e-31
-7.59875e-32
-2.07484e-32
-4.985e-33
-8.46271e-34
-2.96896e-06
-2.96896e-06
0
0
0
2.96896e-06
0
0
2.96896e-06
-2.96896e-06
-2.96896e-06
0
-2.96896e-06
-2.96896e-06
0
2.96896e-06
-2.96896e-06
-2.96896e-06
-7.80639e-18
0
6.24508e-17
0
0
0
2.96792e-06
0
-2.96137e-06
0
-2.92076e-06
2.85796e-06
0
-2.53975e-06
1.72205e-07
4.73463e-05
0.00619129
0.341188
8.58554
113.903
903.985
4773.77
18192.6
53993.2
134808
304192
643756
1.69137e+06
4.20865e+06
1.04017e+07
2.48027e+07
5.58747e+07
1.25717e+08
2.96805e+08
2.53667e+08
9.49099e+07
3.34997e+07
1.07849e+07
3.18045e+06
661255
21226.6
123.872
0.591315
0.000648001
1.24978e-06
2.16582e-08
-1.43729e-10
-2.22598e-11
-4.8281e-12
-1.18052e-12
-3.01683e-13
-7.67019e-14
-1.92576e-14
-4.71783e-15
-1.14068e-15
-2.66973e-16
-9.62036e-15
-2.40366e-15
-3.09072e-18
-1.50035e-16
-3.7485e-17
-3.09606e-20
-6.44395e-21
-1.34249e-21
-4.02747e-22
-8.59309e-23
-1.79384e-23
-3.65279e-24
-7.23324e-25
-1.4258e-22
-2.76898e-26
-5.4214e-27
-1.05514e-27
-2.05289e-28
-3.98713e-29
-7.72594e-30
-1.50035e-30
-2.85627e-31
-6.49397e-32
-1.53592e-32
-3.26719e-33
-5.38919e-34
)
;

boundaryField
{
    fuel
    {
        type            calculated;
        value           uniform 0;
    }
    air
    {
        type            calculated;
        value           uniform 0;
    }
    outlet
    {
        type            calculated;
        value           uniform 0;
    }
    frontAndBack
    {
        type            empty;
    }
}


// ************************************************************************* //
