/*--------------------------------*- C++ -*----------------------------------*\
  =========                 |
  \\      /  F ield         | OpenFOAM: The Open Source CFD Toolbox
   \\    /   O peration     | Website:  https://openfoam.org
    \\  /    A nd           | Version:  11
     \\/     M anipulation  |
\*---------------------------------------------------------------------------*/
FoamFile
{
    format      ascii;
    class       volScalarField;
    location    "0.05";
    object      rho;
}
// * * * * * * * * * * * * * * * * * * * * * * * * * * * * * * * * * * * * * //

dimensions      [1 -3 0 0 0 0 0];

internalField   nonuniform List<scalar> 
4000
(
0.658534
0.658534
0.658534
0.658534
0.658534
0.658534
0.658534
0.658534
0.658534
0.658534
0.658534
0.658534
0.658534
0.658534
0.658534
0.658534
0.658534
0.658534
0.658533
0.658533
0.65853
0.658524
0.658505
0.658452
0.658305
0.657905
0.656854
0.654192
0.647828
0.633851
0.606798
0.563032
0.507834
0.451825
0.402014
0.360612
0.32692
0.299379
0.27658
0.257375
0.240919
0.22654
0.213852
0.202577
0.192518
0.183535
0.175548
0.168539
0.162596
0.158314
0.15597
0.157402
0.168536
0.19126
0.223743
0.26685
0.322489
0.394234
0.499106
0.627581
0.757656
0.905899
1.0417
1.1175
1.15448
1.17108
1.17828
1.18139
1.18274
1.18334
1.1836
1.18372
1.18378
1.1838
1.18381
1.18382
1.18382
1.18382
1.18382
1.18382
1.18382
1.18382
1.18382
1.18382
1.18382
1.18382
1.18382
1.18382
1.18382
1.18382
1.18382
1.18382
1.18382
1.18382
1.18382
1.18382
1.18382
1.18382
1.18382
1.18382
0.658534
0.658534
0.658534
0.658534
0.658534
0.658534
0.658534
0.658534
0.658534
0.658534
0.658534
0.658534
0.658534
0.658534
0.658534
0.658534
0.658534
0.658534
0.658533
0.658532
0.658529
0.658521
0.658497
0.65843
0.658249
0.657764
0.656509
0.653403
0.646166
0.630743
0.601922
0.55697
0.502331
0.447699
0.399371
0.359097
0.326139
0.299062
0.276462
0.257372
0.240965
0.226604
0.213915
0.20263
0.192552
0.183544
0.17553
0.168493
0.162535
0.15827
0.155976
0.157561
0.16913
0.192139
0.224787
0.267877
0.323222
0.394315
0.49769
0.623885
0.752603
0.892773
1.03069
1.11024
1.15034
1.16893
1.17721
1.18087
1.18249
1.18322
1.18355
1.1837
1.18377
1.1838
1.18381
1.18382
1.18382
1.18382
1.18382
1.18382
1.18382
1.18382
1.18382
1.18382
1.18382
1.18382
1.18382
1.18382
1.18382
1.18382
1.18382
1.18382
1.18382
1.18382
1.18382
1.18382
1.18382
1.18382
1.18382
1.18382
0.658534
0.658534
0.658534
0.658534
0.658534
0.658534
0.658534
0.658534
0.658534
0.658534
0.658534
0.658534
0.658534
0.658534
0.658534
0.658534
0.658534
0.658534
0.658533
0.658532
0.658529
0.65852
0.658494
0.658421
0.658225
0.657703
0.656364
0.653071
0.645468
0.629436
0.599848
0.554335
0.499799
0.445614
0.397754
0.357887
0.32525
0.298374
0.276029
0.257101
0.240805
0.226519
0.213877
0.202606
0.19253
0.183514
0.175486
0.16844
0.162477
0.15822
0.155965
0.157645
0.169462
0.192579
0.225221
0.26815
0.323061
0.39306
0.494405
0.618439
0.746065
0.884569
1.02408
1.10624
1.14823
1.16789
1.17672
1.18063
1.18238
1.18317
1.18352
1.18369
1.18376
1.18379
1.18381
1.18382
1.18382
1.18382
1.18382
1.18382
1.18382
1.18382
1.18382
1.18382
1.18382
1.18382
1.18382
1.18382
1.18382
1.18382
1.18382
1.18382
1.18382
1.18382
1.18382
1.18382
1.18382
1.18382
1.18382
1.18382
0.658534
0.658534
0.658534
0.658534
0.658534
0.658534
0.658534
0.658534
0.658534
0.658534
0.658534
0.658534
0.658534
0.658534
0.658534
0.658534
0.658534
0.658534
0.658533
0.658532
0.658528
0.658518
0.658488
0.658407
0.658186
0.657608
0.656136
0.652564
0.644431
0.627569
0.597038
0.550965
0.49674
0.443245
0.396091
0.356776
0.324528
0.297933
0.275704
0.256863
0.240629
0.226386
0.213776
0.202537
0.192475
0.183465
0.175442
0.168398
0.162438
0.158192
0.155954
0.157669
0.169571
0.192704
0.225293
0.268061
0.322654
0.392037
0.492443
0.615538
0.742265
0.87571
1.01708
1.10192
1.1458
1.1666
1.17606
1.18031
1.18222
1.18309
1.18349
1.18367
1.18375
1.18379
1.18381
1.18382
1.18382
1.18382
1.18382
1.18382
1.18382
1.18382
1.18382
1.18382
1.18382
1.18382
1.18382
1.18382
1.18382
1.18382
1.18382
1.18382
1.18382
1.18382
1.18382
1.18382
1.18382
1.18382
1.18382
1.18382
0.658534
0.658534
0.658534
0.658534
0.658534
0.658534
0.658534
0.658534
0.658534
0.658534
0.658534
0.658534
0.658534
0.658534
0.658534
0.658534
0.658534
0.658534
0.658533
0.658532
0.658528
0.658517
0.658485
0.658398
0.658165
0.657553
0.656003
0.652257
0.643773
0.626303
0.594971
0.548282
0.494035
0.440922
0.394289
0.355456
0.323601
0.297324
0.275229
0.25651
0.240367
0.226192
0.213628
0.202419
0.192383
0.183395
0.175389
0.168358
0.162409
0.158171
0.15594
0.157656
0.169541
0.192605
0.225055
0.267599
0.321816
0.390449
0.489649
0.611089
0.736888
0.867084
1.01024
1.09798
1.14379
1.16563
1.1756
1.18009
1.18212
1.18304
1.18346
1.18366
1.18375
1.18379
1.18381
1.18382
1.18382
1.18382
1.18382
1.18382
1.18382
1.18382
1.18382
1.18382
1.18382
1.18382
1.18382
1.18382
1.18382
1.18382
1.18382
1.18382
1.18382
1.18382
1.18382
1.18382
1.18382
1.18382
1.18382
1.18382
0.658534
0.658534
0.658534
0.658534
0.658534
0.658534
0.658534
0.658534
0.658534
0.658534
0.658534
0.658534
0.658534
0.658534
0.658534
0.658534
0.658534
0.658534
0.658533
0.658532
0.658527
0.658515
0.65848
0.658386
0.658133
0.657474
0.655817
0.651847
0.642949
0.62485
0.592816
0.54585
0.491782
0.439089
0.392889
0.3544
0.322782
0.296653
0.274765
0.256177
0.240122
0.226009
0.213492
0.20232
0.192313
0.183349
0.175357
0.16834
0.162399
0.158164
0.155927
0.157617
0.169414
0.192355
0.224601
0.266772
0.320482
0.388298
0.486176
0.606889
0.732106
0.860013
1.00429
1.0943
1.14178
1.16459
1.17508
1.17983
1.18199
1.18298
1.18343
1.18364
1.18374
1.18378
1.18381
1.18381
1.18382
1.18382
1.18382
1.18382
1.18382
1.18382
1.18382
1.18382
1.18382
1.18382
1.18382
1.18382
1.18382
1.18382
1.18382
1.18382
1.18382
1.18382
1.18382
1.18382
1.18382
1.18382
1.18382
1.18382
0.658534
0.658534
0.658534
0.658534
0.658534
0.658534
0.658534
0.658534
0.658534
0.658534
0.658534
0.658534
0.658534
0.658534
0.658534
0.658534
0.658534
0.658534
0.658533
0.658532
0.658527
0.658514
0.658478
0.658378
0.658114
0.657426
0.655701
0.651578
0.642371
0.623741
0.591023
0.543651
0.489599
0.437235
0.391454
0.353336
0.322003
0.296082
0.274341
0.255863
0.239886
0.225834
0.213364
0.202228
0.19225
0.183308
0.175336
0.168332
0.162399
0.158164
0.155914
0.157557
0.169194
0.191952
0.223955
0.265818
0.319128
0.38638
0.483024
0.60295
0.727309
0.853369
0.998687
1.09092
1.14002
1.16373
1.17467
1.17964
1.1819
1.18293
1.18341
1.18363
1.18374
1.18378
1.1838
1.18381
1.18382
1.18382
1.18382
1.18382
1.18382
1.18382
1.18382
1.18382
1.18382
1.18382
1.18382
1.18382
1.18382
1.18382
1.18382
1.18382
1.18382
1.18382
1.18382
1.18382
1.18382
1.18382
1.18382
1.18382
0.658534
0.658534
0.658534
0.658534
0.658534
0.658534
0.658534
0.658534
0.658534
0.658534
0.658534
0.658534
0.658534
0.658534
0.658534
0.658534
0.658534
0.658534
0.658533
0.658532
0.658527
0.658513
0.658474
0.658369
0.658089
0.657365
0.655555
0.651256
0.641722
0.622592
0.589317
0.541708
0.487756
0.435695
0.390252
0.352424
0.321317
0.295566
0.273953
0.255571
0.239666
0.22567
0.213244
0.202143
0.192194
0.183274
0.175321
0.168331
0.162406
0.15817
0.155904
0.157491
0.168961
0.191545
0.223322
0.264869
0.317739
0.384241
0.479817
0.598711
0.722877
0.847472
0.993587
1.08777
1.13835
1.1629
1.17426
1.17944
1.1818
1.18289
1.18339
1.18362
1.18373
1.18378
1.1838
1.18381
1.18382
1.18382
1.18382
1.18382
1.18382
1.18382
1.18382
1.18382
1.18382
1.18382
1.18382
1.18382
1.18382
1.18382
1.18382
1.18382
1.18382
1.18382
1.18382
1.18382
1.18382
1.18382
1.18382
1.18382
0.658534
0.658534
0.658534
0.658534
0.658534
0.658534
0.658534
0.658534
0.658534
0.658534
0.658534
0.658534
0.658534
0.658534
0.658534
0.658534
0.658534
0.658534
0.658533
0.658532
0.658526
0.658512
0.658472
0.658362
0.658072
0.657322
0.655453
0.651025
0.64124
0.6217
0.587927
0.540052
0.486142
0.434328
0.389184
0.351618
0.320713
0.295112
0.273611
0.255314
0.239472
0.225525
0.213139
0.20207
0.192146
0.183249
0.175313
0.168334
0.162417
0.158179
0.155896
0.157431
0.168737
0.191162
0.22274
0.264022
0.316549
0.382527
0.477065
0.595066
0.718522
0.842255
0.989046
1.08492
1.13683
1.16214
1.1739
1.17927
1.18172
1.18285
1.18337
1.18361
1.18373
1.18378
1.1838
1.18381
1.18382
1.18382
1.18382
1.18382
1.18382
1.18382
1.18382
1.18382
1.18382
1.18382
1.18382
1.18382
1.18382
1.18382
1.18382
1.18382
1.18382
1.18382
1.18382
1.18382
1.18382
1.18382
1.18382
1.18382
0.658534
0.658534
0.658534
0.658534
0.658534
0.658534
0.658534
0.658534
0.658534
0.658534
0.658534
0.658534
0.658534
0.658534
0.658534
0.658534
0.658534
0.658534
0.658533
0.658531
0.658526
0.658511
0.658469
0.658356
0.658054
0.657277
0.655347
0.650788
0.640755
0.620827
0.586613
0.538533
0.484686
0.433105
0.388229
0.350895
0.320171
0.294704
0.273303
0.255083
0.239297
0.225395
0.213045
0.202005
0.192106
0.183227
0.175307
0.16834
0.162429
0.158189
0.15589
0.157374
0.168527
0.190804
0.2222
0.26324
0.315456
0.38098
0.474436
0.591671
0.714981
0.838032
0.985289
1.08251
1.13555
1.16151
1.17359
1.17912
1.18165
1.18281
1.18335
1.18361
1.18372
1.18378
1.1838
1.18381
1.18382
1.18382
1.18382
1.18382
1.18382
1.18382
1.18382
1.18382
1.18382
1.18382
1.18382
1.18382
1.18382
1.18382
1.18382
1.18382
1.18382
1.18382
1.18382
1.18382
1.18382
1.18382
1.18382
1.18382
0.658534
0.658534
0.658534
0.658534
0.658534
0.658534
0.658534
0.658534
0.658534
0.658534
0.658534
0.658534
0.658534
0.658534
0.658534
0.658534
0.658534
0.658534
0.658533
0.658531
0.658526
0.65851
0.658467
0.65835
0.65804
0.657241
0.65526
0.650592
0.640356
0.620111
0.585534
0.537283
0.483485
0.432091
0.387432
0.350288
0.319712
0.294357
0.27304
0.254884
0.239147
0.225283
0.212964
0.20195
0.192071
0.183211
0.175304
0.168347
0.162442
0.158199
0.155885
0.157323
0.168336
0.190481
0.221714
0.262541
0.314485
0.379623
0.472066
0.588637
0.711665
0.834391
0.982076
1.08039
1.13437
1.16091
1.1733
1.17898
1.18158
1.18278
1.18334
1.1836
1.18372
1.18378
1.1838
1.18381
1.18382
1.18382
1.18382
1.18382
1.18382
1.18382
1.18382
1.18382
1.18382
1.18382
1.18382
1.18382
1.18382
1.18382
1.18382
1.18382
1.18382
1.18382
1.18382
1.18382
1.18382
1.18382
1.18382
1.18382
0.658534
0.658534
0.658534
0.658534
0.658534
0.658534
0.658534
0.658534
0.658534
0.658534
0.658534
0.658534
0.658534
0.658534
0.658534
0.658534
0.658534
0.658534
0.658533
0.658531
0.658526
0.65851
0.658465
0.658345
0.658027
0.657209
0.655185
0.650426
0.640013
0.619489
0.58459
0.536181
0.48242
0.43119
0.386724
0.34975
0.319306
0.29405
0.272808
0.254709
0.239015
0.225185
0.212893
0.201902
0.192042
0.183197
0.175303
0.168355
0.162454
0.158208
0.155881
0.157277
0.168166
0.190195
0.221287
0.261931
0.313646
0.378477
0.470085
0.586113
0.708942
0.831138
0.979128
1.07849
1.13335
1.16041
1.17306
1.17887
1.18153
1.18276
1.18333
1.18359
1.18372
1.18377
1.1838
1.18381
1.18382
1.18382
1.18382
1.18382
1.18382
1.18382
1.18382
1.18382
1.18382
1.18382
1.18382
1.18382
1.18382
1.18382
1.18382
1.18382
1.18382
1.18382
1.18382
1.18382
1.18382
1.18382
1.18382
1.18382
0.658534
0.658534
0.658534
0.658534
0.658534
0.658534
0.658534
0.658534
0.658534
0.658534
0.658534
0.658534
0.658534
0.658534
0.658534
0.658534
0.658534
0.658534
0.658533
0.658531
0.658525
0.658509
0.658464
0.658341
0.658015
0.65718
0.655116
0.650271
0.6397
0.618932
0.583764
0.535237
0.481523
0.430437
0.386134
0.3493
0.318966
0.293792
0.272612
0.254561
0.238903
0.225102
0.212834
0.201862
0.192018
0.183186
0.175302
0.168362
0.162466
0.158217
0.155877
0.157237
0.168017
0.189944
0.220912
0.261393
0.312902
0.377447
0.468281
0.583806
0.706449
0.82849
0.976811
1.07695
1.13249
1.15997
1.17285
1.17877
1.18148
1.18273
1.18332
1.18359
1.18371
1.18377
1.1838
1.18381
1.18382
1.18382
1.18382
1.18382
1.18382
1.18382
1.18382
1.18382
1.18382
1.18382
1.18382
1.18382
1.18382
1.18382
1.18382
1.18382
1.18382
1.18382
1.18382
1.18382
1.18382
1.18382
1.18382
1.18382
0.658534
0.658534
0.658534
0.658534
0.658534
0.658534
0.658534
0.658534
0.658534
0.658534
0.658534
0.658534
0.658534
0.658534
0.658534
0.658534
0.658534
0.658534
0.658533
0.658531
0.658525
0.658508
0.658462
0.658337
0.658006
0.657158
0.655062
0.650152
0.639455
0.618492
0.583099
0.534463
0.480775
0.429803
0.385634
0.348918
0.318676
0.293573
0.272446
0.254435
0.238808
0.225032
0.212783
0.201828
0.191998
0.183177
0.175303
0.168369
0.162476
0.158225
0.155874
0.157203
0.167889
0.189729
0.220592
0.260938
0.312274
0.37656
0.466808
0.581921
0.704375
0.826196
0.974761
1.07559
1.13174
1.1596
1.17267
1.17868
1.18144
1.18271
1.18331
1.18358
1.18371
1.18377
1.1838
1.18381
1.18382
1.18382
1.18382
1.18382
1.18382
1.18382
1.18382
1.18382
1.18382
1.18382
1.18382
1.18382
1.18382
1.18382
1.18382
1.18382
1.18382
1.18382
1.18382
1.18382
1.18382
1.18382
1.18382
1.18382
0.658534
0.658534
0.658534
0.658534
0.658534
0.658534
0.658534
0.658534
0.658534
0.658534
0.658534
0.658535
0.658535
0.658535
0.658535
0.658534
0.658534
0.658534
0.658533
0.658531
0.658525
0.658508
0.658461
0.658334
0.657998
0.657138
0.655014
0.650044
0.639237
0.618104
0.582525
0.533806
0.48015
0.429277
0.385221
0.348603
0.318436
0.293391
0.272308
0.254331
0.238729
0.224973
0.212742
0.2018
0.191982
0.18317
0.175303
0.168375
0.162484
0.158231
0.155872
0.157174
0.167781
0.189549
0.220326
0.260562
0.311762
0.375848
0.465646
0.580419
0.702708
0.824146
0.972843
1.07433
1.13107
1.15927
1.17251
1.17861
1.1814
1.1827
1.1833
1.18358
1.18371
1.18377
1.1838
1.18381
1.18382
1.18382
1.18382
1.18382
1.18382
1.18382
1.18382
1.18382
1.18382
1.18382
1.18382
1.18382
1.18382
1.18382
1.18382
1.18382
1.18382
1.18382
1.18382
1.18382
1.18382
1.18382
1.18382
1.18382
0.658534
0.658534
0.658534
0.658535
0.658535
0.658535
0.658535
0.658535
0.658535
0.658535
0.658535
0.658535
0.658535
0.658535
0.658535
0.658534
0.658534
0.658534
0.658533
0.658531
0.658525
0.658508
0.65846
0.658332
0.657992
0.657122
0.654977
0.649961
0.639067
0.617801
0.582072
0.533284
0.479649
0.428854
0.384888
0.348348
0.318243
0.293245
0.272197
0.254247
0.238665
0.224926
0.212708
0.201778
0.191969
0.183165
0.175304
0.16838
0.162492
0.158237
0.15587
0.15715
0.167692
0.189399
0.220104
0.260246
0.311328
0.375237
0.464622
0.579101
0.701276
0.822618
0.971505
1.07344
1.13057
1.15902
1.17239
1.17855
1.18138
1.18268
1.18329
1.18358
1.18371
1.18377
1.1838
1.18381
1.18382
1.18382
1.18382
1.18382
1.18382
1.18382
1.18382
1.18382
1.18382
1.18382
1.18382
1.18382
1.18382
1.18382
1.18382
1.18382
1.18382
1.18382
1.18382
1.18382
1.18382
1.18382
1.18382
1.18382
0.658535
0.658535
0.658535
0.658535
0.658535
0.658535
0.658535
0.658535
0.658535
0.658535
0.658535
0.658535
0.658535
0.658535
0.658535
0.658535
0.658534
0.658534
0.658533
0.658531
0.658525
0.658508
0.658459
0.65833
0.657987
0.657109
0.654947
0.649894
0.638932
0.61756
0.581714
0.532874
0.479259
0.428525
0.384629
0.34815
0.318094
0.29313
0.27211
0.254181
0.238616
0.22489
0.212682
0.201761
0.191959
0.183161
0.175305
0.168384
0.162498
0.158242
0.155869
0.157131
0.167621
0.189281
0.219929
0.259996
0.310984
0.374754
0.463812
0.578065
0.700174
0.821467
0.970494
1.07277
1.1302
1.15883
1.1723
1.1785
1.18136
1.18267
1.18329
1.18357
1.18371
1.18377
1.1838
1.18381
1.18382
1.18382
1.18382
1.18382
1.18382
1.18382
1.18382
1.18382
1.18382
1.18382
1.18382
1.18382
1.18382
1.18382
1.18382
1.18382
1.18382
1.18382
1.18382
1.18382
1.18382
1.18382
1.18382
1.18382
0.658535
0.658535
0.658535
0.658535
0.658535
0.658535
0.658535
0.658535
0.658535
0.658535
0.658535
0.658535
0.658535
0.658535
0.658535
0.658535
0.658534
0.658534
0.658533
0.658531
0.658525
0.658507
0.658459
0.658328
0.657983
0.6571
0.654925
0.649846
0.638833
0.617384
0.581453
0.532575
0.478973
0.428284
0.384439
0.348006
0.317986
0.293047
0.272046
0.254133
0.238579
0.224863
0.212663
0.201748
0.191952
0.183159
0.175306
0.168388
0.162502
0.158246
0.155868
0.157117
0.167569
0.189193
0.219799
0.259812
0.31073
0.3744
0.46322
0.57731
0.699384
0.820626
0.969758
1.07229
1.12994
1.1587
1.17224
1.17847
1.18134
1.18267
1.18328
1.18357
1.18371
1.18377
1.1838
1.18381
1.18382
1.18382
1.18382
1.18382
1.18382
1.18382
1.18382
1.18382
1.18382
1.18382
1.18382
1.18382
1.18382
1.18382
1.18382
1.18382
1.18382
1.18382
1.18382
1.18382
1.18382
1.18382
1.18382
1.18382
0.658535
0.658535
0.658535
0.658535
0.658535
0.658535
0.658535
0.658535
0.658535
0.658535
0.658535
0.658535
0.658535
0.658535
0.658535
0.658535
0.658534
0.658534
0.658533
0.658531
0.658525
0.658507
0.658459
0.658327
0.657981
0.657094
0.654912
0.649816
0.638772
0.617276
0.581291
0.532389
0.478794
0.428133
0.384319
0.347914
0.317914
0.292994
0.272006
0.254103
0.238556
0.224846
0.212651
0.201741
0.191948
0.183157
0.175307
0.16839
0.162506
0.158248
0.155868
0.157109
0.167535
0.189138
0.219717
0.259695
0.31057
0.374178
0.462844
0.576828
0.698875
0.820099
0.969306
1.07201
1.12979
1.15863
1.1722
1.17846
1.18133
1.18266
1.18328
1.18357
1.18371
1.18377
1.1838
1.18381
1.18382
1.18382
1.18382
1.18382
1.18382
1.18382
1.18382
1.18382
1.18382
1.18382
1.18382
1.18382
1.18382
1.18382
1.18382
1.18382
1.18382
1.18382
1.18382
1.18382
1.18382
1.18382
1.18382
1.18382
0.658535
0.658535
0.658535
0.658535
0.658535
0.658535
0.658535
0.658535
0.658535
0.658535
0.658535
0.658535
0.658535
0.658535
0.658535
0.658535
0.658534
0.658534
0.658533
0.658531
0.658525
0.658507
0.658458
0.658327
0.65798
0.657092
0.654906
0.649803
0.638745
0.617228
0.58122
0.532306
0.478714
0.428064
0.384265
0.347871
0.317882
0.292969
0.271987
0.254089
0.238546
0.224838
0.212646
0.201737
0.191946
0.183157
0.175307
0.168391
0.162507
0.158249
0.155868
0.157104
0.16752
0.189112
0.219679
0.259641
0.310495
0.374073
0.462669
0.576604
0.698632
0.819846
0.969092
1.07188
1.12973
1.15859
1.17219
1.17845
1.18133
1.18266
1.18328
1.18357
1.18371
1.18377
1.1838
1.18381
1.18382
1.18382
1.18382
1.18382
1.18382
1.18382
1.18382
1.18382
1.18382
1.18382
1.18382
1.18382
1.18382
1.18382
1.18382
1.18382
1.18382
1.18382
1.18382
1.18382
1.18382
1.18382
1.18382
1.18382
0.658535
0.658535
0.658535
0.658535
0.658535
0.658535
0.658535
0.658535
0.658535
0.658535
0.658535
0.658535
0.658535
0.658535
0.658535
0.658535
0.658534
0.658534
0.658533
0.658531
0.658525
0.658507
0.658458
0.658327
0.65798
0.657092
0.654906
0.649803
0.638745
0.617228
0.58122
0.532306
0.478714
0.428065
0.384265
0.347871
0.317882
0.292969
0.271987
0.254089
0.238546
0.224838
0.212646
0.201737
0.191946
0.183157
0.175307
0.168392
0.162507
0.158249
0.155868
0.157105
0.167521
0.189113
0.219681
0.259643
0.310498
0.374076
0.462673
0.576608
0.698635
0.819848
0.969093
1.07188
1.12973
1.15859
1.17219
1.17845
1.18133
1.18266
1.18328
1.18357
1.18371
1.18377
1.1838
1.18381
1.18382
1.18382
1.18382
1.18382
1.18382
1.18382
1.18382
1.18382
1.18382
1.18382
1.18382
1.18382
1.18382
1.18382
1.18382
1.18382
1.18382
1.18382
1.18382
1.18382
1.18382
1.18382
1.18382
1.18382
0.658535
0.658535
0.658535
0.658535
0.658535
0.658535
0.658535
0.658535
0.658535
0.658535
0.658535
0.658535
0.658535
0.658535
0.658535
0.658535
0.658534
0.658534
0.658533
0.658531
0.658525
0.658507
0.658459
0.658327
0.657981
0.657094
0.654912
0.649816
0.638772
0.617276
0.581291
0.532389
0.478794
0.428133
0.384319
0.347913
0.317914
0.292994
0.272006
0.254104
0.238557
0.224847
0.212652
0.201741
0.191948
0.183158
0.175307
0.16839
0.162506
0.158248
0.155868
0.15711
0.167539
0.189143
0.219723
0.259703
0.310579
0.374188
0.462859
0.576845
0.698884
0.820104
0.96931
1.07201
1.12979
1.15863
1.1722
1.17846
1.18133
1.18266
1.18328
1.18357
1.18371
1.18377
1.1838
1.18381
1.18382
1.18382
1.18382
1.18382
1.18382
1.18382
1.18382
1.18382
1.18382
1.18382
1.18382
1.18382
1.18382
1.18382
1.18382
1.18382
1.18382
1.18382
1.18382
1.18382
1.18382
1.18382
1.18382
1.18382
0.658535
0.658535
0.658535
0.658535
0.658535
0.658535
0.658535
0.658535
0.658535
0.658535
0.658535
0.658535
0.658535
0.658535
0.658535
0.658535
0.658534
0.658534
0.658533
0.658531
0.658525
0.658507
0.658459
0.658328
0.657983
0.6571
0.654925
0.649846
0.638834
0.617385
0.581455
0.532577
0.478975
0.428286
0.384441
0.348007
0.317986
0.293048
0.272048
0.254135
0.238581
0.224865
0.212665
0.20175
0.191953
0.18316
0.175307
0.168388
0.162502
0.158245
0.155869
0.157119
0.167575
0.189202
0.21981
0.259825
0.310746
0.374419
0.463244
0.577348
0.69941
0.82065
0.969778
1.07231
1.12995
1.1587
1.17224
1.17848
1.18134
1.18267
1.18328
1.18357
1.18371
1.18377
1.1838
1.18381
1.18382
1.18382
1.18382
1.18382
1.18382
1.18382
1.18382
1.18382
1.18382
1.18382
1.18382
1.18382
1.18382
1.18382
1.18382
1.18382
1.18382
1.18382
1.18382
1.18382
1.18382
1.18382
1.18382
1.18382
0.658535
0.658535
0.658535
0.658535
0.658535
0.658535
0.658535
0.658535
0.658535
0.658535
0.658535
0.658535
0.658535
0.658535
0.658535
0.658535
0.658534
0.658534
0.658533
0.658531
0.658525
0.658508
0.658459
0.65833
0.657987
0.657109
0.654947
0.649895
0.638933
0.617562
0.581716
0.532877
0.479261
0.428527
0.384631
0.348152
0.318096
0.293133
0.272112
0.254184
0.238618
0.224892
0.212685
0.201763
0.191961
0.183163
0.175306
0.168385
0.162498
0.158242
0.15587
0.157133
0.167629
0.189292
0.219943
0.260013
0.311004
0.374778
0.46384
0.578093
0.700209
0.821499
0.97052
1.07279
1.13021
1.15883
1.1723
1.17851
1.18136
1.18267
1.18329
1.18357
1.18371
1.18377
1.1838
1.18381
1.18382
1.18382
1.18382
1.18382
1.18382
1.18382
1.18382
1.18382
1.18382
1.18382
1.18382
1.18382
1.18382
1.18382
1.18382
1.18382
1.18382
1.18382
1.18382
1.18382
1.18382
1.18382
1.18382
1.18382
0.658534
0.658534
0.658534
0.658535
0.658535
0.658535
0.658535
0.658535
0.658535
0.658535
0.658535
0.658535
0.658535
0.658535
0.658535
0.658534
0.658534
0.658534
0.658533
0.658531
0.658525
0.658508
0.65846
0.658332
0.657992
0.657122
0.654977
0.649962
0.639068
0.617803
0.582075
0.533288
0.479653
0.428858
0.384891
0.348351
0.318247
0.293248
0.2722
0.25425
0.238668
0.224929
0.212711
0.201781
0.191971
0.183167
0.175305
0.168381
0.162492
0.158237
0.155871
0.157153
0.167702
0.189413
0.220122
0.260268
0.311354
0.375269
0.464664
0.579145
0.70132
0.822665
0.971543
1.07346
1.13058
1.15902
1.17239
1.17855
1.18138
1.18268
1.18329
1.18358
1.18371
1.18377
1.1838
1.18381
1.18382
1.18382
1.18382
1.18382
1.18382
1.18382
1.18382
1.18382
1.18382
1.18382
1.18382
1.18382
1.18382
1.18382
1.18382
1.18382
1.18382
1.18382
1.18382
1.18382
1.18382
1.18382
1.18382
1.18382
0.658534
0.658534
0.658534
0.658534
0.658534
0.658534
0.658534
0.658534
0.658534
0.658534
0.658534
0.658535
0.658535
0.658535
0.658535
0.658534
0.658534
0.658534
0.658533
0.658531
0.658525
0.658508
0.658461
0.658334
0.657998
0.657138
0.655015
0.650045
0.639239
0.618108
0.582529
0.533812
0.480156
0.429283
0.385226
0.348607
0.318441
0.293395
0.272312
0.254335
0.238733
0.224977
0.212746
0.201804
0.191985
0.183173
0.175305
0.168376
0.162485
0.158232
0.155873
0.157177
0.167793
0.189565
0.220347
0.260587
0.311793
0.375884
0.465693
0.58047
0.702738
0.824179
0.972873
1.07435
1.13108
1.15927
1.17251
1.17861
1.18141
1.1827
1.1833
1.18358
1.18371
1.18377
1.1838
1.18381
1.18382
1.18382
1.18382
1.18382
1.18382
1.18382
1.18382
1.18382
1.18382
1.18382
1.18382
1.18382
1.18382
1.18382
1.18382
1.18382
1.18382
1.18382
1.18382
1.18382
1.18382
1.18382
1.18382
1.18382
0.658534
0.658534
0.658534
0.658534
0.658534
0.658534
0.658534
0.658534
0.658534
0.658534
0.658534
0.658534
0.658534
0.658534
0.658534
0.658534
0.658534
0.658534
0.658533
0.658531
0.658525
0.658508
0.658462
0.658337
0.658007
0.657158
0.655063
0.650153
0.639457
0.618496
0.583106
0.534471
0.480783
0.42981
0.38564
0.348924
0.318681
0.293578
0.272451
0.25444
0.238813
0.225036
0.212788
0.201832
0.192002
0.18318
0.175305
0.16837
0.162476
0.158225
0.155875
0.157206
0.167902
0.189748
0.220616
0.260967
0.312307
0.376597
0.46686
0.581989
0.704454
0.826261
0.97481
1.07562
1.13175
1.1596
1.17267
1.17868
1.18144
1.18271
1.18331
1.18358
1.18371
1.18377
1.1838
1.18381
1.18382
1.18382
1.18382
1.18382
1.18382
1.18382
1.18382
1.18382
1.18382
1.18382
1.18382
1.18382
1.18382
1.18382
1.18382
1.18382
1.18382
1.18382
1.18382
1.18382
1.18382
1.18382
1.18382
1.18382
0.658534
0.658534
0.658534
0.658534
0.658534
0.658534
0.658534
0.658534
0.658534
0.658534
0.658534
0.658534
0.658534
0.658534
0.658534
0.658534
0.658534
0.658534
0.658533
0.658531
0.658525
0.658509
0.658464
0.658341
0.658016
0.657181
0.655117
0.650273
0.639703
0.618938
0.583772
0.535247
0.481533
0.430446
0.386142
0.349307
0.318972
0.293798
0.272618
0.254567
0.238909
0.225108
0.212839
0.201867
0.192022
0.183189
0.175305
0.168364
0.162466
0.158217
0.155878
0.157241
0.168032
0.189965
0.220938
0.261424
0.312934
0.377478
0.468332
0.583867
0.706529
0.828569
0.976869
1.07698
1.1325
1.15998
1.17285
1.17877
1.18148
1.18273
1.18332
1.18359
1.18371
1.18377
1.1838
1.18381
1.18382
1.18382
1.18382
1.18382
1.18382
1.18382
1.18382
1.18382
1.18382
1.18382
1.18382
1.18382
1.18382
1.18382
1.18382
1.18382
1.18382
1.18382
1.18382
1.18382
1.18382
1.18382
1.18382
1.18382
0.658534
0.658534
0.658534
0.658534
0.658534
0.658534
0.658534
0.658534
0.658534
0.658534
0.658534
0.658534
0.658534
0.658534
0.658534
0.658534
0.658534
0.658534
0.658533
0.658531
0.658526
0.65851
0.658465
0.658345
0.658027
0.65721
0.655186
0.650428
0.640017
0.619496
0.584601
0.536194
0.482434
0.431202
0.386735
0.349759
0.319314
0.294058
0.272816
0.254716
0.239022
0.225192
0.2129
0.201908
0.192047
0.183201
0.175306
0.168357
0.162455
0.158208
0.155881
0.157281
0.168182
0.190218
0.221316
0.261964
0.313684
0.378519
0.470142
0.586172
0.708967
0.831173
0.979158
1.07851
1.13336
1.16042
1.17307
1.17887
1.18153
1.18276
1.18333
1.18359
1.18372
1.18377
1.1838
1.18381
1.18382
1.18382
1.18382
1.18382
1.18382
1.18382
1.18382
1.18382
1.18382
1.18382
1.18382
1.18382
1.18382
1.18382
1.18382
1.18382
1.18382
1.18382
1.18382
1.18382
1.18382
1.18382
1.18382
1.18382
0.658534
0.658534
0.658534
0.658534
0.658534
0.658534
0.658534
0.658534
0.658534
0.658534
0.658534
0.658534
0.658534
0.658534
0.658534
0.658534
0.658534
0.658534
0.658533
0.658531
0.658526
0.65851
0.658467
0.65835
0.65804
0.657241
0.655261
0.650595
0.64036
0.620119
0.585547
0.537299
0.483502
0.432106
0.387445
0.350299
0.319722
0.294366
0.273049
0.254892
0.239155
0.225291
0.212971
0.201957
0.192077
0.183215
0.175307
0.168349
0.162443
0.158199
0.155886
0.157327
0.168354
0.190507
0.221747
0.26258
0.31453
0.379678
0.472135
0.588705
0.711713
0.834422
0.982109
1.08042
1.13438
1.16092
1.17331
1.17898
1.18158
1.18278
1.18334
1.1836
1.18372
1.18378
1.1838
1.18381
1.18382
1.18382
1.18382
1.18382
1.18382
1.18382
1.18382
1.18382
1.18382
1.18382
1.18382
1.18382
1.18382
1.18382
1.18382
1.18382
1.18382
1.18382
1.18382
1.18382
1.18382
1.18382
1.18382
1.18382
0.658534
0.658534
0.658534
0.658534
0.658534
0.658534
0.658534
0.658534
0.658534
0.658534
0.658534
0.658534
0.658534
0.658534
0.658534
0.658534
0.658534
0.658534
0.658533
0.658531
0.658526
0.658511
0.658469
0.658356
0.658055
0.657278
0.655349
0.650791
0.64076
0.620837
0.586628
0.538552
0.484706
0.433123
0.388244
0.350908
0.320182
0.294715
0.273314
0.255093
0.239307
0.225404
0.213053
0.202013
0.192112
0.183233
0.175311
0.168343
0.162431
0.158189
0.155891
0.157379
0.168546
0.190833
0.222236
0.263283
0.315506
0.381039
0.474512
0.591754
0.715047
0.838096
0.985339
1.08254
1.13556
1.16151
1.17359
1.17912
1.18165
1.18281
1.18335
1.18361
1.18372
1.18378
1.1838
1.18381
1.18382
1.18382
1.18382
1.18382
1.18382
1.18382
1.18382
1.18382
1.18382
1.18382
1.18382
1.18382
1.18382
1.18382
1.18382
1.18382
1.18382
1.18382
1.18382
1.18382
1.18382
1.18382
1.18382
1.18382
0.658534
0.658534
0.658534
0.658534
0.658534
0.658534
0.658534
0.658534
0.658534
0.658534
0.658534
0.658534
0.658534
0.658534
0.658534
0.658534
0.658534
0.658534
0.658533
0.658532
0.658526
0.658512
0.658472
0.658362
0.658072
0.657322
0.655455
0.651028
0.641246
0.621711
0.587944
0.540075
0.486166
0.434351
0.389203
0.351634
0.320728
0.295126
0.273624
0.255326
0.239483
0.225536
0.213148
0.202079
0.192154
0.183254
0.175317
0.168337
0.162419
0.15818
0.155898
0.157437
0.168758
0.191194
0.22278
0.264069
0.316603
0.38259
0.477143
0.595136
0.718561
0.842279
0.989084
1.08494
1.13685
1.16215
1.1739
1.17927
1.18172
1.18285
1.18337
1.18361
1.18373
1.18378
1.1838
1.18381
1.18382
1.18382
1.18382
1.18382
1.18382
1.18382
1.18382
1.18382
1.18382
1.18382
1.18382
1.18382
1.18382
1.18382
1.18382
1.18382
1.18382
1.18382
1.18382
1.18382
1.18382
1.18382
1.18382
1.18382
0.658534
0.658534
0.658534
0.658534
0.658534
0.658534
0.658534
0.658534
0.658534
0.658534
0.658534
0.658534
0.658534
0.658534
0.658534
0.658534
0.658534
0.658534
0.658533
0.658532
0.658527
0.658513
0.658474
0.658369
0.65809
0.657365
0.655557
0.651259
0.641728
0.622604
0.589336
0.541732
0.487783
0.435719
0.390272
0.352441
0.321332
0.295579
0.273965
0.255583
0.239678
0.225681
0.213255
0.202153
0.192202
0.183281
0.175326
0.168334
0.162408
0.158171
0.155905
0.157498
0.168983
0.191579
0.223364
0.264918
0.317794
0.384303
0.479886
0.598774
0.723007
0.847557
0.993655
1.0878
1.13836
1.1629
1.17427
1.17944
1.1818
1.18289
1.18339
1.18362
1.18373
1.18378
1.1838
1.18381
1.18382
1.18382
1.18382
1.18382
1.18382
1.18382
1.18382
1.18382
1.18382
1.18382
1.18382
1.18382
1.18382
1.18382
1.18382
1.18382
1.18382
1.18382
1.18382
1.18382
1.18382
1.18382
1.18382
1.18382
0.658534
0.658534
0.658534
0.658534
0.658534
0.658534
0.658534
0.658534
0.658534
0.658534
0.658534
0.658534
0.658534
0.658534
0.658534
0.658534
0.658534
0.658534
0.658533
0.658532
0.658527
0.658514
0.658478
0.658379
0.658114
0.657427
0.655702
0.651581
0.642378
0.623754
0.591045
0.543678
0.489628
0.437262
0.391478
0.353357
0.322022
0.296099
0.274357
0.255877
0.2399
0.225847
0.213376
0.202238
0.192259
0.183315
0.175341
0.168335
0.162401
0.158165
0.155916
0.157563
0.169217
0.191986
0.223999
0.265872
0.319192
0.386458
0.483133
0.60308
0.727406
0.85344
0.998754
1.09095
1.14003
1.16374
1.17467
1.17964
1.1819
1.18293
1.18341
1.18363
1.18374
1.18378
1.1838
1.18381
1.18382
1.18382
1.18382
1.18382
1.18382
1.18382
1.18382
1.18382
1.18382
1.18382
1.18382
1.18382
1.18382
1.18382
1.18382
1.18382
1.18382
1.18382
1.18382
1.18382
1.18382
1.18382
1.18382
1.18382
0.658534
0.658534
0.658534
0.658534
0.658534
0.658534
0.658534
0.658534
0.658534
0.658534
0.658534
0.658534
0.658534
0.658534
0.658534
0.658534
0.658534
0.658534
0.658533
0.658532
0.658527
0.658515
0.65848
0.658386
0.658133
0.657475
0.655819
0.651851
0.642957
0.624864
0.592838
0.545879
0.491814
0.439119
0.392915
0.354423
0.322803
0.296672
0.274782
0.256193
0.240136
0.226023
0.213505
0.20233
0.192321
0.183355
0.175362
0.168342
0.162401
0.158165
0.15593
0.157625
0.169442
0.192393
0.22464
0.26683
0.320552
0.388382
0.486282
0.607003
0.732152
0.860069
1.00436
1.09434
1.14179
1.1646
1.17508
1.17984
1.18199
1.18298
1.18343
1.18364
1.18374
1.18378
1.18381
1.18381
1.18382
1.18382
1.18382
1.18382
1.18382
1.18382
1.18382
1.18382
1.18382
1.18382
1.18382
1.18382
1.18382
1.18382
1.18382
1.18382
1.18382
1.18382
1.18382
1.18382
1.18382
1.18382
1.18382
1.18382
0.658534
0.658534
0.658534
0.658534
0.658534
0.658534
0.658534
0.658534
0.658534
0.658534
0.658534
0.658534
0.658534
0.658534
0.658534
0.658534
0.658534
0.658534
0.658533
0.658532
0.658528
0.658517
0.658485
0.658398
0.658165
0.657554
0.656005
0.652261
0.64378
0.626317
0.594995
0.548313
0.49407
0.440954
0.394315
0.355478
0.32362
0.297342
0.275245
0.256525
0.240382
0.226206
0.213641
0.202431
0.192393
0.183403
0.175396
0.168362
0.16241
0.158172
0.155942
0.157665
0.169573
0.192654
0.225127
0.267674
0.321899
0.39055
0.489771
0.611213
0.736962
0.86716
1.01033
1.09802
1.14381
1.16564
1.17561
1.18009
1.18212
1.18304
1.18346
1.18366
1.18375
1.18379
1.18381
1.18382
1.18382
1.18382
1.18382
1.18382
1.18382
1.18382
1.18382
1.18382
1.18382
1.18382
1.18382
1.18382
1.18382
1.18382
1.18382
1.18382
1.18382
1.18382
1.18382
1.18382
1.18382
1.18382
1.18382
1.18382
0.658534
0.658534
0.658534
0.658534
0.658534
0.658534
0.658534
0.658534
0.658534
0.658534
0.658534
0.658534
0.658534
0.658534
0.658534
0.658534
0.658534
0.658534
0.658533
0.658532
0.658528
0.658518
0.658488
0.658407
0.658187
0.657608
0.656138
0.652567
0.644438
0.627583
0.597062
0.550997
0.496776
0.443278
0.396119
0.3568
0.324549
0.297952
0.275721
0.25688
0.240645
0.226402
0.21379
0.202549
0.192486
0.183474
0.175447
0.168402
0.16244
0.158193
0.155956
0.157679
0.169607
0.192758
0.225363
0.268146
0.322755
0.392155
0.49259
0.6157
0.742404
0.875833
1.01718
1.10197
1.14582
1.16661
1.17607
1.18031
1.18222
1.18309
1.18349
1.18367
1.18375
1.18379
1.18381
1.18382
1.18382
1.18382
1.18382
1.18382
1.18382
1.18382
1.18382
1.18382
1.18382
1.18382
1.18382
1.18382
1.18382
1.18382
1.18382
1.18382
1.18382
1.18382
1.18382
1.18382
1.18382
1.18382
1.18382
1.18382
0.658534
0.658534
0.658534
0.658534
0.658534
0.658534
0.658534
0.658534
0.658534
0.658534
0.658534
0.658534
0.658534
0.658534
0.658534
0.658534
0.658534
0.658534
0.658533
0.658532
0.658529
0.65852
0.658494
0.658421
0.658225
0.657704
0.656365
0.653074
0.645475
0.629451
0.599874
0.554372
0.499841
0.445653
0.397789
0.35792
0.325281
0.298405
0.276055
0.257122
0.240823
0.226535
0.213892
0.20262
0.192542
0.183524
0.175493
0.168443
0.162479
0.158221
0.155967
0.157656
0.169504
0.192641
0.225299
0.268244
0.323167
0.393192
0.49457
0.618622
0.74619
0.884682
1.02418
1.10628
1.14826
1.16791
1.17672
1.18064
1.18238
1.18317
1.18352
1.18369
1.18376
1.18379
1.18381
1.18382
1.18382
1.18382
1.18382
1.18382
1.18382
1.18382
1.18382
1.18382
1.18382
1.18382
1.18382
1.18382
1.18382
1.18382
1.18382
1.18382
1.18382
1.18382
1.18382
1.18382
1.18382
1.18382
1.18382
1.18382
0.658534
0.658534
0.658534
0.658534
0.658534
0.658534
0.658534
0.658534
0.658534
0.658534
0.658534
0.658534
0.658534
0.658534
0.658534
0.658534
0.658534
0.658534
0.658533
0.658532
0.658529
0.658521
0.658497
0.658431
0.658249
0.657764
0.656511
0.653406
0.646172
0.630757
0.601945
0.557004
0.50237
0.447737
0.399404
0.359126
0.326164
0.299082
0.276481
0.257391
0.240984
0.226622
0.213932
0.202644
0.192564
0.183553
0.175536
0.168498
0.162536
0.158269
0.155978
0.157574
0.169181
0.192214
0.224881
0.267989
0.323352
0.394473
0.497889
0.624107
0.752744
0.892874
1.03078
1.11028
1.15036
1.16894
1.17722
1.18087
1.18249
1.18322
1.18355
1.1837
1.18377
1.1838
1.18381
1.18382
1.18382
1.18382
1.18382
1.18382
1.18382
1.18382
1.18382
1.18382
1.18382
1.18382
1.18382
1.18382
1.18382
1.18382
1.18382
1.18382
1.18382
1.18382
1.18382
1.18382
1.18382
1.18382
1.18382
1.18382
0.658534
0.658534
0.658534
0.658534
0.658534
0.658534
0.658534
0.658534
0.658534
0.658534
0.658534
0.658534
0.658534
0.658534
0.658534
0.658534
0.658534
0.658534
0.658533
0.658533
0.65853
0.658524
0.658505
0.658452
0.658305
0.657906
0.656855
0.654194
0.647835
0.633865
0.606824
0.563071
0.507879
0.451869
0.402052
0.360643
0.326945
0.299398
0.276601
0.257395
0.240939
0.226559
0.213869
0.202592
0.192529
0.183543
0.175552
0.168541
0.162595
0.158313
0.155972
0.157419
0.168599
0.191354
0.22386
0.266989
0.322645
0.394421
0.499338
0.62783
0.757826
0.906062
1.04181
1.11755
1.15451
1.1711
1.17829
1.18139
1.18274
1.18334
1.1836
1.18372
1.18378
1.1838
1.18381
1.18382
1.18382
1.18382
1.18382
1.18382
1.18382
1.18382
1.18382
1.18382
1.18382
1.18382
1.18382
1.18382
1.18382
1.18382
1.18382
1.18382
1.18382
1.18382
1.18382
1.18382
1.18382
1.18382
1.18382
1.18382
)
;

boundaryField
{
    fuel
    {
        type            calculated;
        value           nonuniform List<scalar> 
40
(
0.658534
0.658534
0.658534
0.658534
0.658534
0.658534
0.658534
0.658534
0.658534
0.658534
0.658534
0.658534
0.658534
0.658534
0.658534
0.658534
0.658535
0.658535
0.658535
0.658535
0.658535
0.658535
0.658535
0.658535
0.658534
0.658534
0.658534
0.658534
0.658534
0.658534
0.658534
0.658534
0.658534
0.658534
0.658534
0.658534
0.658534
0.658534
0.658534
0.658534
)
;
    }
    air
    {
        type            calculated;
        value           nonuniform List<scalar> 
40
(
1.18382
1.18382
1.18382
1.18382
1.18382
1.18382
1.18382
1.18382
1.18382
1.18382
1.18382
1.18382
1.18382
1.18382
1.18382
1.18382
1.18382
1.18382
1.18382
1.18382
1.18382
1.18382
1.18382
1.18382
1.18382
1.18382
1.18382
1.18382
1.18382
1.18382
1.18382
1.18382
1.18382
1.18382
1.18382
1.18382
1.18382
1.18382
1.18382
1.18382
)
;
    }
    outlet
    {
        type            calculated;
        value           nonuniform List<scalar> 
200
(
0.658534
0.658534
0.658534
0.658534
0.658534
0.658534
0.658534
0.658534
0.658534
0.658534
0.658534
0.658534
0.658534
0.658534
0.658534
0.658534
0.658534
0.658534
0.658533
0.658532
0.65853
0.658523
0.658504
0.658451
0.658302
0.657901
0.656847
0.654186
0.647835
0.633901
0.606944
0.563318
0.508214
0.452244
0.402428
0.360999
0.327273
0.299695
0.276876
0.257647
0.24117
0.226771
0.214063
0.20277
0.192693
0.183693
0.17569
0.168665
0.162703
0.158399
0.156023
0.157387
0.168343
0.19094
0.223291
0.266236
0.321675
0.393028
0.497301
0.624473
0.751602
0.907533
1.04079
1.11653
1.15393
1.1708
1.17814
1.18132
1.18271
1.18332
1.1836
1.18372
1.18378
1.1838
1.18381
1.18382
1.18382
1.18382
1.18382
1.18382
1.18382
1.18382
1.18382
1.18382
1.18382
1.18382
1.18382
1.18382
1.18382
1.18382
1.18382
1.18382
1.18382
1.18382
1.18382
1.18382
1.18382
1.18382
1.18382
1.18382
0.658534
0.658534
0.658534
0.658534
0.658534
0.658534
0.658534
0.658534
0.658534
0.658534
0.658534
0.658534
0.658534
0.658534
0.658534
0.658534
0.658534
0.658534
0.658533
0.658532
0.65853
0.658523
0.658504
0.658451
0.658302
0.657902
0.656849
0.654189
0.647842
0.633915
0.606969
0.563357
0.508259
0.452288
0.402466
0.36103
0.327297
0.299713
0.276896
0.257668
0.24119
0.22679
0.214081
0.202785
0.192705
0.183702
0.175695
0.168666
0.162703
0.158399
0.156025
0.157404
0.168406
0.191033
0.223408
0.266375
0.321832
0.393214
0.497529
0.624715
0.751786
0.907699
1.0409
1.11658
1.15396
1.17082
1.17815
1.18132
1.18271
1.18332
1.1836
1.18372
1.18378
1.1838
1.18381
1.18382
1.18382
1.18382
1.18382
1.18382
1.18382
1.18382
1.18382
1.18382
1.18382
1.18382
1.18382
1.18382
1.18382
1.18382
1.18382
1.18382
1.18382
1.18382
1.18382
1.18382
1.18382
1.18382
1.18382
1.18382
)
;
    }
    frontAndBack
    {
        type            empty;
    }
}


// ************************************************************************* //
