/*--------------------------------*- C++ -*----------------------------------*\
  =========                 |
  \\      /  F ield         | OpenFOAM: The Open Source CFD Toolbox
   \\    /   O peration     | Website:  https://openfoam.org
    \\  /    A nd           | Version:  11
     \\/     M anipulation  |
\*---------------------------------------------------------------------------*/
FoamFile
{
    format      ascii;
    class       volScalarField;
    location    "0.05";
    object      T;
}
// * * * * * * * * * * * * * * * * * * * * * * * * * * * * * * * * * * * * * //

dimensions      [0 0 0 1 0 0 0];

internalField   nonuniform List<scalar> 
4000
(
293
293
293
293
293
293
293
293
293
293
293
293
293
293
293
293
293
293
293
293.001
293.002
293.005
293.015
293.042
293.117
293.321
293.86
295.231
298.552
306.102
321.831
351.007
396.456
456.863
529.292
610.643
698.772
792.455
890.68
992.894
1098.48
1207.19
1318.24
1430.74
1543.72
1656.03
1766.23
1872.28
1970.82
2049.69
2103.38
2105.61
1983.47
1760.7
1514.55
1276.66
1061.09
871.173
690.381
550.376
456.6
382.345
332.766
310.306
300.412
296.172
294.371
293.601
293.267
293.119
293.054
293.024
293.011
293.005
293.002
293.001
293
293
293
293
293
293
293
293
293
293
293
293
293
293
293
293
293
293
293
293
293
293
293
293
293
293
293
293
293
293
293
293
293
293
293
293
293
293
293
293
293
293
293
293.001
293.002
293.007
293.019
293.053
293.146
293.394
294.037
295.639
299.432
307.832
324.841
355.483
401.672
462.103
533.853
614.169
701.185
793.737
891.319
992.969
1098.21
1206.71
1317.69
1430.22
1543.34
1655.93
1766.51
1873.05
1971.96
2050.72
2103.82
2104.07
1977
1753.02
1507.76
1271.9
1058.74
870.997
692.323
553.606
459.643
387.931
336.302
312.323
301.489
296.716
294.637
293.729
293.328
293.149
293.068
293.031
293.014
293.006
293.003
293.001
293.001
293
293
293
293
293
293
293
293
293
293
293
293
293
293
293
293
293
293
293
293
293
293
293
293
293
293
293
293
293
293
293
293
293
293
293
293
293
293
293
293
293
293
293.001
293.003
293.007
293.021
293.058
293.158
293.425
294.112
295.81
299.802
308.565
326.137
357.46
404.11
464.785
536.66
616.985
703.911
796.459
893.475
994.653
1099.42
1207.5
1318.12
1430.54
1543.66
1656.37
1767.2
1873.96
1973.02
2051.77
2104.36
2103.32
1973.42
1749.21
1504.96
1270.64
1059.25
873.734
696.867
558.437
463.641
391.506
338.459
313.449
302.039
296.978
294.761
293.788
293.356
293.162
293.074
293.034
293.015
293.007
293.003
293.001
293.001
293
293
293
293
293
293
293
293
293
293
293
293
293
293
293
293
293
293
293
293
293
293
293
293
293
293
293
293
293
293
293
293
293
293
293
293
293
293
293
293
293
293
293.001
293.003
293.008
293.024
293.065
293.178
293.474
294.228
296.074
300.354
309.618
327.911
360.027
407.106
467.883
539.594
619.605
706.14
798.198
895.084
996.097
1100.71
1208.65
1319.15
1431.34
1544.38
1657.08
1767.89
1874.66
1973.75
2052.37
2104.7
2103.15
1972.26
1748.14
1504.51
1271.06
1060.56
875.978
699.61
561.043
465.996
395.442
340.778
314.672
302.678
297.305
294.924
293.868
293.395
293.181
293.083
293.038
293.017
293.008
293.003
293.002
293.001
293
293
293
293
293
293
293
293
293
293
293
293
293
293
293
293
293
293
293
293
293
293
293
293
293
293
293
293
293
293
293
293
293
293
293
293
293
293
293
293
293
293
293.001
293.003
293.009
293.025
293.07
293.189
293.502
294.297
296.233
300.705
310.336
329.227
362.093
409.787
470.954
542.799
622.734
709.014
800.611
897.438
998.234
1102.6
1210.29
1320.59
1432.67
1545.54
1658.07
1768.71
1875.35
1974.28
2052.76
2104.97
2103.36
1972.61
1749.01
1506.04
1273.19
1063.27
879.484
703.554
565.09
469.371
399.351
343.071
315.796
303.208
297.552
295.04
293.923
293.421
293.193
293.089
293.041
293.019
293.008
293.004
293.002
293.001
293
293
293
293
293
293
293
293
293
293
293
293
293
293
293
293
293
293
293
293
293
293
293
293
293
293
293
293
293
293
293
293
293
293
293
293
293
293
293
293
293
293
293.001
293.003
293.01
293.027
293.076
293.205
293.542
294.392
296.446
301.146
311.164
330.612
363.99
412.052
473.411
545.32
625.266
711.578
803.29
899.744
1000.25
1104.37
1211.83
1321.91
1433.77
1546.42
1658.71
1769.21
1875.66
1974.45
2052.87
2105.12
2103.82
1974
1751.19
1508.99
1277.04
1067.61
884.277
708.518
568.964
472.413
402.613
345.094
316.851
303.739
297.816
295.17
293.986
293.452
293.208
293.096
293.044
293.02
293.009
293.004
293.002
293.001
293
293
293
293
293
293
293
293
293
293
293
293
293
293
293
293
293
293
293
293
293
293
293
293
293
293
293
293
293
293
293
293
293
293
293
293
293
293
293
293
293
293
293.001
293.004
293.01
293.029
293.08
293.215
293.567
294.452
296.586
301.456
311.799
331.772
365.72
414.269
475.919
547.927
627.834
714.028
805.579
901.854
1002.15
1106.06
1213.31
1323.16
1434.78
1547.21
1659.3
1769.56
1875.8
1974.46
2052.83
2105.21
2104.51
1976.43
1754.71
1513.2
1281.5
1072.04
888.595
713.084
572.645
475.505
405.727
347.019
317.828
304.205
298.036
295.274
294.035
293.476
293.22
293.102
293.047
293.022
293.01
293.004
293.002
293.001
293
293
293
293
293
293
293
293
293
293
293
293
293
293
293
293
293
293
293
293
293
293
293
293
293
293
293
293
293
293
293
293
293
293
293
293
293
293
293
293
293
293
293.001
293.004
293.011
293.031
293.084
293.227
293.598
294.527
296.754
301.805
312.46
332.885
367.265
416.16
478.026
550.132
630.052
716.199
807.656
903.798
1003.93
1107.66
1214.7
1324.33
1435.72
1547.92
1659.78
1769.8
1875.84
1974.34
2052.66
2105.23
2105.23
1978.98
1758.27
1517.34
1285.97
1076.63
893.459
717.79
576.66
478.397
408.531
348.79
318.745
304.65
298.248
295.375
294.084
293.499
293.231
293.107
293.049
293.023
293.01
293.005
293.002
293.001
293
293
293
293
293
293
293
293
293
293
293
293
293
293
293
293
293
293
293
293
293
293
293
293
293
293
293
293
293
293
293
293
293
293
293
293
293
293
293
293
293
293.001
293.001
293.004
293.012
293.032
293.088
293.236
293.62
294.579
296.874
302.065
312.975
333.795
368.59
417.83
479.911
552.105
632.027
718.12
809.488
905.51
1005.49
1109.06
1215.92
1325.35
1436.54
1548.51
1660.15
1769.94
1875.8
1974.15
2052.45
2105.2
2105.88
1981.44
1761.64
1521.17
1289.99
1080.59
897.398
721.878
580.158
481.274
411.045
350.383
319.578
305.054
298.441
295.466
294.127
293.519
293.241
293.112
293.052
293.024
293.011
293.005
293.002
293.001
293
293
293
293
293
293
293
293
293
293
293
293
293
293
293
293
293
293
293
293
293
293
293
293
293
293
293
293
293
293
293
293
293
293
293
293
293
293
293
293
293
293.001
293.002
293.004
293.012
293.033
293.091
293.245
293.643
294.634
296.998
302.327
313.48
334.662
369.815
419.349
481.611
553.883
633.808
719.856
811.145
907.06
1006.91
1110.33
1217.02
1326.27
1437.26
1549.03
1660.45
1770.05
1875.72
1973.93
2052.22
2105.16
2106.48
1983.75
1764.8
1524.75
1293.72
1084.26
900.981
725.828
583.454
483.639
413.103
351.711
320.284
305.398
298.604
295.543
294.163
293.537
293.249
293.116
293.054
293.025
293.011
293.005
293.002
293.001
293
293
293
293
293
293
293
293
293
293
293
293
293
293
293
293
293
293
293
293
293
293
293
293
293
293
293
293
293
293
293
293
293
293
293
293
293
293
293
293
293
293.001
293.002
293.004
293.012
293.034
293.094
293.253
293.662
294.679
297.1
302.542
313.895
335.376
370.829
420.611
483.03
555.375
635.311
721.329
812.559
908.389
1008.13
1111.43
1217.98
1327.06
1437.88
1549.46
1660.7
1770.11
1875.62
1973.7
2051.98
2105.09
2107.02
1985.86
1767.66
1527.98
1297.07
1087.53
904.148
729.426
586.432
485.874
414.893
352.856
320.909
305.712
298.755
295.615
294.198
293.553
293.257
293.119
293.055
293.025
293.012
293.005
293.002
293.001
293
293
293
293
293
293
293
293
293
293
293
293
293
293
293
293
293
293
293
293
293
293
293
293
293
293
293
293
293
293
293
293
293
293
293
293
293
293
293
293
293
293.001
293.002
293.005
293.013
293.035
293.097
293.259
293.678
294.717
297.187
302.728
314.257
336.003
371.728
421.735
484.297
556.706
636.649
722.638
813.812
909.563
1009.2
1112.39
1218.81
1327.75
1438.41
1549.83
1660.9
1770.15
1875.51
1973.49
2051.77
2105.04
2107.5
1987.73
1770.2
1530.83
1300.01
1090.38
906.841
732.46
588.933
487.725
416.507
353.912
321.474
305.986
298.884
295.676
294.226
293.566
293.263
293.122
293.057
293.026
293.012
293.005
293.002
293.001
293
293
293
293
293
293
293
293
293
293
293
293
293
293
293
293
293
293
293
293
293
293
293
293
293
293
293
293
293
293
293
293
293
293
293
293
293
293
293
293
293
293.001
293.002
293.005
293.013
293.036
293.099
293.265
293.693
294.753
297.268
302.897
314.582
336.555
372.502
422.689
485.363
557.823
637.773
723.739
814.868
910.555
1010.11
1113.2
1219.51
1328.33
1438.86
1550.14
1661.06
1770.17
1875.4
1973.29
2051.57
2104.98
2107.92
1989.37
1772.44
1533.34
1302.61
1092.92
909.272
735.246
591.237
489.433
417.829
354.747
321.931
306.218
298.997
295.729
294.252
293.578
293.269
293.125
293.058
293.027
293.012
293.006
293.002
293.001
293
293
293
293
293
293
293
293
293
293
293
293
293
293
293
293
293
293
293
293
293
293
293
293
293
293
293
293
293
293
293
293
293
293
293
293
293
293
293
293
293
293.001
293.002
293.005
293.013
293.037
293.101
293.27
293.704
294.781
297.33
303.03
314.839
336.999
373.138
423.485
486.262
558.771
638.73
724.678
815.769
911.401
1010.88
1113.9
1220.11
1328.83
1439.23
1550.39
1661.19
1770.17
1875.3
1973.11
2051.39
2104.93
2108.28
1990.8
1774.36
1535.48
1304.83
1095.07
911.379
737.536
593.133
490.863
418.981
355.489
322.335
306.42
299.094
295.775
294.273
293.589
293.274
293.127
293.059
293.027
293.012
293.006
293.003
293.001
293.001
293
293
293
293
293
293
293
293
293
293
293
293
293
293
293
293
293
293
293
293
293
293
293
293
293
293
293
293
293
293
293
293
293
293
293
293
293
293
293
293
293.001
293.002
293.005
293.014
293.038
293.103
293.274
293.715
294.805
297.387
303.148
315.066
337.385
373.68
424.154
487.012
559.557
639.522
725.458
816.515
912.101
1011.53
1114.47
1220.61
1329.23
1439.54
1550.59
1661.29
1770.18
1875.21
1972.96
2051.24
2104.88
2108.58
1991.99
1775.97
1537.28
1306.66
1096.83
913.077
739.353
594.653
492.017
420.016
356.186
322.711
306.601
299.178
295.814
294.291
293.597
293.278
293.129
293.06
293.028
293.013
293.006
293.003
293.001
293.001
293
293
293
293
293
293
293
293
293
293
293
293
293
293
293
293
293
293
293
293
293
293
293
293
293
293
293
293
293
293
293
293
293
293
293
293
293
293
293
293
293.001
293.002
293.005
293.014
293.038
293.104
293.277
293.723
294.825
297.43
303.24
315.244
337.689
374.112
424.692
487.616
560.193
640.163
726.086
817.119
912.669
1012.05
1114.94
1221.01
1329.56
1439.79
1550.76
1661.37
1770.17
1875.13
1972.83
2051.11
2104.84
2108.83
1992.98
1777.31
1538.77
1308.2
1098.33
914.537
740.961
595.992
493.014
420.791
356.674
322.977
306.735
299.242
295.844
294.306
293.604
293.281
293.131
293.061
293.028
293.013
293.006
293.003
293.001
293.001
293
293
293
293
293
293
293
293
293
293
293
293
293
293
293
293
293
293
293
293
293
293
293
293
293
293
293
293
293
293
293
293
293
293
293
293
293
293
293
293
293.001
293.002
293.005
293.014
293.038
293.105
293.28
293.729
294.84
297.465
303.314
315.385
337.93
374.452
425.112
488.088
560.688
640.662
726.572
817.589
913.111
1012.45
1115.3
1221.32
1329.82
1439.98
1550.89
1661.43
1770.16
1875.07
1972.72
2051.01
2104.81
2109.02
1993.77
1778.37
1539.96
1309.43
1099.52
915.695
742.237
597.049
493.784
421.377
357.043
323.178
306.836
299.291
295.867
294.316
293.609
293.283
293.132
293.061
293.028
293.013
293.006
293.003
293.001
293.001
293
293
293
293
293
293
293
293
293
293
293
293
293
293
293
293
293
293
293
293
293
293
293
293
293
293
293
293
293
293
293
293
293
293
293
293
293
293
293
293
293.001
293.002
293.005
293.014
293.039
293.105
293.282
293.734
294.851
297.491
303.367
315.488
338.106
374.7
425.42
488.433
561.05
641.026
726.925
817.931
913.433
1012.74
1115.56
1221.55
1330
1440.12
1550.98
1661.47
1770.15
1875.01
1972.64
2050.92
2104.78
2109.17
1994.35
1779.16
1540.83
1310.33
1100.39
916.547
743.175
597.822
494.337
421.806
357.312
323.321
306.905
299.324
295.883
294.324
293.613
293.285
293.133
293.062
293.028
293.013
293.006
293.003
293.001
293.001
293
293
293
293
293
293
293
293
293
293
293
293
293
293
293
293
293
293
293
293
293
293
293
293
293
293
293
293
293
293
293
293
293
293
293
293
293
293
293
293
293.001
293.002
293.005
293.014
293.039
293.106
293.283
293.737
294.858
297.506
303.401
315.552
338.215
374.855
425.613
488.65
561.28
641.258
727.157
818.15
913.638
1012.93
1115.73
1221.69
1330.12
1440.21
1551.03
1661.49
1770.14
1874.98
1972.58
2050.87
2104.76
2109.26
1994.72
1779.66
1541.39
1310.9
1100.95
917.081
743.771
598.317
494.694
422.075
357.478
323.406
306.945
299.343
295.892
294.328
293.615
293.286
293.133
293.062
293.029
293.013
293.006
293.003
293.001
293.001
293
293
293
293
293
293
293
293
293
293
293
293
293
293
293
293
293
293
293
293
293
293
293
293
293
293
293
293
293
293
293
293
293
293
293
293
293
293
293
293
293.001
293.002
293.005
293.014
293.039
293.106
293.283
293.738
294.861
297.513
303.415
315.58
338.263
374.923
425.698
488.748
561.383
641.364
727.263
818.251
913.732
1013.02
1115.8
1221.75
1330.17
1440.25
1551.06
1661.5
1770.14
1874.96
1972.55
2050.85
2104.75
2109.3
1994.89
1779.89
1541.65
1311.17
1101.21
917.335
744.048
598.547
494.865
422.204
357.557
323.446
306.964
299.351
295.896
294.33
293.616
293.286
293.133
293.062
293.029
293.013
293.006
293.003
293.001
293.001
293
293
293
293
293
293
293
293
293
293
293
293
293
293
293
293
293
293
293
293
293
293
293
293
293
293
293
293
293
293
293
293
293
293
293
293
293
293
293
293
293.001
293.002
293.005
293.014
293.039
293.106
293.283
293.738
294.861
297.513
303.415
315.58
338.263
374.923
425.698
488.747
561.382
641.362
727.26
818.248
913.729
1013.01
1115.8
1221.75
1330.16
1440.24
1551.05
1661.5
1770.14
1874.96
1972.55
2050.85
2104.75
2109.3
1994.88
1779.88
1541.64
1311.16
1101.2
917.327
744.042
598.543
494.862
422.203
357.556
323.446
306.964
299.351
295.896
294.33
293.616
293.286
293.133
293.062
293.029
293.013
293.006
293.003
293.001
293.001
293
293
293
293
293
293
293
293
293
293
293
293
293
293
293
293
293
293
293
293
293
293
293
293
293
293
293
293
293
293
293
293
293
293
293
293
293
293
293
293
293.001
293.002
293.005
293.014
293.039
293.106
293.283
293.737
294.858
297.506
303.401
315.552
338.215
374.854
425.611
488.648
561.277
641.254
727.153
818.143
913.629
1012.92
1115.71
1221.68
1330.1
1440.2
1551.02
1661.48
1770.14
1874.98
1972.58
2050.87
2104.76
2109.25
1994.68
1779.61
1541.35
1310.86
1100.92
917.058
743.745
598.3
494.688
422.072
357.477
323.406
306.945
299.343
295.892
294.328
293.615
293.286
293.133
293.062
293.029
293.013
293.006
293.003
293.001
293.001
293
293
293
293
293
293
293
293
293
293
293
293
293
293
293
293
293
293
293
293
293
293
293
293
293
293
293
293
293
293
293
293
293
293
293
293
293
293
293
293
293.001
293.002
293.005
293.014
293.039
293.105
293.282
293.734
294.851
297.49
303.367
315.487
338.105
374.698
425.416
488.428
561.043
641.017
726.918
817.917
913.415
1012.72
1115.54
1221.52
1329.98
1440.1
1550.96
1661.45
1770.14
1875.01
1972.64
2050.93
2104.78
2109.15
1994.28
1779.08
1540.76
1310.26
1100.34
916.501
743.136
597.784
494.319
421.793
357.305
323.317
306.904
299.323
295.883
294.324
293.613
293.285
293.133
293.062
293.028
293.013
293.006
293.003
293.001
293.001
293
293
293
293
293
293
293
293
293
293
293
293
293
293
293
293
293
293
293
293
293
293
293
293
293
293
293
293
293
293
293
293
293
293
293
293
293
293
293
293
293.001
293.002
293.005
293.014
293.038
293.105
293.28
293.729
294.84
297.465
303.313
315.384
337.928
374.448
425.106
488.08
560.677
640.647
726.554
817.567
913.086
1012.42
1115.27
1221.29
1329.79
1439.96
1550.86
1661.41
1770.15
1875.06
1972.72
2051.01
2104.81
2109
1993.68
1778.27
1539.86
1309.34
1099.45
915.639
742.193
597.021
493.759
421.361
357.034
323.173
306.834
299.29
295.867
294.316
293.609
293.283
293.132
293.061
293.028
293.013
293.006
293.003
293.001
293.001
293
293
293
293
293
293
293
293
293
293
293
293
293
293
293
293
293
293
293
293
293
293
293
293
293
293
293
293
293
293
293
293
293
293
293
293
293
293
293
293
293.001
293.002
293.005
293.014
293.038
293.104
293.277
293.723
294.825
297.43
303.239
315.242
337.686
374.107
424.684
487.605
560.178
640.144
726.06
817.091
912.636
1012.01
1114.9
1220.97
1329.52
1439.75
1550.73
1661.34
1770.15
1875.13
1972.83
2051.12
2104.84
2108.8
1992.88
1777.18
1538.65
1308.09
1098.24
914.461
740.895
595.947
492.983
420.767
356.66
322.97
306.732
299.241
295.844
294.305
293.604
293.281
293.131
293.061
293.028
293.013
293.006
293.003
293.001
293.001
293
293
293
293
293
293
293
293
293
293
293
293
293
293
293
293
293
293
293
293
293
293
293
293
293
293
293
293
293
293
293
293
293
293
293
293
293
293
293
293
293.001
293.002
293.005
293.014
293.038
293.102
293.274
293.715
294.805
297.386
303.147
315.064
337.381
373.673
424.144
486.997
559.538
639.497
725.425
816.479
912.06
1011.48
1114.42
1220.56
1329.18
1439.5
1550.56
1661.26
1770.15
1875.2
1972.96
2051.24
2104.88
2108.55
1991.86
1775.82
1537.13
1306.53
1096.73
912.99
739.279
594.601
491.997
419.999
356.175
322.705
306.598
299.176
295.813
294.291
293.597
293.278
293.129
293.06
293.028
293.013
293.006
293.003
293.001
293.001
293
293
293
293
293
293
293
293
293
293
293
293
293
293
293
293
293
293
293
293
293
293
293
293
293
293
293
293
293
293
293
293
293
293
293
293
293
293
293
293
293.001
293.002
293.005
293.013
293.037
293.101
293.27
293.704
294.78
297.33
303.028
314.836
336.994
373.129
423.472
486.244
558.747
638.7
724.641
815.726
911.352
1010.83
1113.84
1220.05
1328.77
1439.18
1550.34
1661.15
1770.15
1875.29
1973.11
2051.4
2104.93
2108.24
1990.65
1774.19
1535.32
1304.69
1094.96
911.291
737.455
593.064
490.808
418.948
355.471
322.327
306.416
299.092
295.774
294.273
293.588
293.274
293.127
293.059
293.027
293.012
293.006
293.003
293.001
293.001
293
293
293
293
293
293
293
293
293
293
293
293
293
293
293
293
293
293
293
293
293
293
293
293
293
293
293
293
293
293
293
293
293
293
293
293
293
293
293
293
293.001
293.002
293.005
293.013
293.036
293.099
293.265
293.693
294.753
297.267
302.895
314.578
336.548
372.49
422.672
485.34
557.793
637.736
723.695
814.817
910.496
1010.04
1113.13
1219.44
1328.26
1438.79
1550.07
1661.01
1770.13
1875.38
1973.28
2051.57
2104.98
2107.88
1989.22
1772.25
1533.16
1302.47
1092.81
909.2
735.167
591.175
489.378
417.789
354.726
321.922
306.215
298.996
295.729
294.251
293.578
293.269
293.125
293.058
293.027
293.012
293.006
293.002
293.001
293
293
293
293
293
293
293
293
293
293
293
293
293
293
293
293
293
293
293
293
293
293
293
293
293
293
293
293
293
293
293
293
293
293
293
293
293
293
293
293
293
293.001
293.002
293.005
293.013
293.035
293.097
293.259
293.678
294.717
297.186
302.725
314.253
335.995
371.714
421.715
484.27
556.671
636.606
722.586
813.751
909.493
1009.12
1112.3
1218.72
1327.67
1438.33
1549.76
1660.84
1770.1
1875.48
1973.48
2051.77
2105.04
2107.46
1987.56
1770
1530.64
1299.85
1090.25
906.74
732.374
588.874
487.709
416.489
353.901
321.468
305.983
298.883
295.675
294.226
293.566
293.263
293.122
293.057
293.026
293.012
293.005
293.002
293.001
293
293
293
293
293
293
293
293
293
293
293
293
293
293
293
293
293
293
293
293
293
293
293
293
293
293
293
293
293
293
293
293
293
293
293
293
293
293
293
293
293
293.001
293.002
293.004
293.012
293.034
293.094
293.253
293.662
294.679
297.099
302.539
313.89
335.366
370.813
420.586
482.997
555.333
635.26
721.269
812.489
908.31
1008.04
1111.33
1217.88
1326.97
1437.78
1549.38
1660.63
1770.06
1875.59
1973.69
2051.99
2105.1
2106.97
1985.66
1767.43
1527.76
1296.89
1087.38
904.019
729.32
586.365
485.842
414.878
352.844
320.902
305.709
298.754
295.614
294.197
293.553
293.257
293.119
293.055
293.025
293.012
293.005
293.002
293.001
293
293
293
293
293
293
293
293
293
293
293
293
293
293
293
293
293
293
293
293
293
293
293
293
293
293
293
293
293
293
293
293
293
293
293
293
293
293
293
293
293
293.001
293.002
293.004
293.012
293.033
293.091
293.245
293.643
294.633
296.997
302.324
313.473
334.65
369.796
419.321
481.573
553.835
633.749
719.786
811.064
906.969
1006.81
1110.22
1216.91
1326.16
1437.16
1548.94
1660.37
1769.99
1875.68
1973.91
2052.22
2105.15
2106.43
1983.54
1764.55
1524.51
1293.51
1084.09
900.843
725.713
583.374
483.594
413.072
351.694
320.275
305.394
298.602
295.542
294.163
293.536
293.249
293.116
293.054
293.025
293.011
293.005
293.002
293.001
293
293
293
293
293
293
293
293
293
293
293
293
293
293
293
293
293
293
293
293
293
293
293
293
293
293
293
293
293
293
293
293
293
293
293
293
293
293
293
293
293
293.001
293.001
293.004
293.012
293.032
293.088
293.236
293.62
294.579
296.873
302.061
312.968
333.782
368.567
417.797
479.866
552.049
631.958
718.039
809.395
905.406
1005.38
1108.94
1215.8
1325.23
1436.43
1548.41
1660.06
1769.88
1875.76
1974.12
2052.45
2105.2
2105.82
1981.21
1761.37
1520.92
1289.77
1080.41
897.252
721.762
580.09
481.248
411.034
350.37
319.57
305.05
298.439
295.465
294.126
293.519
293.24
293.112
293.052
293.024
293.011
293.005
293.002
293.001
293
293
293
293
293
293
293
293
293
293
293
293
293
293
293
293
293
293
293
293
293
293
293
293
293
293
293
293
293
293
293
293
293
293
293
293
293
293
293
293
293
293
293.001
293.004
293.011
293.031
293.084
293.227
293.598
294.526
296.752
301.802
312.452
332.87
367.24
416.124
477.978
550.072
629.979
716.114
807.558
903.688
1003.81
1107.53
1214.56
1324.2
1435.6
1547.81
1659.68
1769.73
1875.8
1974.31
2052.66
2105.23
2105.16
1978.74
1757.98
1517.07
1285.74
1076.45
893.318
717.689
576.6
478.312
408.491
348.767
318.734
304.645
298.246
295.374
294.083
293.498
293.231
293.107
293.049
293.023
293.01
293.005
293.002
293.001
293
293
293
293
293
293
293
293
293
293
293
293
293
293
293
293
293
293
293
293
293
293
293
293
293
293
293
293
293
293
293
293
293
293
293
293
293
293
293
293
293
293
293.001
293.004
293.01
293.029
293.08
293.215
293.567
294.451
296.584
301.452
311.791
331.756
365.693
414.229
475.866
547.86
627.751
713.928
805.463
901.727
1002.02
1105.92
1213.16
1323.02
1434.65
1547.09
1659.2
1769.48
1875.76
1974.44
2052.82
2105.21
2104.45
1976.18
1754.41
1512.91
1281.25
1071.83
888.418
712.926
572.523
475.441
405.694
346.996
317.818
304.201
298.034
295.273
294.035
293.475
293.22
293.102
293.047
293.022
293.01
293.004
293.002
293.001
293
293
293
293
293
293
293
293
293
293
293
293
293
293
293
293
293
293
293
293
293
293
293
293
293
293
293
293
293
293
293
293
293
293
293
293
293
293
293
293
293
293
293.001
293.003
293.01
293.027
293.076
293.205
293.542
294.391
296.444
301.142
311.156
330.596
363.961
412.01
473.353
545.247
625.176
711.469
803.165
899.606
1000.1
1104.21
1211.68
1321.76
1433.63
1546.3
1658.62
1769.13
1875.62
1974.44
2052.88
2105.11
2103.75
1973.7
1750.85
1508.74
1276.77
1067.38
884.089
708.365
568.858
472.384
402.587
345.071
316.841
303.734
297.814
295.169
293.986
293.452
293.208
293.096
293.044
293.02
293.009
293.004
293.002
293.001
293
293
293
293
293
293
293
293
293
293
293
293
293
293
293
293
293
293
293
293
293
293
293
293
293
293
293
293
293
293
293
293
293
293
293
293
293
293
293
293
293
293
293.001
293.003
293.009
293.025
293.069
293.189
293.502
294.296
296.231
300.701
310.327
329.209
362.062
409.742
470.893
542.724
622.644
708.912
800.492
897.3
998.085
1102.44
1210.13
1320.43
1432.52
1545.41
1657.96
1768.6
1875.28
1974.26
2052.77
2104.97
2103.28
1972.26
1748.58
1505.58
1272.85
1063
879.261
703.381
564.976
469.324
399.316
343.043
315.784
303.203
297.55
295.039
293.922
293.421
293.193
293.089
293.041
293.019
293.008
293.004
293.002
293.001
293
293
293
293
293
293
293
293
293
293
293
293
293
293
293
293
293
293
293
293
293
293
293
293
293
293
293
293
293
293
293
293
293
293
293
293
293
293
293
293
293
293
293.001
293.003
293.008
293.023
293.065
293.178
293.473
294.228
296.072
300.35
309.609
327.893
359.995
407.06
467.82
539.515
619.51
706.028
798.068
894.94
995.941
1100.55
1208.48
1318.98
1431.19
1544.23
1656.95
1767.81
1874.6
1973.72
2052.37
2104.69
2103.05
1971.87
1747.67
1504.05
1270.66
1060.24
875.718
699.404
560.898
465.909
395.387
340.743
314.658
302.673
297.302
294.923
293.868
293.395
293.181
293.083
293.038
293.017
293.008
293.003
293.002
293.001
293
293
293
293
293
293
293
293
293
293
293
293
293
293
293
293
293
293
293
293
293
293
293
293
293
293
293
293
293
293
293
293
293
293
293
293
293
293
293
293
293
293
293.001
293.003
293.007
293.021
293.058
293.158
293.425
294.111
295.809
299.798
308.555
326.117
357.425
404.058
464.714
536.568
616.868
703.765
796.277
893.291
994.47
1099.24
1207.32
1317.95
1430.36
1543.5
1656.24
1767.1
1873.9
1973.02
2051.79
2104.36
2103.21
1972.97
1748.67
1504.46
1270.21
1058.91
873.446
696.637
558.273
463.563
391.457
338.427
313.436
302.033
296.975
294.759
293.787
293.355
293.162
293.074
293.034
293.015
293.007
293.003
293.001
293.001
293
293
293
293
293
293
293
293
293
293
293
293
293
293
293
293
293
293
293
293
293
293
293
293
293
293
293
293
293
293
293
293
293
293
293
293
293
293
293
293
293
293
293.001
293.002
293.007
293.019
293.053
293.146
293.394
294.036
295.637
299.428
307.823
324.823
355.45
401.621
462.033
533.764
614.063
701.061
793.602
891.163
992.8
1098.02
1206.52
1317.5
1430.04
1543.18
1655.8
1766.42
1873
1971.95
2050.76
2103.83
2103.93
1976.44
1752.37
1507.15
1271.38
1058.32
870.654
692.049
553.412
459.557
387.887
336.274
312.312
301.483
296.713
294.636
293.728
293.328
293.148
293.067
293.031
293.014
293.006
293.003
293.001
293.001
293
293
293
293
293
293
293
293
293
293
293
293
293
293
293
293
293
293
293
293
293
293
293
293
293
293
293
293
293
293
293
293
293
293
293
293
293
293
293
293
293
293
293.001
293.002
293.005
293.015
293.042
293.117
293.321
293.86
295.229
298.548
306.093
321.812
350.972
396.401
456.787
529.197
610.53
698.646
792.32
890.52
992.709
1098.28
1206.98
1318.04
1430.56
1543.56
1655.91
1766.16
1872.27
1970.85
2049.74
2103.41
2105.45
1982.78
1759.88
1513.79
1276.02
1060.59
870.766
690.064
550.159
456.499
382.276
332.73
310.291
300.405
296.169
294.369
293.6
293.266
293.119
293.054
293.024
293.011
293.005
293.002
293.001
293
293
293
293
293
293
293
293
293
293
293
293
293
293
293
293
293
293
293
293
293
293
293
293
)
;

boundaryField
{
    fuel
    {
        type            fixedValue;
        value           uniform 293;
    }
    air
    {
        type            fixedValue;
        value           uniform 293;
    }
    outlet
    {
        type            inletOutlet;
        inletValue      uniform 293;
        value           nonuniform List<scalar> 
200
(
293
293
293
293
293
293
293
293
293
293
293
293
293
293
293
293
293
293
293
293.001
293.002
293.005
293.015
293.042
293.118
293.323
293.863
295.233
298.549
306.078
321.754
350.829
396.16
456.44
528.747
609.989
698.02
791.618
889.73
991.846
1097.33
1205.96
1316.94
1429.38
1542.31
1654.59
1764.79
1870.88
1969.52
2048.59
2102.67
2105.81
1985.74
1763.65
1517.62
1279.6
1063.77
873.844
692.887
553.115
460.278
381.656
333.057
310.575
300.556
296.244
294.406
293.618
293.275
293.124
293.056
293.025
293.011
293.005
293.002
293.001
293
293
293
293
293
293
293
293
293
293
293
293
293
293
293
293
293
293
293
293
293
293
293
293
293
293
293
293
293
293
293
293
293
293
293
293
293
293
293
293
293
293
293
293.001
293.002
293.005
293.015
293.042
293.118
293.323
293.862
295.231
298.545
306.069
321.735
350.794
396.105
456.364
528.652
609.875
697.894
791.486
889.569
991.659
1097.13
1205.75
1316.73
1429.2
1542.16
1654.48
1764.73
1870.87
1969.55
2048.63
2102.7
2105.66
1985.05
1762.83
1516.85
1278.96
1063.27
873.439
692.573
552.903
460.166
381.587
333.022
310.56
300.549
296.24
294.405
293.617
293.275
293.123
293.056
293.025
293.011
293.005
293.002
293.001
293
293
293
293
293
293
293
293
293
293
293
293
293
293
293
293
293
293
293
293
293
293
293
293
)
;
    }
    frontAndBack
    {
        type            empty;
    }
}


// ************************************************************************* //
