/*--------------------------------*- C++ -*----------------------------------*\
  =========                 |
  \\      /  F ield         | OpenFOAM: The Open Source CFD Toolbox
   \\    /   O peration     | Website:  https://openfoam.org
    \\  /    A nd           | Version:  11
     \\/     M anipulation  |
\*---------------------------------------------------------------------------*/
FoamFile
{
    format      ascii;
    class       volVectorField;
    location    "0.05";
    object      U;
}
// * * * * * * * * * * * * * * * * * * * * * * * * * * * * * * * * * * * * * //

dimensions      [0 1 -1 0 0 0 0];

internalField   nonuniform List<vector> 
4000
(
(0.299994 -0.0121048 0)
(0.299873 -0.0363231 0)
(0.299642 -0.0605904 0)
(0.299277 -0.0849015 0)
(0.298756 -0.109244 0)
(0.298055 -0.133636 0)
(0.297141 -0.158128 0)
(0.295975 -0.182776 0)
(0.29451 -0.207611 0)
(0.292693 -0.23262 0)
(0.290465 -0.257754 0)
(0.287761 -0.282936 0)
(0.284509 -0.308079 0)
(0.280636 -0.333096 0)
(0.276077 -0.35792 0)
(0.270697 -0.382213 0)
(0.264619 -0.406086 0)
(0.257856 -0.429537 0)
(0.250382 -0.452495 0)
(0.242165 -0.474849 0)
(0.233179 -0.496476 0)
(0.223411 -0.517263 0)
(0.212859 -0.53711 0)
(0.201532 -0.555934 0)
(0.189453 -0.573668 0)
(0.176671 -0.590277 0)
(0.163285 -0.605796 0)
(0.1495 -0.62046 0)
(0.135699 -0.634994 0)
(0.122483 -0.651099 0)
(0.11054 -0.671731 0)
(0.1002 -0.700167 0)
(0.0909403 -0.737725 0)
(0.0814566 -0.782824 0)
(0.070375 -0.832244 0)
(0.0568719 -0.882679 0)
(0.0407123 -0.931464 0)
(0.0220154 -0.976637 0)
(0.00109508 -1.01683 0)
(-0.021644 -1.05112 0)
(-0.0459249 -1.07881 0)
(-0.0714792 -1.09958 0)
(-0.0979464 -1.11324 0)
(-0.124936 -1.11966 0)
(-0.152014 -1.1189 0)
(-0.178811 -1.11154 0)
(-0.205037 -1.09818 0)
(-0.230418 -1.07966 0)
(-0.25457 -1.05706 0)
(-0.276951 -1.03169 0)
(-0.295911 -1.00507 0)
(-0.306572 -0.977889 0)
(-0.303811 -0.947871 0)
(-0.2889 -0.911199 0)
(-0.268129 -0.866419 0)
(-0.246374 -0.815383 0)
(-0.225226 -0.76065 0)
(-0.203924 -0.704436 0)
(-0.183738 -0.647825 0)
(-0.170211 -0.594197 0)
(-0.165185 -0.549267 0)
(-0.159089 -0.514991 0)
(-0.155628 -0.488325 0)
(-0.161284 -0.469624 0)
(-0.170468 -0.455781 0)
(-0.180848 -0.443823 0)
(-0.191391 -0.432289 0)
(-0.201592 -0.420628 0)
(-0.211236 -0.408661 0)
(-0.220251 -0.396346 0)
(-0.228626 -0.383694 0)
(-0.236374 -0.370738 0)
(-0.243519 -0.357523 0)
(-0.25009 -0.344102 0)
(-0.256119 -0.330526 0)
(-0.261639 -0.316843 0)
(-0.266678 -0.30309 0)
(-0.271257 -0.289282 0)
(-0.275371 -0.27541 0)
(-0.278956 -0.261425 0)
(-0.282114 -0.247495 0)
(-0.284876 -0.233637 0)
(-0.287283 -0.219875 0)
(-0.289373 -0.206231 0)
(-0.291181 -0.192717 0)
(-0.292736 -0.179339 0)
(-0.294068 -0.166097 0)
(-0.295203 -0.15299 0)
(-0.296164 -0.14002 0)
(-0.296972 -0.127193 0)
(-0.297648 -0.114523 0)
(-0.298208 -0.102022 0)
(-0.298668 -0.0896956 0)
(-0.299042 -0.0775305 0)
(-0.299341 -0.065493 0)
(-0.299576 -0.0535333 0)
(-0.299752 -0.0416033 0)
(-0.299877 -0.0296762 0)
(-0.299957 -0.0177584 0)
(-0.299998 -0.00588836 0)
(0.299992 -0.0118392 0)
(0.299769 -0.035522 0)
(0.299329 -0.0592192 0)
(0.298638 -0.0828943 0)
(0.297671 -0.106504 0)
(0.296405 -0.130035 0)
(0.294807 -0.153508 0)
(0.292836 -0.17695 0)
(0.290448 -0.20036 0)
(0.287597 -0.223702 0)
(0.284237 -0.246901 0)
(0.280332 -0.269864 0)
(0.275847 -0.292491 0)
(0.270779 -0.314705 0)
(0.265071 -0.33634 0)
(0.25891 -0.3578 0)
(0.252197 -0.378921 0)
(0.244897 -0.39956 0)
(0.236985 -0.419592 0)
(0.228436 -0.438913 0)
(0.219235 -0.45744 0)
(0.20938 -0.475107 0)
(0.198881 -0.491854 0)
(0.187758 -0.50763 0)
(0.176053 -0.52239 0)
(0.163834 -0.536115 0)
(0.151237 -0.548867 0)
(0.138514 -0.560919 0)
(0.126095 -0.573046 0)
(0.114581 -0.586947 0)
(0.104571 -0.605398 0)
(0.0962244 -0.631266 0)
(0.088877 -0.665555 0)
(0.0811834 -0.706818 0)
(0.0717604 -0.75223 0)
(0.0597603 -0.798874 0)
(0.0449403 -0.844362 0)
(0.0273887 -0.886929 0)
(0.00733902 -0.925325 0)
(-0.0146798 -0.958718 0)
(-0.0384058 -0.986471 0)
(-0.0637266 -1.00826 0)
(-0.0902841 -1.02396 0)
(-0.11776 -1.03365 0)
(-0.145842 -1.03747 0)
(-0.174199 -1.03524 0)
(-0.202542 -1.02708 0)
(-0.230576 -1.01328 0)
(-0.257885 -0.994248 0)
(-0.283846 -0.970413 0)
(-0.306378 -0.942151 0)
(-0.319469 -0.909541 0)
(-0.317077 -0.872068 0)
(-0.300849 -0.82943 0)
(-0.278084 -0.782391 0)
(-0.254386 -0.731808 0)
(-0.231389 -0.679173 0)
(-0.208236 -0.626245 0)
(-0.186472 -0.57471 0)
(-0.171855 -0.527351 0)
(-0.16519 -0.487208 0)
(-0.157712 -0.454955 0)
(-0.152096 -0.432245 0)
(-0.154832 -0.416993 0)
(-0.161682 -0.406159 0)
(-0.170222 -0.397094 0)
(-0.179388 -0.388393 0)
(-0.188613 -0.379492 0)
(-0.197603 -0.370206 0)
(-0.206219 -0.36049 0)
(-0.214398 -0.350353 0)
(-0.222115 -0.339822 0)
(-0.229365 -0.328933 0)
(-0.236153 -0.317726 0)
(-0.242494 -0.306247 0)
(-0.248408 -0.294546 0)
(-0.253916 -0.282679 0)
(-0.25904 -0.270707 0)
(-0.263806 -0.258689 0)
(-0.268279 -0.246691 0)
(-0.272347 -0.234525 0)
(-0.276054 -0.222275 0)
(-0.279397 -0.209967 0)
(-0.282396 -0.197631 0)
(-0.285069 -0.185289 0)
(-0.287438 -0.172955 0)
(-0.289524 -0.160639 0)
(-0.291352 -0.148348 0)
(-0.292942 -0.136094 0)
(-0.294318 -0.123894 0)
(-0.2955 -0.111767 0)
(-0.296507 -0.099738 0)
(-0.297358 -0.0878191 0)
(-0.298067 -0.076007 0)
(-0.298651 -0.0642761 0)
(-0.299119 -0.0525851 0)
(-0.299481 -0.0408936 0)
(-0.299743 -0.0291824 0)
(-0.299911 -0.0174663 0)
(-0.299997 -0.00579107 0)
(0.299986 -0.011501 0)
(0.299666 -0.0345026 0)
(0.299049 -0.057502 0)
(0.2981 -0.0804499 0)
(0.296807 -0.103292 0)
(0.295157 -0.126008 0)
(0.293133 -0.148618 0)
(0.290714 -0.171149 0)
(0.287878 -0.193613 0)
(0.284603 -0.21599 0)
(0.280871 -0.238234 0)
(0.276665 -0.260288 0)
(0.271976 -0.2821 0)
(0.266785 -0.303623 0)
(0.261102 -0.32486 0)
(0.254881 -0.345705 0)
(0.248071 -0.366054 0)
(0.240632 -0.385816 0)
(0.232549 -0.404917 0)
(0.223818 -0.423291 0)
(0.214451 -0.440881 0)
(0.204463 -0.457634 0)
(0.193881 -0.473498 0)
(0.182735 -0.488421 0)
(0.171067 -0.502363 0)
(0.15895 -0.515312 0)
(0.146518 -0.52734 0)
(0.134015 -0.538737 0)
(0.121855 -0.550287 0)
(0.110599 -0.563663 0)
(0.100804 -0.581512 0)
(0.092625 -0.606458 0)
(0.085439 -0.6393 0)
(0.0779861 -0.678613 0)
(0.0689557 -0.721751 0)
(0.0575134 -0.766005 0)
(0.0433927 -0.809167 0)
(0.026641 -0.849591 0)
(0.0074138 -0.88611 0)
(-0.0137771 -0.917952 0)
(-0.0367185 -0.944501 0)
(-0.0613841 -0.96543 0)
(-0.0874621 -0.980533 0)
(-0.114721 -0.989722 0)
(-0.142993 -0.993026 0)
(-0.172091 -0.990577 0)
(-0.201765 -0.982562 0)
(-0.231689 -0.969207 0)
(-0.261332 -0.950769 0)
(-0.289799 -0.927489 0)
(-0.314476 -0.899584 0)
(-0.328628 -0.86716 0)
(-0.325878 -0.830126 0)
(-0.308193 -0.788633 0)
(-0.283461 -0.743317 0)
(-0.257695 -0.6952 0)
(-0.232808 -0.645604 0)
(-0.208137 -0.596087 0)
(-0.185247 -0.548149 0)
(-0.169682 -0.503993 0)
(-0.161988 -0.466116 0)
(-0.154112 -0.435563 0)
(-0.148284 -0.413748 0)
(-0.150562 -0.399067 0)
(-0.157043 -0.388698 0)
(-0.165282 -0.380129 0)
(-0.174226 -0.371979 0)
(-0.183304 -0.363673 0)
(-0.192212 -0.355013 0)
(-0.200803 -0.345945 0)
(-0.209005 -0.336471 0)
(-0.216784 -0.326613 0)
(-0.224126 -0.316401 0)
(-0.231024 -0.305868 0)
(-0.23748 -0.295047 0)
(-0.243502 -0.283974 0)
(-0.249102 -0.272686 0)
(-0.254299 -0.261222 0)
(-0.259117 -0.249628 0)
(-0.263587 -0.237953 0)
(-0.267736 -0.226242 0)
(-0.271568 -0.214491 0)
(-0.275097 -0.202721 0)
(-0.278333 -0.19094 0)
(-0.281287 -0.179159 0)
(-0.28397 -0.167383 0)
(-0.286396 -0.155612 0)
(-0.288575 -0.143847 0)
(-0.290522 -0.132095 0)
(-0.292248 -0.12037 0)
(-0.293768 -0.108689 0)
(-0.295094 -0.0970764 0)
(-0.296239 -0.0855449 0)
(-0.297215 -0.0740932 0)
(-0.298032 -0.0626983 0)
(-0.2987 -0.0513222 0)
(-0.299225 -0.0399284 0)
(-0.299612 -0.0285019 0)
(-0.299864 -0.0170615 0)
(-0.299995 -0.00565711 0)
(0.299984 -0.0110692 0)
(0.2996 -0.0332026 0)
(0.298862 -0.0553178 0)
(0.297737 -0.0773558 0)
(0.296214 -0.0992542 0)
(0.294291 -0.120986 0)
(0.291956 -0.142563 0)
(0.289195 -0.164006 0)
(0.285993 -0.185321 0)
(0.282331 -0.206481 0)
(0.27819 -0.227432 0)
(0.273554 -0.248104 0)
(0.268403 -0.268426 0)
(0.26272 -0.288336 0)
(0.256483 -0.307764 0)
(0.24967 -0.326661 0)
(0.242275 -0.344983 0)
(0.234303 -0.362689 0)
(0.225772 -0.379741 0)
(0.216704 -0.396098 0)
(0.207123 -0.41172 0)
(0.197048 -0.42656 0)
(0.1865 -0.440573 0)
(0.175502 -0.453713 0)
(0.164094 -0.465946 0)
(0.15235 -0.477276 0)
(0.140412 -0.487797 0)
(0.128542 -0.497825 0)
(0.11716 -0.508158 0)
(0.10682 -0.520426 0)
(0.0980327 -0.537114 0)
(0.090859 -0.560583 0)
(0.0845631 -0.591451 0)
(0.0778354 -0.62835 0)
(0.0693992 -0.668845 0)
(0.0584672 -0.71046 0)
(0.0447932 -0.751165 0)
(0.0284132 -0.78945 0)
(0.00938182 -0.82423 0)
(-0.0116471 -0.85475 0)
(-0.034477 -0.880468 0)
(-0.0592556 -0.901043 0)
(-0.0856268 -0.916256 0)
(-0.113328 -0.925987 0)
(-0.142148 -0.930192 0)
(-0.171873 -0.928886 0)
(-0.202263 -0.922139 0)
(-0.232988 -0.91007 0)
(-0.263487 -0.892842 0)
(-0.292785 -0.870617 0)
(-0.318121 -0.843581 0)
(-0.332577 -0.81193 0)
(-0.32976 -0.775791 0)
(-0.311777 -0.73555 0)
(-0.286603 -0.691967 0)
(-0.260322 -0.646058 0)
(-0.234937 -0.599053 0)
(-0.20981 -0.55236 0)
(-0.186458 -0.507283 0)
(-0.170137 -0.465841 0)
(-0.161032 -0.430259 0)
(-0.152652 -0.40152 0)
(-0.146464 -0.381057 0)
(-0.147568 -0.36738 0)
(-0.153013 -0.357928 0)
(-0.160375 -0.350352 0)
(-0.168584 -0.3433 0)
(-0.177072 -0.336177 0)
(-0.185532 -0.328758 0)
(-0.193811 -0.320974 0)
(-0.201828 -0.312813 0)
(-0.209544 -0.304289 0)
(-0.216932 -0.295422 0)
(-0.223978 -0.286237 0)
(-0.230669 -0.276759 0)
(-0.236997 -0.267013 0)
(-0.242954 -0.257025 0)
(-0.248542 -0.246819 0)
(-0.253763 -0.236422 0)
(-0.258629 -0.225858 0)
(-0.263153 -0.215155 0)
(-0.26735 -0.204343 0)
(-0.271231 -0.193445 0)
(-0.274809 -0.182482 0)
(-0.278097 -0.171468 0)
(-0.281108 -0.160413 0)
(-0.283852 -0.149321 0)
(-0.286342 -0.138197 0)
(-0.288588 -0.127049 0)
(-0.290602 -0.115892 0)
(-0.292394 -0.104748 0)
(-0.293974 -0.0936389 0)
(-0.295354 -0.0825823 0)
(-0.296541 -0.0715789 0)
(-0.297544 -0.0606092 0)
(-0.298371 -0.0496389 0)
(-0.299026 -0.0386353 0)
(-0.29951 -0.0275871 0)
(-0.299828 -0.0165165 0)
(-0.299993 -0.00547661 0)
(0.299982 -0.0105677 0)
(0.29955 -0.0316967 0)
(0.298719 -0.0528 0)
(0.297455 -0.0738137 0)
(0.29575 -0.0946714 0)
(0.293604 -0.115343 0)
(0.291015 -0.135834 0)
(0.287972 -0.156166 0)
(0.284465 -0.176342 0)
(0.280482 -0.196336 0)
(0.276012 -0.216097 0)
(0.271047 -0.235566 0)
(0.265578 -0.254684 0)
(0.259601 -0.273404 0)
(0.253115 -0.291691 0)
(0.246122 -0.309516 0)
(0.23863 -0.326849 0)
(0.230644 -0.343652 0)
(0.222169 -0.359879 0)
(0.213205 -0.375476 0)
(0.203751 -0.390385 0)
(0.193811 -0.404546 0)
(0.18339 -0.417907 0)
(0.172508 -0.430422 0)
(0.161205 -0.442069 0)
(0.149558 -0.452861 0)
(0.137709 -0.462899 0)
(0.125916 -0.47249 0)
(0.114592 -0.4824 0)
(0.104281 -0.494165 0)
(0.0954866 -0.510079 0)
(0.0882845 -0.532238 0)
(0.0819718 -0.561101 0)
(0.0752874 -0.595357 0)
(0.0669963 -0.632792 0)
(0.0563241 -0.671187 0)
(0.042995 -0.708726 0)
(0.0270105 -0.744055 0)
(0.0084709 -0.776188 0)
(-0.0121053 -0.804382 0)
(-0.0345645 -0.828196 0)
(-0.0589985 -0.84727 0)
(-0.0851268 -0.861369 0)
(-0.112722 -0.870359 0)
(-0.141578 -0.874177 0)
(-0.171465 -0.872824 0)
(-0.202111 -0.866344 0)
(-0.233165 -0.854826 0)
(-0.264027 -0.838397 0)
(-0.29365 -0.817193 0)
(-0.319202 -0.791399 0)
(-0.333718 -0.761252 0)
(-0.330826 -0.726984 0)
(-0.31266 -0.68904 0)
(-0.287206 -0.648174 0)
(-0.260596 -0.605364 0)
(-0.234913 -0.561751 0)
(-0.209565 -0.518624 0)
(-0.185986 -0.477152 0)
(-0.169083 -0.439033 0)
(-0.15899 -0.4062 0)
(-0.150427 -0.379778 0)
(-0.144388 -0.360588 0)
(-0.145147 -0.347585 0)
(-0.150296 -0.338521 0)
(-0.157442 -0.331255 0)
(-0.165467 -0.32452 0)
(-0.173779 -0.317746 0)
(-0.182064 -0.310714 0)
(-0.190167 -0.303349 0)
(-0.198013 -0.29564 0)
(-0.205568 -0.287597 0)
(-0.212816 -0.279242 0)
(-0.219752 -0.270601 0)
(-0.226372 -0.261699 0)
(-0.232677 -0.252563 0)
(-0.238666 -0.243217 0)
(-0.244339 -0.233684 0)
(-0.249697 -0.223985 0)
(-0.254742 -0.214137 0)
(-0.259477 -0.204159 0)
(-0.263906 -0.194069 0)
(-0.268037 -0.183884 0)
(-0.271876 -0.17362 0)
(-0.275431 -0.163288 0)
(-0.27871 -0.152896 0)
(-0.281721 -0.142448 0)
(-0.284473 -0.131947 0)
(-0.286973 -0.1214 0)
(-0.28923 -0.110823 0)
(-0.291252 -0.100237 0)
(-0.293046 -0.0896646 0)
(-0.294621 -0.0791246 0)
(-0.295984 -0.068619 0)
(-0.297143 -0.0581306 0)
(-0.298101 -0.0476279 0)
(-0.298863 -0.0370815 0)
(-0.299428 -0.0264829 0)
(-0.299799 -0.0158567 0)
(-0.299992 -0.00525777 0)
(0.29998 -0.0100137 0)
(0.299511 -0.0300345 0)
(0.29861 -0.0500253 0)
(0.297239 -0.0699197 0)
(0.295395 -0.0896488 0)
(0.293083 -0.109179 0)
(0.290302 -0.128514 0)
(0.287048 -0.14767 0)
(0.283316 -0.166647 0)
(0.279098 -0.185418 0)
(0.274388 -0.203935 0)
(0.269184 -0.222138 0)
(0.26348 -0.239968 0)
(0.257276 -0.257379 0)
(0.25057 -0.274329 0)
(0.243361 -0.290781 0)
(0.235648 -0.306696 0)
(0.227433 -0.322031 0)
(0.218716 -0.336737 0)
(0.209507 -0.350767 0)
(0.199818 -0.364077 0)
(0.18967 -0.376633 0)
(0.179096 -0.388409 0)
(0.168134 -0.39939 0)
(0.156842 -0.409574 0)
(0.145308 -0.418989 0)
(0.133684 -0.427748 0)
(0.122231 -0.436166 0)
(0.111359 -0.445009 0)
(0.101586 -0.455777 0)
(0.0933616 -0.470655 0)
(0.0866699 -0.491578 0)
(0.080742 -0.518897 0)
(0.0743116 -0.551311 0)
(0.0661819 -0.586694 0)
(0.0556262 -0.622942 0)
(0.0423993 -0.65835 0)
(0.0265111 -0.691647 0)
(0.00808856 -0.721918 0)
(-0.0123894 -0.748498 0)
(-0.0347763 -0.770977 0)
(-0.0591297 -0.789024 0)
(-0.0851872 -0.802419 0)
(-0.112729 -0.811028 0)
(-0.141551 -0.814778 0)
(-0.171426 -0.813656 0)
(-0.202082 -0.807696 0)
(-0.233148 -0.796972 0)
(-0.264 -0.781594 0)
(-0.293581 -0.761687 0)
(-0.319062 -0.737437 0)
(-0.33352 -0.709098 0)
(-0.33062 -0.676943 0)
(-0.312467 -0.64141 0)
(-0.287011 -0.603199 0)
(-0.260368 -0.563203 0)
(-0.234635 -0.522445 0)
(-0.209228 -0.482077 0)
(-0.185464 -0.443152 0)
(-0.168068 -0.407189 0)
(-0.157342 -0.376108 0)
(-0.148628 -0.351171 0)
(-0.142528 -0.332939 0)
(-0.142821 -0.320699 0)
(-0.147494 -0.312377 0)
(-0.154242 -0.305902 0)
(-0.161953 -0.300024 0)
(-0.170034 -0.294163 0)
(-0.178166 -0.288082 0)
(-0.186185 -0.281694 0)
(-0.194005 -0.274971 0)
(-0.201579 -0.267913 0)
(-0.20888 -0.260531 0)
(-0.215892 -0.252844 0)
(-0.222607 -0.244872 0)
(-0.229019 -0.23664 0)
(-0.235127 -0.228171 0)
(-0.240932 -0.21949 0)
(-0.246435 -0.210617 0)
(-0.251637 -0.201572 0)
(-0.256544 -0.192377 0)
(-0.261158 -0.183049 0)
(-0.265483 -0.173607 0)
(-0.269524 -0.164066 0)
(-0.273286 -0.154438 0)
(-0.276776 -0.144731 0)
(-0.279997 -0.134949 0)
(-0.282957 -0.125095 0)
(-0.28566 -0.115179 0)
(-0.288113 -0.105213 0)
(-0.29032 -0.0952214 0)
(-0.292288 -0.0852264 0)
(-0.294022 -0.0752466 0)
(-0.295529 -0.0652858 0)
(-0.296814 -0.0553291 0)
(-0.297881 -0.0453476 0)
(-0.29873 -0.0353149 0)
(-0.299361 -0.0252248 0)
(-0.299776 -0.015104 0)
(-0.299992 -0.00500811 0)
(0.299979 -0.0094195 0)
(0.299482 -0.0282521 0)
(0.298526 -0.0470529 0)
(0.297073 -0.065755 0)
(0.295121 -0.0842892 0)
(0.292677 -0.102621 0)
(0.289745 -0.120752 0)
(0.286323 -0.138694 0)
(0.282408 -0.15645 0)
(0.277997 -0.173991 0)
(0.273087 -0.191272 0)
(0.267678 -0.208237 0)
(0.26177 -0.224832 0)
(0.255365 -0.241016 0)
(0.248466 -0.256756 0)
(0.241079 -0.272022 0)
(0.233211 -0.286788 0)
(0.224872 -0.301025 0)
(0.216076 -0.314702 0)
(0.206838 -0.327786 0)
(0.197177 -0.34025 0)
(0.18711 -0.352064 0)
(0.176659 -0.3632 0)
(0.165847 -0.373632 0)
(0.154714 -0.383346 0)
(0.143329 -0.392354 0)
(0.13183 -0.400753 0)
(0.120474 -0.408836 0)
(0.109668 -0.417315 0)
(0.0999395 -0.427569 0)
(0.0917401 -0.441566 0)
(0.0850581 -0.460993 0)
(0.0791347 -0.486115 0)
(0.0727214 -0.515756 0)
(0.064643 -0.548045 0)
(0.0541862 -0.581126 0)
(0.0411082 -0.61348 0)
(0.0254229 -0.643955 0)
(0.00724998 -0.671698 0)
(-0.0130241 -0.696089 0)
(-0.0352501 -0.716739 0)
(-0.0594294 -0.733326 0)
(-0.0853245 -0.745633 0)
(-0.112723 -0.753522 0)
(-0.141418 -0.756918 0)
(-0.171177 -0.755799 0)
(-0.201721 -0.750187 0)
(-0.232676 -0.740148 0)
(-0.263408 -0.725782 0)
(-0.292853 -0.707209 0)
(-0.31821 -0.68461 0)
(-0.332639 -0.658245 0)
(-0.329823 -0.628399 0)
(-0.311773 -0.595487 0)
(-0.286365 -0.560144 0)
(-0.259707 -0.523192 0)
(-0.233933 -0.485582 0)
(-0.208515 -0.448394 0)
(-0.184667 -0.412611 0)
(-0.16701 -0.379592 0)
(-0.156037 -0.351036 0)
(-0.14728 -0.328199 0)
(-0.141112 -0.311314 0)
(-0.141101 -0.299803 0)
(-0.145487 -0.291872 0)
(-0.152005 -0.285661 0)
(-0.159521 -0.280031 0)
(-0.167429 -0.274448 0)
(-0.175408 -0.268696 0)
(-0.183296 -0.262696 0)
(-0.191012 -0.256421 0)
(-0.198513 -0.249867 0)
(-0.205774 -0.24304 0)
(-0.212781 -0.235951 0)
(-0.219523 -0.228615 0)
(-0.225991 -0.221046 0)
(-0.232181 -0.213262 0)
(-0.238089 -0.205279 0)
(-0.243713 -0.197112 0)
(-0.249052 -0.188778 0)
(-0.254107 -0.180293 0)
(-0.258879 -0.171672 0)
(-0.26337 -0.16293 0)
(-0.267582 -0.154082 0)
(-0.271519 -0.145138 0)
(-0.275185 -0.136105 0)
(-0.278581 -0.126987 0)
(-0.281713 -0.117786 0)
(-0.284584 -0.108511 0)
(-0.287197 -0.0991757 0)
(-0.289557 -0.0898019 0)
(-0.291667 -0.0804127 0)
(-0.293532 -0.0710264 0)
(-0.295157 -0.0616476 0)
(-0.296545 -0.0522631 0)
(-0.2977 -0.0428465 0)
(-0.298621 -0.0333737 0)
(-0.299306 -0.0238408 0)
(-0.299757 -0.0142755 0)
(-0.299991 -0.00473332 0)
(0.299978 -0.00879419 0)
(0.299459 -0.0263767 0)
(0.29846 -0.0439274 0)
(0.296944 -0.06138 0)
(0.294908 -0.078667 0)
(0.292362 -0.0957534 0)
(0.289313 -0.112639 0)
(0.285762 -0.129335 0)
(0.281707 -0.14584 0)
(0.277149 -0.162129 0)
(0.272088 -0.178158 0)
(0.266527 -0.193872 0)
(0.26047 -0.209223 0)
(0.253922 -0.224171 0)
(0.24689 -0.238685 0)
(0.239381 -0.252738 0)
(0.231405 -0.266302 0)
(0.222971 -0.279349 0)
(0.214089 -0.291845 0)
(0.204773 -0.303754 0)
(0.195035 -0.31504 0)
(0.184892 -0.325671 0)
(0.174364 -0.335619 0)
(0.163484 -0.344862 0)
(0.1523 -0.353399 0)
(0.1409 -0.36126 0)
(0.12944 -0.368561 0)
(0.118191 -0.375611 0)
(0.107564 -0.38312 0)
(0.0980705 -0.392432 0)
(0.0901204 -0.405418 0)
(0.0836449 -0.42363 0)
(0.0778516 -0.447231 0)
(0.0714989 -0.475033 0)
(0.0634453 -0.505225 0)
(0.0530109 -0.536058 0)
(0.0399738 -0.566129 0)
(0.0243623 -0.59439 0)
(0.00631504 -0.620079 0)
(-0.0138332 -0.642642 0)
(-0.0359382 -0.661722 0)
(-0.0599638 -0.677038 0)
(-0.0856913 -0.688395 0)
(-0.112917 -0.695669 0)
(-0.141436 -0.698792 0)
(-0.171017 -0.697745 0)
(-0.201379 -0.692551 0)
(-0.232143 -0.683267 0)
(-0.262674 -0.669989 0)
(-0.291918 -0.652832 0)
(-0.317117 -0.631968 0)
(-0.331519 -0.607648 0)
(-0.328803 -0.580146 0)
(-0.310862 -0.549836 0)
(-0.285506 -0.517288 0)
(-0.258863 -0.483249 0)
(-0.233111 -0.448583 0)
(-0.207723 -0.414254 0)
(-0.183809 -0.381128 0)
(-0.165769 -0.350462 0)
(-0.154506 -0.323799 0)
(-0.145843 -0.302399 0)
(-0.139704 -0.286508 0)
(-0.13949 -0.275735 0)
(-0.143668 -0.268463 0)
(-0.150019 -0.262901 0)
(-0.157408 -0.25793 0)
(-0.165215 -0.253017 0)
(-0.173114 -0.247941 0)
(-0.180941 -0.242619 0)
(-0.188612 -0.237023 0)
(-0.196084 -0.23115 0)
(-0.203332 -0.225007 0)
(-0.210342 -0.218606 0)
(-0.217104 -0.211961 0)
(-0.22361 -0.205088 0)
(-0.229855 -0.198002 0)
(-0.235834 -0.190719 0)
(-0.241544 -0.183255 0)
(-0.246983 -0.175622 0)
(-0.252149 -0.167837 0)
(-0.257042 -0.159913 0)
(-0.261661 -0.151864 0)
(-0.266008 -0.143704 0)
(-0.270084 -0.135442 0)
(-0.27389 -0.127084 0)
(-0.277427 -0.118633 0)
(-0.280698 -0.110094 0)
(-0.283705 -0.101473 0)
(-0.286449 -0.0927854 0)
(-0.288933 -0.0840505 0)
(-0.291159 -0.0752914 0)
(-0.293131 -0.0665261 0)
(-0.294852 -0.0577598 0)
(-0.296325 -0.0489806 0)
(-0.297552 -0.0401645 0)
(-0.298532 -0.0312896 0)
(-0.299261 -0.0223538 0)
(-0.299741 -0.013385 0)
(-0.29999 -0.00443802 0)
(0.299978 -0.00814481 0)
(0.299441 -0.0244294 0)
(0.29841 -0.040683 0)
(0.296844 -0.0568418 0)
(0.294743 -0.0728406 0)
(0.292118 -0.0886452 0)
(0.288977 -0.104254 0)
(0.285323 -0.119678 0)
(0.281158 -0.134914 0)
(0.276483 -0.149938 0)
(0.2713 -0.16471 0)
(0.265615 -0.179178 0)
(0.259433 -0.193298 0)
(0.252762 -0.207034 0)
(0.24561 -0.220359 0)
(0.237987 -0.233248 0)
(0.229903 -0.24568 0)
(0.221371 -0.257631 0)
(0.212404 -0.269072 0)
(0.203017 -0.279979 0)
(0.193229 -0.290326 0)
(0.183061 -0.300092 0)
(0.172538 -0.309261 0)
(0.161692 -0.317824 0)
(0.150574 -0.325783 0)
(0.139264 -0.333167 0)
(0.127912 -0.340075 0)
(0.116777 -0.34678 0)
(0.106266 -0.353915 0)
(0.0968815 -0.362679 0)
(0.0890269 -0.374728 0)
(0.0826206 -0.391414 0)
(0.0768644 -0.412875 0)
(0.0705244 -0.438074 0)
(0.0624768 -0.465427 0)
(0.0520598 -0.493387 0)
(0.0390611 -0.520689 0)
(0.0235145 -0.546377 0)
(0.00556846 -0.569748 0)
(-0.0144741 -0.59029 0)
(-0.0364721 -0.607662 0)
(-0.0603655 -0.621601 0)
(-0.085945 -0.631927 0)
(-0.113012 -0.638523 0)
(-0.141363 -0.641324 0)
(-0.170768 -0.64031 0)
(-0.200947 -0.635502 0)
(-0.23152 -0.626954 0)
(-0.261856 -0.614755 0)
(-0.290913 -0.599014 0)
(-0.31598 -0.579892 0)
(-0.330386 -0.557622 0)
(-0.327802 -0.532463 0)
(-0.310003 -0.50475 0)
(-0.284741 -0.475 0)
(-0.258158 -0.443895 0)
(-0.232436 -0.412222 0)
(-0.207038 -0.38086 0)
(-0.1831 -0.35061 0)
(-0.164881 -0.322631 0)
(-0.153356 -0.298339 0)
(-0.144598 -0.278776 0)
(-0.138405 -0.264134 0)
(-0.137998 -0.254086 0)
(-0.141988 -0.247258 0)
(-0.148189 -0.242029 0)
(-0.155468 -0.23738 0)
(-0.163197 -0.232819 0)
(-0.171043 -0.22814 0)
(-0.178835 -0.22326 0)
(-0.186488 -0.218149 0)
(-0.193958 -0.212799 0)
(-0.201219 -0.20721 0)
(-0.208254 -0.20139 0)
(-0.215053 -0.195349 0)
(-0.221608 -0.189097 0)
(-0.227912 -0.182649 0)
(-0.233961 -0.176016 0)
(-0.239751 -0.16921 0)
(-0.245278 -0.162244 0)
(-0.25054 -0.15513 0)
(-0.255535 -0.147879 0)
(-0.260262 -0.140506 0)
(-0.264721 -0.133021 0)
(-0.268911 -0.125432 0)
(-0.272832 -0.117746 0)
(-0.276485 -0.109965 0)
(-0.27987 -0.102093 0)
(-0.282988 -0.0941359 0)
(-0.285839 -0.0861081 0)
(-0.288424 -0.0780286 0)
(-0.290745 -0.0699192 0)
(-0.292804 -0.0617973 0)
(-0.294604 -0.0536682 0)
(-0.296146 -0.0455213 0)
(-0.297432 -0.0373348 0)
(-0.298459 -0.0290889 0)
(-0.299224 -0.0207826 0)
(-0.299728 -0.012444 0)
(-0.29999 -0.00412598 0)
(0.299977 -0.00747679 0)
(0.299427 -0.0224261 0)
(0.29837 -0.0373461 0)
(0.296766 -0.0521763 0)
(0.294614 -0.0668549 0)
(0.291927 -0.0813492 0)
(0.288715 -0.095657 0)
(0.284982 -0.109787 0)
(0.28073 -0.123737 0)
(0.275964 -0.137485 0)
(0.270687 -0.150991 0)
(0.264906 -0.164209 0)
(0.258629 -0.177099 0)
(0.251866 -0.189626 0)
(0.244626 -0.201765 0)
(0.236922 -0.213496 0)
(0.228766 -0.224799 0)
(0.220171 -0.235651 0)
(0.211153 -0.246027 0)
(0.201728 -0.255903 0)
(0.191914 -0.265253 0)
(0.18173 -0.274056 0)
(0.171201 -0.282291 0)
(0.160356 -0.289945 0)
(0.149243 -0.297014 0)
(0.137943 -0.303524 0)
(0.12661 -0.309571 0)
(0.115509 -0.315425 0)
(0.105053 -0.321706 0)
(0.0957409 -0.329565 0)
(0.0879608 -0.340564 0)
(0.0816062 -0.355931 0)
(0.0758659 -0.375729 0)
(0.0695152 -0.398931 0)
(0.0614537 -0.42404 0)
(0.05104 -0.44963 0)
(0.0380718 -0.474556 0)
(0.0225862 -0.497964 0)
(0.00473904 -0.51923 0)
(-0.0151935 -0.537902 0)
(-0.0370755 -0.553675 0)
(-0.0608287 -0.566318 0)
(-0.0862522 -0.575672 0)
(-0.113152 -0.581632 0)
(-0.141326 -0.584142 0)
(-0.170544 -0.583185 0)
(-0.200527 -0.578781 0)
(-0.230902 -0.570982 0)
(-0.26104 -0.559869 0)
(-0.289913 -0.545544 0)
(-0.314849 -0.528157 0)
(-0.329256 -0.50792 0)
(-0.326791 -0.485067 0)
(-0.309116 -0.459896 0)
(-0.283933 -0.432869 0)
(-0.257396 -0.404599 0)
(-0.231703 -0.375793 0)
(-0.20634 -0.34725 0)
(-0.182445 -0.319714 0)
(-0.164117 -0.294179 0)
(-0.152364 -0.271956 0)
(-0.143525 -0.254021 0)
(-0.137342 -0.240568 0)
(-0.136838 -0.23132 0)
(-0.140728 -0.225107 0)
(-0.146836 -0.220412 0)
(-0.154037 -0.216269 0)
(-0.161698 -0.212211 0)
(-0.169488 -0.20804 0)
(-0.177235 -0.20368 0)
(-0.184855 -0.199104 0)
(-0.192304 -0.194303 0)
(-0.199557 -0.189281 0)
(-0.206598 -0.184043 0)
(-0.213415 -0.178598 0)
(-0.220001 -0.172958 0)
(-0.226347 -0.167132 0)
(-0.232448 -0.161133 0)
(-0.238298 -0.15497 0)
(-0.243894 -0.148654 0)
(-0.249233 -0.142197 0)
(-0.25431 -0.135609 0)
(-0.259124 -0.128901 0)
(-0.263673 -0.122083 0)
(-0.267955 -0.115164 0)
(-0.27197 -0.108149 0)
(-0.275717 -0.101039 0)
(-0.279195 -0.0938385 0)
(-0.282403 -0.0865536 0)
(-0.285341 -0.0791967 0)
(-0.288009 -0.0717861 0)
(-0.290407 -0.0643423 0)
(-0.292538 -0.0568819 0)
(-0.294401 -0.0494102 0)
(-0.296 -0.0419177 0)
(-0.297334 -0.0343846 0)
(-0.2984 -0.026793 0)
(-0.299195 -0.0191428 0)
(-0.299718 -0.0114618 0)
(-0.29999 -0.00380032 0)
(0.299977 -0.00679431 0)
(0.299416 -0.0203794 0)
(0.29834 -0.0339375 0)
(0.296705 -0.0474119 0)
(0.294514 -0.0607452 0)
(0.291779 -0.0739066 0)
(0.288511 -0.0868935 0)
(0.284716 -0.0997138 0)
(0.280396 -0.112365 0)
(0.275558 -0.124826 0)
(0.270206 -0.137061 0)
(0.264348 -0.149029 0)
(0.257994 -0.160691 0)
(0.251155 -0.172017 0)
(0.243841 -0.182985 0)
(0.236065 -0.193578 0)
(0.227842 -0.203777 0)
(0.219185 -0.213563 0)
(0.210109 -0.222914 0)
(0.200633 -0.231811 0)
(0.190773 -0.240232 0)
(0.180551 -0.24816 0)
(0.169992 -0.255583 0)
(0.159129 -0.262491 0)
(0.148011 -0.26889 0)
(0.136725 -0.27481 0)
(0.125427 -0.280344 0)
(0.114388 -0.285741 0)
(0.104017 -0.291551 0)
(0.094811 -0.298793 0)
(0.0871376 -0.30883 0)
(0.0808674 -0.322722 0)
(0.0751739 -0.340518 0)
(0.0688356 -0.361323 0)
(0.060768 -0.383827 0)
(0.0503486 -0.40677 0)
(0.0373876 -0.42913 0)
(0.0219298 -0.450137 0)
(0.00413997 -0.469227 0)
(-0.0157201 -0.485988 0)
(-0.0375176 -0.500142 0)
(-0.0611623 -0.51148 0)
(-0.0864588 -0.519857 0)
(-0.113216 -0.52518 0)
(-0.141235 -0.527397 0)
(-0.170288 -0.526496 0)
(-0.200099 -0.522494 0)
(-0.230297 -0.51544 0)
(-0.260259 -0.505409 0)
(-0.28897 -0.492494 0)
(-0.313797 -0.476831 0)
(-0.328213 -0.458615 0)
(-0.325861 -0.438052 0)
(-0.3083 -0.415403 0)
(-0.283188 -0.391083 0)
(-0.256697 -0.365639 0)
(-0.231053 -0.339711 0)
(-0.205781 -0.314018 0)
(-0.181926 -0.289232 0)
(-0.163463 -0.26621 0)
(-0.151531 -0.246143 0)
(-0.1426 -0.22996 0)
(-0.136346 -0.217786 0)
(-0.135706 -0.209338 0)
(-0.139493 -0.203659 0)
(-0.145519 -0.199379 0)
(-0.152664 -0.195621 0)
(-0.160291 -0.191956 0)
(-0.16806 -0.188203 0)
(-0.175798 -0.184288 0)
(-0.183417 -0.180184 0)
(-0.190873 -0.175881 0)
(-0.19814 -0.171379 0)
(-0.205202 -0.166685 0)
(-0.212047 -0.161803 0)
(-0.218666 -0.156743 0)
(-0.225054 -0.151514 0)
(-0.231202 -0.146124 0)
(-0.237106 -0.140584 0)
(-0.242762 -0.134901 0)
(-0.248164 -0.129086 0)
(-0.25331 -0.123148 0)
(-0.258195 -0.117096 0)
(-0.262819 -0.11094 0)
(-0.267177 -0.104687 0)
(-0.271269 -0.0983404 0)
(-0.275092 -0.0919034 0)
(-0.278646 -0.0853785 0)
(-0.281928 -0.0787718 0)
(-0.284936 -0.0720946 0)
(-0.287672 -0.0653639 0)
(-0.290133 -0.0585988 0)
(-0.292321 -0.0518147 0)
(-0.294236 -0.0450167 0)
(-0.295881 -0.0381966 0)
(-0.297254 -0.0313362 0)
(-0.298353 -0.0244195 0)
(-0.299171 -0.0174473 0)
(-0.299709 -0.0104461 0)
(-0.299989 -0.00346358 0)
(0.299976 -0.00610061 0)
(0.299408 -0.018299 0)
(0.298316 -0.0304729 0)
(0.296658 -0.0425704 0)
(0.294436 -0.0545387 0)
(0.291664 -0.0663495 0)
(0.288352 -0.0780002 0)
(0.284508 -0.0894974 0)
(0.280136 -0.100839 0)
(0.275241 -0.112006 0)
(0.269831 -0.122965 0)
(0.263913 -0.133679 0)
(0.257499 -0.144114 0)
(0.2506 -0.154242 0)
(0.243229 -0.164045 0)
(0.2354 -0.173505 0)
(0.227127 -0.182607 0)
(0.218426 -0.191335 0)
(0.209314 -0.199669 0)
(0.199809 -0.20759 0)
(0.189929 -0.215081 0)
(0.179697 -0.222126 0)
(0.169138 -0.228711 0)
(0.158284 -0.234829 0)
(0.147185 -0.240481 0)
(0.135926 -0.245691 0)
(0.124661 -0.250544 0)
(0.113659 -0.255263 0)
(0.103328 -0.260358 0)
(0.0941576 -0.266768 0)
(0.0865101 -0.275738 0)
(0.0802458 -0.288216 0)
(0.0745358 -0.304212 0)
(0.068168 -0.32289 0)
(0.0600742 -0.343054 0)
(0.0496451 -0.363574 0)
(0.0366966 -0.383542 0)
(0.0212748 -0.40228 0)
(0.00354858 -0.419291 0)
(-0.0162338 -0.434216 0)
(-0.0379433 -0.446807 0)
(-0.0614809 -0.456885 0)
(-0.0866552 -0.46432 0)
(-0.113278 -0.469032 0)
(-0.141152 -0.470977 0)
(-0.170052 -0.470144 0)
(-0.199705 -0.46655 0)
(-0.229742 -0.460241 0)
(-0.259548 -0.451284 0)
(-0.288118 -0.439764 0)
(-0.312855 -0.425805 0)
(-0.327282 -0.409591 0)
(-0.32503 -0.391288 0)
(-0.30757 -0.37112 0)
(-0.282524 -0.349456 0)
(-0.256082 -0.326783 0)
(-0.230487 -0.303665 0)
(-0.205266 -0.280743 0)
(-0.181409 -0.258638 0)
(-0.162817 -0.238073 0)
(-0.150798 -0.220119 0)
(-0.141868 -0.205625 0)
(-0.13559 -0.194701 0)
(-0.134856 -0.187089 0)
(-0.138562 -0.181997 0)
(-0.14452 -0.178188 0)
(-0.151615 -0.174861 0)
(-0.159205 -0.171624 0)
(-0.166947 -0.168309 0)
(-0.174666 -0.16485 0)
(-0.182274 -0.16122 0)
(-0.189726 -0.157411 0)
(-0.196998 -0.153424 0)
(-0.204071 -0.149262 0)
(-0.210936 -0.144931 0)
(-0.217582 -0.140439 0)
(-0.224001 -0.135792 0)
(-0.230188 -0.131 0)
(-0.236136 -0.12607 0)
(-0.24184 -0.121009 0)
(-0.247295 -0.115826 0)
(-0.252496 -0.110529 0)
(-0.25744 -0.105127 0)
(-0.262124 -0.0996281 0)
(-0.266544 -0.0940377 0)
(-0.270699 -0.0883598 0)
(-0.274585 -0.0825967 0)
(-0.2782 -0.0767508 0)
(-0.281541 -0.0708275 0)
(-0.284608 -0.0648372 0)
(-0.287398 -0.0587955 0)
(-0.28991 -0.0527196 0)
(-0.292145 -0.0466239 0)
(-0.294103 -0.040513 0)
(-0.295785 -0.0343797 0)
(-0.29719 -0.0282078 0)
(-0.298314 -0.021983 0)
(-0.299151 -0.0157065 0)
(-0.299703 -0.00940346 0)
(-0.299989 -0.0031179 0)
(0.299976 -0.00539822 0)
(0.299402 -0.0161925 0)
(0.298298 -0.026965 0)
(0.296622 -0.037669 0)
(0.294376 -0.0482569 0)
(0.291574 -0.0587033 0)
(0.288229 -0.0690055 0)
(0.284347 -0.0791694 0)
(0.279933 -0.0891927 0)
(0.274994 -0.0990585 0)
(0.269538 -0.108738 0)
(0.263573 -0.118196 0)
(0.257111 -0.127404 0)
(0.250164 -0.136338 0)
(0.242747 -0.14498 0)
(0.234873 -0.153317 0)
(0.226558 -0.161334 0)
(0.217818 -0.169018 0)
(0.20867 -0.176352 0)
(0.199132 -0.183319 0)
(0.189223 -0.189906 0)
(0.178966 -0.196098 0)
(0.168385 -0.201886 0)
(0.157514 -0.207264 0)
(0.146403 -0.212235 0)
(0.135139 -0.216824 0)
(0.123881 -0.221108 0)
(0.112902 -0.225292 0)
(0.102614 -0.229827 0)
(0.0935047 -0.235535 0)
(0.0859249 -0.243495 0)
(0.0797156 -0.254515 0)
(0.0740348 -0.268597 0)
(0.0676716 -0.285008 0)
(0.0595702 -0.302712 0)
(0.049135 -0.320723 0)
(0.0361912 -0.338249 0)
(0.0207895 -0.354693 0)
(0.00310518 -0.36962 0)
(-0.0166216 -0.382712 0)
(-0.0382641 -0.393753 0)
(-0.061717 -0.402582 0)
(-0.0867917 -0.409089 0)
(-0.113302 -0.413202 0)
(-0.141053 -0.414883 0)
(-0.169821 -0.414123 0)
(-0.199337 -0.410939 0)
(-0.229234 -0.40537 0)
(-0.258899 -0.397476 0)
(-0.287345 -0.387329 0)
(-0.312025 -0.375043 0)
(-0.326433 -0.36086 0)
(-0.324277 -0.344789 0)
(-0.306896 -0.32707 0)
(-0.281901 -0.30803 0)
(-0.255487 -0.2881 0)
(-0.229931 -0.267772 0)
(-0.20485 -0.247613 0)
(-0.181071 -0.22818 0)
(-0.162374 -0.210085 0)
(-0.150232 -0.194273 0)
(-0.141227 -0.181488 0)
(-0.134902 -0.171857 0)
(-0.134063 -0.165067 0)
(-0.137712 -0.160538 0)
(-0.143623 -0.157169 0)
(-0.150685 -0.154239 0)
(-0.158254 -0.151397 0)
(-0.165984 -0.14849 0)
(-0.173698 -0.145459 0)
(-0.181307 -0.14228 0)
(-0.188766 -0.138944 0)
(-0.196048 -0.135451 0)
(-0.203138 -0.131804 0)
(-0.210022 -0.128007 0)
(-0.216693 -0.124067 0)
(-0.223141 -0.11999 0)
(-0.229361 -0.115783 0)
(-0.235346 -0.111451 0)
(-0.24109 -0.107003 0)
(-0.246589 -0.102444 0)
(-0.251836 -0.0977821 0)
(-0.256828 -0.0930246 0)
(-0.261561 -0.0881784 0)
(-0.266032 -0.0832488 0)
(-0.270238 -0.0782391 0)
(-0.274174 -0.0731511 0)
(-0.277839 -0.0679869 0)
(-0.281229 -0.0627515 0)
(-0.284342 -0.0574541 0)
(-0.287176 -0.0521086 0)
(-0.28973 -0.0467307 0)
(-0.292003 -0.0413331 0)
(-0.293995 -0.0359202 0)
(-0.295707 -0.0304855 0)
(-0.297138 -0.0250148 0)
(-0.298283 -0.0194955 0)
(-0.299136 -0.0139292 0)
(-0.299697 -0.00833898 0)
(-0.299989 -0.002765 0)
(0.299976 -0.00468913 0)
(0.299397 -0.0140657 0)
(0.298284 -0.0234234 0)
(0.296594 -0.0327211 0)
(0.294329 -0.0419167 0)
(0.291505 -0.0509878 0)
(0.288133 -0.059932 0)
(0.284222 -0.0687543 0)
(0.279776 -0.0774528 0)
(0.274803 -0.0860123 0)
(0.26931 -0.0944074 0)
(0.263308 -0.102609 0)
(0.256809 -0.11059 0)
(0.249825 -0.118331 0)
(0.242372 -0.125816 0)
(0.234464 -0.133033 0)
(0.226117 -0.139971 0)
(0.217347 -0.146617 0)
(0.208173 -0.152958 0)
(0.198613 -0.158978 0)
(0.188688 -0.164666 0)
(0.178419 -0.17001 0)
(0.167833 -0.175002 0)
(0.156963 -0.179635 0)
(0.14586 -0.183912 0)
(0.134612 -0.187856 0)
(0.123375 -0.191534 0)
(0.112424 -0.195125 0)
(0.102168 -0.199025 0)
(0.0930901 -0.203956 0)
(0.0855342 -0.210858 0)
(0.079333 -0.220428 0)
(0.0736421 -0.232651 0)
(0.0672571 -0.246882 0)
(0.0591336 -0.262216 0)
(0.0486862 -0.277801 0)
(0.0357449 -0.292954 0)
(0.020362 -0.307162 0)
(0.00271585 -0.320051 0)
(-0.0169605 -0.331351 0)
(-0.0385429 -0.340874 0)
(-0.0619212 -0.348484 0)
(-0.0869091 -0.354085 0)
(-0.113323 -0.357617 0)
(-0.140969 -0.359048 0)
(-0.169626 -0.358371 0)
(-0.199026 -0.355599 0)
(-0.228803 -0.350767 0)
(-0.258343 -0.343926 0)
(-0.286673 -0.335133 0)
(-0.311349 -0.324486 0)
(-0.325647 -0.312419 0)
(-0.323636 -0.29852 0)
(-0.306327 -0.283209 0)
(-0.281382 -0.26676 0)
(-0.255007 -0.249543 0)
(-0.229497 -0.231984 0)
(-0.204496 -0.214565 0)
(-0.180744 -0.197739 0)
(-0.161961 -0.182056 0)
(-0.149732 -0.168337 0)
(-0.140698 -0.157261 0)
(-0.134372 -0.148951 0)
(-0.133427 -0.143018 0)
(-0.137027 -0.13905 0)
(-0.142904 -0.136132 0)
(-0.14994 -0.133607 0)
(-0.157491 -0.131161 0)
(-0.165211 -0.128662 0)
(-0.172919 -0.126056 0)
(-0.180528 -0.123321 0)
(-0.18799 -0.120451 0)
(-0.195281 -0.117444 0)
(-0.202382 -0.114303 0)
(-0.209283 -0.111031 0)
(-0.215974 -0.107634 0)
(-0.222447 -0.104117 0)
(-0.228694 -0.100486 0)
(-0.234709 -0.0967456 0)
(-0.240486 -0.0929022 0)
(-0.246019 -0.0889614 0)
(-0.251304 -0.0849294 0)
(-0.256335 -0.0808126 0)
(-0.261108 -0.0766167 0)
(-0.26562 -0.0723465 0)
(-0.269866 -0.0680046 0)
(-0.273844 -0.0635928 0)
(-0.277549 -0.0591128 0)
(-0.280978 -0.0545688 0)
(-0.284129 -0.0499692 0)
(-0.286998 -0.045326 0)
(-0.289585 -0.040653 0)
(-0.291889 -0.0359614 0)
(-0.293908 -0.0312551 0)
(-0.295644 -0.0265287 0)
(-0.297096 -0.0217695 0)
(-0.298257 -0.0169669 0)
(-0.299123 -0.0121224 0)
(-0.299693 -0.00725703 0)
(-0.299989 -0.00240631 0)
(0.299976 -0.00397489 0)
(0.299393 -0.0119235 0)
(0.298273 -0.0198561 0)
(0.296572 -0.0277374 0)
(0.294293 -0.0355314 0)
(0.291452 -0.0432189 0)
(0.28806 -0.0507977 0)
(0.284126 -0.058272 0)
(0.279656 -0.0656401 0)
(0.274656 -0.0728891 0)
(0.269135 -0.0799974 0)
(0.263105 -0.08694 0)
(0.256576 -0.0936944 0)
(0.249564 -0.100243 0)
(0.242082 -0.106574 0)
(0.234146 -0.112676 0)
(0.225773 -0.11854 0)
(0.216979 -0.124155 0)
(0.207783 -0.129511 0)
(0.198203 -0.134595 0)
(0.18826 -0.139396 0)
(0.177977 -0.143906 0)
(0.167379 -0.148117 0)
(0.1565 -0.152025 0)
(0.145392 -0.155634 0)
(0.134143 -0.158961 0)
(0.122913 -0.162067 0)
(0.111976 -0.165103 0)
(0.101744 -0.168409 0)
(0.0926992 -0.172595 0)
(0.0851785 -0.178451 0)
(0.079003 -0.186556 0)
(0.0733214 -0.196891 0)
(0.0669312 -0.208911 0)
(0.0587965 -0.221853 0)
(0.0483415 -0.235002 0)
(0.0354037 -0.247782 0)
(0.0200357 -0.259762 0)
(0.00241737 -0.270628 0)
(-0.0172209 -0.280151 0)
(-0.0387566 -0.288173 0)
(-0.0620757 -0.294579 0)
(-0.0869936 -0.299289 0)
(-0.113329 -0.302253 0)
(-0.140888 -0.303443 0)
(-0.169453 -0.302853 0)
(-0.198754 -0.300496 0)
(-0.228428 -0.2964 0)
(-0.257859 -0.290608 0)
(-0.286086 -0.283166 0)
(-0.310771 -0.274158 0)
(-0.324956 -0.264141 0)
(-0.323104 -0.252389 0)
(-0.30586 -0.239456 0)
(-0.28096 -0.225568 0)
(-0.254623 -0.211033 0)
(-0.229151 -0.196208 0)
(-0.204188 -0.181497 0)
(-0.180427 -0.167279 0)
(-0.161568 -0.154025 0)
(-0.149302 -0.142424 0)
(-0.140259 -0.133049 0)
(-0.133997 -0.126138 0)
(-0.132916 -0.121104 0)
(-0.13646 -0.117619 0)
(-0.142309 -0.11514 0)
(-0.149324 -0.11301 0)
(-0.156864 -0.110952 0)
(-0.164577 -0.108851 0)
(-0.172284 -0.106659 0)
(-0.179895 -0.104359 0)
(-0.187363 -0.101944 0)
(-0.194662 -0.0994133 0)
(-0.201775 -0.0967688 0)
(-0.20869 -0.0940135 0)
(-0.215398 -0.0911512 0)
(-0.22189 -0.0881867 0)
(-0.22816 -0.0851244 0)
(-0.2342 -0.081969 0)
(-0.240003 -0.0787251 0)
(-0.245565 -0.0753976 0)
(-0.25088 -0.0719916 0)
(-0.255943 -0.0685123 0)
(-0.260748 -0.0649649 0)
(-0.265292 -0.061353 0)
(-0.269571 -0.0576791 0)
(-0.273581 -0.0539444 0)
(-0.277318 -0.0501505 0)
(-0.280779 -0.0463011 0)
(-0.283959 -0.0424031 0)
(-0.286857 -0.038467 0)
(-0.28947 -0.0345045 0)
(-0.291798 -0.0305253 0)
(-0.293839 -0.0265327 0)
(-0.295595 -0.022522 0)
(-0.297063 -0.0184826 0)
(-0.298238 -0.0144054 0)
(-0.299113 -0.0102922 0)
(-0.299689 -0.00616116 0)
(-0.299988 -0.002043 0)
(0.299976 -0.00325675 0)
(0.29939 -0.0097694 0)
(0.298265 -0.016269 0)
(0.296556 -0.0227264 0)
(0.294267 -0.0291118 0)
(0.291412 -0.0354092 0)
(0.288005 -0.0416169 0)
(0.284053 -0.0477382 0)
(0.279564 -0.0537717 0)
(0.274544 -0.0597069 0)
(0.269003 -0.0655258 0)
(0.26295 -0.0712081 0)
(0.2564 -0.0767351 0)
(0.249365 -0.0820925 0)
(0.241861 -0.0872701 0)
(0.233904 -0.0922597 0)
(0.225511 -0.0970534 0)
(0.216699 -0.101643 0)
(0.207486 -0.106018 0)
(0.197892 -0.11017 0)
(0.187937 -0.11409 0)
(0.177645 -0.11777 0)
(0.16704 -0.121205 0)
(0.156159 -0.124392 0)
(0.145052 -0.127333 0)
(0.133807 -0.130043 0)
(0.122587 -0.132572 0)
(0.111665 -0.135045 0)
(0.101452 -0.137743 0)
(0.0924299 -0.141167 0)
(0.0849288 -0.145964 0)
(0.0787636 -0.152603 0)
(0.0730797 -0.161063 0)
(0.066678 -0.170893 0)
(0.0585299 -0.18147 0)
(0.0480664 -0.19221 0)
(0.0351275 -0.202644 0)
(0.0197687 -0.212424 0)
(0.00217323 -0.221291 0)
(-0.0174331 -0.229059 0)
(-0.0389298 -0.2356 0)
(-0.0622 -0.24082 0)
(-0.0870608 -0.244655 0)
(-0.113331 -0.247063 0)
(-0.140817 -0.248022 0)
(-0.169303 -0.247528 0)
(-0.198523 -0.245591 0)
(-0.228112 -0.242235 0)
(-0.257449 -0.237493 0)
(-0.285587 -0.231402 0)
(-0.310292 -0.22403 0)
(-0.32436 -0.215993 0)
(-0.322659 -0.206379 0)
(-0.305469 -0.195807 0)
(-0.280604 -0.184459 0)
(-0.254296 -0.172583 0)
(-0.228857 -0.160468 0)
(-0.203942 -0.148445 0)
(-0.180208 -0.136826 0)
(-0.161321 -0.126 0)
(-0.149011 -0.11652 0)
(-0.139897 -0.108833 0)
(-0.1337 -0.103296 0)
(-0.132502 -0.0992461 0)
(-0.135996 -0.0961932 0)
(-0.141845 -0.0941517 0)
(-0.148845 -0.0924175 0)
(-0.156375 -0.090745 0)
(-0.164083 -0.0890371 0)
(-0.171788 -0.0872554 0)
(-0.1794 -0.0853847 0)
(-0.186872 -0.0834197 0)
(-0.194177 -0.0813596 0)
(-0.201299 -0.0792056 0)
(-0.208225 -0.0769603 0)
(-0.214947 -0.074627 0)
(-0.221455 -0.0722093 0)
(-0.227742 -0.0697109 0)
(-0.233801 -0.0671355 0)
(-0.239626 -0.0644869 0)
(-0.24521 -0.061769 0)
(-0.250549 -0.058986 0)
(-0.255636 -0.0561422 0)
(-0.260466 -0.0532416 0)
(-0.265036 -0.0502873 0)
(-0.269341 -0.0472812 0)
(-0.273376 -0.0442245 0)
(-0.277139 -0.0411184 0)
(-0.280623 -0.0379658 0)
(-0.283827 -0.0347727 0)
(-0.286747 -0.0315475 0)
(-0.289381 -0.0283 0)
(-0.291727 -0.0250381 0)
(-0.293786 -0.0217647 0)
(-0.295556 -0.0184757 0)
(-0.297037 -0.0151627 0)
(-0.298222 -0.0118181 0)
(-0.299106 -0.00844356 0)
(-0.299687 -0.00505437 0)
(-0.299988 -0.00167605 0)
(0.299976 -0.0025357 0)
(0.299388 -0.00760652 0)
(0.298259 -0.0126673 0)
(0.296544 -0.017695 0)
(0.294247 -0.0226664 0)
(0.291382 -0.027569 0)
(0.287964 -0.0324012 0)
(0.284 -0.0371658 0)
(0.279497 -0.0418616 0)
(0.274462 -0.0464803 0)
(0.268905 -0.051008 0)
(0.262836 -0.0554286 0)
(0.256269 -0.0597278 0)
(0.249217 -0.0638944 0)
(0.241697 -0.0679204 0)
(0.233725 -0.0717994 0)
(0.225316 -0.0755254 0)
(0.21649 -0.0790916 0)
(0.207264 -0.082491 0)
(0.197659 -0.0857161 0)
(0.187694 -0.0887604 0)
(0.177394 -0.0916181 0)
(0.166783 -0.0942848 0)
(0.155897 -0.0967581 0)
(0.144788 -0.0990401 0)
(0.133545 -0.101143 0)
(0.122329 -0.103106 0)
(0.111417 -0.105027 0)
(0.101219 -0.107125 0)
(0.0922158 -0.109791 0)
(0.0847331 -0.113527 0)
(0.0785797 -0.118694 0)
(0.0728977 -0.125273 0)
(0.06649 -0.132912 0)
(0.0583339 -0.141128 0)
(0.047865 -0.149467 0)
(0.0349231 -0.157567 0)
(0.0195683 -0.165157 0)
(0.00199001 -0.172038 0)
(-0.0175918 -0.178064 0)
(-0.0390587 -0.183137 0)
(-0.0622915 -0.187183 0)
(-0.087108 -0.190153 0)
(-0.113327 -0.192014 0)
(-0.140758 -0.192751 0)
(-0.169183 -0.192359 0)
(-0.198339 -0.190846 0)
(-0.227859 -0.188232 0)
(-0.257121 -0.184542 0)
(-0.285186 -0.179803 0)
(-0.309919 -0.174068 0)
(-0.323874 -0.167933 0)
(-0.322312 -0.160453 0)
(-0.305164 -0.152236 0)
(-0.280327 -0.143419 0)
(-0.254041 -0.134191 0)
(-0.228627 -0.124777 0)
(-0.203748 -0.115431 0)
(-0.180035 -0.106399 0)
(-0.161131 -0.0979779 0)
(-0.148802 -0.0905971 0)
(-0.139613 -0.084596 0)
(-0.133487 -0.080408 0)
(-0.132212 -0.0774244 0)
(-0.135636 -0.0747852 0)
(-0.141502 -0.0731793 0)
(-0.148488 -0.0718393 0)
(-0.156009 -0.0705488 0)
(-0.163712 -0.06923 0)
(-0.171414 -0.067853 0)
(-0.179026 -0.0664061 0)
(-0.1865 -0.0648853 0)
(-0.19381 -0.0632899 0)
(-0.200938 -0.061621 0)
(-0.207873 -0.0598805 0)
(-0.214604 -0.0580711 0)
(-0.221124 -0.0561956 0)
(-0.227425 -0.0542568 0)
(-0.233499 -0.0522577 0)
(-0.23934 -0.0502011 0)
(-0.244941 -0.0480901 0)
(-0.250297 -0.0459278 0)
(-0.255403 -0.0437177 0)
(-0.260253 -0.0414628 0)
(-0.264842 -0.0391657 0)
(-0.269166 -0.0368276 0)
(-0.273221 -0.0344496 0)
(-0.277002 -0.0320325 0)
(-0.280505 -0.0295788 0)
(-0.283727 -0.0270929 0)
(-0.286663 -0.0245816 0)
(-0.289313 -0.0220525 0)
(-0.291674 -0.0195119 0)
(-0.293745 -0.0169618 0)
(-0.295527 -0.0143992 0)
(-0.297017 -0.0118175 0)
(-0.298211 -0.00921093 0)
(-0.2991 -0.00658075 0)
(-0.299685 -0.00393918 0)
(-0.299988 -0.00130628 0)
(0.299975 -0.00181255 0)
(0.299387 -0.00543731 0)
(0.298255 -0.00905495 0)
(0.296536 -0.012649 0)
(0.294233 -0.0162025 0)
(0.291361 -0.0197066 0)
(0.287935 -0.0231603 0)
(0.283962 -0.0265654 0)
(0.27945 -0.0299211 0)
(0.274404 -0.0332214 0)
(0.268836 -0.0364564 0)
(0.262756 -0.0396146 0)
(0.256177 -0.0426856 0)
(0.249113 -0.0456616 0)
(0.241582 -0.0485367 0)
(0.233598 -0.0513064 0)
(0.225179 -0.0539665 0)
(0.216343 -0.0565122 0)
(0.207108 -0.0589383 0)
(0.197494 -0.0612398 0)
(0.187523 -0.0634117 0)
(0.177216 -0.0654502 0)
(0.166602 -0.0673519 0)
(0.155714 -0.0691153 0)
(0.144604 -0.0707419 0)
(0.133363 -0.0722407 0)
(0.122151 -0.0736394 0)
(0.111246 -0.075009 0)
(0.101058 -0.0765062 0)
(0.0920676 -0.0784109 0)
(0.0845967 -0.0810816 0)
(0.0784503 -0.0847748 0)
(0.072768 -0.0894748 0)
(0.0663544 -0.0949295 0)
(0.0581907 -0.100794 0)
(0.047716 -0.106745 0)
(0.0347739 -0.112524 0)
(0.0194248 -0.117936 0)
(0.00185842 -0.122842 0)
(-0.017706 -0.127138 0)
(-0.039151 -0.130753 0)
(-0.0623562 -0.133636 0)
(-0.08714 -0.135751 0)
(-0.113322 -0.137074 0)
(-0.140711 -0.137594 0)
(-0.169092 -0.137309 0)
(-0.1982 -0.136225 0)
(-0.227669 -0.134355 0)
(-0.256874 -0.131718 0)
(-0.284883 -0.128334 0)
(-0.309643 -0.124242 0)
(-0.323501 -0.119929 0)
(-0.322055 -0.114582 0)
(-0.304941 -0.108713 0)
(-0.280126 -0.102418 0)
(-0.253858 -0.0958299 0)
(-0.228463 -0.0891071 0)
(-0.203609 -0.0824322 0)
(-0.179912 -0.0759796 0)
(-0.160995 -0.0699622 0)
(-0.148651 -0.0646834 0)
(-0.139394 -0.060375 0)
(-0.133317 -0.057442 0)
(-0.132047 -0.0555183 0)
(-0.135394 -0.0533986 0)
(-0.141283 -0.052232 0)
(-0.148252 -0.0512814 0)
(-0.155761 -0.0503675 0)
(-0.163455 -0.0494323 0)
(-0.171153 -0.0484547 0)
(-0.178763 -0.0474265 0)
(-0.186237 -0.046345 0)
(-0.193548 -0.0452096 0)
(-0.20068 -0.0440214 0)
(-0.207621 -0.0427816 0)
(-0.214359 -0.0414923 0)
(-0.220887 -0.0401554 0)
(-0.227197 -0.038773 0)
(-0.233282 -0.0373472 0)
(-0.239134 -0.0358801 0)
(-0.244748 -0.0343738 0)
(-0.250117 -0.0328307 0)
(-0.255236 -0.031253 0)
(-0.260099 -0.0296431 0)
(-0.264703 -0.0280027 0)
(-0.269041 -0.0263327 0)
(-0.27311 -0.0246338 0)
(-0.276904 -0.0229068 0)
(-0.280421 -0.0211532 0)
(-0.283655 -0.0193764 0)
(-0.286604 -0.0175812 0)
(-0.289264 -0.0157731 0)
(-0.291635 -0.0139565 0)
(-0.293716 -0.0121329 0)
(-0.295506 -0.0103002 0)
(-0.297003 -0.00845357 0)
(-0.298202 -0.00658899 0)
(-0.299095 -0.00470744 0)
(-0.299683 -0.00281778 0)
(-0.299988 -0.000934434 0)
(0.299975 -0.001088 0)
(0.299386 -0.00326382 0)
(0.298252 -0.00543547 0)
(0.296531 -0.00759292 0)
(0.294224 -0.00972604 0)
(0.291348 -0.0118294 0)
(0.287917 -0.0139024 0)
(0.283938 -0.0159461 0)
(0.279419 -0.0179601 0)
(0.274368 -0.0199407 0)
(0.268792 -0.021882 0)
(0.262704 -0.0237771 0)
(0.256118 -0.0256197 0)
(0.249047 -0.0274051 0)
(0.241508 -0.0291299 0)
(0.233517 -0.0307912 0)
(0.225091 -0.0323867 0)
(0.216249 -0.0339134 0)
(0.207008 -0.0353682 0)
(0.197389 -0.0367482 0)
(0.187413 -0.0380504 0)
(0.177103 -0.0392724 0)
(0.166486 -0.0404123 0)
(0.155596 -0.0414692 0)
(0.144485 -0.0424439 0)
(0.133245 -0.043342 0)
(0.122035 -0.0441801 0)
(0.111135 -0.0450009 0)
(0.100954 -0.0458989 0)
(0.0919716 -0.047042 0)
(0.0845086 -0.0486454 0)
(0.0783669 -0.0508623 0)
(0.0726846 -0.0536824 0)
(0.0662673 -0.0569542 0)
(0.0580985 -0.0604707 0)
(0.0476207 -0.0640383 0)
(0.0346801 -0.0675021 0)
(0.0193359 -0.0707458 0)
(0.00177724 -0.0736852 0)
(-0.0177766 -0.0762591 0)
(-0.039208 -0.0784249 0)
(-0.062396 -0.0801515 0)
(-0.087159 -0.0814173 0)
(-0.113317 -0.0822085 0)
(-0.140679 -0.082518 0)
(-0.16903 -0.0823445 0)
(-0.198106 -0.0816917 0)
(-0.22754 -0.0805682 0)
(-0.256709 -0.0789861 0)
(-0.28468 -0.0769608 0)
(-0.309444 -0.0745149 0)
(-0.32327 -0.0719485 0)
(-0.321888 -0.0687367 0)
(-0.304799 -0.065216 0)
(-0.280001 -0.0614402 0)
(-0.253744 -0.0574879 0)
(-0.228361 -0.0534542 0)
(-0.203524 -0.0494486 0)
(-0.179838 -0.0455761 0)
(-0.16091 -0.0419648 0)
(-0.148553 -0.0387982 0)
(-0.139245 -0.0362176 0)
(-0.133233 -0.0345006 0)
(-0.131911 -0.0333415 0)
(-0.135272 -0.0320321 0)
(-0.141155 -0.0313221 0)
(-0.14811 -0.0307533 0)
(-0.155609 -0.0302078 0)
(-0.163296 -0.0296494 0)
(-0.170989 -0.0290654 0)
(-0.178596 -0.0284507 0)
(-0.186069 -0.0278038 0)
(-0.193382 -0.0271244 0)
(-0.200516 -0.0264131 0)
(-0.207459 -0.0256708 0)
(-0.214201 -0.0248985 0)
(-0.220735 -0.0240976 0)
(-0.227051 -0.0232692 0)
(-0.233142 -0.0224147 0)
(-0.239001 -0.0215353 0)
(-0.244623 -0.0206322 0)
(-0.25 -0.0197069 0)
(-0.255128 -0.0187608 0)
(-0.26 -0.0177952 0)
(-0.264612 -0.0168111 0)
(-0.26896 -0.0158093 0)
(-0.273037 -0.01479 0)
(-0.276841 -0.0137536 0)
(-0.280366 -0.0127012 0)
(-0.283608 -0.0116348 0)
(-0.286565 -0.0105572 0)
(-0.289233 -0.00947177 0)
(-0.29161 -0.00838112 0)
(-0.293697 -0.00728621 0)
(-0.295493 -0.00618573 0)
(-0.296994 -0.00507678 0)
(-0.298197 -0.00395698 0)
(-0.299093 -0.00282697 0)
(-0.299682 -0.00169211 0)
(-0.299988 -0.000561145 0)
(0.299975 -0.000362633 0)
(0.299385 -0.00108789 0)
(0.298251 -0.00181189 0)
(0.296528 -0.00253119 0)
(0.29422 -0.00324235 0)
(0.291342 -0.00394355 0)
(0.287908 -0.00463461 0)
(0.283927 -0.00531587 0)
(0.279405 -0.00598718 0)
(0.27435 -0.00664734 0)
(0.268771 -0.00729434 0)
(0.262679 -0.0079259 0)
(0.256089 -0.00853994 0)
(0.249015 -0.00913487 0)
(0.241472 -0.00970954 0)
(0.233478 -0.0102631 0)
(0.225049 -0.0107946 0)
(0.216203 -0.0113032 0)
(0.206959 -0.0117879 0)
(0.197338 -0.0122477 0)
(0.187359 -0.0126815 0)
(0.177048 -0.0130887 0)
(0.166429 -0.0134684 0)
(0.155538 -0.0138205 0)
(0.144428 -0.0141452 0)
(0.133188 -0.0144444 0)
(0.12198 -0.0147235 0)
(0.111082 -0.0149969 0)
(0.100904 -0.015296 0)
(0.0919256 -0.015677 0)
(0.084466 -0.0162115 0)
(0.078326 -0.0169504 0)
(0.0726432 -0.01789 0)
(0.0662239 -0.0189799 0)
(0.0580528 -0.020151 0)
(0.0475736 -0.0213389 0)
(0.0346331 -0.0224922 0)
(0.0192909 -0.0235722 0)
(0.00173654 -0.0245509 0)
(-0.0178113 -0.0254079 -1.9007e-29)
(-0.0392356 -0.0261289 0)
(-0.0624145 -0.0267037 0)
(-0.0871669 -0.027125 -1.9322e-29)
(-0.113313 -0.0273882 0)
(-0.140662 -0.0274909 0)
(-0.168997 -0.0274326 1.92651e-29)
(-0.198057 -0.0272145 0)
(-0.227473 -0.0268397 0)
(-0.256622 -0.0263127 0)
(-0.284576 -0.025639 0)
(-0.309332 -0.0248271 0)
(-0.323164 -0.0239731 0)
(-0.321802 -0.0229021 0)
(-0.304729 -0.0217281 0)
(-0.279942 -0.0204694 0)
(-0.253692 -0.0191518 0)
(-0.228314 -0.0178074 0)
(-0.203484 -0.0164727 0)
(-0.179801 -0.0151823 0)
(-0.160867 -0.0139789 0)
(-0.148501 -0.0129236 -4.84847e-30)
(-0.139165 -0.0120629 0)
(-0.133194 -0.011497 -3.60987e-30)
(-0.131843 -0.0111094 0)
(-0.135214 -0.0106715 0)
(-0.141091 -0.010434 -3.28338e-30)
(-0.148041 -0.0102445 6.5033e-30)
(-0.155536 -0.0100629 0)
(-0.163219 -0.00987723 -3.23063e-30)
(-0.17091 -0.00968299 6.45517e-30)
(-0.178516 -0.00947856 0)
(-0.185988 -0.00926336 0)
(-0.193301 -0.00903733 0)
(-0.200435 -0.00880061 -3.22506e-30)
(-0.20738 -0.0085535 0)
(-0.214125 -0.0082964 0)
(-0.22066 -0.00802971 -3.22495e-30)
(-0.226979 -0.00775387 0)
(-0.233073 -0.00746931 3.22494e-30)
(-0.238937 -0.00717643 0)
(-0.244562 -0.00687569 0)
(-0.249943 -0.00656753 0)
(-0.255075 -0.00625243 6.44987e-30)
(-0.259952 -0.00593084 0)
(-0.264568 -0.00560308 -6.44987e-30)
(-0.26892 -0.00526935 0)
(-0.273002 -0.00492976 0)
(-0.27681 -0.00458446 6.44987e-30)
(-0.280339 -0.00423379 0)
(-0.283586 -0.00387842 0)
(-0.286546 -0.00351931 0)
(-0.289217 -0.00315756 0)
(-0.291598 -0.00279404 0)
(-0.293688 -0.00242905 3.22494e-30)
(-0.295486 -0.00206216 0)
(-0.29699 -0.00169241 0)
(-0.298194 -0.00131903 6.44987e-30)
(-0.299092 -0.000942283 0)
(-0.299682 -0.00056397 6.44987e-30)
(-0.299988 -0.000187024 0)
(0.299975 0.000362988 0)
(0.299385 0.00108885 0)
(0.298251 0.00181306 0)
(0.296528 0.00253246 0)
(0.29422 0.00324375 0)
(0.291342 0.00394513 0)
(0.287908 0.0046364 0)
(0.283927 0.00531793 0)
(0.279405 0.00598958 0)
(0.27435 0.00665016 0)
(0.268771 0.00729764 0)
(0.26268 0.00792972 0)
(0.256089 0.00854433 0)
(0.249015 0.00913987 0)
(0.241472 0.00971518 0)
(0.233478 0.0102694 0)
(0.225049 0.0108015 0)
(0.216203 0.0113107 0)
(0.206959 0.0117958 0)
(0.197338 0.0122558 0)
(0.187359 0.0126898 0)
(0.177048 0.013097 0)
(0.166429 0.0134767 0)
(0.155538 0.0138287 0)
(0.144428 0.0141533 0)
(0.133188 0.0144524 0)
(0.12198 0.0147314 0)
(0.111082 0.0150047 0)
(0.100904 0.0153039 0)
(0.0919253 0.0156849 0)
(0.0844656 0.0162197 0)
(0.0783257 0.0169593 0)
(0.072643 0.0179004 0)
(0.0662238 0.0189922 0)
(0.0580528 0.0201656 0)
(0.0475739 0.0213561 0)
(0.0346336 0.0225118 0)
(0.0192915 0.0235942 0)
(0.00173734 0.024575 0)
(-0.0178103 0.0254337 1.9007e-29)
(-0.0392344 0.0261561 0)
(-0.0624131 0.0267319 0)
(-0.0871653 0.0271538 1.9322e-29)
(-0.113311 0.0274173 0)
(-0.14066 0.0275201 0)
(-0.168995 0.0274616 -1.92651e-29)
(-0.198055 0.0272432 0)
(-0.227471 0.026868 0)
(-0.25662 0.0263406 0)
(-0.284574 0.0256665 0)
(-0.30933 0.0248544 0)
(-0.323162 0.0240006 0)
(-0.321799 0.0229307 0)
(-0.304726 0.021758 0)
(-0.279939 0.0205002 0)
(-0.25369 0.0191826 0)
(-0.228312 0.0178373 0)
(-0.203483 0.0165009 0)
(-0.1798 0.0152086 0)
(-0.160867 0.0140031 0)
(-0.148501 0.0129453 4.84846e-30)
(-0.139165 0.0120822 0)
(-0.133194 0.0115147 3.60987e-30)
(-0.131844 0.011126 0)
(-0.135215 0.0106869 0)
(-0.141092 0.0104488 3.28338e-30)
(-0.148041 0.0102589 -6.5033e-30)
(-0.155536 0.0100771 0)
(-0.16322 0.00989113 3.23063e-30)
(-0.170911 0.00969666 -6.45517e-30)
(-0.178517 0.00949195 0)
(-0.185989 0.00927646 0)
(-0.193301 0.0090501 0)
(-0.200436 0.00881307 3.22506e-30)
(-0.207381 0.00856566 0)
(-0.214125 0.00830825 0)
(-0.220661 0.00804127 3.22495e-30)
(-0.226979 0.00776512 0)
(-0.233074 0.00748022 -3.22494e-30)
(-0.238937 0.00718695 0)
(-0.244562 0.00688573 0)
(-0.249944 0.00657703 0)
(-0.255075 0.00626131 -6.44987e-30)
(-0.259952 0.00593904 0)
(-0.264569 0.00561058 6.44987e-30)
(-0.26892 0.00527616 0)
(-0.273002 0.00493592 0)
(-0.27681 0.00459 -6.44987e-30)
(-0.280339 0.00423875 0)
(-0.283586 0.0038828 0)
(-0.286546 0.00352313 0)
(-0.289217 0.00316085 0)
(-0.291598 0.00279686 0)
(-0.293688 0.00243151 -3.22494e-30)
(-0.295486 0.00206436 0)
(-0.29699 0.00169441 0)
(-0.298194 0.00132082 -6.44987e-30)
(-0.299092 0.000943743 0)
(-0.299682 0.000564957 -6.44987e-30)
(-0.299988 0.000187359 0)
(0.299975 0.00108834 0)
(0.299386 0.00326477 0)
(0.298252 0.00543664 0)
(0.296531 0.0075942 0)
(0.294224 0.00972743 0)
(0.291348 0.0118309 0)
(0.287917 0.0139041 0)
(0.283938 0.0159481 0)
(0.27942 0.0179624 0)
(0.274368 0.0199435 0)
(0.268792 0.0218852 0)
(0.262704 0.0237808 0)
(0.256118 0.025624 0)
(0.249047 0.02741 0)
(0.241508 0.0291354 0)
(0.233517 0.0307975 0)
(0.225091 0.0323936 0)
(0.216249 0.0339208 0)
(0.207008 0.0353761 0)
(0.197389 0.0367564 0)
(0.187413 0.0380587 0)
(0.177103 0.0392808 0)
(0.166486 0.0404207 0)
(0.155596 0.0414775 0)
(0.144485 0.0424522 0)
(0.133244 0.0433502 0)
(0.122035 0.0441883 0)
(0.111135 0.0450091 0)
(0.100954 0.0459071 0)
(0.0919707 0.0470504 0)
(0.0845075 0.0486541 0)
(0.0783655 0.0508716 0)
(0.0726829 0.0536929 0)
(0.0662655 0.0569664 0)
(0.0580969 0.0604848 0)
(0.0476196 0.0640544 0)
(0.0346795 0.0675204 0)
(0.019336 0.0707665 0)
(0.00177841 0.0737081 0)
(-0.0177744 0.0762839 0)
(-0.0392049 0.0784512 0)
(-0.0623919 0.080179 0)
(-0.087154 0.0814456 0)
(-0.113311 0.0822375 0)
(-0.140673 0.0825474 0)
(-0.169024 0.082374 0)
(-0.1981 0.081721 0)
(-0.227534 0.0805972 0)
(-0.256702 0.0790147 0)
(-0.284674 0.076989 0)
(-0.309437 0.0745428 0)
(-0.323261 0.0719763 0)
(-0.321877 0.0687653 0)
(-0.304788 0.0652458 0)
(-0.279993 0.0614709 0)
(-0.253738 0.0575186 0)
(-0.228357 0.0534844 0)
(-0.203521 0.0494777 0)
(-0.179834 0.0456037 0)
(-0.160908 0.0419906 0)
(-0.148553 0.0388218 0)
(-0.139246 0.0362382 0)
(-0.133234 0.0345189 0)
(-0.131913 0.0333584 0)
(-0.135274 0.0320477 0)
(-0.141157 0.0313369 0)
(-0.148112 0.0307677 0)
(-0.155611 0.0302218 0)
(-0.163298 0.0296632 0)
(-0.170991 0.0290789 0)
(-0.178598 0.0284639 0)
(-0.186071 0.0278167 0)
(-0.193383 0.0271371 0)
(-0.200517 0.0264254 0)
(-0.20746 0.0256828 0)
(-0.214203 0.0249102 0)
(-0.220736 0.024109 0)
(-0.227052 0.0232803 0)
(-0.233143 0.0224254 0)
(-0.239002 0.0215455 0)
(-0.244624 0.020642 0)
(-0.250001 0.0197161 0)
(-0.255129 0.0187694 0)
(-0.260001 0.0178032 0)
(-0.264613 0.0168185 0)
(-0.26896 0.015816 0)
(-0.273038 0.014796 0)
(-0.276842 0.0137591 0)
(-0.280366 0.0127061 0)
(-0.283609 0.0116391 0)
(-0.286565 0.010561 0)
(-0.289233 0.00947503 0)
(-0.291611 0.00838392 0)
(-0.293697 0.00728864 0)
(-0.295493 0.00618789 0)
(-0.296994 0.00507873 0)
(-0.298197 0.00395869 0)
(-0.299093 0.00282834 0)
(-0.299682 0.00169302 0)
(-0.299988 0.00056145 0)
(0.299975 0.00181286 0)
(0.299387 0.0054382 0)
(0.298255 0.0090561 0)
(0.296536 0.0126502 0)
(0.294233 0.0162039 0)
(0.291361 0.0197082 0)
(0.287935 0.023162 0)
(0.283962 0.0265674 0)
(0.27945 0.0299234 0)
(0.274404 0.0332241 0)
(0.268836 0.0364596 0)
(0.262756 0.0396183 0)
(0.256177 0.0426899 0)
(0.249114 0.0456665 0)
(0.241582 0.0485422 0)
(0.233598 0.0513127 0)
(0.225179 0.0539734 0)
(0.216343 0.0565196 0)
(0.207108 0.0589462 0)
(0.197495 0.061248 0)
(0.187523 0.0634202 0)
(0.177217 0.0654586 0)
(0.166602 0.0673604 0)
(0.155714 0.0691238 0)
(0.144604 0.0707504 0)
(0.133362 0.0722492 0)
(0.122151 0.073648 0)
(0.111245 0.0750176 0)
(0.101058 0.076515 0)
(0.0920665 0.0784197 0)
(0.0845954 0.0810908 0)
(0.0784488 0.0847846 0)
(0.0727662 0.0894856 0)
(0.0663525 0.0949417 0)
(0.0581888 0.100808 0)
(0.0477148 0.10676 0)
(0.0347747 0.112541 0)
(0.0194275 0.117955 0)
(0.00186227 0.122863 0)
(-0.0177014 0.127161 0)
(-0.0391455 0.130777 0)
(-0.0623498 0.133661 0)
(-0.0871325 0.135777 0)
(-0.113314 0.137101 0)
(-0.140703 0.137622 0)
(-0.169083 0.137337 0)
(-0.198192 0.136254 0)
(-0.227661 0.134384 0)
(-0.256865 0.131747 0)
(-0.284874 0.128363 0)
(-0.309633 0.124269 0)
(-0.323487 0.119957 0)
(-0.322037 0.114609 0)
(-0.304923 0.108741 0)
(-0.280111 0.102446 0)
(-0.253845 0.0958571 0)
(-0.228453 0.0891334 0)
(-0.203601 0.0824572 0)
(-0.179906 0.0760028 0)
(-0.160991 0.0699832 0)
(-0.148653 0.0647029 0)
(-0.139399 0.0603933 0)
(-0.133321 0.0574588 0)
(-0.132051 0.0555341 0)
(-0.135398 0.0534137 0)
(-0.141287 0.0522465 0)
(-0.148255 0.0512955 0)
(-0.155764 0.0503812 0)
(-0.163458 0.0494457 0)
(-0.171156 0.0484678 0)
(-0.178766 0.0474392 0)
(-0.18624 0.0463573 0)
(-0.193551 0.0452216 0)
(-0.200683 0.044033 0)
(-0.207623 0.042793 0)
(-0.214361 0.0415034 0)
(-0.220889 0.0401663 0)
(-0.227199 0.0387837 0)
(-0.233284 0.0373576 0)
(-0.239136 0.0358902 0)
(-0.244749 0.0343835 0)
(-0.250118 0.0328398 0)
(-0.255237 0.0312615 0)
(-0.2601 0.0296509 0)
(-0.264703 0.0280098 0)
(-0.269041 0.0263391 0)
(-0.27311 0.0246396 0)
(-0.276905 0.022912 0)
(-0.280421 0.0211579 0)
(-0.283655 0.0193806 0)
(-0.286604 0.0175849 0)
(-0.289264 0.0157763 0)
(-0.291635 0.0139592 0)
(-0.293716 0.0121353 0)
(-0.295506 0.0103024 0)
(-0.297003 0.00845551 0)
(-0.298202 0.00659065 0)
(-0.299096 0.00470873 0)
(-0.299683 0.00281858 0)
(-0.299988 0.000934686 0)
(0.299976 0.00253596 0)
(0.299388 0.00760731 0)
(0.298259 0.0126684 0)
(0.296544 0.0176963 0)
(0.294247 0.0226678 0)
(0.291382 0.0275705 0)
(0.287964 0.0324029 0)
(0.284 0.0371677 0)
(0.279497 0.0418638 0)
(0.274462 0.0464829 0)
(0.268905 0.0510111 0)
(0.262836 0.0554322 0)
(0.256269 0.059732 0)
(0.249218 0.0638992 0)
(0.241698 0.0679258 0)
(0.233725 0.0718055 0)
(0.225317 0.0755321 0)
(0.216491 0.079099 0)
(0.207265 0.0824988 0)
(0.19766 0.0857243 0)
(0.187695 0.0887689 0)
(0.177394 0.0916267 0)
(0.166784 0.0942934 0)
(0.155898 0.0967668 0)
(0.144789 0.0990489 0)
(0.133546 0.101152 0)
(0.12233 0.103115 0)
(0.111417 0.105037 0)
(0.101219 0.107135 0)
(0.0922154 0.109801 0)
(0.0847323 0.113537 0)
(0.0785786 0.118704 0)
(0.0728962 0.125284 0)
(0.0664883 0.132925 0)
(0.0583318 0.141142 0)
(0.0478628 0.149483 0)
(0.034923 0.157585 0)
(0.0195708 0.165176 0)
(0.0019934 0.172058 0)
(-0.0175875 0.178085 0)
(-0.0390531 0.183159 0)
(-0.0622844 0.187206 0)
(-0.0870992 0.190177 0)
(-0.113317 0.192039 0)
(-0.140747 0.192777 0)
(-0.169172 0.192385 0)
(-0.198329 0.190874 0)
(-0.227848 0.18826 0)
(-0.25711 0.18457 0)
(-0.285174 0.179831 0)
(-0.309906 0.174095 0)
(-0.323857 0.16796 0)
(-0.32229 0.160479 0)
(-0.305142 0.152261 0)
(-0.280309 0.143443 0)
(-0.254028 0.134214 0)
(-0.228619 0.124797 0)
(-0.203743 0.11545 0)
(-0.180034 0.106415 0)
(-0.161132 0.0979925 0)
(-0.148803 0.0906111 0)
(-0.139616 0.0846103 0)
(-0.133491 0.0804223 0)
(-0.132217 0.0774385 0)
(-0.135641 0.0747994 0)
(-0.141507 0.0731933 0)
(-0.148493 0.071853 0)
(-0.156014 0.0705623 0)
(-0.163716 0.0692432 0)
(-0.171419 0.0678659 0)
(-0.17903 0.0664186 0)
(-0.186504 0.0648974 0)
(-0.193813 0.0633017 0)
(-0.200941 0.0616324 0)
(-0.207876 0.0598917 0)
(-0.214607 0.058082 0)
(-0.221127 0.0562062 0)
(-0.227427 0.0542671 0)
(-0.233501 0.0522677 0)
(-0.239341 0.0502107 0)
(-0.244943 0.0480993 0)
(-0.250299 0.0459365 0)
(-0.255404 0.0437258 0)
(-0.260254 0.0414703 0)
(-0.264843 0.0391725 0)
(-0.269167 0.0368338 0)
(-0.273222 0.0344552 0)
(-0.277003 0.0320375 0)
(-0.280506 0.0295833 0)
(-0.283727 0.0270969 0)
(-0.286664 0.0245852 0)
(-0.289313 0.0220556 0)
(-0.291674 0.0195145 0)
(-0.293745 0.0169641 0)
(-0.295527 0.0144013 0)
(-0.297017 0.0118193 0)
(-0.298211 0.00921243 0)
(-0.2991 0.00658188 0)
(-0.299685 0.00393986 0)
(-0.299988 0.00130649 0)
(0.299976 0.00325695 0)
(0.29939 0.00977006 0)
(0.298265 0.01627 0)
(0.296556 0.0227276 0)
(0.294267 0.0291132 0)
(0.291412 0.0354107 0)
(0.288005 0.0416186 0)
(0.284054 0.0477401 0)
(0.279565 0.053774 0)
(0.274545 0.0597095 0)
(0.269003 0.0655289 0)
(0.262951 0.0712116 0)
(0.2564 0.0767391 0)
(0.249365 0.0820972 0)
(0.241862 0.0872754 0)
(0.233905 0.0922656 0)
(0.225512 0.09706 0)
(0.2167 0.10165 0)
(0.207487 0.106025 0)
(0.197893 0.110178 0)
(0.187938 0.114098 0)
(0.177646 0.117779 0)
(0.167042 0.121214 0)
(0.15616 0.124401 0)
(0.145053 0.127341 0)
(0.133808 0.130052 0)
(0.122588 0.132581 0)
(0.111666 0.135055 0)
(0.101453 0.137753 0)
(0.0924303 0.141177 0)
(0.0849291 0.145974 0)
(0.0787639 0.152613 0)
(0.0730801 0.161074 0)
(0.0666788 0.170905 0)
(0.0585314 0.181483 0)
(0.0480685 0.192225 0)
(0.0351297 0.202661 0)
(0.0197709 0.212441 0)
(0.0021764 0.221309 0)
(-0.0174287 0.229078 0)
(-0.0389241 0.23562 0)
(-0.0621929 0.240841 0)
(-0.0870522 0.244676 0)
(-0.113321 0.247085 0)
(-0.140807 0.248045 0)
(-0.169292 0.247552 0)
(-0.198512 0.245617 0)
(-0.228099 0.242261 0)
(-0.257436 0.23752 0)
(-0.285574 0.231429 0)
(-0.310277 0.224057 0)
(-0.324341 0.216019 0)
(-0.322634 0.206404 0)
(-0.305444 0.195832 0)
(-0.280585 0.184484 0)
(-0.254283 0.172607 0)
(-0.228851 0.16049 0)
(-0.20394 0.148465 0)
(-0.180208 0.136845 0)
(-0.161322 0.126017 0)
(-0.149014 0.116535 0)
(-0.139901 0.108846 0)
(-0.133704 0.10331 0)
(-0.132507 0.099259 0)
(-0.136002 0.0962063 0)
(-0.141851 0.0941647 0)
(-0.148851 0.0924303 0)
(-0.156381 0.0907576 0)
(-0.164089 0.0890495 0)
(-0.171794 0.0872675 0)
(-0.179405 0.0853964 0)
(-0.186877 0.0834311 0)
(-0.194181 0.0813706 0)
(-0.201303 0.0792163 0)
(-0.208229 0.0769707 0)
(-0.21495 0.0746371 0)
(-0.221458 0.0722191 0)
(-0.227745 0.0697205 0)
(-0.233804 0.0671448 0)
(-0.239629 0.0644959 0)
(-0.245213 0.0617776 0)
(-0.250551 0.0589941 0)
(-0.255637 0.0561497 0)
(-0.260468 0.0532484 0)
(-0.265037 0.0502935 0)
(-0.269342 0.0472868 0)
(-0.273377 0.0442295 0)
(-0.277139 0.0411229 0)
(-0.280624 0.0379699 0)
(-0.283828 0.0347764 0)
(-0.286748 0.0315508 0)
(-0.289381 0.028303 0)
(-0.291728 0.0250407 0)
(-0.293786 0.021767 0)
(-0.295557 0.0184778 0)
(-0.297037 0.0151644 0)
(-0.298222 0.0118195 0)
(-0.299106 0.00844458 0)
(-0.299687 0.00505494 0)
(-0.299988 0.00167621 0)
(0.299976 0.00397502 0)
(0.299393 0.011924 0)
(0.298273 0.0198569 0)
(0.296573 0.0277385 0)
(0.294294 0.0355327 0)
(0.291452 0.0432203 0)
(0.28806 0.0507993 0)
(0.284126 0.0582738 0)
(0.279656 0.0656422 0)
(0.274656 0.0728916 0)
(0.269136 0.0800003 0)
(0.263105 0.0869433 0)
(0.256577 0.0936982 0)
(0.249564 0.100248 0)
(0.242083 0.106579 0)
(0.234147 0.112681 0)
(0.225774 0.118546 0)
(0.21698 0.124162 0)
(0.207784 0.129518 0)
(0.198205 0.134602 0)
(0.188262 0.139404 0)
(0.177979 0.143914 0)
(0.167381 0.148125 0)
(0.156502 0.152034 0)
(0.145394 0.155643 0)
(0.134145 0.158971 0)
(0.122915 0.162077 0)
(0.111978 0.165113 0)
(0.101746 0.16842 0)
(0.0927011 0.172605 0)
(0.0851803 0.178461 0)
(0.0790049 0.186566 0)
(0.0733235 0.196902 0)
(0.0669338 0.208921 0)
(0.0588 0.221864 0)
(0.0483456 0.235013 0)
(0.0354066 0.247794 0)
(0.0200374 0.259776 0)
(0.00242003 0.270642 0)
(-0.0172168 0.280166 0)
(-0.038751 0.28819 0)
(-0.0620685 0.294597 0)
(-0.0869852 0.299309 0)
(-0.113319 0.302274 0)
(-0.140876 0.303465 0)
(-0.169438 0.302877 0)
(-0.198738 0.300522 0)
(-0.228411 0.296427 0)
(-0.257842 0.290636 0)
(-0.286069 0.283195 0)
(-0.310752 0.274186 0)
(-0.324931 0.26417 0)
(-0.323072 0.252419 0)
(-0.305828 0.239486 0)
(-0.280935 0.225598 0)
(-0.254606 0.211062 0)
(-0.229141 0.196235 0)
(-0.204183 0.181522 0)
(-0.180426 0.167304 0)
(-0.161571 0.15405 0)
(-0.149307 0.142445 0)
(-0.140264 0.133067 0)
(-0.134001 0.126153 0)
(-0.132922 0.121117 0)
(-0.136467 0.117632 0)
(-0.142317 0.115153 0)
(-0.149332 0.113023 0)
(-0.156871 0.110964 0)
(-0.164584 0.108862 0)
(-0.172291 0.10667 0)
(-0.179901 0.104369 0)
(-0.187369 0.101954 0)
(-0.194667 0.0994234 0)
(-0.20178 0.0967787 0)
(-0.208695 0.094023 0)
(-0.215402 0.0911605 0)
(-0.221894 0.0881957 0)
(-0.228163 0.0851332 0)
(-0.234203 0.0819776 0)
(-0.240007 0.0787335 0)
(-0.245568 0.0754056 0)
(-0.250883 0.0719992 0)
(-0.255945 0.0685194 0)
(-0.26075 0.0649713 0)
(-0.265294 0.0613588 0)
(-0.269573 0.0576843 0)
(-0.273583 0.053949 0)
(-0.27732 0.0501546 0)
(-0.28078 0.0463048 0)
(-0.28396 0.0424064 0)
(-0.286858 0.03847 0)
(-0.289471 0.0345071 0)
(-0.291798 0.0305276 0)
(-0.29384 0.0265347 0)
(-0.295595 0.0225237 0)
(-0.297063 0.0184841 0)
(-0.298238 0.0144066 0)
(-0.299113 0.0102931 0)
(-0.29969 0.00616165 0)
(-0.299988 0.00204315 0)
(0.299976 0.00468919 0)
(0.299397 0.0140661 0)
(0.298284 0.0234241 0)
(0.296594 0.0327221 0)
(0.294329 0.0419179 0)
(0.291505 0.0509891 0)
(0.288134 0.0599335 0)
(0.284222 0.0687561 0)
(0.279777 0.0774547 0)
(0.274804 0.0860146 0)
(0.269311 0.0944101 0)
(0.263309 0.102612 0)
(0.25681 0.110594 0)
(0.249826 0.118335 0)
(0.242373 0.125821 0)
(0.234465 0.133039 0)
(0.226118 0.139977 0)
(0.217349 0.146624 0)
(0.208175 0.152965 0)
(0.198615 0.158986 0)
(0.18869 0.164674 0)
(0.178422 0.170018 0)
(0.167836 0.17501 0)
(0.156966 0.179643 0)
(0.145863 0.183921 0)
(0.134615 0.187865 0)
(0.123378 0.191544 0)
(0.112428 0.195134 0)
(0.102171 0.199035 0)
(0.0930931 0.203966 0)
(0.0855372 0.210868 0)
(0.0793361 0.220438 0)
(0.0736455 0.232661 0)
(0.0672612 0.246891 0)
(0.0591384 0.262225 0)
(0.0486917 0.27781 0)
(0.035751 0.292964 0)
(0.0203686 0.307172 0)
(0.00272324 0.320063 0)
(-0.016952 0.331364 0)
(-0.0385332 0.340889 0)
(-0.0619101 0.3485 0)
(-0.0868966 0.354103 0)
(-0.113309 0.357637 0)
(-0.140953 0.35907 0)
(-0.169608 0.358393 0)
(-0.199006 0.355622 0)
(-0.228781 0.350791 0)
(-0.25832 0.34395 0)
(-0.28665 0.335157 0)
(-0.311324 0.324509 0)
(-0.325614 0.312442 0)
(-0.323595 0.298544 0)
(-0.306286 0.283232 0)
(-0.281348 0.266783 0)
(-0.254983 0.249566 0)
(-0.22948 0.232005 0)
(-0.204479 0.214583 0)
(-0.180729 0.197754 0)
(-0.161957 0.182068 0)
(-0.149739 0.168348 0)
(-0.14071 0.157273 0)
(-0.134383 0.148963 0)
(-0.133437 0.143029 0)
(-0.137038 0.139062 0)
(-0.142913 0.136144 0)
(-0.149949 0.133618 0)
(-0.1575 0.131172 0)
(-0.165219 0.128673 0)
(-0.172927 0.126067 0)
(-0.180535 0.123331 0)
(-0.187997 0.120461 0)
(-0.195287 0.117454 0)
(-0.202388 0.114312 0)
(-0.209289 0.11104 0)
(-0.21598 0.107643 0)
(-0.222452 0.104126 0)
(-0.228699 0.100494 0)
(-0.234713 0.0967535 0)
(-0.24049 0.0929097 0)
(-0.246023 0.0889686 0)
(-0.251307 0.0849361 0)
(-0.256338 0.0808187 0)
(-0.261111 0.0766223 0)
(-0.265622 0.0723515 0)
(-0.269868 0.0680091 0)
(-0.273845 0.0635968 0)
(-0.27755 0.0591163 0)
(-0.280979 0.0545721 0)
(-0.28413 0.0499721 0)
(-0.286999 0.0453287 0)
(-0.289586 0.0406554 0)
(-0.291889 0.0359636 0)
(-0.293909 0.0312571 0)
(-0.295645 0.0265304 0)
(-0.297096 0.0217709 0)
(-0.298258 0.016968 0)
(-0.299123 0.0121232 0)
(-0.299693 0.00725745 0)
(-0.299989 0.00240644 0)
(0.299976 0.00539822 0)
(0.299402 0.0161927 0)
(0.298298 0.0269655 0)
(0.296622 0.0376698 0)
(0.294376 0.048258 0)
(0.291574 0.0587044 0)
(0.288229 0.0690068 0)
(0.284347 0.0791709 0)
(0.279934 0.0891945 0)
(0.274995 0.0990606 0)
(0.269538 0.10874 0)
(0.263574 0.118199 0)
(0.257112 0.127408 0)
(0.250165 0.136342 0)
(0.242748 0.144985 0)
(0.234875 0.153322 0)
(0.22656 0.16134 0)
(0.21782 0.169024 0)
(0.208672 0.176358 0)
(0.199134 0.183326 0)
(0.189226 0.189913 0)
(0.178969 0.196106 0)
(0.168388 0.201894 0)
(0.157517 0.207272 0)
(0.146406 0.212243 0)
(0.135143 0.216832 0)
(0.123885 0.221117 0)
(0.112907 0.225301 0)
(0.102618 0.229836 0)
(0.093509 0.235544 0)
(0.0859292 0.243504 0)
(0.0797201 0.254524 0)
(0.0740397 0.268605 0)
(0.0676773 0.285016 0)
(0.0595767 0.30272 0)
(0.0491425 0.320731 0)
(0.0361996 0.338257 0)
(0.0207988 0.354702 0)
(0.00311538 0.369629 0)
(-0.0166102 0.382723 0)
(-0.0382514 0.393765 0)
(-0.0617028 0.402596 0)
(-0.0867758 0.409104 0)
(-0.113285 0.413219 0)
(-0.141035 0.414901 0)
(-0.169801 0.414143 0)
(-0.199316 0.410959 0)
(-0.229212 0.405391 0)
(-0.258876 0.397497 0)
(-0.287321 0.387351 0)
(-0.311998 0.375065 0)
(-0.326396 0.360882 0)
(-0.324231 0.344812 0)
(-0.30685 0.327095 0)
(-0.281863 0.308056 0)
(-0.255459 0.288125 0)
(-0.229915 0.267798 0)
(-0.204843 0.247636 0)
(-0.181073 0.228196 0)
(-0.162377 0.210094 0)
(-0.150232 0.194278 0)
(-0.141228 0.181494 0)
(-0.134907 0.171864 0)
(-0.13407 0.165075 0)
(-0.137721 0.160547 0)
(-0.143633 0.157178 0)
(-0.150695 0.154249 0)
(-0.158263 0.151406 0)
(-0.165993 0.1485 0)
(-0.173707 0.145468 0)
(-0.181316 0.142288 0)
(-0.188774 0.138952 0)
(-0.196056 0.135459 0)
(-0.203145 0.131812 0)
(-0.210029 0.128015 0)
(-0.216699 0.124075 0)
(-0.223147 0.119997 0)
(-0.229367 0.115789 0)
(-0.235351 0.111458 0)
(-0.241095 0.107009 0)
(-0.246593 0.10245 0)
(-0.25184 0.097788 0)
(-0.256831 0.09303 0)
(-0.261564 0.0881833 0)
(-0.266035 0.0832531 0)
(-0.27024 0.0782429 0)
(-0.274176 0.0731544 0)
(-0.27784 0.0679898 0)
(-0.28123 0.0627541 0)
(-0.284343 0.0574564 0)
(-0.287177 0.0521107 0)
(-0.28973 0.0467326 0)
(-0.292003 0.0413348 0)
(-0.293995 0.0359217 0)
(-0.295707 0.0304868 0)
(-0.297138 0.0250159 0)
(-0.298283 0.0194964 0)
(-0.299136 0.0139298 0)
(-0.299697 0.00833936 0)
(-0.299989 0.00276512 0)
(0.299976 0.00610055 0)
(0.299408 0.0182991 0)
(0.298316 0.0304733 0)
(0.296659 0.0425711 0)
(0.294436 0.0545396 0)
(0.291664 0.0663505 0)
(0.288353 0.0780013 0)
(0.284509 0.0894987 0)
(0.280137 0.10084 0)
(0.275242 0.112007 0)
(0.269831 0.122967 0)
(0.263914 0.133681 0)
(0.2575 0.144116 0)
(0.250601 0.154245 0)
(0.243231 0.164048 0)
(0.235402 0.173509 0)
(0.227129 0.182612 0)
(0.218429 0.19134 0)
(0.209317 0.199675 0)
(0.199812 0.207596 0)
(0.189933 0.215087 0)
(0.179701 0.222132 0)
(0.169142 0.228718 0)
(0.158288 0.234836 0)
(0.14719 0.240489 0)
(0.135931 0.245699 0)
(0.124667 0.250552 0)
(0.113665 0.255271 0)
(0.103333 0.260367 0)
(0.094163 0.266777 0)
(0.0865155 0.275747 0)
(0.0802512 0.288223 0)
(0.0745417 0.304219 0)
(0.0681748 0.322896 0)
(0.0600822 0.34306 0)
(0.0496545 0.36358 0)
(0.0367075 0.383548 0)
(0.0212871 0.402287 0)
(0.0035623 0.419299 0)
(-0.0162185 0.434224 0)
(-0.0379263 0.446817 0)
(-0.0614621 0.456896 0)
(-0.0866346 0.464333 0)
(-0.113256 0.469046 0)
(-0.141128 0.470993 0)
(-0.170027 0.470161 0)
(-0.199678 0.466569 0)
(-0.229714 0.46026 0)
(-0.259518 0.451304 0)
(-0.288085 0.439783 0)
(-0.312817 0.425825 0)
(-0.327233 0.409611 0)
(-0.324971 0.391308 0)
(-0.307512 0.371141 0)
(-0.282475 0.349477 0)
(-0.256044 0.326804 0)
(-0.230461 0.303685 0)
(-0.20526 0.280764 0)
(-0.181417 0.25866 0)
(-0.162829 0.238096 0)
(-0.150808 0.22014 0)
(-0.141874 0.20564 0)
(-0.135597 0.194712 0)
(-0.134864 0.187099 0)
(-0.138571 0.182006 0)
(-0.14453 0.178197 0)
(-0.151625 0.174871 0)
(-0.159215 0.171633 0)
(-0.166957 0.168318 0)
(-0.174675 0.164858 0)
(-0.182283 0.161228 0)
(-0.189735 0.157419 0)
(-0.197006 0.153431 0)
(-0.204079 0.149269 0)
(-0.210943 0.144938 0)
(-0.217589 0.140445 0)
(-0.224008 0.135798 0)
(-0.230194 0.131006 0)
(-0.236141 0.126075 0)
(-0.241845 0.121014 0)
(-0.247299 0.115831 0)
(-0.2525 0.110534 0)
(-0.257444 0.105132 0)
(-0.262127 0.099632 0)
(-0.266547 0.0940411 0)
(-0.270701 0.0883628 0)
(-0.274587 0.0825993 0)
(-0.278202 0.0767531 0)
(-0.281543 0.0708296 0)
(-0.284609 0.0648391 0)
(-0.287399 0.0587972 0)
(-0.289911 0.0527212 0)
(-0.292145 0.0466253 0)
(-0.294103 0.0405143 0)
(-0.295785 0.0343808 0)
(-0.29719 0.0282087 0)
(-0.298314 0.0219837 0)
(-0.299151 0.015707 0)
(-0.299703 0.00940376 0)
(-0.299989 0.00311799 0)
(0.299977 0.00679421 0)
(0.299417 0.0203793 0)
(0.29834 0.0339376 0)
(0.296706 0.0474124 0)
(0.294514 0.0607458 0)
(0.291779 0.0739073 0)
(0.288512 0.0868944 0)
(0.284716 0.0997148 0)
(0.280397 0.112366 0)
(0.275559 0.124828 0)
(0.270207 0.137063 0)
(0.26435 0.149031 0)
(0.257996 0.160693 0)
(0.251156 0.17202 0)
(0.243843 0.182988 0)
(0.236068 0.193581 0)
(0.227844 0.203781 0)
(0.219188 0.213567 0)
(0.210113 0.222919 0)
(0.200636 0.231816 0)
(0.190777 0.240237 0)
(0.180556 0.248166 0)
(0.169997 0.255589 0)
(0.159134 0.262498 0)
(0.148016 0.268897 0)
(0.136731 0.274817 0)
(0.125433 0.280352 0)
(0.114394 0.285748 0)
(0.104024 0.291559 0)
(0.0948174 0.298801 0)
(0.087144 0.308837 0)
(0.0808741 0.322728 0)
(0.0751815 0.340522 0)
(0.0688444 0.361327 0)
(0.0607784 0.383831 0)
(0.0503608 0.406773 0)
(0.0374015 0.429134 0)
(0.0219453 0.450141 0)
(0.00415692 0.469232 0)
(-0.0157016 0.485994 0)
(-0.0374971 0.500149 0)
(-0.06114 0.511489 0)
(-0.0864346 0.519867 0)
(-0.11319 0.525191 0)
(-0.141208 0.527411 0)
(-0.170259 0.526511 0)
(-0.20007 0.52251 0)
(-0.230267 0.515457 0)
(-0.260229 0.505426 0)
(-0.288939 0.49251 0)
(-0.313761 0.476845 0)
(-0.328165 0.458627 0)
(-0.325802 0.438062 0)
(-0.308241 0.415412 0)
(-0.283141 0.391091 0)
(-0.256662 0.365646 0)
(-0.23103 0.339716 0)
(-0.20576 0.314022 0)
(-0.181908 0.289239 0)
(-0.163452 0.26622 0)
(-0.151537 0.246152 0)
(-0.142618 0.229969 0)
(-0.136361 0.217794 0)
(-0.135718 0.209348 0)
(-0.139504 0.203669 0)
(-0.145529 0.199388 0)
(-0.152674 0.19563 0)
(-0.160301 0.191965 0)
(-0.16807 0.188211 0)
(-0.175808 0.184296 0)
(-0.183428 0.180191 0)
(-0.190883 0.175887 0)
(-0.198149 0.171386 0)
(-0.20521 0.16669 0)
(-0.212055 0.161808 0)
(-0.218674 0.156748 0)
(-0.225061 0.151519 0)
(-0.231209 0.146129 0)
(-0.237113 0.140588 0)
(-0.242767 0.134906 0)
(-0.248169 0.12909 0)
(-0.253314 0.123151 0)
(-0.258199 0.117099 0)
(-0.262822 0.110943 0)
(-0.26718 0.104689 0)
(-0.271272 0.0983425 0)
(-0.275095 0.0919052 0)
(-0.278648 0.08538 0)
(-0.281929 0.0787731 0)
(-0.284938 0.0720958 0)
(-0.287673 0.065365 0)
(-0.290134 0.0585998 0)
(-0.292321 0.0518155 0)
(-0.294237 0.0450175 0)
(-0.295881 0.0381972 0)
(-0.297254 0.0313367 0)
(-0.298353 0.0244199 0)
(-0.299171 0.0174476 0)
(-0.299709 0.0104463 0)
(-0.299989 0.00346363 0)
(0.299977 0.00747666 0)
(0.299427 0.0224259 0)
(0.298371 0.0373461 0)
(0.296766 0.0521766 0)
(0.294614 0.0668553 0)
(0.291928 0.0813497 0)
(0.288716 0.0956576 0)
(0.284983 0.109788 0)
(0.280731 0.123738 0)
(0.275965 0.137486 0)
(0.270688 0.150992 0)
(0.264907 0.164211 0)
(0.258631 0.1771 0)
(0.251868 0.189627 0)
(0.244628 0.201767 0)
(0.236924 0.213499 0)
(0.228769 0.224802 0)
(0.220175 0.235654 0)
(0.211157 0.246031 0)
(0.201733 0.255907 0)
(0.191919 0.265257 0)
(0.181736 0.27406 0)
(0.171207 0.282296 0)
(0.160362 0.28995 0)
(0.149249 0.29702 0)
(0.13795 0.30353 0)
(0.126617 0.309578 0)
(0.115517 0.315432 0)
(0.10506 0.321713 0)
(0.0957483 0.329571 0)
(0.0879682 0.340569 0)
(0.0816138 0.355935 0)
(0.0758742 0.375731 0)
(0.0695249 0.398931 0)
(0.0614652 0.424039 0)
(0.0510536 0.449629 0)
(0.0380875 0.474555 0)
(0.0226041 0.497964 0)
(0.00475873 0.519231 0)
(-0.0151717 0.537904 0)
(-0.0370514 0.553679 0)
(-0.0608023 0.566324 0)
(-0.0862235 0.575679 0)
(-0.113121 0.581641 0)
(-0.141293 0.584152 0)
(-0.170509 0.583198 0)
(-0.200493 0.578795 0)
(-0.230868 0.570997 0)
(-0.261008 0.559885 0)
(-0.289881 0.54556 0)
(-0.314812 0.528171 0)
(-0.329207 0.507932 0)
(-0.32673 0.485076 0)
(-0.309054 0.459903 0)
(-0.283882 0.432873 0)
(-0.25736 0.4046 0)
(-0.231681 0.375792 0)
(-0.206327 0.347246 0)
(-0.182438 0.319707 0)
(-0.164123 0.294171 0)
(-0.152375 0.271946 0)
(-0.143532 0.254023 0)
(-0.137349 0.240574 0)
(-0.136847 0.231329 0)
(-0.140739 0.225117 0)
(-0.146848 0.220422 0)
(-0.154049 0.216278 0)
(-0.16171 0.212219 0)
(-0.169499 0.208047 0)
(-0.177246 0.203687 0)
(-0.184865 0.199109 0)
(-0.192314 0.194309 0)
(-0.199567 0.189286 0)
(-0.206607 0.184047 0)
(-0.213424 0.178602 0)
(-0.220009 0.172962 0)
(-0.226354 0.167136 0)
(-0.232454 0.161136 0)
(-0.238304 0.154973 0)
(-0.2439 0.148657 0)
(-0.249238 0.142199 0)
(-0.254315 0.135611 0)
(-0.259128 0.128903 0)
(-0.263677 0.122085 0)
(-0.267959 0.115166 0)
(-0.271974 0.10815 0)
(-0.27572 0.10104 0)
(-0.279198 0.0938394 0)
(-0.282405 0.0865543 0)
(-0.285343 0.0791973 0)
(-0.28801 0.0717867 0)
(-0.290409 0.0643428 0)
(-0.292539 0.0568823 0)
(-0.294402 0.0494105 0)
(-0.296 0.041918 0)
(-0.297334 0.0343848 0)
(-0.298401 0.0267932 0)
(-0.299195 0.019143 0)
(-0.299718 0.0114619 0)
(-0.29999 0.00380031 0)
(0.299978 0.00814467 0)
(0.299441 0.0244291 0)
(0.29841 0.0406827 0)
(0.296844 0.0568417 0)
(0.294743 0.0728406 0)
(0.292118 0.0886454 0)
(0.288978 0.104255 0)
(0.285324 0.119678 0)
(0.281159 0.134914 0)
(0.276484 0.149939 0)
(0.271302 0.16471 0)
(0.265617 0.179179 0)
(0.259435 0.193299 0)
(0.252765 0.207036 0)
(0.245613 0.22036 0)
(0.23799 0.23325 0)
(0.229907 0.245682 0)
(0.221375 0.257633 0)
(0.212408 0.269075 0)
(0.203022 0.279982 0)
(0.193235 0.290329 0)
(0.183067 0.300095 0)
(0.172544 0.309265 0)
(0.161699 0.317828 0)
(0.150581 0.325788 0)
(0.139272 0.333172 0)
(0.12792 0.34008 0)
(0.116785 0.346785 0)
(0.106274 0.353921 0)
(0.0968899 0.362684 0)
(0.0890353 0.374732 0)
(0.0826292 0.391415 0)
(0.0768738 0.412873 0)
(0.0705353 0.438071 0)
(0.0624898 0.465423 0)
(0.0520752 0.493383 0)
(0.0390791 0.520685 0)
(0.0235351 0.546374 0)
(0.00559114 0.569747 0)
(-0.0144491 0.59029 0)
(-0.0364446 0.607663 0)
(-0.0603358 0.621604 0)
(-0.0859132 0.631932 0)
(-0.112978 0.638529 0)
(-0.141328 0.641332 0)
(-0.170731 0.640319 0)
(-0.200908 0.635513 0)
(-0.231483 0.626966 0)
(-0.261821 0.614767 0)
(-0.290879 0.599025 0)
(-0.315943 0.579902 0)
(-0.330338 0.557631 0)
(-0.327743 0.53247 0)
(-0.309943 0.504754 0)
(-0.284694 0.475003 0)
(-0.258126 0.443898 0)
(-0.232418 0.412226 0)
(-0.207031 0.380866 0)
(-0.183101 0.350619 0)
(-0.164889 0.322645 0)
(-0.153349 0.298357 0)
(-0.144589 0.278794 0)
(-0.138409 0.264148 0)
(-0.138007 0.254098 0)
(-0.142 0.247268 0)
(-0.148203 0.242038 0)
(-0.155482 0.237388 0)
(-0.16321 0.232826 0)
(-0.171056 0.228147 0)
(-0.178848 0.223266 0)
(-0.186501 0.218154 0)
(-0.19397 0.212803 0)
(-0.201229 0.207214 0)
(-0.208264 0.201393 0)
(-0.215063 0.195351 0)
(-0.221617 0.1891 0)
(-0.227921 0.182651 0)
(-0.233969 0.176018 0)
(-0.239758 0.169212 0)
(-0.245284 0.162245 0)
(-0.250546 0.155131 0)
(-0.25554 0.14788 0)
(-0.260267 0.140507 0)
(-0.264725 0.133021 0)
(-0.268914 0.125432 0)
(-0.272835 0.117746 0)
(-0.276488 0.109965 0)
(-0.279872 0.102093 0)
(-0.28299 0.0941359 0)
(-0.28584 0.086108 0)
(-0.288425 0.0780285 0)
(-0.290746 0.069919 0)
(-0.292805 0.061797 0)
(-0.294604 0.0536679 0)
(-0.296147 0.0455211 0)
(-0.297432 0.0373346 0)
(-0.29846 0.0290888 0)
(-0.299225 0.0207825 0)
(-0.299728 0.012444 0)
(-0.29999 0.00412593 0)
(0.299978 0.00879403 0)
(0.299459 0.0263763 0)
(0.29846 0.043927 0)
(0.296944 0.0613797 0)
(0.294908 0.0786667 0)
(0.292363 0.0957532 0)
(0.289314 0.112639 0)
(0.285762 0.129335 0)
(0.281708 0.14584 0)
(0.27715 0.162129 0)
(0.27209 0.178157 0)
(0.266529 0.193872 0)
(0.260472 0.209223 0)
(0.253925 0.224172 0)
(0.246893 0.238685 0)
(0.239385 0.252738 0)
(0.231409 0.266303 0)
(0.222975 0.27935 0)
(0.214094 0.291846 0)
(0.204778 0.303755 0)
(0.195041 0.315042 0)
(0.184898 0.325673 0)
(0.174372 0.335621 0)
(0.163491 0.344865 0)
(0.152308 0.353402 0)
(0.140909 0.361263 0)
(0.129449 0.368565 0)
(0.1182 0.375615 0)
(0.107574 0.383124 0)
(0.0980798 0.392435 0)
(0.0901295 0.405419 0)
(0.0836542 0.423628 0)
(0.0778617 0.447227 0)
(0.0715108 0.475027 0)
(0.0634596 0.505217 0)
(0.053028 0.53605 0)
(0.0399934 0.566121 0)
(0.0243841 0.594383 0)
(0.00633855 0.620073 0)
(-0.0138075 0.642638 0)
(-0.0359096 0.66172 0)
(-0.0599327 0.677038 0)
(-0.0856579 0.688397 0)
(-0.112882 0.695674 0)
(-0.141399 0.698799 0)
(-0.170978 0.697754 0)
(-0.201339 0.692561 0)
(-0.232104 0.683279 0)
(-0.262637 0.670002 0)
(-0.291883 0.652845 0)
(-0.317078 0.631981 0)
(-0.331466 0.607661 0)
(-0.328733 0.580159 0)
(-0.310787 0.549847 0)
(-0.285438 0.517298 0)
(-0.258805 0.48326 0)
(-0.23306 0.448594 0)
(-0.207677 0.414267 0)
(-0.183766 0.381142 0)
(-0.165742 0.35048 0)
(-0.154504 0.323825 0)
(-0.14586 0.302414 0)
(-0.139725 0.286518 0)
(-0.139509 0.275744 0)
(-0.143688 0.268471 0)
(-0.150038 0.262908 0)
(-0.157425 0.257936 0)
(-0.165231 0.253022 0)
(-0.17313 0.247945 0)
(-0.180956 0.242622 0)
(-0.188626 0.237026 0)
(-0.196097 0.231153 0)
(-0.203344 0.225009 0)
(-0.210354 0.218607 0)
(-0.217115 0.211962 0)
(-0.22362 0.205088 0)
(-0.229864 0.198002 0)
(-0.235842 0.190719 0)
(-0.241551 0.183254 0)
(-0.24699 0.175622 0)
(-0.252155 0.167836 0)
(-0.257047 0.159912 0)
(-0.261666 0.151864 0)
(-0.266013 0.143703 0)
(-0.270088 0.135441 0)
(-0.273893 0.127083 0)
(-0.27743 0.118632 0)
(-0.280701 0.110093 0)
(-0.283707 0.101473 0)
(-0.286451 0.0927846 0)
(-0.288934 0.0840497 0)
(-0.291161 0.0752906 0)
(-0.293132 0.0665253 0)
(-0.294853 0.057759 0)
(-0.296326 0.0489798 0)
(-0.297553 0.0401638 0)
(-0.298532 0.0312892 0)
(-0.299261 0.0223535 0)
(-0.299741 0.0133849 0)
(-0.29999 0.00443795 0)
(0.299979 0.00941935 0)
(0.299482 0.0282516 0)
(0.298526 0.0470523 0)
(0.297073 0.0657543 0)
(0.295121 0.0842886 0)
(0.292677 0.10262 0)
(0.289745 0.120751 0)
(0.286324 0.138694 0)
(0.282409 0.156449 0)
(0.277998 0.17399 0)
(0.273089 0.191271 0)
(0.26768 0.208236 0)
(0.261772 0.224831 0)
(0.255367 0.241016 0)
(0.248469 0.256755 0)
(0.241082 0.272021 0)
(0.233215 0.286788 0)
(0.224877 0.301025 0)
(0.216081 0.314701 0)
(0.206844 0.327786 0)
(0.197183 0.34025 0)
(0.187117 0.352064 0)
(0.176666 0.3632 0)
(0.165855 0.373633 0)
(0.154723 0.383347 0)
(0.143338 0.392356 0)
(0.13184 0.400755 0)
(0.120484 0.408839 0)
(0.109678 0.417318 0)
(0.0999495 0.42757 0)
(0.0917501 0.441565 0)
(0.0850683 0.460989 0)
(0.079146 0.486107 0)
(0.0727345 0.515746 0)
(0.0646583 0.548032 0)
(0.0542039 0.581113 0)
(0.041129 0.613467 0)
(0.025447 0.643942 0)
(0.00727657 0.671687 0)
(-0.0129946 0.69608 0)
(-0.0352174 0.716732 0)
(-0.0593942 0.733322 0)
(-0.0852872 0.745632 0)
(-0.112685 0.753524 0)
(-0.141379 0.756924 0)
(-0.171135 0.755809 0)
(-0.201677 0.7502 0)
(-0.232632 0.740161 0)
(-0.263365 0.725795 0)
(-0.29281 0.707221 0)
(-0.318161 0.68462 0)
(-0.332575 0.658251 0)
(-0.329743 0.628401 0)
(-0.31169 0.59548 0)
(-0.286285 0.560129 0)
(-0.259635 0.523179 0)
(-0.233875 0.485573 0)
(-0.20847 0.448385 0)
(-0.18463 0.412599 0)
(-0.16697 0.379576 0)
(-0.156033 0.351021 0)
(-0.14731 0.32819 0)
(-0.141137 0.31131 0)
(-0.141123 0.299803 0)
(-0.145509 0.291874 0)
(-0.152025 0.285663 0)
(-0.15954 0.280033 0)
(-0.167446 0.274449 0)
(-0.175424 0.268698 0)
(-0.183312 0.262697 0)
(-0.191026 0.256422 0)
(-0.198527 0.249867 0)
(-0.205787 0.24304 0)
(-0.212794 0.235951 0)
(-0.219534 0.228614 0)
(-0.226002 0.221045 0)
(-0.232191 0.21326 0)
(-0.238098 0.205277 0)
(-0.243721 0.19711 0)
(-0.24906 0.188776 0)
(-0.254114 0.180291 0)
(-0.258885 0.171669 0)
(-0.263375 0.162928 0)
(-0.267587 0.15408 0)
(-0.271523 0.145136 0)
(-0.275188 0.136103 0)
(-0.278584 0.126985 0)
(-0.281716 0.117784 0)
(-0.284586 0.108509 0)
(-0.287199 0.0991741 0)
(-0.289558 0.0898002 0)
(-0.291668 0.0804111 0)
(-0.293533 0.0710248 0)
(-0.295158 0.0616462 0)
(-0.296546 0.0522617 0)
(-0.2977 0.0428453 0)
(-0.298621 0.0333729 0)
(-0.299306 0.0238403 0)
(-0.299757 0.0142753 0)
(-0.299991 0.00473325 0)
(0.29998 0.0100136 0)
(0.299511 0.0300339 0)
(0.29861 0.0500245 0)
(0.29724 0.0699187 0)
(0.295396 0.0896478 0)
(0.293083 0.109178 0)
(0.290302 0.128513 0)
(0.287049 0.147668 0)
(0.283317 0.166645 0)
(0.279099 0.185417 0)
(0.27439 0.203934 0)
(0.269186 0.222136 0)
(0.263482 0.239967 0)
(0.257279 0.257377 0)
(0.250573 0.274327 0)
(0.243365 0.290779 0)
(0.235653 0.306694 0)
(0.227438 0.322029 0)
(0.218722 0.336736 0)
(0.209513 0.350765 0)
(0.199825 0.364076 0)
(0.189678 0.376632 0)
(0.179104 0.388408 0)
(0.168143 0.39939 0)
(0.156851 0.409574 0)
(0.145318 0.41899 0)
(0.133695 0.427749 0)
(0.122242 0.436168 0)
(0.11137 0.44501 0)
(0.101597 0.455777 0)
(0.093372 0.470651 0)
(0.0866804 0.49157 0)
(0.0807533 0.518885 0)
(0.0743244 0.551296 0)
(0.0661967 0.586677 0)
(0.0556434 0.622925 0)
(0.0424197 0.658334 0)
(0.0265355 0.691632 0)
(0.00811549 0.721905 0)
(-0.0123591 0.748488 0)
(-0.0347417 0.770968 0)
(-0.0590919 0.789017 0)
(-0.0851461 0.802416 0)
(-0.112684 0.811027 0)
(-0.141502 0.814781 0)
(-0.171379 0.813664 0)
(-0.202038 0.807708 0)
(-0.233108 0.796986 0)
(-0.263963 0.781608 0)
(-0.293546 0.761702 0)
(-0.319024 0.737453 0)
(-0.333471 0.709115 0)
(-0.330559 0.676962 0)
(-0.312404 0.641435 0)
(-0.28693 0.603227 0)
(-0.260274 0.563219 0)
(-0.234563 0.522447 0)
(-0.209184 0.482069 0)
(-0.185447 0.443138 0)
(-0.168073 0.407169 0)
(-0.157356 0.376082 0)
(-0.14864 0.351157 0)
(-0.142541 0.332934 0)
(-0.142838 0.320698 0)
(-0.147513 0.312377 0)
(-0.154261 0.305903 0)
(-0.161971 0.300025 0)
(-0.170051 0.294163 0)
(-0.178183 0.288082 0)
(-0.186202 0.281693 0)
(-0.194021 0.27497 0)
(-0.201593 0.267912 0)
(-0.208893 0.260529 0)
(-0.215905 0.252841 0)
(-0.222619 0.244869 0)
(-0.22903 0.236637 0)
(-0.235137 0.228168 0)
(-0.240941 0.219486 0)
(-0.246443 0.210613 0)
(-0.251645 0.201568 0)
(-0.256551 0.192373 0)
(-0.261164 0.183045 0)
(-0.265488 0.173603 0)
(-0.269529 0.164062 0)
(-0.273291 0.154434 0)
(-0.276779 0.144728 0)
(-0.280001 0.134946 0)
(-0.28296 0.125092 0)
(-0.285662 0.115176 0)
(-0.288114 0.105211 0)
(-0.290321 0.095219 0)
(-0.292289 0.0852241 0)
(-0.294023 0.0752444 0)
(-0.29553 0.0652838 0)
(-0.296815 0.0553273 0)
(-0.297881 0.0453461 0)
(-0.29873 0.0353137 0)
(-0.299361 0.0252241 0)
(-0.299776 0.0151036 0)
(-0.299992 0.00500802 0)
(0.299982 0.0105675 0)
(0.29955 0.0316961 0)
(0.298719 0.052799 0)
(0.297455 0.0738124 0)
(0.29575 0.09467 0)
(0.293605 0.115341 0)
(0.291015 0.135833 0)
(0.287973 0.156165 0)
(0.284466 0.17634 0)
(0.280483 0.196333 0)
(0.276014 0.216095 0)
(0.271049 0.235563 0)
(0.265581 0.254681 0)
(0.259604 0.273401 0)
(0.253118 0.291688 0)
(0.246126 0.309513 0)
(0.238635 0.326846 0)
(0.230649 0.343648 0)
(0.222175 0.359875 0)
(0.213211 0.375472 0)
(0.203759 0.390381 0)
(0.193819 0.404543 0)
(0.183398 0.417904 0)
(0.172517 0.43042 0)
(0.161215 0.442067 0)
(0.149569 0.45286 0)
(0.13772 0.462898 0)
(0.125928 0.472489 0)
(0.114604 0.482399 0)
(0.104292 0.494163 0)
(0.0954979 0.510073 0)
(0.0882959 0.532227 0)
(0.0819841 0.561085 0)
(0.0753017 0.595338 0)
(0.0670136 0.632772 0)
(0.0563447 0.671166 0)
(0.0430196 0.708707 0)
(0.0270382 0.744038 0)
(0.00849892 0.776172 0)
(-0.0120748 0.804366 0)
(-0.0345292 0.828182 0)
(-0.0589594 0.847258 0)
(-0.085084 0.86136 0)
(-0.112675 0.870351 0)
(-0.141525 0.874171 0)
(-0.171408 0.872818 0)
(-0.202058 0.86634 0)
(-0.233117 0.854826 0)
(-0.263979 0.838401 0)
(-0.293597 0.8172 0)
(-0.319135 0.791409 0)
(-0.333623 0.761266 0)
(-0.330696 0.727003 0)
(-0.312524 0.689065 0)
(-0.287121 0.648201 0)
(-0.260569 0.60538 0)
(-0.23491 0.561754 0)
(-0.209576 0.518618 0)
(-0.186009 0.47714 0)
(-0.169115 0.439021 0)
(-0.159015 0.406191 0)
(-0.150441 0.379773 0)
(-0.144403 0.360587 0)
(-0.145167 0.347585 0)
(-0.150318 0.338522 0)
(-0.157464 0.331255 0)
(-0.165488 0.32452 0)
(-0.173799 0.317745 0)
(-0.182083 0.310711 0)
(-0.190185 0.303346 0)
(-0.19803 0.295636 0)
(-0.205583 0.287593 0)
(-0.212831 0.279237 0)
(-0.219765 0.270595 0)
(-0.226385 0.261693 0)
(-0.232689 0.252557 0)
(-0.238677 0.243211 0)
(-0.244349 0.233678 0)
(-0.249706 0.223978 0)
(-0.25475 0.214131 0)
(-0.259484 0.204153 0)
(-0.263912 0.194063 0)
(-0.268042 0.183878 0)
(-0.271881 0.173614 0)
(-0.275435 0.163283 0)
(-0.278713 0.152892 0)
(-0.281724 0.142444 0)
(-0.284475 0.131943 0)
(-0.286975 0.121396 0)
(-0.289231 0.11082 0)
(-0.291253 0.100233 0)
(-0.293047 0.0896617 0)
(-0.294622 0.0791219 0)
(-0.295985 0.0686165 0)
(-0.297143 0.0581284 0)
(-0.298102 0.047626 0)
(-0.298863 0.03708 0)
(-0.299428 0.0264818 0)
(-0.299799 0.0158561 0)
(-0.299992 0.00525764 0)
(0.299984 0.011069 0)
(0.2996 0.0332019 0)
(0.298862 0.0553167 0)
(0.297737 0.0773543 0)
(0.296215 0.0992524 0)
(0.294291 0.120984 0)
(0.291956 0.14256 0)
(0.289196 0.164004 0)
(0.285994 0.185319 0)
(0.282332 0.206478 0)
(0.278192 0.227428 0)
(0.273556 0.2481 0)
(0.268406 0.268422 0)
(0.262723 0.288332 0)
(0.256486 0.307759 0)
(0.249675 0.326656 0)
(0.24228 0.344978 0)
(0.234309 0.362684 0)
(0.225779 0.379736 0)
(0.216712 0.396093 0)
(0.207131 0.411715 0)
(0.197057 0.426556 0)
(0.186509 0.440569 0)
(0.175512 0.453709 0)
(0.164105 0.465942 0)
(0.152361 0.477273 0)
(0.140424 0.487795 0)
(0.128554 0.497823 0)
(0.117172 0.508155 0)
(0.106832 0.520422 0)
(0.0980443 0.537107 0)
(0.0908706 0.56057 0)
(0.0845754 0.591432 0)
(0.07785 0.628327 0)
(0.0694177 0.668819 0)
(0.0584903 0.710432 0)
(0.044819 0.751136 0)
(0.0284398 0.78942 0)
(0.00940748 0.824204 0)
(-0.0116187 0.854728 0)
(-0.0344421 0.88045 0)
(-0.0592168 0.901027 0)
(-0.0855851 0.916242 0)
(-0.113284 0.925975 0)
(-0.142103 0.930181 0)
(-0.171827 0.928875 0)
(-0.202211 0.922127 0)
(-0.232931 0.910059 0)
(-0.263429 0.892831 0)
(-0.292726 0.870604 0)
(-0.318053 0.843565 0)
(-0.332487 0.811909 0)
(-0.329649 0.775766 0)
(-0.311668 0.735518 0)
(-0.286524 0.691929 0)
(-0.260277 0.646027 0)
(-0.234918 0.59903 0)
(-0.20981 0.552343 0)
(-0.18647 0.50727 0)
(-0.170157 0.46583 0)
(-0.161054 0.430247 0)
(-0.152668 0.401507 0)
(-0.14648 0.381047 0)
(-0.147591 0.367373 0)
(-0.153039 0.357922 0)
(-0.1604 0.350347 0)
(-0.168608 0.343295 0)
(-0.177094 0.336172 0)
(-0.185554 0.328753 0)
(-0.19383 0.320968 0)
(-0.201847 0.312807 0)
(-0.209561 0.304282 0)
(-0.216948 0.295415 0)
(-0.223993 0.28623 0)
(-0.230683 0.276751 0)
(-0.237008 0.267005 0)
(-0.242965 0.257016 0)
(-0.248551 0.246811 0)
(-0.253772 0.236413 0)
(-0.258637 0.22585 0)
(-0.26316 0.215147 0)
(-0.267356 0.204335 0)
(-0.271236 0.193437 0)
(-0.274814 0.182475 0)
(-0.278101 0.171461 0)
(-0.281111 0.160406 0)
(-0.283855 0.149315 0)
(-0.286344 0.138192 0)
(-0.28859 0.127045 0)
(-0.290603 0.115888 0)
(-0.292395 0.104744 0)
(-0.293975 0.0936354 0)
(-0.295354 0.0825792 0)
(-0.296541 0.0715761 0)
(-0.297545 0.0606067 0)
(-0.298371 0.0496367 0)
(-0.299026 0.0386335 0)
(-0.29951 0.0275858 0)
(-0.299828 0.0165158 0)
(-0.299993 0.0054764 0)
(0.299986 0.0115009 0)
(0.299666 0.0345019 0)
(0.299049 0.0575008 0)
(0.298101 0.0804482 0)
(0.296808 0.10329 0)
(0.295158 0.126006 0)
(0.293134 0.148615 0)
(0.290715 0.171146 0)
(0.287879 0.19361 0)
(0.284604 0.215987 0)
(0.280872 0.23823 0)
(0.276667 0.260283 0)
(0.271978 0.282095 0)
(0.266788 0.303617 0)
(0.261106 0.324854 0)
(0.254886 0.345698 0)
(0.248075 0.366047 0)
(0.240638 0.385809 0)
(0.232555 0.40491 0)
(0.223826 0.423284 0)
(0.214459 0.440874 0)
(0.204472 0.457627 0)
(0.193891 0.473491 0)
(0.182745 0.488415 0)
(0.171079 0.502357 0)
(0.158963 0.515307 0)
(0.146531 0.527335 0)
(0.134029 0.538732 0)
(0.121869 0.550282 0)
(0.110613 0.563656 0)
(0.100818 0.581501 0)
(0.0926393 0.60644 0)
(0.0854542 0.639275 0)
(0.0780032 0.678583 0)
(0.0689745 0.721717 0)
(0.0575317 0.76597 0)
(0.0434128 0.809132 0)
(0.0266724 0.849558 0)
(0.00745348 0.88608 0)
(-0.0137368 0.917927 0)
(-0.0366785 0.944479 0)
(-0.0613446 0.965411 0)
(-0.0874221 0.980518 0)
(-0.11468 0.98971 0)
(-0.14295 0.993017 0)
(-0.172046 0.99057 0)
(-0.201718 0.982557 0)
(-0.23164 0.969201 0)
(-0.261283 0.950761 0)
(-0.289748 0.927478 0)
(-0.314415 0.899568 0)
(-0.328541 0.867139 0)
(-0.325765 0.830101 0)
(-0.30808 0.788604 0)
(-0.283369 0.743284 0)
(-0.257626 0.695165 0)
(-0.232757 0.645567 0)
(-0.208102 0.596051 0)
(-0.185236 0.548115 0)
(-0.169697 0.503961 0)
(-0.162018 0.46609 0)
(-0.154139 0.435542 0)
(-0.148308 0.413733 0)
(-0.150588 0.399055 0)
(-0.157069 0.388688 0)
(-0.165307 0.38012 0)
(-0.17425 0.371969 0)
(-0.183326 0.363663 0)
(-0.192233 0.355003 0)
(-0.200822 0.345934 0)
(-0.209023 0.33646 0)
(-0.216801 0.326602 0)
(-0.224141 0.31639 0)
(-0.231038 0.305856 0)
(-0.237493 0.295035 0)
(-0.243513 0.283962 0)
(-0.249113 0.272674 0)
(-0.254308 0.26121 0)
(-0.259125 0.249616 0)
(-0.263594 0.237942 0)
(-0.267743 0.226231 0)
(-0.271573 0.214481 0)
(-0.275102 0.202711 0)
(-0.278336 0.190931 0)
(-0.28129 0.179151 0)
(-0.283973 0.167375 0)
(-0.286398 0.155605 0)
(-0.288577 0.143841 0)
(-0.290523 0.13209 0)
(-0.292249 0.120365 0)
(-0.293769 0.108685 0)
(-0.295095 0.0970725 0)
(-0.29624 0.0855415 0)
(-0.297216 0.0740902 0)
(-0.298033 0.0626957 0)
(-0.298701 0.0513199 0)
(-0.299226 0.0399264 0)
(-0.299612 0.0285003 0)
(-0.299864 0.0170605 0)
(-0.299995 0.00565681 0)
(0.299992 0.0118391 0)
(0.299769 0.0355213 0)
(0.299329 0.0592178 0)
(0.298638 0.0828924 0)
(0.297672 0.106501 0)
(0.296405 0.130032 0)
(0.294807 0.153505 0)
(0.292836 0.176946 0)
(0.290448 0.200356 0)
(0.287598 0.223697 0)
(0.284239 0.246896 0)
(0.280334 0.269858 0)
(0.27585 0.292485 0)
(0.270782 0.314698 0)
(0.265075 0.336332 0)
(0.258914 0.357792 0)
(0.252201 0.378913 0)
(0.244902 0.399551 0)
(0.236991 0.419583 0)
(0.228443 0.438904 0)
(0.219243 0.457431 0)
(0.209389 0.475098 0)
(0.198891 0.491846 0)
(0.18777 0.507622 0)
(0.176065 0.522382 0)
(0.163847 0.536108 0)
(0.151251 0.54886 0)
(0.138528 0.560913 0)
(0.12611 0.573039 0)
(0.114596 0.586939 0)
(0.104585 0.605385 0)
(0.0962386 0.631246 0)
(0.0888922 0.665527 0)
(0.081201 0.706784 0)
(0.0717821 0.752193 0)
(0.0597876 0.798837 0)
(0.044971 0.844328 0)
(0.0274187 0.886898 0)
(0.00736839 0.925295 0)
(-0.0146466 0.958691 0)
(-0.0383673 0.986447 0)
(-0.063685 1.00824 0)
(-0.0902409 1.02394 0)
(-0.117716 1.03363 0)
(-0.145796 1.03746 0)
(-0.174151 1.03524 0)
(-0.202491 1.02707 0)
(-0.230523 1.01327 0)
(-0.257833 0.994236 0)
(-0.283794 0.970396 0)
(-0.306316 0.942127 0)
(-0.31938 0.909508 0)
(-0.316962 0.872024 0)
(-0.300738 0.829378 0)
(-0.278002 0.782335 0)
(-0.254338 0.731748 0)
(-0.231362 0.67911 0)
(-0.208222 0.626184 0)
(-0.18648 0.574654 0)
(-0.171876 0.527303 0)
(-0.165218 0.48717 0)
(-0.157737 0.45493 0)
(-0.152117 0.432228 0)
(-0.154859 0.416979 0)
(-0.161709 0.406146 0)
(-0.170247 0.397082 0)
(-0.179413 0.388381 0)
(-0.188636 0.379481 0)
(-0.197625 0.370194 0)
(-0.206239 0.360477 0)
(-0.214416 0.35034 0)
(-0.222132 0.339808 0)
(-0.22938 0.328919 0)
(-0.236167 0.317712 0)
(-0.242507 0.306233 0)
(-0.248419 0.294532 0)
(-0.253926 0.282666 0)
(-0.259049 0.270693 0)
(-0.263814 0.258676 0)
(-0.268286 0.246679 0)
(-0.272353 0.234513 0)
(-0.276059 0.222264 0)
(-0.279401 0.209956 0)
(-0.2824 0.197621 0)
(-0.285072 0.185279 0)
(-0.28744 0.172946 0)
(-0.289526 0.160631 0)
(-0.291353 0.148341 0)
(-0.292944 0.136088 0)
(-0.294319 0.123888 0)
(-0.295501 0.111762 0)
(-0.296508 0.0997337 0)
(-0.297358 0.0878153 0)
(-0.298068 0.0760037 0)
(-0.298651 0.0642733 0)
(-0.299119 0.0525826 0)
(-0.299481 0.0408913 0)
(-0.299743 0.0291806 0)
(-0.299911 0.017465 0)
(-0.299997 0.00579069 0)
(0.299994 0.0121047 0)
(0.299873 0.0363224 0)
(0.299642 0.060589 0)
(0.299277 0.0848995 0)
(0.298756 0.109242 0)
(0.298055 0.133633 0)
(0.297141 0.158124 0)
(0.295975 0.182772 0)
(0.29451 0.207606 0)
(0.292694 0.232615 0)
(0.290466 0.257748 0)
(0.287763 0.282929 0)
(0.284511 0.308071 0)
(0.280638 0.333087 0)
(0.276079 0.35791 0)
(0.270701 0.382202 0)
(0.264623 0.406074 0)
(0.257861 0.429525 0)
(0.250388 0.452483 0)
(0.242172 0.474836 0)
(0.233187 0.496463 0)
(0.223421 0.51725 0)
(0.21287 0.537097 0)
(0.201544 0.555921 0)
(0.189466 0.573656 0)
(0.176686 0.590265 0)
(0.163301 0.605785 0)
(0.149516 0.620449 0)
(0.135717 0.634983 0)
(0.1225 0.651085 0)
(0.110557 0.671712 0)
(0.100217 0.700139 0)
(0.0909579 0.737689 0)
(0.081476 0.782781 0)
(0.0703976 0.832196 0)
(0.0568989 0.882631 0)
(0.0407441 0.931417 0)
(0.0220496 0.976594 0)
(0.00113054 1.01679 0)
(-0.0216057 1.05108 0)
(-0.0458835 1.07878 0)
(-0.0714357 1.09956 0)
(-0.0979016 1.11322 0)
(-0.124891 1.11965 0)
(-0.151969 1.1189 0)
(-0.178767 1.11154 0)
(-0.204994 1.09818 0)
(-0.230375 1.07967 0)
(-0.254529 1.05706 0)
(-0.276912 1.03169 0)
(-0.295866 1.00507 0)
(-0.306498 0.977884 0)
(-0.303705 0.947843 0)
(-0.288789 0.911138 0)
(-0.268038 0.866329 0)
(-0.246309 0.815278 0)
(-0.225181 0.760541 0)
(-0.203893 0.704328 0)
(-0.18373 0.647723 0)
(-0.170232 0.594111 0)
(-0.165208 0.549203 0)
(-0.159104 0.514946 0)
(-0.155655 0.48829 0)
(-0.161318 0.469597 0)
(-0.170501 0.455758 0)
(-0.180879 0.443801 0)
(-0.191419 0.432267 0)
(-0.201618 0.420607 0)
(-0.211259 0.40864 0)
(-0.220272 0.396325 0)
(-0.228645 0.383672 0)
(-0.236391 0.370716 0)
(-0.243534 0.357502 0)
(-0.250103 0.344081 0)
(-0.256131 0.330506 0)
(-0.261649 0.316824 0)
(-0.266687 0.303071 0)
(-0.271265 0.289264 0)
(-0.275377 0.275393 0)
(-0.278961 0.261407 0)
(-0.282119 0.247479 0)
(-0.284879 0.233622 0)
(-0.287286 0.219861 0)
(-0.289375 0.206218 0)
(-0.291182 0.192705 0)
(-0.292737 0.179329 0)
(-0.294069 0.166088 0)
(-0.295204 0.152982 0)
(-0.296164 0.140013 0)
(-0.296973 0.127187 0)
(-0.297648 0.114518 0)
(-0.298208 0.102018 0)
(-0.298669 0.0896918 0)
(-0.299043 0.0775273 0)
(-0.299342 0.06549 0)
(-0.299576 0.0535306 0)
(-0.299752 0.0416009 0)
(-0.299877 0.0296741 0)
(-0.299957 0.0177569 0)
(-0.299998 0.0058879 0)
)
;

boundaryField
{
    fuel
    {
        type            fixedValue;
        value           uniform (0.3 0 0);
    }
    air
    {
        type            fixedValue;
        value           uniform (-0.3 0 0);
    }
    outlet
    {
        type            pressureInletOutletVelocity;
        value           nonuniform List<vector> 
200
(
(0.299994 -0.0121048 0)
(0.299873 -0.0363231 0)
(0.299642 -0.0605904 0)
(0.299277 -0.0849015 0)
(0.298756 -0.109244 0)
(0.298055 -0.133636 0)
(0.297141 -0.158128 0)
(0.295975 -0.182776 0)
(0.29451 -0.207611 0)
(0.292693 -0.23262 0)
(0.290465 -0.257754 0)
(0.287761 -0.282936 0)
(0.284509 -0.308079 0)
(0.280636 -0.333096 0)
(0.276077 -0.35792 0)
(0.270697 -0.382213 0)
(0.264619 -0.406086 0)
(0.257856 -0.429537 0)
(0.250382 -0.452495 0)
(0.242165 -0.474849 0)
(0.233179 -0.496476 0)
(0.223411 -0.517263 0)
(0.212859 -0.53711 0)
(0.201532 -0.555934 0)
(0.189453 -0.573668 0)
(0.176671 -0.590277 0)
(0.163285 -0.605796 0)
(0.1495 -0.62046 0)
(0.135699 -0.634994 0)
(0.122483 -0.651099 0)
(0.11054 -0.671731 0)
(0.1002 -0.700167 0)
(0.0909403 -0.737725 0)
(0.0814566 -0.782824 0)
(0.070375 -0.832244 0)
(0.0568719 -0.882679 0)
(0.0407123 -0.931464 0)
(0.0220154 -0.976637 0)
(0.00109508 -1.01683 0)
(-0.021644 -1.05112 0)
(-0.0459249 -1.07881 0)
(-0.0714792 -1.09958 0)
(-0.0979464 -1.11324 0)
(-0.124936 -1.11966 0)
(-0.152014 -1.1189 0)
(-0.178811 -1.11154 0)
(-0.205037 -1.09818 0)
(-0.230418 -1.07966 0)
(-0.25457 -1.05706 0)
(-0.276951 -1.03169 0)
(-0.295911 -1.00507 0)
(-0.306572 -0.977889 0)
(-0.303811 -0.947871 0)
(-0.2889 -0.911199 0)
(-0.268129 -0.866419 0)
(-0.246374 -0.815383 0)
(-0.225226 -0.76065 0)
(-0.203924 -0.704436 0)
(-0.183738 -0.647825 0)
(-0.170211 -0.594197 0)
(-0.165185 -0.549267 0)
(-0.159089 -0.514991 0)
(-0.155628 -0.488325 0)
(-0.161284 -0.469624 0)
(-0.170468 -0.455781 0)
(-0.180848 -0.443823 0)
(-0.191391 -0.432289 0)
(-0.201592 -0.420628 0)
(-0.211236 -0.408661 0)
(-0.220251 -0.396346 0)
(-0.228626 -0.383694 0)
(-0.236374 -0.370738 0)
(-0.243519 -0.357523 0)
(-0.25009 -0.344102 0)
(-0.256119 -0.330526 0)
(-0.261639 -0.316843 0)
(-0.266678 -0.30309 0)
(-0.271257 -0.289282 0)
(-0.275371 -0.27541 0)
(-0.278956 -0.261425 0)
(-0.282114 -0.247495 0)
(-0.284876 -0.233637 0)
(-0.287283 -0.219875 0)
(-0.289373 -0.206231 0)
(-0.291181 -0.192717 0)
(-0.292736 -0.179339 0)
(-0.294068 -0.166097 0)
(-0.295203 -0.15299 0)
(-0.296164 -0.14002 0)
(-0.296972 -0.127193 0)
(-0.297648 -0.114523 0)
(-0.298208 -0.102022 0)
(-0.298668 -0.0896956 0)
(-0.299042 -0.0775305 0)
(-0.299341 -0.065493 0)
(-0.299576 -0.0535333 0)
(-0.299752 -0.0416033 0)
(-0.299877 -0.0296762 0)
(-0.299957 -0.0177584 0)
(-0.299998 -0.00588836 0)
(0.299994 0.0121047 0)
(0.299873 0.0363224 0)
(0.299642 0.060589 0)
(0.299277 0.0848995 0)
(0.298756 0.109242 0)
(0.298055 0.133633 0)
(0.297141 0.158124 0)
(0.295975 0.182772 0)
(0.29451 0.207606 0)
(0.292694 0.232615 0)
(0.290466 0.257748 0)
(0.287763 0.282929 0)
(0.284511 0.308071 0)
(0.280638 0.333087 0)
(0.276079 0.35791 0)
(0.270701 0.382202 0)
(0.264623 0.406074 0)
(0.257861 0.429525 0)
(0.250388 0.452483 0)
(0.242172 0.474836 0)
(0.233187 0.496463 0)
(0.223421 0.51725 0)
(0.21287 0.537097 0)
(0.201544 0.555921 0)
(0.189466 0.573656 0)
(0.176686 0.590265 0)
(0.163301 0.605785 0)
(0.149516 0.620449 0)
(0.135717 0.634983 0)
(0.1225 0.651085 0)
(0.110557 0.671712 0)
(0.100217 0.700139 0)
(0.0909579 0.737689 0)
(0.081476 0.782781 0)
(0.0703976 0.832196 0)
(0.0568989 0.882631 0)
(0.0407441 0.931417 0)
(0.0220496 0.976594 0)
(0.00113054 1.01679 0)
(-0.0216057 1.05108 0)
(-0.0458835 1.07878 0)
(-0.0714357 1.09956 0)
(-0.0979016 1.11322 0)
(-0.124891 1.11965 0)
(-0.151969 1.1189 0)
(-0.178767 1.11154 0)
(-0.204994 1.09818 0)
(-0.230375 1.07967 0)
(-0.254529 1.05706 0)
(-0.276912 1.03169 0)
(-0.295866 1.00507 0)
(-0.306498 0.977884 0)
(-0.303705 0.947843 0)
(-0.288789 0.911138 0)
(-0.268038 0.866329 0)
(-0.246309 0.815278 0)
(-0.225181 0.760541 0)
(-0.203893 0.704328 0)
(-0.18373 0.647723 0)
(-0.170232 0.594111 0)
(-0.165208 0.549203 0)
(-0.159104 0.514946 0)
(-0.155655 0.48829 0)
(-0.161318 0.469597 0)
(-0.170501 0.455758 0)
(-0.180879 0.443801 0)
(-0.191419 0.432267 0)
(-0.201618 0.420607 0)
(-0.211259 0.40864 0)
(-0.220272 0.396325 0)
(-0.228645 0.383672 0)
(-0.236391 0.370716 0)
(-0.243534 0.357502 0)
(-0.250103 0.344081 0)
(-0.256131 0.330506 0)
(-0.261649 0.316824 0)
(-0.266687 0.303071 0)
(-0.271265 0.289264 0)
(-0.275377 0.275393 0)
(-0.278961 0.261407 0)
(-0.282119 0.247479 0)
(-0.284879 0.233622 0)
(-0.287286 0.219861 0)
(-0.289375 0.206218 0)
(-0.291182 0.192705 0)
(-0.292737 0.179329 0)
(-0.294069 0.166088 0)
(-0.295204 0.152982 0)
(-0.296164 0.140013 0)
(-0.296973 0.127187 0)
(-0.297648 0.114518 0)
(-0.298208 0.102018 0)
(-0.298669 0.0896918 0)
(-0.299043 0.0775273 0)
(-0.299342 0.06549 0)
(-0.299576 0.0535306 0)
(-0.299752 0.0416009 0)
(-0.299877 0.0296741 0)
(-0.299957 0.0177569 0)
(-0.299998 0.0058879 0)
)
;
    }
    frontAndBack
    {
        type            empty;
    }
}


// ************************************************************************* //
